26.0301
25.9628
26.118
26.3429
26.35
26.4201
26.3419
26.3388
26.3879
26.4471
26.408
26.4089
26.3329
26.403
26.4089
26.4351
26.4139
26.3369
26.4089
26.396
26.4499
26.4068
26.4089
26.4111
26.423
26.401
26.397
26.418
26.417
26.4211
26.4759
26.4151
26.4339
26.406
26.4058
26.4881
26.4161
26.4091
26.4051
26.4778
26.4261
26.485
26.413
26.495
26.4199
26.4111
26.4158
26.48
26.475
26.413
26.4878
26.4089
26.4821
26.402
26.4349
26.417
26.4232
26.489
26.4151
26.4871
26.4199
26.4649
26.4721
26.4132
26.475
26.406
26.4752
26.4192
26.51
26.4108
26.4969
26.413
26.479
26.4142
26.4919
26.4208
26.4969
26.479
26.412
26.4919
26.4239
26.479
26.3989
26.4869
26.4869
26.4869
26.494
26.489
26.485
26.4039
26.4909
26.4082
26.499
26.417
26.4809
26.499
26.5
26.423
26.4759
26.4108
26.484
26.5081
26.5169
26.408
26.4921
26.4969
26.423
26.48
26.427
26.5129
26.4978
26.5079
26.4411
26.5019
26.418
26.4919
26.4211
26.494
26.4258
26.5
26.5121
26.407
26.4809
26.4959
26.48
26.407
26.4978
26.4139
26.485
26.4809
26.4819
26.4912
26.4862
26.407
26.4962
26.5028
26.479
26.4931
26.4888
26.422
26.484
26.4931
26.49
26.417
26.5069
26.484
26.4862
26.4969
26.509
26.4809
26.4809
26.4938
26.422
26.489
26.4881
26.4771
26.489
26.4862
26.4771
26.4831
26.4111
26.48
26.49
26.479
26.5028
26.484
26.505
26.4919
26.4959
26.515
26.5138
26.4859
26.4931
26.4921
26.489
26.49
26.4881
26.5069
26.4921
26.4881
26.504
26.479
26.427
26.4981
26.515
26.5071
26.4819
26.49
26.4869
26.5
26.4969
26.5241
26.495
26.4852
26.485
26.4928
26.5222
26.4878
26.4959
26.4978
26.5021
26.4912
26.5081
26.5
26.4981
26.504
26.499
26.5069
26.5169
26.5009
26.494
26.489
26.489
26.494
26.4981
26.5181
26.499
26.4869
26.5188
26.495
26.494
26.5059
26.4921
26.4881
26.4881
26.4871
26.5021
26.484
26.4809
26.4919
26.48
26.5071
26.5059
26.509
26.4988
26.495
26.5009
26.489
26.4828
26.4969
26.4981
26.505
26.495
26.505
26.5138
26.5059
26.4852
26.474
26.489
26.4919
26.495
26.4959
26.5031
26.4938
26.4921
26.4909
26.4862
26.4909
26.5009
26.495
26.4959
26.5019
26.4909
26.5
26.4959
26.5031
26.5002
26.499
26.535
26.5141
26.489
26.4981
26.5009
26.4959
26.5169
26.499
26.5219
26.5028
26.4912
26.4962
26.4881
26.5012
26.4909
26.4931
26.49
26.4869
26.505
26.516
26.515
26.5129
26.516
26.4931
26.4862
26.4978
26.495
26.495
26.4978
26.5009
26.5112
26.494
26.4859
26.515
26.4869
26.4778
26.4869
26.4859
26.489
26.5138
26.51
26.5
26.4959
26.4969
26.4931
26.521
26.49
26.4921
26.5019
26.494
26.511
26.4919
26.5191
26.51
26.4981
26.5021
26.499
26.515
26.557
26.489
26.4919
26.5138
26.509
26.5028
26.516
26.4859
26.5241
26.49
26.53
26.4819
26.484
26.516
26.4912
26.484
26.484
26.49
26.5
26.495
26.494
26.49
26.4881
26.4881
26.5539
26.485
26.484
26.4959
26.5329
26.4909
26.489
26.4881
26.4971
26.4978
26.504
26.495
26.505
26.49
26.484
26.5071
26.499
26.5028
26.4931
26.4902
26.4931
26.4878
26.5849
26.4909
26.4952
26.4912
26.5269
26.494
26.4828
26.4909
26.4931
26.489
26.505
26.5028
26.4878
26.4859
26.5
26.485
26.572
26.495
26.5081
26.4881
26.4871
26.4931
26.494
26.4821
26.4831
26.499
26.4959
26.49
26.5119
26.4978
26.504
26.5059
26.5021
26.4931
26.505
26.4859
26.5141
26.499
26.4928
26.509
26.5071
26.4921
26.541
26.49
26.5079
26.4878
26.5119
26.5079
26.4881
26.5231
26.4912
26.509
26.4959
26.5071
26.4909
26.5059
26.489
26.5
26.5081
26.5532
26.489
26.5
26.485
26.516
26.495
26.4871
26.4959
26.4931
26.4978
26.4831
26.516
26.5689
26.5119
26.571
26.515
26.4869
26.5031
26.4981
26.5038
26.509
26.4921
26.567
26.4778
26.495
26.5031
26.4988
26.499
26.4971
26.495
26.4971
26.4981
26.495
26.4871
26.5272
26.5021
26.52
26.4921
26.4981
26.5069
26.5019
26.504
26.5002
26.4971
26.562
26.499
26.5729
26.4869
26.499
26.4969
26.5
26.5129
26.5732
26.581
26.4981
26.5582
26.5059
26.484
26.4959
26.561
26.49
26.504
26.495
26.6092
26.515
26.4919
26.48
26.4928
26.505
