0.11331473229676088110284837284780
0.11355607598511102684923912420345
0.11379793369996708818359110182428
0.11404030653612971801802444815621
0.11428319559073146782779417662823
0.11452660196324161712144729108331
0.11477052675547101678876771302384
0.11501497107157739041571886673410
0.11525993601806999722114710493770
0.11550542270381490561614867829121
0.11575143224003990594095370170180
0.11599796574033942320181012064495
0.11624502432067980450813848847247
0.11649260909940421793162812491573
0.11674072119723763463206012147566
0.11698936173729217180561334998856
0.11723853184507183888829473517035
0.11748823264847790825982087881130
0.11773846527781395288059229642386
0.11798923086579077290636519137479
0.11824053054753180802549650252331
0.11849236546057814734034252523998
0.11874473674489355312644534024002
0.11899764554286988704756566903598
0.11925109299933200901477903244086
0.11950508026154317564593299039188
0.11975960847921014729156041767055
0.12001467880448830893858058743717
0.12027029239198704091418079542564
0.12052645039877489530066867473579
0.12078315398438467520580985592460
0.12104040431081899975573890060332
0.12129820254255520295405545994072
0.12155654984655091255252301607470
0.12181544739224918483255777346130
0.12207489635158375040902001273935
0.12233489789898444044524694618303
0.12259545321138248796799530282442
0.12285656346821570428229364324579
0.12311822985143403008656548536237
0.12338045354550471188748161921467
0.12364323573741778372614419367892
0.12390657761669143788196834066184
0.12417048037537721516532229770746
0.12443494520806569481052861192438
0.12469997331189175415744330166490
0.12496556588653985608861063383301
0.12523172413424979443341555906954
0.12549844925982175936063356402883
0.12576574247062216604930995345057
0.12603360497658888661476339621004
0.12630203799023670407919439639954
0.12657104272666297450911088162684
0.12684062040355303935257325065322
0.12711077224118563777643942103168
0.12738149946243862431494164866308
0.12765280329279427018462911291863
0.12792468496034511971082281434064
0.12819714569579926388698254413612
0.12847018673248597475655685684615
0.12874380930636145081713550553104
0.12901801465601428486884572066629
0.12929280402267093186274848903849
0.12956817865020170410517152959073
0.12984413978512593379477380040043
0.13012068867661805149360532141145
0.13039782657651297070877660644328
0.13067555473931177778545986711833
0.13095387442218756057776829493378
0.13123278688499095956387918704422
0.13151229339025582998345953456010
0.13179239520320520928642338276404
0.13207309359175667395902564749122
0.13235438982652844575049755349028
0.13263628518084491503259414457716
0.13291878093074241395932233444910
0.13320187835497510064897142001428
0.13348557873502076009941674783477
0.13376988335508632754766722428030
0.13405479350211418898553006329166
0.13434031046578742696340214024531
0.13462643553853617661708597097459
0.13491317001554326004963968443917
0.13520051519474987622437822665233
0.13548847237686179045823564592865
0.13577704286535507982591752806911
0.13606622796648193407520466280403
0.13635602898927678960916409778292
0.13664644724556201937915034250182
0.13693748404995403911144080666418
0.13722914071986927475599316039734
0.13752141857552990789059776943759
0.13781431893997009296981559600681
0.13810784313904186926258432777104
0.13840199250142104503424889117014
0.13869676835861347030665058355225
0.13899217204496072675112827710109
0.13928820489764642820418316659925
0.13958486825670229913853859216033
0.13988216346501394782286809004290
0.14018009186832722234861137167172
0.14047865481525426134545853074087
0.14077785365727940591895617217233
0.14107768974876563894405023802392
0.14137816444696035822481405830331
0.14167927911200184354356679250486
0.14198103510692519635405517419713
0.14228343379766858478596702752839
0.14258647655307943313829355247435
0.14289016474492069463941845697263
0.14319449974787673562914847025240
0.14349948293956010791916355628928
0.14380511570051718317486688647477
0.14411139941423492527583505307121
0.14441833546714683000899981379916
0.14472592524863922558431283960090
0.14503417015105773968386415617715
0.14534307156971346119966881360597
0.14565263090288921299375601847714
0.14596284955184610221401442231581
0.14627372892082951549852509742777
0.14658527041707580806928490346763
0.14689747545081860424787123520218
0.14721034543529493143765307650028
0.14752388178675193697308998252993
0.14783808592445316087982121189270
0.14815295927068489190148170564498
0.14846850325076280108227422260825
0.14878471929303807574918039335898
0.14910160882890427513913778057031
0.14941917329280357540355339551752
0.14973741412223318114627090835711
0.15005633275775209778402086158167
0.15037593064298748757323664904106
0.15069620922464108114802172622149
0.15101716995249606090290228621598
0.15133881427942338926406762311672
0.15166114366138830349406418918079
0.15198415955745719907454827080073
0.15230786342980393022195073626790
0.15263225674371663775907848048519
0.15295734096760441045326217590627
0.15328311757300355777644540467008
0.15360958803458479859926910648937
0.15393675383015961721788755767193
0.15426461644068692469211612205982
0.15459317735028002549491077388666
0.15492243804621294578360846116993
0.15525240001892759433843593797064
0.15558306476204022961162820593017
0.15591443377234820433230311209627
0.15624650854983695991151648740924
0.15657929059768666002483428201231
0.15691278142227887970605593181972
0.15724698253320382179687442203431
0.15758189544326661746254103491083
0.15791752166849462590825226016022
0.15825386272814415122844877714670
0.15859092014470710374496320582693
0.15892869544391821645668017026765
0.15926719015476187291113774335827
0.15960640580947876854267519775021
0.15994634394357323814439553189004
0.16028700609581986169516198970086
0.16062839380827068080925812409987
0.16097050862626208211914047296887
0.16131335209842173616934246638266
0.16165692577667567508825641198200
0.16200123121625539801549109597545
0.16234626997570464346232199659426
0.16269204361688677229480504138337
0.16303855370499156784980243628524
0.16338580180854253565136957604409
0.16373378949940392557138579832099
0.16408251835278764296788267529337
0.16443198994726077044603584909055
0.16478220586475242348534209213540
0.16513316769056093913370375503291
0.16548487701336120347939129260340
0.16583733542521164605609840236866
0.16619054452156167833720701310085
0.16654450590125866038526680767973
0.16689922116655531159068459601258
0.16725469192311689936580876292282
0.16761091978002859437246740981209
0.16796790634980254819375034003315
0.16832565324838544285057650995441
0.16868416209516559622905162996176
0.16904343451298045608588438426523
0.16940347212812392752034895693214
0.16976427657035347840164263288898
0.17012584947289788317448255838826
0.17048819247246452257549265141279
0.17085130720924646130498558704858
0.17121519532693041387716448298306
0.17157985847270365575845119110454
0.17194529829726196146211236737145
0.17231151645481676548676830407203
0.17267851460310257305508230274427
0.17304629440338478718608428152947
0.17341485752046711943386014809221
0.17378420562269886184836309439561
0.17415434038198282507003966657066
0.17452526347378255477948982843373
0.17489697657713026979209303135576
0.17526948137463424504112197155337
0.17564277955248625007200757863757
0.17601687280046970918157001051441
0.17639176281196686235652748564462
0.17676745128396656459024427476834
0.17714393991707214071062992388761
0.17752123041550882387440424281522
0.17789932448713169366172337504395
0.17827822384343328110389848006889
0.17865793019955125697784126259648
0.17903844527427639765626565804268
0.17941977079006030115770897737093
0.17980190847302290890752374252770
0.18018486005296077689941114385874
0.18056862726335445867853479740006
0.18095321184137677650305420229415
0.18133861552790039861626780748338
0.18172484006750569407451223469252
0.18211188720848883737524204207148
0.18249975870286969104050456280675
0.18288845630639941064465858744370
0.18327798177856891026493713070522
0.18366833688261635648686365129834
0.18405952338553549507693674058828
0.18445154305808350581052934558102
0.18484439767478885729978799190576
0.18523808901395968917746870374685
0.18563261885769163916926061119739
0.18602798899187578118841202012845
0.18642420120620717405302002589451
0.18682125729419232773587111751112
0.18721915905315786310403325387597
0.18761790828425850552463316489593
0.18801750679248493969275557446963
0.18841795638667238610430842982169
0.18881925887950865017295143388765
0.18922141608754208808029773081216
0.18962442983119029427108159779891
0.19002830193474784525875520557747
0.19043303422639495936508069462434
0.19083862853820562910378555443458
0.19124508670615569805306677153567
0.19165241057013157610633413696632
0.19206060197393828858913877866144
0.19246966276530783068743346575502
0.19287959479590771616486222228559
0.19329039992134910974641570646781
0.19370208000119540359129644002678
0.19411463689897071049905719064554
0.19452807248216791302652950435004
0.19494238862225762853874755364814
0.19535758719469634159260351680132
0.19577367007893486938741034464329
0.19619063915842716028237191494554
0.19660849632063859271369210546254
0.19702724345705446840071317637921
0.19744688246318883861896154030546
0.19786741523859271985052998843457
0.19828884368686305883500153868226
0.19871116971565117026443658687640
0.19913439523667125774508690483344
0.19955852216570929558159264161077
0.19998355242263168851657439972769
0.20040948793139362615889353946841
0.20083633062004829783475656768132
0.20126408242075513599367297956633
0.20169274526978894779283280058735
0.20212232110754854708112304706447
0.20255281187856527536084172425035
0.20298421953151229990552906201629
0.20341654601921313472168151292863
0.20384979329865032804391944409872
0.20428396333097476045281837286893
0.20471905808151402705874488674453
0.20515507951978179113083911033755
0.20559202961948647159218239721667
0.20602991035854001378169186864397
0.20646872371906721532752726488980
0.20690847168741446915340986834053
0.20734915625415864526281950475095
0.20779077941411655539027947270370
0.20823334316635327967404123228334
0.20867684951419190886312549082504
0.20912130046522231507921674165118
0.20956669803131000584528464969480
0.21001304422860569975917144347477
0.21046034107755418052221330071916
0.21090859060290331750131542776217
0.21135779483371364140253945151926
0.21180795580336700401069549570821
0.21225907554957629264080765096878
0.21271115611439442294461343863077
0.21316419954422335947263889011083
0.21361820788982380237008840140334
0.21407318320632429120564665936399
0.21452912755323025328912933673564
0.21498604299443385690082664041256
0.21544393159822280980897346580605
0.21590279543729007372121486696415
0.21636263658874324566916413914441
0.21682345713411360632605351383972
0.21728525915936600099165332267148
0.21774804475490808219895200181782
0.21821181601559952456526048081287
0.21867657504076204455500942458457
0.21914232393418836553067308159370
0.21960906480415212649326406335604
0.22007679976341729122246704264398
0.22054553092924750190562122043048
0.22101526042341609890051756792673
0.22148599037221541885323006226827
0.22195772290646634261612746286119
0.22243046016152831501067055341991
0.22290420427730855967851653076650
0.22337895739827215435546747812623
0.22385472167345155103390652584494
0.22433149925645617939196085899312
0.22480929230548252206745019066148
0.22528810298332366257589853830723
0.22576793345737894425084846261598
0.22624878589966423980683885019971
0.22673066248682122170166053365392
0.22721356540012763169933407425560
0.22769749682550707858830207896972
0.22818245895353864161059220805328
0.22866845397946719553594618901116
0.22915548410321323613558774923149
0.22964355152938242810023439233191
0.23013265846727634644786064654909
0.23062280713090166361922683790908
0.23111399973898080761891549173015
0.23160623851496175973352364962921
0.23209952568702793551658203341503
0.23259386348810862088498652155977
0.23308925415588893637064415997884
0.23358569993281969034981671029527
0.23408320306612814820645951385814
0.23458176580782744147235518994421
0.23508139041472747576833057792101
0.23558207914844478403360028551106
0.23608383427541257404413954645861
0.23658665806689146982044746891916
0.23709055279897953139034427749721
0.23759552075262235781849540217081
0.23810156421362393963647718919674
0.23860868547265637329424237123021
0.23911688682527074134576139385899
0.23962617057190740976757581393031
0.24013653901790601996601992595970
0.24064799447351650774074016680970
0.24116053925390931733652166713000
0.24167417567918561549511480279762
0.24218890607438833817433021522447
0.24270473276951218255526043776626
0.24322165809951454273907245351438
0.24373968440432591808786355613847
0.24425881402886040483224405761575
0.24477904932302649299025176787836
0.24530039264173775226396401194506
0.24582284634492307384689979699033
0.24634641279753799469887098894105
0.24687109436957471730877955451433
0.24739689343607343396946873781417
0.24792381237713284614088138368970
0.24845185357792062830206702983560
0.24898101942868477998160869901767
0.24951131232476414512078122243111
0.25004273466659909797016325683217
0.25057528885974278409776161424816
0.25110897731487186179677451036696
0.25164380244779710471547673478199
0.25217976667947489266552452136239
0.25271687243601781425184071849799
0.25325512214870560256940734689124
0.25379451825399640396696554489608
0.25433506319353749169920320127858
0.25487675941417670122390859432926
0.25541960936797319936530925588158
0.25596361551220858654431822287734
0.25650878030939816554223398270551
0.25705510622730215475328918728337
0.25760259573893656837029197959055
0.25815125132258465168177963278140
0.25870107546180809432456726426608
0.25925207064545813251399408727593
0.25980423936768687331877458746021
0.26035758412795856342469846822496
0.26091210743106107994293552110321
0.26146781178711708815143310857820
0.26202469971159531025861610942229
0.26258277372532218274514548284060
0.26314203635449306961646698255208
0.26370249013068386423341848967539
0.26426413759086220256477872680989
0.26482698127739906501787459092156
0.26539102373808054480264218000229
0.26595626752611889465072181337746
0.26652271520016446171297275213874
0.26709036932431706734547560699866
0.26765923246813777547359336494992
0.26822930720666038340027625963558
0.26880059612040313465897156675055
0.26937310179538032084423093692749
0.26994682682311427202037634742737
0.27052177380064662548520004747843
0.27109794533055053822323543499806
0.27167534402094212220291069570521
0.27225397248549249029636598606885
0.27283383334343952464351445996726
0.27341492921959947848264960157394
0.27399726274437929962601856459514
0.27458083655378823229042950515577
0.27516565328944991852821999600565
0.27575171559861405556901559066318
0.27633902613416877480645439391083
0.27692758755465252118455055097002
0.27751740252426576605060404290271
0.27810847371288366369768141339591
0.27870080379606754217292063913192
0.27929439545507744879770939405716
0.27988925137688402955404853855725
0.28048537425418085256012545869453
0.28108276678539645399013124915655
0.28168143167470666154983405249368
0.28228137163204680692984993584105
0.28288258937312393825891376764048
0.28348508761942925460175501939375
0.28408886909825020739006617986888
0.28469393654268310145383225062687
0.28530029269164525196345039148582
0.28590794028988736341645449101634
0.28651688208800635271344958709960
0.28712712084245722854447535610234
0.28773865931556591446494053343486
0.28835150027554173890464994656213
0.28896564649648981415452908549923
0.28958110075842385944255852336937
0.29019786584727835787589356186800
0.29081594455492160156140357685217
0.29143533967916823712585028260946
0.29205605402379158919146107109555
0.29267809039853670549646835752355
0.29330145161913312445989276966429
0.29392614050730730967941894959949
0.29455215989079563954078366805334
0.29517951260335711927140778243484
0.29580820148478625952748188865371
0.29643822938092601049220320419408
0.29706959914368041841825629489904
0.29770231363102772625950365181779
0.29833637570703314123576888050593
0.29897178824186215750913220290386
0.29960855411179304619295749034791
0.30024667619923028905049022796447
0.30088615739271729054848947271239
0.30152700058694992257812828029273
0.30216920868278895895286950690206
0.30281278458727389768512239243137
0.30345773121363556201757205599279
0.30410405148130975616638238534506
0.30475174831595008839713045745157
0.30540082464944140472340450287447
0.30605128341991305607194817639538
0.30670312757175222095895605889382
0.30735636005561711714406669671007
0.30801098382845043532896056603931
0.30866700185349271734480680606794
0.30932441710029584536201241462550
0.30998323254473636456651775006321
0.31064345116902902788069695816375
0.31130507596174006312850224276190
0.31196810991780121735672537397477
0.31263255603852285746668826504902
0.31329841733160762595744586178625
0.31396569681116420769129149448418
0.31463439749772093012580853610416
0.31530452241823936354592206043890
0.31597607460612797680710173153784
0.31664905710125607063432084942178
0.31732347294996743336525923950830
0.31799932520509399669350614203722
0.31867661692596982447867048904300
0.31935535117844493502303748755367
0.32003553103489928988167889656324
0.32071715957425622756105099142587
0.32140023988199700744061715340649
0.32208477505017446551605075910629
0.32277076817742705872049668869295
0.32345822236899274271237914035737
0.32414714073672340477472175734874
0.32483752639909851955835051739996
0.32552938248123958198121385976265
0.32622271211492409603849296217959
0.32691751843859984116846817414626
0.32761380459739886106262929388322
0.32831157374315206309844938914466
0.32901082903440320714949507419078
0.32971157363642333848474663682282
0.33041381072122488760101077787112
0.33111754346757643618914812577714
0.33182277506101681696648597608146
0.33252950869386943555383595594321
0.33323774756525698093057030746422
0.33394749488111591384509324598184
0.33465875385421073318070739333052
0.33537152770414863089953882990812
0.33608581965739414698646214674227
0.33680163294728371337072303504101
0.33751897081404036438101456951699
0.33823783650478805862249487290683
0.33895823327356711107682940564700
0.33968016438134801537884754907282
0.34040363309604687591658489509427
0.34112864269253995175290583574679
0.34185519645267847810288230903097
0.34258329766530354332232377601031
0.34331294962626107691860966042441
0.34404415563841644898346316949755
0.34477691901166995780414481487242
0.34551124306297131827392377090291
0.34624713111633481643636400804098
0.34698458650285440851845919496554
0.34772361256071898649722129448492
0.34846421263522708855475684686098
0.34920639007880233117830925948510
0.34995014825100839717109124649141
0.35069549051856452326347834969056
0.35144242025536048812384137818299
0.35219094084247182241398377300357
0.35294105566817535191148635931313
0.35369276812796462960974963607441
0.35444608162456475719537252189184
0.35520099956794837225970695726573
0.35595752537535074733199280672125
0.35671566247128544402400507351558
0.35747541428755968961894495805609
0.35823678426328992019378461009183
0.35899977584491737925276311216294
0.35976439248622388289433615682356
0.36053063764834708537776464254421
0.36129851479979652184582050722383
0.36206802741646892940252655535005
0.36283917898166445636931598528463
0.36361197298610198336277221642376
0.36438641292793516601733472271007
0.36516250231276814464109747859766
0.36594024465367169796081725507975
0.36671964347119861971080467810680
0.36750070229340026095599114341894
0.36828342465584185116966864370625
0.36906781410161926260116160847247
0.36985387418137433135356673119531
0.37064160845331139970681988415890
0.37143102048321308128464579567662
0.37222211384445685888877619618142
0.37301489211803079415474826419086
0.37380935889254990334151784736605
0.37460551776427242209877022105502
0.37540337233711634778998700312513
0.37620292622267514914824459992815
0.37700418304023458615503727742180
0.37780714641678897480758791971311
0.37861181998705772944191494389088
0.37941820739350140545553813353763
0.38022631228633863020860417236690
0.38103613832356242330234863402438
0.38184768917095690543561659069383
0.38266096850211356317217337164038
0.38347597999844823535298132810567
0.38429272734921754439696428562456
0.38511121425153588271328430892027
0.38593144441039167746865246044763
0.38675342153866465455536172157736
0.38757714935714221438090021365497
0.38840263159453675134713535044284
0.38922987198750208515107829043700
0.39005887428065061373061439553567
0.39088964222657013314332630216086
0.39172217958584104602337561118475
0.39255649012705312594917472779343
0.39339257762682272590026855141332
0.39423044586980970915846000934835
0.39507009864873499083159913425334
0.39591153976439719119895244148211
0.39675477302569012172384077530296
0.39759980224961993799936976756726
0.39844663126132262576106768392492
0.39929526389408093178801095746167
0.40014570398934212747121819120366
0.40099795539673493971477569175477
0.40185202197408753654883639683248
0.40270790758744451354189664016303
0.40356561611108465736919015398598
0.40442515142753826529187222149631
0.40528651742760501974771614186466
0.40614971801037130783029738267942
0.40701475708322809587969004496699
0.40788163856188830447280224689166
0.40875036637040512710328243883851
0.40962094444118907210494739956630
0.41049337671502628133168855129043
0.41136766714109601617010980589839
0.41224381967698892070828264877491
0.41312183828872461877068644753308
0.41400172695076975504235861080815
0.41488348964605598068189351579349
0.41576713036599821649019759206567
0.41665265311051219443427839905780
0.41754006188803305388290709743160
0.41842936071553321619731491409766
0.41932055361854086994455315107189
0.42021364463115784548818965049577
0.42110863779607793366821510971931
0.42200553716460525999210062764178
0.42290434679667293638161140734155
0.42380507076086082474120075858082
0.42470771313441435523827749420889
0.42561227800326278947196101398731
0.42651876946203809426449993225106
0.42742719161409292727427100544446
0.42833754857151962180950022229808
0.42924984445516850550816911891161
0.43016408339466699617403833144635
0.43108026952843769841194898617687
0.43199840700371772150845117721474
0.43291849997657688708940781907586
0.43384055261193710251177435566206
0.43476456908359084607695876911748
0.43569055357422004082224020748981
0.43661851027541526137909499993839
0.43754844338769455225346405313758
0.43848035712052241263947394145362
0.43941425569232872572200676586363
0.44035014333052824309078232545289
0.44128802427153940302062551381823
0.44222790276080353732979233427614
0.44316978305280413374944714632875
0.44411366941108626482659360590333
0.44505956610827557273779575552908
0.44600747742609780921441142709227
0.44695740765539809791206948830222
0.44790936109616058535820570796204
0.44886334205752759229923753991898
0.44981935485781943118155368210864
0.45077740382455361300984009176318
0.45173749329446483136152323822898
0.45269962761352422475624734943267
0.45366381113695930515916643344099
0.45463004822927349790617768121592
0.45559834326426607020721348817460
0.45656870062505172658262608820223
0.45754112470408070389993326898548
0.45851561990315831129905177476758
0.45949219063346535829595040922868
0.46047084131557747266327851320966
0.46145157637948563955632153010811
0.46243440026461607450514179618040
0.46341931741985037396247548713291
0.46440633230354538829587340842409
0.46539544938355381642480779191828
0.46638667313724407881281308618782
0.46738000805152091210459275316680
0.46837545862284535314046252096887
0.46937302935725522257115471802535
0.47037272477038555296147137596563
0.47137454938748918342739102627093
0.47237850774345685467281441560772
0.47338460438283802567127622751286
0.47439284385986141279190064778959
0.47540323073845563994765939241915
0.47641576959226966669902481044119
0.47743046500469366044683283689665
0.47844732156887981311399471451296
0.47946634388776315782720871538913
0.48048753657408210804291570639180
0.48151090425039960729591825838725
0.48253645154912389036994113666879
0.48356418311252974406855287270446
0.48459410359277915736342379204871
0.48562621765194252665409635483229
0.48666052996201980551660426499438
0.48769704520496176547439404203033
0.48873576807269081268003674267675
0.48977670326712263726420815146412
0.49081985550018703001740050240187
0.49186522949384997582811251959356
0.49291282998013413729765375137504
0.49396266170114083715603214841394
0.49501472940907131903287563545746
0.49606903786624850782871476440050
0.49712559184513815946360182351782
0.49818439612837073227069595304783
0.49924545550876298083409210448735
0.50030877478933977187125492491759
0.50137435878335556704854525378323
0.50244221231431629437480523847626
0.50351234021600155266185083746677
0.50458474733248570576193969827727
0.50565943851816075316207843570737
0.50673641863775753524379297232372
0.50781569256636815978822596662212
0.50889726518946798439202439112705
0.50998114140293759888322711049113
0.51106732611308514080405984714162
0.51215582423666872191603260944248
0.51324664070091785550431495721568
0.51433978044355688208355559254414
0.51543524841282639670225762529299
0.51653304956750634158169077636558
0.51763318887693787750947649328737
0.51873567132104625443389522843063
0.51984050189036312694668140466092
0.52094768558604931385502823104616
0.52205722741991733570898759353440
0.52316913241445428539577733317856
0.52428340560284414362257621178287
0.52540005202899109360004104019026
0.52651907674754194754740410644445
0.52764048482390912830908291653031
0.52876428133429376199359239762998
0.52989047136570843754554971383186
0.53101906001600052142919139441801
0.53215005239387480617807568705757
0.53328345361891682507859968609409
0.53441926882161649992042384837987
0.53555750314339045647926695892238
0.53669816173660611635654049678124
0.53784124976460445655135345077724
0.53898677240172376823323929784237
0.54013473483332274938106820627581
0.54128514225580437457807647660957
0.54243799987663898765077874486451
0.54359331291438828248629988593166
0.54475108659872839567128721682820
0.54591132617047433139845225014142
0.54707403688160283206087797225337
0.54823922399527702520316552181612
0.54940689278586929411574146797648
0.55057704853898603580830695136683
0.55174969655149119773795973742381
0.55292484213153003658192119473824
0.55410249059855343212177558598341
0.55528264728334220112770935884328
0.55646531752803041204202827429981
0.55765050668613080908642132271780
0.55883822012255757183396553955390
0.56002846321365185033869238395710
0.56122124134720541288601225460297
0.56241655992248540396616363068460
0.56361442435025821406924251277815
0.56481484005281501481476880144328
0.56601781246399496261290096299490
0.56722334702921106686090979565051
0.56843144920547383769360294536455
0.56964212446141671009058882191312
0.57085537827732024673821342730662
0.57207121614513756213682427187450
0.57328964356851830341810227764654
0.57451066606283462956383800701587
0.57573428915520530324556602863595
0.57696051838452100390952637098962
0.57818935930146964086162597595830
0.57942081746856122226319030232844
0.58065489846015283514901739181369
0.58189160786247440260154917268665
0.58313095127365366376892552580102
0.58437293430374148694994573816075
0.58561756257473729370133241900476
0.58686484172061459396729787840741
0.58811477738734641018680804336327
0.58936737523293081242314883638755
0.59062264092741667553809747914784
0.59188058015292899227688394603319
0.59314119860369540759847950539552
0.59440450198607064358213847299339
0.59567049601856381091380399084301
0.59693918643186327788185963072465
0.59821057896886287164051054787706
0.59948467938468807947316463469178
0.60076149344672202801120874937624
0.60204102693463135143048248210107
0.60332328564039250373696177121019
0.60460827536831829309704744446208
0.60589600193508341696713159763021
0.60718647116975155153539844832267
0.60847968891380144196290302716079
0.60977566102115299262464986895793
0.61107439335819446757369632905466
0.61237589180380846975992881198181
0.61368016224939891944956116276444
0.61498721059891725548851582061616
0.61629704276888974678882959779003
0.61760966468844380461433729578857
0.61892508229933540508937994673033
0.62024330155597495739527857949724
0.62156432842545539241285723619512
0.62288816888757836398582412584801
0.62421482893488189347408479079604
0.62554431457266701510633311045240
0.62687663181902530951106200518552
0.62821178670486577111375936510740
0.62954978527394267473482614150271
0.63089063358288233196446981310146
0.63223433770121095776062247750815
0.63358090371138187091304416753701
0.63493033770880302757433355509420
0.63628264580186499888014850512263
0.63763783411196794936870446690591
0.63899590877355005869020487807575
0.64035687593411483309324694346287
0.64172074175425886100043726401054
0.64308751240770012369551977826632
0.64445719408130586192129385381122
0.64582979297511999838832252862630
0.64720531530239189255127030264703
0.64858376728960420720682122919243
0.64996515517650121918080685645691
0.65134948521611657490382185642375
0.65273676367480226723216674145078
0.65412699683225672409037088073092
0.65552019098155289711371551675256
0.65691635242916734949147894440102
0.65831548749500834460945952741895
0.65971760251244482287091841499205
0.66112270382833460136140502072521
0.66253079780305357271430466425954
0.66394189081052412682026897527976
0.66535598923824446071506599764689
0.66677309948731677824440566837438
0.66819322797247704404099977182341
0.66961638112212340523399234371027
0.67104256537834583440371716278605
0.67247178719695477333573307987535
0.67390405304751077597558150955592
0.67533936941335326320512422171305
0.67677774279163072090881314579747
0.67821917969332912168312077483279
0.67966368664330223392511243218905
0.68111127018030048763108652565279
0.68256193685700128348514681420056
0.68401569324003785865784266206902
0.68547254591002970691704376804410
0.68693250146161177749348780707805
0.68839556650346511723626008460997
0.68986174765834551436682886560448
0.69133105156311525085754965402884
0.69280348486877108005188574679778
0.69427905424047631210981990079745
0.69575776635758945776188966192422
0.69723962791369553659848179449909
0.69872464561663538695768238540040
0.70021282618853708523687373599387
0.70170417636584547782518939129659
0.70319870289935326734820364436018
0.70469641255423132175650380304432
0.70619731211005920545886738182162
0.70770140836085604352234668112942
0.70920870811511138587235336672165
0.71071921819581562740353319895803
0.71223294544049109422445553718717
0.71374989670122335194690776916104
0.71527007884469162579677004032419
0.71679349875220010890330968322814
0.71832016331970949263308057197719
0.71985007945786749772310031403322
0.72138325409204073768165699220845
0.72291969416234558298839374401723
0.72445940662368013551741796618444
0.72600239844575520375968835651292
0.72754867661312605520151919336058
0.72909824812522427972538707763306
0.73065111999638876483231797465123
0.73220729925589844722111365626915
0.73376679294800306596613381771022
0.73532960813195602511882498220075
0.73689575188204559097471246786881
0.73846523128762742160802190483082
0.74003805345315620822788105215295
0.74161422549821842675754623996909
0.74319375455756386816830172392656
0.74477664778113861210329105233541
0.74636291233411677925602134564542
0.74795255539693361601649712611106
0.74954558416531713582742213475285
0.75114200585032175894184547360055
0.75274182767835973173475849762326
0.75434505689123532157225326955086
0.75595170074617601407851452677278
0.75756176651586659698267567364383
0.75917526148848124556423044850817
0.76079219296771716241067906594253
0.76241256827282732899675465887412
0.76403639473865347930825464572990
0.76566367971565951755508194764843
0.76729443056996493588428620569175
0.76892865468337778800389514799463
0.77056635945342843996286319452338
0.77220755229340276581950774925645
0.77385224063237578739915534242755
0.77550043191524564711869516031584
0.77715213360276680365501533742645
0.77880735317158411579185894879629
0.78046609811426648217747015223722
0.78212837593934092517145018064184
0.78379419417132667469161333428929
0.78546356035076869694933066057274
0.78713648203427277749710810894612
0.78881296679453860587472036058898
0.79049302222039485865678898335318
0.79217665591683339432194088658434
0.79386387550504333709966431342764
0.79555468862244604899558453325881
0.79724910292272932466062229650561
0.79894712607588236341626952707884
0.80064876576822996412374777719378
0.80235402970246805232079623237951
0.80406292559769787509083016630029
0.80577546118946152819972894576495
0.80749164422977637300959941057954
0.80921148248717056361556387855671
0.81093498374671801887103583794669
0.81266215581007383850220548993093
0.81439300649550938615561790356878
0.81612754363794792755726348332246
0.81786577508899960253785366148804
0.81960770871699784034802860333002
0.82135335240703410963902797448100
0.82310271406099400071099125852925
0.82485580159759297469435068705934
0.82661262295241244579813155723969
0.82837318607793497537983284928487
0.83013749894358102032754231913714
0.83190556953574490428593435353832
0.83367740585783045581536043755477
0.83545301593028764575166178474319
0.83723240779064900252137704228517
0.83901558949356569439004260857473
0.84080256911084394477740033835289
0.84259335473148211370642002293607
0.84438795446170666902929724528803
0.84618637642500915685417339773267
0.84798862876218294992725077463547
0.84979471963136032908181505263201
0.85160465720804900957574545827811
0.85341844968516933356283971079392
0.85523610527309135154183650229243
0.85705763219967201482774044052348
0.85888303871029247904544945413363
0.86071233306789529660107973541017
0.86254552355302183119789560805657
0.86438261846384978337454185748356
0.86622362611623071604327606110019
0.86806855484372780207280584363616
0.86991741299765357187112613246427
0.87177020894710743892375148789142
0.87362695107901378044346074602799
0.87548764779816001802004166165716
0.87735230752723436520312816355727
0.87922093870686435224115484743379
0.88109354979565446264189176872605
0.88297014927022521302291124811745
0.88485074562525056762751773931086
0.88673534737349735124212202208582
0.88862396304586299677907845762093
0.89051660119141462512715179400402
0.89241327037742768091277412167983
0.89431397918942456826130182889756
0.89621873623121350860287748218980
0.89812755012492773154519909439841
0.90004042951106411063477708012215
0.90195738304852279831891337380512
0.90387841941464597272926084770006
0.90580354730525725059919750492554
0.90773277543470110018120067252312
0.90966611253588225416422119451454
0.91160356736030534463566254999023
0.91354514867811420497645258365083
0.91549086527813183788993001144263
0.91744072596790049445303338870872
0.91939473957372064294446545318351
0.92135291494069182505199933075346
0.92331526093275240185676011606120
0.92528178643271929981750645310967
0.92725250034232875595563427850720
0.92922741158227628588406332710292
0.93120652909225742899224087523180
0.93318986183100760545272578383447
0.93517741877634319447309962924919
0.93716920892520205743636552142561
0.93916524129368406104134692213847
0.94116552491709215555459877577960
0.94317006884997311999541125260293
0.94517888216615864038772087951656
0.94719197395880616596741674584337
0.94920935334044043152346148417564
0.95123102944299431360519747613580
0.95325701141785046388577029574662
0.95528730843588272048094722777023
0.95732192968749740824563332353137
0.95936088438267497213729484428768
0.96140418175101205466859255466261
0.96345183104176268518159531595302
0.96550384152388057934501830459340
0.96756022248606088353994891804177
0.96962098323678247435708499324392
0.97168613310434970298246071251924
0.97375568143693502776159220957197
0.97582963760262086960750593789271
0.97790801098944268865409412683221
0.97999081100543050659723576245597
0.98207804707865276050426928122761
0.98416972865725771413281108834781
0.98626586520951697867332086389069
0.98836646622386836735785209384630
0.99047154120895841700189521361608
0.99258109969368568670233798911795
0.99469515122724416755772836040705
0.99681370537916591523242004768690
0.99893677173936479274374278247706
1.00106435991817988018226515123388
1.00319647954641855136515005142428
1.00533314027540088275713969778735
1.00747435177700239705700369086117
1.00962012374369836109622156072874
1.01177046588860775067075792321702
1.01392538794553699332823271106463
1.01608489966902393319969633012079
1.01824901083438246196521959063830
1.02041773123774603959645901340991
1.02259107069611276941145661112387
1.02476903904738958495101996959420
1.02695164615043621481049740395974
1.02913890188511092382839251513360
1.03133081615231425587353442097083
1.03352739887403410889987753762398
1.03572865999339103204590628592996
1.03793460947468307864482994773425
1.04014525730343021514556767215254
1.04236061348642072843517780711409
1.04458068805175541271523798059206
1.04680549104889375477966950711561
1.04903503254869878702493224409409
1.05126932264348349477245392336044
1.05350837144705566927882500749547
1.05575218909476387096901817130856
1.05800078574354383675881763338111
1.06025417157196355510961893742206
1.06251235678027078357388290896779
1.06477535159043723567151573661249
1.06704316624620654252453277877066
1.06931581101313999404567312012659
1.07159329617866272421622397814645
1.07387563205211078454226480971556
1.07616282896477755137709664268186
1.07845489726996057733288125746185
1.08075184734300822064767544361530
1.08305368958136716273088495654520
1.08536043440462859344108892400982
1.08767209225457639476530857791658
1.08998867359523377018604151089676
1.09231018891291054018211070797406
1.09463664871625110386332835332723
1.09696806353628151242673993692733
1.09930444392645720874668313626898
1.10164580046271165514326639822684
1.10399214374350274070479827059899
1.10634348438986163110087090899469
1.10869983304544095226162880862830
1.11106120037656297405703753611306
1.11342759707226690579773276112974
1.11579903384435863422652346343966
1.11817552142745868515305573964724
1.12055707057905018508847660996253
1.12294369207952859923693722521421
1.12533539673224969313025667361217
1.12773219536357927061942518776050
1.13013409882294135755387287645135
1.13254111798286749568376308161533
1.13495326373904648065149558533449
1.13737054701037343384939504176145
1.13979297873899843018818955897586
1.14222056989037734631153853115393
1.14465333145332048836451122042490
1.14709127444004321816350966400933
1.14953440988621458096474725607550
1.15198274885100859776798642997164
1.15443630241715355921883201517630
1.15689508169098176360023444431135
1.15935909780248125322543728543678
1.16182836190534466425106074893847
1.16430288517702051898083936976036
1.16678267881876385203554491454270
1.16926775405568661447830436372897
1.17175812213680829998452281870414
1.17425379433510768123483103408944
1.17675478194757276995119354978669
1.17926109629525299737906607333571
1.18177274872330961841271346202120
1.18428975060106767003276218019892
1.18681211332206681952072813146515
1.18933984830411354494117404101416
1.19187296698933287153465698793298
1.19441148084421899788765131233959
1.19695540135968903072694047295954
1.19950474005113338904493502923287
1.20205950845846887276024972379673
1.20461971814619062115525593981147
1.20718538070342407131363415828673
1.20975650774397824882555596559541
1.21233311090639750418063158576842
1.21491520185401502551769681303995
1.21750279227500501910697039420484
1.22009589388243533392142126103863
1.22269451841432141847576531290542
1.22529867763367894539783264917787
1.22790838332857688008914465171983
1.23052364731219099347470091743162
1.23314448142285781884197604085784
1.23577089752412705436768192157615
1.23840290750481685222439409699291
1.24104052327906622110731404973194
1.24368375678638964920708076533629
1.24633261999173106104876751487609
1.24898712488551821842008848761907
1.25164728348371623312118572357576
1.25431310782788263402665052126395
1.25698460998522221210293992044171
1.25966180204864008906895378459012
1.26234469613679856081489560892805
1.26503330439416994401824467786355
1.26772763899109341956261687300866
1.27042771212382854528755160572473
1.27313353601461121122895292501198
1.27584512291170915077032077533659
1.27856248508947678566016747936374
1.28128563484841118125245884584729
1.28401458451520755765784542745678
1.28674934644281591111791840376100
1.28948993301049519288881128886715
1.29223635662387081879387551452965
1.29498862971499018037491168797715
1.29774676474237948831103039992740
1.30051077419109928356988348241430
1.30328067057280194696033959189663
1.30605646642578743232832039211644
1.30883817431506077610947613720782
1.31162580683238783052502185455523
1.31441937659635432744664740312146
1.31721889625242072341393395618070
1.32002437847298081941005420958390
1.32283583595741860428063318977365
1.32565328143216620837563368695555
1.32847672765076052492361213808181
1.33130618739390249594123361021047
1.33414167346951328951831783342641
1.33698319871279358572735418420052
1.33983077598628064208696741843596
1.34268441817990780151603757985868
1.34554413821106111370795588300098
1.34840994902463950921855939668603
1.35128186359311230901880662713666
1.35415989491657828835968757630326
1.35704405602282451859252887516050
1.35993435996738565307850876706652
1.36283081983360232491975239099702
1.36573344873268065491345168993575
1.36864225980375242563980009435909
1.37155726621393281305927303037606
1.37447848115838167082358722836943
1.37740591786036281618521570635494
1.38033958957130287181769290327793
1.38327950957085277217117891268572
1.38622569116694660529276461602421
1.38917814769586289713743099127896
1.39213689252228456361137887142831
1.39510193903935819648154392780270
1.39807330066875734608800030400744
1.40105099086074047498584604909411
1.40403502309421424065760675148340
1.40702541087679255937814559729304
1.41002216774485877870404237910407
1.41302530726362696178455280460184
1.41603484302720272758335795515450
1.41905078865864542336794329457916
1.42207315781002963106516290281434
1.42510196416250622952759385952959
1.42813722142636589929054480307968
1.43117894334109907461538568895776
1.43422714367546033642497604887467
1.43728183622752880843620459927479
1.44034303482477210600620765035274
1.44341075332410784248793333972571
1.44648500561196780012096496648155
1.44956580560435810411945567466319
1.45265316724692583605360596266109
1.45574710451501854180378359160386
1.45884763141375062289739616971929
1.46195476197806417673064061091281
1.46506851027279472177156094403472
1.46818889039273270391561254655244
1.47131591646268922168871995381778
1.47444960263755864282586571789579
1.47758996310238366334033344173804
1.48073701207241881228071633813670
1.48389076379319440057713563874131
1.48705123254058269033350825338857
1.49021843262086095549534547899384
1.49339237837077631887439110869309
1.49657308415761192144088909117272
1.49976056437925020503598716459237
1.50295483346423974779781929100864
1.50615590587185943505232899042312
1.50936379609218418451632715004962
1.51257851864615067150054983358132
1.51580008808562349820192594052060
1.51902851899346003072821531532099
1.52226382598357723452409118181095
1.52550602370101739957419795246096
1.52875512682201475378462873777607
1.53201115005406185431979793065693
1.53527410813597575689470886572963
1.53854401583796485120103625376942
1.54182088796169680655623324128101
1.54510473934036385301737936970312
1.54839558483875072703028763498878
1.55169343935330239503400662215427
1.55499831781219088888690293970285
1.55831023517538280742655842914246
1.56162920643470770620808707462857
1.56495524661392493293021743738791
1.56828837076879312739663419051794
1.57162859398713639080824577831663
1.57497593138891467390294565120712
1.57833039812629039033708977513015
1.58169200938369858278065294143744
1.58506078037791420243252105137799
1.58843672635812227511564742599148
1.59181986260598562488155494065722
1.59521020443571570623930711008143
1.59860776719414032776001022284618
1.60201256626077404021657457633410
1.60542461704788719245584616146516
1.60884393500057631953836789762136
1.61227053559683364269972116744611
1.61570443434761745749028705176897
1.61914564679692141169198293937370
1.62259418852184622572565331211081
1.62605007513266941465701620472828
1.62951332227291612042563428985886
1.63298394561942972202928103797603
1.63646196088244288979751672741259
1.63994738380564908375447430444183
1.64344023016627338584783046826487
1.64694051577514399831159153109184
1.65044825647676374202887927822303
1.65396346814938199898392667819280
1.65748616670506665471407359291334
1.66101636808977581871715756278718
1.66455408828342998894811444188235
1.66809934329998488244939380820142
1.67165214918750315575834974879399
1.67521252202822790167147104511969
1.67878047793865481374098180822330
1.68235603306960523894986181403510
1.68593920360629967447607668873388
1.68953000576843037627838839398464
1.69312845581023574403900511242682
1.69673457002057226361557695781812
1.70034836472299066834068526077317
1.70396985627580743738462842884474
1.70759906107218029092109645716846
1.71123599554018146484679618879454
1.71488067614287342799173075036379
1.71853311937838171274961496237665
1.72219334177997085433275969990063
1.72586135991611877571472177805845
1.72953719039059161666216368757887
1.73322084984251967298973795550410
1.73691235494647111536892225558404
1.74061172241252948289513824420283
1.74431896898636762394119159580441
1.74803411144932496767978591378778
1.75175716661848168698156769096386
1.75548815134673685811605992057594
1.75922708252288306773891690681921
1.76297397707168390645904310076730
1.76672885195395013013808238611091
1.77049172416661670936832706502173
1.77426261074281876872760221885983
1.77804152875197085670322394435061
1.78182849529984133063464923907304
1.78562352752863295890506378782447
1.78942664261705730588403184810886
1.79323785778041511207447911147028
1.79705719027067267745678691426292
1.80088465737654090936814554879675
1.80472027642355237198046324920142
1.80856406477414122235813920269720
1.81241603982772048198057746049017
1.81627621902076219484456487407442
1.82014461982687403285297023103340
1.82402125975688145231856651662383
1.82790615635890429935273004957708
1.83179932721843830023544796858914
1.83570078995843255498243706824724
1.83961056223937124975975621055113
1.84352866175935270476315963605884
1.84745510625416931027586997515755
1.85138991349738835090477095945971
1.85533310130043216368278535810532
1.85928468751265829617125291406410
1.86324469002144166296375260571949
1.86721312675225381561006088304566
1.87119001566874576525378870428540
1.87517537477282747460094469715841
1.87916922210475134669138697063318
1.88317157574319171686738627613522
1.88718245380532922972349751944421
1.89120187444693010903051799687091
1.89522985586243053468535890715430
1.89926641628501791103644791292027
1.90331157398671346747676125232829
1.90736534727845552517067062581191
1.91142775451018165355776545766275
1.91549881407091215912430470780237
1.91957854438883357417466868355405
1.92366696393138103537978622625815
1.92776409120532354890542592329439
1.93186994475684614691601836966584
1.93598454317163470861373752995860
1.94010790507495989309916240017628
1.94424004913176129427654359460576
1.94838099404673203984827978274552
1.95253075856440405644320890132803
1.95668936146923155838805996609153
1.96085682158567764510337383399019
1.96503315777829801191955993999727
1.96921838895182776951742198434658
1.97341253405126582087802944442956
1.97761561206196145867863833700540
1.98182764200969940837637750519207
1.98604864296078775787179893086432
1.99027863402214122423572462139418
1.99451763434137130381884617236210
1.99876566310686953897857165429741
2.00302273954789722409941532532685
2.00728888293466978254286914307158
2.01156411257844602857858262723312
2.01584844783161587500330824695993
2.02014190808778559826919263286982
2.02444451278186710041495643963572
2.02875628139016628281865450844634
2.03307723343047097586122617940418
2.03740738846213842450083575386088
2.04174676608618455020405235700309
2.04609538594537188060940025025047
2.05045326772430147599379779421724
2.05482043114949686213321911054663
2.05919689598949773312597244512290
2.06358268205494743696704063040670
2.06797780919868312565768064814620
2.07238229731582590531502319208812
2.07679616634387009810325253056362
2.08121943626277383643241591926198
2.08565212709505010124644286406692
2.09009425890585687213274468376767
2.09454585180308772152102392283268
2.09900692593746196479287391412072
2.10347750150261969537268669228069
2.10795759873520838212357375596184
2.11244723791497701625985428108834
2.11694643936486670554586453363299
2.12145522345110570938686578301713
2.12597361058329736849259461450856
2.13050162121451469587896099255886
2.13503927584139319151290692389011
2.13958659500422321286805527051911
2.14414359928704278956956841284409
2.14871030931773088212821676279418
2.15328674576810019658523742691614
2.15787292935399266369245196983684
2.16246888083537047720028567709960
2.16707462101641290530551486881450
2.17169017074560777302849601255730
2.17631555091584827366091303701978
2.18095078246452533932142614503391
2.18559588637362445240341912722215
2.19025088366981801613064817502163
2.19491579542456438645103844464757
2.19959064275419891032470331992954
2.20427544682003340170695082633756
2.20897022882844851210393244400620
2.21367501003099320655564952176064
2.21838981172447713419160209014080
2.22311465525107054830300512549002
2.22784956199839845325527676322963
2.23259455339963874820341516169719
2.23734965093361903853974581579678
2.24211487612491300325245902058668
2.24689025054393898273019658518024
2.25167579580705767838821884652134
2.25647153357666807593773228290956
2.26127748556130780954731562815141
2.26609367351574997329066718521062
2.27092011924110348530803094035946
2.27575684458490856698631432664115
2.28060387144123843938814388820902
2.28546122175079746696724214416463
2.29032891750102063355143400258385
2.29520698072617257423644332448021
2.30009543350744660727968948776834
2.30499429797306865097539230191614
2.30990359629839181465627007128205
2.31482335070600031556864450976718
2.31975358346580895485544715484139
2.32469431689516481398527503188234
2.32964557335894761891381676832680
2.33460737526967010424527870782185
2.33957974508758104192907012475189
2.34456270532076604951043918845244
2.34955627852524973064873847761191
2.35456048730509781563569049467333
2.35957535431251841373523348011076
2.36460090224796726232625587726943
2.36963715386024764697481259645429
2.37468413194661387422002007951960
2.37974185935287563253837106458377
2.38481035897350190921883950068150
2.38988965375172224270272636204027
2.39497976667963152763718426285777
2.40008072079829526401795192214195
2.40519253919785347406445907836314
2.41031524501762373091651170398109
2.41544886144620685186623632034753
2.42059341172159303567923416267149
2.42574891913126533538047624460887
2.43091540701230579557545752322767
2.43609289875150114568214121391065
2.44128141778544760498448340513278
2.44648098760065968448884632380214
2.45169163173367277153147369972430
2.45691337377115326390253358113114
2.46214623735000204263201339927036
2.46739024615746549429218248405959
2.47264542393123720742664772842545
2.47791179445957121529886535427067
2.48318938158138546867803597706370
2.48847820918637241405235727143008
2.49377830121510513095017813611776
2.49908968165914746606404150952585
2.50441237456115972648262868460733
2.50974640401501281061769077496137
2.51509179416589123690073392936029
2.52044856921040638653153109771665
2.52581675339670486124532544636168
2.53119637102457817334766332351137
2.53658744644557243574922722473275
2.54199000406309938426829830859788
2.54740406833254606766558936215006
2.55282966376138675812512701668311
2.55826681490929175311066501308233
2.56371554638824061811419596779160
2.56917588286263276486920403840486
2.57464784904939891774233728938270
2.58013146971811346830349975789431
2.58562676969110682989594351965934
2.59113377384357512767110165441409
2.59665250710369832631840836256742
2.60218299445274769965408268035389
2.60772526092520040563726979598869
2.61327933160885406138618236582261
2.61884523164494131819424183049705
2.62442298622823910747570153034758
2.63001262060718721258467667212244
2.63561416008400017929602654476184
2.64122763001478322308912538574077
2.64685305580964547189637414703611
2.65249046293281676156539106159471
2.65813987690276087860752340930048
2.66380132329229368792766763363034
2.66947482772869593148357125755865
2.67516041589383180010486285027582
2.68085811352426217624156379315536
2.68656794641136587031837734684814
2.69228994040145197530478071712423
2.69802412139587755035563532146625
2.70377051535116708080863645591307
2.70952914827912838546808416140266
2.71530004624697074433470334042795
2.72108323537742213815704417356756
2.72687874184884782025051208620425
2.73268659189537066467323711549398
2.73850681180698662942063492664602
2.74433942792968688095811558014248
2.75018446666557458968327409820631
2.75604195447298616628017953189556
2.76191191786661027762761477788445
2.76779438341760775088573609536979
2.77368937775373192167194247303996
2.77959692755945031450437454623170
2.78551705957606321462094456364866
2.79144980060182668069046485470608
2.79739517749207244889930734643713
2.80335321715933138975174188090023
2.80932394657345252397817603196017
2.81530739276172736751391312282067
2.82130358280901205603186099324375
2.82731254385784946947524076676928
2.83333430310859135659029561793432
2.83936888781952223581583893974312
2.84541632530698285208359266107436
2.85147664294549540997536496433895
2.85754986816788303372049995232373
2.86363602846539899715594401641283
2.86973515138784662781290535349399
2.87584726454370898096613018424250
2.88197239560026963189898197015282
2.88811057228373835314982898125891
2.89426182237937945629369096423034
2.90042617373163613692099715990480
2.90660365424425393143792462069541
2.91279429188041083520488427893724
2.91899811466284164751527896441985
2.92521515067396631337715007248335
2.93144542805601515667035528167617
2.93768897501115811010663492197637
2.94394581980163039247599954251200
2.95021599074986351496363568003289
2.95649951623861051430708357656840
2.96279642471107473866709369758610
2.96910674467104040985532265040092
2.97543050468300052102677000220865
2.98176773337228651072905449836981
2.98811845942519616059485088044312
2.99448271158912726619405475503299
3.00086051867270242610175046138465
3.00725190954590448910721534048207
3.01365691314020356372793685295619
3.02007555844869246541861684818286
3.02650787452621106154992958181538
3.03295389048948482724199493532069
3.03941363551725096669997583376244
3.04588713885039608086913176521193
3.05237442979208317694883589865640
3.05887553770788755969078920315951
3.06539049202592916998355576652102
3.07191932223700492343709811393637
3.07846205789472282532415192690678
3.08501872861563652961081061221194
3.09158936407937767754106062056962
3.09817399402879134484578571573365
3.10477264827007060077335154346656
3.11138535667289151120940005057491
3.11801214917054769770743405388203
3.12465305576008711696545105951373
3.13130810650244617576731798180845
3.13797733152258651045940496260300
3.14466076100963176642721919051837
3.15135842521700482166124857030809
3.15807035446256323396596599195618
3.16479657912873690861488285008818
3.17153712966266487782718286325689
3.17829203657633696522566424391698
3.18506133044672612442127501708455
3.19184504191593187982789459056221
3.19864320169131488569291832391173
3.20545584054563992282282924861647
3.21228298931721223397062203730457
3.21912467891001785602611562353559
3.22598094029386395220626582158729
3.23285180450451958833468779630493
3.23973730264385473276433913270012
3.24663746587998192083546200592536
3.25355232544739614297668595099822
3.26048191264711961778743898321409
3.26742625884683901560379126749467
3.27438539548105111975928593892604
3.28135935405120093832920247223228
3.28834816612583047401585645275190
3.29535186334071594771444324578624
3.30237047739901345977386881713755
3.30940404007140109854390175314620
3.31645258319622682208205333154183
3.32351613867964612580863104085438
3.33059473849577258874887775164098
3.33768841468681731754486463614739
3.34479719936323993678684018959757
3.35192112470388758893591329979245
3.35906022295614548056619241833687
3.36621452643607987909035728080198
3.37338406752858599446653897757642
3.38056887868753452863757047452964
3.38776899243591733679181743355002
3.39498444136599530907005828339607
3.40221525813944802862920369079802
3.40946147548751676836786828062031
3.41672312621115770170376890746411
3.42400024318118667565613577608019
3.43129285933843153344469101284631
3.43860100769387688757205978618003
3.44592472132881777469037842820399
3.45326403339500531686212525528390
3.46061897711480215278356808994431
3.46798958578132721086717538128141
3.47537589275860936410822432662826
3.48277793148173753223773019271903
3.49019573545701478067826428741682
3.49762933826210442589399463031441
3.50507877354618768706018272496294
3.51254407503011156777006362972315
3.52002527650654606361513287993148
3.52752241184013204389202655875124
3.53503551496763890327201806940138
3.54256461989811421986473760625813
3.55010976071304273915529847727157
3.55767097156649603206801657506730
3.56524828668528881436827759898733
3.57284174036913304561835502681788
3.58045136699079646902532658714335
3.58807720099625404586163313069846
3.59571927690484560713457540259697
3.60337762930943172889897141430993
3.61105229287655271619428276608232
3.61874330234658136973280306847300
3.62645069253388285801520396489650
3.63417449832697236900003190385178
3.64191475468867231768399506108835
3.64967149665627044186066996189766
3.65744475934167923014683765359223
3.66523457793159312956277062767185
3.67304098768765152627224779280368
3.68086402394659373271679214667529
3.68870372212042152426647589891218
3.69656011769655901133546649361961
3.70443324623801428785441203217488
3.71232314338353841520756759564392
3.72022984484778795888360036769882
3.72815338642148619285876520734746
3.73609380397158652442612947197631
3.74405113344143236631111903989222
3.75202541085092144967916283349041
3.76001667229666836078649794217199
3.76802495395216974216623384563718
3.77605029206796460883310828648973
3.78409272297180088173718104371801
3.79215228306879881259305875573773
3.80022900884161751733358869387303
3.80832293685061795684987373533659
3.81643410373402902635575628664810
3.82456254620811320066309235699009
3.83270830106733484399228473193944
3.84087140518452407889071764657274
3.84905189551104465195408010913525
3.85724980907696091136926952458452
3.86546518299120700490334456844721
3.87369805444175252517879926017486
3.88194846069577303993014538718853
3.89021643909981573727918657823466
3.89850202707997306461606967786793
3.90680526214204792978534896974452
3.91512618187172423134256860066671
3.92346482393474094152452380512841
3.93182122607705597516769557842053
3.94019542612502293721377100155223
3.94858746198555854434175671485718
3.95699737164631715202744999260176
3.96542519317586039662160146690439
3.97387096472382950196333695203066
3.98233472452111936235041866893880
3.99081651088005306959871631988790
3.99931636219455022285274026216939
4.00783431694030589653721108334139
4.01637041367496028243522232514806
4.02492469103828032217506915912963
4.03349718775232446432710275985301
4.04208794262162651733660823083483
4.05069699453337062067248552921228
4.05932438245755733419173338916153
4.06797014544719459649968484882265
4.07663432263846559067133057396859
4.08531695325090637993525888305157
4.09401807658758798424969427287579
4.10273773203528513420224044239148
4.11147595906466722937011581961997
4.12023279723046798039831628557295
4.12900828617166393286197489942424
4.13780246561166098473449892480858
4.14661537535847024571467045461759
4.15544705530488389655374703579582
4.16429754542866259470201839576475
4.17316688579271310999274646746926
4.18205511654527128939662361517549
4.19096227792008235724097175989300
4.19988841023658121542894150479697
4.20883355390008073726448856177740
4.21779774940195117949315317673609
4.22678103731979870616441985475831
4.23578345831765989970563168753870
4.24480505314617406753541217767633
4.25384586264277775313757956610061
4.26290592773188414810192625736818
4.27198528942506783323551644571126
4.28108398882125307238766254158691
4.29020206710690032991806219797581
4.29933956555618657091599743580446
4.30849652553120421316634747199714
4.31767298848213165740617114352062
4.32686899594743668018281823606230
4.33608458955405762225154830957763
4.34531981101758812968682832433842
4.35457470214247255313466666848399
4.36384930482219424163758958457038
4.37314366103945761921067969524302
4.38245781286639246587810703204013
4.39179180246472800064339025993831
4.40114567208599538616908830590546
4.41051946407171779895861618570052
4.41991322085359428228912292979658
4.42932698495370047453434381168336
4.43876079898467867934641617466696
4.44821470564992527130243615829386
4.45768874774379497694098972715437
4.46718296815178206315977149643004
4.47669740985072373007369606057182
4.48623211590899284573197292047553
4.49578712948668712812150261015631
4.50536249383583342620340772555210
4.51495825230057779009484875132330
4.52457444831737998214293838827871
4.53421112541521864613969228230417
4.54386832721577693661174635053612
4.55354609743364768803530751029029
4.56324447987653414315900590736419
4.57296351844543469411519254208542
4.58270325713485693341908699949272
4.59246374003300950050743267638609
4.60224501132199925734767020912841
4.61204711527803912218814730294980
4.62187009627163813973993455874734
4.63171399876781286764071410289034
4.64157886732628366388553331489675
4.65146474660167097425755855510943
4.66137168134370938332722289487720
4.67129971639744212552614044398069
4.68124889670342181346995857893489
4.69121926729792537713592537329532
4.70121087331314146950944632408209
4.71122375997739073483216998283751
4.72125797261532209603274168330245
4.73131355664811525940649516996928
4.74139055759369476561460032826290
4.75148902106693071800691541284323
4.76160899277984395183693777653389
4.77175051854181830890411220025271
4.78191364425980225405510282143950
4.79209841593852026164768176386133
4.80230487968068153747935866704211
4.81253308168718429982391171506606
4.82278306825733071860895506688394
4.83305488578903297280930928536691
4.84334858077902108419721116661094
4.85366419982306229741197967086919
4.86400178961615736739076965022832
4.87436139695276882122243478079326
4.88474306872702168647037979098968
4.89514685193291576581486879149452
4.90557279366454412894427150604315
4.91602094111630449901895190123469
4.92649134158310708642147801583633
4.93698404246059840971838639234193
4.94749909124536557669671310577542
4.95803653553516010532575819524936
4.96859642302911197475623339414597
4.97917880152793568271363255917095
4.98978371893416028370893400278874
5.00041122325234077550248912302777
5.01106136258926859738949133316055
5.02173418515420344476751779438928
5.03242973925907488563780134427361
5.04314807331871861606487073004246
5.05388923585108340574834073777311
5.06465327547744870173573872307315
5.07544024092265910752530544414185
5.08625018101533132863778519094922
5.09708314468807888175660991691984
5.10793918097773769204650307074189
5.11881833902557925597420762642287
5.12972066807754600858970661647618
5.14064621748446448634695116197690
5.15159503670226737170878550386988
5.16256717529222530771448873565532
5.17356268292116805440628013457172
5.18458160936170209254214569227770
5.19562400449244954359073744853958
5.20668991829826488526578032178804
5.21777940087045788430941684055142
5.22889250240703251648710647714324
5.24002927321290012940835367771797
5.25118976370012102705686629633419
5.26237402438812296168180182576180
5.27358210590392850747321062954143
5.28481405898239575691377467592247
5.29606993446643592449163406854495
5.30734978330724693762476817937568
5.31865365656455058029905558214523
5.32998160540681276131635968340561
5.34133368111148332246784775634296
5.35270993506522785310153267346323
5.36411041876415151108403733815067
5.37553518381404416004443191923201
5.38698428193060863122809678316116
5.39845776493968898535058542620391
5.40995568477751831437672080937773
5.42147809349093812159026128938422
5.43302504323764878790825605392456
5.44459658628643694555648835375905
5.45619277501741084535069603589363
5.46781366192224371758356937789358
5.47945929960441091566281102132052
5.49112974077941817796499890391715
5.50282503827505475868520079529844
5.51454524503162080151241752901115
5.52629041410217158869500053697266
5.53806059865276267828448908403516
5.54985585196267727781105350004509
5.56167622742468203966836881591007
5.57352177854526331657325499691069
5.58539255894486075249005807563663
5.59728862235812574255078288842924
5.60921002263414969490895600756630
5.62115681373672071430291907745413
5.63312904974455985751546904793940
5.64512678485156538243927570874803
5.65715007336706232621281742467545
5.66919896971604941882105777040124
5.68127352843943622673350546392612
5.69337380419430427735960620339029
5.70549985175413798543786469963379
5.71765172600908844202649561339058
5.72982948196621233449832288897596
5.74203317474972063649829578935169
5.75426285960123440332836253219284
5.76651859188003079736972722457722
5.77880042706329088986194619792514
5.79110842074635900900148044456728
5.80344262864298254811501465155743
5.81580310658557753100694753811695
5.82818991052547374920322909019887
5.84060309653316434008729629567824
5.85304272079856868771230438142084
5.86550883963128377729390194872394
5.87800150946083110881090760813095
5.89052078683692759142331851762719
5.90306672842972357528879001620226
5.91563939103007374598064416204579
5.92823883154979203169432366848923
5.94086510702189851684806853882037
5.95351827460088856014408520422876
5.96619839156299214266709896037355
5.97890551530642166966345030232333
5.99163970335164641767278226325288
6.00440101334164033630713674938306
6.01718950304215027813370397780091
6.03000523034195978766547341365367
6.04284825325313867949716950533912
6.05571862991132103815061782370321
6.06861641857595923710277929785661
6.08154167763058683959798145224340
6.09449446558309126942276634508744
6.10747484106596605357708540395834
6.12048286283658882211966556496918
6.13351858977748243262340110959485
6.14658208089657520645232580136508
6.15967339532747804042855932493694
6.17279259232974908400137792341411
6.18593973128915486370260623516515
6.19911487171795094752724253339693
6.21231807325513951667517176247202
6.22554939566674914175337107735686
6.23880889884610212448023958131671
6.25209664281407917485466896323487
6.26541268771940274007192783756182
6.27875709383890079351431268150918
6.29212992157777950552599577349611
6.30553123146990479597207013284788
6.31896108417806434687236105673946
6.33241954049425270767414986039512
6.34590666133994485420544151565991
6.35942250776636175402245498844422
6.37296714095476080075286517967470
6.38654062221670759669223116361536
6.40014301299434418268674562568776
6.41377437486068480154699500417337
6.42743476951987791068177102715708
6.44112425880749661644131265347824
6.45484290469081667396267221192829
6.46859076926908738158772393944673
6.48236791477382734427692412282340
6.49617440356909803256257873727009
6.51001029815178355875104898586869
6.52387566115188199944441294064745
6.53777055533277895449373318115249
6.55169504359154153405597753589973
6.56564918895919724661780492169783
6.57963305460101555155461028334685
6.59364670381680628707954383571632
6.60769020004119411737519840244204
6.62176360684390985511527105700225
6.63586698793008089580780506366864
6.65000040714051365853265451733023
6.66416392845198846117682478507049
6.67835761597754995477771444711834
6.69258153396678512336848143604584
6.70683574680613237006809868034907
6.72112031901916040510513994377106
6.73543531526685956833944146637805
6.74978080034794469810321970726363
6.76415683919914201283063448499888
6.77856349689547688086577181820758
6.79300083865058201837427986902185
6.80746892981698081825925328303128
6.82196783588639021900235093198717
6.83649762249001824443439545575529
6.85105835539884910900809700251557
6.86565010052395585660178767284378
6.88027292391679345939792256103829
6.89492689176949102858316109632142
6.90961207041516356497368178679608
6.92432852632819884064474535989575
6.93907632612457181409126860671677
6.95385553656213861728474512347020
6.96866622454093320726542515330948
6.98350845710348444583814853103831
6.99838230143511186298610482481308
7.01328782486422230846301317797042
7.02822509486263147238105375436135
7.04319417904585165501885057892650
7.05819514517341151105256358277984
7.07322806114915803021858664578758
7.08829299502155940615466533927247
7.10339001498401945156047077034600
7.11851918937518668428765522548929
7.13368058667925275528887141263112
7.14887427552628107463306150748394
7.16410032469249635767027939436957
7.17935880310061413922539941268042
7.19464977982014453061765379970893
7.20997332406770041757226863410324
7.22532950520732164534365438157693
7.24071839275078144027020243811421
7.25614005635789904857801957405172
7.27159456583686569786095788003877
7.28708199114454746592173250974156
7.30260240238681124225195162580349
7.31815586981884180772794934455305
7.33374246384544914434400197933428
7.34936225502140327847655498771928
7.36501531405174425515269831521437
7.38070171179209744138915993971750
7.39642151924900748127811311860569
7.41217480758024560572039263206534
7.42796164809514536386814143043011
7.44378211225491615010696477838792
7.45963627167296561282228140044026
7.47552419811523272130671102786437
7.49144596350050662181274674367160
7.50740163990074726996226672781631
7.52339129954142649125969910528511
7.53941501480183529082523818942718
7.55547285821542935480010783066973
7.57156490247015145911291256197728
7.58769122040874943735389024368487
7.60385188502912345853701481246389
7.62004696948465021222318682703190
7.63627654708450265275132551323622
7.65254069129400260607098971377127
7.66883947573493163218927293200977
7.68517297418588274382500458159484
7.70154126058258636788877993240021
7.71794440901823719514140975661576
7.73438249374384589884812157833949
7.75085558916856687261542901978828
7.76736376986002685640642084763385
7.78390711054468020790864102309570
7.80048568610812864676518074702471
7.81709957159547652594255850999616
7.83374884221166301045968793914653
7.85043357332179514429526534513570
7.86715384045150400993406947236508
7.88390971928727957163118844619021
7.90070128567680463049782702000812
7.91752861562931808947496392647736
7.93439178531593469756444392260164
7.95129087107001186751631394145079
7.96822594938748540727146973949857
7.98519709692720791593956164433621
8.00220439051131293695107160601765
8.01924790712555335403521894477308
8.03632772391964245173312519909814
8.05344391820761984490673057734966
8.07059656746818632200302090495825
8.08778574934506444549242587527260
8.10501154164735027052302029915154
8.12227402234984907636317075230181
8.13957326959345373040832782862708
8.15690936168548219598051218781620
8.17428237710002925098251580493525
8.19169239447834129919101542327553
8.20913949262914144355818280018866
8.22662375052901673200267396168783
8.24414524732276277063647285103798
8.26170406232373188970541377784684
8.27930027501421150759597367141396
8.29693396504577584948947333032265
8.31460521223963233694576047128066
8.33231409658701061005103838397190
8.35006069824950003521735197864473
8.36784509755942806918938003946096
8.38566737502021730676915467483923
8.40352761130674608125445956829935
8.42142588726572327573194343131036
8.43936228391605247622919705463573
8.45733688244918191401211515767500
8.47534976422950414587376144481823
8.49340101079468823286333645228297
8.51149070385607942057504260446876
8.52961892529905263415912486379966
8.54778575718338018418762658257037
8.56599128174361901244537875754759
8.58423558138946951601155888056383
8.60251873870614858219596499111503
8.62084083645477683433000493096188
8.63920195757273390313457639422268
8.65760218517404744886789558222517
8.67604160254977330168912885710597
8.69452029316834895666943339165300
8.71303834067600213586501922691241
8.73159582889711138875554752303287
8.75019284183458267989408341236413
8.76882946367024196376860345480964
8.78750577876520466702459088992327
8.80622187166026826332654309226200
8.82497782707628886100792442448437
