7.49683
6.1481
6.13904
6.15096
6.13904
6.15907
6.15692
6.14715
6.15907
6.17909
6.18315
6.13999
6.17981
6.15692
6.13904
6.18291
6.14595
6.145
6.16193
6.12497
6.13308
6.15287
6.15406
6.15597
6.15287
6.16002
6.13689
6.12998
6.15501
6.15382
6.15406
6.14905
6.15692
6.15501
6.15191
6.17599
6.15907
6.16288
6.16312
6.15191
6.14905
6.16312
6.18696
6.14095
6.13689
6.17599
6.145
6.16479
6.13213
6.15478
6.16312
6.16097
6.1481
6.13308
6.18482
6.19102
6.12998
6.15692
6.16884
6.145
6.17409
6.13594
6.13499
6.16789
6.20198
6.15191
6.15597
6.15001
6.13904
6.14214
6.15287
6.15096
6.13093
6.12903
6.15096
6.13904
6.15191
6.13499
6.13999
6.17003
6.15621
6.14715
6.12688
6.13117
6.15597
6.16312
6.14405
6.13403
6.14309
6.16121
6.15501
6.1481
6.13999
6.14095
6.17504
6.12593
6.16908
6.13785
6.16693
6.15406
6.11401
6.16908
6.16693
6.15478
6.13904
6.14309
6.13594
6.17218
6.1512
6.13093
6.14905
6.13904
6.14786
6.12712
6.17909
6.17886
6.16193
6.13213
6.16097
6.12617
6.16002
6.14715
6.15883
6.15406
6.14691
6.18696
6.14786
6.15501
6.14309
6.15788
6.1779
6.13999
6.15311
6.13689
6.14405
6.15096
6.19698
6.1419
6.14405
6.14214
6.16097
6.14786
6.12903
6.15287
6.15191
6.16002
6.13403
6.13999
6.15501
6.15311
6.13499
6.145
6.14691
6.15907
6.16288
6.181
6.18005
6.13499
6.13904
6.13904
6.13809
6.15001
6.15406
6.145
6.15501
6.19292
6.14595
6.1729
6.15907
6.16002
6.13809
6.15788
6.15716
6.11782
6.14595
6.13904
6.1729
6.16097
6.15191
6.13499
6.145
6.14214
6.1419
6.17194
6.12307
6.14977
6.17313
6.15382
6.13904
6.145
6.15501
6.13189
6.15096
6.14309
6.17504
6.15001
6.12116
6.17409
6.14595
6.15287
6.16813
6.16503
6.15907
6.19507
6.1419
6.13999
6.16288
6.13904
6.15621
6.14595
6.16217
6.14285
6.17599
6.12998
6.16002
6.13904
6.14285
6.1481
6.1388
6.16908
6.15788
6.17003
6.13213
6.16908
6.13499
6.13689
6.13499
6.16789
6.17003
6.14905
6.12879
6.15907
6.16288
6.12092
6.13904
6.15001
6.16908
6.14619
6.16407
6.16002
6.14405
6.14095
6.15907
6.15692
6.12998
6.12998
6.12998
6.12998
6.14786
6.15501
6.14285
6.18911
6.14119
6.14619
6.17814
6.16002
6.17623
6.16622
6.145
6.12998
6.17194
6.13999
6.14309
6.145
6.14405
6.14405
6.14405
6.15001
6.13594
6.15978
6.14905
6.12903
6.14905
6.16717
6.1481
6.14095
6.16693
6.14905
6.1388
6.16813
6.15501
6.14619
6.15907
6.1481
6.17003
6.13809
6.14595
6.14691
6.14691
6.16789
6.1152
6.16598
6.13308
6.15096
6.13999
6.15096
6.14786
6.14595
6.1419
6.13999
6.14715
6.13904
6.16002
6.15692
6.14095
6.16288
6.145
6.15001
6.12712
6.15287
6.12903
6.16097
6.16407
6.15716
6.13713
6.13189
6.12807
6.15191
6.15597
6.16598
6.14285
6.14977
6.16813
6.14095
6.13999
6.12307
6.14309
6.15788
6.14715
6.17218
6.14786
6.12903
6.16002
6.13999
6.15001
6.145
6.14214
6.13618
6.15287
6.14905
6.15907
6.12712
6.17886
6.16407
6.15096
6.13594
6.13284
6.14905
6.16693
6.16217
6.14285
6.12712
6.13809
6.12807
6.14619
6.15215
6.12998
6.18291
6.13809
6.14309
6.18482
6.14309
6.16598
6.14691
6.19102
6.13093
6.15001
6.15406
6.17194
6.13689
6.1481
6.18601
6.18911
6.14977
6.13499
6.14405
6.16097
6.14691
6.14905
6.17313
6.13809
6.12617
6.1872
6.14595
6.17385
6.18315
6.13499
6.13093
6.16813
6.145
6.15096
6.1481
6.14595
6.16193
6.16097
6.16693
6.16002
6.18887
6.18196
6.15692
6.14595
6.15215
6.16789
6.12593
6.15001
6.13999
6.17003
6.15191
6.16503
6.15597
6.14786
6.1729
6.15716
6.15001
6.14715
6.16217
6.15382
6.15811
6.14595
6.181
6.19102
6.15692
6.18315
6.145
6.13713
6.15788
6.12402
6.12998
6.145
6.15597
6.18196
6.1481
6.1419
6.17695
6.13999
6.14691
6.18196
6.15692
6.16193
6.15907
6.1419
6.15907
6.12712
6.15692
6.17003
6.16789
6.145
6.11091
6.16693
6.13499
6.13403
6.15311
6.15883
6.14214
6.1748
6.18505
6.15501
6.181
6.14214
6.16693
6.15501
6.14715
6.14882
6.13308
6.14309
6.15311
6.12903
6.1512
6.16884
6.13308
6.15716
6.16479
6.15716
6.13499
6.16407
6.16193
6.13189
6.12807
6.16789
6.18196
6.13809
6.13117
6.17385
6.15597
6.14405
6.15501
6.14405
6.13284
6.13809
6.14595
6.13284
6.18005
6.13689
6.19197
6.16789
6.18505
6.18505
6.13308
6.1512
6.15382
6.16193
6.12497
6.15191
6.14405
6.15597
6.16598
6.14786
6.14405
6.11997
6.13785
6.15096
6.15811
6.13189
6.18911
6.13403
6.13189
6.15287
6.15001
6.17194
6.15788
6.14595
6.13594
6.15191
6.16002
6.14691
6.16193
6.13093
6.13689
6.15716
6.14715
6.15287
6.13809
6.16097
6.17909
6.13999
6.14786
6.13499
6.18196
6.1419
6.13499
6.17504
6.15692
6.14095
6.13093
6.12807
6.14405
6.16193
6.12307
6.15191
6.14595
6.11591
6.16193
6.17003
6.13499
6.16384
6.14119
6.12116
6.1481
6.13093
6.15287
6.14715
6.18315
6.16622
6.13618
6.1512
6.17218
6.14715
6.19006
6.14309
6.1748
6.13403
6.15096
6.16598
6.2058
6.15215
6.15716
6.18505
6.15406
6.145
6.14619
6.17909
6.12783
6.14595
6.17814
6.13308
6.16693
6.15191
6.17599
6.15907
6.14905
6.14619
6.16908
6.16693
6.16789
6.12497
6.17099
6.13904
6.15191
6.13284
6.17909
6.15096
6.15716
6.13379
6.15811
6.14882
6.13713
6.12617
6.14309
6.13999
6.13499
6.16002
6.1419
6.15716
6.15001
6.15811
6.12998
6.14715
6.14786
6.14405
6.15883
6.15597
6.11806
6.18696
6.15501
6.15215
6.16193
6.145
6.13999
6.13117
6.14309
6.15597
6.14882
6.15597
6.16097
6.13999
6.13904
6.15001
6.14119
6.1419
6.15096
6.14095
6.13499
6.15597
6.15788
6.16097
6.15501
6.18505
6.13809
6.13809
6.13308
6.12903
6.15716
6.16217
6.13999
6.16813
6.16217
6.15287
6.1419
6.13403
6.15382
6.15406
6.13999
6.18196
6.18219
6.15001
6.16693
6.15001
6.14309
6.15692
6.15001
6.13308
6.13213
6.15907
6.13284
6.13809
6.18982
6.15716
6.14715
6.16407
6.14405
6.16693
6.16097
6.1481
6.14095
6.19292
6.14381
6.15096
6.14405
6.15191
6.15907
6.15096
6.15191
6.15692
6.14905
6.15978
6.15811
6.1729
6.13403
6.17409
6.15692
6.17099
6.17003
6.14691
6.15096
6.16789
6.17599
6.12903
6.13713
6.15096
6.15597
6.12712
6.13499
6.15788
6.13594
6.14595
6.12307
6.14786
6.18005
6.1512
6.14214
6.16288
6.16002
6.1419
6.16002
6.15382
6.15287
6.19006
6.14095
6.17695
6.1419
6.13689
6.16121
6.13809
6.12187
6.15406
6.13594
6.13999
6.145
6.17599
6.16193
6.17099
6.13689
6.13713
6.13904
6.16002
6.12903
6.14309
6.14285
6.15907
6.13403
6.1512
6.12497
6.14309
6.12879
6.14214
6.15001
6.16503
6.1481
6.14882
6.14095
6.16407
6.15597
6.17194
6.15382
6.12807
6.17409
6.19507
6.15406
6.16312
6.15692
6.16384
6.17409
6.13308
6.13499
6.1419
6.12593
6.15406
6.1481
6.15001
6.16193
6.14595
6.15692
6.16002
6.21104
6.13618
6.13594
6.16693
6.12903
6.17099
6.14119
6.15501
6.12402
6.17599
6.15788
6.15406
6.15382
6.17003
6.14595
6.19292
6.15597
6.15191
6.1481
6.14119
6.14214
6.1419
6.20389
6.15811
6.12187
6.14405
6.16407
6.13594
6.13809
6.145
6.145
6.16097
6.15001
6.15883
6.14214
6.15978
6.17313
6.17099
6.13189
6.1729
6.15001
6.15501
6.14882
6.14214
6.16193
6.145
6.15501
6.145
6.14786
6.15621
6.15811
6.17504
6.17099
6.14309
6.15597
6.13904
6.14119
6.18196
6.13809
6.15191
6.13999
6.16193
6.1698
6.13308
6.15597
6.14285
6.13809
6.16312
6.17099
6.145
6.13213
6.14882
6.14595
6.1481
6.1729
6.14691
6.13904
6.16789
6.15096
6.15001
6.13689
6.16002
6.16789
6.16407
6.11806
6.17504
6.15811
6.14405
6.16097
6.16503
6.18196
6.17194
6.13308
6.15191
6.14405
6.15287
6.19507
6.13213
6.15883
6.15215
6.1841
6.15191
6.1419
6.1419
6.15215
6.14619
6.13713
6.1419
6.14285
6.15597
6.15811
6.13308
6.15788
6.16693
6.145
6.16789
6.15191
6.1841
6.16693
6.11997
6.15382
6.14595
6.145
6.15096
6.15287
6.13117
6.14405
6.13689
6.13999
6.21295
6.17504
6.14595
6.18291
6.20198
6.14595
6.13284
6.13093
6.13999
6.15692
6.14309
6.16813
6.15907
6.12712
6.145
6.13999
6.15907
6.13904
6.145
6.16097
6.12211
6.14309
6.14595
6.15501
6.1388
6.13594
6.14715
6.14715
6.14786
6.15501
6.15096
6.15001
6.14691
6.13403
6.14786
6.15311
6.15621
6.13308
6.13403
6.13904
6.15311
6.145
6.1419
6.16717
6.14715
6.15001
6.15597
6.13594
6.16503
6.16789
6.13403
6.16407
6.1419
6.1419
6.15811
6.14595
6.14595
6.14095
6.15406
6.15311
6.13999
6.16813
6.13284
6.16908
6.1388
6.16598
6.1419
6.14905
6.15907
6.15001
6.15406
6.15692
6.1419
6.14691
6.17409
6.15907
6.15716
6.13308
6.14595
6.181
6.1419
6.16097
6.17003
6.15311
6.13189
6.15907
6.13785
6.14095
