108.211
100.261
100.376
100.264
100.361
100.502
100.548
100.611
100.241
100.356
100.32
100.429
100.483
100.383
100.37
100.431
100.678
100.661
100.426
100.452
100.426
100.411
100.301
100.461
100.444
100.235
100.405
100.397
100.399
100.301
100.37
100.254
100.534
100.39
100.496
100.386
100.43
100.409
100.338
100.365
100.381
100.541
100.529
100.429
100.387
100.401
100.547
100.437
100.483
100.539
100.495
100.415
100.407
100.487
100.433
100.402
100.39
100.542
100.497
100.429
100.533
100.566
100.443
100.541
100.45
100.42
100.361
100.46
100.487
100.294
100.348
100.475
100.539
100.474
100.356
100.576
100.513
100.539
100.651
100.345
100.267
100.371
100.411
100.554
100.479
100.466
100.455
100.51
100.391
100.377
100.35
100.541
100.535
100.469
100.403
100.567
100.549
100.588
100.496
100.437
