50.957
51.0299
50.823
50.436
50.303
50.302
49.8531
49.881
50.0269
49.84
50.3671
50.2191
50.113
49.7901
49.4781
49.9818
49.2952
49.582
50.3602
50.2491
50.312
49.969
49.7611
50.0972
50.4689
50.838
50.529
50.2851
49.938
49.6659
50.138
49.674
49.782
49.984
50.159
50.4079
50.036
49.8469
50.724
50.452
49.767
50.2081
50.1881
50.3469
50.3719
50.3631
50.1449
50.108
50.3361
50.0112
49.7019
49.9701
50.5641
50.06
50.137
49.7561
49.619
50.0031
50.245
50.092
49.8688
50.2999
50.179
49.7971
50.6001
50.2429
50.436
50.0231
49.8559
49.9291
49.8061
50.9069
50.456
50.132
50.6232
50.169
49.7191
49.9501
50.0751
49.8888
49.953
49.9861
50.3139
50.405
50.5559
49.7921
49.9878
49.6089
50.688
49.715
49.7301
49.866
50.492
49.5441
50.0321
49.542
49.701
49.7601
49.9098
49.722
50.1461
50.03
50.493
49.969
50.1561
49.845
50.2651
50.667
50.0751
50.2431
50.1361
49.952
49.788
49.459
50.4129
50.7989
49.463
50.2419
50.3271
49.772
50.3719
49.7229
49.6719
49.9432
50.4911
50.2851
49.7351
50.087
49.8991
49.8421
50.1251
49.8631
50.386
50.045
50.2179
50.693
49.7401
50.0441
50.405
50.755
49.8328
50.0209
49.716
50.499
49.8488
50.005
50.144
50.1411
50.1342
49.819
50.1449
50.1399
50.1649
50.0801
50.1549
50.0569
50.5641
49.68
50.154
50.5879
49.7298
50.1599
49.9408
50.0159
49.8109
50.2729
50.565
50.0939
50.2489
50.7588
50.0989
50.04
49.7441
49.644
50.2188
49.9489
50.117
50.864
49.8872
50.41
50.245
50.142
50.801
50.802
50.1671
50.04
50.3228
49.789
49.9389
49.8719
50.596
49.8011
49.803
50.01
50.4799
49.6299
49.5548
49.8979
50.693
50.0071
50.401
49.8319
50.1559
49.607
49.9721
50.1919
49.9568
49.6609
49.989
50.3838
50.1931
50.1499
49.917
50.113
50.2222
50.056
50.153
49.855
50.1301
49.9482
49.5529
50.0679
50.0779
49.834
50.308
50.3569
50.0438
49.669
50.1959
49.7911
49.7131
49.746
50.2582
49.7181
50.6301
50.2939
50.7109
49.973
50.0431
50.3311
49.989
50.0309
49.7429
49.8922
50.0891
50.6451
49.9961
49.8261
50.648
50.0178
49.752
50.118
50.828
50.576
50.391
49.983
49.695
50.4141
50.1351
50.137
50.451
49.3839
50.0081
50.4951
50.2579
50.1311
49.861
50.9799
49.926
49.803
50.427
50.1399
49.751
49.8111
49.845
49.5839
50.5788
49.8121
49.9651
50.035
49.9859
49.8559
49.849
50.102
50.1299
50.2801
50.54
49.9361
50.473
50.4711
49.7751
50.5791
50.0901
49.86
49.7971
49.6972
50.508
49.9172
49.624
50.0741
50.1058
49.8719
50.2279
50.174
50.879
50.6859
49.8669
50.1809
49.978
49.958
50.1359
50.678
50.8492
50.1571
49.628
50.159
50.0319
49.9771
50.6849
50.045
50.3349
50.3769
49.9821
50.02
50.4248
49.9749
50.0078
50.184
49.922
50.3678
49.8989
50.5559
50.2229
49.9549
50.755
50.175
50.138
49.8178
49.9461
49.789
50.519
49.9392
49.5882
50.4901
49.772
50.02
50.4789
50.5099
50.1549
49.9399
50.73
49.8819
50.575
50.7181
49.5701
50.2682
50.0109
50.554
50.276
50.2369
50.535
50.457
49.9721
50.2031
50.343
49.9129
50.2262
50.025
49.8002
49.588
50.0319
49.7551
50.061
49.993
50.529
49.89
50.0481
50.204
50.128
49.7751
49.6011
50.302
50.4389
50.4
50.4789
50.7419
50.2319
49.4831
49.7632
49.9089
50.216
50.5998
50.241
50.055
49.6769
49.9909
50.2658
49.648
49.8672
50.0131
49.5389
50.1869
49.8049
49.655
49.964
50.1471
50.2138
50.3709
50.101
49.845
49.516
50.2031
50.2911
49.2749
49.639
50.2489
49.5539
50.2479
49.803
50.07
50.7102
50.0469
50.406
50.37
50.6139
50.2629
49.7351
50.133
49.9361
50.3151
50.1342
50.736
49.9239
50.7469
50.5569
50.5812
49.7971
50.8411
49.706
49.7749
50.036
50.2601
49.4678
49.51
49.9771
49.8481
50.0011
50.3991
50.298
50.23
50.1971
50.528
49.6411
50.2729
50.2889
50.118
49.8362
50.2791
49.649
49.5989
50.452
50.123
50.045
49.9859
50.082
50.1559
50.1599
49.6638
50.1471
50.5331
50.2062
50.2779
49.85
49.9442
50.0321
50.0741
49.5892
49.9671
50.37
50.386
50.0331
49.8762
49.8681
50.416
49.6769
49.5651
50.0269
49.4571
50.6129
49.7811
50.4122
50.2741
50.467
49.942
49.9179
50.0441
49.8571
49.998
49.7031
49.684
49.711
50.5991
50.0219
49.803
49.582
49.7351
50.6999
49.7751
50.271
50.1239
49.737
49.8359
50.03
50.0071
50.8008
50.065
50.1268
50.19
49.8641
50.4181
49.849
50.0178
50.0739
49.9909
50.199
49.5811
50.5371
49.2971
50.077
50.2141
49.6981
49.8981
50.2532
49.525
49.5529
49.9179
50.185
50.024
49.855
49.875
49.983
50.21
50.2591
50.0572
50.034
49.767
49.9351
49.978
49.6821
50.076
50.93
50.4699
50.199
50.3042
50.2059
50.122
49.8712
49.6721
50.272
50.2501
49.7
50.1199
50.148
50.0932
50.025
50.0441
49.8891
49.4761
50.0851
49.8919
50.3449
50.0169
50.02
50.4861
50.0319
49.5811
49.8919
50.7052
50.1051
50.4301
49.4862
50.4181
49.824
50.117
49.938
50.1299
50.02
50.2431
49.84
49.962
50.0691
49.8128
49.629
50.426
50.2961
49.9082
50.0121
50.3311
49.747
49.8271
49.808
49.8788
50.216
50.0689
50.292
49.787
49.9549
49.933
50.0078
49.989
49.9361
49.9768
50.2169
50.9689
49.4709
49.861
49.978
50.113
50.019
50.0419
50.4141
49.4812
50.756
50.2391
50.8201
50.56
50.4248
50.271
50.2532
50.2081
50.3569
50.0219
49.937
50.137
49.6509
49.9132
50.277
49.8459
50.096
49.6991
50.5898
50.1051
50.0782
49.782
50.3139
50.127
50.015
50.2222
50.2272
49.751
49.993
49.7129
50.2272
49.655
50.5419
49.8219
49.922
50.091
49.9411
50.3001
50.3721
49.772
50.1518
50.519
50.0891
50.1668
50.293
50.3271
50.0929
50.3161
49.7859
50.2989
50.468
50.1261
49.8681
50.4842
49.958
50.4558
50.2479
50.0081
50.2591
49.736
50.0031
50.2548
50.4858
49.8631
49.984
50.771
49.727
50.123
49.7482
50.1871
50.7221
49.6991
50.348
49.8731
50.276
50.107
50.5121
49.803
49.7239
50.6229
50.0822
49.974
49.8168
50.081
50.0739
50.168
50.0669
50.319
50.308
49.752
50.2748
50.046
50.437
50.7259
49.5839
49.9089
49.509
49.499
50.076
50.1099
49.3879
49.5958
49.9821
50.2021
49.6731
50.122
49.7799
49.6268
49.644
50.245
49.9821
49.839
49.844
49.855
50.221
49.675
49.9961
49.8662
50.1041
50.8711
49.6352
49.7301
50.5152
50.7631
50.3812
50.194
49.979
49.83
50.179
49.931
50.539
49.8281
49.7031
49.9401
49.427
49.7918
49.9771
50.3531
49.9411
50.6949
50.282
49.968
49.5861
50.1208
50.113
49.9671
50.3979
50.3321
50.221
49.5541
49.8259
50.195
50.1821
50.4529
49.798
50.339
50.2379
50.0572
49.8719
50.436
50.0419
50.1592
49.6631
50.2951
50.2632
50.142
50.267
50.1649
49.957
49.526
50.607
50.106
50.308
50.0021
49.902
49.566
50.4909
50.0998
49.9101
51.0161
50.3821
50.0131
50.1859
50.1881
50.611
49.8211
49.6571
50.1761
50.3001
50.1649
49.8059
50.168
50.3111
49.541
50.257
50.1709
49.7799
50.287
49.9899
50.1049
50.252
50.3139
50.4241
50.6229
50.1251
50.581
49.824
49.6042
49.88
50.0109
49.6671
50.0491
49.8219
50.53
50.081
50.4079
49.5729
50.2729
49.9098
50.437
50.02
50.5788
49.994
50.3049
50.0689
51.0268
49.407
49.9258
50.174
49.8328
50.3969
50.051
49.4089
49.7961
50.3261
50.0858
50.6999
49.8099
50.3869
50.4689
50.4601
50.102
50.348
49.993
50.1311
50.0898
50.036
49.7789
49.7608
50.19
49.824
50.1029
50.6139
49.567
50.5002
50.2369
50.4901
49.952
50.277
50.0779
49.9861
49.8331
50.4332
49.8071
49.6211
50.3302
50.06
50.3089
50.1721
50.164
50.0281
49.5062
49.6421
50.3738
49.957
49.3701
49.6449
50.133
49.711
50.0741
50.2698
49.984
50.2689
50.4818
49.927
49.865
49.696
49.9661
50.0021
50.2019
49.782
50.451
50.087
49.9511
49.9852
50.159
49.8099
49.9718
50.391
49.8948
50.2651
49.603
50.0479
50.4749
50.1709
49.911
49.8841
51.0921
49.9601
50.2222
50.6539
50.4839
49.8009
50.1978
50.1699
50.076
50.257
50.2179
50.168
49.7901
49.8211
50.2262
49.948
49.839
50.0162
50.288
49.8168
50.4949
50.076
49.5331
50.035
49.758
50.1902
49.5861
50.231
49.7551
50.046
49.958
50.5509
49.4459
49.721
50.5881
49.711
50.4169
50.288
50.245
50.2672
50.0109
49.444
50.164
50.5171
50.267
50.2911
49.9041
49.8121
50.2172
49.9811
50.184
49.7811
50.0839
49.8021
49.5071
50.215
50.0731
50.1211
49.7708
50.0669
49.5341
50.5328
50.9241
49.7351
49.825
50.7569
49.7859
50.137
50.4861
50.2381
50.4451
