56.9429
51.2829
50.5922
50.9641
51.43
51.131
51.5029
51.667
51.121
51.1851
51.0762
50.5941
50.395
50.9219
51.132
51.0888
51.0888
50.8611
51.0101
51.2481
51.007
50.6878
51.1451
51.187
51.369
51.2872
51.0581
51.6469
50.8368
51.2509
50.6959
50.756
51.1422
51.764
51.1482
51.2819
50.6768
51.163
51.435
50.7791
50.813
51.2109
50.637
50.92
50.9791
50.4551
50.971
51.543
50.9689
51.47
51.806
51.4588
51.1179
51.4259
51.2662
50.791
50.9448
51.0161
51.2621
51.4381
50.74
51.2691
51.168
50.962
51.8749
50.8158
51.4231
51.7681
50.915
50.8361
51.1491
50.58
51.0511
50.7331
51.8329
50.8709
50.9672
51.0859
51.4801
51.0461
51.0092
51.172
51.069
51.4739
51.281
51.2779
51.4228
51.2791
50.899
51.635
51.98
50.71
51.1591
51.0352
50.9951
51.3661
51.5292
50.5672
50.848
51.024
50.6129
51.1732
51.0211
51.0941
50.781
51.374
50.859
51.0418
51.239
51.115
51.317
51.4212
51.0402
51.1789
51.106
50.8151
51.1098
50.9269
50.705
51.0671
51.1839
50.8449
51.342
51.1291
51.409
51.132
50.94
51.064
51.2409
51.0361
50.9119
51.3029
50.9
51.039
50.962
51.1301
51.0061
51.089
50.5779
50.7629
50.8192
50.9911
50.9832
51.079
51.301
51.0859
51.122
51.146
50.9801
50.9021
51.183
51.6539
51.486
51.0001
51.25
50.8189
50.915
51.064
50.611
51.044
50.822
50.534
50.8709
50.9009
51.646
50.647
51.0461
51.2331
50.9551
51.0411
50.703
50.931
51.2021
51.1632
50.8571
50.966
50.879
51.2729
51.3952
51.0521
51.0092
51.81
50.988
50.7739
50.8499
51.523
51.4221
51.7402
51.7521
51.3651
51.1432
50.7131
50.6201
51.0089
51.229
51.4669
51.4131
51.075
51.1439
51.2969
50.6651
51.07
50.647
50.9291
50.9751
51.5041
51.4319
51.286
51.5032
50.8809
50.719
51.5368
51.008
51.3382
51.513
51.43
51.0781
51.1189
50.925
51.1632
51.3539
50.528
51.45
51.0461
50.8208
51.481
50.451
50.5879
51.3771
50.7829
51.2359
51.1858
50.9539
51.2259
51.115
50.8201
50.9281
50.813
51.3079
50.838
50.6489
51.1439
51.4109
51.007
51.307
50.5791
50.9181
51.3041
51.3341
50.741
51.1088
51.3098
50.9861
51.3752
50.693
51.0738
50.9779
51.631
51.1031
51.1441
51.23
50.7419
50.935
51.142
51.0659
51.0881
50.9541
51.409
50.8819
51.1501
50.8611
50.8568
51.2359
50.4639
50.4329
51.523
50.8311
50.967
50.9779
51.326
51.0199
50.9789
50.5869
51.1739
51.0199
51.2321
50.9319
51.0888
51.1639
51.3549
50.8249
50.9129
51.4629
50.756
50.75
51.059
50.951
51.1849
50.7069
51.158
51.1038
50.9689
50.8099
51.162
51.0559
51.2879
51.2159
50.7631
51.199
51.434
50.7312
51.0411
50.8971
51.7161
51.0018
50.576
51.4579
50.7929
51.5022
51.3279
50.7479
50.6248
51.209
51.3771
51.141
50.5519
50.699
50.673
51.2979
50.581
51.6171
51.2969
50.741
51.2519
51.368
51.2002
51.702
51.172
50.7309
51.019
51.1699
50.776
51.132
50.9949
51.296
51.095
51.224
50.915
50.6771
51.3401
51.5211
51.4219
51.204
50.776
51.4948
51.1911
51.11
51.337
50.9181
51.0681
50.8459
50.7948
51.585
51.204
51.2571
50.971
50.972
51.4359
50.8859
51.5411
50.6589
50.9419
51.0368
51.7111
51.6541
50.7131
51.3542
50.4501
51.167
50.653
50.9381
50.6291
50.946
51.049
51.4588
50.966
51.369
51.177
51.1129
50.9129
50.8699
51.456
50.72
50.8871
51.0471
50.904
51.1122
50.9491
51.0509
50.6971
50.9019
50.2779
50.7441
50.7741
51.4388
50.6599
51.1529
51.209
51.7471
50.3891
51.146
51.3229
50.9079
50.9329
51.2791
51.249
51.589
50.9791
51.383
50.9851
51.0979
50.8349
51.2729
50.77
51.1291
50.9591
51.0709
51.0721
50.8411
51.1131
50.7421
50.6752
50.6871
50.5388
51.44
50.853
51.5919
50.704
50.9071
51.2719
51.331
50.7271
51.1661
50.8559
51.1041
50.9551
50.8971
50.7212
51.275
50.6721
51.126
50.9579
50.7119
51.0559
51.424
51.3799
50.9579
51.234
51.301
51.2969
50.766
51.0411
51.194
51.039
51.0459
51.0809
51.121
51.3382
51.4472
50.91
50.915
51.0659
50.5431
51.199
51.1661
50.9431
50.736
51.1119
50.8108
51.595
51.5599
51.4791
51.116
50.863
50.7131
50.7488
50.936
51.1091
51.095
51.0981
50.9021
50.554
50.9162
51.307
52.042
51.06
50.4861
51.023
50.9222
51.6641
51.0471
50.7379
51.326
50.8971
50.488
51.0519
50.972
51.5349
51.5161
51.4309
51.0509
50.9269
51.496
51.137
50.689
51.2581
51.476
51.208
51.137
50.8831
50.992
51.4081
50.8101
50.756
51.2559
50.9522
50.9291
51.4648
50.8511
51.055
51.028
51.6391
51.1129
51.4319
51.286
50.8859
51.259
51.306
51.0621
50.8351
51.4901
50.602
51.8179
50.5021
51.188
51.0991
51.589
50.534
50.8261
51.29
50.71
51.2178
51.2309
50.6949
51.264
51.024
51.2209
51.4069
50.8559
50.7541
51.3332
51.3151
51.06
50.6949
50.8049
50.5359
50.8718
50.9501
51.0221
50.6601
51.3442
51.6691
51.348
50.7941
50.709
50.9331
50.9069
51.9319
50.5939
51.1138
51.121
50.7739
51.6138
51.3599
50.9939
51.3918
50.719
51.285
50.626
50.8311
51.0921
51.3721
50.858
51.3799
51.296
50.6999
51.379
50.8831
51.404
51.3151
50.7412
50.9641
51.944
51.0089
50.499
51.559
51.3849
50.7519
51.4069
51.1529
51.3299
50.832
51.446
51.1601
50.9081
51.6162
51.193
51.3411
51.5511
51.069
51.2218
50.8139
50.7939
50.8709
51.321
51.4209
50.7839
50.838
51.5308
51.3189
50.5369
50.9191
51.569
51.0371
51.2459
51.4898
50.832
51.1551
50.544
50.7619
51.017
51.0809
50.91
50.8571
50.8029
51.4472
50.8561
51.172
50.8058
51.244
50.8342
51.321
51.2102
50.8771
51.1839
51.1539
50.957
50.971
50.8749
51.0881
51.1572
50.9491
50.8511
51.1911
50.7538
51.3589
51.3539
51.0759
50.966
51.2381
50.616
50.601
51.0421
51.3592
50.945
51.049
51.229
51.105
50.9942
51.044
50.93
51.445
51.3248
51.2419
50.6608
50.5481
51.4691
51.0561
50.8661
51.2021
51.6138
50.982
52.2702
50.813
50.7801
50.9782
51.522
51.1289
51.4369
50.8039
50.8049
50.853
50.4408
51.6641
50.776
50.8642
51.0371
51.4672
51.2681
51.2261
51.2791
51.5091
51.1482
50.7281
50.9
50.652
51.2209
51.0101
51.2991
50.916
51.1231
51.3251
50.5409
51.125
50.823
50.889
51.383
51.3551
51.019
51.1839
50.909
51.23
50.8258
50.673
51.2562
51.919
51.06
51.038
50.77
50.653
51.074
51.0111
51.363
51.214
51.1642
51.2049
50.931
50.7782
51.1191
51.342
51.229
51.5361
51.389
51.0471
51.214
51.12
50.827
50.8211
50.688
51.5692
51.24
50.8108
51.183
51.2471
51.2478
51.0371
50.8621
50.6902
50.586
51.2328
50.6761
50.4329
50.7569
51.017
50.8211
50.9732
50.8058
51.07
50.8349
51.599
51.1611
51.2061
50.818
50.848
50.7491
50.9131
50.6351
50.9801
51.2979
51.3182
51.4181
51.26
51.578
51.3558
51.1799
50.849
51.4429
50.879
50.7789
51.1591
51.4231
50.7329
51.1639
51.089
50.823
50.6508
51.296
51.2941
50.9651
51.5099
51.5511
51.476
50.796
50.7061
51.1711
51.3332
50.771
51.079
51.4309
50.6179
50.8778
51.0669
51.0619
51.1639
51.759
50.595
50.8802
51.5621
51.0042
51.173
51.0108
50.8649
50.8189
50.988
50.9071
50.415
51.152
51.126
50.6699
51.0149
51.286
50.735
51.095
51.4119
50.766
51.2969
51.034
50.5421
51.4102
51.11
50.71
51.1761
50.9598
50.9729
51.0991
51.0931
50.709
51.3949
50.8399
51.424
50.9069
50.9329
50.9031
51.0449
51.2929
50.9861
50.885
51.4359
50.786
51.121
50.992
51.1019
50.736
51.116
50.7569
50.9338
51.0809
51.2049
50.7019
51.0318
50.375
51.3048
51.2609
50.9529
51.4848
50.966
51.0581
50.736
50.8502
51.259
51.518
50.751
50.8699
51.213
51.343
51.4309
50.436
51.348
50.8082
51.0759
51.0011
50.8871
51.048
50.7469
50.808
50.817
51.1239
50.9331
51.043
51.5351
51.06
50.9911
51.533
51.091
51.3048
50.756
50.981
51.0218
51.492
51.0461
51.5542
51.07
50.597
51.024
50.9911
51.3341
50.9121
50.9911
50.8301
50.6761
51.4021
50.5259
51.0292
51.2152
51.2171
51.64
50.796
51.2109
51.198
51.0759
51.3551
51.1401
51.192
50.8518
50.765
50.791
50.729
51.1839
50.7669
50.575
51.1689
51.0221
50.8652
50.966
51.3959
51.2409
50.8399
50.684
51.2509
50.9629
50.8289
51.1889
50.6492
51.47
50.293
51.012
50.9
51.2738
50.9799
51.182
50.777
51.6441
51.5552
50.5571
50.9021
51.1191
50.715
50.7152
51.2691
50.8702
50.8161
50.9939
52.002
52.1021
51.2748
51.3461
51.1141
51.6319
51.281
50.9439
51.101
51.4491
51.6939
51.337
51.651
51.0449
51.0929
51.559
51.3248
50.8449
