2.71416
2.71392
2.70796
2.71106
2.70796
2.70987
2.702
2.70486
2.70796
2.7101
2.70605
2.70581
2.70605
2.70915
2.7082
2.7051
2.70891
2.707
2.707
2.70391
2.70391
2.70486
2.70486
2.70796
2.70796
2.70605
2.70295
2.707
2.70605
2.707
2.70891
2.71106
2.70605
2.70605
2.70796
2.71201
2.70915
2.70891
2.70605
2.70414
2.70605
2.70796
2.70891
2.70796
2.707
2.70891
2.70796
2.7051
2.70796
2.7082
2.70605
2.7051
2.71106
2.70891
2.71297
2.71702
2.70486
2.707
2.707
2.70891
2.70581
2.7051
2.71606
2.70891
2.71106
2.707
2.70891
2.70486
2.707
2.71297
2.70796
2.70796
2.70677
2.70891
2.70796
2.70414
2.70605
2.7082
2.707
2.70414
2.70319
2.707
2.70891
2.70987
2.70891
2.70605
2.707
2.70605
2.70391
2.7051
2.7101
2.71201
2.70796
2.70796
2.70414
2.70605
2.707
2.7101
2.70605
2.7101
2.71201
2.71106
2.7051
2.71297
2.71297
2.707
2.70796
2.70796
2.70605
2.70891
2.70987
2.70891
2.70987
2.70891
2.70891
2.70605
2.70581
2.70987
2.71082
2.70987
2.707
2.7132
2.71106
2.70391
2.70891
2.68698
2.70605
2.71082
2.7101
2.707
2.71106
2.71201
2.70796
2.70581
2.70486
2.70987
2.71106
2.7101
2.70915
2.70796
2.70891
2.7082
2.71201
2.70891
2.707
2.70891
2.70796
2.70605
2.70677
2.70891
2.70891
2.70605
2.71082
2.70987
2.707
2.70605
2.707
2.707
2.70605
2.71082
2.70891
2.70891
2.71297
2.71201
2.7082
2.707
2.71106
2.707
2.7051
2.7101
2.70891
2.70796
2.7101
2.7101
2.707
2.70605
2.70605
2.70891
2.70486
2.70891
2.71082
2.70796
2.7051
2.70915
2.7101
2.70915
2.70796
2.71392
2.707
2.70796
2.70605
2.70891
2.707
2.70987
2.70891
2.70796
2.70486
2.70915
2.7051
2.71082
2.70891
2.70891
2.71606
2.71106
2.70915
2.70295
2.70391
2.7051
2.7101
2.70605
2.70796
2.70987
2.70891
2.707
2.70391
2.707
2.70796
2.70796
2.7101
2.70915
2.71106
2.70796
2.707
2.70605
2.70605
2.71106
2.70605
2.71177
2.70486
2.70891
2.707
2.70414
2.7101
2.707
2.707
2.71106
2.71201
2.71082
2.707
2.70915
2.7082
2.70796
2.70987
2.71082
2.70796
2.707
2.71106
2.70915
2.70414
2.707
2.71106
2.70796
2.70891
2.70987
2.70796
2.7051
2.7082
2.70891
2.707
2.70414
2.707
2.70915
2.707
2.7101
2.707
2.707
2.707
2.70796
2.71106
2.70891
2.70891
2.70891
2.71106
2.70605
2.7101
2.70605
2.71297
2.71106
2.70915
2.7051
2.70391
2.707
2.707
2.70605
2.70987
2.70581
2.70891
2.707
2.71106
2.71201
2.707
2.70796
2.71297
2.70581
2.707
2.70581
2.70796
2.70915
2.7101
2.7101
2.7101
2.71106
2.71106
2.707
2.70581
2.70891
2.707
2.707
2.70891
2.71487
2.707
2.707
2.70796
2.7082
2.707
2.70605
2.70486
2.707
2.70915
2.7101
2.7101
2.707
2.70987
2.707
2.70605
2.70605
2.71106
2.70391
2.70581
2.70796
2.70987
2.70605
2.70796
2.70915
2.71082
2.7101
2.71106
2.70796
2.70605
2.70414
2.7082
2.707
2.707
2.70915
2.70891
2.70486
2.70891
2.71201
2.71392
2.70581
2.70796
2.70605
2.7051
2.70605
2.70486
2.70987
2.70605
2.70891
2.70796
2.70796
2.7051
2.70295
2.71201
2.707
2.70796
2.7082
2.70891
2.71106
2.71201
2.70796
2.70987
2.71201
2.71106
2.70414
2.70796
2.70486
2.707
2.70796
2.7101
2.70796
2.707
2.707
2.70605
2.707
2.707
2.707
2.70581
2.70605
2.71297
2.71487
2.70796
2.70796
2.71201
2.70796
2.707
2.7101
2.70987
2.71082
2.707
2.7082
2.7051
2.7082
2.71106
2.7101
2.707
2.70581
2.7101
2.71201
2.70915
2.71201
2.71392
2.7082
2.7051
2.707
2.70486
2.70605
2.71392
2.70891
2.70796
2.70987
2.70987
2.7082
2.7051
2.7132
2.7051
2.707
2.71416
2.70796
2.70796
2.70581
2.70796
2.70796
2.707
2.71416
2.70605
2.70605
2.70796
2.70891
2.707
2.70486
2.70605
2.70796
2.70295
2.70796
2.7132
2.70987
2.707
2.70796
2.7051
2.70319
2.7051
2.71487
2.70581
2.707
2.7101
2.70796
2.70391
2.70987
2.71106
2.70796
2.70987
2.70796
2.707
2.70486
2.70796
2.70605
2.71106
2.7101
2.71106
2.707
2.707
2.70605
2.7101
2.707
2.707
2.707
2.70796
2.7051
2.70796
2.71201
2.70987
2.71201
2.70915
2.70796
2.70295
2.70605
2.707
2.71201
2.70796
2.71487
2.71201
2.707
2.7101
2.70915
2.70796
2.7051
2.71106
2.70987
2.71106
2.71106
