19.115
18.9121
18.7819
18.8859
18.858
18.749
18.8389
18.8758
18.9018
18.8229
18.681
18.7418
18.7631
18.8341
18.939
18.7662
18.9581
18.6651
18.841
18.822
18.8
18.7459
18.8849
18.6839
18.79
18.7862
18.7938
18.995
19.0449
18.836
18.8289
18.99
18.965
18.6
18.9579
18.7531
18.7261
19.0132
18.96
18.7721
18.9791
18.8019
18.899
18.826
18.6429
18.8239
18.6779
18.924
18.7469
18.9178
18.7929
18.7149
18.8231
18.9791
18.7888
18.7211
19.042
18.7821
18.8868
18.7919
18.786
18.857
18.9772
19.017
18.9872
18.851
19.0251
18.7781
18.9149
18.9161
19.0079
19.0361
18.702
18.79
18.862
18.9259
18.7261
18.923
18.826
18.893
18.868
18.893
18.7349
18.939
18.7721
18.878
18.7919
18.8031
19.0442
18.6939
18.873
18.7831
18.815
18.6999
18.672
18.7421
18.8692
18.8479
18.775
18.995
18.986
19.002
18.8651
18.7631
18.873
18.6782
18.738
18.8088
18.805
19.0048
18.8229
18.6901
18.9941
18.79
18.8761
18.832
18.7991
18.9941
18.9252
18.822
18.764
18.846
18.9562
18.8651
18.961
18.8279
18.7759
18.847
18.923
19.0301
18.9412
18.8141
18.9021
18.8301
18.8141
18.8942
18.822
18.7442
18.9331
18.8229
18.842
18.7242
18.8901
18.64
18.554
18.8761
18.6329
18.8401
18.856
18.785
18.7609
18.882
18.712
18.8489
18.714
18.8031
18.6791
18.8971
18.7259
18.7261
18.8141
18.7449
18.8191
18.719
18.7361
18.8322
18.6589
18.99
18.8611
18.739
18.7471
18.64
18.6579
18.908
18.7359
18.779
18.9371
18.8341
18.6961
18.9219
18.5781
18.785
18.683
18.6529
18.867
18.8179
18.713
18.9021
18.997
18.9729
18.8041
18.7979
18.7678
18.599
18.6651
18.7149
18.8558
18.765
18.6779
18.99
18.851
18.836
18.8851
18.769
18.862
18.748
19.0129
18.7368
18.7619
18.697
18.851
18.822
18.8041
18.8291
18.893
18.8551
18.9531
18.78
18.724
18.6591
18.847
18.8749
18.8229
18.887
18.8339
18.8549
18.733
18.8379
18.7731
18.7092
18.7931
18.8501
18.7418
18.7039
18.6679
18.7941
18.5461
18.8122
18.961
18.6551
18.754
18.599
18.6632
18.8041
18.7709
19.0129
18.986
18.909
18.8582
18.7101
18.827
18.5909
18.7938
18.7678
18.652
18.786
18.925
18.8251
18.59
18.9362
18.846
18.76
18.889
18.764
18.7941
18.82
18.857
18.78
18.8861
18.8711
18.7709
18.743
18.734
18.683
18.816
18.841
19.0308
18.7109
18.7969
18.784
18.6501
19.001
18.791
18.873
18.8
18.8129
18.904
18.8332
18.8251
18.8091
18.8539
18.676
18.909
18.775
18.8529
18.888
18.795
18.7519
18.744
18.9269
18.6679
18.61
18.822
18.924
18.7371
18.8029
18.811
18.8479
18.748
18.9111
18.7709
18.703
18.9409
18.9738
18.8968
18.723
18.9781
18.8172
18.9931
18.913
18.9791
18.877
18.8532
18.7261
18.903
18.929
18.7221
18.7831
18.7201
18.7678
18.7981
18.724
18.9109
18.96
18.9621
18.682
18.847
18.6532
18.887
18.7161
18.681
18.996
18.8839
18.8751
18.888
18.8529
18.6591
18.7552
18.8372
18.852
18.8491
18.924
18.8739
18.8491
18.8231
18.877
18.836
18.8351
18.9989
18.7459
18.7979
18.6799
18.9991
18.9002
19.0201
18.82
19.0051
19.0151
18.7359
18.8241
18.8422
18.842
18.98
18.6861
18.7452
18.7249
18.935
19.0349
18.93
18.8389
18.7478
18.795
18.6598
18.7168
18.697
18.842
18.7862
18.8839
18.872
18.734
18.8589
18.8799
18.9612
18.842
18.9042
18.7299
18.764
18.7459
18.832
18.652
18.6901
18.888
18.832
18.7509
18.851
18.857
18.7302
18.909
19.0289
18.75
18.93
18.713
18.9891
18.7361
18.7781
18.9881
18.9271
18.8119
18.636
18.909
18.9369
18.7368
18.8589
18.8239
18.8019
18.7778
18.899
18.8379
18.6851
18.8329
18.7409
18.8899
18.8489
18.7919
18.7531
18.8799
18.7309
18.8801
18.822
18.924
18.8961
18.764
18.9519
18.743
18.6841
18.7478
18.9109
18.882
18.775
18.6651
18.693
18.651
18.8
18.62
18.795
18.75
18.8098
18.9481
18.7621
18.6262
19.021
18.769
18.8849
18.9941
18.836
18.703
18.7311
19.0122
19.006
18.5621
18.873
18.785
18.743
18.9722
18.7349
18.8942
18.826
18.858
18.7919
19.011
18.986
19.0139
18.8918
18.8611
18.6889
18.8801
18.7719
18.796
18.975
19.0148
18.995
18.6121
18.7728
18.882
18.898
18.7211
18.8019
18.6741
18.93
18.683
