21.6579
21.9769
21.6799
21.5979
21.7421
21.6031
21.836
21.6579
22.022
21.9011
21.8189
21.873
21.7459
21.831
21.5971
21.8551
21.5971
21.9481
21.889
21.9631
21.79
21.7111
22.007
21.992
21.9021
21.863
22.0082
21.594
21.5621
21.8911
21.878
21.9579
21.775
21.6901
21.8191
22.048
21.9278
21.8301
21.7838
21.59
21.7459
21.8019
21.6091
21.77
21.471
21.8349
21.996
21.76
21.956
21.8351
21.879
21.94
21.8899
21.76
21.8139
22.0189
21.8759
21.8439
21.893
21.8978
21.821
21.831
21.9848
21.7891
22.042
21.769
21.728
21.9059
21.9021
21.9259
21.9059
21.9932
21.6529
21.997
21.7781
21.991
21.8818
21.9331
21.8329
21.9419
21.7519
21.6072
22.0122
21.8539
21.9519
21.8949
21.7679
21.7719
21.8379
21.8639
21.9851
21.6291
21.7929
21.7381
21.806
21.899
22.049
21.91
21.878
21.9591
21.6949
21.4791
21.9491
21.925
21.728
21.7049
21.642
21.817
21.817
21.9891
21.9369
21.894
21.7788
21.723
21.6799
21.9131
21.946
21.831
22.002
21.9061
21.9162
21.9851
21.7469
21.739
21.872
21.663
21.992
21.729
21.7609
21.826
21.9321
22.016
21.8451
21.3771
21.879
21.796
21.9879
21.9109
21.5778
21.786
21.9481
21.8759
21.8868
21.8399
21.6532
22.0082
21.9929
21.7969
21.9049
21.9171
21.843
21.781
21.9252
21.7741
21.9491
21.944
21.7731
21.6041
21.868
21.729
21.9851
21.9982
21.934
21.8871
21.857
21.8351
21.8871
21.9581
21.76
21.7409
22.0299
21.7462
21.791
22.0001
21.9271
21.724
21.703
21.924
21.827
21.878
21.801
21.898
21.9619
21.9309
21.8499
21.8301
21.8551
21.6241
21.7001
21.8711
21.9109
21.951
21.8198
21.776
21.9262
21.858
21.853
21.718
21.878
21.852
21.894
21.8041
21.8909
21.987
21.539
21.7731
21.769
21.9488
21.986
21.9471
21.7741
21.7459
21.9321
21.796
21.9209
21.98
21.9901
21.7121
21.7831
21.6231
21.723
21.806
21.863
21.9471
21.6641
22.0041
22.0032
21.9738
21.699
21.816
21.584
22.0299
21.5199
21.847
21.883
21.764
21.821
21.94
21.9769
21.8031
21.7321
21.771
21.94
21.935
21.8549
21.9309
21.893
22.0258
21.956
21.8999
21.801
21.749
21.894
21.6281
21.7979
21.9431
21.9932
21.713
21.889
22.0089
21.7099
21.9848
21.986
21.9531
21.8499
21.883
21.981
21.883
21.935
21.626
21.512
21.9481
21.7421
21.621
21.523
22.042
21.7159
21.9879
21.7929
21.8608
21.9529
21.8818
21.8
21.807
21.842
21.9769
21.9162
21.9002
21.9328
21.9512
21.683
21.6482
21.769
21.7481
21.807
21.9979
21.5361
21.7268
21.857
21.837
21.9522
21.585
21.9951
21.9371
22.0079
21.811
21.6682
21.9591
21.699
21.935
21.899
22.053
21.8551
21.888
21.9572
21.806
21.6749
21.9359
21.682
21.9948
21.956
21.8499
21.7888
21.8811
21.795
21.801
21.673
21.8379
21.9488
21.805
21.879
21.888
21.7791
21.8508
21.6682
21.9681
21.6811
21.873
21.9672
21.909
21.5471
21.9018
21.7662
21.951
21.6241
21.945
21.606
21.718
21.8771
21.8501
21.7531
21.8232
21.796
21.6289
21.6579
21.9421
21.955
21.7211
21.8592
21.9922
21.982
22.007
21.857
21.832
21.7428
21.9681
21.9409
21.62
21.7931
21.94
21.512
21.7161
21.9831
22.012
21.703
21.889
21.9231
21.992
22.0001
21.9939
22.0029
21.6281
21.822
21.5259
22.006
21.7941
21.8
21.879
21.7619
21.8899
21.884
22.016
21.816
21.7669
21.9619
21.8811
22.018
21.795
21.697
21.97
21.944
21.863
21.6441
21.925
21.7209
21.982
21.5709
22.0211
21.9188
21.7321
22.0399
21.9319
21.78
21.9982
22.038
21.8189
21.4801
21.9698
21.8141
21.7969
21.8379
21.961
21.9359
21.595
21.6279
21.75
21.971
21.9219
21.6589
21.764
22.0199
21.558
21.6019
21.8132
21.924
21.8809
21.641
21.5919
21.8
22.002
21.8692
21.8949
21.9688
21.728
21.919
21.6548
21.5909
21.8561
21.6382
21.8978
21.9669
21.9619
21.8101
21.9588
21.816
21.7488
21.966
21.6029
21.9829
21.9679
22.0189
21.9631
21.7311
21.565
21.775
21.9791
21.986
21.9939
21.8391
21.8201
21.955
21.863
21.8041
21.868
21.991
21.8489
21.8019
21.848
21.889
21.9619
21.8689
21.9789
21.769
21.961
21.9979
21.6591
22.001
21.873
21.6789
21.791
22.007
21.7631
21.9672
21.6789
21.7631
22.033
21.672
21.8539
21.8098
21.7829
