11.9579
9.31311
9.35984
9.35888
9.33099
9.32503
9.35793
9.36389
9.35698
9.34482
9.35793
9.38106
9.37486
9.372
9.32693
9.35102
9.34196
9.34982
9.33099
9.32598
9.32193
9.32813
9.33909
9.32002
9.35102
9.34911
9.31621
9.37796
9.33909
9.31096
9.35411
9.32407
9.38606
9.31787
9.34291
9.32097
9.35411
9.37295
9.33504
9.34005
9.39202
9.33599
9.31501
9.31311
9.37891
9.35292
9.33909
9.34005
9.34005
9.3708
9.37009
9.32002
9.34482
9.31191
9.31692
9.32097
9.33599
9.30715
9.39894
9.34887
9.32097
9.3751
9.3751
9.32193
9.33194
9.36198
9.33099
9.35793
9.3329
9.3379
9.31787
9.36699
9.35388
9.36198
9.33385
9.32598
9.3379
9.31287
9.35793
9.31787
9.39894
9.32598
9.32288
9.33886
9.33909
9.3708
9.32002
9.35411
9.33099
9.34696
9.32288
9.31883
9.33504
9.34482
9.341
9.31406
9.35102
9.31716
9.33909
9.32097
9.35507
9.32002
9.372
9.32503
9.3689
9.32193
9.30595
9.32813
9.30715
9.32097
9.32813
9.31215
9.33194
9.34005
9.32503
9.31382
9.31287
9.35102
9.31716
9.44209
9.29308
9.34505
9.36985
9.37104
9.33003
9.34196
9.33886
9.32002
9.3348
9.33695
9.32384
9.3739
9.33385
9.38201
9.35817
9.36413
9.32002
9.31811
9.341
9.32288
9.35793
9.35507
9.33504
9.33003
9.33099
9.32407
9.32097
9.32384
9.32693
9.32097
9.31001
9.35102
9.35793
9.39202
9.32312
9.36198
9.29904
9.34601
9.31311
9.3112
9.33003
9.32598
9.31501
9.33599
9.38511
9.31191
9.32813
9.32002
9.31406
9.36508
9.33695
9.33194
9.34386
9.31811
9.33599
9.341
9.34696
9.33003
9.37891
9.30214
9.36604
9.36198
9.31406
9.32121
9.34291
9.35507
9.341
9.35388
9.3441
9.33003
9.32717
9.372
9.32503
9.33099
9.3472
9.32789
9.34005
9.36389
9.39107
9.32002
9.32503
9.36604
9.32598
9.36103
9.36294
9.32097
9.33194
9.33409
9.32789
9.35483
9.35698
9.3329
9.33409
9.36007
9.34315
9.33099
9.33003
9.32097
9.32813
9.32598
9.33599
9.34315
9.36007
9.33099
9.31787
9.34887
9.33599
9.32503
9.32503
9.31692
9.31096
9.31907
9.34386
9.36007
9.31907
9.3739
9.3112
9.32288
9.32598
9.32193
9.35602
9.36818
9.341
9.32693
9.31787
9.33599
9.34696
9.34887
9.36699
9.33409
9.31597
9.34196
9.36818
9.33909
9.31215
9.35316
9.35602
9.34792
9.39918
9.36198
9.36389
9.35912
9.34315
9.34005
9.32503
9.35197
9.36604
9.32217
9.32908
9.33218
9.32813
9.33814
9.33099
9.34482
9.31692
9.39703
9.39107
9.34005
9.32789
9.33599
9.33409
9.32407
9.37796
9.35197
9.32193
9.33123
9.37104
9.33814
9.35316
9.33099
9.32193
9.32097
9.3329
9.31406
9.34505
9.3329
9.33003
9.35292
9.36317
9.341
9.35483
9.31692
9.40681
9.33886
9.35102
9.32693
9.39989
9.35102
9.20105
9.38511
9.35316
9.37009
9.33599
9.32407
9.31406
9.38201
9.35292
9.37295
9.32312
9.38821
9.33194
9.32598
9.31597
9.31907
9.33313
9.341
9.39298
9.36389
9.31382
9.3081
9.32908
9.34291
9.32908
9.32312
9.33313
9.35006
9.32121
9.35292
9.3329
9.33385
9.40394
9.32002
9.34196
9.31811
9.35507
9.33599
9.31501
9.31907
9.34887
9.34482
9.32384
9.31501
9.35006
9.31406
9.32503
9.32503
9.32097
9.33599
9.3298
9.35721
9.34315
9.35698
9.33194
9.32097
9.377
9.35912
9.33886
9.35483
9.3801
9.32908
9.34696
9.41706
9.34792
9.31811
9.31883
9.32097
9.33909
9.35197
9.33909
9.39512
9.35888
9.31597
9.35316
9.40108
9.34601
9.37295
9.305
9.4161
9.34601
9.37486
9.32384
9.34005
9.31811
9.36818
9.32312
9.31191
9.31406
9.33003
9.31191
9.37295
9.33003
9.32097
9.38106
9.35507
9.35793
9.31597
9.35912
9.35316
9.34005
9.32217
9.33003
9.35316
9.31597
9.32789
9.33695
9.34887
9.3379
9.35507
9.34982
9.35078
9.3081
9.32097
9.32097
9.34505
9.30786
9.35602
9.33695
9.38296
9.34291
9.31692
9.3441
9.35411
9.33599
9.34196
9.32217
9.32288
9.31191
9.31692
9.341
9.32097
9.32193
9.372
9.37819
9.31311
9.32908
9.33504
9.39298
9.31001
9.341
9.3379
9.31692
9.33504
9.36079
9.35698
9.34982
9.31787
9.32193
9.36413
9.30691
9.32407
9.31907
9.36294
9.33814
9.34196
9.36794
9.34505
9.32384
9.36198
9.32097
9.36484
9.36198
9.36484
9.36294
9.31907
9.36413
9.33909
9.32693
9.36913
9.33194
9.34505
9.32312
9.36007
9.31096
9.33886
9.35483
9.3329
9.32813
9.36604
9.36103
9.35888
9.31191
9.32813
9.33194
9.32312
9.33003
9.37915
9.33695
9.36699
9.3751
9.34887
9.32097
9.32193
9.34386
9.35102
9.34601
9.30905
9.32503
9.32097
9.32002
9.32312
9.33313
9.32002
9.32002
9.36294
9.32407
9.37009
9.34291
9.32407
9.37295
9.35197
9.34196
9.31597
9.32789
9.36508
9.30882
9.36079
9.3739
9.32288
9.32097
9.3348
9.35102
9.36413
9.37891
9.34386
9.35912
9.33099
9.36294
9.31787
9.35197
9.32384
9.33504
9.31215
9.37915
9.341
9.34291
9.34505
9.37295
9.37605
9.35698
9.38201
9.33504
9.36103
9.33599
9.36389
9.35388
9.35888
9.32193
9.31692
9.36985
9.31907
9.34696
9.29689
9.35507
9.31692
9.33909
9.32503
9.31096
9.39488
9.341
9.32002
9.36007
9.41992
9.3348
9.31597
9.372
9.34887
9.35793
9.33599
9.30285
9.32598
9.31096
9.33599
9.37486
9.3329
9.35793
9.40013
9.31597
9.33886
9.37319
9.34291
9.35292
9.31597
9.39393
9.33003
9.36818
9.30595
9.39584
9.32002
9.34815
9.34911
9.34291
9.34792
9.36413
9.32407
9.30691
9.36413
9.31096
9.37986
9.377
9.32789
9.35102
9.31501
9.34696
9.33599
9.35006
9.32193
9.3379
9.35483
9.34601
9.34386
9.34386
9.36198
9.341
9.39608
9.31478
9.31597
9.32384
9.3739
9.34196
9.38392
9.37796
9.34815
9.31907
9.31501
9.36007
9.32002
9.3081
9.36413
9.30095
9.36294
9.341
9.33909
9.32312
9.31597
9.32097
9.34792
9.38416
9.35817
9.35698
9.32693
9.34887
9.32097
9.33409
9.36294
9.34482
9.33099
9.30214
9.32717
9.33099
9.32288
9.3689
9.36007
9.30905
9.34315
9.39417
9.35388
9.32884
9.3379
9.33409
9.30119
9.31692
9.35602
9.35006
9.35483
9.33313
9.33981
9.3348
9.40108
9.30309
9.31215
9.35006
9.32693
9.36103
9.32693
9.35197
9.35602
9.35292
9.32789
9.31907
9.35984
9.35197
9.31287
9.377
9.30309
9.34005
9.33504
9.40013
9.32813
9.32288
9.33313
9.35602
9.33385
9.34005
9.32908
9.32193
9.31597
9.32908
9.31311
9.34815
9.32503
9.31501
9.35197
9.35698
9.33218
9.36198
9.36103
9.33385
9.36508
9.36794
9.32598
9.33003
9.35507
9.32384
9.32503
9.35006
9.38988
9.35006
9.3708
9.341
9.33099
9.31716
9.35817
9.36699
9.34196
9.37414
9.35197
9.32503
9.34005
9.35817
9.31501
9.34386
9.35793
9.35698
9.38988
9.39393
9.33409
9.31191
9.33909
9.341
9.36699
9.37605
9.34196
9.39798
9.32884
9.38201
9.31406
9.3329
9.32693
9.3441
9.33313
9.35507
9.34005
9.34005
9.30119
9.34696
9.29689
9.35221
9.35578
9.35316
9.33099
9.34887
9.31787
9.34005
9.31692
9.34005
9.35698
9.33504
9.34291
9.34601
9.33599
9.35006
9.35411
9.35006
9.31406
9.34005
9.32193
9.32693
9.3801
9.32693
9.34196
9.35292
9.35888
9.33909
9.3298
9.34291
9.34696
9.31811
9.3441
9.3441
9.33814
9.31787
9.35984
9.35793
9.35602
9.31311
9.3441
9.33409
9.35888
9.36508
9.31311
9.31621
9.32407
9.31001
9.3441
9.34815
9.35698
9.35483
9.33695
9.3658
9.33313
9.33218
9.31621
9.35507
9.36007
9.32908
9.37915
9.33099
9.39584
9.341
9.35698
9.32693
9.31096
9.33409
9.33099
9.35698
9.377
9.35197
9.37009
9.31597
9.36604
9.31597
9.372
9.3708
9.32884
9.31692
9.37295
9.377
9.33409
9.35197
9.31501
9.33719
9.33599
9.35388
9.341
9.35888
9.32598
9.38201
9.32598
9.33099
9.33504
9.34887
9.34505
9.39608
9.32121
9.33599
9.32884
9.33003
9.33099
9.31311
9.4099
9.41586
9.31191
9.36484
9.32693
9.34601
9.30691
9.35483
9.34911
9.35411
9.34601
9.34005
9.33003
9.34196
9.35984
9.33194
9.30023
9.31692
9.32288
9.32002
9.31001
9.34505
9.34815
9.34196
9.31287
9.31001
9.36699
9.31191
9.32693
9.3329
9.36484
9.36294
9.33504
9.37104
9.31597
9.3348
9.34696
9.35292
9.32217
9.32908
9.32813
9.34982
9.35984
9.36484
9.33003
9.33099
9.31501
9.34196
9.32312
9.40299
9.36294
9.32097
9.33504
9.37986
9.32884
9.31096
9.32598
9.31501
9.33409
9.34219
9.33695
9.32002
9.33003
9.35483
9.32908
9.32288
9.32503
9.32908
9.34291
9.34982
9.37796
9.36985
9.38487
9.341
9.33385
9.35197
9.33981
9.33099
9.31907
9.3298
9.33909
9.35221
9.3441
9.37009
9.34505
9.35006
9.31501
9.33313
9.32693
9.33909
9.33909
9.31811
9.32217
9.32598
9.36699
9.34887
9.31907
9.39107
9.32097
9.36198
9.30882
9.33695
9.33504
9.33099
9.34815
9.30715
9.35507
9.32598
9.34887
9.31787
9.34482
9.32908
9.32813
9.35698
9.34601
9.30715
9.35698
9.34291
9.32598
9.31907
9.33909
9.35221
9.3801
9.3298
9.31597
9.32789
9.3329
9.32813
9.32002
9.38797
9.35316
