9.19199
8.04591
8.01992
8.02493
8.02088
8.02493
8.01587
8.03804
8.01897
8.01086
8.01301
8.00896
8.01396
8.02016
8.01301
8.00705
8.01587
8.00395
8.02016
8.02302
8.008
8.02302
8.01206
8.01802
8.02088
8.02112
8.00991
8.01802
8.01682
8.03399
8.02112
8.0111
8.01992
8.03113
8.02398
8.01086
8.01301
8.01802
8.01015
8.03494
8.01396
8.02112
8.02898
8.02398
8.039
8.01492
8.01706
8.02279
8.01802
8.02183
8.039
8.01396
8.02183
8.01301
8.00395
8.03113
8.01992
8.0049
8.01897
8.01015
8.0111
8.01301
8.01682
8.02803
8.03781
8.01396
8.01587
8.0421
8.01492
8.02398
8.02994
8.03304
8.01706
8.02684
8.02398
8.02088
8.01206
8.008
8.02302
8.02684
8.01992
8.01492
8.02183
8.00991
8.01182
8.02302
8.01802
8.03399
8.00705
8.01587
8.02302
8.02708
8.0049
8.03995
8.01396
8.01396
8.02183
8.00991
8.02183
8.01396
8.01706
8.02279
8.01706
8.008
8.01206
8.00896
8.01206
8.02684
8.03113
8.02708
8.01802
8.02302
8.02016
8.02207
8.02112
8.01206
8.01086
8.02088
8.00586
8.02898
8.0061
8.02088
8.02898
8.02612
8.02684
8.01897
8.03113
8.02183
8.02493
8.00705
8.01611
8.02207
8.0142
8.02016
8.02088
8.02898
8.02207
8.02803
8.01897
8.01706
8.03494
8.02493
8.01802
8.03113
8.008
8.03113
8.01301
8.00896
8.02398
8.02088
8.01992
8.0471
8.02302
8.01516
8.0111
8.02493
8.01778
8.02422
8.01611
8.01682
8.008
8.01206
8.03208
8.008
8.02302
8.01587
8.02803
8.02207
8.01396
8.02517
8.01706
8.01682
8.0142
8.01992
8.02612
8.03089
8.00991
8.02398
8.02088
8.02898
8.01802
8.03494
8.01492
8.02088
8.02016
8.008
8.01897
8.01492
8.00705
8.01802
8.01206
8.01206
8.01301
8.02803
8.01587
8.01992
8.01897
8.01587
8.01492
8.02088
8.02612
8.02517
8.03208
8.01516
8.03685
8.01396
8.0359
8.02302
8.01992
8.01396
8.0142
8.00991
8.0111
8.03208
8.01897
8.01301
8.01015
8.01396
8.01897
8.01396
8.01277
8.02803
8.0409
8.01682
8.03494
8.01897
8.02088
8.01396
8.03399
8.03208
8.03304
8.00896
8.02588
8.01182
8.02493
8.01086
8.01992
8.02398
8.00586
8.02398
8.02994
8.02803
8.02207
8.02612
8.008
8.03304
8.01587
8.01682
8.008
8.00514
8.02302
8.01492
8.02088
8.00896
8.00514
8.03089
8.03185
8.01706
8.01802
8.01086
8.02493
8.02112
8.01992
8.008
8.01802
8.01682
8.01611
8.01492
8.01492
8.01396
8.01682
8.01516
8.02684
8.02708
8.02898
8.01897
8.01277
8.02207
8.02207
8.03518
8.03113
8.01706
8.01492
8.02398
8.00896
8.01086
8.01992
8.02493
8.01992
8.03685
8.0142
8.02398
8.02493
8.01802
8.01301
8.01492
8.02398
8.039
8.02207
8.01206
8.01516
8.01516
8.02898
8.01301
8.04114
8.01897
8.02398
8.02279
8.02088
8.01492
8.01015
8.01516
8.00896
8.02016
8.01897
8.03399
8.01706
8.02898
8.02922
8.02398
8.02398
8.02898
8.01492
8.0111
8.02398
8.01802
8.01992
8.02302
8.02994
8.01992
8.03304
8.02898
8.0111
8.02398
8.01778
8.01802
8.008
8.01706
8.03018
8.02493
8.01897
8.00991
8.01587
8.0111
8.03399
8.02898
8.02898
8.01492
8.02612
8.01611
8.02088
8.02708
8.01492
8.02708
8.02517
8.01682
8.03304
8.02207
8.01682
8.01396
8.01802
8.0111
8.02803
8.01206
8.0061
8.02207
8.0061
8.01301
8.01396
8.01086
8.01992
8.01587
8.03089
8.01492
8.01992
8.02183
8.01706
8.02398
8.02994
8.01396
8.00681
8.0092
8.01802
8.01802
8.02493
8.01396
8.03113
8.0049
8.02422
8.01802
8.01897
8.01396
8.02088
8.00896
8.02016
8.03208
8.01492
8.02994
8.02612
8.01301
8.01802
8.01587
8.02302
8.02088
8.02588
8.01396
8.03399
8.02398
8.02112
8.01396
8.02898
8.01802
8.01396
8.01301
8.01897
8.02398
8.02493
8.02398
8.02803
8.0092
8.02708
8.02302
8.02302
8.01682
8.02493
8.01992
8.0111
8.02088
8.01992
8.02183
8.01706
8.02398
8.02016
8.0092
8.02588
8.02398
8.01301
8.01396
8.02517
8.02779
8.01396
8.02898
8.01706
8.01587
8.02922
8.01992
8.02398
8.02517
8.03399
8.01396
8.03208
8.0328
8.02088
8.02994
8.01182
8.02708
8.02684
8.01301
8.03518
8.01301
8.03208
8.03208
8.02588
8.03494
8.01301
8.01611
8.01706
8.00896
8.01492
8.01492
8.01086
8.02612
8.02112
8.02898
8.02279
8.02398
8.01301
8.02302
8.01301
8.02016
8.01015
8.02302
8.01897
8.02112
8.01206
8.01897
8.01897
8.03494
8.01587
8.01682
8.00896
8.02493
8.01492
8.02088
8.02183
8.01992
8.0328
8.02803
8.008
8.00395
