12.4011
9.34505
9.32503
9.3689
9.33599
9.31501
9.36007
9.33003
9.42206
9.34005
9.36103
9.31811
9.32813
9.31287
9.3329
9.32908
9.34792
9.35507
9.31406
9.35316
9.341
9.3081
9.3472
9.37605
9.34911
9.32598
9.35602
9.34815
9.32193
9.35197
9.34005
9.3348
9.39703
9.31597
9.341
9.35698
9.33504
9.30595
9.30405
9.32813
9.32002
9.35006
9.32407
9.33099
9.33695
9.32622
9.32002
9.32813
9.31621
9.31692
9.32813
9.34386
9.31311
9.34696
9.37486
9.35292
9.32598
9.34315
9.3298
9.33385
9.3329
9.31811
9.32193
9.36007
9.32193
9.29904
9.31811
9.33814
9.31907
9.30619
9.305
9.31787
9.32288
9.34291
9.30786
9.341
9.31692
9.32789
9.30715
9.32503
9.34601
9.36699
9.32312
9.32002
9.31787
9.34291
9.31883
9.32503
9.31811
9.38606
9.32717
9.35483
9.32288
9.32097
9.3379
9.32312
9.35411
9.35698
9.30095
9.30905
9.31191
9.36079
9.37605
9.36103
9.17387
9.31001
9.33814
9.31311
9.38392
9.32503
9.33003
9.31597
9.31001
9.33504
9.35888
9.34386
9.33385
9.32193
9.40394
9.32193
9.32312
9.32789
9.35388
9.36508
9.33003
9.33385
9.33909
9.33814
9.3379
9.34291
9.33003
9.34482
9.3441
9.39393
9.33409
9.3441
9.30023
9.35912
9.33003
9.35197
9.305
9.32908
9.31907
9.32503
9.30309
9.30905
9.31811
9.3441
9.32193
9.33099
9.36198
9.33504
9.33409
9.32717
9.33909
9.32217
9.31501
9.34601
9.33599
9.30595
9.33003
9.32503
9.32384
9.32789
9.32002
9.39798
9.3348
9.34601
9.36294
9.32908
9.34005
9.31716
9.32479
9.32407
9.341
9.31597
9.30786
9.32097
9.31001
9.31001
9.33003
9.32407
9.35507
9.32288
9.33385
9.33504
9.33599
9.30715
9.31811
9.31096
9.35006
9.31883
9.32789
9.32121
9.36699
9.32097
9.33194
9.33099
9.34386
9.372
9.20105
9.32479
9.33194
9.2988
9.32908
9.32598
9.3329
9.32789
9.32908
9.341
9.32598
9.31501
9.31811
9.31597
9.34792
9.341
9.33504
9.33003
9.33981
9.36913
9.30309
9.372
9.33385
9.33218
9.31597
9.3379
9.29499
9.38487
9.32598
9.3329
9.33981
9.3379
9.34505
9.33909
9.33719
9.31787
9.33909
9.34196
9.32002
9.33695
9.33099
9.33909
9.39703
9.34315
9.32312
9.32479
9.33409
9.30905
9.32789
9.30285
9.31287
9.31907
9.31692
9.31311
9.35102
9.32789
9.33099
9.36794
9.35602
9.32598
9.31501
9.31907
9.31907
9.32002
9.33313
9.31287
9.33695
9.32503
9.32312
9.29403
9.34505
9.34196
9.31787
9.31716
9.31501
9.34696
9.31215
9.31096
9.32193
9.34196
9.34386
9.33003
9.31907
9.32598
9.33099
9.33313
9.32407
9.32622
9.34887
9.34005
9.31382
9.30715
9.30786
9.33695
9.31597
9.32598
9.30619
9.30905
9.31978
9.33385
9.34005
9.33695
9.31287
9.34792
9.36389
9.33909
9.31716
9.3081
9.32312
9.31811
9.37295
9.35221
9.30905
9.31978
9.32193
9.30595
9.30786
9.33313
9.3081
9.33409
9.32693
9.31883
9.35602
9.377
9.34196
9.36389
9.30905
9.32598
9.35006
9.33218
9.31311
9.32407
9.31692
9.33695
9.33886
9.31191
9.32121
9.35912
9.35316
9.32598
9.35197
9.37605
9.33218
9.30691
9.33218
9.36508
9.31597
9.33313
9.33909
9.31311
9.31311
9.32503
9.3329
9.36484
9.32097
9.33599
9.32384
9.31597
9.32097
9.32693
9.32002
9.32693
9.31501
9.35388
9.32407
9.33099
9.33814
9.31692
9.33886
9.32097
9.30715
9.32407
9.33814
9.31907
9.305
9.30095
9.3801
9.33695
9.35292
9.35698
9.31311
9.33003
9.30619
9.3329
9.3379
9.34505
9.33194
9.33814
9.32193
9.32693
9.33385
9.31001
9.33409
9.31287
9.35102
9.31215
9.32813
9.30595
9.3379
9.36007
9.34386
9.33313
9.32193
9.31787
9.30095
9.34696
9.32407
9.31907
9.31692
9.33385
9.32407
9.33003
9.35388
9.31597
9.32097
9.34196
9.31787
9.40204
9.31096
9.39298
9.34696
9.32789
9.33599
9.33099
9.341
9.31692
9.33003
9.32813
9.34696
9.32884
9.31692
9.3329
9.31787
9.32288
9.39679
9.32789
9.33695
9.30715
9.30095
9.35411
9.34196
9.30285
9.31501
9.30405
9.32121
9.31406
9.32407
9.34005
9.31883
9.33814
9.36413
9.33886
9.31692
9.34291
9.34196
9.31501
9.32813
9.33313
9.31311
9.31597
9.40609
9.32789
9.32908
9.32288
9.32121
9.32002
9.32908
9.30381
9.33313
9.32503
9.3689
9.31406
9.30905
9.34196
9.30786
9.32097
9.31001
9.31001
9.33099
9.33504
9.36103
9.31811
9.31406
9.36484
9.31597
9.32193
9.34196
9.35793
9.32002
9.32002
9.32693
9.33981
9.32097
9.32288
9.32503
9.30691
9.34982
9.31191
9.32789
9.32288
9.33218
9.35006
9.35316
9.30715
9.36604
9.31716
9.33695
9.31191
9.31311
9.31406
9.32193
9.29999
9.32217
9.29999
9.36699
9.35102
9.35984
9.341
9.32407
9.35507
9.31787
9.33194
9.36699
9.33599
9.33504
9.32908
9.31501
9.30595
9.37486
9.35197
9.305
9.32097
9.31001
9.35411
9.305
9.31907
9.21702
9.34005
9.32097
9.35698
9.32503
9.36103
9.30691
9.32884
9.33814
9.31716
9.32813
9.33504
9.32598
9.31883
9.33003
9.32002
9.305
9.31811
9.33194
9.29689
9.36389
9.30905
9.30595
9.31907
9.32407
9.31311
9.33695
9.32693
9.31621
9.34291
9.31191
9.341
9.31191
9.33194
9.32789
9.38988
9.32097
9.32598
9.31811
9.30405
9.32384
9.34792
9.33909
9.30882
9.32693
9.32288
9.39512
9.29499
9.31692
9.32503
9.39012
9.37891
9.36699
9.32097
9.33695
9.35006
9.32789
9.3751
9.31907
9.35102
9.32598
9.39512
9.34196
9.31597
9.3081
9.29379
9.3019
9.35102
9.29999
9.33099
9.32407
9.31501
9.38201
9.30595
9.32193
9.34482
9.34696
9.32813
9.35507
9.33504
9.33313
9.33099
9.32622
9.3348
9.33099
9.33695
9.35793
9.33194
9.31191
9.35578
9.37295
9.31406
9.31597
9.3379
9.3329
9.33981
9.32789
9.31692
9.31907
9.29403
9.38606
9.32908
9.32407
9.35602
9.41801
9.33003
9.34696
9.3472
9.34911
9.33194
9.341
9.32312
9.32789
9.305
9.3689
9.31191
9.3832
9.32407
9.32097
9.30405
9.29999
9.32384
9.341
9.33814
9.31287
9.35698
9.35912
9.35602
9.32813
9.34601
9.32288
9.31692
9.29999
9.33313
9.33814
9.32002
9.32479
9.33504
9.32312
9.30405
9.31191
9.32908
9.30977
9.32789
9.34386
9.305
9.31406
9.33909
9.31811
9.33003
9.36794
9.3329
9.34696
9.31907
9.33719
9.3081
9.29594
9.32002
9.33003
9.3081
9.30214
9.32312
9.31406
9.30309
9.31501
9.33504
9.33504
9.32217
9.31597
9.31406
9.31787
9.36198
9.3751
9.30309
9.305
9.31597
9.33194
9.31406
9.33504
9.30595
9.32288
9.31811
9.31787
9.33003
9.32789
9.32288
9.3379
9.33599
9.33099
9.36604
9.33886
9.32121
9.31907
9.3472
9.31787
9.32908
9.33695
9.32598
9.33695
9.34505
9.31501
9.31501
9.30905
9.31311
9.32097
9.37891
9.33194
9.30285
9.34792
9.32002
9.32217
9.30905
9.33814
9.36389
9.31883
9.33719
9.31215
9.33719
9.3298
9.37319
9.32813
9.33003
9.32789
9.33099
9.305
9.38892
9.32193
9.33504
9.32479
9.3329
9.33003
9.31692
9.305
9.32002
9.32097
9.34601
9.34815
9.32407
9.32002
9.34196
9.31096
9.36413
9.32598
9.31215
9.33218
9.33194
9.32693
9.32693
9.33313
9.33313
9.36007
9.32503
9.32002
9.34505
9.32312
9.34005
9.31501
9.34792
9.32097
9.35411
9.33099
9.341
9.32002
9.29809
9.31597
9.3329
9.32503
9.32097
9.31907
9.37605
9.30905
9.31311
9.33409
9.33695
9.31787
9.31215
9.34505
9.30595
9.32193
9.31382
9.33814
9.36103
9.33194
9.33003
9.31501
9.34196
9.32479
9.32908
9.33099
9.32288
9.32884
9.31597
9.32217
9.35006
9.35197
9.32384
9.37009
9.34386
9.3329
9.32908
9.33695
9.30786
9.34696
9.38106
9.3379
9.32097
9.34196
9.33313
9.37486
9.31692
9.34887
9.36604
9.32407
9.31287
9.33504
9.34005
9.3298
9.31001
9.32312
9.32813
9.33599
9.32693
9.38296
9.32384
9.3441
9.30905
9.38201
9.30786
9.3329
9.32097
9.32097
9.32693
9.32789
9.32312
9.31001
9.31907
9.33909
9.35006
9.32598
9.29594
9.32097
9.34601
9.30619
9.31597
9.31692
9.32288
9.32193
9.33599
9.35793
9.34005
9.33313
9.3081
9.31311
9.3441
9.32002
9.36604
9.34315
9.34887
9.34005
9.35197
9.29499
9.36604
9.30381
9.31382
9.35698
9.32503
9.32479
9.34792
9.30405
9.33003
9.30595
9.31501
9.32503
9.36818
9.341
9.3441
9.33981
9.32312
9.34815
9.32717
9.33695
9.32598
9.35602
9.31597
9.36794
9.35316
9.33409
9.34601
9.2988
9.31907
9.32503
9.32693
9.31191
9.3329
9.31907
9.32789
9.32813
9.31501
9.33695
9.31907
9.34982
9.29999
9.32717
9.30309
9.33099
9.33504
9.34005
9.31597
9.33909
9.34315
9.31001
9.34505
9.36198
9.32789
9.31191
9.32384
9.31787
9.35102
9.31096
9.33003
9.31692
9.35698
9.31787
9.32598
9.33409
9.32121
9.30905
9.35507
9.29999
9.34601
9.30977
9.39512
9.34196
9.31597
9.33504
9.3019
9.33003
9.36723
9.31001
9.32193
9.33504
9.32908
9.32002
9.33003
9.31096
9.32503
9.39393
9.33003
9.35388
9.32312
9.31215
9.31311
9.33313
9.32789
9.29594
9.33003
9.32693
9.32288
9.31692
9.33099
9.372
9.31406
9.31406
9.33695
