12.922
12.862
12.9149
12.8911
12.8889
12.917
12.8851
12.882
12.881
12.902
12.9068
12.897
12.8889
12.8698
12.8882
12.8739
12.8689
12.8899
12.845
12.8839
12.856
12.8901
12.913
12.893
12.9051
12.9271
12.872
12.8639
12.9049
12.8639
12.9161
12.9161
12.8911
12.8911
12.886
12.9101
12.9111
12.8682
12.9039
12.8849
12.887
12.845
12.8889
12.9058
12.8729
12.886
12.8791
12.898
12.9189
12.8801
12.8591
12.8961
12.8579
12.871
12.8481
12.9149
12.8858
12.8839
12.8808
12.893
12.8911
12.9061
12.903
12.876
12.8851
12.8801
12.8798
12.892
12.881
12.877
12.8648
12.8829
12.9161
12.8891
12.8651
12.8889
12.8989
12.8791
12.907
12.886
12.881
12.8901
12.9189
12.923
12.898
12.8961
12.8989
12.8639
12.8632
12.861
12.882
12.867
12.887
12.8801
12.893
12.913
12.8591
12.871
12.9001
12.8751
12.9101
12.922
12.882
12.8901
12.888
12.887
12.8911
12.8391
12.872
12.9039
12.886
12.9268
12.902
12.9249
12.887
12.9261
12.888
12.9089
12.8741
12.897
12.897
12.8999
12.8632
12.8541
12.886
12.8891
12.862
12.861
12.8651
12.8949
12.902
12.8601
12.892
12.893
12.881
12.898
12.9061
12.851
12.9371
12.8841
12.9149
12.8839
12.8751
12.892
12.8849
12.8579
12.8732
12.8801
12.882
12.8911
12.8481
12.923
12.8751
12.8782
12.876
12.857
12.886
12.881
12.851
12.8808
12.9011
12.8601
12.857
12.8739
12.902
12.9058
12.8801
12.9068
12.893
12.897
12.877
12.912
12.897
12.871
12.8789
12.9008
12.8899
12.8951
12.871
12.9089
12.866
12.871
12.872
12.8698
12.8908
12.8832
12.922
12.8691
12.8889
12.8801
12.871
12.892
12.8701
12.8789
12.8679
12.8839
12.8582
12.913
12.9061
12.893
12.8858
12.893
12.903
12.893
12.897
12.887
12.898
12.8829
12.852
12.866
12.8469
12.8789
12.9011
12.9092
12.9039
12.887
12.8949
12.9061
12.8582
12.8911
12.8469
12.9111
12.862
12.8889
12.8741
12.888
12.8832
12.8899
12.8639
12.9001
12.867
12.9142
12.9089
12.8911
12.9142
12.8679
12.9042
12.9101
12.897
12.877
12.8691
12.872
12.898
12.8949
12.8801
12.8591
12.887
12.8992
12.908
12.8942
12.9199
12.857
12.8851
12.9209
12.8829
12.8782
12.8899
12.892
12.8779
12.8798
12.8908
12.893
12.8431
12.866
12.8732
12.8529
12.8958
12.9108
12.8732
12.8951
12.8911
12.882
12.902
12.8782
12.876
12.871
12.845
12.903
12.898
12.8579
12.8701
12.8791
12.922
12.913
12.8951
12.845
12.9001
12.8989
12.886
12.897
12.908
12.8889
12.8679
12.8989
12.872
12.867
12.8632
12.8751
12.8739
12.8651
12.872
12.8541
12.8939
12.8858
12.8858
12.8939
12.881
12.8591
12.871
12.8889
12.9011
12.862
12.8579
12.893
12.846
12.881
12.882
12.8751
12.8992
12.9199
12.8469
12.876
12.887
12.8469
12.8722
12.907
12.8739
12.9192
12.8791
12.903
12.8741
12.8779
12.866
12.9042
12.8779
12.8841
12.8729
12.881
12.882
12.8801
12.8441
12.8829
12.9161
12.8791
12.893
12.8651
12.867
12.856
12.902
12.8579
12.8472
12.882
12.8801
12.907
12.8701
12.922
12.887
12.8961
12.8849
12.8791
12.8891
12.8789
12.8779
12.8951
12.907
12.902
12.9359
12.892
12.876
12.898
12.8801
12.8729
12.882
12.8999
12.8729
12.8851
12.8691
12.892
12.887
12.9142
12.912
12.876
12.8541
12.9111
12.8331
12.877
12.8601
12.8701
12.8701
12.877
12.8741
12.9061
12.8901
12.866
12.887
12.887
12.8901
12.8748
12.8679
12.9142
12.8629
12.861
12.8789
12.8391
12.8529
12.8498
12.8689
12.9099
12.8791
12.8779
12.8891
12.8789
12.907
12.877
12.907
12.856
12.902
12.8689
12.8698
12.8889
12.8832
12.872
12.871
12.8889
12.8891
12.8429
12.8858
12.8748
12.861
12.882
12.8829
12.888
12.9092
12.8961
12.9049
12.8489
12.8899
12.9201
12.856
12.8601
12.8701
12.8911
12.8841
12.8791
12.8779
12.881
12.8889
12.882
12.8748
12.9049
12.851
12.903
12.8541
12.882
12.908
12.8548
12.897
12.8798
12.8908
12.8949
12.8791
12.9001
12.8689
12.892
12.9118
12.9039
12.8992
12.902
12.85
12.881
12.8911
12.8789
12.8849
12.8858
12.866
12.893
12.8651
12.8582
12.881
12.888
12.923
12.8608
12.8958
12.9218
12.8949
12.9149
12.8708
12.871
12.9039
12.898
12.8381
12.871
12.8789
12.9039
12.8961
12.886
12.882
12.8829
12.923
12.8758
12.8829
12.8729
12.9292
12.8651
12.8729
12.8641
12.861
12.85
12.8651
12.8911
12.887
12.9049
12.8779
12.851
12.8741
12.9039
12.9061
12.9018
12.8849
12.9039
12.882
12.866
12.8901
12.8691
12.876
12.903
12.928
12.897
12.8829
12.9018
12.8798
12.9039
12.893
12.846
12.8889
12.8989
12.902
12.8739
12.881
12.9311
12.871
12.887
12.8911
12.9201
12.9111
12.897
12.893
12.9049
12.892
12.8939
12.8961
12.862
12.8899
12.8741
12.8901
12.8739
12.9099
12.8832
12.872
12.8479
12.8989
12.871
13.005
13.052
12.881
12.877
12.8951
12.887
12.8629
12.8682
12.8689
12.912
12.8992
12.881
12.8889
12.872
12.8689
12.8779
12.8911
12.902
12.867
12.8419
12.8939
12.8849
12.882
12.8651
12.893
12.8961
12.862
12.887
12.8629
12.8899
12.882
12.8849
12.8582
12.902
12.908
12.8851
12.918
12.888
12.9001
12.9001
12.907
12.893
12.897
12.8679
12.9118
12.8889
12.8841
12.867
12.8899
12.903
12.8911
12.934
12.903
12.907
12.912
12.8839
12.8989
12.8891
12.867
12.877
12.8839
12.888
12.8851
12.881
12.8729
12.8791
12.902
12.8832
12.8601
12.845
12.8851
12.8901
12.8739
12.867
12.8548
12.8829
12.8851
12.8911
12.918
12.861
12.902
12.888
12.8601
12.897
12.8579
12.867
12.8481
12.862
12.892
12.8551
12.8651
12.882
12.9049
12.8491
12.876
12.929
12.892
12.892
12.888
12.9039
12.888
12.8782
12.8689
12.9008
12.8729
12.8851
12.8701
12.886
12.871
12.9001
12.8629
12.9051
12.8682
12.8899
12.9049
12.886
12.8789
12.8729
12.8679
12.8832
12.8551
12.8789
12.888
12.846
12.9151
12.8479
12.8589
12.8832
12.8701
12.897
12.8691
12.881
12.8751
12.8849
12.8949
12.8591
12.871
12.8691
12.897
12.8789
12.898
12.9189
12.8419
12.9189
12.8682
12.872
12.892
12.8829
12.8729
12.893
12.8741
12.8889
12.9001
12.8791
12.902
12.8601
12.8751
12.9101
12.8798
12.908
12.8961
12.8839
12.8899
12.872
12.8849
12.8629
12.8551
12.886
12.8751
12.8851
12.9011
12.923
12.897
12.867
12.876
12.8701
12.893
12.877
12.8899
12.8889
12.9061
12.8942
12.8901
12.8899
12.867
12.8899
12.872
12.8779
12.903
12.9111
12.8551
12.867
12.882
12.8708
12.898
12.882
12.8839
12.923
12.8732
12.871
12.8741
12.908
12.8851
12.8551
12.9011
12.876
12.9089
12.867
12.8939
12.8939
12.9039
12.887
12.9161
12.8779
12.8741
12.8841
12.8901
12.898
12.893
12.8829
12.872
12.888
12.9099
12.8748
12.8651
12.8911
12.918
12.882
12.886
12.8641
12.8989
12.9108
12.8999
12.8901
12.907
12.8691
12.8701
12.9061
12.876
12.872
12.898
12.8789
12.9092
12.887
12.897
12.8791
12.8779
12.8918
12.9011
12.912
12.887
12.881
12.8551
12.8701
12.8911
12.8901
12.893
12.8729
12.9111
12.8629
12.8939
12.85
12.877
12.876
12.887
12.903
12.8701
12.8741
12.8889
12.887
12.9049
12.8779
12.9261
12.8739
12.8999
12.8801
12.8891
12.893
12.8841
12.8939
12.8691
12.8751
12.903
12.8779
12.8889
12.907
12.8801
12.845
12.903
12.8629
12.8369
12.877
12.8679
12.897
12.8708
12.8539
12.861
12.888
12.908
12.888
12.8782
12.897
12.886
12.8942
12.8739
12.893
12.8989
12.8901
12.8682
12.902
12.912
12.8942
12.8541
12.8889
12.8708
12.871
12.862
12.8891
12.876
12.9051
12.8961
12.9099
12.8729
12.852
12.887
12.888
12.903
12.8839
12.877
12.8851
12.9058
12.8708
12.871
12.8539
12.841
12.9039
12.9032
12.881
12.856
12.9061
12.877
12.8901
12.922
12.9139
12.8899
12.8889
12.9101
12.877
12.897
12.8801
12.887
12.8841
12.8779
12.8839
12.9001
12.886
12.8429
12.877
12.8579
12.8882
12.856
12.886
12.871
12.8901
12.9099
12.9108
12.8858
12.8989
12.882
12.8789
12.903
12.9058
12.8369
12.8839
12.9089
12.9111
12.8891
12.888
12.8582
12.8889
12.8748
12.8651
12.882
12.8798
12.8891
12.898
12.84
12.8901
12.8841
12.8989
12.8841
12.9011
12.8622
12.876
12.886
12.887
12.902
12.9011
12.8298
12.887
12.888
12.8882
12.8851
12.913
12.876
12.8551
12.8531
12.9039
12.9049
12.8491
12.9011
12.886
12.872
12.8541
12.862
12.9101
12.8951
12.8748
12.892
12.872
12.9042
12.856
12.8741
12.8651
12.871
12.872
12.8832
12.8641
12.8789
12.8701
12.8779
12.881
12.8851
12.9049
12.877
12.8798
12.8992
12.861
