191.151
193.155
197.277
202.617
207.955
206.225
205.414
200.478
198.382
198.53
192.572
192.566
192.246
185.848
187.917
188.734
186.376
189.843
185.616
176.299
175.677
178.022
177.827
175.279
178.655
180.265
179.608
179.784
179.67
180.614
179.35
179.601
180.374
180.033
180.653
179.991
179.475
179.822
179.841
179.501
180.323
179.732
179.812
181.84
181.492
182.688
181.704
181.585
181.448
181.213
182.209
181.966
181.665
181.096
181.107
181.943
181.939
182.082
182.043
182.101
181.325
180.928
181.667
181.81
181.563
181.119
181.528
182.889
182.557
181.539
181.82
181.46
182.079
182.429
181.473
181.092
181.511
181.735
181.754
180.777
180.98
181.948
182.82
182.722
181.301
181.184
183.251
182.524
181.311
181.406
181.342
181.493
181.866
181.792
182.214
181.692
181.715
182.094
181.268
181.863
