14.9209
14.5111
14.4839
14.492
14.4792
14.498
14.493
14.4858
14.4901
14.498
14.4918
14.4911
14.4992
14.4899
14.509
14.4908
14.493
14.508
14.4849
14.477
14.483
14.4858
14.4851
14.502
14.4868
14.497
14.5011
14.4889
14.4861
14.472
14.472
14.508
14.497
14.4908
14.477
14.4849
14.4842
14.493
14.4761
14.5202
14.487
14.4842
14.4951
14.4861
14.4951
14.4789
14.4839
14.503
14.497
14.497
14.4839
14.4939
14.4839
14.5071
14.472
14.4789
14.488
14.4789
14.492
14.4958
14.478
14.4758
14.5049
14.4961
14.492
14.492
14.4901
14.498
14.498
14.497
14.4961
14.4889
14.5051
14.4889
14.4882
14.5001
14.5102
14.4961
14.488
14.504
14.4761
14.487
14.4849
14.4858
14.4849
14.4842
14.487
14.498
14.497
14.4951
14.4842
14.492
14.4842
14.487
14.4801
14.4899
14.503
14.5199
14.4889
14.4799
14.502
14.482
14.498
14.498
14.488
14.4792
14.4911
14.4792
14.492
14.487
14.4961
14.4849
14.4939
14.503
14.4899
14.4892
14.4999
14.502
14.492
14.4792
14.4789
14.482
14.492
14.488
14.4808
14.4908
14.483
14.488
14.477
14.482
14.4808
14.497
14.487
14.502
14.514
14.4949
14.5051
14.4949
14.502
14.4911
14.4789
14.504
14.477
14.483
14.4851
14.502
14.4842
14.477
14.4949
14.5001
14.4861
14.5142
14.503
14.4889
14.467
14.473
14.4749
14.4999
14.4789
14.4861
14.503
14.483
14.5051
14.4808
14.498
14.5061
14.4858
14.4958
14.4899
14.497
14.503
14.4889
14.4999
14.4849
14.4699
14.508
14.492
14.5018
14.4889
14.4918
14.4842
14.4889
14.5061
14.478
14.4849
14.4849
14.4761
14.4858
14.482
14.5051
14.492
14.473
14.483
14.4899
14.4958
14.4708
14.4758
14.4932
14.482
14.5001
14.4939
14.503
14.4761
14.4899
14.4911
14.4908
14.487
14.492
14.514
14.488
14.492
14.4792
14.4701
14.4842
14.483
14.4861
14.4849
14.4749
14.483
14.4851
14.4849
14.4861
14.4892
14.4789
14.5051
14.498
14.487
14.4939
14.487
14.4942
14.488
14.4889
14.488
14.5011
14.5059
14.4961
14.4908
14.4889
14.492
14.4749
14.504
14.353
14.4839
14.488
14.4901
14.4901
14.4961
14.487
14.4899
14.503
14.5001
14.4851
14.492
14.502
14.4908
14.4889
14.514
14.483
14.492
14.487
14.4739
14.4918
14.4911
14.4892
14.4951
14.498
14.4849
14.4849
14.482
14.478
14.4868
14.4961
14.4939
14.497
14.4918
14.4908
14.482
14.504
14.4949
14.4958
14.4761
14.482
14.4949
14.483
14.4892
14.4839
14.5109
14.472
14.4889
14.492
14.5071
14.504
14.4901
14.483
14.493
14.5001
14.514
14.4911
14.478
14.487
14.4861
14.5061
14.483
14.4851
14.478
14.5159
14.4892
14.5102
14.4851
14.5001
14.5111
14.4799
14.4908
14.5061
14.4651
14.4901
14.4789
14.492
14.5009
14.4901
14.482
14.5071
14.4818
14.508
14.482
14.492
14.4989
14.4851
14.483
14.508
14.5001
14.4861
14.487
14.4889
14.492
14.4842
14.4911
14.4789
14.478
14.4758
14.488
14.4739
14.4789
14.492
14.502
14.4951
14.502
14.4889
14.488
14.503
14.483
14.4989
14.4761
14.5068
14.482
14.5009
14.4918
14.488
14.5042
14.498
14.482
14.5049
14.4801
14.4842
14.4901
14.488
14.4699
14.482
14.4851
14.4761
14.4851
14.497
14.483
14.4801
14.4818
14.5042
14.4899
14.4861
14.4908
14.487
14.5171
14.5071
14.4911
14.4811
14.4989
14.513
14.4942
14.5149
14.4989
14.4942
14.502
14.4861
14.4808
14.4949
14.4861
14.4911
14.493
14.478
14.4861
14.497
14.4801
14.4851
14.4901
14.5051
14.4849
14.492
14.466
14.4882
14.4911
14.5071
14.478
14.4808
14.4711
14.498
14.483
14.493
14.4911
14.4849
14.503
14.477
14.4861
14.4961
14.4789
14.4889
14.492
14.4958
14.502
14.4842
14.514
14.4949
14.4911
14.4889
14.4939
14.493
14.492
14.493
14.488
14.5099
14.4851
14.502
14.4992
14.4958
14.492
14.4918
14.488
14.4939
14.4839
14.4799
14.492
14.4899
14.503
14.4999
14.4751
14.487
14.4861
14.502
14.492
14.4901
14.5051
14.4842
14.5051
14.4868
14.4861
14.478
14.4751
14.4899
14.4899
14.4849
14.4911
14.4918
14.482
14.4889
14.4832
14.4861
14.4889
14.5061
14.5152
14.487
14.483
14.4989
14.4911
14.488
14.4911
14.4849
14.483
14.4849
14.487
14.5011
14.4911
14.497
14.4949
14.493
14.4901
14.503
14.4839
14.4951
14.493
14.488
14.5111
14.508
