11.7509
11.5781
11.565
11.5631
11.579
11.565
11.5621
11.5681
11.5609
11.5609
11.5612
11.555
11.5509
11.5578
11.569
11.5461
11.553
11.569
11.56
11.5452
11.5662
11.574
11.5581
11.5719
11.5528
11.5511
11.5731
11.564
11.5609
11.554
11.5621
11.565
11.5712
11.5521
11.5578
11.559
11.57
11.5671
11.553
11.5669
11.569
11.5759
11.5581
11.555
11.565
11.5519
11.5712
11.5449
11.554
11.5609
11.559
11.5678
11.56
11.554
11.5678
11.553
11.559
11.5721
11.5681
11.5571
11.555
11.564
11.565
11.5631
11.5581
11.5538
11.5509
11.5609
11.559
11.5681
11.549
11.5499
11.5509
11.565
11.5638
11.549
11.56
11.5581
11.554
11.5669
11.5609
11.5759
11.5578
11.5659
11.555
11.5559
11.5621
11.565
11.57
11.5509
11.5631
11.5671
11.57
11.553
11.544
11.554
11.549
11.5762
11.555
11.5559
11.549
11.548
11.565
11.5571
11.5621
11.564
11.5569
11.57
11.5759
11.555
11.5581
11.5652
11.5559
11.56
11.5612
11.5499
11.5559
11.5669
11.5762
11.5671
11.5581
11.5731
11.5612
11.548
11.553
11.5528
11.549
11.5631
11.5561
11.5559
11.5602
11.554
11.565
11.554
11.5581
11.559
11.5621
11.56
11.5519
11.5571
11.5631
11.5581
11.5521
11.5659
11.5621
11.5581
11.56
11.5659
11.5631
11.575
11.5681
11.565
11.559
11.586
11.5712
11.5671
11.553
11.564
11.548
11.5621
11.544
11.553
11.5631
11.5571
11.5628
11.5571
11.5721
11.5628
11.569
11.5609
11.5578
11.5781
11.5509
11.559
11.5681
11.56
11.5721
11.5631
11.5621
11.5609
11.565
11.5619
11.5581
11.569
11.554
11.5561
11.5571
11.4739
11.5581
11.5631
11.5578
11.549
11.5659
11.5819
11.5602
11.5571
11.559
11.5612
11.569
11.559
11.5509
11.5669
11.5669
11.565
11.565
11.5769
11.5631
11.5528
11.5731
11.5509
11.5469
11.569
11.5678
11.553
11.5561
11.559
11.5609
11.5709
11.5659
11.574
11.553
11.5581
11.5669
11.5559
11.5671
11.5609
11.564
11.549
11.5571
11.565
11.57
11.5621
11.5561
11.5511
11.575
11.5621
11.565
11.553
11.5519
11.56
11.5602
11.559
11.57
11.5769
11.5709
11.564
11.564
11.559
11.5769
11.5681
11.5731
11.565
11.5619
11.555
11.5669
11.5631
11.555
11.553
11.5681
11.579
11.5609
11.565
11.564
11.559
11.553
11.565
11.5521
11.5571
11.5471
11.5578
11.5449
11.5731
11.56
11.5521
11.564
11.5559
11.559
11.56
11.5609
11.5578
11.5621
11.549
11.5681
11.559
11.5628
11.5559
11.5712
11.564
11.5499
11.586
11.5561
11.5688
11.5559
11.5619
11.5619
11.565
11.58
11.5669
11.56
11.564
11.5609
11.565
11.5581
11.5631
11.5659
11.553
11.555
11.5731
11.57
11.554
11.5509
11.548
11.553
11.569
11.5709
11.565
11.5669
11.5578
11.5781
11.5559
11.5509
11.5709
11.5671
11.56
11.5669
11.555
11.554
11.555
11.5578
11.5628
11.5499
11.5662
11.5719
11.5559
11.5581
11.5561
11.5719
11.5569
11.5552
11.554
11.5678
11.554
11.564
11.5659
11.5569
11.5659
11.548
11.5659
11.5609
11.565
11.5609
11.56
11.5712
11.5511
11.565
11.555
11.5631
11.5721
11.5621
11.5609
11.5559
11.5609
11.564
11.5511
11.574
11.5669
11.5569
11.554
11.5681
11.5721
11.5631
11.5581
11.57
11.5461
11.5621
11.5559
11.575
11.56
11.564
11.5678
11.5559
11.5731
11.5628
11.5631
11.559
11.564
11.5559
11.5609
11.5571
11.564
11.579
11.5659
11.5619
11.5569
11.5519
11.565
11.5502
11.5609
11.559
11.5609
11.559
11.5671
11.5552
11.5721
11.5671
11.564
11.5521
11.5619
11.584
11.5731
11.5762
11.5628
11.5712
11.553
11.555
11.5621
11.5719
11.5528
11.5719
11.554
11.555
11.56
11.564
11.5731
11.5559
11.5469
11.559
11.5609
11.5511
11.584
11.5499
11.555
11.5581
11.5788
11.5609
11.5728
11.584
11.5681
11.553
11.57
11.5759
11.5502
11.5621
11.56
11.5769
11.5449
11.56
11.548
11.5571
11.5459
11.555
11.569
11.555
11.56
11.553
11.5581
11.5559
11.5609
11.5771
11.5628
11.56
11.559
11.554
11.5511
11.554
11.586
11.56
11.549
11.5581
11.5559
11.5681
11.5681
11.5581
11.5778
11.5681
11.565
11.5619
11.564
11.559
11.5499
11.5571
11.5561
11.554
11.5659
11.5719
11.5671
11.5628
11.5781
11.575
11.5612
11.5769
11.554
11.5571
11.5731
11.5681
11.559
11.559
11.5638
11.5581
11.5662
