11.7471
11.5728
11.5578
11.5769
11.56
11.5519
11.5731
11.5681
11.5802
11.564
11.57
11.559
11.5681
11.5728
11.564
11.5671
11.5631
11.5561
11.5731
11.5609
11.56
11.5721
11.5509
11.5769
11.5619
11.555
11.565
11.5671
11.5581
11.553
11.5631
11.575
11.564
11.56
11.5821
11.5612
11.575
11.57
11.5609
11.559
11.5769
11.5571
11.569
11.559
11.554
11.5521
11.5612
11.5609
11.565
11.5609
11.5561
11.5671
11.555
11.553
11.58
11.564
11.5569
11.5631
11.5662
11.569
11.56
11.5571
11.5652
11.5678
11.555
11.5571
11.549
11.549
11.56
11.5609
11.5578
11.565
11.5519
11.5709
11.5631
11.5478
11.5469
11.56
11.5619
11.5638
11.5469
11.559
11.56
11.5621
11.5581
11.56
11.5509
11.5509
11.5559
11.56
11.565
11.5511
11.564
11.5681
11.5571
11.5621
11.574
11.5769
11.5559
11.5602
11.565
11.5581
11.549
11.5681
11.57
11.5681
11.569
11.5669
11.5681
11.5521
11.559
11.553
11.5659
11.553
11.559
11.564
11.565
11.5569
11.559
11.5669
11.5581
11.5619
11.5581
11.5569
11.553
11.5759
11.5671
11.554
11.5612
11.565
11.5628
11.5621
11.559
11.5449
11.5659
11.5571
11.5621
11.5509
11.574
11.5569
11.5619
11.559
11.555
11.56
11.5659
11.559
11.5609
11.5509
11.5759
11.574
11.5581
11.5581
11.5552
11.565
11.565
11.5619
11.5781
11.565
11.574
11.569
11.5561
11.5888
11.5631
11.574
11.5669
11.569
11.554
11.5728
11.553
11.5581
11.553
11.5569
11.5631
11.5621
11.5581
11.5621
11.5681
11.5669
11.543
11.559
11.5631
11.5609
11.555
11.5659
11.555
11.554
11.5609
11.5509
11.5831
11.5561
11.5669
11.559
11.5571
11.5619
11.5671
11.5571
11.559
11.555
11.5559
11.564
11.5469
11.5581
11.5581
11.5631
11.56
11.5581
11.5621
11.5881
11.553
11.554
11.559
11.5628
11.5681
11.57
11.564
11.5559
11.564
11.5681
11.5662
11.5578
11.554
11.565
11.5671
11.56
11.5499
11.5619
11.5559
11.5559
11.559
11.5669
11.5581
11.555
11.579
11.5678
11.5511
11.5721
11.5662
11.5581
11.59
11.559
11.5619
11.5578
11.553
11.565
11.5612
11.5578
11.564
11.5721
11.559
11.5509
11.5619
11.5559
11.559
11.5521
11.5671
11.5621
11.56
11.574
11.575
11.5681
11.559
11.56
11.5581
11.564
11.5561
11.5662
11.5631
11.5762
11.5521
11.5619
11.564
11.5759
11.5571
11.5781
11.5662
11.5669
11.5469
11.5631
11.5662
11.553
11.574
11.5631
11.553
11.5762
11.5781
11.5578
11.5612
11.5569
11.5662
11.555
11.5581
11.5659
11.5719
11.5652
11.5678
11.5521
11.5559
11.58
11.5681
11.553
11.569
11.5619
11.5471
11.549
11.569
11.555
11.559
11.58
11.543
11.5621
11.553
11.5619
11.5659
11.5521
11.56
11.5578
11.5559
11.5612
11.553
11.565
11.5709
11.5628
11.555
11.565
11.5569
11.553
11.5662
11.5759
11.5719
11.56
11.5669
11.5569
11.5631
11.544
11.5609
11.5571
11.565
11.5669
11.559
11.569
11.5588
11.5681
11.555
11.5519
11.56
11.564
11.5571
11.569
11.5719
11.5609
11.549
11.5709
11.5552
11.5581
11.5671
11.569
11.565
11.5678
11.555
11.5578
11.5609
11.5499
11.5581
11.565
11.559
11.5621
11.579
11.5609
11.56
11.554
11.549
11.575
11.564
11.549
11.5559
11.5631
11.5612
11.559
11.5621
11.5669
11.5681
11.554
11.57
11.5669
11.5638
11.5569
11.553
11.5712
11.554
11.5578
11.5631
11.5671
11.5559
11.5449
11.564
11.559
11.5759
11.5521
11.5621
11.5581
11.56
11.5671
11.5621
11.5581
11.57
11.5559
11.56
11.5731
11.5669
11.555
11.554
11.549
11.57
11.5559
11.5781
11.5612
11.5561
11.5681
11.559
11.554
11.5619
11.5569
11.5581
11.5519
11.5728
11.5931
11.553
11.5681
11.5669
11.553
11.5561
11.5559
11.5671
11.56
11.559
11.5702
11.559
11.564
11.5759
11.5671
11.5561
11.5681
11.559
11.5659
11.564
11.565
11.5769
11.5559
11.56
11.5602
11.5669
11.5612
11.5671
11.5631
11.5569
11.555
11.5719
11.5681
11.56
11.5669
11.5511
11.5609
11.5738
11.544
11.569
11.5569
11.5511
11.5561
11.555
11.5731
11.564
11.569
11.5581
11.565
11.5728
11.57
11.5709
11.5631
11.5612
11.5449
11.5569
11.559
11.555
11.416
11.5681
11.5671
11.5571
11.574
11.559
11.57
11.5671
11.5771
11.5678
11.5781
11.559
11.565
11.5581
11.57
11.559
11.549
