14.9441
14.894
14.9162
14.9541
14.93
14.9002
14.9059
14.8759
14.9632
14.9469
14.997
14.858
14.8621
14.8311
14.94
14.888
14.883
14.888
14.878
14.8711
14.8849
14.8792
14.878
14.864
14.9238
14.8969
14.8871
14.827
14.956
14.919
14.889
14.899
14.8811
14.8971
14.858
14.9131
14.935
14.8978
14.9238
14.8499
14.878
14.864
14.895
14.8869
14.8339
14.9112
14.868
14.8311
14.955
14.92
14.9069
14.8652
14.926
14.8752
14.899
14.8611
14.8849
14.946
14.92
14.8911
14.945
14.8971
14.868
14.8859
14.894
14.9519
14.9279
14.8928
14.9279
14.95
14.889
14.878
14.9
14.9081
14.9319
14.8718
14.8699
14.94
14.8458
14.9269
14.9262
14.9341
14.9209
14.899
14.89
14.9369
14.8611
14.889
14.9028
14.8439
14.8752
14.8449
14.9491
14.8721
14.8389
14.9438
14.863
14.91
14.9021
14.8339
14.8499
14.9
14.91
14.8799
14.9169
14.92
14.888
14.986
14.899
14.8978
14.9369
14.9002
14.914
14.9059
14.8878
14.879
14.945
14.8671
14.8609
14.9012
14.8621
14.8709
14.8261
14.9019
14.8959
14.8182
14.8659
14.9579
14.8661
14.852
14.8902
14.8859
14.8849
14.905
14.905
14.9419
14.879
14.91
14.936
14.837
14.843
14.915
14.843
14.889
14.9112
14.8821
14.9031
14.8809
14.899
14.9131
14.9009
14.9179
14.8318
14.961
14.9291
14.9419
14.9109
14.9231
14.878
14.864
14.919
14.8931
14.909
14.9012
14.9
14.8661
14.992
14.889
14.9469
14.9422
14.925
14.8559
14.8761
14.9059
14.926
14.854
14.9119
14.8709
14.8938
14.9019
14.915
14.914
14.8561
14.9019
14.8768
14.859
14.8661
14.874
14.8919
14.9381
14.9419
14.9369
14.9128
14.9059
14.899
15.0101
14.9271
14.9121
14.909
14.93
14.95
14.8358
14.941
14.8389
14.859
14.879
14.9312
14.909
14.9031
14.888
14.9441
14.9081
14.868
14.884
14.874
14.8549
14.843
14.8759
14.869
14.904
14.8702
14.905
14.8802
14.8499
14.91
14.894
14.8871
14.9341
14.8921
14.8921
14.9469
14.9071
14.8301
14.899
14.879
14.936
14.8978
14.91
14.868
14.8451
14.91
14.8871
14.9081
14.9219
14.9419
14.873
14.8981
14.967
14.9369
14.895
14.894
14.869
14.9169
14.9062
14.8768
14.858
14.837
14.9169
14.9229
14.931
14.9062
14.899
14.935
14.91
14.869
14.8599
14.8721
14.8799
14.894
14.869
14.8721
14.879
14.8439
14.9009
14.904
14.94
14.8962
14.9109
14.864
14.884
14.95
14.8849
14.8439
14.905
14.8311
14.8668
14.8339
14.89
14.833
14.8809
14.941
14.878
14.884
14.878
14.852
14.936
14.9109
14.9021
14.925
14.8811
14.9419
14.8489
14.848
15.0352
14.9939
14.9288
14.874
14.9541
14.9059
14.8711
14.833
14.853
14.858
14.889
14.9071
14.8399
14.8251
14.93
14.9131
14.8661
14.894
14.8931
14.8861
14.9081
14.8201
14.9171
14.926
14.8811
14.8489
14.8602
14.9429
14.8509
14.9069
14.889
14.9229
14.878
14.8649
14.8592
14.838
14.915
14.8239
14.8771
14.8442
14.854
14.9152
14.859
14.8911
14.858
14.9021
14.827
14.8921
14.914
14.8611
14.976
14.8361
14.8439
14.9722
14.874
14.8761
14.899
14.905
14.9028
14.8718
14.9238
14.95
14.915
14.915
14.8749
14.869
14.853
14.9081
14.8962
14.853
14.883
14.904
14.8652
14.936
14.9641
14.8511
14.8809
14.8869
14.8859
14.9262
14.946
14.9
14.904
14.8721
14.8809
14.8931
14.8501
14.8981
14.9469
14.848
14.9169
14.9121
14.868
14.8931
14.8411
14.9171
14.8461
14.852
14.9331
14.9441
14.8571
14.8561
14.8859
14.8568
14.8509
14.9209
14.9479
14.9229
14.895
14.986
14.9081
14.8749
14.925
14.8668
14.8969
14.8869
14.8599
14.8571
14.9012
14.883
14.9541
14.905
14.874
14.9279
14.838
14.925
14.8809
14.8718
14.9519
14.8909
14.8668
14.8869
14.8511
14.92
14.9071
14.9391
14.945
14.869
14.905
14.936
14.89
14.895
14.9322
14.9059
14.8809
14.878
14.8621
14.889
14.8568
14.9128
14.9
14.9069
14.8189
14.8082
14.8799
14.9491
14.925
14.847
14.9262
14.8599
14.8849
14.8561
14.827
14.889
14.889
14.9009
14.9701
14.926
14.8699
14.8299
14.924
14.854
14.914
14.9028
14.9369
14.868
14.837
14.9429
14.8652
14.9369
14.9462
14.9488
14.926
14.853
14.8671
14.854
14.9159
14.8752
14.9288
14.8599
14.9021
14.8721
14.9128
14.8809
14.8461
14.894
14.8811
14.8981
14.8702
14.8211
14.9422
14.9028
14.905
14.8602
14.9429
14.8311
14.9601
14.894
14.8652
14.8971
14.9279
14.858
14.848
14.8909
14.883
14.945
14.8909
14.8821
14.8151
14.915
14.899
14.8239
14.9
14.8709
14.8861
14.894
14.8342
14.955
14.8339
14.884
14.9162
14.8849
14.9062
14.8339
14.8878
14.919
14.8699
14.874
14.8439
14.873
14.8299
14.9121
14.843
14.8821
14.8799
14.8659
14.8609
14.946
14.883
14.9
14.8461
14.9641
14.9529
14.925
14.9288
14.884
14.8859
14.863
14.9138
14.9391
14.884
14.8921
14.9469
14.822
14.8668
14.9269
14.904
14.879
14.9009
14.9741
14.868
14.8571
14.8802
14.9839
14.878
14.9209
14.8761
14.919
14.9169
14.8599
14.905
14.8919
14.899
14.8702
14.925
14.9231
14.8709
14.8571
14.8349
14.8549
14.843
14.9291
14.899
14.864
14.915
14.9231
14.93
14.8799
14.9021
14.924
14.883
14.852
14.8849
14.8928
14.957
14.9481
14.884
14.8981
14.8849
14.8678
14.9119
14.8401
14.8749
14.8869
14.9221
14.8821
14.8821
14.8489
14.9071
14.879
14.95
14.853
14.9269
14.8919
14.9539
14.8971
14.8861
14.9479
14.9322
14.9181
14.8399
14.899
14.8809
14.9038
14.868
14.9679
14.9541
14.945
14.9741
14.8871
14.8711
14.9391
14.879
14.8909
14.8659
14.9291
14.889
14.8339
14.879
14.8818
14.842
14.8809
14.904
14.8718
14.869
14.9231
14.8771
14.848
14.8971
14.8289
14.93
14.95
14.936
14.9021
14.909
14.873
14.816
14.8959
14.8659
14.9128
14.9171
14.873
14.9031
14.967
14.8728
14.9648
14.8349
14.8761
14.919
14.955
14.878
14.9002
14.9009
14.9391
14.884
14.9119
14.9291
14.8971
14.853
14.9119
14.8671
14.8861
14.873
14.8599
14.905
14.8721
14.8849
14.853
14.931
14.926
14.9319
14.9219
14.909
14.9112
14.9369
14.925
14.8828
14.858
14.888
14.899
14.8411
14.847
14.8859
14.878
14.847
14.889
14.8849
14.889
14.9188
14.8349
14.9181
14.951
14.8909
14.9238
14.879
14.904
14.842
14.9131
14.9541
14.858
14.8461
14.852
14.8911
14.8699
14.8461
14.8242
14.9231
14.8239
14.8749
14.8611
14.8671
14.8971
14.8439
14.956
14.926
14.8931
14.894
14.884
14.8959
14.8671
14.8032
14.9059
14.904
14.8358
14.9209
14.8542
14.8959
14.9238
14.8849
14.8921
14.9341
14.9169
14.8978
14.9019
14.9169
14.889
14.909
14.9028
14.8258
14.941
14.8721
14.9329
14.925
14.8699
14.909
14.961
14.8561
14.93
14.9062
14.895
14.91
14.847
14.8399
14.8931
14.9372
14.9209
14.8721
14.8611
14.8971
14.935
14.812
14.8449
14.899
14.879
14.8571
14.8711
14.905
14.8711
14.895
14.909
14.961
14.8771
14.8659
14.9288
14.9179
14.9
14.878
14.9682
14.9379
14.94
14.8599
14.8749
14.8771
14.8761
14.957
14.812
14.9109
14.8811
14.92
14.915
14.8492
14.9119
14.8978
14.8981
14.925
14.8051
14.8959
14.9069
14.8761
14.8771
14.894
14.889
14.8618
14.9369
14.8909
14.884
14.884
14.8652
14.878
14.9491
14.859
14.9519
14.9062
14.8461
14.863
14.9322
14.9701
14.868
14.8931
14.9021
14.8921
14.8458
14.9109
14.8361
14.828
14.8852
14.93
14.883
14.8759
14.8902
14.818
14.868
14.957
14.915
14.879
14.8609
14.8509
14.8911
14.8909
14.936
14.8389
14.854
14.873
14.8489
14.9331
14.889
14.9059
14.8699
14.864
14.905
14.8981
14.9
14.9071
14.89
14.8752
14.833
14.8821
14.864
14.8568
14.899
14.904
14.8752
14.8549
14.8778
14.8749
14.9281
14.8809
14.8921
14.9062
14.919
14.874
14.8959
14.8489
14.8351
14.8971
14.8759
14.8361
14.9109
14.889
14.9391
14.9221
14.8489
14.894
14.8809
14.8451
14.9059
14.8919
14.8439
14.936
14.9062
14.931
14.9069
14.8771
14.8461
14.894
14.8602
14.91
14.852
14.915
14.914
14.864
14.9441
14.9422
14.899
14.8609
14.941
14.8621
14.869
14.894
14.9341
14.8711
14.966
14.8811
14.878
14.843
14.8711
14.9169
14.9958
14.8818
14.859
14.8609
14.9288
14.8969
14.8571
14.951
14.9059
14.9491
14.874
14.9078
14.8251
14.8711
14.8511
14.905
14.92
14.9479
14.8351
14.8711
14.9078
14.8568
14.8208
14.895
14.8931
14.873
14.9162
14.8699
14.9212
14.9069
14.8768
14.8821
14.9121
14.888
14.894
14.842
14.8768
14.91
14.951
14.945
14.9281
14.859
14.832
14.8149
14.9019
14.883
14.8578
14.9
14.863
14.9021
