65.4931
60.977
59.7019
59.6101
59.6991
60.472
59.6979
60.123
59.5181
60.0419
60.2131
59.6921
59.4101
59.782
59.5381
60.261
59.8199
60.0169
59.7999
59.8371
59.984
59.8991
59.9461
60.3449
59.6149
59.654
60.0719
59.3681
59.6979
59.5579
60.5149
59.5059
60.111
59.468
60.1089
59.6719
59.8531
59.639
59.5551
59.7792
60.2288
59.4649
59.6161
59.5911
60.2329
60.0231
60.106
60.0789
59.6471
60.4329
60.0579
60.1699
59.8798
60.313
59.845
60.6282
59.86
59.6209
59.48
60.0362
59.86
59.5429
59.5911
59.7072
60.3881
60.3638
59.952
60.4219
59.5968
59.989
59.8409
60.0729
59.634
60.4351
59.6411
59.9842
60.0262
59.8881
59.427
59.828
60.1001
59.5961
59.634
59.5191
59.9689
59.4761
59.8071
59.5698
59.4571
60.04
60.0801
59.797
59.819
60.0932
60.3461
60.267
60.1461
59.4079
59.629
60.025
59.711
59.768
59.839
60.0109
60.3149
60.077
60.2138
59.6211
60.0741
59.4082
59.422
59.9022
60.039
60.1358
60.0619
59.7031
59.6578
59.9329
60.1301
59.427
60.534
60.0371
59.6869
59.5109
59.572
60.0412
59.6499
59.561
59.7031
59.3901
59.9811
59.9408
59.6988
59.3998
59.7739
59.829
60.3468
60.1361
59.9699
59.957
60.1242
59.9089
59.9668
60.4761
59.2661
59.9332
59.8481
59.792
59.962
60.118
60.533
59.334
59.8159
59.9301
59.5961
60.0271
60.2472
59.772
60.746
60.1521
59.9599
59.8559
60.529
59.927
60.3878
59.485
59.823
60.117
59.4101
60.0431
59.5858
59.5119
60.4129
59.6662
59.6809
59.7
60.806
60.2071
59.8321
59.87
59.8049
59.9809
59.4029
60.2801
60.3888
59.5341
59.895
59.3531
59.5331
60.24
59.804
60.416
59.952
59.6201
60.533
60.2999
59.7119
60.0471
60.087
59.3009
59.6879
59.2089
59.9351
60.1611
59.2561
59.9842
59.5779
59.9089
59.8259
59.6139
59.5441
59.13
59.953
59.8249
59.8681
59.8578
60.138
59.864
59.8781
59.7401
59.8719
59.952
59.5319
59.52
59.726
60.1971
59.8409
60.0858
60.2479
59.8979
59.4711
60.322
59.8972
59.7231
59.6361
60.1101
59.8741
60.297
59.7231
59.1409
59.4089
59.926
59.9241
59.931
59.4208
59.391
59.485
60.0779
59.902
60.0629
59.8879
59.546
59.2821
59.8001
59.993
59.422
59.226
59.926
59.7789
59.962
59.6919
59.4511
59.8609
60.622
59.7098
59.8669
60.0989
59.804
59.6671
59.154
59.3579
59.3748
60.3869
60.0951
59.8052
59.448
59.5949
59.6349
59.8612
59.3541
59.8762
60.1439
59.8938
59.9999
59.911
59.9129
60.082
59.8838
60.534
60.06
60.178
59.8691
59.494
60.01
60.0381
60.106
60.678
59.8979
59.8369
60.2298
59.648
59.9942
60.0441
59.3829
59.9191
59.5641
59.7501
59.7219
59.7451
59.9871
60.209
60.2999
60.22
59.7711
59.6941
60.0052
59.3781
60.782
59.931
60.4959
60.864
60.2241
60.143
59.9601
59.2902
59.3171
60.2889
59.9549
59.7
60.4041
59.525
60.298
60.544
60.0471
59.958
59.371
59.8559
60.7951
59.427
60.148
60.1008
59.741
60.2698
59.7999
59.381
60.024
59.685
59.88
60.353
59.8249
60.2779
60.2899
60.3569
59.813
60.1718
60.276
59.371
59.6149
60.1768
60.596
59.7751
59.9101
59.9298
60.0698
59.4859
60.1859
59.787
59.7391
59.912
60.2949
59.7129
59.9749
60.024
60.2951
59.1021
59.9809
60.1549
59.2639
60.159
59.4881
60.111
59.907
59.3171
59.6511
60.1861
59.6881
59.757
59.587
59.8249
60.2019
59.7768
60.0331
60.2732
60.0891
59.9539
60.051
59.3011
59.7541
59.6421
59.473
59.8502
59.5901
60.183
59.823
59.824
60.066
60.3271
60.1292
59.7382
59.921
59.958
60.0979
59.9129
59.6609
60.2899
60.075
59.6881
60.035
59.9971
59.895
59.53
59.696
59.5829
59.8519
60.1079
60.2531
60.7901
59.978
60.086
60.024
59.792
59.8271
59.165
60.0669
59.8588
59.6869
59.988
59.3519
59.6249
59.546
59.993
59.7188
59.912
59.8109
60.2429
59.7079
59.4609
60.4188
59.9709
60.5259
60.0519
59.6509
60.06
59.5632
59.9461
59.931
60.236
59.7701
59.7541
59.907
59.6671
60.147
59.813
59.489
60.216
60.5812
59.835
59.8071
60.1649
60.1571
59.7219
59.6349
59.7911
59.7339
59.689
60.113
60.133
59.926
59.783
59.6468
59.618
59.695
60.195
59.813
59.2961
59.756
59.6299
59.3731
60.8602
60.745
59.4609
59.993
59.7429
59.7019
60.322
59.711
60.2889
60.595
59.819
59.8788
59.0689
60.0429
60.2009
59.974
59.6321
59.7439
59.777
59.6561
59.5551
59.7961
59.6361
60.178
59.968
59.443
59.5121
59.8161
59.9599
59.9101
60.4031
60.0569
60.235
60.1771
59.746
59.6602
60.0731
59.783
59.823
60.6019
59.9098
59.6881
59.5691
59.442
60.2939
59.0432
59.2442
59.6881
59.5601
59.5489
60.1602
59.787
59.3638
59.7391
60.7049
59.9349
59.562
59.9389
59.9029
60.5412
60.3001
59.6621
59.3281
60.19
60.0071
59.9601
60.1492
59.5171
59.835
59.7169
60.0269
59.9558
59.8459
59.7179
59.814
60.1141
59.5109
59.6609
60.0002
60.4649
59.912
59.567
59.8359
60.0009
59.3369
59.8979
60.2219
59.6499
59.655
59.5469
59.5188
59.787
60.245
60.0228
60.2429
59.751
59.943
59.628
60.132
59.6628
59.849
59.469
59.232
60.1461
60.0421
60.585
59.932
59.989
60.7369
59.705
59.588
60.3001
60.1909
60.1609
60.781
59.4571
59.2821
60.257
59.5331
60.3499
59.8719
60.4
60.343
60.2419
59.8521
59.592
59.7801
59.5269
60.209
59.973
60.082
59.2132
60.2882
59.6991
60.075
59.7799
60.3249
59.871
60.1602
59.5942
59.953
59.0539
59.7918
59.9918
59.931
60.003
59.4921
60.859
59.999
59.8431
59.2189
59.7169
59.7732
59.6449
59.484
59.9921
59.8679
59.72
60.3721
59.5522
59.7191
59.644
59.9079
60.6179
60.591
59.7219
60.1902
60.4441
60.1711
59.8691
60.2732
60.0731
59.531
59.644
60.1411
59.078
59.5331
59.9451
59.833
59.309
60.1871
60.369
59.552
59.586
59.8779
59.9408
59.288
60.5052
59.818
59.957
59.6268
59.9451
59.377
59.9999
59.937
60.06
59.505
59.2518
59.8819
59.8199
59.5129
59.835
60.1411
59.7589
59.7041
59.516
60.2431
59.931
59.35
59.8619
60.344
59.701
59.303
59.937
60.0288
59.8109
59.926
59.902
59.963
59.746
60.225
59.6938
60.3619
59.8319
60.215
60.394
60.4329
59.346
60.957
59.8979
60.369
59.9539
59.808
59.689
60.1962
59.639
59.628
59.895
59.8891
59.7582
60.442
60.1101
59.9439
60.01
60.3139
60.045
59.726
59.9689
59.747
60.58
59.7889
60.0619
59.8681
59.3722
59.6361
59.974
59.896
59.3772
59.4301
60.4331
59.7081
60.456
60.2078
59.4399
59.495
59.576
59.9599
59.598
59.896
59.557
60.128
59.9082
60.9391
60.0739
59.993
59.9439
60.312
59.3071
60.2422
59.4981
59.839
59.5469
59.7789
59.7932
60.612
60.643
59.396
59.926
59.474
60.2741
59.3851
60.2481
60.051
60.0369
59.68
59.6728
59.752
60.2839
60.2729
59.685
59.932
59.4921
60.369
60.185
59.17
59.7961
60.081
59.5429
60.262
60.1559
60.1878
60.0479
60.394
59.48
59.6111
60.0319
59.994
59.4361
59.8071
59.6559
60.0798
60.0491
59.4182
60.2431
59.6409
59.6609
60.0879
60.334
59.89
59.8769
59.504
59.747
60.102
59.8972
60.4401
59.546
59.628
59.7842
59.7582
59.9179
59.9809
60.257
59.9959
59.4242
59.6819
59.7851
59.6709
59.797
59.546
59.787
60.2541
59.9301
59.3488
60.58
59.3522
60.215
60.0729
60.1931
60.2961
59.866
60.3859
59.7439
59.6728
59.782
60.061
59.6521
60.689
60.575
60.6341
60.0491
60.261
59.689
59.69
59.49
59.566
59.6859
60.169
59.6142
59.474
59.5262
59.927
59.407
59.727
59.782
60.101
60.041
59.608
61.126
59.8321
60.8642
59.438
59.6149
59.9639
60.1728
59.3171
59.865
60.3209
60.333
60.0491
60.3299
60.292
59.8359
59.3071
60.405
60.092
60.1001
59.7
60.143
59.505
59.9031
59.839
59.5429
59.9248
60.3371
60.4122
60.1251
59.86
59.7858
60.5609
59.9542
59.7551
59.4878
60.23
60.05
60.076
59.587
59.911
60.7162
59.679
59.3052
60.324
59.7589
60.19
59.6921
59.947
59.2561
59.629
60.3821
60.498
60.3781
59.351
59.916
59.643
60.008
59.587
59.7351
59.7689
60.1411
59.8569
60.1878
60.106
59.617
59.8409
60.3819
59.6938
60.127
60.859
59.4909
59.9868
59.566
59.4761
59.34
59.309
60.4339
59.509
60.432
59.5899
59.9511
60.4701
59.545
59.423
60.7669
59.907
59.1619
59.458
59.207
59.8409
60.41
59.5939
60.2539
59.835
59.9649
59.382
60.2112
59.799
60.1919
60.0739
59.535
59.3081
60.0548
60.214
60.23
60.267
60.0922
59.382
59.8969
59.5648
60.1499
60.143
60.2021
59.8781
60.2832
59.566
59.346
59.9401
59.6359
60.379
60.1249
60.1459
59.2411
59.927
60.5659
