18.9559
18.892
18.883
18.8689
18.868
18.9002
18.8789
18.8699
18.863
18.8899
18.8801
18.8792
18.889
18.8892
18.8789
18.898
18.8689
18.889
18.8918
18.8701
18.893
18.889
18.888
18.8661
18.893
18.8851
18.893
18.878
18.9078
18.873
18.893
18.8839
18.8711
18.8911
18.888
18.8971
18.8661
18.883
18.8739
18.8839
18.8639
18.9021
18.888
18.868
18.8968
18.883
18.878
18.8758
18.8849
18.887
18.8839
18.872
18.878
18.8911
18.8799
18.868
18.8661
18.9021
18.9061
18.892
18.878
18.8739
18.873
18.8839
18.8751
18.8582
18.887
18.8789
18.8971
18.893
18.899
18.8901
18.9059
18.873
18.8811
18.873
18.8749
18.8611
18.898
18.887
18.8749
18.893
18.893
18.878
18.8868
18.8851
18.9021
18.8689
18.8758
18.8901
18.8868
18.8761
18.892
18.8961
18.894
18.908
18.889
18.887
18.913
18.899
18.8842
18.8739
18.8699
18.8839
18.8768
18.894
18.8761
18.898
18.883
18.899
18.893
18.878
18.883
18.8692
18.8859
18.8911
18.8692
18.8851
18.8742
18.8651
18.8971
18.8899
18.888
18.8792
18.8761
18.8761
18.893
18.9021
18.8951
18.9011
18.8711
18.8842
18.8859
18.8749
18.888
18.898
18.868
18.8751
18.8708
18.8758
18.899
18.8811
18.8851
18.887
18.883
18.877
18.887
18.8859
18.8918
18.868
18.8868
18.892
18.898
18.8799
18.883
18.878
18.8818
18.908
18.8739
18.887
18.888
18.8839
18.8909
18.8849
18.878
18.892
18.8918
18.8749
18.899
18.8949
18.892
18.888
18.908
18.8839
18.8971
18.8999
18.8749
18.872
18.9021
18.8789
18.8911
18.877
18.8971
18.8839
18.867
18.9121
18.888
18.8901
18.887
18.887
18.8799
18.877
18.909
18.8611
18.8899
18.8639
18.8959
18.8999
18.8811
18.898
18.8911
18.894
18.8792
18.8789
18.8732
18.8961
18.877
18.8739
18.8861
18.878
18.887
18.8971
18.9071
18.888
18.9111
18.8899
18.9011
18.8749
18.8811
18.8909
18.887
18.9021
18.8851
18.918
18.887
18.8832
18.914
18.8859
18.8699
18.8699
18.8839
18.8799
18.8789
18.8849
18.9061
18.904
18.893
18.8839
18.8739
18.8901
18.8859
18.883
18.8901
18.8859
18.8861
18.868
18.8942
18.888
18.893
18.862
18.8899
18.8799
18.887
18.8799
18.882
18.8708
18.9009
18.8971
18.888
18.8949
18.8751
18.868
18.8761
18.8961
18.9118
18.863
18.9009
18.8949
18.8751
18.882
18.8901
18.883
18.872
18.877
18.887
18.878
18.857
18.8761
18.8661
18.8999
18.8949
18.8811
18.8949
18.8859
18.8739
18.898
18.893
18.8959
18.873
18.8851
18.888
18.8811
18.868
18.8661
18.883
18.8708
18.8971
18.8899
18.8861
18.846
18.9021
18.903
18.883
18.8661
18.883
18.8892
18.9049
18.904
18.8742
18.888
18.8701
18.9002
18.882
18.872
18.893
18.8792
18.889
18.8801
18.8801
18.9128
18.9021
18.887
18.8789
18.8961
18.893
18.8849
18.863
18.883
18.9061
18.904
18.888
18.878
18.9021
18.8851
18.888
18.9009
18.887
18.8739
18.8742
18.8751
18.8851
18.877
18.8751
18.9002
18.888
18.8651
18.8749
18.882
18.9109
18.8639
18.903
18.8811
18.8949
18.892
18.8851
18.887
18.8732
18.8839
18.8529
18.9161
18.8971
18.8851
18.8658
18.8911
18.8849
18.8961
18.878
18.8899
18.8961
18.8942
18.878
18.872
18.8701
18.8699
18.8899
18.888
18.8589
18.8918
18.872
18.8859
18.904
18.872
18.8971
18.863
18.863
18.8761
18.8839
18.8751
18.8842
18.888
18.8949
18.9111
18.8901
18.893
18.883
18.888
18.8718
18.873
18.9102
18.8658
18.8801
18.8799
18.8749
18.8942
18.888
18.8971
18.9021
18.8971
18.878
18.888
18.8651
18.867
18.8749
18.8739
18.8751
18.8859
18.8649
18.887
18.9061
18.8961
18.872
18.8909
18.877
18.877
18.8839
18.892
18.8851
18.9021
18.8789
18.9009
18.8849
18.8901
18.8968
18.882
18.8839
18.893
18.883
18.909
18.8999
18.872
18.878
18.8839
18.8692
18.8789
18.8789
18.9002
18.892
18.8689
18.8789
18.8851
18.8999
18.8661
18.8742
18.894
18.878
18.8801
18.9018
18.8861
18.8859
18.8842
18.8949
18.8861
18.883
18.883
18.893
18.8911
18.8968
18.862
18.8859
18.8799
18.8689
18.863
18.8918
18.887
18.883
18.8971
18.8699
18.8661
18.904
18.8839
18.8859
18.8971
18.8558
18.8739
18.8971
18.8851
18.918
18.8799
18.9071
18.898
18.8811
18.8808
18.8899
18.8749
18.8839
18.9061
18.873
18.8792
18.887
18.8732
18.873
18.888
18.8792
18.892
18.893
18.904
18.888
18.8892
18.8661
18.878
18.8899
18.8639
18.882
18.889
18.8839
18.8911
18.893
18.878
18.8839
18.8649
18.8742
18.9049
18.909
18.8789
18.882
18.868
18.8968
18.898
18.8718
18.8839
18.9068
18.8961
18.867
18.889
18.9021
18.8792
18.8808
18.8529
18.8792
18.9018
18.8999
18.899
18.887
18.873
18.9071
18.892
18.9011
18.888
18.877
18.8909
18.8861
18.888
18.8861
18.8661
18.8792
18.9078
18.8739
18.883
18.8968
18.8742
18.893
18.8978
18.8811
18.8801
18.8918
18.8708
18.878
18.8692
18.9111
18.8799
18.8818
18.8751
18.888
18.8899
18.9021
18.873
18.8909
18.8861
18.8701
18.894
18.8599
18.9011
18.889
18.887
18.8851
18.9021
18.893
18.887
18.8968
18.8839
18.889
18.878
18.8849
18.883
18.872
18.8658
18.8811
18.8811
18.9011
18.8789
18.8811
18.8689
18.8911
18.8861
18.892
18.872
18.9061
18.873
18.873
18.868
18.8742
18.893
18.8749
18.882
18.858
18.8808
18.8689
18.898
18.8971
18.899
18.9021
18.8999
18.8601
18.8808
18.887
18.889
18.8701
18.8951
18.898
18.904
18.878
18.8909
18.8911
18.882
18.8849
18.8711
18.8751
18.918
18.8792
18.904
18.8951
18.904
18.8849
18.9018
18.8842
18.887
18.8851
18.882
18.8711
18.8782
18.889
18.8749
18.882
18.863
18.8661
18.8861
18.8818
18.8761
18.8899
18.892
18.8942
18.882
18.873
18.878
18.893
18.8701
18.888
18.892
18.9002
18.8851
18.887
18.898
18.8811
18.8739
18.8639
18.8901
18.8999
18.8839
18.862
18.8839
18.8789
18.8661
18.873
18.8742
18.877
18.8911
18.8861
18.8971
18.8968
18.8749
18.8951
18.8692
18.8849
18.8899
18.889
18.8971
18.8639
18.8909
18.9009
18.8839
18.8651
18.904
18.877
18.8911
18.8849
18.8661
18.8789
18.894
18.8792
18.872
18.8961
18.8742
18.8689
18.903
18.9009
18.8558
18.877
18.889
18.8789
18.8599
18.8761
18.9068
18.888
18.893
18.8689
18.8801
18.889
18.8749
18.887
18.8801
18.899
18.8859
18.8839
18.8859
18.8801
18.8718
18.873
18.8971
18.9111
18.8911
18.9052
18.8971
18.888
18.8799
18.8839
18.8749
18.888
18.8839
18.888
18.8751
18.9018
18.8949
18.8839
18.883
18.887
18.8711
18.877
18.8918
18.8999
18.898
18.8839
18.904
18.878
18.8851
18.8861
18.9109
18.8949
18.8799
18.9009
18.8839
18.899
18.8792
18.889
18.898
18.8818
18.893
18.872
18.8811
18.892
18.913
18.8909
18.889
18.882
18.894
18.8811
18.883
18.8639
18.8851
18.898
18.8751
18.8651
18.909
18.888
18.8611
18.862
18.8799
18.8761
18.8749
18.8808
18.892
18.8789
18.8999
18.888
18.883
18.8911
18.877
18.893
18.8611
18.8909
18.9049
18.8799
18.867
18.8961
18.893
18.872
18.873
18.8689
18.8789
18.8999
18.887
18.8949
18.908
18.8701
18.894
18.883
18.9021
18.892
18.8842
18.8851
18.8701
18.8811
18.8658
18.8751
18.873
18.8851
18.888
18.878
18.887
18.8861
18.8739
18.9011
18.8758
18.8849
18.883
18.8959
18.8909
18.872
18.889
18.8951
18.887
18.8799
18.877
18.872
18.8971
18.887
18.8699
18.908
18.8789
18.8839
18.8699
18.8849
18.867
18.9009
18.878
18.882
18.8758
18.887
18.903
18.889
18.8742
18.8911
18.8839
18.8961
18.8739
18.892
18.8911
18.8642
18.8961
18.8768
18.8911
18.8711
18.8851
18.8909
18.8861
18.8949
18.8961
18.893
18.8839
18.8789
18.8849
18.8789
18.8789
18.8699
18.8789
18.8849
18.8999
18.888
18.8971
18.898
18.894
18.8959
18.892
18.8961
18.8949
18.8839
18.8842
18.8711
18.873
18.898
18.887
18.8859
18.903
18.8811
18.8949
18.8801
18.8959
18.8742
18.872
18.892
18.8799
18.868
18.863
18.9059
18.893
18.878
18.8699
18.8992
18.8789
18.8911
18.8639
18.8799
18.8658
18.893
18.8801
18.9071
18.8742
18.8689
18.8811
18.9021
18.9099
18.888
18.8789
18.888
18.883
18.9049
18.9061
18.8851
18.888
18.8992
18.8689
18.8792
18.8899
18.888
18.8799
18.8761
18.8911
18.8868
18.892
18.888
18.898
18.8589
18.887
18.863
18.887
18.8849
18.8899
18.8799
18.8708
18.857
18.894
18.872
18.8971
18.9071
18.8849
18.883
18.8599
18.8708
18.872
18.8839
18.8808
18.893
18.8901
18.8491
18.9021
18.888
18.852
18.883
18.8949
18.8999
18.893
18.903
18.883
18.887
18.889
18.873
18.8739
18.899
18.877
18.889
18.8591
