21.281
18.8539
18.894
18.888
18.8851
18.894
18.863
18.8808
18.8861
18.878
18.8961
18.893
18.877
18.8749
18.8699
18.8789
18.857
18.8739
18.8639
18.9059
18.8692
18.842
18.8971
18.8739
18.8911
18.882
18.8801
18.8859
18.8808
18.8851
18.857
18.8651
18.8808
18.8971
18.8949
18.8639
18.877
18.893
18.888
18.8832
18.8899
18.8711
18.8711
18.8839
18.8651
18.8758
18.8739
18.8699
18.882
18.889
18.868
18.8608
18.8849
18.894
18.888
18.8868
18.8711
18.8549
18.8749
18.877
18.8701
18.8711
18.893
18.8749
18.8751
18.867
18.878
18.8539
18.868
18.8811
18.8491
18.882
18.8589
18.8699
18.9021
18.894
18.8851
18.893
18.8711
18.857
18.887
18.9028
18.8789
18.882
18.887
18.877
18.8439
18.872
18.8761
18.8589
18.8608
18.8758
18.8799
18.872
18.8732
18.8801
18.889
18.8701
18.867
18.867
18.8749
18.8901
18.862
18.8811
18.892
18.8918
18.8491
18.8901
18.887
18.883
18.8551
18.877
18.8668
18.868
18.893
18.868
18.872
18.894
18.8851
18.8711
18.877
18.9059
18.8549
18.8639
18.8761
18.863
18.8601
18.888
18.8761
18.892
18.893
18.8851
18.8808
18.887
18.8539
18.862
18.878
18.873
18.8789
18.868
18.867
18.883
18.8639
18.8711
18.8808
18.8749
18.8801
18.8642
18.878
18.8949
18.889
18.8832
18.8901
18.8751
18.893
18.8701
18.894
18.8611
18.8758
18.868
18.887
18.889
18.883
18.8911
18.8758
18.888
18.882
18.8699
18.889
18.877
18.887
18.8811
18.8599
18.873
18.894
18.857
18.8742
18.8711
18.8632
18.893
18.847
18.8799
18.8749
18.8699
18.894
18.8899
18.8761
18.8708
18.887
18.873
18.8961
18.889
18.8749
18.8761
18.8859
18.8589
18.882
18.863
18.858
18.8601
18.8911
18.8761
18.8808
18.8999
18.889
18.8901
18.8909
18.8479
18.8868
18.863
18.8799
18.8832
18.882
18.8761
18.867
18.8529
18.882
18.8661
18.858
18.8558
18.8739
18.878
18.8949
18.8811
18.8708
18.909
18.908
18.898
18.8849
18.8661
18.8899
18.908
18.8711
18.8649
18.8859
18.878
18.8901
18.9071
18.877
18.887
18.8839
18.8789
18.868
18.9018
18.858
18.877
18.899
18.8789
18.8661
18.8971
18.862
18.8551
18.8851
18.888
18.851
18.878
18.8451
18.8649
18.889
18.8489
18.8799
18.8639
18.8711
18.8801
18.8789
18.856
18.877
18.8658
18.873
18.882
18.883
18.8761
18.893
18.877
18.8529
18.8692
18.8911
18.8549
18.8739
18.8911
18.882
18.862
18.8649
18.8749
18.8708
18.8639
18.877
18.868
18.8639
18.856
18.9052
18.857
18.8911
18.8849
18.8861
18.8711
18.8949
18.8811
18.8899
18.8739
18.8711
18.873
18.883
18.8749
18.8649
18.883
18.904
18.8911
18.9011
18.8801
18.867
18.863
18.883
18.8649
18.888
18.898
18.8649
18.8699
18.893
18.8801
18.8961
18.8849
18.867
18.8839
18.8892
18.8799
18.887
18.863
18.877
18.9049
18.8811
18.9021
18.888
18.8551
18.8591
18.893
18.8742
18.8549
18.878
18.893
18.8839
18.8899
18.8668
18.862
18.862
18.8839
18.8632
18.8761
18.8768
18.8801
18.852
18.882
18.894
18.888
18.8808
18.873
18.882
18.882
18.8732
18.8789
18.877
18.8611
18.893
18.8699
18.888
18.8649
18.8761
18.8811
18.8642
18.887
18.857
18.872
18.8761
18.8892
18.867
18.8739
18.8591
18.894
18.8539
18.882
18.8699
18.887
18.857
18.868
18.8758
18.8689
18.8599
18.8649
18.8801
18.8782
18.8751
18.8811
18.872
18.873
18.9068
18.8911
18.8658
18.868
18.8961
18.888
18.883
18.863
18.852
18.8749
18.8851
18.8801
18.858
18.893
18.883
18.8749
18.887
18.8692
18.867
18.8849
18.8651
18.8591
18.877
18.8689
18.898
18.8508
18.867
18.8942
18.8749
18.8801
18.8768
18.862
18.851
18.8799
18.8639
18.873
18.883
18.8842
18.8692
18.878
18.8739
18.878
18.877
18.8761
18.8751
18.8959
18.8599
18.8999
18.8839
18.878
18.8742
18.878
18.8789
18.883
18.8761
18.8758
18.8789
18.8708
18.887
18.8739
18.8732
18.8751
18.878
18.8639
18.878
18.873
18.8808
18.857
18.883
18.8892
18.8739
18.8799
18.8711
18.8651
18.8758
18.8758
18.8761
18.892
18.889
18.8661
18.8611
18.8789
18.894
18.867
18.8599
18.8839
18.8801
18.8789
18.8789
18.8789
18.857
18.883
18.8682
18.883
18.9011
18.8768
18.8761
18.8699
18.8761
18.8618
18.888
18.8661
18.893
18.867
18.8649
18.8859
18.882
18.8611
18.878
18.882
18.8632
18.8851
18.872
18.8689
18.8849
18.8942
18.8701
18.9021
18.887
18.888
18.8789
18.8789
18.872
18.872
18.8849
18.8808
18.8801
18.873
18.8961
18.898
18.8961
18.8799
18.8439
18.8959
18.8849
18.888
18.8971
18.9011
18.8768
18.8849
18.8708
18.8699
18.8742
18.8529
18.889
18.883
18.8751
18.873
18.8859
18.8739
18.8649
18.8811
18.8859
18.889
18.877
18.8749
18.883
18.8811
18.8761
18.8811
18.872
18.894
18.8539
18.8892
18.8601
18.8909
18.8689
18.9128
18.8961
18.8689
18.877
18.8999
18.8892
18.877
18.8758
18.8849
18.872
18.8861
18.8541
18.882
18.888
18.8961
18.8811
18.8601
18.8541
18.899
18.8799
18.908
18.8439
18.8739
18.8851
18.8801
18.892
18.8649
18.882
18.8799
18.873
18.8761
18.888
18.883
18.889
18.8789
18.8699
18.8711
18.8479
18.868
18.8651
18.873
18.858
18.857
18.8611
18.872
18.8692
18.887
18.8751
18.893
18.8589
18.8839
18.858
18.883
18.8811
18.888
18.8861
18.8708
18.8839
18.8961
18.8479
18.8761
18.8951
18.8811
18.882
18.858
18.8739
18.8839
18.8398
18.862
18.8732
18.8661
18.9099
18.894
18.8761
18.8661
18.8642
18.8839
18.887
18.872
18.8808
18.8632
18.868
18.8849
18.8642
18.8761
18.877
18.8799
18.857
18.8658
18.888
18.878
18.8549
18.8818
18.8751
18.7161
18.8541
18.894
18.8971
18.8739
18.887
18.8909
18.8808
18.8649
18.867
18.868
18.8761
18.8792
18.8451
18.8801
18.8601
18.8842
18.8818
18.8508
18.8429
18.8599
18.8708
18.8761
18.882
18.883
18.8751
18.883
18.8751
18.883
18.8799
18.8649
18.893
18.8851
18.8711
18.892
18.8739
18.8918
18.883
18.873
18.873
18.887
18.8911
18.8808
18.867
18.867
18.887
18.8711
18.856
18.8611
18.8601
18.8701
18.8649
18.858
18.887
18.858
18.8658
18.8711
18.857
18.8708
18.863
18.887
18.8541
18.8651
18.877
18.8689
18.868
18.8799
18.863
18.877
18.872
18.893
18.8839
18.8799
18.888
18.8498
18.8861
18.888
18.862
18.8479
18.878
18.8909
18.892
18.8961
18.8739
18.909
18.867
18.877
18.8689
18.8751
18.878
18.8849
18.8749
18.882
18.8661
18.8601
18.8451
18.873
18.8799
18.883
18.8839
18.8539
18.8761
18.8749
18.836
18.8701
18.863
18.8901
18.8782
18.868
18.8711
18.873
18.858
18.8758
18.8949
18.8811
18.867
18.8761
18.8639
18.8601
18.892
18.8632
18.8739
18.8761
18.8701
18.8808
18.878
18.8849
18.862
18.872
18.8589
18.863
18.842
18.887
18.877
18.889
18.8839
18.8739
18.862
18.883
18.8758
18.8692
18.8811
18.8758
18.9049
18.8859
18.8661
18.867
18.8601
18.8951
18.8901
18.867
18.878
18.883
18.8742
18.873
18.8742
18.8999
18.878
18.8649
18.877
18.8851
18.873
18.873
18.8739
18.8682
18.873
18.888
18.8782
18.868
18.8549
18.898
18.8792
18.882
18.8611
18.8839
18.8718
18.8811
18.8701
18.8711
18.8801
18.8601
18.8689
18.887
18.8699
18.8699
18.8649
18.8949
18.863
18.883
18.883
18.893
18.867
18.8859
18.872
18.8651
18.851
18.872
18.8642
18.8591
18.8491
18.892
18.8529
18.8818
18.878
18.8868
18.8842
18.8859
18.8971
18.882
18.872
18.877
18.8751
18.8708
18.888
18.8448
18.8651
18.8789
18.8971
18.9002
18.8599
18.877
18.9021
18.8642
18.8808
18.872
18.8711
18.847
18.888
18.878
18.8429
18.8949
18.8699
18.888
18.8508
18.8639
18.873
18.878
18.8739
18.8601
18.903
18.8811
18.8689
18.8839
18.889
18.868
18.8651
18.873
18.882
18.8942
18.863
18.8692
18.857
18.8658
18.889
18.8651
18.8868
18.887
18.867
18.8589
18.862
18.8789
18.868
18.893
18.8718
18.857
18.8701
18.8839
18.8739
18.8711
18.877
18.8739
18.8739
18.8551
18.8839
18.8749
18.862
18.868
18.8859
18.882
18.8701
18.8591
18.8692
18.8551
18.8701
18.9002
18.8992
18.8739
18.889
18.856
18.8651
18.8742
18.877
18.8649
18.856
18.872
18.8811
18.898
18.8642
18.9061
18.8661
18.863
18.8739
18.872
18.878
18.8792
18.9002
18.8692
18.8749
18.863
18.8849
18.8951
18.877
18.8761
18.877
18.8839
18.8849
18.8749
18.8789
18.852
18.8761
18.863
18.8699
18.857
18.851
18.8749
18.8711
18.8911
18.851
18.878
18.857
18.8608
18.867
18.8661
18.8758
18.8701
18.8861
18.872
18.852
18.892
18.8611
18.8651
18.8529
18.8961
18.8739
18.882
