3.14159265358979311599796346854419
3.13852319325409245820424075645860
3.13545373291839135632130819431040
3.13238427258269069852758548222482
3.12931481224699004073386277013924
3.12624535191128893885093020799104
3.12317589157558828105720749590546
3.12010643123988717917427493375726
3.11703697090418652138055222167168
3.11396751056848586358682950958610
3.11089805023278476170389694743790
3.10782858989708410391017423535232
3.10475912956138344611645152326673
3.10168966922568234423351896111853
3.09862020888998168643979624903295
3.09555074855428058455686368688475
3.09248128821857992676314097479917
3.08941182788287926896941826271359
3.08634236754717816708648570056539
3.08327290721147750929276298847981
3.08020344687577685149904027639423
3.07713398654007574961610771424603
3.07406452620437509182238500216044
3.07099506586867398993945244001225
3.06792560553297333214572972792666
3.06485614519727267435200701584108
3.06178668486157157246907445369288
3.05871722452587091467535174160730
3.05564776419017025688162902952172
3.05257830385446915499869646737352
3.04950884351876849720497375528794
3.04643938318306739532204119313974
3.04336992284736673752831848105416
3.04030046251166607973459576896857
3.03723100217596497785166320682038
3.03416154184026432005794049473479
3.03109208150456366226421778264921
3.02802262116886256038128522050101
3.02495316083316190258756250841543
3.02188370049746080070462994626723
3.01881424016176014291090723418165
3.01574477982605948511718452209607
3.01267531949035838323425195994787
3.00960585915465772544052924786229
3.00653639881895706764680653577670
3.00346693848325596576387397362851
3.00039747814755530797015126154292
2.99732801781185420608721869939473
2.99425855747615354829349598730914
2.99118909714045289049977327522356
2.98811963680475178861684071307536
2.98505017646905113082311800098978
2.98198071613335047302939528890420
2.97891125579764937114646272675600
2.97584179546194871335274001467042
2.97277233512624761146980745252222
2.96970287479054695367608474043664
2.96663341445484629588236202835105
2.96356395411914519399942946620286
2.96049449378344453620570675411727
2.95742503344774387841198404203169
2.95435557311204277652905147988349
2.95128611277634211873532876779791
2.94821665244064101685239620564971
2.94514719210494035905867349356413
2.94207773176923970126495078147855
2.93900827143353859938201821933035
2.93593881109783794158829550724477
2.93286935076213728379457279515918
2.92979989042643618191164023301098
2.92673043009073552411791752092540
2.92366096975503442223498495877720
2.92059150941933376444126224669162
2.91752204908363310664753953460604
2.91445258874793200476460697245784
2.91138312841223134697088426037226
2.90831366807653068917716154828668
2.90524420774082958729422898613848
2.90217474740512892950050627405290
2.89910528706942782761757371190470
2.89603582673372716982385099981911
2.89296636639802651203012828773353
2.88989690606232541014719572558533
2.88682744572662475235347301349975
2.88375798539092409455975030141417
2.88068852505522299267681773926597
2.87761906471952233488309502718039
2.87454960438382123300016246503219
2.87148014404812057520643975294661
2.86841068371241991741271704086103
2.86534122337671881552978447871283
2.86227176304101815773606176662724
2.85920230270531749994233905454166
2.85613284236961639805940649239346
2.85306338203391574026568378030788
2.84999392169821463838275121815968
2.84692446136251398058902850607410
2.84385500102681332279530579398852
2.84078554069111222091237323184032
2.83771608035541156311865051975474
2.83464662001971090532492780766916
2.83157715968400980344199524552096
2.82850769934830914564827253343537
2.82543823901260804376533997128718
2.82236877867690738597161725920159
2.81929931834120672817789454711601
2.81622985800550562629496198496781
2.81316039766980496850123927288223
2.81009093733410431070751656079665
2.80702147699840320882458399864845
2.80395201666270255103086128656287
2.80088255632700144914792872441467
2.79781309599130079135420601232909
2.79474363565560013356048330024350
2.79167417531989903167755073809531
2.78860471498419837388382802600972
2.78553525464849771609010531392414
2.78246579431279661420717275177594
2.77939633397709595641345003969036
2.77632687364139485453051747754216
2.77325741330569419673679476545658
2.77018795296999353894307205337100
2.76711849263429243706013949122280
2.76404903229859177926641677913722
2.76097957196289112147269406705163
2.75791011162719001958976150490344
2.75484065129148936179603879281785
2.75177119095578825991310623066965
2.74870173062008760211938351858407
2.74563227028438694432566080649849
2.74256280994868584244272824435029
2.73949334961298518464900553226471
2.73642388927728452685528282017913
2.73335442894158342497235025803093
2.73028496860588276717862754594535
2.72721550827018210938490483385976
2.72414604793448100750197227171157
2.72107658759878034970824955962598
2.71800712726307924782531699747778
2.71493766692737859003159428539220
2.71186820659167793223787157330662
2.70879874625597683035493901115842
2.70572928592027617256121629907284
2.70265982558457551476749358698726
2.69959036524887441288456102483906
2.69652090491317375509083831275348
2.69345144457747265320790575060528
2.69038198424177199541418303851970
2.68731252390607133762046032643411
2.68424306357037023573752776428591
2.68117360323466957794380505220033
2.67810414289896892015008234011475
2.67503468256326781826714977796655
2.67196522222756716047342706588097
2.66889576189186605859049450373277
2.66582630155616540079677179164719
2.66275684122046474300304907956161
2.65968738088476364112011651741341
2.65661792054906298332639380532783
2.65354846021336232553267109324224
2.65047899987766122364973853109404
2.64740953954196056585601581900846
2.64434007920625946397308325686026
2.64127061887055880617936054477468
2.63820115853485814838563783268910
2.63513169819915704650270527054090
2.63206223786345638870898255845532
2.62899277752775573091525984636974
2.62592331719205462903232728422154
2.62285385685635397123860457213596
2.61978439652065286935567200998776
2.61671493618495221156194929790217
2.61364547584925155376822658581659
2.61057601551355045188529402366839
2.60750655517784979409157131158281
2.60443709484214913629784859949723
2.60136763450644803441491603734903
2.59829817417074737662119332526345
2.59522871383504627473826076311525
2.59215925349934561694453805102967
2.58908979316364495915081533894408
2.58602033282794385726788277679589
2.58295087249224319947416006471030
2.57988141215654254168043735262472
2.57681195182084143979750479047652
2.57374249148514078200378207839094
2.57067303114943968012084951624274
2.56760357081373902232712680415716
2.56453411047803836453340409207158
2.56146465014233726265047152992338
2.55839518980663660485674881783780
2.55532572947093594706302610575221
2.55225626913523484518009354360402
2.54918680879953418738637083151843
2.54611734846383308550343826937024
2.54304788812813242770971555728465
2.53997842779243176991599284519907
2.53690896745673066803306028305087
2.53383950712103001023933757096529
2.53077004678532935244561485887971
2.52770058644962825056268229673151
2.52463112611392759276895958464593
2.52156166577822649088602702249773
2.51849220544252583309230431041215
2.51542274510682517529858159832656
2.51235328477112407341564903617837
2.50928382443542341562192632409278
2.50621436409972275782820361200720
2.50314490376402165594527104985900
2.50007544342832099815154833777342
2.49700598309261989626861577562522
2.49393652275691923847489306353964
2.49086706242121858068117035145406
2.48779760208551747879823778930586
2.48472814174981682100451507722028
2.48165868141411616321079236513469
2.47858922107841506132785980298650
2.47551976074271440353413709090091
2.47245030040701330165120452875271
2.46938084007131264385748181666713
2.46631137973561198606375910458155
2.46324191939991088418082654243335
2.46017245906421022638710383034777
2.45710299872850956859338111826219
2.45403353839280846671044855611399
2.45096407805710780891672584402841
2.44789461772140670703379328188021
2.44482515738570604924007056979463
2.44175569705000539144634785770904
2.43868623671430428956341529556084
2.43561677637860363176969258347526
2.43254731604290297397596987138968
2.42947785570720187209303730924148
2.42640839537150121429931459715590
2.42333893503580011241638203500770
2.42026947470009945462265932292212
2.41720001436439879682893661083654
2.41413055402869769494600404868834
2.41106109369299703715228133660275
2.40799163335729637935855862451717
2.40492217302159527747562606236897
2.40185271268589461968190335028339
2.39878325235019351779897078813519
2.39571379201449286000524807604961
2.39264433167879220221152536396403
2.38957487134309110032859280181583
2.38650541100739044253487008973025
2.38343595067168978474114737764467
2.38036649033598868285821481549647
2.37729703000028802506449210341088
2.37422756966458692318155954126269
2.37115810932888626538783682917710
2.36808864899318560759411411709152
2.36501918865748450571118155494332
2.36194972832178384791745884285774
2.35888026798608319012373613077216
2.35581080765038208824080356862396
2.35274134731468143044708085653838
2.34967188697898077265335814445280
2.34660242664327967077042558230460
2.34353296630757901297670287021901
2.34046350597187791109377030807082
2.33739404563617725330004759598523
2.33432458530047659550632488389965
2.33125512496477549362339232175145
2.32818566462907483582966960966587
2.32511620429337417803594689758029
2.32204674395767307615301433543209
2.31897728362197241835929162334651
2.31590782328627131647635906119831
2.31283836295057065868263634911273
2.30976890261487000088891363702714
2.30669944227916889900598107487895
2.30362998194346824121225836279336
2.30056052160776758341853565070778
2.29749106127206648153560308855958
2.29442160093636582374188037647400
2.29135214060066472185894781432580
2.28828268026496406406522510224022
2.28521321992926340627150239015464
2.28214375959356230438856982800644
2.27907429925786164659484711592086
2.27600483892216098880112440383527
2.27293537858645988691819184168708
2.26986591825075922912446912960149
2.26679645791505812724153656745329
2.26372699757935746944781385536771
2.26065753724365681165409114328213
2.25758807690795570977115858113393
2.25451861657225505197743586904835
2.25144915623655439418371315696277
2.24837969590085329230078059481457
2.24531023556515263450705788272899
2.24224077522945153262412532058079
2.23917131489375087483040260849521
2.23610185455805021703667989640962
2.23303239422234911515374733426142
2.22996293388664845736002462217584
2.22689347355094779956630191009026
2.22382401321524669768336934794206
2.22075455287954603988964663585648
2.21768509254384493800671407370828
2.21461563220814428021299136162270
2.21154617187244362241926864953712
2.20847671153674252053633608738892
2.20540725120104186274261337530334
2.20233779086534120494889066321775
2.19926833052964010306595810106955
2.19619887019393944527223538898397
2.19312940985823834338930282683577
2.19005994952253768559558011475019
2.18699048918683702780185740266461
2.18392102885113592591892484051641
2.18085156851543526812520212843083
2.17778210817973461033147941634525
2.17471264784403350844854685419705
2.17164318750833285065482414211147
2.16857372717263174877189157996327
2.16550426683693109097816886787768
2.16243480650123043318444615579210
2.15936534616552933130151359364390
2.15629588582982867350779088155832
2.15322642549412801571406816947274
2.15015696515842691383113560732454
2.14708750482272625603741289523896
2.14401804448702515415448033309076
2.14094858415132449636075762100518
2.13787912381562383856703490891960
2.13480966347992273668410234677140
2.13174020314422207889037963468581
2.12867074280852142109665692260023
2.12560128247282031921372436045203
2.12253182213711966142000164836645
2.11946236180141855953706908621825
2.11639290146571790174334637413267
2.11332344113001724394962366204709
2.11025398079431614206669109989889
2.10718452045861548427296838781331
2.10411506012291482647924567572773
2.10104559978721372459631311357953
2.09797613945151306680259040149394
2.09490667911581196491965783934575
2.09183721878011130712593512726016
2.08876775844441064933221241517458
2.08569829810870954744927985302638
2.08262883777300888965555714094080
2.07955937743730823186183442885522
2.07648991710160712997890186670702
2.07342045676590647218517915462144
2.07035099643020537030224659247324
2.06728153609450471250852388038766
2.06421207575880405471480116830207
2.06114261542310295283186860615388
2.05807315508740229503814589406829
2.05500369475170163724442318198271
2.05193423441600053536149061983451
2.04886477408029987756776790774893
2.04579531374459877568483534560073
2.04272585340889811789111263351515
2.03965639307319746009738992142957
2.03658693273749635821445735928137
2.03351747240179570042073464719579
2.03044801206609504262701193511020
2.02737855173039394074407937296201
2.02430909139469328295035666087642
2.02123963105899218106742409872822
2.01817017072329152327370138664264
2.01510071038759086547997867455706
2.01203125005188976359704611240886
2.00896178971618910580332340032328
2.00589232938048844800960068823770
2.00282286904478734612666812608950
1.99975340870908668833294541400392
1.99668394837338580849461777688703
1.99361448803768492865629013977014
1.99054502770198404881796250265324
1.98747556736628339102423979056766
1.98440610703058251118591215345077
1.98133664669488163134758451633388
1.97826718635918075150925687921699
1.97519772602348009371553416713141
1.97212826568777921387720653001452
1.96905880535207833403887889289763
1.96598934501637745420055125578074
1.96291988468067679640682854369516
1.95985042434497591656850090657827
1.95678096400927503673017326946137
1.95371150367357437893645055737579
1.95064204333787349909812292025890
1.94757258300217261925979528314201
1.94450312266647173942146764602512
1.94143366233077108162774493393954
1.93836420199507020178941729682265
1.93529474165936932195108965970576
1.93222528132366844211276202258887
1.92915582098796778431903931050329
1.92608636065226690448071167338639
1.92301690031656602464238403626950
1.91994743998086514480405639915261
1.91687797964516448701033368706703
1.91380851930946360717200604995014
1.91073905897376272733367841283325
1.90766959863806184749535077571636
1.90460013830236118970162806363078
1.90153067796666030986330042651389
1.89846121763095943002497278939700
1.89539175729525855018664515228011
1.89232229695955789239292244019452
1.88925283662385701255459480307763
1.88618337628815613271626716596074
1.88311391595245525287793952884385
1.88004445561675459508421681675827
1.87697499528105371524588917964138
1.87390553494535283540756154252449
1.87083607460965195556923390540760
1.86776661427395129777551119332202
1.86469715393825041793718355620513
1.86162769360254953809885591908824
1.85855823326684865826052828197135
1.85548877293114800046680556988576
1.85241931259544712062847793276887
1.84934985225974624079015029565198
1.84628039192404536095182265853509
1.84321093158834470315809994644951
1.84014147125264382331977230933262
1.83707201091694294348144467221573
1.83400255058124206364311703509884
1.83093309024554140584939432301326
1.82786362990984052601106668589637
1.82479416957413964617273904877948
1.82172470923843876633441141166259
1.81865524890273810854068869957700
1.81558578856703722870236106246011
1.81251632823133634886403342534322
1.80944686789563546902570578822633
1.80637740755993481123198307614075
1.80330794722423393139365543902386
1.80023848688853305155532780190697
1.79716902655283217171700016479008
1.79409956621713151392327745270450
1.79103010588143063408494981558761
1.78796064554572975424662217847072
1.78489118521002887440829454135383
1.78182172487432821661457182926824
1.77875226453862733677624419215135
1.77568280420292645693791655503446
1.77261334386722557709958891791757
1.76954388353152491930586620583199
1.76647442319582403946753856871510
1.76340496286012315962921093159821
1.76033550252442227979088329448132
1.75726604218872162199716058239574
1.75419658185302074215883294527885
1.75112712151731986232050530816196
1.74805766118161898248217767104506
1.74498820084591832468845495895948
1.74191874051021744485012732184259
1.73884928017451656501179968472570
1.73577981983881568517347204760881
1.73271035950311502737974933552323
1.72964089916741414754142169840634
1.72657143883171326770309406128945
1.72350197849601238786476642417256
1.72043251816031173007104371208698
1.71736305782461085023271607497009
1.71429359748890997039438843785319
1.71122413715320909055606080073630
1.70815467681750843276233808865072
1.70508521648180755292401045153383
1.70201575614610667308568281441694
1.69894629581040579324735517730005
1.69587683547470513545363246521447
1.69280737513900425561530482809758
1.68973791480330337577697719098069
1.68666845446760249593864955386380
1.68359899413190183814492684177822
1.68052953379620095830659920466132
1.67746007346050007846827156754443
1.67439061312479919862994393042754
1.67132115278909854083622121834196
1.66825169245339766099789358122507
1.66518223211769678115956594410818
1.66211277178199590132123830699129
1.65904331144629524352751559490571
1.65597385111059436368918795778882
1.65290439077489348385086032067193
1.64983493043919260401253268355504
1.64676547010349194621880997146945
1.64369600976779106638048233435256
1.64062654943209018654215469723567
1.63755708909638930670382706011878
1.63448762876068864891010434803320
1.63141816842498776907177671091631
1.62834870808928688923344907379942
1.62527924775358600939512143668253
1.62220978741788535160139872459695
1.61914032708218447176307108748006
1.61607086674648359192474345036317
1.61300140641078271208641581324628
1.60993194607508205429269310116069
1.60686248573938117445436546404380
1.60379302540368029461603782692691
1.60072356506797941477771018981002
1.59765410473227875698398747772444
1.59458464439657787714565984060755
1.59151518406087699730733220349066
1.58844572372517611746900456637377
1.58537626338947545967528185428819
1.58230680305377457983695421717130
1.57923734271807369999862658005441
1.57616788238237282016029894293752
1.57309842204667216236657623085193
1.57002896171097128252824859373504
1.56695950137527040268992095661815
1.56389004103956974489619824453257
1.56082058070386886505787060741568
1.55775112036816798521954297029879
1.55468166003246710538121533318190
1.55161219969676644758749262109632
1.54854273936106556774916498397943
1.54547327902536468791083734686254
1.54240381868966380807250970974565
1.53933435835396315027878699766006
1.53626489801826227044045936054317
1.53319543768256139060213172342628
1.53012597734686051076380408630939
1.52705651701115985297008137422381
1.52398705667545897313175373710692
1.52091759633975809329342609999003
1.51784813600405721345509846287314
1.51477867566835655566137575078756
1.51170921533265567582304811367067
1.50863975499695479598472047655378
1.50557029466125391614639283943688
1.50250083432555325835267012735130
1.49943137398985237851434249023441
1.49636191365415149867601485311752
1.49329245331845061883768721600063
1.49022299298274996104396450391505
1.48715353264704908120563686679816
1.48408407231134820136730922968127
1.48101461197564732152898159256438
1.47794515163994666373525888047880
1.47487569130424578389693124336191
1.47180623096854490405860360624501
1.46873677063284402422027596912812
1.46566731029714336642655325704254
1.46259784996144248658822561992565
1.45952838962574160674989798280876
1.45645892929004072691157034569187
1.45338946895434006911784763360629
1.45032000861863918927951999648940
1.44725054828293830944119235937251
1.44418108794723742960286472225562
1.44111162761153677180914201017004
1.43804216727583589197081437305314
1.43497270694013501213248673593625
1.43190324660443413229415909881936
1.42883378626873347450043638673378
1.42576432593303259466210874961689
1.42269486559733171482378111250000
1.41962540526163083498545347538311
1.41655594492593017719173076329753
1.41348648459022929735340312618064
1.41041702425452841751507548906375
1.40734756391882753767674785194686
1.40427810358312687988302513986127
1.40120864324742600004469750274438
1.39813918291172512020636986562749
1.39506972257602424036804222851060
1.39200026224032358257431951642502
1.38893080190462270273599187930813
1.38586134156892182289766424219124
1.38279188123322094305933660507435
1.37972242089752028526561389298877
1.37665296056181940542728625587188
1.37358350022611852558895861875499
1.37051403989041764575063098163810
1.36744457955471698795690826955251
1.36437511921901610811858063243562
1.36130565888331522828025299531873
1.35823619854761434844192535820184
1.35516673821191369064820264611626
1.35209727787621281080987500899937
1.34902781754051193097154737188248
1.34595835720481105113321973476559
1.34288889686911039333949702268001
1.33981943653340951350116938556312
1.33674997619770863366284174844623
1.33368051586200775382451411132934
1.33061105552630709603079139924375
1.32754159519060621619246376212686
1.32447213485490533635413612500997
1.32140267451920445651580848789308
1.31833321418350379872208577580750
1.31526375384780291888375813869061
1.31219429351210203904543050157372
1.30912483317640115920710286445683
1.30605537284070050141338015237125
1.30298591250499962157505251525436
1.29991645216929874173672487813747
1.29684699183359786189839724102058
1.29377753149789720410467452893499
1.29070807116219632426634689181810
1.28763861082649544442801925470121
1.28456915049079456458969161758432
1.28149969015509390679596890549874
1.27843022981939302695764126838185
1.27536076948369214711931363126496
1.27229130914799126728098599414807
1.26922184881229060948726328206249
1.26615238847658972964893564494560
1.26308292814088884981060800782871
1.26001346780518796997228037071181
1.25694400746948731217855765862623
1.25387454713378643234023002150934
1.25080508679808555250190238439245
1.24773562646238467266357474727556
1.24466616612668401486985203518998
1.24159670579098313503152439807309
1.23852724545528225519319676095620
1.23545778511958137535486912383931
1.23238832478388071756114641175373
1.22931886444817983772281877463683
1.22624940411247895788449113751994
1.22317994377677807804616350040305
1.22011048344107742025244078831747
1.21704102310537654041411315120058
1.21397156276967566057578551408369
1.21090210243397478073745787696680
1.20783264209827412294373516488122
1.20476318176257324310540752776433
1.20169372142687236326707989064744
1.19862426109117148342875225353055
1.19555480075547082563502954144496
1.19248534041976994579670190432807
1.18941588008406906595837426721118
1.18634641974836818612004663009429
1.18327695941266752832632391800871
1.18020749907696664848799628089182
1.17713803874126576864966864377493
1.17406857840556511085594593168935
1.17099911806986423101761829457246
1.16792965773416335117929065745557
1.16486019739846247134096302033868
1.16179073706276181354724030825309
1.15872127672706093370891267113620
1.15565181639136005387058503401931
1.15258235605565917403225739690242
1.14951289571995851623853468481684
1.14644343538425763640020704769995
1.14337397504855675656187941058306
1.14030451471285587672355177346617
1.13723505437715521892982906138059
1.13416559404145433909150142426370
1.13109613370575345925317378714681
1.12802667337005257941484615002992
1.12495721303435192162112343794433
1.12188775269865104178279580082744
1.11881829236295016194446816371055
1.11574883202724928210614052659366
1.11267937169154862431241781450808
1.10960991135584774447409017739119
1.10654045102014686463576254027430
1.10347099068444598479743490315741
1.10040153034874532700371219107183
1.09733207001304444716538455395494
1.09426260967734356732705691683805
1.09119314934164268748872927972116
1.08812368900594202969500656763557
1.08505422867024114985667893051868
1.08198476833454027001835129340179
1.07891530799883939018002365628490
1.07584584766313873238630094419932
1.07277638732743785254797330708243
1.06970692699173697270964566996554
1.06663746665603609287131803284865
1.06356800632033543507759532076307
1.06049854598463455523926768364618
1.05742908564893367540094004652929
1.05435962531323279556261240941240
1.05129016497753213776888969732681
1.04822070464183125793056206020992
1.04515124430613037809223442309303
1.04208178397042949825390678597614
1.03901232363472884046018407389056
1.03594286329902796062185643677367
1.03287340296332708078352879965678
1.02980394262762620094520116253989
1.02673448229192554315147845045431
1.02366502195622466331315081333742
1.02059556162052378347482317622053
1.01752610128482290363649553910363
1.01445664094912224584277282701805
1.01138718061342136600444518990116
1.00831772027772048616611755278427
1.00524825994201960632778991566738
1.00217879960631894853406720358180
0.99910933927061806869573956646491
0.99603987893491718885741192934802
0.99297041859921642004138675474678
0.98990095826351554020305911762989
0.98683149792781477138703394302865
0.98376203759211389154870630591176
0.98069257725641312273268113131053
0.97762311692071224289435349419364
0.97455365658501147407832831959240
0.97148419624931059424000068247551
0.96841473591360982542397550787427
0.96534527557790894558564787075738
0.96227581524220817676962269615615
0.95920635490650729693129505903926
0.95613689457080652811526988443802
0.95306743423510564827694224732113
0.94999797389940487946091707271989
0.94692851356370399962258943560300
0.94385905322800323080656426100177
0.94078959289230235096823662388488
0.93772013255660158215221144928364
0.93465067222090070231388381216675
0.93158121188519993349785863756551
0.92851175154949905365953100044862
0.92544229121379828484350582584739
0.92237283087809740500517818873050
0.91930337054239663618915301412926
0.91623391020669575635082537701237
0.91316444987099498753480020241113
0.91009498953529410769647256529424
0.90702552919959333888044739069301
0.90395606886389245904211975357612
0.90088660852819169022609457897488
0.89781714819249081038776694185799
0.89474768785679004157174176725675
0.89167822752108916173341413013986
0.88860876718538839291738895553863
0.88553930684968751307906131842174
0.88246984651398674426303614382050
0.87940038617828586442470850670361
0.87633092584258509560868333210237
0.87326146550688421577035569498548
0.87019200517118344695433052038425
0.86712254483548256711600288326736
0.86405308449978179829997770866612
0.86098362416408091846165007154923
0.85791416382838014964562489694799
0.85484470349267926980729725983110
0.85177524315697850099127208522987
0.84870578282127762115294444811298
0.84563632248557685233691927351174
0.84256686214987597249859163639485
0.83949740181417520368256646179361
0.83642794147847432384423882467672
0.83335848114277355502821365007549
0.83028902080707267518988601295860
0.82721956047137190637386083835736
0.82415010013567102653553320124047
0.82108063979997025771950802663923
0.81801117946426937788118038952234
0.81494171912856860906515521492111
0.81187225879286772922682757780422
0.80880279845716696041080240320298
0.80573333812146608057247476608609
0.80266387778576531175644959148485
0.79959441745006443191812195436796
0.79652495711436366310209677976673
0.79345549677866278326376914264983
0.79038603644296201444774396804860
0.78731657610726113460941633093171
0.78424711577156036579339115633047
0.78117765543585959697736598172924
0.77810819510015871713903834461235
0.77503873476445794832301317001111
0.77196927442875706848468553289422
0.76889981409305629966866035829298
0.76583035375735541983033272117609
0.76276089342165465101430754657486
0.75969143308595377117597990945796
0.75662197275025300235995473485673
0.75355251241455212252162709773984
0.75048305207885135370560192313860
0.74741359174315047386727428602171
0.74434413140744970505124911142047
0.74127467107174882521292147430358
0.73820521073604805639689629970235
0.73513575040034717655856866258546
0.73206629006464640774254348798422
0.72899682972894552790421585086733
0.72592736939324475908819067626609
0.72285790905754387924986303914920
0.71978844872184311043383786454797
0.71671898838614223059551022743108
0.71364952805044146177948505282984
0.71058006771474058194115741571295
0.70751060737903981312513224111171
0.70444114704333893328680460399482
0.70137168670763816447077942939359
0.69830222637193728463245179227670
0.69523276603623651581642661767546
0.69216330570053563597809898055857
0.68909384536483486716207380595733
0.68602438502913398732374616884044
0.68295492469343321850772099423921
0.67988546435773233866939335712232
0.67681600402203156985336818252108
0.67374654368633069001504054540419
0.67067708335062992119901537080295
0.66760762301492904136068773368606
0.66453816267922827254466255908483
0.66146870234352739270633492196794
0.65839924200782662389030974736670
0.65532978167212574405198211024981
0.65226032133642497523595693564857
0.64919086100072409539762929853168
0.64612140066502332658160412393045
0.64305194032932244674327648681356
0.63998247999362167792725131221232
0.63691301965792079808892367509543
0.63384355932222002927289850049419
0.63077409898651914943457086337730
0.62770463865081838061854568877607
0.62463517831511750078021805165918
0.62156571797941673196419287705794
0.61849625764371585212586523994105
0.61542679730801508330984006533981
0.61235733697231420347151242822292
0.60928787663661343465548725362169
0.60621841630091255481715961650480
0.60314895596521178600113444190356
0.60007949562951090616280680478667
0.59701003529381013734678163018543
0.59394057495810925750845399306854
0.59087111462240848869242881846731
0.58780165428670760885410118135042
0.58473219395100684003807600674918
0.58166273361530596019974836963229
0.57859327327960519138372319503105
0.57552381294390431154539555791416
0.57245435260820354272937038331293
0.56938489227250266289104274619604
0.56631543193680189407501757159480
0.56324597160110101423668993447791
0.56017651126540024542066475987667
0.55710705092969936558233712275978
0.55403759059399859676631194815855
0.55096813025829771692798431104166
0.54789866992259694811195913644042
0.54482920958689606827363149932353
0.54175974925119529945760632472229
0.53869028891549441961927868760540
0.53562082857979365080325351300417
0.53255136824409277096492587588727
0.52948190790839200214890070128604
0.52641244757269112231057306416915
0.52334298723699035349454788956791
0.52027352690128947365622025245102
0.51720406656558870484019507784978
0.51413460622988782500186744073289
0.51106514589418705618584226613166
0.50799568555848617634751462901477
0.50492622522278540753148945441353
0.50185676488708452769316181729664
0.49878730455138375887713664269540
0.49571784421568293454996023683634
0.49264838387998211022278383097728
0.48957892354428128589560742511821
0.48650946320858046156843101925915
0.48344000287287963724125461340009
0.48037054253717881291407820754102
0.47730108220147798858690180168196
0.47423162186577716425972539582290
0.47116216153007633993254898996383
0.46809270119437551560537258410477
0.46502324085867469127819617824571
0.46195378052297386695101977238664
0.45888432018727304262384336652758
0.45581485985157221829666696066852
0.45274539951587139396949055480945
0.44967593918017056964231414895039
0.44660647884446974531513774309133
0.44353701850876892098796133723226
0.44046755817306809666078493137320
0.43739809783736727233360852551414
0.43432863750166644800643211965507
0.43125917716596562367925571379601
0.42818971683026479935207930793695
0.42512025649456397502490290207788
0.42205079615886315069772649621882
0.41898133582316232637055009035976
0.41591187548746150204337368450069
0.41284241515176067771619727864163
0.40977295481605985338902087278257
0.40670349448035902906184446692350
0.40363403414465820473466806106444
0.40056457380895738040749165520538
0.39749511347325655608031524934631
0.39442565313755573175313884348725
0.39135619280185490742596243762819
0.38828673246615408309878603176912
0.38521727213045325877160962591006
0.38214781179475243444443322005100
0.37907835145905161011725681419193
0.37600889112335078579008040833287
0.37293943078764996146290400247381
0.36986997045194913713572759661474
0.36680051011624831280855119075568
0.36373104978054748848137478489662
0.36066158944484666415419837903755
0.35759212910914583982702197317849
0.35452266877344501549984556731943
0.35145320843774419117266916146036
0.34838374810204336684549275560130
0.34531428776634254251831634974224
0.34224482743064171819113994388317
0.33917536709494089386396353802411
0.33610590675924006953678713216505
0.33303644642353924520961072630598
0.32996698608783842088243432044692
0.32689752575213759655525791458786
0.32382806541643677222808150872879
0.32075860508073594790090510286973
0.31768914474503512357372869701067
0.31461968440933429924655229115160
0.31155022407363347491937588529254
0.30848076373793265059219947943348
0.30541130340223182626502307357441
0.30234184306653100193784666771535
0.29927238273083017761067026185628
0.29620292239512935328349385599722
0.29313346205942852895631745013816
0.29006400172372770462914104427909
0.28699454138802688030196463842003
0.28392508105232605597478823256097
0.28085562071662523164761182670190
0.27778616038092440732043542084284
0.27471670004522358299325901498378
0.27164723970952275866608260912471
0.26857777937382193433890620326565
0.26550831903812111001172979740659
0.26243885870242028568455339154752
0.25936939836671946135737698568846
0.25629993803101863703020057982940
0.25323047769531781270302417397033
0.25016101735961698837584776811127
0.24709155702391619180424697788112
0.24402209668821536747707057202206
0.24095263635251454314989416616299
0.23788317601681371882271776030393
0.23481371568111289449554135444487
0.23174425534541207016836494858580
0.22867479500971124584118854272674
0.22560533467401042151401213686768
0.22253587433830959718683573100861
0.21946641400260877285965932514955
0.21639695366690794853248291929049
0.21332749333120712420530651343142
0.21025803299550629987813010757236
0.20718857265980547555095370171330
0.20411911232410465122377729585423
0.20104965198840382689660088999517
0.19798019165270300256942448413611
0.19491073131700217824224807827704
0.19184127098130135391507167241798
0.18877181064560052958789526655892
0.18570235030989970526071886069985
0.18263288997419888093354245484079
0.17956342963849805660636604898173
0.17649396930279723227918964312266
0.17342450896709640795201323726360
0.17035504863139558362483683140454
0.16728558829569475929766042554547
0.16421612795999393497048401968641
0.16114666762429311064330761382735
0.15807720728859228631613120796828
0.15500774695289146198895480210922
0.15193828661719063766177839625016
0.14886882628148981333460199039109
0.14579936594578898900742558453203
0.14272990561008816468024917867297
0.13966044527438734035307277281390
0.13659098493868651602589636695484
0.13352152460298569169871996109578
0.13045206426728486737154355523671
0.12738260393158404304436714937765
0.12431314359588323259497855133304
0.12124368326018240826780214547398
0.11817422292448158394062573961492
0.11510476258878075961344933375585
0.11203530225307993528627292789679
0.10896584191737911095909652203773
0.10589638158167828663192011617866
0.10282692124597746230474371031960
0.09975746091027663797756730446054
0.09668800057457581365039089860147
0.09361854023887498932321449274241
0.09054907990317416499603808688335
0.08747961956747334066886168102428
0.08441015923177251634168527516522
0.08134069889607169201450886930616
0.07827123856037086768733246344709
0.07520177822467004336015605758803
0.07213231788896921903297965172897
0.06906285755326839470580324586990
0.06599339721756757037862684001084
0.06292393688186674605145043415177
0.05985447654616592866316793219994
0.05678501621046510433599152634088
0.05371555587476428000881512048181
0.05064609553906345568163871462275
0.04757663520336263135446230876369
0.04450717486766180702728590290462
0.04143771453196098270010949704556
0.03836825419626015837293309118650
0.03529879386055933404575668532743
0.03222933352485850971858027946837
0.02915987318915768886085082556292
0.02609041285345686453367441970386
0.02302095251775604020649801384479
0.01995149218205521587932160798573
0.01688203184635439155214520212667
0.01381257151065356895969227224441
0.01074311117495274463251586638535
0.00767365083925192030533946052628
0.00460419050355109684552479265562
0.00153473016785027295202925579076
0.00153473016785055094146628107410
0.00460419050355137526864268693316
0.00767365083925219872845735480382
0.01074311117495302218827202267448
0.01381257151065384651544842853355
0.01688203184635466910790135841580
0.01995149218205549343507776427487
0.02302095251775631776225417013393
0.02609041285345714208943057599299
0.02915987318915796641660698185206
0.03222933352485878727433643575750
0.03529879386055961160151284161657
0.03836825419626043592868924747563
0.04143771453196126025586565333469
0.04450717486766208458304205919376
0.04757663520336290891021846505282
0.05064609553906373323739487091188
0.05371555587476455756457127677095
0.05678501621046538189174768263001
0.05985447654616620621892408848908
0.06292393688186702360720659044091
0.06599339721756784793438299629997
0.06906285755326867226155940215904
0.07213231788896949658873580801810
0.07520177822467032091591221387716
0.07827123856037114524308861973623
0.08134069889607196957026502559529
0.08441015923177279389744143145435
0.08747961956747361822461783731342
0.09054907990317444255179424317248
0.09361854023887526687897064903154
0.09668800057457609120614705489061
0.09975746091027691553332346074967
0.10282692124597773986049986660873
0.10589638158167856418767627246780
0.10896584191737938851485267832686
0.11203530225308021284202908418592
0.11510476258878103716920549004499
0.11817422292448186149638189590405
0.12124368326018268582355830176311
0.12431314359588351015073470762218
0.12738260393158432060012330566678
0.13045206426728514492729971152585
0.13352152460298596925447611738491
0.13659098493868679358165252324397
0.13966044527438761790882892910304
0.14272990561008844223600533496210
0.14579936594578926656318174082116
0.14886882628149009089035814668023
0.15193828661719091521753455253929
0.15500774695289173954471095839835
0.15807720728859256387188736425742
0.16114666762429338819906377011648
0.16421612795999421252624017597554
0.16728558829569503685341658183461
0.17035504863139586118059298769367
0.17342450896709668550776939355273
0.17649396930279750983494579941180
0.17956342963849833416212220527086
0.18263288997419915848929861112993
0.18570235030989998281647501698899
0.18877181064560080714365142284805
0.19184127098130163147082782870712
0.19491073131700245579800423456618
0.19798019165270328012518064042524
0.20104965198840410445235704628431
0.20411911232410492877953345214337
0.20718857265980575310670985800243
0.21025803299550657743388626386150
0.21332749333120740176106266972056
0.21639695366690822608823907557962
0.21946641400260905041541548143869
0.22253587433830987474259188729775
0.22560533467401069906976829315681
0.22867479500971152339694469901588
0.23174425534541234772412110487494
0.23481371568111317205129751073400
0.23788317601681399637847391659307
0.24095263635251482070565032245213
0.24402209668821564503282672831119
0.24709155702391646936000313417026
0.25016101735961726593160392440041
0.25323047769531809025878033025947
0.25629993803101891458595673611853
0.25936939836671973891313314197760
0.26243885870242056324030954783666
0.26550831903812138756748595369572
0.26857777937382221189466235955479
0.27164723970952303622183876541385
0.27471670004522386054901517127291
0.27778616038092468487619157713198
0.28085562071662550920336798299104
0.28392508105232633353054438885010
0.28699454138802715785772079470917
0.29006400172372798218489720056823
0.29313346205942880651207360642729
0.29620292239512963083925001228636
0.29927238273083045516642641814542
0.30234184306653127949360282400448
0.30541130340223210382077922986355
0.30848076373793292814795563572261
0.31155022407363375247513204158167
0.31461968440933457680230844744074
0.31768914474503540112948485329980
0.32075860508073622545666125915886
0.32382806541643704978383766501793
0.32689752575213787411101407087699
0.32996698608783869843819047673605
0.33303644642353952276536688259512
0.33610590675924034709254328845418
0.33917536709494117141971969431324
0.34224482743064199574689610017231
0.34531428776634282007407250603137
0.34838374810204364440124891189043
0.35145320843774446872842531774950
0.35452266877344529305560172360856
0.35759212910914611738277812946762
0.36066158944484694170995453532669
0.36373104978054776603713094118575
0.36680051011624859036430734704481
0.36986997045194941469148375290388
0.37293943078765023901866015876294
0.37600889112335106334583656462200
0.37907835145905188767301297048107
0.38214781179475271200018937634013
0.38521727213045353632736578219919
0.38828673246615436065454218805826
0.39135619280185518498171859391732
0.39442565313755600930889499977638
0.39749511347325683363607140563545
0.40056457380895765796324781149451
0.40363403414465848229042421735357
0.40670349448035930661760062321264
0.40977295481606013094477702907170
0.41284241515176095527195343493077
0.41591187548746177959912984078983
0.41898133582316260392630624664889
0.42205079615886342825348265250796
0.42512025649456425258065905836702
0.42818971683026507690783546422608
0.43125917716596590123501187008515
0.43432863750166672556218827594421
0.43739809783736754988936468180327
0.44046755817306837421654108766234
0.44353701850876919854371749352140
0.44660647884447002287089389938046
0.44967593918017084719807030523953
0.45274539951587167152524671109859
0.45581485985157249585242311695765
0.45888432018727332017959952281672
0.46195378052297414450677592867578
0.46502324085867496883395233453484
0.46809270119437579316112874039391
0.47116216153007661748830514625297
0.47423162186577744181548155211203
0.47730108220147826614265795797110
0.48037054253717909046983436383016
0.48344000287287991479701076968922
0.48650946320858073912418717554829
0.48957892354428156345136358140735
0.49264838387998238777853998726641
0.49571784421568321210571639312548
0.49878730455138403643289279898454
0.50185676488708486076006920484360
0.50492622522278562957609437944484
0.50799568555848650941442201656173
0.51106514589418727823044719116297
0.51413460622988815806877482827986
0.51720406656558892688480000288109
0.52027352690128980672312763999798
0.52334298723699057553915281459922
0.52641244757269145537748045171611
0.52948190790839222419350562631735
0.53255136824409310403183326343424
0.53562082857979387284785843803547
0.53869028891549475268618607515236
0.54175974925119552150221124975360
0.54482920958689640134053888687049
0.54789866992259717015656406147173
0.55096813025829804999489169858862
0.55403759059399881881091687318985
0.55710705092969969864924451030674
0.56017651126540046746526968490798
0.56324597160110134730359732202487
0.56631543193680211611962249662611
0.56938489227250299595795013374300
0.57245435260820376477397530834423
0.57552381294390464461230294546112
0.57859327327960541342832812006236
0.58166273361530629326665575717925
0.58473219395100706208268093178049
0.58780165428670794192100856889738
0.59087111462240871073703374349861
0.59394057495810959057536138061550
0.59701003529381035939138655521674
0.60007949562951123922971419233363
0.60314895596521200804573936693487
0.60621841630091288788406700405176
0.60928787663661365670009217865299
0.61235733697231453653841981576988
0.61542679730801530535444499037112
0.61849625764371618519277262748801
0.62156571797941695400879780208925
0.62463517831511783384712543920614
0.62770463865081860266315061380737
0.63077409898651948250147825092427
0.63384355932222025131750342552550
0.63691301965792113115583106264239
0.63998247999362189997185623724363
0.64305194032932277981018387436052
0.64612140066502354862620904896175
0.64919086100072442846453668607865
0.65226032133642519728056186067988
0.65532978167212607711888949779677
0.65839924200782684593491467239801
0.66146870234352772577324230951490
0.66453816267922849458926748411614
0.66760762301492937442759512123303
0.67067708335063014324362029583426
0.67374654368633102308194793295115
0.67681600402203179189797310755239
0.67988546435773267173630074466928
0.68295492469343344055232591927052
0.68602438502913432039065355638741
0.68909384536483508920667873098864
0.69216330570053596904500636810553
0.69523276603623673786103154270677
0.69830222637193761769935917982366
0.70137168670763838651538435442490
0.70444114704333926635371199154179
0.70751060737904003516973716614302
0.71058006771474091500806480325991
0.71364952805044168382408997786115
0.71671898838614256366241761497804
0.71978844872184333247844278957928
0.72285790905754421231677042669617
0.72592736939324498113279560129740
0.72899682972894586097112323841429
0.73206629006464662978714841301553
0.73513575040034750962547605013242
0.73820521073604827844150122473366
0.74127467107174915827982886185055
0.74434413140744992709585403645178
0.74741359174315080693418167356867
0.75048305207885157575020684816991
0.75355251241455245558853448528680
0.75662197275025322440455965988804
0.75969143308595410424288729700493
0.76276089342165487305891247160616
0.76583035375735575289724010872305
0.76889981409305652171326528332429
0.77196927442875740155159292044118
0.77503873476445817036761809504242
0.77810819510015905020594573215931
0.78117765543585981902197090676054
0.78424711577156069886029854387743
0.78731657610726146767632371847867
0.79038603644296223649234889307991
0.79345549677866311633067653019680
0.79652495711436388514670170479803
0.79959441745006476498502934191492
0.80266387778576553380105451651616
0.80573333812146641363938215363305
0.80880279845716718245540732823429
0.81187225879286806229373496535118
0.81494171912856883110976013995241
0.81801117946426971094808777706930
0.82108063979997047976411295167054
0.82415010013567135960244058878743
0.82721956047137212841846576338867
0.83028902080707300825679340050556
0.83335848114277377707281857510679
0.83642794147847465691114621222368
0.83949740181417542572717138682492
0.84256686214987630556549902394181
0.84563632248557707438152419854305
0.84870578282127795421985183565994
0.85177524315697872303587701026117
0.85484470349267960287420464737806
0.85791416382838037169022982197930
0.86098362416408125152855745909619
0.86405308449978202034458263369743
0.86712254483548290018291027081432
0.87019200517118366899893544541555
0.87326146550688454883726308253244
0.87633092584258531765328825713368
0.87940038617828619749161589425057
0.88246984651398696630764106885181
0.88553930684968784614596870596870
0.88860876718538861496199388056993
0.89167822752108949480032151768683
0.89474768785679026361634669228806
0.89781714819249114345467432940495
0.90088660852819191227069950400619
0.90395606886389279210902714112308
0.90702552919959356092505231572432
0.91009498953529444076337995284121
0.91316444987099520957940512744244
0.91623391020669608941773276455933
0.91930337054239685823375793916057
0.92237283087809773807208557627746
0.92544229121379850688811075087870
0.92851175154949938672643838799559
0.93158121188520015554246356259682
0.93465067222090103538079119971371
0.93772013255660180419681637431495
0.94078959289230268403514401143184
0.94385905322800345285116918603308
0.94692851356370433268949682314997
0.94999797389940510150552199775120
0.95306743423510598134384963486809
0.95613689457080675015987480946933
0.95920635490650762999820244658622
0.96227581524220839881422762118746
0.96534527557790927865255525830435
0.96841473591361004746858043290558
0.97148419624931092730690807002247
0.97455365658501169612293324462371
0.97762311692071257596126088174060
0.98069257725641334477728605634184
0.98376203759211422461561369345873
0.98683149792781499343163886805996
0.98990095826351587326996650517685
0.99297041859921664208599167977809
0.99603987893491752192431931689498
0.99910933927061829074034449149622
1.00217879960631917057867212861311
1.00524825994202005041699976573000
1.00831772027772070821072247781558
1.01138718061342158804905011493247
1.01445664094912246788737775204936
1.01752610128482334772570538916625
1.02059556162052400551942810125183
1.02366502195622488535775573836872
1.02673448229192576519608337548561
1.02980394262762664503441101260250
1.03287340296332730282813372468809
1.03594286329902818266646136180498
1.03901232363472906250478899892187
1.04208178397042994234311663603876
1.04515124430613060013683934812434
1.04822070464183147997516698524123
1.05129016497753235981349462235812
1.05435962531323323965182225947501
1.05742908564893389744554497156059
1.06049854598463477728387260867748
1.06356800632033565712220024579437
1.06663746665603653696052788291126
1.06970692699173719475425059499685
1.07277638732743807459257823211374
1.07584584766313895443090586923063
1.07891530799883983426923350634752
1.08198476833454049206295621843310
1.08505422867024137190128385554999
1.08812368900594225173961149266688
1.09119314934164313157793912978377
1.09426260967734378937166184186935
1.09733207001304466920998947898624
1.10040153034874554904831711610314
1.10347099068444642888664475322003
1.10654045102014708668036746530561
1.10960991135584796651869510242250
1.11267937169154884635702273953939
1.11574883202724972619535037665628
1.11881829236295038398907308874186
1.12188775269865126382740072585875
1.12495721303435214366572836297564
1.12802667337005302350405600009253
1.13109613370575368129777871217811
1.13416559404145456113610634929501
1.13723505437715544097443398641190
1.14030451471285632081276162352879
1.14337397504855697860648433561437
1.14644343538425785844481197273126
1.14951289571995873828313960984815
1.15258235605565961812146724696504
1.15565181639136027591518995905062
1.15872127672706115575351759616751
1.16179073706276203559184523328440
1.16486019739846291543017287040129
1.16792965773416357322389558248688
1.17099911806986445306222321960377
1.17406857840556533290055085672066
1.17713803874126621273887849383755
1.18020749907696687053260120592313
1.18327695941266775037092884304002
1.18634641974836863020925648015691
1.18941588008406928800297919224249
1.19248534041977016784130682935938
1.19555480075547104767963446647627
1.19862426109117192751796210359316
1.20169372142687258531168481567875
1.20476318176257346515001245279564
1.20783264209827434498834008991253
1.21090210243397522482666772702942
1.21397156276967588262039043911500
1.21704102310537676245871807623189
1.22011048344107764229704571334878
1.22317994377677852213537335046567
1.22624940411247917992909606255125
1.22931886444818005976742369966814
1.23238832478388093960575133678503
1.23545778511958181944407897390192
1.23852724545528247723780168598751
1.24159670579098335707612932310440
1.24466616612668423691445696022129
1.24773562646238511675278459733818
1.25080508679808577454650730942376
1.25387454713378665438483494654065
1.25694400746948753422316258365754
1.26001346780518841406149022077443
1.26308292814088907185521293286001
1.26615238847658995169354056997690
1.26922184881229083153186820709379
1.27229130914799171137019584421068
1.27536076948369236916391855629627
1.27843022981939324900224619341316
1.28149969015509412884057383053005
1.28456915049079500867890146764694
1.28763861082649566647262417973252
1.29070807116219654631095181684941
1.29377753149789742614927945396630
1.29684699183359830598760709108319
1.29991645216929896378132980316877
1.30298591250499984361965744028566
1.30605537284070072345798507740255
1.30912483317640160329631271451944
1.31219429351210226109003542660503
1.31526375384780314092836306372192
1.31833321418350402076669070083881
1.32140267451920490060501833795570
1.32447213485490555839874105004128
1.32754159519060643823706868715817
1.33061105552630731807539632427506
1.33368051586200819791372396139195
1.33674997619770885570744667347753
1.33981943653340973554577431059442
1.34288889686911061538410194771132
1.34595835720481149522242958482821
1.34902781754051215301615229691379
1.35209727787621303285447993403068
1.35516673821191391269280757114757
1.35823619854761479253113520826446
1.36130565888331545032485792035004
1.36437511921901633016318555746693
1.36744457955471721000151319458382
1.37051403989041808983984083170071
1.37358350022611874763356354378629
1.37665296056181962747189118090319
1.37972242089752050731021881802008
1.38279188123322138714854645513697
1.38586134156892204494226916722255
1.38893080190462292478059680433944
1.39200026224032380461892444145633
1.39506972257602468445725207857322
1.39813918291172534225097479065880
1.40120864324742622208930242777569
1.40427810358312710192763006489258
1.40734756391882798176595770200947
1.41041702425452863955968041409506
1.41348648459022951939800805121195
1.41655594492593039923633568832884
1.41962540526163127907466332544573
1.42269486559733193686838603753131
1.42576432593303281670671367464820
1.42883378626873369654504131176509
1.43190324660443457638336894888198
1.43497270694013523417709166096756
1.43804216727583611401541929808445
1.44111162761153699385374693520134
1.44418108794723787369207457231823
1.44725054828293853148579728440382
1.45032000861863941132412492152071
1.45338946895434029116245255863760
1.45645892929004117100078019575449
1.45952838962574182879450290784007
1.46259784996144270863283054495696
1.46566731029714358847115818207385
1.46873677063284446830948581919074
1.47180623096854512610320853127632
1.47487569130424600594153616839321
1.47794515163994688577986380551010
1.48101461197564776561819144262699
1.48408407231134842341191415471258
1.48715353264704930325024179182947
1.49022299298275018308856942894636
1.49329245331845106292689706606325
1.49636191365415172072061977814883
1.49943137398985260055894741526572
1.50250083432555348039727505238261
1.50557029466125436023560268949950
1.50863975499695501802932540158508
1.51170921533265589786765303870197
1.51477867566835677770598067581886
1.51784813600405765754430831293575
1.52091759633975831533803102502134
1.52398705667545919517635866213823
1.52705651701116007501468629925512
1.53012597734686095485301393637201
1.53319543768256161264673664845759
1.53626489801826249248506428557448
1.53933435835396337232339192269137
1.54240381868966425216171955980826
1.54547327902536490995544227189384
1.54854273936106578979376990901073
1.55161219969676666963209754612762
1.55468166003246754947042518324452
1.55775112036816820726414789533010
1.56082058070386908710247553244699
1.56389004103956996694080316956388
1.56695950137527084677913080668077
1.57002896171097150457285351876635
1.57309842204667238441118115588324
1.57616788238237326424950879300013
1.57923734271807392204323150508571
1.58230680305377480188155914220260
1.58537626338947568171988677931949
1.58844572372517656155821441643639
1.59151518406087721935193712852197
1.59458464439657809919026476563886
1.59765410473227897902859240275575
1.60072356506797985886692003987264
1.60379302540368051666064275195822
1.60686248573938139649897038907511
1.60993194607508227633729802619200
1.61300140641078315617562566330889
1.61607086674648381396934837539447
1.61914032708218469380767601251137
1.62220978741788557364600364962826
1.62527924775358645348433128674515
1.62834870808928711127805399883073
1.63141816842498799111638163594762
1.63448762876068887095470927306451
1.63755708909638975079303691018140
1.64062654943209040858675962226698
1.64369600976779128842508725938387
1.64676547010349216826341489650076
1.64983493043919304810174253361765
1.65290439077489370589546524570324
1.65597385111059458573379288282013
1.65904331144629546557212051993702
1.66211277178199634541044815705391
1.66518223211769700320417086913949
1.66825169245339788304249850625638
1.67132115278909876288082614337327
1.67439061312479964271915378049016
1.67746007346050030051287649257574
1.68052953379620118035120412969263
1.68359899413190206018953176680952
1.68666845446760294002785940392641
1.68973791480330359782158211601200
1.69280737513900447765990975312889
1.69587683547470535749823739024578
1.69894629581040623733656502736267
1.70201575614610689513028773944825
1.70508521648180777496861537656514
1.70815467681750865480694301368203
1.71122413715320953464527065079892
1.71429359748891019243899336288450
1.71736305782461107227732100000139
1.72043251816031195211564863711828
1.72350197849601283195397627423517
1.72657143883171348974769898632076
1.72964089916741436958602662343765
1.73271035950311524942435426055454
1.73577981983881612926268189767143
1.73884928017451678705640460975701
1.74191874051021766689473224687390
1.74498820084591854673305988399079
1.74805766118161942657138752110768
1.75112712151732008436511023319326
1.75419658185302096420343787031015
1.75726604218872184404176550742704
1.76033550252442272388009314454393
1.76340496286012338167381585662952
1.76647442319582426151214349374641
1.76954388353152514135047113086330
1.77261334386722602118879876798019
1.77568280420292667898252148006577
1.77875226453862755882084911718266
1.78182172487432843865917675429955
1.78489118521002931849750439141644
1.78796064554572997629122710350202
1.79103010588143085612955474061891
1.79409956621713173596788237773580
1.79716902655283261580621001485270
1.80023848688853327359993272693828
1.80330794722423415343826036405517
1.80637740755993503327658800117206
1.80944686789563591311491563828895
1.81251632823133657090863835037453
1.81558578856703745074696598749142
1.81865524890273833058529362460831
1.82172470923843921042362126172520
1.82479416957413986821734397381078
1.82786362990984074805567161092767
1.83093309024554162789399924804457
1.83400255058124250773232688516146
1.83707201091694316552604959724704
1.84014147125264404536437723436393
1.84321093158834492520270487148082
1.84628039192404580504103250859771
1.84934985225974646283475522068329
1.85241931259544734267308285780018
1.85548877293114822251141049491707
1.85855823326684910234973813203396
1.86162769360254976014346084411955
1.86469715393825063998178848123644
1.86776661427395151982011611835333
1.87083607460965239965844375547022
1.87390553494535305745216646755580
1.87697499528105393729049410467269
1.88004445561675481712882174178958
1.88311391595245569696714937890647
1.88618337628815635476087209099205
1.88925283662385723459919972810894
1.89232229695955811443752736522583
1.89539175729525899427585500234272
1.89846121763095965206957771442831
1.90153067796666053190790535154520
1.90460013830236141174623298866209
1.90766959863806229158456062577898
1.91073905897376294937828333786456
1.91380851930946382921661097498145
1.91687797964516470905493861209834
1.91994743998086558889326624921523
1.92301690031656624668698896130081
1.92608636065226712652531659841770
1.92915582098796800636364423553459
1.93222528132366888620197187265148
1.93529474165936954399569458473707
1.93836420199507042383402222185396
1.94143366233077130367234985897085
1.94450312266647218351067749608774
1.94757258300217284130440020817332
1.95064204333787372114272784529021
1.95371150367357460098105548240710
1.95678096400927548081938311952399
1.95985042434497613861310583160957
1.96291988468067701845143346872646
1.96598934501637789828976110584335
1.96905880535207855608348381792894
1.97212826568777943592181145504583
1.97519772602348031576013909216272
1.97826718635918119559846672927961
1.98133664669488185339218944136519
1.98440610703058273323051707848208
1.98747556736628361306884471559897
1.99054502770198449290717235271586
1.99361448803768515070089506480144
1.99668394837338603053922270191833
1.99975340870908691037755033903522
2.00282286904478779021587797615211
2.00589232938048844800960068823770
2.00896178971618954989253325038590
2.01203125005189020768625596247148
2.01510071038759086547997867455706
2.01817017072329196736291123670526
2.02123963105899262515663394879084
2.02430909139469328295035666087642
2.02737855173039438483328922302462
2.03044801206609504262701193511020
2.03351747240179614450994449725840
2.03658693273749680230366720934398
2.03965639307319746009738992142957
2.04272585340889856198032248357777
2.04579531374459921977404519566335
2.04886477408029987756776790774893
2.05193423441600097945070046989713
2.05500369475170163724442318198271
2.05807315508740273912735574413091
2.06114261542310339692107845621649
2.06421207575880405471480116830207
2.06728153609450515659773373045027
2.07035099643020581439145644253585
2.07342045676590647218517915462144
2.07648991710160757406811171676964
2.07955937743730823186183442885522
2.08262883777300933374476699100342
2.08569829810870999153848970308900
2.08876775844441064933221241517458
2.09183721878011175121514497732278
2.09490667911581240900886768940836
2.09797613945151306680259040149394
2.10104559978721416868552296364214
2.10411506012291482647924567572773
2.10718452045861592836217823787592
2.11025398079431658615590094996151
2.11332344113001724394962366204709
2.11639290146571834583255622419529
2.11946236180141900362627893628087
2.12253182213711966142000164836645
2.12560128247282076330293421051465
2.12867074280852142109665692260023
2.13174020314422252297958948474843
2.13480966347992318077331219683401
2.13787912381562383856703490891960
2.14094858415132494044996747106779
2.14401804448702559824369018315338
2.14708750482272625603741289523896
2.15015696515842735792034545738716
2.15322642549412801571406816947274
2.15629588582982911759700073162094
2.15936534616552977539072344370652
2.16243480650123043318444615579210
2.16550426683693153506737871794030
2.16857372717263219286110143002588
2.17164318750833285065482414211147
2.17471264784403395253775670425966
2.17778210817973461033147941634525
2.18085156851543571221441197849344
2.18392102885113637000813469057903
2.18699048918683702780185740266461
2.19005994952253812968478996481281
2.19312940985823878747851267689839
2.19619887019393944527223538898397
2.19926833052964054715516795113217
2.20233779086534120494889066321775
2.20540725120104230683182322536595
2.20847671153674296462554593745153
2.21154617187244362241926864953712
2.21461563220814472430220121168531
2.21768509254384538209592392377090
2.22075455287954603988964663585648
2.22382401321524714177257919800468
2.22689347355094779956630191009026
2.22996293388664890144923447223846
2.23303239422234955924295718432404
2.23610185455805021703667989640962
2.23917131489375131891961245855782
2.24224077522945197671333517064340
2.24531023556515263450705788272899
2.24837969590085373638999044487718
2.25144915623655439418371315696277
2.25451861657225549606664571911097
2.25758807690795615386036843119655
2.26065753724365681165409114328213
2.26372699757935791353702370543033
2.26679645791505857133074641751591
2.26986591825075922912446912960149
2.27293537858646033100740169174969
2.27600483892216098880112440383527
2.27907429925786209068405696598347
2.28214375959356274847777967806906
2.28521321992926340627150239015464
2.28828268026496450815443495230284
2.29135214060066516594815766438842
2.29442160093636582374188037647400
2.29749106127206692562481293862220
2.30056052160776758341853565070778
2.30362998194346868530146821285598
2.30669944227916934309519092494156
2.30976890261487000088891363702714
2.31283836295057110277184619917534
2.31590782328627176056556891126093
2.31897728362197241835929162334651
2.32204674395767352024222418549471
2.32511620429337417803594689758029
2.32818566462907527991887945972849
2.33125512496477593771260217181407
2.33432458530047659550632488389965
2.33739404563617769738925744604785
2.34046350597187835518298015813343
2.34353296630757901297670287021901
2.34660242664328011485963543236721
2.34967188697898077265335814445280
2.35274134731468187453629070660099
2.35581080765038253233001341868658
2.35888026798608319012373613077216
2.36194972832178429200666869292036
2.36501918865748494980039140500594
2.36808864899318560759411411709152
2.37115810932888670947704667923972
2.37422756966458736727076939132530
2.37729703000028802506449210341088
2.38036649033598912694742466555908
2.38343595067168978474114737764467
2.38650541100739088662407993979286
2.38957487134309154441780265187845
2.39264433167879220221152536396403
2.39571379201449330409445792611223
2.39878325235019396188818063819781
2.40185271268589461968190335028339
2.40492217302159572156483591243159
2.40799163335729637935855862451717
2.41106109369299748124149118666537
2.41413055402869813903521389875095
2.41720001436439879682893661083654
2.42026947470009989871186917298473
2.42333893503580055650559188507032
2.42640839537150121429931459715590
2.42947785570720231618224715930410
2.43254731604290297397596987138968
2.43561677637860407585890243353788
2.43868623671430473365262514562346
2.44175569705000539144634785770904
2.44482515738570649332928041985724
2.44789461772140715112300313194282
2.45096407805710780891672584402841
2.45403353839280891079965840617660
2.45710299872850956859338111826219
2.46017245906421067047631368041039
2.46324191939991132827003639249597
2.46631137973561198606375910458155
2.46938084007131308794669166672975
2.47245030040701374574041437881533
2.47551976074271440353413709090091
2.47858922107841550541706965304911
2.48165868141411616321079236513469
2.48472814174981726509372492728289
2.48779760208551792288744763936847
2.49086706242121858068117035145406
2.49393652275691968256410291360226
2.49700598309262034035782562568784
2.50007544342832099815154833777342
2.50314490376402210003448089992162
2.50621436409972275782820361200720
2.50928382443542385971113617415540
2.51235328477112451750485888624098
2.51542274510682517529858159832656
2.51849220544252627718151416047476
2.52156166577822693497523687256034
2.52463112611392759276895958464593
2.52770058644962869465189214679413
2.53077004678532935244561485887971
2.53383950712103045432854742102791
2.53690896745673111212227013311349
2.53997842779243176991599284519907
2.54304788812813287179892540734727
2.54611734846383352959264811943285
2.54918680879953418738637083151843
2.55225626913523528926930339366663
2.55532572947093594706302610575221
2.55839518980663704894595866790041
2.56146465014233770673968137998600
2.56453411047803836453340409207158
2.56760357081373946641633665421978
2.57067303114944012421005936630536
2.57374249148514078200378207839094
2.57681195182084188388671464053914
2.57988141215654254168043735262472
2.58295087249224364356336991477292
2.58602033282794430135709262685850
2.58908979316364495915081533894408
2.59215925349934606103374790109228
2.59522871383504671882747061317787
2.59829817417074737662119332526345
2.60136763450644847850412588741165
2.60443709484214913629784859949723
2.60750655517785023818078116164543
2.61057601551355089597450387373101
2.61364547584925155376822658581659
2.61671493618495265565115914796479
2.61978439652065331344488186005037
2.62285385685635397123860457213596
2.62592331719205507312153713428415
2.62899277752775573091525984636974
2.63206223786345683279819240851793
2.63513169819915749059191512060352
2.63820115853485814838563783268910
2.64127061887055925026857039483730
2.64434007920625990806229310692288
2.64740953954196056585601581900846
2.65047899987766166773894838115666
2.65354846021336232553267109324224
2.65661792054906342741560365539044
2.65968738088476408520932636747602
2.66275684122046474300304907956161
2.66582630155616584488598164170980
2.66889576189186650267970435379539
2.67196522222756716047342706588097
2.67503468256326826235635962802917
2.67810414289896892015008234011475
2.68117360323467002203301490226295
2.68424306357037067982673761434853
2.68731252390607133762046032643411
2.69038198424177243950339288858231
2.69345144457747309729711560066789
2.69652090491317375509083831275348
2.69959036524887485697377087490167
2.70265982558457551476749358698726
2.70572928592027661665042614913546
2.70879874625597727444414886122104
2.71186820659167793223787157330662
2.71493766692737903412080413545482
2.71800712726307969191452684754040
2.72107658759878034970824955962598
2.72414604793448145159118212177418
2.72721550827018210938490483385976
2.73028496860588321126783739600796
2.73335442894158386906156010809354
2.73642388927728452685528282017913
2.73949334961298562873821538232733
2.74256280994868628653193809441291
2.74563227028438694432566080649849
2.74870173062008804620859336864669
2.75177119095578870400231608073227
2.75484065129148936179603879281785
2.75791011162719046367897135496605
2.76097957196289112147269406705163
2.76404903229859222335562662919983
2.76711849263429288114934934128541
2.77018795296999353894307205337100
2.77325741330569464082600461551920
2.77632687364139529861972732760478
2.77939633397709595641345003969036
2.78246579431279705829638260183856
2.78553525464849771609010531392414
2.78860471498419881797303787607234
2.79167417531989947576676058815792
2.79474363565560013356048330024350
2.79781309599130123544341586239170
2.80088255632700189323713857447729
2.80395201666270255103086128656287
2.80702147699840365291379384871107
2.81009093733410431070751656079665
2.81316039766980541259044912294485
2.81622985800550607038417183503043
2.81929931834120672817789454711601
2.82236877867690783006082710926421
2.82543823901260848785454982134979
2.82850769934830914564827253343537
2.83157715968401024753120509558357
2.83464662001971090532492780766916
2.83771608035541200720786036981735
2.84078554069111266500158308190294
2.84385500102681332279530579398852
2.84692446136251442467823835613672
2.84999392169821508247196106822230
2.85306338203391574026568378030788
2.85613284236961684214861634245608
2.85920230270531749994233905454166
2.86227176304101860182527161668986
2.86534122337671925961899432877544
2.86841068371241991741271704086103
2.87148014404812101929564960300922
2.87454960438382167708937231509481
2.87761906471952233488309502718039
2.88068852505522343676602758932859
2.88375798539092409455975030141417
2.88682744572662519644268286356237
2.88989690606232585423640557564795
2.89296636639802651203012828773353
2.89603582673372761391306084988173
2.89910528706942827170678356196731
2.90217474740512892950050627405290
2.90524420774083003138343883620109
2.90831366807653068917716154828668
2.91138312841223179106009411043487
2.91445258874793244885381682252046
2.91752204908363310664753953460604
2.92059150941933420853047209675424
2.92366096975503486632419480883982
2.92673043009073552411791752092540
2.92979989042643662600085008307360
2.93286935076213728379457279515918
2.93593881109783838567750535730738
2.93900827143353904347122806939296
2.94207773176923970126495078147855
2.94514719210494080314788334362675
2.94821665244064146094160605571233
2.95128611277634211873532876779791
2.95435557311204322061826132994611
2.95742503344774387841198404203169
2.96049449378344498029491660417989
2.96356395411914563808863931626547
2.96663341445484629588236202835105
2.96970287479054739776529459049925
2.97277233512624805555901730258483
2.97584179546194871335274001467042
2.97891125579764981523567257681862
2.98198071613335047302939528890420
2.98505017646905157491232785105240
2.98811963680475223270605056313798
2.99118909714045289049977327522356
2.99425855747615399238270583737176
2.99732801781185465017642854945734
3.00039747814755530797015126154292
3.00346693848325640985308382369112
3.00653639881895706764680653577670
3.00960585915465816952973909792490
3.01267531949035882732346181001049
3.01574477982605948511718452209607
3.01881424016176058700011708424427
3.02188370049746124479383979632985
3.02495316083316190258756250841543
3.02802262116886300447049507056363
3.03109208150456366226421778264921
3.03416154184026476414715034479741
3.03723100217596542194087305688299
3.04030046251166607973459576896857
3.04336992284736718161752833111677
3.04643938318306783941125104320236
3.04950884351876849720497375528794
3.05257830385446959908790631743614
3.05564776419017025688162902952172
3.05871722452587135876456159166992
3.06178668486157201655828430375550
3.06485614519727267435200701584108
3.06792560553297377623493957798928
3.07099506586867443402866229007486
3.07406452620437509182238500216044
3.07713398654007619370531756430864
3.08020344687577685149904027639423
3.08327290721147795338197283854242
3.08634236754717861117569555062801
3.08941182788287926896941826271359
3.09248128821858037085235082486179
3.09555074855428102864607353694737
3.09862020888998168643979624903295
3.10168966922568278832272881118115
3.10475912956138344611645152326673
3.10782858989708454799938408541493
3.11089805023278520579310679750051
3.11396751056848586358682950958610
3.11703697090418696546976207173429
3.12010643123988762326348478381988
3.12317589157558828105720749590546
3.12624535191128938294014005805366
3.12931481224699004073386277013924
3.13238427258269114261679533228744
3.13545373291839180041051804437302
3.13852319325409245820424075645860
3.14159265358979356008717331860680
