11.59195327552151866257190704345703
11.55655942981326766982874687528238
11.52127446531772569926488358760253
11.48609804959428792869857716141269
11.45102985122503547188443917548284
11.41606953981163208311500056879595
11.38121678597222263817911880323663
11.34647126133829253546991822076961
11.31183263855162479671889741439372
11.27730059126116479717438778607175
11.24287479411997381362198211718351
11.20855492278217369062076613772660
11.17434065389985953231644089100882
11.14023166512007101403014530660585
11.10622763508176902291779697407037
11.07232824341277321877896611113101
11.03853317072678485999404074391350
11.00484209862033679883097647689283
10.97125470966981808373930107336491
10.93777068742849145621676143491641
10.90438971642348242596654017688707
10.87111148215282696583017241209745
10.83793567108251743036362313432619
10.80486197064351472363341599702835
10.77189006922884750849789270432666
10.73901965619063680890121759148315
10.70625042183718811372727941488847
10.67358205743008170429675374180079
10.64101425518124344193893193732947
10.60854670825005285905717755667865
10.57617911074047079011961614014581
10.54391115769811904101516120135784
10.51174254510744887625151022803038
10.47967296988884378095008287345991
10.44770212989577728990298055578023
10.41582972391198147477098245872185
10.38405545164857457507423532661051
10.35237901374125613074284046888351
10.32080011174749145652640436310321
10.28931844814367657647835585521534
10.25793372632236000185912416782230
10.22664565058942720554568950319663
10.19545392616132062357792165130377
10.16435825916228452570067020133138
10.13335835662155659520067274570465
10.10245392647063233937387849437073
10.07164467754052239456541428808123
10.04093031955898140950012020766735
10.01031056314779910110246419208124
9.97978511982005578317966865142807
9.94935370197740631681426748400554
9.91901602290739248246609349735081
9.88877179678071094315328082302585
9.85862073864853094562477053841576
9.82856256443983156145804969128221
9.79859699095868386109486891655251
9.76872373588162545843260886613280
9.73894251775496755385574942920357
9.70925305599215171525884215952829
9.67965507087113152806523430626839
9.65014828353169740182693203678355
9.62073241597286887838436086894944
9.59140719105029226909664430422708
9.56217233247358855408037925371900
9.53302756480379365200406027724966
9.50397261345073296467944601317868
9.47500720467044033057391061447561
9.44613106556259829460486798780039
9.41734392406794107444056862732396
9.38864550896570015936504205456004
9.36003554987106411999775446020067
9.33151377723259933816279954044148
9.30307992232975067281586234457791
9.27473371727027284805444651283324
9.24647489498771868454696232220158
9.21830318923894509453020873479545
9.19021833460156933881535223918036
9.16222006647148390356960589997470
9.13430812106037848252526600845158
9.10648223539322287933828192763031
9.07874214730582451693408074788749
9.05108759544232732707769173430279
9.02351831925276393064905278151855
8.99603405899060959427515626884997
8.96863455571031487068012211238965
8.94131955126487731888573762262240
8.91408878830341677712567616254091
8.88694201026873109583448240300640
8.85987896139489983227122138487175
8.83289938670485952343369717709720
8.80600303200800027525474433787167
8.77918964389779254986478917999193
8.75245896974937309664710483048111
8.72581075771717351585721189621836
8.69924475673256303309699433157220
8.67276071650145574665202730102465
8.64635838750198004731828405056149
8.62003752098210362930785777280107
8.59379786895730113371882907813415
8.56763918420822712107565166661516
8.54156122027836772758746519684792
8.51556373147172607218635675963014
8.48964647285052187442033755360171
8.46380920023285376885269215563312
8.43805167019043445009174320148304
8.41237364004626719804491585819051
8.38677486787236503573694790247828
8.36125511248749830883753020316362
8.33581413345488009269956819480285
8.31045169107993331181205576285720
8.28516754640802233211616112384945
8.25996146122219165874867030652240
8.23483319804094371363589743850753
8.20978252011597930959396762773395
8.18480919142997009885220904834569
8.15991297669435944328597543062642
8.13509364134711177030112594366074
8.11035095155051877213736588601023
8.08568467418900560517158737638965
8.06109457686691044386861904058605
8.03658042790632443086451530689374
8.01214199634488188905834249453619
7.98777905193359405444653020822443
7.96349136513469346709825913421810
7.93927870711944905224299873225391
7.91514084976602116938693143310957
7.89107756565732021414305563666858
7.86708862807884301560079620685428
7.84317381101656163622237727395259
7.81933288915477309188872823142447
7.79556563787398371090375803760253
7.77187183324880503931808561901562
7.74825125204582132454333986970596
7.72470367172150051970902495668270
7.70122887042010439984096592525020
7.67782662697157913811452090158127
7.65449672088948052106616160017438
7.63123893236890982194609023281373
7.60805304228441503511248811264522
7.58493883218795694745040236739442
7.56189608430682547179912944557145
7.53892458154159950112216392881237
7.51602410746410765085556704434566
7.49319444631537567858003967558034
7.47043538300359788451032727607526
7.44774670310212361101775968563743
7.42512819284741087955126204178669
7.40257963913704397640458410023712
7.38010082952769774777834754786454
7.35769155223314719194149802206084
7.33535159612228326864169503096491
7.31308075071710206316311086993665
7.29087880619073569476995544391684
7.26874555336547789607948288903572
7.24668078371079804611554209259339
7.22468428934139694774785311892629
7.20275586301522974252975473063998
7.18089529813155902360222171409987
7.15910238872902215945259740692563
7.13737692948366664325021702097729
7.11571871570703162745985537185334
7.09412754334422146484939730726182
7.07260320897196770317805203376338
7.05114550979673282427029334940016
7.02975424365278200866669067181647
7.00842920900028332198417047038674
6.98717020492342033577415350009687
6.96597703112848343209861923241988
6.94484948794198686528034158982337
6.92378737630879825815100048203021
6.90279049779024500566038113902323
6.88185865456226419922813875018619
6.86099164941352235302929329918697
6.84018928574356266381073510274291
6.81945136756096204067034705076367
6.79877769948147037126773284398951
6.77816808672617376885227713501081
6.75762233511967114196750117116608
6.73714025108822411880282743368298
6.71672164165795404500158838345669
6.69636631445300789522434570244513
6.67607407769375171824322023894638
6.65584474019497029928515985375270
6.63567811136405438787733146455139
6.61557400119920924197458589333110
6.59553222028767205387111971504055
6.57555257980391250072216280386783
6.55563489150787326309455238515511
6.53577896774317412820209938217886
6.51598462143535783752668066881597
6.49625166609013326990407222183421
6.47657991579159997286296857055277
6.45696918520050910927920995163731
6.43741928955251996313791096326895
6.41793004465644489897613311768509
6.39850126689253517753286359948106
6.37913277321072680337010751827620
6.35982438112893255777180456789210
6.34057590873132248532328958390281
6.32138717466659905142023490043357
6.30225799814629628059492461034097
6.28318819894308067119936822564341
6.26417759738903789923369913594797
6.24522601437400215473871867288835
6.22633327134384639833797336905263
6.20749919029881169763029902242124
6.18872359379183389904710566042922
6.17000630492686141792546550277621
6.15134714735719168032801462686621
6.13274594528382088753915013512596
6.11420252345376713520863631856628
6.09571670715843971777303522685543
6.07728832223197912298928713425994
6.05891719504961745457194410846569
6.04060315252605750657721728202887
6.02234602211381897518549521919340
6.00414563180162641486958818859421
5.98600181011279541820613303571008
5.96791438610359570304808585206047
5.94988318936166393768871785141528
5.93190805000438015071040354087017
5.91398879867727345072125899605453
5.89612526655243573969755743746646
5.87831728532691588640091140405275
5.86056468722113788061278683017008
5.84286730497733319822373232454993
5.82522497185794385643475834513083
5.80763752164407254241496048052795
5.79010478863389721482235472649336
5.77262660764112300881834016763605
5.75520281399342525929796465788968
5.73783324353088985958493140060455
5.72051773260447049551657983101904
5.70325611807445653766990290023386
5.68604823730891606459181275567971
5.66889392818218418312881112797186
5.65179302907332203886880961363204
5.63474537886459447832976366044022
5.61775081693996636289512025541626
5.60080918318356868468299580854364
5.58392031797820198590898144175299
5.56708406220383800189210887765512
5.55030025723610176413558292551897
5.53356874494480077686375807388686
5.51688936769241422553022857755423
5.50026196833261504792744744918309
5.48368639020880177525896215229295
5.46716247715260017514538048999384
5.45069007348240575083764269948006
5.43426902400192179953819504589774
5.41789917399867970715376941370778
5.40158036924260098743388880393468
5.38531245598452823486468332703225
5.36909528095478183473687749938108
5.35292869136172644317639424116351
5.33681253489031171000078757060692
5.32074665970065208142614210373722
5.30473091442659505645451645250432
5.28876514817428677872612752253190
5.27284921052075539193992881337181
5.25698295151249972434470691950992
5.24116622166406287419704312924296
5.22539887195663865782080392818898
5.20968075383665674138455869979225
5.19401171921438464806897172820754
5.17839162046254131155365030281246
5.16282031041489375411401852034032
5.14729764236487596917868359014392
5.13182347006421402113574004033580
5.11639764772153338157067992142402
5.10102003000099912810583191458136
5.08569047202093660331456703715958
5.07040882935247072538231805083342
5.05517495801816885148127767024562
5.03998871449067742389615887077525
5.02484995569137016246941129793413
5.00975853898901046790115287876688
4.99471432219839162058860893012024
4.97971716357901073024549987167120
4.96476692183372581013145463657565
4.94986345610742350942246048361994
4.93500662598570283279286741162650
4.92019629149353843189373947097920
4.90543231309396610129169857827947
4.89071455168677893254880473250523
4.87604286860719682294984522741288
4.86141712562458128132902857032605
4.84683718494111559493831009604037
4.83230290919051430620356768486090
4.81781416143673268948077748063952
4.80337080517266912238483200781047
4.78897270431887900343781439005397
4.77461972322230554510724687133916
4.76031172665498125695648923283443
4.74604857981277294953770251595415
4.73183014831409831657538234139793
4.71765629819866383343196503119543
4.70352689592620976100079133175313
4.68944180837524182692277463502251
4.67540090284177889401462380192243
4.66140404703811128683810238726437
4.64745110909153957834405446192250
4.63354195754315068001005784026347
4.61967646134656106937654840294272
4.60585448986669110382763392408378
4.59207591287853844619348819833249
4.57834060056594172039012846653350
4.56464842352035926609232774353586
4.55099925273966210426124234800227
4.53739295962689670460576962796040
4.52382941598909749103540889336728
4.51030849403605671454897674266249
4.49683006637913518233062859508209
4.48339400603006055234800442121923
4.47000018639972385159353507333435
4.45664848129699020518046381766908
4.44333876492751667086622546776198
4.43007091189255319818585121538490
4.41684479718777822654374176636338
4.40366029620210408523917067213915
4.39051728471651259155805746559054
4.37741563890288531979422259610146
4.36435523532283298209222266450524
4.35133595092653013836070385877974
4.33835766305156766975414939224720
4.32542024942178038315887533826753
4.31252358814611191917265387019143
4.29966755771745212655332579743117
4.28685203701149664112790560466237
4.27407690528561623466430319240317
4.26134204217770129474729401408695
4.24864732770503827907759841764346
4.23599264226318439341412158682942
4.22337786662482450594779948005453
4.21080288193866625334749187459238
4.19826756972830583691802530665882
4.18577181189111779957556791487150
4.17331549069714569100142398383468
4.16089848878798473919005118659697
4.14852068917568139738705212948844
4.13618197524163555556242499733344
4.12388223073548676467225959640928
4.11162133977403865259248050278984
4.09939918684015136562948100618087
4.08721565678165799084808895713650
4.07507063481028630747005081502721
4.06296400650056721559622019412927
4.05089565778876004031872071209364
4.03886547497178494126046643941663
4.02687334470613755854628834640607
4.01491915400683829773242905503139
4.00300279024635141666976778651588
3.99112414115353297816568556299899
3.97928309481257436175383190857247
3.96747953966194177866100289975293
3.95571336449332733309347531758249
3.94398445845060718895069840073120
3.93229271102878508159506054653320
3.92063801207296558359871596621815
3.90902025177730338967307943676133
3.89743932068397480605881355586462
3.88589510968214968400502584700007
3.87438751000695624782110826345161
3.86291641323845924560487219423521
3.85148171130064298495199182070792
3.84008329646038371052441107167397
3.82872106132644640652529233193491
3.81739489884846072698110219789669
3.80610470231591913048418973630760
3.79485036535717590311378444312140
3.78363178193843330276990855054464
3.77244884636275035205699168727733
3.76130145326904941072143628844060
3.75018949763111519857261555443984
3.73911287475661158197226541233249
3.72807148028609391943177797656972
3.71706521019202495992317381023895
3.70609396077779296163612343661953
3.69515762867674046887600525224116
3.68425611085118376308855658862740
3.67338930459144785700686952623073
3.66255710751489260701418970711529
3.65175941756495436862905989983119
3.64099613301018010247389611322433
3.63026715244327258247380996181164
3.61957237478012938680649313027970
3.60891169925889654379602689004969
3.59828502543901684873617341509089
3.58769225320028040115971634804737
3.57713328274188757660567716811784
3.56660801458150400478075425780844
3.55611634955432531768337867106311
3.54565818881214056546014035120606
3.53523343382240362586799165001139
3.52484198636730461373645084677264
3.51448374854284351087585491768550
3.50415862275790601643166155554354
3.49386651173334783493373834062368
3.48360731850107629981039281119592
3.47338094640313732597292073478457
3.46318729909080147422173467930406
3.45302628052366200606115853588562
3.44289779496872538899765459063929
3.43280174699951245997908699791878
3.42273804149515514794188675296027
3.41270658363950563085609246627428
3.40270727892023883143224338709842
3.39274003312796423870167927816510
3.38280475235533684141842059034389
3.37290134299617339053156683803536
3.36302971174457043801453437481541
3.35318976559402548431876311951783
3.34338141183655768173821343225427
3.33360455806184008409331909206230
3.32385911215632345871995312336367
3.31414498230237342113468912430108
3.30446207697739824382665574376006
3.29481030495299576088541471108329
3.28518957529408650586333351384383
3.27559979735806061640346342755947
3.26604088079392163024294859496877
3.25651273554143783073300255637150
3.24701527183029092782362567959353
3.23754840017923406492172944126651
3.22811203139524227623269325704314
3.21870607657268026358110546425451
3.20933044709245862691204820293933
3.19998505462120208520104824856389
3.19066981111041458873955889430363
3.18138462879565242502621913445182
3.17212942019569688056890299776569
3.16290409811172956722202798118815
3.15370857562650774852386348356958
3.14454276610355210053171504114289
3.13540658318632470269449186162092
3.12629994079741857504473045992199
3.11722275313774410676614934345707
3.10817493468572392245619084860664
3.09915640019648419567488417669665
3.09016706470105440018869558116421
3.08120684350556173214386035397183
3.07227565219043974309443001402542
3.06337340660962853533533234440256
3.05450002288978383901962843083311
3.04565541742948431291893029992934
3.03683950689844728287880570860580
3.02805220823674181573892383312341
3.01929343865400667823450930882245
3.01056311562866918407621596998069
3.00186115690716848192209909029771
2.99318748050318195197405657381751
2.98454200469685115848506029578857
2.97592464803401046680164654389955
2.96733532932542320992297391057946
2.95877396764601474643541223485954
2.95024048233411084751764974498656
2.94173479299067475167817065084819
2.93325681947855354536613958771341
2.92480648192172276722544665972237
2.91638370070453101234875248337630
2.90798839647095164195889083202928
2.89962049012383538126869098050520
2.89127990282416513778684930002782
2.88296655599031304006985010346398
2.87468037129729747647388649056666
2.86642127067605079204781759472098
2.85818917631267765955271897837520
2.84998401064772766133614823047537
2.84180569637545810124379386252258
2.83365415644311191556425910675898
2.82552931405018847854648811335210
2.81743109264772018107692019839305
2.80935941593755078571348349214531
2.80131420787161911079010678804480
2.79329539265123916180755259119906
2.78530289472638958869765701820143
2.77733663879499736992784164613113
2.76939654980223304292508146318141
2.76148255293980016134014476847369
2.75359457364523274591761037299875
2.74573253760119051491983555024490
2.73789637073476077588907173776533
2.73008599921676031740958023874555
2.72230134946103818904816762369592
2.71454234812378336627602948283311
2.70680892210283419174743357871193
2.69910099853699003702445224917028
2.69141850480532340839090466033667
2.68376136852649560537997786013875
2.67612951755807593201552663231269
2.66852287999586312849942260072567
2.66094138417320502654206393344793
2.65338495866032397785261309763882
2.64585353226364583534291341493372
2.63834703402512849024219576676842
2.63086539322159218556862469995394
2.62340853936405249413610363262706
2.61597640219705906972080811101478
2.60856891169803262187087966594845
2.60118599807660366707295906962827
2.59382759177395616490002794307657
2.58649362346217248642687991377898
2.57918402404357927082401147345081
2.57189872465009861102203103655484
2.56463765664259479848396949819289
2.55740075161023305838625674368814
2.55018794136983073528313070710283
2.54299915796521824873366313113365
2.53583433366659383167984742613044
2.52869340096989247967940173111856
2.52157629259614379790832572325598
2.51448294149084139448291352891829
2.50741328082330960924650753440801
2.50036724398607557162677039741538
2.49334476459423948213611765822861
2.48634577648485022294266855169553
2.47937021371628230070882636937313
2.47241801056761500987590807199012
2.46548910153801204003798375197221
2.45858342134610330376176534628030
2.45170090492937386983385295025073
2.44484148744354667925904323055875
2.43800510426197503122125453955960
2.43119169097503018406314367894083
2.42440118338949739396070981456432
2.41763351752797017724105899105780
2.41088862962824856950305729696993
2.40416645614273472020272492954973
2.39746693373783870129045681096613
2.39078999929337943086693485383876
2.38413558990199136999876827758271
2.37750364286852811090966497431509
2.37089409570947751149105897638947
2.36430688615236839211775077274069
2.35774195213518655833695447654463
2.35119923180578638266524649225175
2.34467866352131348861576043418609
2.33818018584761944111960474401712
2.33170373755868576282068715954665
2.32524925763604395356765053293202
2.31881668526820439169000565016177
2.31240595985008079438216554990504
2.30601702098242089533641774323769
2.29964980847123401375142748293001
2.29330426232722883739256758417469
2.28698032276524498840331034443807
2.28067793020369080636555736418813
2.27439702526398068727075951755978
2.26813754876997775156155512377154
2.26189944174743473581656871829182
2.25568264542343976941651817469392
2.24948710122585993076427257619798
2.24331275078279235302147753827740
2.23715953592201355348834113101475
2.23102739867043098342946905177087
2.22491628125353457789969979785383
2.21882612609485718735413684044033
2.21275687581542834792003304755781
2.20670847323323560118524255813099
2.20068086136268403762983325577807
2.19467398341406116912821744335815
2.18868778279300046918365296733100
2.18272220309995024223326254286803
2.17677718812963849615016442839988
2.17085268187054714061900995147880
2.16494862850438352097626193426549
2.15906497240555239613968296907842
2.15320165814063413378676159481984
2.14735863046786068508708922308870
2.14153583433659733259446511510760
2.13573321488682266178216195839923
2.12995071744860986484582099365070
2.12418828754161603811212444270495
2.11844587087456437402011033555027
2.11272341334473656715431388875004
2.10702086103745944711818083305843
2.10133816022559960501325804216322
2.09567525736905668765075461124070
2.09003209911425846811994233576115
2.08440863229365769271339559054468
2.07880480392523203647670015925542
2.07322056121198539102579161408357
2.06765585154144959645350354549009
2.06211062248518750550374534213915
2.05658482179830226499461787170731
2.05107839741894260043864051112905
2.04559129746781254155507667746861
2.04012347024768292413909875904210
2.03467486424290511237700229685288
2.02924542811892472116142016602680
2.02383511072179844703100570768584
2.01844386107771089911011586082168
2.01307162839249631502980264485814
2.00771836205115850049196524196304
2.00238401161739476563639072992373
1.99706852683312008345239974005381
1.99177185761799413477035614050692
1.98649395406894946347620134474710
1.98123476645972118603822309523821
1.97599424524037692307842917216476
1.97077234103685361432667377812322
1.96556900465048878245966079703066
1.96038418705755934645651450409787
1.95521783940881710428527640033280
1.95006991302903220919517934817122
1.94494035941653109489379858132452
1.93982913024274195024077016569208
1.93473617735173730736164543486666
1.92966145275978240292147347645368
1.92460490865488154099693929310888
1.91956649739632867479599553917069
1.91454617151425710019907455716748
1.90954388370919447837081861507613
1.90455958685161497179194611817366
1.89959323398149693140624094667146
1.89464477830787858536609746806789
1.88971417320841905684858375025215
1.88480137222895827164848014945164
1.87990632908307975235118192358641
1.87502899765167296841639199556084
1.87016933198250057124312206724426
1.86532728628976540719008880842011
1.86050281495367819672992482082918
1.85569587252002743404943885252578
1.85090641369975261731894988770364
1.84613439336851659078320153639652
1.84137976656628099547674537461717
1.83664248849688105380550950940233
1.83192251452760568319888534460915
1.82721980018877561136037002142984
1.82253430117332548832109750946984
1.81786597333638466622574014763813
1.81321477269486286409971853572642
1.80858065542703561057180650095688
1.80396357787213079681976068968652
1.79936349652991722791739448439330
1.79478036806029583871691102103796
1.79021414928288979950821158126928
1.78566479717663950665951233531814
1.78113226887939535281191183457850
1.77661652168751538205526685487712
1.77211751305546250101485838968074
1.76763520059540280016108226845972
1.76316954207680764987742350058397
1.75872049542605513039461584412493
1.75428801872603323808164077490801
1.74987207021574531218277570587816
1.74547260828991657177766683162190
1.74108959149860242909824137313990
1.73672297854679791306864444777602
1.73237272829404731488978086417774
1.72803879975405849656056034291396
1.72372115209431586713151318690507
1.71941974463569557940445520216599
1.71513453685208205889978216873715
1.71086548836998653122520863689715
1.70661255896816732580134612362599
1.70237570857724951345346653397428
1.69815489727934765262773453287082
1.69395008530769142218730394233717
1.68976123304624858967315503832651
1.68558830102935353068005497334525
1.68143124994133397187567879882408
1.67729004061614195286722406308400
1.67316463403698367784500078414567
1.66905499133595314198430514807114
1.66496107379366420353505873208633
1.66088284283888731884815115336096
1.65682026004818583331257286772598
1.65277328714555382660478244361002
1.64874188600205417998267876100726
1.64472601863546197265009141119663
1.64072564720990476949680214602267
1.63674073403550690564145497774007
1.63277124156803288279604657873278
1.62881713240853587265632995695341
1.62487836930300466597998365614330
1.62095491514201173188780558120925
1.61704673296036394170016592397587
1.61315378593675506913029948918847
1.60927603739341806843299309548456
1.60541345079578068322234685183503
1.60156598975211861279888125864090
1.59773361801321578390400190983200
1.59391629947202106976078539446462
1.59011399816330900591765384888276
1.58632667826333872973521010862896
1.58255430408952002530043046135688
1.57879684010007403927033919899259
1.57505425089370043600922599580372
1.57132650120924233227981403615559
1.56761355592535500669271186779952
1.56391538006017527528968003025511
1.56023193877099086712689768319251
1.55656319735391268643809326022165
1.55290912124354840706530467286939
1.54926967601267562280042966449400
1.54564482737191877248505988973193
1.54203454116942451079808051872533
1.53843878339054218606918311706977
1.53485752015750098742330465029227
1.53129071772909197690637483901810
1.52773834250035078774487828923156
1.52420036100223943442699692241149
1.52067673990133211958664105623029
1.51716744599950081884287556022173
1.51367244623360308608539526176173
1.51019170767516897058158065192401
1.50672519753009281906486194202444
1.50327288313832285737703386985231
1.49983473197355388073503945634002
1.49641071164292105422077838738915
1.49300078988669460144933509582188
1.48960493457797560346023146848893
1.48622311372239335192091402859660
1.48285529545780447868708051828435
1.47950144805399208536300648120232
1.47616153991236687126331617037067
1.47283553956567003773159285628935
1.46952341567767619245898913504789
1.46622513704289847424888648674823
1.46294067258629367778155483392766
1.45966999136297115313709582551382
1.45641306255789948487233687046682
1.45316985548561761198982367204735
1.44994033958994439359457828686573
1.44672448444369239339835075952578
1.44352225974837877764400673186174
1.44033363533394265232345787808299
1.43715858115845862563730861438671
1.43399706730785503339120623422787
1.43084906399563127621377134346403
1.42771454156257782130978739587590
1.42459347047649664830260007875040
1.42148582133192236121033147355774
1.41839156484984618700195824203547
1.41531067187743953006417996220989
1.41224311338777863689131208957406
1.40918886047957281348885771876667
1.40614788437689064437563501996920
1.40312015642888954225497855077265
1.40010564810954529768594056804432
1.39710433101738407124514651513891
1.39411617687521460773325543414103
1.39114115752986111651523515320150
1.38817924495189859435129164921818
1.38523041123538903640621811064193
1.38229462859761764725874400028260
1.37937186937883238257995799358469
1.37646210604198171445489151665242
1.37356531117245661555159585986985
1.37068145747783121102258974133292
1.36781051778760676107538074575132
1.36495246505295453331996213819366
1.36210727234646156169617370323977
1.35927491286187662744566750916420
1.35645535991385890461913277249550
1.35364858693772394104826162219979
1.35085456748919674474507246486610
1.34807327524415931918611022410914
1.34530468399840530402400418097386
1.34254876766739150717455686390167
1.33980550028599276757290681416634
1.33707485600825726201890120137250
1.33435680910716270020088813907932
1.33165133397437429607634840067476
1.32895840512000340538634191034362
1.32627799717236727339297885919223
1.32361008487775033692912529659225
1.32095464310016530440350379649317
1.31831164682111756647486799920443
1.31568107113936894059236237808364
1.31306289127070296984811648144387
1.31045708254769155409746872464893
1.30786362041946246925760988233378
1.30528248045146799682925120578147
1.30271363832525488568592209048802
1.30015706983823520204168744385242
1.29761275090345851168649460305460
1.29508065754938406222152025293326
1.29256076591965607391898629430216
1.29005305227287858649276586220367
1.28755749298239074995819919422502
1.28507406453604633433940307440935
1.28260274353599013075211132672848
1.28014350669843879337861380918184
1.27769633085346079326427570777014
1.27526119294475859256010608078213
1.27283807002945104080993132811273
1.27042693927785776963901298586279
1.26802777797328292130885074584512
1.26564056351180265203026920062257
1.26326527340205085891966518829577
1.26090188526500868171353886282304
1.25855037683379178403697551402729
1.25621072595344251965343573829159
1.25388291058071943417928650887916
1.25156690878389120769043074687943
1.24926269874252837688288764184108
1.24697025874729949812547147303121
1.24468956719976509006642118038144
1.24242060261217535099831366096623
1.24016334360726632191074259026209
1.23791776891806026839049081900157
1.23568385738766339798644366965163
1.23346158796906824051120565854944
1.23125093972495380789666796772508
1.22905189182749019494167441735044
1.22686442355813984939061356271850
1.22468851430746528130555361713050
1.22252414357493188745706902409438
1.22037129096871765909781970549375
1.21822993620551844884403180913068
1.21610005911035945480591635714518
1.21398163961640248587059431883972
1.21187465776475944423395958438050
1.20977909370430181112965328793507
1.20769492769147590571776618162403
1.20562214009011503534907205903437
1.20356071137125608672135967935901
1.20151062211295411863432036625454
1.19947185300010028541350948216859
1.19744438482423909420049312757328
1.19542819848338854882285886560567
1.19342327498185918344120182155166
1.19142959543007553868676495767431
1.18944714104439763779907934804214
1.18747589314694534934346847876441
1.18551583316542075152710822294466
1.18356694263293404922876561613521
1.18162920318782971307314255682286
1.17970259657351350668363920703996
1.17778710463827906984590754291276
1.17588270933513938665271325589856
1.17398939272165470093511885352200
1.17210713695976420645195048564347
1.17023592431561795912386969575891
1.16837573715940989949046979745617
1.16652655796521176334579195099650
1.16468836931080743646305108995875
1.16286115387752952976541109819664
1.16104489445009595449675998679595
1.15923957391644738557090477115707
1.15744517526758650127760574832791
1.15566168159741722298861077433685
1.15388907610258639735434371687006
1.15212734208232436827756828279234
1.15037646293828799137770602101227
1.14863642217440475867817895050393
1.14690720339671670124914726329735
1.14518879031322629025169135275064
1.14348116673374322616041354194749
1.14178431656973056185222503700061
1.14009822383415526658723138098139
1.13842287264133545932054403237998
1.13675824720679230495079536922276
1.13510433184710080034562906803330
1.13346111097974122650100525788730
1.13182856912295393136957954993704
1.13020669089559167019842789159156
1.12859546101697638675886992132291
1.12699486430675377413024307315936
1.12540488568475138819735548167955
1.12382551017083609501412411191268
1.12225672288477262839023751439527
1.12069850904608370179005305544706
1.11915085397391123045451877260348
1.11761374308687710943388537998544
1.11608716190294643411107244901359
1.11457109603929072072503458912252
1.11306553121215290325096702872543
1.11157045323671210823590627114754
1.11008584802695042803577507584123
1.10861170159551991609703236463247
1.10714800005361158063976745324908
1.10569472961082326811776965769241
1.10425187657503087734767177607864
1.10281942735225846341506894532358
1.10139736844655078407129167317180
1.09998568645984606817478379525710
1.09858436809184967231090013228822
1.09719340013990862559012384735979
1.09581276949888728466930842841975
1.09444246316104432104054922092473
1.09308246821590904218624018540140
1.09173277185016170953701930557145
1.09039336134751052576064012100687
1.08906422408857328498754668544279
1.08774534755075835690263374999631
1.08643671930814611492621679644799
1.08513832703137258484105132083641
1.08385015848751242728553734195884
1.08257220153996480682678793527884
1.08130444414833748467685836658347
1.08004687436833535230107372626662
1.07879948035164607844649253820535
1.07756225034582930888404916913714
1.07633517269420631023990608809981
1.07511823583574961382680612587137
1.07391142830497376969844935956644
1.07271473873182787706070939748315
1.07152815584158878081666443904396
1.07035166845475404606702340970514
1.06918526548693670896739149611676
1.06802893594876158189777015650179
1.06688266894576111454284728097264
1.06574645367827258723991690203547
1.06462027944133708068363830534508
1.06350413562459800154158529039705
1.06239801171220138442663483147044
1.06130189728269619386935573857045
1.06021578200893751287026134377811
1.05913965565798817713982771238079
1.05807350809102196365074632922187
1.05701732926322966577004081045743
1.05597110922372272590052943996852
1.05493483811544064288057143130573
1.05390850617505749120539348950842
1.05289210373289043864986069820588
1.05188562121280804184664248168701
1.05088904913214076231042781728320
1.04990237810159059428372074762592
1.04892559882514357916249991831137
1.04795870209998187583266826550243
1.04700167881639694122952732868725
1.04605451995770382112027618859429
1.04511721660015610702032518020133
1.04418975991286200333263423090102
1.04327214115770106062086597376037
1.04236435168924157501635363587411
1.04146638295465998602651325199986
1.04057822649365894207562632800546
1.03969987393838891875930130481720
1.03883131701336850483130547218025
1.03797254753540690863644613273209
1.03712355741352668658805669110734
1.03628433864888735982390244316775
1.03545488333471058517432084045140
1.03463518365620465999654697952792
1.03382523189049213563350804179208
1.03302502040653632064959310810082
1.03223454166506889428944759856677
1.03145378821852040651663173775887
1.03068275271094877965083469462115
1.02992142787797003045113797270460
1.02916980654669076855611820064951
1.02842788163563980674553022254258
1.02769564615470199164803943858715
1.02697309320505136831513937067939
1.02626021597908767546414310345426
1.02555700776037062027512547501829
1.02486346192355814999075391824590
1.02417957193434272511467497679405
1.02350533134939047918976484652376
1.02284073381628015653177499189042
1.02218577307344360427521223755321
1.02154044295010626441921885998454
1.02090473736623010836410685442388
1.02027865033245457304644787654979
1.01966217595004216001086660980945
1.01905530841082136994657503237249
1.01845804199713230175916578446049
1.01787037108177336186543016083306
1.01729229012794775144357117824256
1.01672379368921128595104619307676
1.01616487640942132486543414415792
1.01561553302268592346990772057325
1.01507575835331476099554492975585
1.01454554731576984671903574053431
1.01402489491461822446183305146405
1.01351379624448401095548888406483
1.01301224649000287669764475140255
1.01252024092577697089723187673371
1.01203777491632940233046156208729
1.01156484391606116268746973219095
1.01110144346920827196356640342856
1.01064756920980003407350977795431
1.01020321686161707042117541277548
1.00976838223815201800448448921088
1.00934306124256956138651730725542
1.00892724986766779693425633013248
1.00852094419584092932495877903420
1.00812414039904152396331937779905
1.00773683473874564597849712299649
1.00735902356591600081969772872981
1.00699070332096973778845949709648
1.00663187053374225676805053808494
1.00628252182345723220180389034795
1.00594265389869264026856399141252
1.00561226355735100490562672348460
1.00529134768662831156404990906594
1.00497990326298580754382783197798
1.00467792735212047006143620819785
1.00438541710893747271882148197619
1.00410236977752442832922952220542
1.00382878269112407743079984356882
1.00356465327211008542462877812795
1.00330997903196195153441294678487
1.00306475757124280434595675615128
1.00282898657957497690063064510468
1.00260266383562046677013768203324
1.00238578720705784341760136157973
1.00217835465056359645075190201169
1.00198036421179237365208791743498
1.00179181402535877332127256522654
1.00161270231481935866213461849838
1.00144302739265622648190401378088
1.00128278766026124202426217379980
1.00113198160792049584699725528480
1.00099060781480053705649879702833
1.00085866494893527267606714303838
1.00073615176721220088040809059748
1.00062306711536197489920141379116
1.00051940992794685669764476187993
1.00042517922835094701383695792174
1.00034037412877063744076622242574
1.00026499383020706090974272228777
1.00019903762245743195080649456941
1.00014250488410905148839447065257
1.00009539508253353368161242542556
1.00005770777388125480911185150035
1.00002944260307802260001608374296
1.00001059930382063534182179864729
1.00000117769857532756816453911597
1.00000117769857532756816453911597
1.00001059930382063534182179864729
1.00002944260307802260001608374296
1.00005770777388125480911185150035
1.00009539508253353368161242542556
1.00014250488410905148839447065257
1.00019903762245743195080649456941
1.00026499383020706090974272228777
1.00034037412877085948537114745704
1.00042517922835094701383695792174
1.00051940992794685669764476187993
1.00062306711536197489920141379116
1.00073615176721220088040809059748
1.00085866494893527267606714303838
1.00099060781480075910110372205963
1.00113198160792049584699725528480
1.00128278766026124202426217379980
1.00144302739265622648190401378088
1.00161270231481935866213461849838
1.00179181402535877332127256522654
1.00198036421179237365208791743498
1.00217835465056359645075190201169
1.00238578720705784341760136157973
1.00260266383562046677013768203324
1.00282898657957497690063064510468
1.00306475757124280434595675615128
1.00330997903196195153441294678487
1.00356465327211008542462877812795
1.00382878269112407743079984356882
1.00410236977752442832922952220542
1.00438541710893747271882148197619
1.00467792735212047006143620819785
1.00497990326298580754382783197798
1.00529134768662831156404990906594
1.00561226355735100490562672348460
1.00594265389869264026856399141252
1.00628252182345723220180389034795
1.00663187053374225676805053808494
1.00699070332096973778845949709648
1.00735902356591622286430265376111
1.00773683473874564597849712299649
1.00812414039904152396331937779905
1.00852094419584092932495877903420
1.00892724986766779693425633013248
1.00934306124256956138651730725542
1.00976838223815201800448448921088
1.01020321686161707042117541277548
1.01064756920980003407350977795431
1.01110144346920827196356640342856
1.01156484391606116268746973219095
1.01203777491632940233046156208729
1.01252024092577697089723187673371
1.01301224649000309874224967643386
1.01351379624448401095548888406483
1.01402489491461822446183305146405
1.01454554731576984671903574053431
1.01507575835331476099554492975585
1.01561553302268592346990772057325
1.01616487640942132486543414415792
1.01672379368921150799565111810807
1.01729229012794797348817610327387
1.01787037108177358391003508586437
1.01845804199713230175916578446049
1.01905530841082136994657503237249
1.01966217595004216001086660980945
1.02027865033245457304644787654979
1.02090473736623010836410685442388
1.02154044295010626441921885998454
1.02218577307344360427521223755321
1.02284073381628015653177499189042
1.02350533134939047918976484652376
1.02417957193434294715927990182536
1.02486346192355837203535884327721
1.02555700776037084231973040004959
1.02626021597908767546414310345426
1.02697309320505136831513937067939
1.02769564615470199164803943858715
1.02842788163564002879013514757389
1.02916980654669076855611820064951
1.02992142787797003045113797270460
1.03068275271094877965083469462115
1.03145378821852062856123666279018
1.03223454166506911633405252359807
1.03302502040653632064959310810082
1.03382523189049235767811296682339
1.03463518365620488204115190455923
1.03545488333471058517432084045140
1.03628433864888758186850736819906
1.03712355741352668658805669110734
1.03797254753540690863644613273209
1.03883131701336850483130547218025
1.03969987393838891875930130481720
1.04057822649365894207562632800546
1.04146638295465998602651325199986
1.04236435168924179706095856090542
1.04327214115770106062086597376037
1.04418975991286222537723915593233
1.04511721660015632906493010523263
1.04605451995770382112027618859429
1.04700167881639694122952732868725
1.04795870209998187583266826550243
1.04892559882514357916249991831137
1.04990237810159059428372074762592
1.05088904913214076231042781728320
1.05188562121280826389124740671832
1.05289210373289066069446562323719
1.05390850617505749120539348950842
1.05493483811544064288057143130573
1.05597110922372272590052943996852
1.05701732926322966577004081045743
1.05807350809102218569535125425318
1.05913965565798817713982771238079
1.06021578200893773491486626880942
1.06130189728269641591396066360176
1.06239801171220138442663483147044
1.06350413562459822358619021542836
1.06462027944133730272824323037639
1.06574645367827280928452182706678
1.06688266894576111454284728097264
1.06802893594876180394237508153310
1.06918526548693670896739149611676
1.07035166845475404606702340970514
1.07152815584158900286126936407527
1.07271473873182809910531432251446
1.07391142830497376969844935956644
1.07511823583574961382680612587137
1.07633517269420653228451101313112
1.07756225034582953092865409416845
1.07879948035164607844649253820535
1.08004687436833535230107372626662
1.08130444414833770672146329161478
1.08257220153996480682678793527884
1.08385015848751264933014226699015
1.08513832703137280688565624586772
1.08643671930814633697082172147930
1.08774534755075835690263374999631
1.08906422408857328498754668544279
1.09039336134751052576064012100687
1.09173277185016170953701930557145
1.09308246821590926423084511043271
1.09444246316104432104054922092473
1.09581276949888750671391335345106
1.09719340013990884763472877239110
1.09858436809184989435550505731953
1.09998568645984629021938872028841
1.10139736844655100611589659820311
1.10281942735225846341506894532358
1.10425187657503087734767177607864
1.10569472961082349016237458272371
1.10714800005361180268437237828039
1.10861170159552013814163728966378
1.11008584802695042803577507584123
1.11157045323671210823590627114754
1.11306553121215290325096702872543
1.11457109603929094276963951415382
1.11608716190294643411107244901359
1.11761374308687733147849030501675
1.11915085397391145249912369763479
1.12069850904608392383465798047837
1.12225672288477262839023751439527
1.12382551017083631705872903694399
1.12540488568475161024196040671086
1.12699486430675399617484799819067
1.12859546101697638675886992132291
1.13020669089559189224303281662287
1.13182856912295393136957954993704
1.13346111097974144854561018291861
1.13510433184710102239023399306461
1.13675824720679252699540029425407
1.13842287264133568136514895741129
1.14009822383415526658723138098139
1.14178431656973078389682996203192
1.14348116673374322616041354194749
1.14518879031322651229629627778195
1.14690720339671692329375218832865
1.14863642217440498072278387553524
1.15037646293828821342231094604358
1.15212734208232436827756828279234
1.15388907610258661939894864190137
1.15566168159741744503321569936816
1.15744517526758650127760574832791
1.15923957391644760761550969618838
1.16104489445009617654136491182726
1.16286115387752975181001602322794
1.16468836931080765850765601499006
1.16652655796521198539039687602781
1.16837573715941012153507472248748
1.17023592431561818116847462079022
1.17210713695976442849655541067477
1.17398939272165492297972377855331
1.17588270933513960869731818092987
1.17778710463827929189051246794406
1.17970259657351350668363920703996
1.18162920318782993511774748185417
1.18356694263293427127337054116651
1.18551583316542097357171314797597
1.18747589314694557138807340379572
1.18944714104439785984368427307345
1.19142959543007576073136988270562
1.19342327498185940548580674658297
1.19542819848338877086746379063698
1.19744438482423931624509805260459
1.19947185300010028541350948216859
1.20151062211295434067892529128585
1.20356071137125630876596460439032
1.20562214009011525739367698406568
1.20769492769147590571776618162403
1.20977909370430203317425821296638
1.21187465776475944423395958438050
1.21398163961640292995980416890234
1.21610005911035967685052128217649
1.21822993620551889293324165919330
1.22037129096871765909781970549375
1.22252414357493210950167394912569
1.22468851430746528130555361713050
1.22686442355814007143521848774981
1.22905189182749019494167441735044
1.23125093972495402994127289275639
1.23346158796906824051120565854944
1.23568385738766362003104859468294
1.23791776891806049043509574403288
1.24016334360726654395534751529340
1.24242060261217557304291858599754
1.24468956719976531211102610541275
1.24697025874729972017007639806252
1.24926269874252859892749256687239
1.25156690878389120769043074687943
1.25388291058071965622389143391047
1.25621072595344274169804066332290
1.25855037683379222812618536408991
1.26090188526500890375814378785435
1.26326527340205108096427011332707
1.26564056351180265203026920062257
1.26802777797328314335345567087643
1.27042693927785776963901298586279
1.27283807002945148489914117817534
1.27526119294475881460471100581344
1.27769633085346101530888063280145
1.28014350669843901542321873421315
1.28260274353599035279671625175979
1.28507406453604655638400799944066
1.28755749298239119404740904428763
1.29005305227287880853737078723498
1.29256076591965651800819614436477
1.29508065754938428426612517796457
1.29761275090345873373109952808591
1.30015706983823542408629236888373
1.30271363832525510773052701551933
1.30528248045146821887385613081278
1.30786362041946269130221480736509
1.31045708254769177614207364968024
1.31306289127070341393732633150648
1.31568107113936916263696730311494
1.31831164682111778851947292423574
1.32095464310016552644810872152448
1.32361008487775055897373022162355
1.32627799717236771748218870925484
1.32895840512000362743094683537493
1.33165133397437451812095332570607
1.33435680910716292224549306411063
1.33707485600825748406350612640381
1.33980550028599298961751173919765
1.34254876766739172921916178893298
1.34530468399840552606860910600517
1.34807327524415954123071514914045
1.35085456748919696678967738989741
1.35364858693772438513747147226240
1.35645535991385912666373769752681
1.35927491286187707153487735922681
1.36210727234646178374077862827107
1.36495246505295475536456706322497
1.36781051778760698311998567078263
1.37068145747783165511179959139554
1.37356531117245683759620078490116
1.37646210604198193649949644168373
1.37937186937883260462456291861599
1.38229462859761809134795385034522
1.38523041123538925845082303567324
1.38817924495189881639589657424949
1.39114115752986133855984007823281
1.39411617687521482977786035917234
1.39710433101738429328975144017022
1.40010564810954551973054549307562
1.40312015642888976429958347580396
1.40614788437689086642023994500050
1.40918886047957303553346264379798
1.41224311338777908098052193963667
1.41531067187743975210878488724120
1.41839156484984663109116809209809
1.42148582133192258325493639858905
1.42459347047649687034720500378171
1.42771454156257804335439232090721
1.43084906399563149825837626849534
1.43399706730785525543581115925917
1.43715858115845884768191353941802
1.44033363533394287436806280311430
1.44352225974837899968861165689304
1.44672448444369261544295568455709
1.44994033958994483768378813692834
1.45316985548561783403442859707866
1.45641306255789992896154672052944
1.45966999136297137518170075054513
1.46294067258629389982615975895897
1.46622513704289869629349141177954
1.46952341567767663654819898511050
1.47283553956567025977619778132066
1.47616153991236709330792109540198
1.47950144805399230740761140623363
1.48285529545780470073168544331565
1.48622311372239357396551895362791
1.48960493457797582550483639352024
1.49300078988669482349394002085319
1.49641071164292149830998823745176
1.49983473197355410277964438137133
1.50327288313832307942163879488362
1.50672519753009304110946686705574
1.51019170767516941467079050198663
1.51367244623360330813000018679304
1.51716744599950126293208541028434
1.52067673990133234163124598126160
1.52420036100223965647160184744280
1.52773834250035100978948321426287
1.53129071772909242099558468908072
1.53485752015750120946790957532357
1.53843878339054240811378804210108
1.54203454116942495488729036878794
1.54564482737191899452966481476324
1.54926967601267606688963951455662
1.55290912124354862910990959790070
1.55656319735391313052730311028427
1.56023193877099108917150260822382
1.56391538006017571937888988031773
1.56761355592535522873731679283082
1.57132650120924255432441896118689
1.57505425089370088009843584586633
1.57879684010007448335954904905520
1.58255430408952024734503538638819
1.58632667826333895177981503366027
1.59011399816330922796225877391407
1.59391629947202173589460016955854
1.59773361801321600594860683486331
1.60156598975211883484348618367221
1.60541345079578090526695177686634
1.60927603739341873456680787057849
1.61315378593675529117490441421978
1.61704673296036416374477084900718
1.62095491514201217597701543127187
1.62487836930300533211379843123723
1.62881713240853631674553980701603
1.63277124156803310484065150376409
1.63674073403550712768605990277138
1.64072564720990543563061692111660
1.64472601863546241673930126125924
1.64874188600205462407188861106988
1.65277328714555404864938736864133
1.65682026004818649944638764281990
1.66088284283888776293736100342358
1.66496107379366442557966365711764
1.66905499133595358607351499813376
1.67316463403698434397881555923959
1.67729004061614217491182898811530
1.68143124994133441596488864888670
1.68558830102935397476926482340787
1.68976123304624925580696981342044
1.69395008530769164423190886736847
1.69815489727934809671694438293343
1.70237570857724973549807145900559
1.70661255896816776989055597368861
1.71086548836998697531441848695977
1.71513453685208228094438709376846
1.71941974463569602349366505222861
1.72372115209431653326532796199899
1.72803879975405871860516526794527
1.73237272829404753693438578920905
1.73672297854679813511324937280733
1.74108959149860309523205614823382
1.74547260828991679382227175665321
1.74987207021574553422738063090947
1.75428801872603368217085062497063
1.75872049542605579652843061921885
1.76316954207680809396663335064659
1.76763520059540302220568719349103
1.77211751305546272305946331471205
1.77661652168751604818908162997104
1.78113226887939557485651675960980
1.78566479717663995074872218538076
1.79021414928289046564202635636320
1.79478036806029606076151594606927
1.79936349652991767200660433445591
1.80396357787213124090897053974913
1.80858065542703627670562127605081
1.81321477269486308614432346075773
1.81786597333638488827034507266944
1.82253430117332593241030735953245
1.82721980018877627749418479652377
1.83192251452760590524349026964046
1.83664248849688127585011443443364
1.84137976656628143956595522467978
1.84613439336851725691701631149044
1.85090641369975283936355481273495
1.85569587252002765609404377755709
1.86050281495367864081913467089180
1.86532728628976607332390358351404
1.87016933198250101533233191730687
1.87502899765167319046099692059215
1.87990632908308019644039177364903
1.88480137222895915982689984957688
1.88971417320841950093779360031476
1.89464477830787880741070239309920
1.89959323398149737549545079673408
1.90455958685161563792576089326758
1.90954388370919492246002846513875
1.91454617151425754428828440723009
1.91956649739632911888520538923331
1.92460490865488220713075406820280
1.92966145275978262496607840148499
1.93473617735173775145085528492928
1.93982913024274239432998001575470
1.94494035941653176102761335641844
1.95006991302903243123978427320253
1.95521783940881754837448625039542
1.96038418705755956850111942912918
1.96556900465048944859347557212459
1.97077234103685405841588362818584
1.97599424524037736716763902222738
1.98123476645972140808282802026952
1.98649395406895035165462104487233
1.99177185761799457885956599056954
1.99706852683312052754160959011642
2.00238401161739520972560057998635
2.00771836205115894458117509202566
2.01307162839249675911901249492075
2.01844386107771134319932571088430
2.02383511072179889112021555774845
2.02924542811892560933983986615203
2.03467486424290555646621214691550
2.04012347024768336822830860910472
2.04559129746781298564428652753122
2.05107839741894348861706021125428
2.05658482179830270908382772176992
2.06211062248518794959295519220177
2.06765585154145004054271339555271
2.07322056121198627920421131420881
2.07880480392523248056591000931803
2.08440863229365769271339559054468
2.09003209911425891220915218582377
2.09567525736905757582917431136593
2.10133816022560004910246789222583
2.10702086103745989120739068312105
2.11272341334473701124352373881266
2.11844587087456526219853003567550
2.12418828754161603811212444270495
2.12995071744861030893503084371332
2.13573321488682310587137180846184
2.14153583433659822077288481523283
2.14735863046786112917629907315131
2.15320165814063457787597144488245
2.15906497240555284022889281914104
2.16494862850438440915468163439073
2.17085268187054758470821980154142
2.17677718812963894023937427846249
2.18272220309995068632247239293065
2.18868778279300135736207266745623
2.19467398341406161321742729342077
2.20068086136268448171904310584068
2.20670847323323604527445240819361
2.21275687581542923609845274768304
2.21882612609485763144334669050295
2.22491628125353502198890964791644
2.23102739867043142751867890183348
2.23715953592201444166676083113998
2.24331275078279279711068738834001
2.24948710122586037485348242626060
2.25568264542344021350572802475654
2.26189944174743562399498841841705
2.26813754876997819565076497383416
2.27439702526398113135996936762240
2.28067793020369125045476721425075
2.28698032276524587658173004456330
2.29330426232722928148177743423730
2.29964980847123445784063733299263
2.30601702098242133942562759330031
2.31240595985008168256058525003027
2.31881668526820483577921550022438
2.32524925763604439765686038299464
2.33170373755868620690989700960927
2.33818018584762032929802444414236
2.34467866352131393270497028424870
2.35119923180578682675445634231437
2.35774195213518700242616432660725
2.36430688615236972438538032292854
2.37089409570947795558026882645208
2.37750364286852899908808467444032
2.38413558990199181408797812764533
2.39078999929338076313456440402661
2.39746693373783914537966666102875
2.40416645614273516429193477961235
2.41088862962824901359226714703254
2.41763351752797150950868854124565
2.42440118338949783804991966462694
2.43119169097503062815235352900345
2.43800510426197547531046438962221
2.44484148744354756743746293068398
2.45170090492937431392306280031335
2.45858342134610374785097519634292
2.46548910153801248412719360203482
2.47241801056761589805432777211536
2.47937021371628274479803621943574
2.48634577648485066703187840175815
2.49334476459423992622532750829123
2.50036724398607645980519009754062
2.50741328082331049742492723453324
2.51448294149084183857212337898090
2.52157629259614468608674542338122
2.52869340096989292376861158118118
2.53583433366659471985826712625567
2.54299915796521869282287298119627
2.55018794136983206755076025729068
2.55740075161023350247546659375075
2.56463765664259568666238919831812
2.57189872465009905511124088661745
2.57918402404358015900243117357604
2.58649362346217293051608976384159
2.59382759177395660898923779313918
2.60118599807660455525137876975350
2.60856891169803351004929936607368
2.61597640219705951381001796107739
2.62340853936405293822531348268967
2.63086539322159262965783455001656
2.63834703402512937842061546689365
2.64585353226364627943212326499633
2.65338495866032442194182294770144
2.66094138417320547063127378351055
2.66852287999586401667784230085090
2.67612951755807682019394633243792
2.68376136852649604946918771020137
2.69141850480532385248011451039929
2.69910099853699136929208179935813
2.70680892210283507992585327883717
2.71454234812378381036523933289573
2.72230134946103863313737747375853
2.73008599921676120558799993887078
2.73789637073476166406749143789057
2.74573253760119095900904540030751
2.75359457364523319000682022306137
2.76148255293980104951856446859892
2.76939654980223348701429131324403
2.77733663879499825810626134625636
2.78530289472639047687607671832666
2.79329539265124049407518214138690
2.80131420787161955487931663810741
2.80935941593755167389190319227055
2.81743109264772062516613004845567
2.82552931405018936672490781347733
2.83365415644311280374267880688421
2.84180569637545898942221356264781
2.84998401064772810542535808053799
2.85818917631267899182034852856304
2.86642127067605123613702744478360
2.87468037129729836465230619069189
2.88296655599031348415905995352659
2.89127990282416647005447885021567
2.89962049012383626944711068063043
2.90798839647095208604810068209190
2.91638370070453190052717218350153
2.92480648192172409949307620991021
2.93325681947855443354455928783864
2.94173479299067519576738050091080
2.95024048233411129160685959504917
2.95877396764601607870304178504739
2.96733532932542365401218376064207
2.97592464803401091089085639396217
2.98454200469685160257427014585119
2.99318748050318328424168612400535
3.00186115690716892601130894036032
3.01056311562866962816542582004331
3.01929343865400756641292900894769
3.02805220823674314800655338331126
3.03683950689844772696801555866841
3.04565541742948475700814014999196
3.05450002288978428310883828089572
3.06337340660962986760296189459041
3.07227565219044018718363986408804
3.08120684350556217623307020403445
3.09016706470105484427790543122683
3.09915640019648552794251372688450
3.10817493468572481063461054873187
3.11722275313774499494456904358231
3.12629994079741946322315016004723
3.13540658318632603496212141180877
3.14454276610355254462092489120550
3.15370857562650863670228318369482
3.16290409811173001131123783125076
3.17212942019569821283653254795354
3.18138462879565331320463883457705
3.19066981111041503282876874436624
3.19998505462120252929025809862651
3.20933044709245995917967775312718
3.21870607657268115175952516437974
3.22811203139524316441111295716837
3.23754840017923450901093929132912
3.24701527183029226009125522978138
3.25651273554143827482221240643412
3.26604088079392251842136829509400
3.27559979735806150458188312768470
3.28518957529408783813096306403168
3.29481030495299664906383441120852
3.30446207697739913200507544388529
3.31414498230237386522389897436369
3.32385911215632523507679252361413
3.33360455806184097227173879218753
3.34338141183655856991663313237950
3.35318976559402637249718281964306
3.36302971174457177028216392500326
3.37290134299617427870998653816059
3.38280475235533772959684029046912
3.39274003312796512688009897829033
3.40270727892024016369987293728627
3.41270658363950607494530231633689
3.42273804149515603612030645308550
3.43280174699951334815750669804402
3.44289779496872672126528414082713
3.45302628052366245015036838594824
3.46318729909080236240015437942930
3.47338094640313821415134043490980
3.48360731850107807616723221144639
3.49386651173334872311215804074891
3.50415862275790690461008125566877
3.51448374854284439905427461781073
3.52484198636730639009329024702311
3.53523343382240451404641135013662
3.54565818881214100954935020126868
3.55611634955432620586179837118834
3.56660801458150578113759365805890
3.57713328274188846478409686824307
3.58769225320028128933813604817260
3.59828502543901729282538326515350
3.60891169925889787606365644023754
3.61957237478013027498491283040494
3.63026715244327347065222966193687
3.64099613301018187883073551347479
3.65175941756495525680747959995642
3.66255710751489349519260940724052
3.67338930459144874518528922635596
3.68425611085118553944539598887786
3.69515762867674091296521510230377
3.70609396077779384981454313674476
3.71706521019202540401238366030157
3.72807148028609525169940752675757
3.73911287475661247015068511245772
3.75018949763111608675103525456507
3.76130145326905029889985598856583
3.77244884636275168432462123746518
3.78363178193843330276990855054464
3.79485036535717723538141399330925
3.80610470231592090684102913655806
3.81739489884846072698110219789669
3.82872106132644773879292188212276
3.84008329646038548688125047192443
3.85148171130064298495199182070792
3.86291641323846057787250174442306
3.87438751000695624782110826345161
3.88589510968215146036186524725053
3.89743932068397613832644310605247
3.90902025177730338967307943676133
3.92063801207296735995555536646862
3.93229271102878685795189994678367
3.94398445845060718895069840073120
3.95571336449332910945031471783295
3.96747953966194177866100289975293
3.97928309481257613811067130882293
3.99112414115353475452252496324945
4.00300279024635141666976778651588
4.01491915400684007408926845528185
4.02687334470613933490312774665654
4.03886547497178494126046643941663
4.05089565778876181667556011234410
4.06296400650056721559622019412927
4.07507063481028808382689021527767
4.08721565678165976720492835738696
4.09939918684015136562948100618087
4.11162133977404042894931990304030
4.12388223073548854102909899665974
4.13618197524163555556242499733344
4.14852068917568317374389152973890
4.16089848878798473919005118659697
4.17331549069714746735826338408515
4.18577181189111957593240731512196
4.19826756972830583691802530665882
4.21080288193866802970433127484284
4.22337786662482628230463888030499
4.23599264226318439341412158682942
4.24864732770504005543443781789392
4.26134204217770129474729401408695
4.27407690528561801102114259265363
4.28685203701149841748474500491284
4.29966755771745212655332579743117
4.31252358814611369552949327044189
4.32542024942178215951571473851800
4.33835766305156766975414939224720
4.35133595092653191471754325903021
4.36435523532283298209222266450524
4.37741563890288709615106199635193
4.39051728471651436791489686584100
4.40366029620210408523917067213915
4.41684479718778000290058116661385
4.43007091189255497454269061563537
4.44333876492751667086622546776198
4.45664848129699198153730321791954
4.47000018639972385159353507333435
4.48339400603006232870484382146969
4.49683006637913695868746799533255
4.51030849403605671454897674266249
4.52382941598909926739224829361774
4.53739295962689936914102872833610
4.55099925273966210426124234800227
4.56464842352036193062758684391156
4.57834060056594172039012846653350
4.59207591287854022255032759858295
4.60585448986669288018447332433425
4.61967646134656106937654840294272
4.63354195754315334454531694063917
4.64745110909154224287931356229819
4.66140404703811128683810238726437
4.67540090284178067037146320217289
4.68944180837524182692277463502251
4.70352689592621242553605043212883
4.71765629819866560978880443144590
4.73183014831409831657538234139793
4.74604857981277472589454191620462
4.76031172665498303331332863308489
4.77461972322230554510724687133916
4.78897270431888166797307349042967
4.80337080517266912238483200781047
4.81781416143673446583761688088998
4.83230290919051608256040708511136
4.84683718494111559493831009604037
4.86141712562458394586428767070174
4.87604286860719948748510432778858
4.89071455168677893254880473250523
4.90543231309396787764853797852993
4.92019629149353843189373947097920
4.93500662598570460914970681187697
4.94986345610742528577929988387041
4.96476692183372581013145463657565
4.97971716357901339478075897204690
4.99471432219839339694544833037071
5.00975853898901046790115287876688
5.02484995569137282700467039830983
5.03998871449067742389615887077525
5.05517495801817151601653677062131
5.07040882935247250173915745108388
5.08569047202093660331456703715958
5.10102003000100090446267131483182
5.11639764772153515792751932167448
5.13182347006421402113574004033580
5.14729764236487863371394269051962
5.16282031041489375411401852034032
5.17839162046254308791048970306292
5.19401171921438642442581112845801
5.20968075383665674138455869979225
5.22539887195664132235606302856468
5.24116622166406465055388252949342
5.25698295151249972434470691950992
5.27284921052075805647518791374750
5.28876514817428677872612752253190
5.30473091442659772098977555288002
5.32074665970065474596140120411292
5.33681253489031171000078757060692
5.35292869136172821953323364141397
5.36909528095478449927213659975678
5.38531245598452823486468332703225
5.40158036924260365196914790431038
5.41789917399868237168902851408347
5.43426902400192179953819504589774
5.45069007348240841537290179985575
5.46716247715260017514538048999384
5.48368639020880355161580155254342
5.50026196833261771246270654955879
5.51688936769241422553022857755423
5.53356874494480344139901717426255
5.55030025723610442867084202589467
5.56708406220383800189210887765512
5.58392031797820465044424054212868
5.60080918318356868468299580854364
5.61775081693996902743037935579196
5.63474537886459714286502276081592
5.65179302907332203886880961363204
5.66889392818218684766407022834755
5.68604823730891784094865215593018
5.70325611807445653766990290023386
5.72051773260447316005183893139474
5.73783324353088985958493140060455
5.75520281399342792383322375826538
5.77262660764112567335359926801175
5.79010478863389721482235472649336
5.80763752164407520695021958090365
5.82522497185794652097001744550653
5.84286730497733319822373232454993
5.86056468722114054514804593054578
5.87831728532691588640091140405275
5.89612526655243840423281653784215
5.91398879867727611525651809643023
5.93190805000438015071040354087017
5.94988318936166660222397695179097
5.96791438610359836758334495243616
5.98600181011279541820613303571008
6.00414563180162907940484728896990
6.02234602211381897518549521919340
6.04060315252606017111247638240457
6.05891719504962100728562290896662
6.07728832223197912298928713425994
6.09571670715844238230829432723112
6.11420252345376979974389541894197
6.13274594528382088753915013512596
6.15134714735719434486327372724190
6.17000630492686141792546550277621
6.18872359379183656358236476080492
6.20749919029881436216555812279694
6.22633327134384639833797336905263
6.24522601437400481927397777326405
6.26417759738904056376895823632367
6.28318819894308067119936822564341
6.30225799814629894513018371071666
6.32138717466659905142023490043357
6.34057590873132514985854868427850
6.35982438112893522230706366826780
6.37913277321072680337010751827620
6.39850126689253784206812269985676
6.41793004465644845168981191818602
6.43741928955251996313791096326895
6.45696918520051177381446905201301
6.47657991579159997286296857055277
6.49625166609013593443933132220991
6.51598462143536050206193976919167
6.53577896774317412820209938217886
6.55563489150787592762981148553081
6.57555257980391605343584160436876
6.59553222028767205387111971504055
6.61557400119921190650984499370679
6.63567811136405438787733146455139
6.65584474019497385199883865425363
6.67607407769375438277847933932208
6.69636631445300789522434570244513
6.71672164165795670953684748383239
6.73714025108822678333808653405868
6.75762233511967114196750117116608
6.77816808672617643338753623538651
6.79877769948147037126773284398951
6.81945136756096559338402585126460
6.84018928574356532834599420311861
6.86099164941352235302929329918697
6.88185865456226775194181755068712
6.90279049779024767019564023939893
6.92378737630879825815100048203021
6.94484948794198952981560069019906
6.96597703112848343209861923241988
6.98717020492342388848783230059780
7.00842920900028598651942957076244
7.02975424365278200866669067181647
7.05114550979673637698397214990109
7.07260320897197036771331113413908
7.09412754334422146484939730726182
7.11571871570703429199511447222903
7.13737692948366664325021702097729
7.15910238872902482398785650730133
7.18089529813156257631590051460080
7.20275586301522974252975473063998
7.22468428934140050046153191942722
7.24668078371080071065080119296908
7.26874555336547789607948288903572
7.29087880619073835930521454429254
7.31308075071710206316311086993665
7.33535159612228593317695413134061
7.35769155223314985647675712243654
7.38010082952769774777834754786454
7.40257963913704752911826290073805
7.42512819284741443226494084228761
7.44774670310212361101775968563743
7.47043538300360143722400607657619
7.49319444631537567858003967558034
7.51602410746411120356924584484659
7.53892458154160216565742302918807
7.56189608430682547179912944557145
7.58493883218796050016408116789535
7.60805304228441858782616691314615
7.63123893236890982194609023281373
7.65449672088948407377984040067531
7.67782662697157913811452090158127
7.70122887042010795255464472575113
7.72470367172150407242270375718363
7.74825125204582132454333986970596
7.77187183324880859203176441951655
7.79556563787398726361743683810346
7.81933288915477309188872823142447
7.84317381101656518893605607445352
7.86708862807884656831447500735521
7.89107756565732021414305563666858
7.91514084976602472210061023361050
7.93927870711944905224299873225391
7.96349136513469701981193793471903
7.98777905193359760716020900872536
8.01214199634488188905834249453619
8.03658042790632798357819410739467
8.06109457686691399658229784108698
8.08568467418900560517158737638965
8.11035095155052232485104468651116
8.13509364134711177030112594366074
8.15991297669436299599965423112735
8.18480919142997365156588784884661
8.20978252011597930959396762773395
8.23483319804094726634957623900846
8.25996146122219521146234910702333
8.28516754640802233211616112384945
8.31045169107993686452573456335813
8.33581413345488009269956819480285
8.36125511248750186155120900366455
8.38677486787236858845062670297921
8.41237364004626719804491585819051
8.43805167019043977916226140223444
8.46380920023285732156637095613405
8.48964647285052187442033755360171
8.51556373147172962490003556013107
8.54156122027836772758746519684792
8.56763918420823067378933046711609
8.59379786895730468643250787863508
8.62003752098210362930785777280107
8.64635838750198537638880225131288
8.67276071650146107572254550177604
8.69924475673256303309699433157220
8.72581075771717706857089069671929
8.75245896974937309664710483048111
8.77918964389779610257846798049286
8.80600303200800382796842313837260
8.83289938670485952343369717709720
8.85987896139490516134173958562315
8.88694201026873464854816120350733
8.91408878830341677712567616254091
8.94131955126488087159941642312333
8.96863455571031487068012211238965
8.99603405899061314698883506935090
9.02351831925276748336273158201948
9.05108759544232732707769173430279
9.07874214730582984600459894863889
9.10648223539322820840880012838170
9.13430812106037848252526600845158
9.16222006647148745628328470047563
9.19021833460156933881535223918036
9.21830318923894864724388753529638
9.24647489498772223726064112270251
9.27473371727027284805444651283324
9.30307992232975600188638054532930
9.33151377723260466723331774119288
9.36003554987106411999775446020067
9.38864550896570548843556025531143
9.41734392406794107444056862732396
9.44613106556260362367538618855178
9.47500720467044388328758941497654
9.50397261345073296467944601317868
9.53302756480379720471773907775059
9.56217233247359210679405805421993
9.59140719105029226909664430422708
9.62073241597287420745487906970084
9.65014828353169740182693203678355
9.67965507087113508077891310676932
9.70925305599215704432936036027968
9.73894251775496755385574942920357
9.76872373588163078750312706688419
9.79859699095868919016538711730391
9.82856256443983156145804969128221
9.85862073864853627469528873916715
9.88877179678071094315328082302585
9.91901602290739603517977229785174
9.94935370197740986952794628450647
9.97978511982005578317966865142807
10.01031056314780443017298239283264
10.04093031955898496221379900816828
10.07164467754052239456541428808123
10.10245392647063589208755729487166
10.13335835662155659520067274570465
10.16435825916228807841434900183231
10.19545392616132595264843985205516
10.22664565058942720554568950319663
10.25793372632236533092964236857370
10.28931844814368012919203465571627
10.32080011174749145652640436310321
10.35237901374125968345651926938444
10.38405545164857457507423532661051
10.41582972391198502748466125922278
10.44770212989578261897349875653163
10.47967296988884378095008287345991
10.51174254510745242896518902853131
10.54391115769812259372884000185877
10.57617911074047079011961614014581
10.60854670825005818812769575743005
10.64101425518124344193893193732947
10.67358205743008703336727194255218
10.70625042183719166644095821538940
10.73901965619063680890121759148315
10.77189006922885283756841090507805
10.80486197064352005270393419777974
10.83793567108251743036362313432619
10.87111148215283229490069061284885
10.90438971642348242596654017688707
10.93777068742849678528727963566780
10.97125470966982341280981927411631
11.00484209862033679883097647689283
11.03853317072678841270771954441443
11.07232824341277854784948431188241
11.10622763508176902291779697407037
11.14023166512007634310066350735724
11.17434065389985953231644089100882
11.20855492278217724333444493822753
11.24287479411997914269250031793490
11.27730059126116479717438778607175
11.31183263855163012578941561514512
11.34647126133829786454043642152101
11.38121678597222263817911880323663
11.41606953981163741218551876954734
11.45102985122503547188443917548284
11.48609804959429325776909536216408
11.52127446531773102833540178835392
11.55655942981326766982874687528238
11.59195327552152399164242524420843
