18.2831
18.0659
18.0478
18.1551
17.9679
18.2018
18.018
18.188
18.218
18.0771
18.0418
18.193
18.219
17.9992
18.0449
18.0199
17.9992
18.1971
18.172
18.033
18.0161
18.2459
18.012
18.2369
18.1489
18.0368
18.2178
18.0509
18.158
18.1761
18.2209
18.152
18.1541
17.9851
18.2199
18.163
18.2481
18.244
18.213
18.0888
18.0471
18.0831
18.1592
18.0359
18.0531
17.9851
18.024
18.003
18.0259
18.0929
18.0209
18.0979
18.2102
18.0421
18.183
18.0421
17.977
18.1439
18.2111
18.235
18.091
18.225
18.183
18.1808
18.014
18.2002
18.0969
18.2159
18.1808
18.188
18.0359
18.0461
18.2071
18.2481
18.2121
17.9992
18.0099
18.0609
18.208
18.2078
18.0659
18.213
18.2209
18.0151
18.225
18.1968
18.1899
18.0171
18.1921
18.033
18.014
18.049
18.034
18.254
17.9961
18.0521
18.0609
18.054
18.2519
18.1842
18.1839
18.0092
18.213
18.002
18.1358
18.2068
18.1949
18.1851
18.163
18.2531
18.218
18.105
18.1911
18.2171
18.1739
18.2219
18.177
18.039
17.988
18.25
18.2261
18.2221
18.1999
18.2328
18.2009
18.2219
18.2099
18.018
18.1081
18.0271
18.2021
18.0521
18.0619
18.1508
18.2359
18.173
18.167
18.023
18.1911
18.121
18.2159
18.1708
18.1899
18.034
18.2779
18.0409
18.0111
18.085
18.0249
18.1842
18.199
18.168
18.0528
18.1749
18.018
18.079
18.0211
18.111
18.0221
18.2438
18.1718
18.2381
18.2059
18.1992
18.013
18.028
18.2011
18.0211
18.0411
18.198
18.199
17.9808
18.2209
18.0371
18.2202
18.255
18.0631
18.2669
17.983
18.0449
18.06
18.254
18.1589
18.224
18.044
18.0738
18.0559
18.1668
18.2021
18.249
17.997
18.193
18.173
18.208
18.1711
18.2109
18.2259
18.0171
18.2219
18.034
18.2209
18.1711
18.2309
18.039
18.1551
18.2381
18.0571
18.0571
18.044
18.0361
17.9989
18.0938
18.024
18.234
18.1699
18.1451
18.194
18.2309
18.1379
18.2219
18.1761
18.2002
18.235
18.1921
18.204
17.9989
18.204
18.07
18.187
18.1968
18.173
18.203
18.208
18.2531
18.1949
18.043
18.2269
18.0008
18.199
18.0261
18.162
17.9892
18.0409
18.172
18.213
18.034
18.178
18.182
18.07
18.214
18.1539
18.1742
18.0089
18.034
18.2102
18.1839
17.9842
18.1859
18.1868
18.0109
18.2321
17.997
18.167
18.1732
18.0509
18.172
18.219
18.187
18.1861
17.9479
18.1689
18.028
18.064
18.173
18.2059
18.2161
18.2991
18.1289
18.1458
18.1789
17.9861
18.0449
18.019
18.1601
17.9961
18.1091
18.1861
18.0259
18.0109
18.223
18.1892
18.23
18.182
18.147
18.1808
18.1799
18.0061
18.183
18.1351
18.2219
18.1749
18.1541
18.1839
18.183
18.1968
18.23
18.023
18.1491
18.0299
18.1551
17.997
18.0631
18.002
18.1592
18.1241
18.105
18.1851
18.172
18.1611
18.183
18.2421
18.198
18.208
18.219
18.137
18.2102
18.2359
18.2111
18.2011
18.168
18.0669
18.1942
17.957
18.2199
18.1589
18.0571
18.2071
18.2269
18.1739
18.1398
18.048
18.0161
18.136
18.1499
18.1761
18.2178
18.0218
18.2171
18.0871
18.0731
18.0249
18.064
18.0628
18.1751
18.224
18.029
18.2071
18.2149
18.0449
18.2049
18.0891
18.187
18.0531
17.9999
18.163
18.2021
17.9839
18.0068
18.297
18.1839
18.0669
18.2288
18.2538
18.0528
18.07
18.168
18.059
18.012
18.152
18.0421
18.2149
18.064
18.158
18.1961
18.2159
18.1429
18.208
18.1499
18.198
18.1599
18.08
18.142
18.1742
18.0368
18.1949
18.167
18.163
18.182
18.019
18.0762
18.1661
17.997
18.0101
18.1639
18.1839
18.1971
18.1651
18.2199
18.1849
18.023
18.1909
18.023
18.049
18.0199
18.0199
18.2009
18.0359
18.1789
18.003
18.1551
18.1661
18.0669
18.024
18.177
18.1601
17.993
18.0068
18.203
18.0209
18.1408
18.1959
18.245
18.2381
18.1971
18.002
18.1952
18.0058
18.064
18.1739
18.1599
18.1942
18.2159
18.0349
18.0089
18.043
18.0459
18.1658
18.1181
18.225
18.2142
18.1909
18.0409
18.2149
18.086
18.0218
18.198
18.1379
18.0371
18.225
18.183
18.0938
18.1921
18.0428
18.0469
18.178
18.1949
18.039
18.2209
18.0252
18.183
18.1661
18.208
18.177
18.038
18.049
18.193
18.0061
18.203
18.2011
18.2359
18.127
18.069
18.043
18.014
18.2378
18.1658
18.1732
18.0619
18.183
18.0321
18.193
18.183
18.265
18.059
18.034
18.0271
18.0171
18.0681
17.94
18.0399
18.1799
18.235
18.1949
18.095
18.085
18.0478
18.1808
18.1751
18.07
18.0809
18.1861
18.1739
18.2281
18.188
18.039
18.2159
17.9701
18.0759
18.1701
18.1592
18.209
18.0602
18.2219
18.1839
18.0709
18.0941
18.0862
18.209
18.1551
18.0371
18.0709
18.2319
18.2261
18.1601
18.0349
18.2168
18.1782
18.2099
18.1839
18.0111
18.1811
18.261
18.0268
18.1918
18.2471
18.024
18.0519
18.2152
18.0321
18.0619
18.043
18.1491
18.1751
18.023
18.1081
18.2011
18.0061
18.0111
18.2281
18.2421
18.1749
18.0349
18.1952
18.1959
18.162
18.024
18.1961
18.173
18.1708
18.199
18.204
18.048
18.1868
18.189
18.189
18.153
18.0049
17.9558
18.0769
18.204
18.2149
18.23
18.1959
18.1949
18.05
18.204
18.0161
18.261
18.187
18.0461
18.0449
18.0118
18.05
18.2061
18.0321
17.992
18.172
18.0261
18.0211
18.245
18.0368
18.1482
18.158
18.219
18.204
17.9579
18.1661
18.1899
18.0821
18.1611
18.1861
18.1789
18.2071
18.0562
18.198
18.0252
17.993
18.0168
18.08
18.0199
18.1649
18.0142
18.1921
18.0569
18.2452
17.9908
18.2369
18.225
18.1611
18.25
18.219
18.1551
18.213
18.0862
18.0359
18.2092
18.2009
17.9799
18.1918
18.2309
18.1541
17.9939
18.1692
18.059
18.054
18.0681
18.0821
18.2841
18.1398
18.2068
18.153
18.2099
18.2118
18.2211
18.029
18.1811
18.0151
18.194
18.0411
18.173
18.188
18.219
18.0399
18.0159
18.1589
18.2271
18.2161
18.1808
18.1839
18.2371
18.0519
18.1711
18.1808
18.213
18.1231
18.2149
18.0659
18.1961
18.177
18.177
18.018
18.2378
18.172
18.008
18.1501
18.1899
18.0039
18.0709
18.0769
18.1649
18.2211
18.187
18.2009
18.1768
18.162
18.2419
18.0218
17.983
18.27
18.2631
18.0449
18.049
18.182
18.2791
18.2409
18.219
18.1808
18.0349
18.189
18.1599
18.1689
18.213
18.049
18.219
18.183
18.1899
18.0569
18.054
18.214
18.173
18.2331
17.9992
18.065
18.172
18.183
18.0399
18.2011
18.029
18.0318
18.223
17.9989
18.1
18.044
18.1789
18.189
18.05
18.0449
18.2111
18.208
18.008
18.152
18.147
18.1901
18.239
18.2171
18.048
18.1899
18.152
17.987
18.239
18.1642
18.0149
18.177
18.2061
18.049
18.0628
18.1339
18.0311
18.048
18.0452
18.1589
18.0459
18.1901
18.2171
18.235
18.0762
18.019
18.0581
18.177
18.151
18.1589
18.1961
18.003
18.0359
18.0719
18.1971
18.1901
18.1651
18.2099
18.0051
18.05
18.158
17.9901
17.9951
18.0371
18.0559
18.0509
18.0471
18.219
18.2509
18.187
18.2009
18.043
18.019
18.0111
18.0471
18.1601
18.245
18.1711
18.1911
18.1651
18.151
18.122
18.1091
18.1391
18.0361
18.095
18.0011
18.059
18.1699
18.0452
18.2021
18.1851
18.0509
18.0721
17.9999
18.2629
18.1589
18.0352
18.0449
18.157
17.9849
18.2478
18.0459
18.0311
18.225
18.1692
18.0318
18.0318
18.2099
18.203
18.1401
18.064
18.0531
18.0359
18.157
18.223
18.086
18.2281
18.06
18.213
18.1611
18.1551
18.2121
18.0101
18.1789
18.013
17.997
18.193
18.1761
18.2581
18.163
18.1811
18.044
18.1921
18.0361
18.2211
18.1839
18.1971
17.977
18.2331
18.214
18.2159
18.0678
18.178
18.168
18.0681
18.147
18.0731
18.1441
18.2011
18.018
17.9951
18.213
18.172
18.162
18.0192
18.1451
18.1849
18.0781
18.1642
18.1589
18.271
18.1901
18.146
18.0531
18.0151
18.2109
18.1539
18.183
18.1901
18.023
18.014
18.1952
18.2149
18.2052
18.059
18.1992
17.993
18.1901
18.013
18.187
18.0271
18.2021
18.194
18.1921
18.0569
18.0709
18.244
18.1561
18.0972
17.992
18.2359
18.0352
18.0299
18.1508
18.229
18.0159
18.2438
18.2281
18.2359
18.0609
18.2259
18.003
18.0299
18.1582
18.203
18.1201
18.014
18.0581
18.2052
18.2049
18.1761
18.2021
18.1842
18.028
18.048
18.225
18.002
18.1971
18.05
18.2278
18.224
18.2149
18.1911
18.002
18.204
18.172
18.0349
18.1961
18.2309
18.07
18.0399
17.998
18.2059
18.153
18.152
18.229
18.182
18.188
18.142
18.2409
18.1739
18.2199
18.0161
18.1758
18.1949
18.034
18.1811
18.0449
18.147
18.2309
18.0151
18.0299
18.2312
18.1861
18.281
18.0571
18.1501
18.188
18.208
18.08
18.162
18.1839
18.0311
18.0721
17.952
18.2199
18.1661
18.065
18.1398
18.1599
18.199
18.1949
18.0609
18.1251
18.0411
18.2199
18.1692
18.1091
