21.4641
11.9119
11.863
11.91
11.8918
11.843
11.893
11.905
11.9169
11.8701
11.8139
11.9019
11.8949
11.914
11.878
11.8899
11.945
11.929
11.8742
11.924
11.9011
11.903
11.852
11.941
11.8818
11.8968
11.8399
11.8692
11.915
11.8721
11.9381
11.8961
11.9019
11.8549
11.9009
11.8949
11.924
11.8971
11.889
11.925
11.9159
11.8639
11.8699
11.8971
11.894
11.889
11.8511
11.8599
11.8592
11.909
11.9011
11.862
11.9061
11.898
11.889
11.8639
11.8849
11.8968
11.9119
11.9061
11.8639
11.914
11.8949
11.893
11.8871
11.919
11.9429
11.8742
11.9269
11.9388
11.9019
11.8961
11.9121
11.955
11.8799
11.8639
11.9181
11.9081
11.894
11.8859
11.9328
11.898
11.9362
11.8709
11.883
11.899
11.935
11.8549
11.9061
11.904
11.9061
11.889
11.863
11.9078
11.8809
11.9679
11.904
11.9019
11.858
11.904
11.8771
11.929
11.9109
11.8968
11.869
11.9071
11.914
11.9321
11.909
11.9002
11.92
11.894
11.8818
12.0449
12.017
11.9948
12.0609
12.054
12.042
12.0549
11.9278
11.9228
11.9188
11.869
11.878
11.8852
11.874
11.9379
11.858
11.909
11.9269
11.904
11.853
11.884
11.888
11.8802
11.8771
11.8849
11.9178
11.848
11.9009
11.8589
11.857
11.9238
11.8871
11.8449
11.8601
11.92
11.899
11.905
11.9259
11.8921
11.9431
11.8899
11.9638
11.9438
11.929
11.9369
11.8561
11.8721
11.904
11.8849
11.9371
11.9109
11.858
11.9278
11.9078
11.909
11.8608
11.9109
11.8871
11.8802
11.9181
11.884
11.889
11.8949
11.91
11.951
11.893
11.868
11.9309
11.883
11.8439
11.8921
11.905
11.9309
11.9071
11.8999
11.915
12.0001
12.0239
12.022
11.9879
12.0521
12.0161
12.0118
12.033
11.982
12.049
12.018
12.038
11.8661
11.929
11.8511
11.8871
11.9181
11.9011
11.9281
11.9081
11.909
11.8771
11.869
11.899
11.863
11.8389
11.8389
11.965
11.903
11.8949
11.9059
11.8899
11.9021
11.869
11.9309
11.9469
11.914
11.8971
11.9159
11.9069
11.9302
11.862
11.889
11.898
11.8701
11.874
11.867
11.9262
11.9159
11.8928
11.8608
11.9009
11.8949
11.8821
11.878
11.8399
11.8692
11.8959
11.909
11.8389
11.92
11.91
11.8849
11.8389
11.904
11.862
11.934
11.893
11.9119
11.8759
11.8959
12.053
12.027
12.002
12.0409
12.0339
12.042
12.0029
11.9309
11.898
11.9419
11.8892
11.95
11.94
11.924
11.9448
11.956
11.946
11.9381
11.842
11.934
11.941
11.8892
11.884
11.893
11.9071
11.9152
11.884
11.9181
11.8871
11.929
11.8601
11.919
11.8802
11.909
11.899
11.8959
11.8611
11.9269
11.8718
11.909
11.8818
11.9009
11.8961
11.915
11.9069
11.8742
11.8799
11.893
11.8549
11.9162
11.9359
11.8809
11.8811
11.868
11.9801
12.033
12.0089
12.0318
12.0728
12.017
12.0361
11.893
11.919
11.868
11.9069
11.8911
11.8921
11.8959
11.9269
11.8911
11.869
11.9309
11.909
11.9429
11.9312
11.8909
11.899
11.8949
11.9171
11.8771
11.9021
11.904
11.9109
11.8911
11.91
11.847
11.8821
11.8601
11.905
11.868
11.919
11.929
11.883
12.0401
12.027
12.013
12.0201
12.0521
12.0342
11.9479
11.9579
11.8971
11.878
11.8921
11.8911
11.8771
11.9021
11.9069
11.8909
11.909
11.939
11.8849
11.9228
11.8558
11.9121
11.919
11.9462
11.909
11.914
11.924
11.9011
11.8799
11.9269
11.9011
11.8771
11.9112
11.883
11.9441
11.8971
11.852
11.8852
11.873
11.8971
11.9271
11.8859
11.9059
11.909
11.93
11.9228
11.9359
11.94
11.884
12.0339
12.028
12.126
12.078
12.0089
12.0711
12.0339
11.894
11.9221
11.9019
11.919
11.9319
11.919
11.9231
11.915
11.8761
11.9021
11.8511
11.9328
11.9119
11.8749
11.919
11.8971
11.894
11.894
11.9009
11.9069
11.9162
11.8861
11.9131
11.8339
11.8599
11.9681
12.0721
12.002
12.027
12.0561
11.9681
12.0239
11.9429
11.883
11.9019
11.9219
11.934
11.8718
11.8868
11.9178
11.8759
11.8742
11.93
11.976
11.93
11.905
11.8928
11.858
11.8709
11.8518
11.94
11.8771
11.9951
12.0299
12.0759
12.044
12.0881
11.9879
12.0459
11.935
11.9231
11.9579
11.9088
11.9278
11.9109
11.9221
11.9021
11.915
11.848
11.8759
11.9162
11.894
11.873
11.914
12.0471
11.9979
12.023
12.0001
12.038
12.0471
11.997
11.9169
11.9162
11.9131
11.8921
11.898
11.914
11.8821
11.9491
11.8999
11.924
11.8999
11.961
11.925
11.9848
11.8849
11.8761
11.9271
11.9059
11.878
11.9228
11.904
11.9059
11.915
11.9371
11.9309
11.9131
11.9851
11.8918
11.898
11.8489
11.8582
11.8909
11.8859
11.873
11.9121
11.9131
11.9112
11.8721
11.915
11.8928
11.869
11.899
11.92
11.899
11.8961
11.9061
11.831
11.857
11.857
11.915
11.888
11.941
11.9689
11.997
12.028
12.0511
12.0099
12.0471
12.0111
11.904
11.8711
11.8821
11.93
11.863
11.9288
11.879
11.9071
11.8511
11.898
11.9741
11.986
12.0699
11.9958
12.0108
12.0139
11.9941
11.883
11.9121
11.8902
11.941
11.8971
11.8902
11.8921
11.939
11.929
11.92
11.9572
11.8821
11.9519
11.9169
11.914
11.878
11.9021
11.8651
11.9021
11.8852
12.027
12.043
12.0051
12.0101
11.9889
12.0389
11.9879
11.874
11.9121
11.9262
11.9591
11.8389
11.8639
11.8709
11.9321
11.888
11.8711
11.904
11.9028
11.9059
11.8952
11.9119
11.8558
11.8818
11.9441
11.946
11.8871
11.868
11.883
11.925
11.889
11.894
11.91
11.8959
12.032
12.023
12.023
12.0611
12.0981
12.1019
11.9901
11.9522
11.9159
11.924
11.905
11.8952
11.9569
11.9469
11.8961
11.945
11.924
11.9309
11.9121
11.8921
11.8909
11.9159
11.915
11.9052
11.893
11.874
11.862
11.884
11.898
11.8639
11.9338
11.8928
11.9638
12.049
12.0239
12.0258
12.074
12.002
11.987
11.8949
11.909
11.9181
11.904
11.9128
11.9078
11.919
11.9278
11.8949
11.9319
11.9069
11.8999
11.9221
11.9019
11.9119
11.8642
11.9059
11.889
11.9081
11.889
11.91
11.8592
11.893
11.884
11.9009
11.9152
11.873
11.903
11.9109
11.8279
11.92
11.8721
11.905
11.8611
11.878
11.9538
11.873
11.8978
11.904
11.96
11.9269
11.8968
12.033
12.038
12.0451
11.9889
12.008
12.0311
12.068
12.028
12.0361
12.0471
11.9689
12.0552
11.9331
11.8761
11.9319
11.8949
11.9102
11.9169
11.92
11.9131
11.9281
11.919
11.903
11.8971
11.9131
11.8611
11.9202
11.941
12.0621
12.0611
12.064
12.053
12.0571
12.0361
11.9231
11.8999
11.868
11.8899
11.955
11.9321
11.904
11.8961
11.9331
11.878
11.883
11.9152
11.9121
11.9228
11.8918
11.915
11.888
11.9359
11.8771
11.9109
12.0029
12.0099
12.0089
12.0361
12.073
12.0831
12.0451
11.905
11.91
11.9019
11.909
11.905
11.929
11.8899
11.9259
11.9109
11.9159
11.9882
11.9219
11.8899
11.894
11.9069
11.8818
11.8949
11.894
11.8442
11.92
11.9221
11.8999
11.862
11.8921
11.852
11.8721
11.919
11.903
11.8742
11.8949
11.9929
12.0301
12.038
12.0142
12.033
12.0101
12.073
11.9028
11.9209
11.894
11.924
11.9081
11.934
11.903
11.9159
11.9481
11.93
12.0201
12.0101
12.001
12.0029
12.0521
12.038
12.017
11.8692
11.899
11.8821
11.9369
11.8852
11.9119
11.8649
11.8639
11.924
11.8709
11.9178
11.9171
11.9061
11.8949
11.8339
11.9359
11.889
11.9081
11.847
11.873
12.0311
12.013
11.971
11.975
11.9951
12.0568
12.0211
12.0108
12.027
12.069
12.0041
12.0389
11.935
11.9281
11.8959
11.9059
11.9331
11.909
11.8949
11.934
11.9131
11.9362
11.965
11.975
11.863
11.8792
11.924
11.9309
11.8811
11.9321
11.9319
11.899
11.9281
11.8859
11.8999
11.934
11.903
12.0049
12.0192
12.0649
11.996
12.0418
12.0599
11.986
11.893
11.863
11.8949
11.8408
11.909
11.8711
11.8721
11.9081
11.8301
11.873
12.032
11.9982
12.0571
12.023
12.054
12.0859
12.017
12.0311
12.043
12.0289
12.0049
12.0249
11.9159
11.904
11.898
11.9102
12.0289
12.0459
12.017
12.0399
11.9791
12.022
11.939
11.9162
11.8661
11.8599
11.9171
11.935
11.8599
11.9491
11.9419
11.914
11.8809
11.971
11.9009
11.9171
11.9419
12.0039
12.063
12.08
12.059
12.0342
12.022
12.063
12.0261
12.037
11.9321
11.8949
11.863
11.8899
11.9162
11.925
11.9159
11.8551
12.0089
12.007
12.0039
12.012
12.0101
12.0039
11.9338
11.8928
11.9369
11.8921
11.9021
11.9379
11.9338
11.91
11.9212
11.852
11.873
11.987
12.0339
12.0311
11.992
12.044
12.0189
12.0258
11.8809
11.889
11.883
11.996
11.9979
12.027
12.0461
12.018
12.0442
12.0239
11.9269
11.9212
11.8909
11.9119
11.915
11.93
11.9309
11.914
11.9419
11.8499
11.8918
11.8968
11.8771
11.9519
11.9121
12.0289
12.0399
12.0292
11.9979
12.0602
12.0831
11.9889
