6.74105
6.70385
6.69098
6.70004
6.69909
6.72388
6.69694
6.69289
6.70195
6.72317
6.69909
6.72197
6.70886
6.71411
6.69813
6.72793
6.70409
6.72197
6.71411
6.70791
6.69289
6.71315
6.69384
6.70099
6.69694
6.69289
6.70815
6.70099
6.70791
6.72007
6.69408
6.706
6.70195
6.69384
6.69694
6.71291
6.73294
6.69909
6.70099
6.71005
6.69003
6.706
6.69503
6.72507
6.71196
6.69813
6.69909
6.71315
6.69479
6.71196
6.69408
6.68287
6.69503
6.71291
6.68502
6.72793
6.70195
6.69289
6.71196
6.68693
6.71697
6.71887
6.70409
6.70195
6.69479
6.72817
6.70505
6.68502
6.71482
6.69813
6.70218
6.69217
6.68311
6.70886
6.69813
6.71315
6.70505
6.69312
6.71816
6.70004
6.70695
6.71196
6.71196
6.706
6.69312
6.7029
6.72007
6.70481
6.71101
6.70791
6.68788
6.68502
6.68788
6.68216
6.706
6.68502
6.68287
6.71506
6.6998
6.69193
6.69098
6.71005
6.68597
6.70695
6.675
6.70314
6.73914
6.70195
6.69599
6.68812
6.70099
6.72793
6.71291
6.68693
6.71196
6.70695
6.71601
6.69503
6.69408
6.70218
6.70505
6.69503
6.71601
6.69408
6.70409
6.68907
6.69098
6.70195
6.69789
6.68907
6.7091
6.70099
6.69503
6.69289
6.68693
6.68311
6.70099
6.71506
6.70099
6.68311
6.72698
6.706
6.70314
6.69193
6.68883
6.70004
6.69694
6.706
6.69694
6.70481
6.72007
6.706
6.69122
6.69718
6.71816
6.68621
6.70218
6.70505
6.71506
6.69718
6.70123
6.70314
6.71005
6.68693
6.70195
6.72603
6.70791
6.71387
6.68502
6.7029
6.706
6.7091
6.70385
6.72507
6.71005
6.70004
6.70099
6.69599
6.69813
6.70099
6.68597
6.69408
6.69098
6.71792
6.70385
6.71911
6.69003
6.69813
6.68502
6.69193
6.68502
6.71101
6.70099
6.7091
6.71005
6.70791
6.69694
6.71315
6.71816
6.70505
6.70195
6.69312
6.70314
6.70004
6.706
6.70815
6.69384
6.71506
6.72889
6.706
6.70481
6.69694
6.68097
6.69718
6.70409
6.69694
6.71697
6.70099
6.706
6.68192
6.71411
6.69003
6.69312
6.706
6.69503
6.69289
6.68597
6.69789
6.69909
6.68716
6.69599
6.70314
6.69503
6.69813
6.69599
6.70695
6.68693
6.71291
6.69599
6.69408
6.69718
6.70004
6.70409
6.71911
6.6998
6.706
6.70505
6.69599
6.6812
6.69217
6.68907
6.70695
6.69289
6.71291
6.706
6.71101
6.69193
6.69384
6.71911
6.69503
6.70886
6.70099
6.69718
6.72102
6.70004
6.70886
6.69909
6.69694
6.69384
6.70004
6.71291
6.69098
6.70099
6.68478
6.71315
6.72102
6.73294
6.7091
6.69813
6.706
6.68716
6.6998
6.70314
6.71697
6.68907
6.70981
6.71196
6.69003
6.69694
6.69384
6.69098
6.69718
6.69909
6.7029
6.71792
6.71291
6.68001
6.71601
6.71387
6.71697
6.706
6.69003
6.70314
6.70791
6.70385
6.70409
6.71005
6.71196
6.69193
6.69599
6.70195
6.70195
6.69003
6.69479
6.70695
6.72603
6.706
6.70385
6.68597
6.70385
6.69599
6.70695
6.69289
6.68311
6.68502
6.68502
6.69503
6.706
6.69813
6.7091
6.68287
6.70409
6.71506
6.706
6.70004
6.70695
6.73199
6.72007
6.71101
6.71697
6.68812
6.71601
6.69909
6.706
6.70314
6.69479
6.72507
6.71697
6.69599
6.69789
6.71387
6.72102
6.69003
6.70314
6.69289
6.69503
6.70695
6.71411
6.69003
6.69193
6.69885
6.72197
6.70099
6.69289
6.7029
6.69312
6.69718
6.70409
6.68001
6.69408
6.706
6.72388
6.69599
6.70195
6.69885
6.68907
6.706
6.70505
6.7091
6.70409
6.71101
6.69217
6.68788
6.70099
6.70695
6.69789
6.71697
6.7029
6.71005
6.70886
6.71792
6.70314
6.69408
6.70099
6.70886
6.69694
6.70195
6.70409
6.72817
6.71816
6.69312
6.70481
6.70314
6.69599
6.69312
6.69599
6.72317
6.72698
6.69003
6.70505
6.71792
6.71983
6.68311
6.70791
6.69789
6.71411
6.71911
6.70695
6.70385
6.69694
6.69408
6.69217
6.70195
6.70195
6.69694
6.73604
6.72197
6.69599
6.71816
6.69217
6.70218
6.69718
6.68406
6.70409
6.69813
6.70195
6.69694
6.70791
6.70099
6.70195
6.71101
6.69599
6.70719
6.70218
6.6812
6.70218
6.70314
6.70123
6.69813
6.69694
6.6998
6.72913
6.71005
6.71291
6.71196
6.70195
6.71411
6.71816
6.70886
6.72793
6.70409
6.70481
6.68502
6.70385
6.69813
6.72698
6.69312
6.70195
6.71291
6.71196
6.70481
6.70314
6.69718
6.72221
6.69479
6.71196
6.70695
6.70791
6.72102
6.69694
6.71291
6.69909
6.72793
6.69694
6.71697
6.70886
6.71005
6.69813
6.7029
6.69789
6.70409
6.69193
6.706
6.69384
6.7029
6.70409
6.69479
6.69813
6.71887
6.70409
6.69098
6.69408
6.69289
6.69909
6.73199
6.71601
6.71101
6.70815
6.68883
6.71196
6.68311
6.70218
6.71577
6.69813
6.69503
6.70505
6.70004
6.71506
6.69909
6.72007
6.72507
6.69599
6.71697
6.7091
6.70004
6.70099
6.7029
6.68907
6.72293
6.7358
6.68216
6.69408
6.70385
6.7091
6.71101
6.69718
6.706
6.71601
6.70195
6.69599
6.70886
6.70004
6.70409
6.68001
6.69384
6.69599
6.71792
6.69885
6.71601
6.71506
6.69718
6.69622
6.70004
6.70004
6.73294
6.70886
6.69503
6.71792
6.70791
6.69885
6.69599
6.69694
6.69909
6.70218
6.69813
6.706
6.69479
6.71601
6.72483
6.70004
6.70695
6.7029
6.7091
6.70981
6.70409
6.72221
6.70815
6.69289
6.69503
6.70314
6.69289
6.72007
6.72579
6.71911
6.69885
6.68693
6.70099
6.70004
6.7122
6.68621
6.69718
6.7122
6.69718
6.69885
6.69599
6.70791
6.70099
6.70505
6.71506
6.73199
6.70886
6.70505
6.7029
6.68788
6.69599
6.69193
6.69408
6.71911
6.69384
6.73294
6.69503
6.71792
6.7029
6.70314
6.71411
6.67691
6.69098
6.69003
6.69718
6.69622
6.69312
6.70695
6.6998
6.70195
6.69599
6.71005
6.72817
6.69003
6.68001
6.69098
6.70195
6.72102
6.7091
6.69694
6.69694
6.71387
6.706
6.70099
6.69789
6.71792
6.706
6.69408
6.69694
6.71721
6.71506
6.69217
6.70385
6.70505
6.69479
6.69098
6.7029
6.69789
6.69217
6.68502
6.69003
6.69122
6.69813
6.70481
6.71101
6.7029
6.71506
6.706
6.69408
6.69694
6.69599
6.72102
6.68716
6.69384
6.69789
6.706
6.69694
6.73795
6.71005
6.69193
6.69599
6.70195
6.70695
6.70314
6.69122
6.706
6.69909
6.72507
6.69909
6.70218
6.72078
6.70409
6.69289
6.69408
6.74701
6.70409
6.69312
6.69885
6.706
6.69003
6.70099
6.71005
6.69384
6.69789
6.69813
6.70695
6.68812
6.70385
6.71101
6.70505
6.69408
6.7029
6.71196
6.70004
6.72483
6.706
6.68502
6.69098
6.7029
6.68502
6.7091
6.71482
6.71101
6.69503
6.69098
6.70385
6.71911
6.7122
6.69599
6.71816
6.70099
6.70505
6.73985
6.68597
6.71506
6.70886
6.69599
6.69694
6.68478
6.69718
6.69312
6.68883
6.71387
6.71291
6.70695
6.68311
6.70719
6.69098
6.71911
6.72483
6.69289
6.70004
6.71196
6.71482
6.69909
6.68979
6.70195
6.70195
6.71411
6.70195
6.68502
6.69909
6.70695
6.72412
6.7091
6.68383
6.69694
6.7091
6.70099
6.71816
6.70695
6.70195
6.70195
6.70004
6.70099
6.68383
6.69718
6.72603
6.69599
6.71601
6.68693
6.69694
6.70719
6.70719
6.70314
6.72293
6.69885
6.70004
6.71101
6.70695
6.69789
6.68597
6.69098
6.69503
6.71721
6.72412
6.69599
6.69694
6.69122
6.69599
6.72793
6.69193
6.72317
6.70314
6.69384
6.69813
6.69599
6.706
6.70099
6.70505
6.69909
6.69885
6.70505
6.70695
6.69885
6.69003
6.70195
6.69909
6.706
6.72007
6.69789
6.7029
6.70409
6.70099
6.69718
6.706
6.70505
6.70695
6.72388
6.70695
6.7029
6.72007
6.69098
6.69813
6.71697
6.69885
6.71196
6.72793
6.70791
6.69098
6.70695
6.72007
6.71816
6.69217
6.69503
6.69193
6.71005
6.70981
6.69408
6.71816
6.706
6.70409
6.72007
6.70004
6.70981
6.70004
6.71196
6.71387
6.71601
6.71101
6.70505
6.70409
6.706
6.70505
6.68597
6.706
6.71411
6.69694
6.69289
6.69909
6.71196
6.69718
6.71291
6.72102
6.70815
6.69599
6.706
6.71196
6.70695
6.70218
6.706
6.69909
6.71291
6.69885
6.69694
6.72603
6.68788
6.69599
6.69503
6.70099
6.70218
6.706
6.70195
6.7091
6.74391
6.72293
6.71196
6.71792
6.69599
6.70099
6.69312
6.69384
6.69098
6.69789
6.69694
6.71101
6.70505
6.69909
6.72102
6.71601
6.71291
6.68502
6.7029
6.69098
6.68693
6.68502
6.71482
6.71911
6.68716
6.69312
6.70195
6.70385
6.69813
6.71291
6.70195
6.68597
6.7122
6.70791
6.71482
6.70004
6.69098
6.71697
6.71101
6.70791
6.72293
6.71387
6.69789
6.68311
6.70099
6.69909
6.70385
6.71387
6.72293
6.71315
6.69312
6.71697
6.67906
6.71887
6.69003
6.71291
6.71196
6.71196
6.71101
6.71005
6.69408
6.72293
6.71697
6.69098
6.69694
6.68883
6.70004
6.69479
6.71697
6.69193
6.6781
6.70385
6.72412
6.70099
6.69813
6.70195
6.6998
6.70409
6.73318
6.70099
6.706
6.69813
6.69312
6.69694
6.706
6.70385
6.70409
6.7091
6.70791
6.70195
6.69098
6.71196
6.71005
6.71887
6.70004
6.70719
6.70719
6.69599
6.69909
6.7029
6.72102
6.70481
6.70099
6.70004
6.70981
6.69813
6.69718
6.70409
6.71101
6.69289
6.71005
6.70099
