114.861
108.586
103.637
102.091
98.0742
93.771
97.1241
97.198
96.581
94.9881
95.4499
101.98
97.5761
94.631
95.6862
95.7239
94.6829
101.994
100.282
95.2809
94.975
95.7038
94.125
95.0191
101.554
101.108
103.39
99.5891
103.277
104.142
105.72
104.158
104.283
106.317
107.909
102.719
106.186
105.912
103.362
106.926
106.661
108.255
107.497
106.341
107.47
109.873
110.228
110.271
122.943
105.28
105.56
106.057
106.369
109.405
109.94
113.427
110.395
109.101
109.545
109.205
109.386
109.697
109.135
109.157
108.701
109.351
109.552
108.48
109.442
109.366
108.502
109.305
109.014
109.209
109.761
108.68
108.484
109.497
109.24
109.412
109.413
109.356
108.648
108.889
109.645
108.52
109.34
109.087
109.689
109.149
112.991
113.553
111.264
109.694
108.58
109.372
109.16
110.111
109.107
109.07
