113.162
103.096
103.012
103.098
103.125
103.159
103.412
103.455
103.056
103.084
103.067
103.096
103.42
103.433
103.146
103.086
103.281
103.485
103.185
103.125
103.089
103.111
103.104
103.091
103.188
103.186
102.949
103.102
103.133
103.017
103.07
103.132
103.046
103.056
103.069
103.104
103.068
103.046
103.072
103.071
103.007
103.086
103.137
103.027
103.026
103.074
103.161
103.131
102.989
103.142
102.979
103.038
103.031
103.135
103.07
103.087
103.111
103.074
103.102
103.133
103.09
103.076
103.16
103.142
103.115
103.078
103.103
103.135
103.077
103.107
103.081
103.067
103.069
103.09
103.107
103.059
103.087
103.048
102.991
103.051
103.041
103.011
103.107
103.17
103.026
103.208
103.239
103.151
103.161
103.143
103.009
103.068
103.164
103.155
103.094
103.135
103.097
103.101
103.135
103.016
