37.2448
31.8551
32.1581
31.3332
30.9739
31.5111
31.544
31.0531
30.8549
31.0581
31.0159
31.347
30.664
30.8681
31.2991
30.7579
30.9379
31.1592
30.9951
31.1131
30.6389
31.5681
30.9858
30.767
30.771
31.0609
31.317
30.6621
30.9951
30.9839
31.2932
30.6971
31.1601
31.0719
31.3079
30.8959
31.2612
31.0149
30.8471
31.0869
31.2059
30.648
31.1379
31.0471
30.93
30.793
30.8931
31.147
30.8812
31.018
31.0221
30.782
30.762
30.9908
30.7281
31.1811
31.019
30.905
30.7412
30.973
31.0779
31.162
30.8082
31.3931
31.2471
30.7932
30.874
30.875
30.7839
30.6239
30.9279
31.194
30.9649
31.3108
31.178
30.9491
30.8518
30.802
30.8988
30.803
30.926
31.3098
30.9529
30.741
30.8101
30.9811
31.2111
30.983
30.757
31.003
31.1558
31.3148
30.616
31.25
31.276
31.146
30.9291
31.1749
30.8418
30.89
31.2231
31.6739
31.152
31.532
31.3878
31.1191
30.982
31.5139
31.296
31.1401
31.1921
31.1899
31.06
31.086
30.9422
30.674
31.2622
31.1
31.4219
30.8659
30.9699
31.538
31.2612
30.9401
31.3129
31.0171
30.787
30.8869
31.1739
30.941
30.724
31.3261
31.219
30.947
30.844
31.0059
31.1301
31.2161
31.0891
31.1861
31.317
30.5119
31.477
30.9579
30.715
31.4951
31.049
31.5709
30.8161
31.1239
31.1139
30.874
30.545
31.306
31.3902
30.5991
31.1041
30.8261
30.9501
31.2259
30.884
30.8881
30.926
30.9861
30.8802
30.8571
31.0869
31.1871
30.833
31.2831
30.8161
30.829
30.735
30.9379
30.5209
31.0071
30.808
30.9381
31.2679
30.6389
31.2209
30.9939
30.9882
30.767
30.6261
31.085
30.9329
30.853
31.0049
31.0068
31.378
31.065
30.74
31.0531
31.498
30.8242
30.8599
31.445
31.003
30.8058
31.2219
31.1959
31.157
30.8888
30.9379
30.9649
31.3618
30.828
31.0018
30.9069
30.988
30.972
31.2941
30.9639
31.3098
31.369
31.086
30.9379
31.091
31.0819
30.8032
31.044
31.1089
30.7188
30.6439
31.0099
31.0819
31.2541
31.2669
31.975
30.822
30.786
30.925
30.93
31.0371
30.9951
31.2879
31.0822
31.333
31.081
31.2309
31.0068
31.1949
30.9489
30.7019
30.6952
31.0321
30.8681
31.1639
31.0221
31.179
30.9958
31.1949
31.3351
31.388
31.2989
30.6649
30.8011
31.2409
31.4519
30.6261
30.9331
31.3351
31.194
31.045
30.6571
31.8542
31.3382
30.8011
31.368
31.0969
30.9381
30.9799
30.7519
30.9858
31.265
31.0359
30.823
31.0862
31.2622
31.333
30.8619
31.3458
30.8352
30.6671
31.3148
31.0349
30.817
30.823
31.0299
30.8928
31.2879
31.0061
30.972
31.2722
30.9041
31.1999
31.4832
31.069
30.7779
30.9589
31.1432
31.0822
30.745
30.7231
30.9079
31.4379
31.0321
31.24
31.4929
31.081
31.2631
31.2932
31.3861
31.1611
30.9832
30.966
30.9272
30.946
31.1229
31.3551
31.1971
30.803
30.746
31.0318
31.286
31.029
31.3299
30.6239
31.1339
30.653
31.1821
31.297
31.141
30.9832
30.956
31.353
30.9429
31.3919
31.1248
31.194
31.168
30.8201
30.8371
30.9892
31.1551
30.757
30.8151
30.751
31.1499
30.771
30.838
30.7391
31.013
30.762
30.8192
31.2741
31.1191
30.8101
31.0481
31.2662
30.9629
30.968
30.942
30.7832
30.9291
30.762
30.6299
30.997
31.1542
31.0359
31.3721
31.1232
31.0171
30.895
30.7779
30.9958
30.74
31.3771
30.5228
30.803
31.029
31.148
30.982
31.4071
31.178
31.817
30.8251
31.4181
31.497
30.8189
31.055
31.0709
30.8518
31.1408
31.0071
31.004
30.942
31.1439
31.3051
31.4479
31.1539
30.6008
30.9639
30.987
30.8621
31.431
30.9749
30.9598
30.8979
31.476
31.0118
31.569
30.7581
30.9522
30.8599
31.0218
31.4009
31.2629
30.9939
31.2042
30.9391
31.065
31.266
31.049
30.761
31.1999
31.126
30.8611
30.827
30.9579
31.265
30.9491
30.901
30.7059
30.844
30.7381
31.512
31.2459
31.1439
30.7481
31.168
31.24
30.9701
31.1391
31.5211
31.095
31.038
30.9689
31.3671
31.1041
31.1172
31.6081
31.4391
30.6661
30.8471
31.1329
30.807
30.9551
30.9758
31.2159
30.9801
30.9851
30.9041
30.8521
31.0919
31.215
31.3649
30.9849
31.1239
31.4848
31.5459
30.8831
31.2312
31.3179
31.3072
30.694
30.947
31.2221
31.0721
31.285
30.751
30.8499
31.615
30.843
31.0419
31.095
30.7651
30.8142
30.7491
31.158
31.0211
31.3239
31.0969
30.8509
31.2171
30.899
31.57
30.772
31.6138
30.844
31.0571
31.3311
30.9141
31.1608
30.9849
31.697
31.3601
31.0891
30.987
31.0359
30.9439
31.0049
30.6981
31.3981
30.9269
31.58
31.3461
30.9732
30.894
30.874
30.863
30.6251
31.322
30.8239
30.6399
31.214
31.136
31.1072
30.735
30.7999
31.0349
30.7982
31.09
30.9329
31.4291
31.0001
30.7519
31.0051
31.3051
31.5249
30.9191
30.817
30.926
30.6261
31.1892
31.168
31.1
30.643
31.023
31.5909
31.0071
31.076
31.1961
31.0531
30.8321
31.2819
30.669
31.0969
31.0109
31.1279
30.6542
30.9601
31.0299
30.9298
30.942
31.215
31.0199
30.746
31.24
31.0779
31.3389
31.558
31.2841
31.2481
30.9792
31.0431
31.3618
31.049
30.7951
30.91
31.003
31.0619
30.623
30.8232
31.2171
30.9749
31.106
31.364
31.179
30.926
30.828
31.2741
31.0581
31.338
31.06
31.157
31.0769
31.1189
31.0268
31.0881
31.1739
30.6649
30.6759
31.2378
30.8888
31.0891
30.894
31.5759
30.782
30.9429
30.822
31.049
30.941
30.617
31.3301
31.1861
30.745
31.0662
30.9219
31.0471
30.967
30.978
31.09
30.724
30.7901
30.6401
31.0881
30.5409
31.2819
30.93
31.1279
31.131
31.2798
31.008
31.3911
31.1561
30.942
31.0259
31.1439
30.8471
30.755
30.9968
30.8759
31.0879
30.9579
30.9429
30.72
31.3709
30.7169
31.2819
31.0709
31.054
30.9641
30.7832
30.6971
31.1141
31.086
31.1601
31.2111
30.6671
31.0009
31.2121
30.911
31.275
31.0011
30.935
31.018
30.9398
31.3721
31.0051
31.6319
30.8521
31.1549
30.9391
31.256
31.0299
31.2111
30.828
30.8931
31.0979
31.3041
31.033
31.152
31.1501
31.183
31.1191
31.193
31.0662
31.2841
30.9422
30.7908
30.8609
30.8909
30.7019
31.075
30.6549
30.8988
31.745
31.5182
30.906
31.4071
30.6401
30.906
31.0519
31.3299
31.1949
30.71
31.1251
31.2231
31.3959
30.694
30.9231
31.081
31.095
31.004
31.2939
30.9241
30.7741
30.9579
30.962
31.0831
31.2731
30.8971
30.962
31.353
31.2631
30.7591
30.8571
31.255
31.1148
31.126
31.3261
31.5521
30.5729
31.6038
31.2021
30.9789
31.528
30.973
31.5289
31.179
31.399
31.1759
31.178
31.0531
31.1561
30.998
30.8969
31.1048
31.352
31.1141
31.2231
31.2428
30.8449
30.961
30.7269
31.059
31.229
31.565
30.8151
31.0762
30.9689
30.9269
30.6439
31.1699
31.0769
31.5368
30.8819
32.0871
30.864
30.8561
30.6921
31.3749
31.204
31.1248
31.2049
31.5008
30.9701
31.0669
30.915
31.3151
30.9539
30.8628
31.09
31.0621
31.2431
30.884
30.766
31.4121
30.7629
31.137
30.771
30.972
31.0051
30.597
30.88
31.04
31.1599
30.7479
30.9439
30.8959
31.198
31.142
31.0838
30.9241
31.2569
31.1849
30.549
31.0841
31.0981
30.8402
30.8499
30.894
31.2102
30.9989
30.973
30.7369
30.9031
31.0891
31.1029
31.1248
30.7479
30.7169
31.064
31.548
30.952
31.2121
31.378
31.239
31.0521
31.0612
31.116
30.946
31.3649
31.306
31.0671
30.9491
30.8449
31.106
30.8139
31.3981
31.61
31.2171
30.9811
30.859
31.0831
30.9041
31.2951
31.1978
31.0841
31.146
31.1542
31.2121
30.818
30.942
31.364
31.045
30.92
30.9629
31.1558
31.1589
31.5149
30.7958
31.2519
30.55
31.075
31.0071
31.3401
30.9188
31.0838
31.213
31.3461
30.9322
31.5759
30.937
31.0271
31.0621
30.9081
30.8862
30.823
31.0488
30.854
31.425
30.7629
30.947
30.9381
31.0781
31.2111
30.9331
30.947
30.9799
30.8759
30.9749
31.1489
31.6908
31.1759
31.101
30.8089
31.1821
30.6849
30.4391
30.88
31.2099
31.5232
31.5371
30.8881
31.1599
31.1589
31.2328
31.1129
30.8919
31.1689
30.9911
30.844
30.854
31.0671
31.1809
31.342
31.364
31.3759
31.471
31.0669
31.2219
31.034
30.468
30.756
31.6479
31.5809
31.147
31.059
31.2569
31.3089
30.9498
30.937
30.7548
31.09
30.8681
31.3129
31.0462
30.7269
31.055
31.054
31.147
31.1339
30.6039
31.0829
30.6489
30.9248
31.147
31.502
31.5161
31.527
30.9889
31.3039
31.215
31.2901
30.9989
31.1658
31.142
31.1911
31.2212
30.9842
31.1711
31.6219
30.9949
31.162
31.1251
31.4391
30.9091
31.0299
30.7539
31.1589
31.4589
31.1689
31.1348
31.081
31.045
30.9422
30.941
30.9169
31.3821
31.661
31.347
30.545
31.2369
31.1959
30.7879
31.199
31.7659
30.8752
30.803
30.582
31.2212
31.4519
30.8659
30.905
30.961
31.245
30.6849
