55.4368
54.4522
54.4391
54.0471
54.8661
54.9948
54.4691
54.672
54.9181
54.2521
54.9731
54.3258
54.508
54.3971
54.8811
54.6372
54.935
54.5399
55.064
54.673
54.6341
54.63
54.6498
54.63
54.5239
54.637
55.46
54.971
55.1701
55.0439
54.6501
54.374
54.6169
54.7011
54.7731
54.579
54.522
55.028
55.0449
55.083
54.7938
54.836
54.4839
54.796
54.6491
54.5158
54.7321
54.527
54.57
54.255
54.7299
54.5509
54.9541
54.8542
55.2962
54.513
54.863
55.2249
54.3258
55.186
55.145
54.6851
54.888
54.734
55.0389
55.094
54.9822
54.6679
54.806
54.4319
54.3971
55.0711
54.671
54.517
54.9209
54.61
54.481
54.585
54.9159
55.0561
54.1401
55.1319
54.6999
55.15
54.6741
54.5218
54.899
55.0079
54.389
54.5902
55.2292
54.7481
54.9381
55.4712
54.9872
54.6479
54.9991
54.5239
55.0461
54.7779
54.565
54.879
54.621
54.9409
54.4069
55.048
54.6172
55.1488
55.527
55.259
54.7318
54.4739
54.4989
54.5499
54.9641
54.2901
54.812
55.4819
54.765
55.5382
54.781
54.5421
54.657
54.7919
55.289
54.5681
54.94
54.6598
54.857
54.563
54.3489
55.2599
54.734
54.389
54.837
54.769
54.7929
55.9878
54.4219
54.4851
54.6782
54.671
55.1169
54.904
54.389
55.0699
54.9471
54.2841
55.0759
55.038
55.403
54.7421
55.1019
55.0928
54.7791
54.8849
54.975
54.7192
55.377
54.8561
54.728
54.9779
54.702
54.5292
54.5609
55.0499
54.785
54.528
55.2821
54.847
54.6391
54.8561
54.8649
54.6288
54.5061
54.6801
54.8029
54.6229
55.197
54.7361
55.3939
55.3751
54.6401
54.9889
54.899
54.8551
54.585
54.456
54.1809
54.3869
54.672
55.166
54.8022
54.9259
55.2359
54.6291
54.5661
54.662
54.1451
55.4421
54.935
54.6031
54.9512
54.9061
55.259
54.857
55.0201
54.5859
54.527
54.621
55.2192
54.395
55.5379
54.971
54.6062
54.3711
54.996
55.0919
54.7659
54.388
54.8942
54.857
54.884
54.6401
54.358
54.8089
55.1009
54.709
54.58
54.8029
54.7359
54.5809
54.512
54.5499
54.7628
54.563
54.661
54.8289
54.8689
54.7822
54.764
54.4479
54.5449
55.3999
55.028
55.3482
55.263
54.5321
54.7261
55.1369
55.4788
54.4529
55.0849
54.601
54.971
54.5621
54.8279
54.7469
54.4579
55.0201
54.7261
55.166
54.7841
55.2549
54.9769
54.601
54.986
55.254
54.651
55.0771
54.8551
54.7349
54.9729
55.443
55.3811
55.151
54.5101
55.1941
54.919
55.0809
54.7409
54.7678
55.7721
54.5781
54.888
55.5589
55.2611
54.9781
54.5931
54.8632
54.5731
54.3728
54.8689
54.7481
54.719
54.642
55.0432
54.5211
54.8639
54.5459
55.1701
55.274
54.5759
54.8749
54.8449
55.2089
55.09
54.986
55.001
54.6861
54.7841
54.703
55.306
54.8329
54.9228
54.2901
55.176
54.635
54.951
54.5919
54.9901
54.3151
54.482
54.8019
54.666
55.3691
54.6169
54.852
54.543
54.74
54.3301
54.4901
54.5852
54.625
55.119
55.0258
54.209
54.5731
55.1772
55.3401
54.8489
55.0549
54.7848
54.359
55.2218
54.3909
54.2209
54.5979
54.76
55.6722
54.5371
54.4062
54.496
54.5168
54.657
54.7402
54.7822
55.13
54.9068
54.822
54.656
54.6019
54.6658
54.5781
55.371
54.6548
54.636
54.5042
54.94
54.764
54.7171
54.877
54.841
54.904
55.31
54.883
54.6122
54.6021
54.6651
54.589
55.043
54.6649
55.095
54.594
54.9068
54.8189
54.487
54.9898
54.611
54.693
55.4352
55.063
54.2269
55.052
54.5771
54.539
54.904
54.7018
54.605
54.5611
54.636
54.4939
54.6319
54.95
54.544
54.5802
54.724
54.744
55.0411
55.413
54.848
54.5778
54.5621
55.1991
55.109
54.965
54.523
54.8558
55.3041
54.5142
54.642
55.012
54.605
55.3041
54.6591
55.084
54.5759
54.714
55.1388
54.3771
54.7061
54.9102
54.914
54.5461
54.9572
55.141
55.171
54.97
54.9519
54.4188
54.9719
54.7891
54.5681
54.7571
54.7521
54.5161
55.048
54.5011
54.6291
54.6539
54.9681
55.8472
55.203
54.719
54.538
55.397
54.9221
54.7662
54.6491
54.7481
54.5399
54.8248
54.9231
54.738
55.2061
54.5349
54.9569
55.002
55.0041
55.186
54.729
54.9681
54.6188
54.8871
54.3151
54.4448
54.486
54.6651
54.384
55.032
55.1438
54.265
55.1591
54.8201
55.1252
54.8761
54.9111
54.913
54.6198
54.611
54.7071
54.328
54.461
54.044
54.615
54.6291
54.774
54.8031
54.5971
54.7431
55.058
54.909
54.6579
54.9579
54.337
54.7302
54.605
54.3971
54.8532
54.589
54.455
54.6219
54.8098
54.57
54.733
54.867
54.7609
55.346
54.8921
55.4612
55.6021
55.0549
55.0649
54.2521
54.3861
54.77
55.028
54.7059
54.7569
54.7969
54.2469
55.1538
54.6341
54.8141
55.0902
54.6911
55.388
55.033
54.5831
54.467
54.848
55.5649
54.626
54.2521
54.543
54.7669
55.0361
54.8081
55.0079
54.281
54.97
55.1651
54.528
54.5311
54.4751
54.5659
54.6401
54.7369
54.9991
54.5759
54.5769
54.415
54.795
54.5909
55.3119
54.5609
54.985
54.775
54.1189
54.2629
54.7929
54.7559
55.047
54.75
55.3298
54.81
55.3331
54.7471
54.4751
54.77
54.5599
54.9479
54.9221
54.7791
54.894
54.9319
54.6579
55.5038
55.2139
55.0699
54.5609
54.656
54.7791
54.4629
54.925
55.0292
54.8542
54.6401
55.2039
54.5828
54.708
54.987
54.9631
54.7252
54.8201
54.4531
54.8542
55.011
54.625
53.987
54.3418
54.7571
54.78
54.94
54.59
55.1589
55.0301
54.702
54.6541
54.7371
55.064
54.8661
54.8851
54.415
54.78
54.6529
54.7001
54.8401
54.8222
55.0561
54.369
54.738
54.575
55.2711
55.1641
55.356
54.858
55.1679
55.2549
54.7631
54.5731
54.739
55.243
54.436
54.9769
54.8949
54.733
54.7581
55.526
54.493
54.9691
55.4609
54.8491
54.435
54.8809
54.7678
55.1479
54.626
54.9681
54.3671
55.212
55.223
54.611
55.1341
54.9872
55.3122
54.697
54.625
54.584
55.537
55.1131
55.0358
54.471
54.4221
54.9481
54.7619
54.373
54.5321
54.8551
54.904
54.7869
54.4789
54.9541
54.8429
54.8658
54.826
54.46
54.2669
54.7059
55.0389
54.2672
54.425
54.7581
55.145
55.1438
54.543
55.0852
54.245
54.9128
54.9829
54.7769
55.2108
54.7268
54.5359
55.1331
54.9581
54.769
55.1159
54.827
54.6401
54.3661
54.7121
55.3839
54.4231
54.646
54.9569
55.074
54.6081
55.1691
54.7838
54.8129
55.136
55.145
55.028
54.4579
54.0199
54.7948
54.266
54.9061
54.6851
54.6911
54.3761
54.4372
54.8701
54.5089
55.1131
54.415
55.068
54.724
54.78
54.9431
54.7121
54.3718
54.5359
54.44
55.2471
54.9028
54.6689
54.3621
54.8031
54.642
54.523
54.688
54.7709
55.016
54.5011
54.378
55.198
54.6169
54.5089
55.006
54.9469
54.888
54.662
55.2289
54.9171
54.2052
54.5621
54.3389
54.6281
54.7659
54.7011
54.7509
54.5421
54.229
54.636
55.1941
54.7621
54.9839
54.7519
54.558
55.1541
54.744
54.6422
54.512
54.8079
54.3969
54.7779
54.3361
54.8251
54.7421
54.915
54.2152
54.93
54.688
54.183
55.2518
54.7578
55.141
55.3031
54.6241
55.31
54.595
54.477
55.187
54.863
54.7099
54.796
54.7981
54.4832
55.2092
54.6651
54.7042
56.0009
54.3079
54.3852
55.063
55.3279
54.4419
54.7221
55.177
55.0652
55.8
54.867
54.4319
54.945
54.8978
55.223
54.5111
54.5349
54.2729
54.4989
54.877
54.846
54.8129
55.095
54.6091
54.734
54.9152
54.7671
54.7521
54.605
54.8239
54.3349
54.3699
54.378
54.498
54.9462
54.425
54.9848
54.6949
54.992
54.5862
54.6482
54.8291
55.223
54.5421
55.074
54.729
54.5831
54.7149
54.796
54.671
54.2269
54.9119
54.373
54.3871
54.9471
54.9591
55.3629
54.9111
54.6191
54.6808
54.6329
54.965
55.1231
54.281
54.3818
54.4128
54.8279
54.7152
54.436
54.6639
54.811
55.0461
54.8301
55.1212
55.1341
54.446
54.6739
54.5211
54.8799
55.3811
54.5609
54.8611
54.425
55.0022
54.786
54.2159
55.171
54.6679
54.2831
54.6591
54.8611
54.5359
54.826
54.569
55.2099
54.6858
55.177
54.3981
54.8038
55.016
55.0182
55.0551
55.13
54.4531
54.5781
55.207
55.095
54.8489
54.635
54.5909
55.234
54.8911
54.775
54.2531
54.9111
54.6591
54.8081
54.5881
54.44
54.6579
54.6091
54.616
54.4069
54.6918
54.7209
54.544
54.9829
54.7819
54.7888
55.1291
54.683
54.718
54.739
54.6491
54.704
54.5659
55.4979
54.9009
54.812
54.935
54.796
54.606
54.5921
54.693
54.6789
54.374
54.9028
54.651
54.976
55.517
55.357
54.3602
54.472
54.364
55.0551
54.8661
55.928
54.8189
54.95
54.204
54.302
55.28
54.759
54.9359
54.6629
54.512
54.7569
55.002
55.0561
54.909
54.8398
54.3709
55.0339
55.012
54.811
54.5309
55.1841
55.0671
54.934
55.2499
54.9009
54.961
54.487
54.862
54.9099
54.6739
54.6691
