97.8911
92.0892
94.481
95.5148
92.4039
92.464
91.933
90.8668
93.4861
95.7279
95.5548
95.4542
97.7449
100.588
100.438
100.482
100.524
110.149
109.938
101.208
101.286
101.443
100.896
101.456
109.063
102.43
101.204
106.165
106.188
105.578
105.452
113.144
113.824
109.091
105.339
105.374
105.464
108.152
111.365
107.407
106.696
106.754
112.415
116.152
115.204
110.311
110.028
113.367
115.93
115.105
114.8
114.889
115.251
114.906
115.118
120.67
120.438
120.37
123.477
124.712
122.229
122.176
122.049
122.241
127.122
127.287
122.24
122.05
122.178
126.259
127.084
121.162
121.145
121.064
121.03
121
121.174
121.038
121.044
123.704
126.161
120.179
120.7
120.762
120.826
120.753
120.641
121.798
122.475
122.554
122.068
122.158
122.034
122.014
122.027
121.989
122.002
122.007
122.029
122.185
