2648953
2649330
2354843
2270078
2254114
1949166
1943277
1937661
1932335
2364619
3063618
3079579
3062292
3045430
3029019
3013030
3091855
4991402
5114360
5076120
5205096
9046662
8886739
16852316
66971898
4061326310
9337066
4987289
4473966
2727995
2446807
2483434
2516457
1428002
1449387
1471076
1493110
1515457
1538151
1561173
1011235
971748
986304
1001066
1016050
1031258
1046709
1062370
1025696
716871
727605
738496
507377
380387
386083
391865
397728
403685
409727
415861
422088
428406
434821
441329
447938
454643
461450
468358
475369
482491
489708
425767
252245
256017
259851
263740
267692
271696
275765
279892
284087
288336
292652
297035
301481
305998
310575
315231
319944
324735
329596
334530
339544
344622
349781
355018
360339
365728
371203
1
