0.00000000000000000000000000000000
0.01486021559685468673706054687500
0.02972043119370937347412109375000
0.04458064585924148559570312500000
0.05944086238741874694824218750000
0.07430107891559600830078125000000
0.08916129171848297119140625000000
0.10402151197195053100585937500000
0.11888172477483749389648437500000
0.13374193012714385986328125000000
0.14860215783119201660156250000000
0.16346238553524017333984375000000
0.17832258343696594238281250000000
0.19318279623985290527343750000000
0.20804302394390106201171875000000
0.22290323674678802490234375000000
0.23776344954967498779296875000000
0.25262367725372314453125000000000
0.26748386025428771972656250000000
0.28234410285949707031250000000000
0.29720431566238403320312500000000
0.31206452846527099609375000000000
0.32692477107048034667968750000000
0.34178495407104492187500000000000
0.35664516687393188476562500000000
0.37150537967681884765625000000000
0.38636559247970581054687500000000
0.40122580528259277343750000000000
0.41608604788780212402343750000000
0.43094626069068908691406250000000
0.44580647349357604980468750000000
0.46066668629646301269531250000000
0.47552689909934997558593750000000
0.49038711190223693847656250000000
0.50524735450744628906250000000000
0.52010756731033325195312500000000
0.53496772050857543945312500000000
0.54982799291610717773437500000000
0.56468820571899414062500000000000
0.57954841852188110351562500000000
0.59440863132476806640625000000000
0.60926884412765502929687500000000
0.62412905693054199218750000000000
0.63898926973342895507812500000000
0.65384954214096069335937500000000
0.66870975494384765625000000000000
0.68356990814208984375000000000000
0.69843012094497680664062500000000
0.71329033374786376953125000000000
0.72815054655075073242187500000000
0.74301075935363769531250000000000
0.75787097215652465820312500000000
0.77273118495941162109375000000000
0.78759139776229858398437500000000
0.80245161056518554687500000000000
0.81731182336807250976562500000000
0.83217209577560424804687500000000
0.84703230857849121093750000000000
0.86189252138137817382812500000000
0.87675273418426513671875000000000
0.89161294698715209960937500000000
0.90647315979003906250000000000000
0.92133337259292602539062500000000
0.93619358539581298828125000000000
0.95105379819869995117187500000000
0.96591401100158691406250000000000
0.98077422380447387695312500000000
0.99563443660736083984375000000000
1.01049470901489257812500000000000
1.02535486221313476562500000000000
1.04021513462066650390625000000000
1.05507528781890869140625000000000
1.06993544101715087890625000000000
1.08479583263397216796875000000000
1.09965598583221435546875000000000
1.11451625823974609375000000000000
1.12937641143798828125000000000000
1.14423668384552001953125000000000
1.15909683704376220703125000000000
1.17395710945129394531250000000000
1.18881726264953613281250000000000
1.20367753505706787109375000000000
1.21853768825531005859375000000000
1.23339784145355224609375000000000
1.24825811386108398437500000000000
1.26311826705932617187500000000000
1.27797853946685791015625000000000
1.29283869266510009765625000000000
1.30769908428192138671875000000000
1.32255923748016357421875000000000
1.33741950988769531250000000000000
1.35227966308593750000000000000000
1.36713981628417968750000000000000
1.38200008869171142578125000000000
1.39686024188995361328125000000000
1.41172051429748535156250000000000
1.42658066749572753906250000000000
1.44144093990325927734375000000000
1.45630109310150146484375000000000
1.47116136550903320312500000000000
1.48602151870727539062500000000000
