7.47323
7.46799
7.43818
7.44605
7.4451
7.46608
7.43985
7.41386
7.49207
7.42078
7.46393
7.44295
7.40099
7.51305
7.43508
7.41005
7.42197
7.45106
7.46417
7.43413
7.41887
6.81496
5.07998
5.0931
5.11408
5.04494
5.06616
5.01895
5.06115
4.98605
4.96793
4.97317
4.96197
4.99487
4.98891
4.97317
4.9901
4.98509
4.97198
4.95815
4.97293
5.00011
4.99511
5.00798
4.9932
5.01609
4.98295
4.9839
4.98414
4.95696
4.98915
4.98796
4.98509
4.9572
4.99296
4.98509
4.98199
4.98605
4.99487
4.98319
4.98796
4.97413
4.98796
4.987
5.02801
5.00298
4.98009
4.97508
4.96697
4.9808
4.97699
4.97007
4.98009
4.94003
4.99701
4.987
4.97699
4.98199
5.00798
4.97413
4.99392
4.98104
4.97699
4.95505
4.98796
4.99105
4.97699
4.96507
4.96387
4.99082
4.95791
4.98486
4.97985
4.97389
4.94719
4.98509
4.99606
4.96197
4.95696
4.95505
4.98295
4.96387
4.9932
4.96984
4.96602
4.97317
4.9839
4.97389
4.97913
4.97413
5.00989
4.9789
4.95815
4.99487
4.96888
4.96888
4.96912
4.97603
4.99701
4.97913
4.97293
4.97103
4.98104
4.98104
4.97389
4.98891
4.98915
5.00607
4.97699
4.96006
4.97508
4.97508
4.99511
4.96912
4.98009
4.98009
4.99201
5.00894
4.97293
5.01084
4.99797
4.98891
4.98605
5.00488
4.99797
4.97007
4.98414
4.99582
4.96984
4.97293
4.99201
4.97198
4.99201
4.98104
4.97007
4.96006
4.99821
5.00393
4.97198
4.95601
4.99916
5.00703
4.98104
4.97317
4.97389
4.98605
4.98891
4.96316
4.96292
5.0168
4.98605
4.9839
4.99701
4.987
4.96292
4.97699
4.96101
4.97603
4.99606
4.98009
4.96602
4.95982
4.99392
4.98199
4.96006
4.97293
4.96411
5.00894
4.9839
4.98009
4.97699
5.00202
4.97317
4.96006
4.97699
4.95815
4.9839
4.98891
4.96697
4.98819
4.97103
4.98796
4.96697
4.96507
5.10097
5.07092
5.08595
5.10883
5.13506
5.14698
5.13506
5.15413
5.15413
5.13697
5.13911
5.14102
5.14102
5.13291
5.14817
5.13911
5.14293
5.13816
5.16391
5.14507
5.13101
5.13005
5.13387
5.15389
5.13911
5.15008
5.12815
5.10097
5.11503
5.07617
5.09906
5.09501
5.07307
5.09381
5.09596
5.10502
5.11098
5.08404
5.07593
5.07903
5.10716
5.07283
5.06902
5.06711
5.04613
5.03802
5.04804
5.02801
5.03206
5.04303
5.0199
5.01108
5.05114
5.02896
5.04398
5.02491
5.03707
5.03707
5.03206
5.02801
4.97484
4.99487
4.96292
4.95005
4.96912
4.98605
4.97389
4.96984
4.96387
5.00798
4.97103
5.00989
5.054
5.03588
5.01895
5.03993
5.04303
5.03612
5.02992
5.01895
5.02706
5.03612
5.00894
5.03707
5.0478
5.03492
5.04017
5.00607
5.01299
5.04899
5.03516
5.04994
4.98891
4.98295
4.97484
4.97484
4.97103
4.9479
4.99487
4.987
4.97794
4.9541
4.95601
4.96793
4.98986
4.96197
4.9839
4.97317
4.97103
4.987
4.97818
4.987
4.98819
4.9901
4.97103
4.987
4.99606
4.97317
4.99105
4.98486
4.97293
5.00107
4.99105
4.99105
4.97413
4.97103
4.97198
4.99201
4.97103
4.97508
4.95601
5.02515
4.98986
4.98414
5.00107
5.00011
4.98891
4.95386
4.96292
5.00607
4.98009
4.98104
4.97293
4.9758
4.97484
4.97794
4.987
4.95696
4.9901
4.98486
4.97603
4.98796
5.00107
4.9808
4.96984
4.94885
4.97293
4.98199
4.9789
4.96292
4.99606
5.03612
5.01513
5.04088
5.00989
5.06496
5.05495
5.04303
5.01204
5.0118
5.01084
5.02086
5.04708
5.02396
5.0509
5.05185
5.03087
5.02801
5.02586
5.02801
5.0261
5.0261
5.0199
5.03588
5.05614
5.0261
5.00298
5.03182
5.03397
4.99892
5.03111
5.05996
5.06592
5.03802
5.04422
5.0199
5.01704
5.02491
5.04899
5.01704
5.04017
5.06592
5.02396
5.05304
5.02419
5.02586
5.00703
5.00798
5.03898
5.03683
5.00298
5.06401
4.99392
5.09095
5.08285
5.09286
5.10621
5.10192
5.08595
5.08213
5.07784
5.09381
5.07879
5.08904
5.09
5.08714
5.08404
5.12409
5.09405
5.10406
5.11312
5.10716
5.11003
5.10097
5.09119
5.0931
5.11289
5.09596
5.11098
5.10812
5.10001
5.10001
5.11098
5.10383
5.10597
5.10406
5.08094
5.06592
5.07307
5.03802
5.04017
5.04303
5.03683
5.0199
5.03802
5.03683
5.02682
5.0478
5.04899
5.03898
5.01609
5.03302
5.03993
5.01895
5.04899
5.01609
5.054
5.00989
5.04494
5.03707
5.01895
5.06401
5.01299
5.04613
5.01204
5.04088
5.05185
5.0559
5.01013
5.01704
5.02896
5.03707
5.02992
5.03087
5.01013
5.01895
5.01299
5.054
5.01418
5.0509
5.04613
5.03707
5.04112
4.97794
4.9808
4.99487
4.97484
4.99392
4.99821
5.01204
4.98605
5.01394
4.97913
4.97007
5.01394
5.03898
5.00989
5.02491
5.0602
5.0149
5.03397
5.01609
5.0261
5.04804
5.04208
5.04303
5.02396
5.02396
5.03898
5.0509
5.03087
4.95815
4.97389
4.96006
4.97389
4.97389
4.97317
4.99201
4.98891
4.98009
4.97103
5.00607
4.96006
4.97007
5.00202
5.00798
4.99105
4.95887
4.97103
4.97508
5.00298
4.97603
4.99415
4.98509
4.98486
4.96578
4.97699
4.95696
4.97413
4.99797
4.96888
4.96912
4.98295
4.99415
4.98104
4.99105
4.98796
4.97103
4.96316
4.96984
4.95982
4.9839
4.99105
4.98199
4.96888
4.97699
4.97293
4.95696
4.96793
5.00393
5.03516
5.03707
5.02491
5.00083
5.02682
5.04994
5.02515
5.0211
5.04804
5.00989
5.023
5.059
5.04112
5.00107
5.05304
5.04804
5.01204
5.00202
5.01895
5.02205
5.00107
5.02205
5.04613
5.03802
5.00607
5.0602
5.0211
5.02801
5.04804
5.05614
5.04303
5.00107
5.05209
5.03302
5.01513
5.03683
5.04088
5.04184
5.05304
5.03111
5.03492
5.04112
5.00894
5.0509
5.02205
5.04398
5.02896
5.05304
5.09
5.10406
5.09286
5.08595
5.0931
5.07402
5.08499
5.08213
5.07212
5.09405
5.09095
5.08881
5.09095
5.08809
5.08308
5.09191
5.09
5.08308
5.10406
5.08904
5.06902
5.09405
5.07498
5.08785
5.07593
5.08094
5.0931
5.05805
5.03922
5.00989
5.04303
5.0509
5.03302
5.02586
5.03087
5.05996
5.04303
5.0211
5.03397
5.0211
5.00989
5.04088
5.04589
5.05114
5.03397
5.023
5.02205
5.05304
5.04804
5.02396
5.02992
5.00011
5.03016
5.03993
5.00512
5.00512
5.0211
5.02896
5.06401
5.03683
5.03993
5.01895
5.02491
5.03612
5.01299
5.0509
5.03516
5.03302
5.01704
5.02515
5.01895
5.023
5.0199
5.02586
5.00798
5.03492
5.04804
5.02491
5.018
5.03898
4.99797
5.0211
5.02205
5.01609
5.04112
5.04804
5.01704
5.04184
5.0149
5.0168
5.04494
5.03516
5.01704
5.0149
5.06186
5.01585
5.03087
5.03302
5.054
5.01895
5.01704
5.03802
5.03302
5.05805
5.018
5.03206
4.99701
5.03087
5.03612
5.018
5.05686
5.03683
5.03302
5.05185
5.03588
5.0168
4.99392
5.00202
4.9758
4.95982
4.95696
4.96411
4.9541
4.97508
5.01394
4.9932
4.98009
4.9839
5.03683
5.05495
5.02682
5.03683
5.01585
5.03492
5.04112
5.01394
5.02682
5.02896
5.06306
5.01895
5.04398
5.0261
5.01204
5.03087
5.03802
5.03302
5.04112
5.03111
5.02586
5.03397
4.99582
5.02586
5.03588
5.03302
5.03802
5.03492
5.01418
5.04303
5.05304
5.05209
5.02014
5.01704
5.03397
5.02205
5.00107
5.03206
4.97484
4.97794
4.96316
4.98295
4.99296
5.023
4.98104
4.99511
5.018
5.00607
4.99701
5.02896
4.99892
5.01895
4.99701
5.01895
4.99797
5.00989
5.00894
4.99511
5.00512
5.03707
5.00703
4.95601
4.97103
4.97794
4.97699
5.00107
4.99201
4.98199
4.98891
5.02706
5.04398
4.99487
5.03302
5.02396
5.02682
5.04708
5.03993
5.04494
5.02801
5.02491
5.0261
5.04208
5.02801
5.03993
5.03302
5.03016
5.04589
5.03182
5.02801
5.04112
5.03111
5.04088
5.01585
5.06091
5.04208
5.01704
5.04804
5.05304
5.03707
5.03111
5.04899
5.0149
5.02396
5.05614
5.054
5.04208
5.05018
5.02205
5.03588
5.02992
5.00607
5.01704
5.03802
5.04017
5.023
5.04208
5.00298
5.0261
5.01609
5.04589
5.04589
5.04589
5.03206
5.0211
5.04804
5.02586
5.04398
5.04398
5.01394
5.02896
5.03898
5.01704
5.05018
5.04398
5.03707
5.023
5.04398
5.04112
5.03707
5.02014
5.01895
5.05614
5.02801
5.04303
5.05996
5.01513
5.03588
5.04899
5.04494
5.04303
5.05304
5.02706
5.03302
5.03111
5.04398
5.02992
5.02396
5.018
4.99201
4.97389
4.96817
4.96411
4.97699
4.96721
4.98605
5.023
5.07212
5.04994
5.03516
5.01895
5.04303
5.03516
5.00202
5.00298
5.02777
5.01299
5.02706
5.0261
5.0211
5.04303
5.03612
5.03802
5.00298
5.06401
5.05209
5.03397
5.03802
5.03302
5.03802
5.04899
5.03707
5.01299
5.03206
5.04708
5.04613
5.04184
5.0509
5.02205
5.02419
5.03111
5.05304
5.03802
5.02896
5.00679
5.03492
5.03683
5.04303
5.03182
5.054
5.01609
5.0509
5.05686
5.04208
5.04112
5.05805
5.01513
5.01609
5.05996
5.04303
5.02419
5.0509
4.99177
4.99487
5.02706
5.02706
5.02205
5.02491
5.01204
5.04088
5.03111
5.01204
5.03802
5.01394
5.02896
5.03516
5.0211
5.03993
4.99392
5.03182
5.03397
5.01299
5.04398
5.03302
5.03707
5.03492
5.02396
5.02706
5.03302
5.03397
5.02205
