223.953
211.997
212.487
212.464
213.085
213.224
213.12
213.152
212.858
213.083
212.706
212.721
212.876
212.378
212.193
212.315
211.622
211.953
211.556
211.605
211.417
211.286
211
210.963
210.81
210.938
211.11
210.697
210.523
210.443
210.391
210.867
210.596
210.489
208.465
208.782
208.819
208.63
208.205
208.083
208.066
207.874
207.795
207.775
207.734
207.878
207.835
207.745
207.839
207.682
207.706
207.799
207.684
207.799
207.685
207.765
207.639
207.741
207.793
207.807
207.843
207.694
207.862
207.58
207.635
207.778
207.572
207.728
207.8
207.805
207.684
207.659
207.85
207.808
207.832
207.642
207.765
207.759
207.823
207.784
207.687
207.616
207.857
207.752
207.685
207.842
207.843
207.871
207.749
207.605
207.721
207.64
207.866
207.83
207.765
207.693
207.682
207.791
207.711
207.687
