11.533
11.4648
11.4861
11.4901
11.476
11.4739
11.507
11.4958
11.5111
11.5209
11.5249
11.5201
11.4949
11.5309
11.512
11.502
11.5039
11.4961
11.5261
11.548
11.5092
11.534
11.5192
11.5361
11.534
11.5011
11.5151
11.518
11.533
11.5292
11.5201
11.5459
11.5449
11.524
11.524
11.543
11.528
11.518
11.543
11.5409
11.5311
11.5311
11.548
11.5368
11.543
11.5359
11.5499
11.5352
11.58
11.534
11.553
11.5461
11.5521
11.5469
11.555
11.559
11.5461
11.5662
11.5569
11.553
11.5609
11.586
11.5469
11.553
11.559
11.5459
11.5631
11.5469
11.543
11.595
11.554
11.5709
11.559
11.5578
11.5521
11.565
11.58
11.564
11.58
11.5559
11.5809
11.574
11.5571
11.5671
11.565
11.574
11.5719
11.5581
11.5712
11.565
11.5449
11.591
11.5731
11.5709
11.5688
11.569
11.5921
11.5938
11.565
11.564
11.553
11.5628
11.585
11.6079
11.5681
11.569
11.5728
11.5731
11.5659
11.5609
11.5499
11.5619
11.559
11.5609
11.555
11.5681
11.5759
11.59
11.5621
11.585
11.5881
11.5869
11.575
11.61
11.585
11.5869
11.575
11.59
11.5879
11.5781
11.591
11.5941
11.6019
11.5731
11.5709
11.5719
11.6119
11.5912
11.575
11.585
11.6122
11.605
11.575
11.5771
11.585
11.58
11.5812
11.6
11.605
11.59
11.6189
11.5881
11.595
11.5881
11.5831
11.584
11.575
11.6272
11.591
11.6169
11.601
11.5869
11.591
11.5891
11.5919
11.5969
11.5812
11.6141
11.5759
11.59
11.596
11.5891
11.6038
11.6031
11.6069
11.6379
11.5981
11.5788
11.5881
11.601
11.5938
11.5981
11.6472
11.59
11.595
11.5972
11.595
11.6119
11.6251
11.637
11.6119
11.5681
11.6041
11.5721
11.601
11.585
11.584
11.5991
11.575
11.58
11.585
11.58
11.611
11.605
11.5941
11.6088
11.595
11.605
11.59
11.5879
11.6081
11.6189
11.621
11.5991
11.611
11.5869
11.59
11.5919
11.601
11.61
11.6169
11.5929
11.6129
11.6081
11.6239
11.606
11.5919
11.6022
11.611
11.62
11.6091
11.615
11.6
11.6
11.6038
11.6069
11.6031
11.611
11.5991
11.6141
11.6022
11.6019
11.606
11.6012
11.6
11.606
11.6091
11.6031
11.6169
11.6241
11.5988
11.637
11.6241
11.6138
11.6041
11.6231
11.6129
11.6129
11.6279
11.606
11.5969
11.6189
11.637
11.6222
11.6181
11.6019
11.5869
11.6131
11.5988
11.6072
11.6122
11.6138
11.6031
11.605
11.622
11.626
11.6229
11.6241
11.6029
11.6429
11.6239
11.6181
11.6038
11.6131
11.6079
11.631
11.642
11.6119
11.6301
11.6301
11.59
11.622
11.6169
11.606
11.61
11.6358
11.682
11.6122
11.6119
11.631
11.6401
11.6279
11.6401
11.6091
11.6041
11.6172
11.6189
11.6501
11.6012
11.6382
11.621
11.6432
11.6112
11.636
11.616
11.615
11.6079
11.6341
11.6119
11.6069
11.6138
11.5931
11.615
11.601
11.6038
11.6169
11.611
11.6141
11.6179
11.615
11.622
11.6179
11.6539
11.642
11.636
11.6189
11.6391
11.615
11.632
11.6169
11.6129
11.6479
11.6041
11.615
11.6191
11.6191
11.6
11.636
11.615
11.6289
11.642
11.6451
11.632
11.6098
11.6091
11.6
11.6251
11.631
11.622
11.6179
11.615
11.6191
11.6251
11.6231
11.6222
11.632
11.627
11.631
11.6141
11.6279
11.5979
11.6241
11.6129
11.627
11.606
11.6301
11.6229
11.6191
11.631
11.627
11.6251
11.6091
11.6251
11.622
11.626
11.6229
11.6332
11.6479
11.6498
11.6329
11.621
11.606
11.611
11.616
11.6248
11.6081
11.6351
11.6389
11.641
11.6069
11.6291
11.6119
11.6198
11.6081
11.6122
11.6408
11.641
11.637
11.641
11.6239
11.6129
11.621
11.6091
11.6169
11.6091
11.6231
11.651
11.6522
11.616
11.6169
11.61
11.6231
11.6122
11.6191
11.6069
11.6291
11.6041
11.62
11.6048
11.6181
11.6088
11.6291
11.6289
11.6279
11.631
11.6141
11.6072
11.6658
11.626
11.6351
11.6229
11.6069
11.6229
11.6141
11.626
11.632
11.6398
11.6739
11.6241
11.662
11.646
11.631
11.6279
11.646
11.616
11.632
11.6189
11.6189
11.6329
11.6301
11.6138
11.627
11.6282
11.6282
11.6351
11.6339
11.6131
11.6079
11.627
11.6501
11.622
11.6389
11.622
11.6229
11.6329
11.6282
11.6341
11.631
11.6401
11.6339
11.632
11.6169
11.6169
11.6339
11.658
11.647
11.6251
11.6289
11.6391
11.621
11.6341
11.642
11.647
11.6429
11.62
11.6379
11.62
11.62
11.652
11.6272
