59.731
54.7421
54.605
54.3079
54.4269
54.58
54.6889
55.1112
54.337
54.692
55.027
54.755
54.698
54.6842
54.894
54.801
54.59
54.795
54.6579
54.9281
54.822
55.0461
55.0411
55.1412
55.053
55.0232
55.059
54.4269
54.848
54.8689
55.068
55.002
54.8038
54.5769
54.8909
54.6391
54.812
54.3251
55.3842
54.6901
54.6069
54.929
54.79
54.615
54.6041
54.4341
54.337
54.9209
54.7259
55.1629
54.745
54.7531
54.544
54.672
54.6479
54.652
54.719
54.5418
54.4741
54.472
54.657
54.6091
54.6279
54.6439
54.4641
54.5981
54.9419
54.8611
55.0351
54.7941
55.3
55.0091
55.048
54.4999
54.647
55.14
54.7619
54.7359
54.8971
55.007
54.8899
55.1372
54.8201
54.6751
54.9321
54.862
54.6501
54.575
54.7051
54.9831
54.7481
54.868
54.7769
54.4019
54.579
55.038
54.6119
54.8949
55.228
54.553
54.5602
54.698
54.4438
54.4751
54.9061
54.6112
55.1729
54.801
55.1732
54.27
54.801
54.996
54.776
54.9569
54.6
54.5399
54.5149
54.6479
54.7168
54.796
54.7512
54.8019
54.7729
54.4939
55.568
55.0158
54.486
54.981
54.5058
55.0249
54.5819
55.1391
54.5619
54.755
54.5881
54.996
54.6811
54.611
54.5361
54.7211
54.8401
54.646
55.238
54.966
54.9042
54.971
54.425
54.913
54.5459
54.9581
54.7411
54.5321
54.4801
54.605
55.012
55.023
54.8708
54.471
54.8511
54.6949
54.8251
54.5318
55.1491
54.39
54.4119
54.5969
54.8389
54.4848
54.5409
54.678
54.6572
54.8069
55.4371
54.692
54.4338
54.168
54.369
54.6999
54.7409
54.8539
54.863
54.5421
54.8179
54.745
54.5659
55.2049
54.6598
55.0869
55.0361
54.7121
55.052
54.5402
54.292
54.831
54.466
54.704
54.2722
54.3699
54.8871
54.9991
54.6422
54.426
54.543
54.7671
55.1271
54.791
54.7168
54.6269
54.6598
54.8069
54.9259
54.5628
54.7581
55.1851
54.544
54.4541
54.894
54.3599
55.2769
54.6901
54.477
54.5521
54.8079
54.59
54.8241
54.9111
54.4369
54.667
54.671
54.8491
54.6329
54.7979
54.6319
54.8239
54.5568
54.5499
54.8499
54.508
54.801
54.7559
54.9009
54.419
54.9109
55.2678
54.7841
55.0859
54.4212
54.6601
55.006
54.9269
54.6758
54.812
54.7912
54.3799
55.0311
54.7631
54.8208
54.7659
54.965
54.776
54.527
55.161
54.528
54.8441
54.796
54.744
54.879
54.826
54.8229
54.7161
54.966
54.426
54.847
54.9612
55.0261
54.8589
54.697
54.5709
55.126
54.558
55.0518
55.1059
54.8751
54.5731
55.0952
54.7261
54.4469
54.7171
54.908
54.8148
54.791
54.4991
54.9622
54.5321
54.9378
54.9579
54.8339
54.7149
54.5158
54.4369
54.877
55.0709
54.631
54.4419
54.5311
54.2831
55.012
54.754
55.1291
54.991
54.899
54.5871
54.637
54.6281
54.553
54.7469
54.7349
54.646
54.7101
54.9531
54.8301
54.8081
54.652
54.467
54.9929
54.9161
54.7261
54.7228
54.635
54.8031
54.61
54.919
54.831
54.2641
54.7419
54.6949
54.4159
54.7309
54.6849
54.6908
54.6169
55.1729
54.6489
54.3232
54.769
54.8091
54.7681
55.0871
54.6048
54.647
54.76
54.8401
54.4631
54.8711
54.4131
55.2008
55.059
54.4381
54.5702
54.826
54.369
54.7202
54.7049
54.713
55.0501
54.7161
55.0802
54.6119
54.975
54.831
54.924
54.955
55.1052
54.9281
55.0542
54.487
54.8749
54.7009
54.755
54.7211
55.047
54.7988
54.575
55.0499
54.9002
54.7299
54.6031
54.3602
54.7159
54.7769
54.7829
54.5299
54.585
54.8871
54.857
54.8351
54.3709
54.671
54.5032
55.0361
54.584
54.774
54.6601
54.6141
54.667
54.661
55.037
54.6279
54.837
55.0339
54.5731
54.76
54.7578
55.0799
54.858
54.3911
54.801
54.7669
54.8589
54.7659
54.8911
54.4398
54.6589
54.7581
54.507
54.5249
54.9021
54.8608
54.5499
55.3088
54.812
54.6572
54.4791
55.1879
54.6
54.3492
54.8041
54.8391
54.764
54.8182
54.805
54.579
54.9099
54.2269
54.4479
54.8449
54.5959
54.667
55.2371
54.518
55.0418
54.965
54.6541
54.3571
54.9929
54.3878
54.7309
54.1949
54.9159
54.8348
54.9679
54.2889
55.001
55.2812
55.011
54.5712
54.7981
54.652
54.9691
54.9071
54.4071
54.76
54.915
54.6689
54.7862
54.945
55.2218
55.1469
54.6539
54.7018
54.919
54.7922
54.5781
54.913
54.827
54.9049
54.8069
54.8239
55.073
54.554
54.6229
54.9929
54.9769
55.0849
54.9922
54.462
54.7979
54.426
54.7709
54.498
54.4951
54.949
54.405
54.749
55.16
54.4569
54.9569
55.167
54.81
54.9359
54.4231
54.93
54.8501
54.661
54.5878
54.8909
54.8151
54.5552
54.667
54.6091
54.915
54.8282
54.5621
54.4281
54.692
54.512
54.7612
54.9879
54.93
54.862
54.8
54.368
54.5418
54.7609
54.8942
55.001
54.652
55.1889
54.3509
54.9719
54.749
54.9419
55.1231
54.553
54.44
54.7321
54.9059
54.4372
54.5352
54.6591
54.7462
54.657
54.842
54.9562
54.683
54.9521
55.2909
54.311
54.2002
54.852
54.7099
54.4789
54.7299
54.8611
54.527
54.549
54.714
54.7631
54.821
54.7421
54.4682
54.6181
55.037
54.8499
54.8809
54.7428
54.7819
54.6789
54.9028
54.4879
54.46
54.8172
54.7919
54.7781
54.2331
55.3091
54.7278
54.4651
54.6939
55.095
54.8079
54.7199
54.6682
54.446
54.636
54.81
54.8491
54.7352
54.832
54.3759
54.6479
54.9381
54.672
54.9691
54.424
54.5058
54.4729
54.5189
55.0749
54.8992
54.7791
54.7171
54.5349
54.493
54.5731
55.4502
54.899
54.7481
54.934
54.3759
54.7419
55.2521
54.4262
55.2502
54.5151
54.6231
54.914
54.9769
54.354
54.9631
54.486
54.734
54.7609
54.682
54.466
54.991
54.944
55.09
54.7452
54.5969
54.9269
54.882
54.7302
54.935
54.704
54.6679
55.1288
54.5108
54.9521
54.7681
54.7411
54.939
54.4479
54.4589
54.697
55.1369
54.4851
55.208
54.6482
54.913
54.8501
54.9181
54.7092
54.8389
54.482
54.534
54.7531
54.7609
55.001
54.951
54.6041
54.728
54.776
54.868
54.698
54.81
54.786
54.853
54.6269
54.5809
54.5878
54.528
54.3611
54.5409
54.6782
54.59
54.7321
54.6999
54.6019
54.6279
54.8239
54.5239
55.095
54.7349
54.6679
54.9581
54.606
54.7168
54.867
54.7979
54.817
54.908
54.7259
54.8568
54.5959
54.7838
54.7161
54.6479
54.662
54.548
54.4829
54.5089
54.7462
54.8601
54.9371
55.0342
54.841
54.667
55.3439
54.347
55.0132
54.8489
54.704
54.451
54.637
54.534
55.0292
54.7371
54.913
54.945
54.7669
54.8398
54.745
55.052
54.8098
54.769
55.0501
54.8501
54.7431
54.4291
54.5249
54.5368
54.6091
54.7631
54.5511
54.8542
54.5321
54.929
54.7831
54.672
54.6839
55.0601
54.7831
55.0151
54.641
54.75
54.945
54.302
54.8339
54.8658
54.9231
54.836
54.7411
54.5111
54.625
55.0518
55.1898
54.5409
54.646
55.0601
54.445
54.775
54.666
54.6591
54.702
55.114
54.9169
54.9369
54.836
54.533
54.6682
54.9111
54.8301
54.9748
54.4071
54.435
54.6329
55.0931
54.883
54.5249
54.8069
54.5759
55.0961
54.7459
55.027
54.323
54.7562
55.0811
54.9819
55.0671
55.1002
54.97
54.4689
54.925
54.6432
54.672
55.11
54.7621
55.0361
54.8842
54.491
54.841
54.3778
54.8191
54.6939
54.626
54.4372
54.868
54.8458
54.9529
54.5781
54.7719
54.8582
54.8799
54.405
54.7152
54.8971
54.9102
54.837
54.606
54.635
54.698
54.9061
54.7271
54.446
54.8749
54.5161
54.4159
54.5359
54.5859
55.2289
54.6691
54.8551
54.4372
54.738
54.636
55.052
54.9519
54.5902
54.6539
54.7671
54.7781
54.5871
54.8992
55.109
54.6429
54.636
54.9369
54.5189
54.8439
54.78
54.78
55.0818
55.047
54.94
54.702
54.9169
55.043
55.228
55.058
54.8952
54.5981
54.4181
54.949
54.781
54.543
54.6751
54.4958
54.5719
54.7569
54.7121
55.0931
54.333
54.8141
54.6422
54.688
54.6649
54.9779
54.4229
54.5728
54.4369
54.9569
54.3978
54.8921
54.7841
55.1472
54.472
55.13
54.7478
54.898
54.5669
54.7318
54.7938
54.858
55.0709
54.5039
54.7981
54.6992
54.8069
54.7259
55.0089
54.307
54.5452
54.4641
55.0191
54.368
54.7822
54.7769
54.7209
54.3399
54.7259
54.6179
54.6708
54.4431
54.7972
55.0721
54.7652
54.3511
55.0671
54.913
55.0539
54.3261
54.405
54.5599
54.517
54.733
54.9669
55.0869
54.373
54.8398
54.6179
54.642
54.9769
54.7552
54.6141
55.253
55.126
55.0189
54.44
54.6679
55.074
54.4932
55.2568
55.1219
54.3871
54.6429
55.1591
54.7481
54.6439
54.6849
54.9178
54.383
54.527
54.5251
54.9901
55.2208
54.786
54.7051
54.9681
54.3361
54.6861
54.7721
54.7941
54.4732
54.5959
54.6169
54.5981
54.904
54.7202
54.6689
54.7209
54.774
54.5671
54.95
54.6801
54.8301
54.9622
55.1341
54.354
54.3289
54.8689
54.461
54.7681
54.719
54.7099
54.2469
54.6398
54.7819
54.467
54.8348
