70.3671
70.1921
70.2591
66.052
65.5501
65.402
64.5249
64.436
64.651
64.512
64.429
64.543
64.7991
64.4982
64.5101
64.697
64.5809
64.4948
64.291
64.5521
64.4932
64.5711
64.6021
64.491
64.574
64.395
64.6319
64.57
64.4581
64.61
64.5368
64.4381
64.549
64.6138
64.569
64.378
64.549
64.7111
64.6279
64.553
64.5161
64.4591
64.5261
64.4732
64.5752
64.553
64.62
64.6479
64.687
64.5871
64.734
64.6191
64.5828
64.6539
64.6629
64.522
64.6441
64.563
64.6141
64.539
64.692
64.4212
64.4011
64.5981
64.5671
64.568
64.6739
64.6369
64.471
64.59
64.5809
64.563
64.651
64.4681
64.4531
64.5051
64.5199
64.5511
64.5282
64.5289
64.528
64.393
64.5089
64.5068
64.6541
64.599
64.6081
64.5299
64.6081
64.6791
64.4741
64.492
64.537
64.518
64.5618
64.4319
64.4281
64.527
64.4879
64.4419
64.661
64.5258
64.605
64.512
64.754
64.476
64.4839
64.544
64.481
64.5101
64.6839
64.4951
64.4169
64.6081
64.6641
64.4171
64.59
64.7159
64.6701
64.538
64.497
64.5709
64.5158
64.4469
64.5728
64.497
64.5618
64.5339
64.4369
64.5618
64.5049
64.698
64.4791
64.497
64.508
64.6601
64.6689
64.5618
64.435
64.4052
64.5511
64.605
64.6689
64.5399
64.4999
64.5578
64.388
64.4009
64.456
64.5099
64.4538
64.672
64.6369
64.5871
64.6071
64.3671
64.5669
64.7409
64.4689
64.5359
64.5299
64.8348
64.883
64.893
64.6839
64.4739
64.5359
64.6811
64.5521
64.6069
64.6038
64.61
64.6012
64.6729
64.6839
64.5349
64.461
64.569
64.517
64.615
64.635
64.6248
64.61
64.6911
64.388
64.6439
64.666
64.7268
64.7209
64.528
64.3852
64.626
64.491
64.5411
64.702
64.611
64.5118
64.471
64.5289
64.5301
64.3861
64.6992
64.698
64.4701
64.765
64.698
64.652
64.5039
64.575
64.6482
64.379
64.466
64.5671
64.7571
64.5318
64.5149
64.7478
64.3671
64.7972
64.4901
64.4832
64.487
64.538
64.693
64.6949
64.569
64.575
64.4491
64.687
64.5149
64.5449
64.589
64.4958
64.589
64.5809
64.492
64.5289
64.641
64.532
64.533
64.569
64.6842
64.631
64.548
64.625
64.5659
64.589
64.765
64.3849
64.6801
64.666
64.5099
64.5931
64.616
64.6572
64.3439
64.616
64.4889
64.6229
64.5132
64.5568
64.482
64.5039
64.544
64.7209
64.7149
64.6679
64.4488
64.5139
64.7118
64.667
64.5142
64.5351
64.517
64.4541
64.4898
64.606
64.502
64.553
64.5862
64.5392
64.693
64.5752
64.558
64.518
64.5962
64.4791
64.5339
64.4789
64.635
64.4798
64.6801
64.5421
64.4741
64.4572
64.5611
64.6951
64.6591
64.605
64.575
64.589
64.517
64.533
64.554
64.5831
64.5602
64.508
64.7171
64.4062
64.5161
64.3659
64.6279
64.58
64.533
64.6229
64.724
64.5421
64.661
64.5981
64.6932
64.3899
64.605
64.5251
64.4231
64.666
64.5189
64.3551
64.573
64.4689
64.425
64.414
64.456
64.6541
64.472
64.6029
64.491
64.3799
64.657
64.6188
64.5819
64.451
64.5978
64.5859
64.6749
64.5771
64.528
64.5139
64.62
64.5719
64.5859
64.6172
64.558
64.6782
64.5862
64.5921
64.5339
64.4381
64.6021
64.523
64.548
64.4441
64.5452
64.6
64.512
64.6598
64.5618
64.5881
64.512
64.4948
64.5349
64.6639
64.4321
64.585
64.466
64.3289
64.611
64.5139
64.4591
64.6949
64.6329
64.6
64.5852
64.4879
64.5459
64.5621
64.496
64.3802
64.5041
64.451
64.6529
64.548
64.4889
64.4991
64.549
64.491
64.6009
64.6811
64.5211
64.553
64.585
64.3821
64.4732
64.455
64.5199
64.657
64.45
64.6489
64.574
64.5771
64.4448
64.6899
64.425
64.528
64.502
64.5959
64.5008
64.6031
64.5142
64.5831
64.6122
64.296
64.6248
64.4
64.472
64.5859
64.538
64.6181
64.6501
64.5361
64.6198
64.548
64.5251
64.6601
64.5099
64.3389
64.4939
64.6429
64.58
64.4212
64.6341
64.683
64.6188
64.363
64.415
64.779
64.568
64.5599
64.6119
64.6181
64.631
64.6341
64.5251
64.5452
64.502
64.554
64.611
64.508
64.595
64.646
64.6079
64.357
64.724
64.409
64.4281
64.6942
64.4171
64.4591
64.4081
64.7142
64.6281
64.4941
64.6241
64.6551
64.6269
64.5192
64.456
64.4579
64.7309
64.63
64.4522
64.3761
64.661
64.5039
64.476
64.636
64.4929
64.389
64.5101
64.522
64.6789
64.5978
64.5208
64.4588
64.635
64.4281
64.3909
64.647
64.6231
64.5921
64.4522
64.461
64.6389
64.6708
64.4431
64.543
64.5308
64.497
64.5418
64.4441
64.5821
64.5602
64.58
64.6119
64.4879
64.6
64.698
64.5568
64.5351
64.3802
64.6489
64.564
64.6062
64.4901
64.4431
64.4178
64.6651
64.5521
64.507
64.6741
64.4672
64.523
64.537
64.4979
64.4331
64.4951
64.6091
64.471
64.5001
64.549
64.517
64.456
64.446
64.4741
64.662
64.6441
64.682
64.471
64.5092
64.482
64.594
64.441
64.455
64.5652
64.703
64.5649
64.5981
64.393
64.579
64.419
64.5928
64.59
64.652
64.6331
64.5649
64.4689
64.347
64.4331
64.5852
64.58
64.605
64.8122
64.537
64.6231
64.584
64.6939
64.678
64.6062
64.7061
64.667
64.5399
64.713
64.6122
64.522
64.46
64.4948
64.4028
64.5649
64.4429
64.647
64.6172
64.621
64.6532
64.6341
64.4908
64.41
64.616
64.5399
64.512
64.5959
64.5132
64.63
64.4741
64.4829
64.641
64.4431
64.2951
64.6269
64.6031
64.6389
64.6501
64.4791
64.579
64.6029
64.615
64.3599
64.512
64.549
64.5621
64.553
64.599
64.3539
64.573
64.59
64.4138
64.7969
64.5149
64.6939
64.6079
64.641
64.5499
64.7211
64.5881
64.4479
64.3659
64.6091
64.801
64.539
64.4689
64.646
64.641
64.4128
64.5289
64.6901
64.7261
64.523
64.512
64.6191
64.5468
64.4081
64.6269
64.573
64.806
64.5149
64.7359
64.4751
64.599
64.554
64.4429
64.738
64.5092
64.6751
64.724
64.553
64.7409
64.5781
64.7352
64.682
64.585
64.244
64.657
64.46
64.662
64.6782
64.4691
64.585
64.558
64.4159
64.688
64.682
64.682
64.6119
64.5859
64.424
64.4929
64.5859
64.5711
64.569
64.6529
64.522
64.5189
64.5299
64.5709
64.456
64.4979
64.5821
64.548
64.512
64.5449
64.599
64.6441
64.3971
64.6322
64.538
64.4619
64.6071
64.466
64.4841
64.4159
64.4729
64.4681
64.4891
64.7039
64.708
64.5261
64.5981
64.6169
64.5211
64.44
64.7562
64.558
64.2891
64.8038
64.6191
64.5781
64.5862
64.642
64.6369
64.5859
64.5039
64.5289
64.4319
64.4498
64.554
64.7259
64.6579
64.4538
64.486
64.5471
64.5518
64.4259
64.4078
64.476
64.512
64.6422
64.6191
64.5108
64.517
64.4531
64.6441
64.6381
64.57
64.431
64.5518
64.7449
64.585
64.657
64.7252
64.672
64.466
64.5931
64.6322
64.7511
64.6391
64.3501
64.5652
64.5289
64.6999
64.5361
64.4839
64.7011
64.4112
64.6381
64.4951
64.46
64.538
64.477
64.4832
64.4941
64.6632
64.7149
64.4319
64.6989
64.7058
64.5671
64.666
64.6548
64.5161
64.6141
64.559
64.821
64.4162
64.3702
64.6632
64.6329
64.7161
64.564
64.5919
64.487
64.6842
64.7502
64.46
64.6782
64.441
64.5449
64.6188
64.719
64.4598
64.3749
64.6808
64.4999
64.5039
64.5568
64.635
64.606
64.585
64.4948
64.6191
64.6381
64.63
64.5528
64.7101
64.5511
64.461
64.4131
64.692
64.5719
64.707
64.5571
64.45
64.538
64.4979
64.6389
64.595
64.57
64.3332
64.5621
64.532
64.491
64.4121
64.532
64.4019
64.424
64.6751
64.6651
64.6482
64.6172
64.6381
64.539
64.538
64.7171
64.698
64.5649
64.544
64.486
64.553
64.62
64.517
64.58
64.435
64.5838
64.595
64.5268
64.5421
64.4531
64.563
64.574
64.5239
64.6229
64.58
64.4782
64.4991
64.4741
64.4388
64.399
64.543
64.594
64.501
64.6429
64.4798
64.522
64.4031
64.5959
64.2922
64.635
64.477
64.5461
64.6241
64.5981
64.4529
64.4948
64.528
64.4391
64.4679
64.6009
64.6029
64.574
64.5461
64.6532
64.692
64.6122
64.6231
64.7111
64.7101
64.615
64.4879
64.4038
64.465
64.676
64.8029
64.4128
64.543
64.5649
64.5649
64.7061
64.399
64.6381
64.6081
64.579
64.642
64.5711
64.5962
64.481
64.4422
64.568
64.3728
64.5921
64.5659
64.4319
64.6369
64.7118
64.543
64.6212
64.575
64.6369
64.476
64.549
64.3919
64.537
64.5721
64.45
64.4698
64.6639
64.579
64.3818
64.477
64.5468
64.374
64.5318
64.4619
64.6429
64.5099
64.502
64.5242
64.4629
64.497
64.585
64.5549
64.3721
64.522
64.6598
64.6489
64.703
64.6989
64.5881
64.6119
64.5602
64.7001
64.508
64.5459
64.58
64.605
64.79
64.59
64.4379
64.4169
64.5089
64.477
64.4782
64.796
64.6081
64.548
64.5359
64.4319
64.512
64.347
64.512
64.5149
64.6069
64.6169
64.5549
64.394
64.5552
64.697
64.6138
64.6429
64.635
64.5351
64.4941
64.6191
64.6331
