11.312
0.0619888
0.0271797
0.0419617
0.0240803
0.0219345
0.0221729
0.0219345
0.0231266
0.0219345
0.0219345
0.0221729
0.0219345
0.0240803
0.0219345
0.0209808
0.0209808
0.0209808
0.0219345
0.0219345
0.0221729
0.0219345
0.0219345
0.0231266
0.0219345
0.0219345
0.0240803
0.0209808
0.0221729
0.0209808
0.0219345
0.0221729
0.0228882
0.0219345
0.0221729
0.0219345
0.0219345
0.0231266
0.0219345
0.0228882
0.0219345
0.0221729
0.0228882
0.0221729
0.0219345
0.0209808
0.0221729
0.0228882
0.0209808
0.0209808
0.0219345
0.0219345
0.0231266
0.0298023
0.0219345
0.0219345
0.0221729
0.0228882
0.0209808
0.0209808
0.0219345
0.0219345
0.0231266
0.0209808
0.0209808
0.0209808
0.0228882
0.0219345
0.0219345
0.0219345
0.0219345
0.0221729
0.0209808
0.0219345
0.0281334
0.0228882
0.0231266
0.0209808
0.0219345
0.0221729
0.0219345
0.0231266
0.0219345
0.0209808
0.0221729
0.0221729
0.0228882
0.0209808
0.0219345
0.0219345
0.0209808
0.0219345
0.0219345
0.0221729
0.0219345
0.0219345
0.0231266
0.0219345
0.0219345
0.0221729
0.0228882
0.0209808
0.0221729
0.0219345
0.0209808
0.0231266
0.0219345
0.0219345
0.0212193
0.0219345
0.0309944
0.0219345
0.0219345
0.0219345
0.0219345
0.0231266
0.0219345
0.0219345
0.0221729
0.0219345
0.0228882
0.0221729
0.0219345
0.0209808
0.0221729
0.0228882
0.0259876
0.0221729
0.0221729
0.0219345
0.0221729
0.0219345
0.0231266
0.0219345
0.0231266
0.0219345
0.0219345
0.0209808
0.0221729
0.0228882
0.0219345
0.0209808
0.0219345
0.0219345
0.0240803
0.0219345
0.0300407
0.0219345
0.0219345
0.0240803
0.0219345
0.0219345
0.0219345
0.0221729
0.0219345
0.0219345
0.0221729
0.0209808
0.0219345
0.0231266
0.0219345
0.0219345
0.0221729
0.0228882
0.0219345
0.0221729
0.0219345
0.0219345
0.0231266
0.0219345
0.0219345
0.0221729
0.0219345
0.0238419
0.0221729
0.0209808
0.0209808
0.0209808
0.0219345
0.0219345
0.0221729
0.0219345
0.027895
0.0228882
0.0209808
0.0221729
0.0219345
0.0219345
0.0228882
0.0219345
0.0221729
0.0219345
0.0219345
0.0231266
0.0219345
0.0219345
0.0209808
0.0219345
0.0219345
0.0221729
0.025034
0.0219345
0.0228882
0.0209808
0.0219345
0.0219345
0.0221729
0.0238419
0.0219345
0.0221729
0.0219345
0.0219345
0.0228882
0.0219345
0.0221729
0.0209808
0.0209808
0.0231266
0.0309944
0.0219345
0.0219345
0.0209808
0.0228882
0.0219345
0.0221729
0.0219345
0.0219345
0.0231266
0.0219345
0.0219345
0.0219345
0.0228882
0.0219345
0.0221729
0.0219345
0.0209808
0.0231266
0.0219345
0.0219345
0.0212193
0.0219345
0.0228882
0.0221729
0.0209808
0.0209808
0.0209808
0.0219345
0.0219345
0.0221729
0.0219345
0.0219345
0.0231266
0.0221729
0.0219345
0.025034
0.0219345
0.0231266
0.0219345
0.0221729
0.0219345
0.0231266
0.0240803
0.0228882
0.0219345
0.0221729
0.0228882
0.0219345
0.0209808
0.0219345
0.0219345
0.0231266
0.0219345
0.0219345
0.025034
0.0231266
0.0228882
0.0221729
0.0209808
0.0219345
0.0221729
0.0228882
0.0219345
0.0221729
0.0209808
0.0181198
0.0140667
0.013113
0.0140667
0.0138283
0.0138283
0.0140667
0.013113
0.0140667
0.0140667
0.014782
0.0140667
0.0140667
0.0140667
0.0140667
0.0150204
0.0138283
0.0140667
0.0140667
0.0140667
0.0150204
0.0138283
0.0138283
0.0140667
0.0140667
0.0150204
0.0140667
0.0138283
0.0138283
0.0138283
0.0150204
0.0140667
0.0140667
0.0128746
0.0138283
0.0150204
0.0140667
0.0140667
0.0140667
0.0140667
0.0138283
0.0140667
0.0140667
0.013113
0.0140667
0.0140667
0.0138283
0.0138283
0.013113
0.0140667
0.0140667
0.0128746
0.0128746
0.0138283
0.0140667
0.0140667
0.0140667
0.013113
0.0140667
0.0138283
0.0138283
0.013113
0.0140667
0.0140667
0.0138283
0.0138283
0.0138283
0.0140667
0.0140667
0.0140667
0.0181198
0.0140667
0.0138283
0.0138283
0.0150204
0.0140667
0.0140667
0.0140667
0.0150204
0.0138283
0.0140667
0.0140667
0.0140667
0.0150204
0.0140667
0.0138283
0.0138283
0.0140667
0.0150204
0.0140667
0.0140667
0.0140667
0.0138283
0.0138283
0.0128746
0.0140667
0.0140667
0.0140667
0.0150204
0.0138283
0.0140667
0.0140667
0.0140667
0.0150204
0.0140667
0.0138283
0.0138283
0.0138283
0.0140667
0.0140667
0.0140667
0.0140667
0.0150204
0.0140667
0.0140667
0.0140667
0.0140667
0.0140667
0.0138283
0.0140667
0.0140667
0.0140667
0.0140667
0.013113
0.0138283
0.0128746
0.0138283
0.0140667
0.0138283
0.0150204
0.0140667
0.0140667
0.0140667
0.013113
0.0138283
0.0150204
0.0140667
0.0150204
0.0140667
0.0138283
0.0138283
0.0128746
0.0140667
0.0140667
0.0140667
0.0138283
0.0150204
0.0140667
0.0140667
0.0140667
0.0140667
0.0138283
0.0138283
0.013113
0.0140667
0.0140667
0.0140667
0.0138283
0.0138283
0.0140667
0.0140667
0.0140667
0.0140667
0.0140667
0.0140667
0.0140667
0.0150204
0.0140667
0.0140667
0.0138283
0.0128746
0.0140667
0.0140667
0.013113
0.0140667
0.0138283
0.0140667
0.0140667
0.0140667
0.0140667
0.0150204
0.0138283
0.0138283
0.0140667
0.0140667
0.0140667
0.0138283
0.0138283
0.0138283
0.0140667
0.0150204
0.0140667
0.0140667
0.0140667
0.0138283
0.0138283
0.013113
0.0140667
0.0140667
0.0140667
0.0140667
0.0128746
0.0140667
0.0140667
0.0140667
0.0140667
0.0140667
0.0138283
0.0150204
0.0150204
0.0140667
0.0140667
0.0128746
0.0140667
0.0140667
0.0140667
0.0140667
0.0140667
0.0138283
0.0140667
0.0140667
0.013113
0.0140667
0.013113
0.0138283
0.0140667
0.0140667
0.0140667
0.0140667
0.0138283
0.0138283
0.0140667
0.0140667
0.0140667
0.0150204
0.0138283
0.0140667
0.0140667
0.0140667
0.0150204
0.0138283
0.0140667
0.0140667
0.0150204
0.0140667
0.0140667
0.0138283
0.0128746
0.0140667
0.0150204
0.0140667
0.0140667
0.0138283
0.015974
0.0140667
0.0140667
0.0138283
0.0138283
0.0150204
0.0140667
0.0140667
0.0140667
0.0140667
0.0138283
0.0140667
0.0150204
0.0140667
0.0140667
0.0150204
0.0140667
0.0140667
0.0140667
0.0140667
0.0150204
0.0138283
0.0138283
0.0138283
0.0140667
0.0140667
0.0140667
0.0140667
0.0162125
0.0150204
0.0140667
0.0140667
0.0140667
0.0138283
0.0150204
0.0140667
0.0140667
0.0140667
0.0140667
0.0150204
0.0138283
0.0140667
0.0140667
0.0140667
0.0140667
0.0150204
0.0140667
0.0140667
0.0140667
0.0150204
0.0140667
0.0138283
0.0138283
0.0138283
0.0150204
0.0140667
0.0140667
0.0140667
0.0138283
0.0140667
0.0140667
0.0140667
0.0140667
0.0150204
0.0138283
0.0138283
0.0140667
0.0140667
0.0140667
0.0140667
0.0140667
0.0128746
0.0138283
0.0140667
0.013113
0.0140667
0.0140667
0.0138283
0.0150204
0.0140667
0.0140667
0.0140667
0.0140667
0.0150204
0.0138283
0.0138283
0.0140667
0.0150204
0.0140667
0.0140667
0.0138283
0.0138283
0.0150204
0.0140667
0.013113
0.013113
0.0128746
0.0138283
0.0128746
0.0140667
0.0140667
0.0150204
0.0138283
0.013113
0.013113
0.013113
0.0140667
0.0138283
0.0138283
0.0138283
0.013113
0.0140667
0.0140667
0.0140667
0.0140667
0.0138283
0.0140667
0.0140667
0.0140667
0.0140667
0.0138283
0.0138283
0.0140667
0.015974
0.0138283
0.0140667
0.0150204
0.0140667
0.0140667
0.0140667
0.0138283
0.0150204
0.0140667
0.0140667
0.0140667
0.0138283
0.0150204
0.0140667
0.0140667
0.0140667
0.013113
0.0138283
0.0138283
0.0128746
0.0140667
0.0140667
0.0150204
0.0138283
0.0138283
0.0140667
0.013113
0.0140667
0.0140667
0.0140667
0.0128746
0.0150204
0.0109673
0.0109673
0.0121593
0.0109673
0.0121593
0.0109673
0.0109673
0.0119209
0.0109673
0.0109673
0.0109673
0.0109673
0.0119209
0.0112057
0.0119209
0.0112057
0.0109673
0.0109673
0.0119209
0.0121593
0.0109673
0.0109673
0.0109673
0.0119209
0.0109673
0.0109673
0.0121593
0.0109673
0.0121593
0.0119209
0.0112057
0.0119209
0.0109673
0.0119209
0.0119209
0.0109673
0.015974
0.0121593
0.0119209
0.0109673
0.0109673
0.0109673
0.0109673
0.0119209
0.0109673
0.0109673
0.0112057
0.0109673
0.0109673
0.0109673
0.0109673
0.0109673
0.0109673
0.0109673
0.0109673
0.0112057
0.0109673
0.0112057
0.0119209
0.0121593
0.0109673
0.0109673
0.0109673
0.0119209
0.0109673
0.0109673
0.0121593
0.0119209
0.0112057
0.0119209
0.0109673
0.0109673
0.0119209
0.0109673
0.0109673
0.0109673
0.0109673
0.0121593
0.0109673
0.0119209
0.0109673
0.0109673
0.0121593
0.0109673
0.0112057
0.0109673
0.0109673
0.0109673
0.0112057
0.0109673
0.0109673
0.0119209
0.0119209
0.0109673
0.0109673
0.0109673
0.0119209
0.0119209
0.0109673
0.0121593
0.0109673
0.0112057
0.0109673
0.0109673
0.0109673
0.0119209
0.0119209
0.0109673
0.0109673
0.0109673
0.0109673
0.0119209
0.0112057
0.0119209
0.0109673
0.0140667
0.0109673
0.0112057
0.0109673
0.0109673
0.0119209
0.0109673
0.0109673
0.0109673
0.0109673
0.0109673
0.0112057
0.0109673
0.0109673
0.0109673
0.0109673
0.0109673
0.0121593
0.0109673
0.0112057
0.0119209
0.0109673
0.0109673
0.0109673
0.0109673
0.0119209
0.0119209
0.0109673
0.0112057
0.0109673
0.0121593
0.0109673
0.0109673
0.0109673
0.0109673
0.0112057
0.0109673
0.0109673
0.0119209
0.0109673
0.0109673
0.0119209
0.0109673
0.0119209
0.0112057
0.0109673
0.0121593
0.0109673
0.0112057
0.0109673
0.0121593
0.0119209
0.0109673
0.0109673
0.0109673
0.0109673
0.0109673
0.0109673
0.0119209
0.0112057
0.0109673
0.0109673
0.0119209
0.0109673
0.0109673
0.0119209
0.0112057
0.0109673
0.0109673
0.0119209
0.0112057
0.0119209
0.0109673
0.0119209
0.0109673
0.0109673
0.0109673
0.0112057
0.0109673
0.0109673
0.0112057
0.0119209
0.0109673
0.0119209
0.0109673
0.0109673
0.0119209
0.0109673
0.0109673
0.0109673
0.0109673
0.0112057
0.0109673
0.0109673
0.0109673
0.0119209
0.0109673
0.0109673
0.0121593
0.0109673
0.0121593
0.0119209
0.0109673
0.0109673
0.0119209
0.0109673
0.0119209
0.0109673
0.0109673
0.0112057
0.0109673
0.0121593
0.0109673
0.0119209
0.0109673
0.0109673
0.0109673
0.0119209
0.0109673
0.0109673
0.0112057
0.0109673
0.0121593
0.0119209
0.0121593
0.0109673
0.0119209
0.0119209
0.0109673
0.0109673
0.0109673
0.0112057
0.0109673
0.0112057
0.0109673
0.0109673
0.0109673
0.0109673
0.0121593
0.0109673
0.0121593
0.0109673
0.0121593
0.0109673
0.0109673
0.0109673
0.0109673
0.0121593
0.0109673
0.0121593
0.0119209
0.0121593
0.0119209
0.0119209
0.0109673
0.0121593
0.0119209
0.0138283
0.0109673
0.0109673
0.0119209
0.0121593
0.0109673
0.0109673
0.0109673
0.0119209
0.0112057
0.0109673
0.0100136
0.0121593
0.0100136
0.0109673
0.0109673
0.0119209
0.0121593
0.0109673
0.0119209
0.0121593
0.0109673
0.0119209
0.0119209
0.0109673
0.0121593
0.0109673
0.0109673
0.0119209
0.0112057
0.0109673
0.0119209
0.0109673
0.0119209
0.0109673
