3.54099
3.41201
3.4101
3.41105
3.40891
3.4101
3.4132
3.41296
3.41201
3.40915
3.41082
3.4101
3.41201
3.41201
3.41105
3.41105
3.41082
3.41511
3.41296
3.40891
3.41296
3.40796
3.40986
3.41082
3.407
3.40891
3.40796
3.40986
3.407
3.40891
3.407
3.41105
3.40986
3.40605
3.40796
3.41392
3.40986
3.41105
3.4101
3.40915
3.41415
3.40915
3.40915
3.40796
3.41105
3.40796
3.41606
3.4132
3.41105
3.40915
3.41201
3.41105
3.40891
3.40891
3.41296
3.40915
3.40986
3.40796
3.41105
3.40915
3.41105
3.40986
3.40986
3.41105
3.41082
3.40891
3.41105
3.4101
3.40986
3.41296
3.40891
3.41201
3.40915
3.40915
3.4101
3.407
3.41082
3.40509
3.4101
3.40819
3.40915
3.41511
3.4101
3.40796
3.41201
3.407
3.40605
3.407
3.40891
3.40605
3.4132
3.41105
3.41582
3.41296
3.40796
3.40986
3.40796
3.40986
3.41201
3.41105
3.41105
3.40986
3.40986
3.407
3.40796
3.40891
3.40891
3.40891
3.41177
3.40796
3.40796
3.40891
3.40986
3.40796
3.40891
3.407
3.41105
3.40891
3.4101
3.41105
3.41201
3.407
3.40819
3.41201
3.41105
3.40819
3.40915
3.40915
3.41201
3.40915
3.40915
3.41105
3.40581
3.40915
3.40915
3.40915
3.41082
3.40796
3.41105
3.41105
3.40891
3.40796
3.40915
3.41392
3.40796
3.41582
3.41105
3.40986
3.40891
3.40796
3.40796
3.40986
3.40796
3.40796
3.40796
3.40819
3.40915
3.4101
3.41415
3.40891
3.40986
3.40605
3.41201
3.407
3.40891
3.4101
3.40414
3.41082
3.40891
3.41606
3.40986
3.40986
3.40915
3.40605
3.41201
3.407
3.407
3.40796
3.40891
3.40891
3.40796
3.40796
3.40986
3.41105
3.41105
3.41392
3.40986
3.40891
3.40796
3.407
3.407
3.40891
3.40986
3.40891
3.41201
3.40605
3.407
3.40796
3.4101
3.4101
3.40796
3.40891
3.407
3.407
3.41082
3.41105
3.407
3.407
3.407
3.41892
3.41105
3.40891
3.40891
3.41177
3.41296
3.4101
3.40915
3.41201
3.41392
3.40605
3.41105
3.4101
3.40819
3.41105
3.40819
3.40915
3.4101
3.40796
3.40605
3.40986
3.40605
3.4101
3.40891
3.40891
3.41392
3.407
3.40915
3.41296
3.40915
3.41201
3.407
3.41105
3.4132
3.40915
3.40915
3.41201
3.41082
3.40891
3.40796
3.40891
3.40986
3.40891
3.40986
3.40796
3.40796
3.4132
3.40796
3.40891
3.40891
3.40986
3.4101
3.4101
3.4101
3.40915
3.407
3.40891
3.40891
3.41105
3.41415
3.40915
3.40605
3.40986
3.41105
3.41702
3.41105
3.407
3.41105
3.40509
3.40414
3.268
3.40891
3.41105
3.41105
3.40986
3.41606
3.40915
3.4101
3.41487
3.40796
3.40891
3.40986
3.40891
3.40796
3.407
3.40796
3.40819
3.40915
3.407
3.41105
3.40891
3.41201
3.41082
3.40796
3.40605
3.40509
3.41082
3.41201
3.40891
3.40986
3.4039
3.40986
3.40796
3.41201
3.4101
3.407
3.40915
3.40891
3.4101
3.41105
3.41392
3.40986
3.40986
3.40891
3.41201
3.41082
3.4101
3.407
3.4101
3.41105
3.40796
3.41105
3.407
3.4101
3.407
3.40915
3.41105
3.40796
3.41606
3.40891
3.41082
3.41201
3.407
3.407
3.407
3.40605
3.407
3.41606
3.40891
3.40796
3.41415
3.40819
3.41201
3.41082
3.41201
3.41082
3.41105
3.41105
3.41105
3.41201
3.40891
3.40796
3.40891
3.40295
3.407
3.4101
3.40796
3.40891
3.40796
3.407
3.41296
3.4101
3.40891
3.40796
3.40915
3.407
3.40509
3.4101
3.41105
3.40796
3.407
3.40891
3.4101
3.407
3.40509
3.40414
3.41201
3.41487
3.4101
3.40796
3.41296
3.40891
3.41296
3.41415
3.40819
3.4101
3.40796
3.4101
3.41105
3.40796
3.40605
3.41105
3.41296
3.41201
3.41105
3.40891
3.41296
3.41105
3.40986
3.40509
3.4101
3.41105
3.407
3.40796
3.40605
3.41201
3.41105
3.40796
3.40986
3.40891
3.40986
3.41105
3.40915
3.41702
3.40796
3.40486
3.40509
3.40915
3.41105
3.40986
3.40986
3.407
3.40891
3.40796
3.40891
3.40891
3.41105
3.41105
3.4039
3.40796
3.41082
3.40796
3.41082
3.40796
3.40986
3.41105
3.40915
3.40915
3.4101
3.41201
3.407
3.40796
3.4101
3.40486
3.40891
3.40891
3.40891
3.40796
3.40915
3.41105
3.40509
3.41415
3.41105
3.40796
3.4132
3.40891
3.41201
3.407
3.40986
3.41105
3.407
3.41392
3.407
3.4101
3.40796
3.40819
3.41201
3.40891
3.40986
3.40605
3.4101
3.4101
3.40891
3.40486
3.40891
3.40605
3.4101
3.40986
3.41082
3.40796
3.40891
3.40891
3.407
3.407
3.40605
3.40891
3.40486
3.40891
3.40891
3.41487
3.41177
