12.5549
12.7072
12.706
12.6989
12.6829
12.696
12.7139
12.6719
12.682
12.706
12.691
12.691
12.7101
12.6879
12.6929
12.7161
12.7039
12.67
12.6891
12.7048
12.6948
12.686
12.6908
12.713
12.6998
12.691
12.7161
12.7141
12.692
12.686
12.6822
12.6951
12.7301
12.6841
12.711
12.691
12.7139
12.6848
12.701
12.706
12.697
12.666
12.702
12.6848
12.692
12.692
12.7151
12.7039
12.691
12.682
12.696
12.6939
12.7072
12.676
12.691
12.711
12.7029
12.713
12.692
12.6979
12.7189
12.6901
12.6829
12.6989
12.7249
12.6979
12.6979
12.6739
12.7039
12.713
12.702
12.733
12.707
12.6939
12.6948
12.7008
12.6941
12.7132
12.7051
12.7199
12.7029
12.702
12.6932
12.6832
12.6979
12.6979
12.712
12.7101
12.702
12.6929
12.6998
12.713
12.6929
12.686
12.6908
12.712
12.7189
12.6901
12.701
12.7208
12.7051
12.7101
12.692
12.711
12.6829
12.7039
12.6789
12.6739
12.7039
12.681
12.6979
12.6891
12.7101
12.7101
12.6889
12.6839
12.6991
12.6882
12.707
12.682
12.6801
12.712
12.7132
12.6801
12.686
12.701
12.6839
12.6879
12.6848
12.686
12.6989
12.671
12.6829
12.7032
12.681
12.717
12.691
12.717
12.6979
12.7139
12.7211
12.6979
12.7079
12.7192
12.6932
12.6932
12.6929
12.6882
12.692
12.7139
12.702
12.675
12.702
12.6979
12.7079
12.7029
12.6882
12.6941
12.6951
12.6979
12.6851
12.682
12.6951
12.7039
12.7108
12.675
12.6939
12.707
12.7101
12.711
12.712
12.7001
12.7048
12.6898
12.6979
12.718
12.706
12.7189
12.687
12.7132
12.6841
12.7001
12.691
12.7099
12.6958
12.712
12.701
12.6948
12.6822
12.697
12.7101
12.7242
12.701
12.712
12.6948
12.7058
12.712
12.682
12.722
12.6929
12.6719
12.6801
12.702
12.687
12.7082
12.702
12.6789
12.6941
12.6979
12.697
12.707
12.697
12.6901
12.6691
12.6829
12.7342
12.7141
12.718
12.6991
12.6779
12.681
12.681
12.7208
12.701
12.7099
12.706
12.6798
12.7189
12.697
12.6872
12.6789
12.6929
12.6998
12.6681
12.6991
12.7099
12.711
12.701
12.7079
12.686
12.713
12.6789
12.6939
12.6929
12.6851
12.711
12.675
12.7199
12.7048
12.6882
12.702
12.6839
12.697
12.7101
12.701
12.706
12.707
12.6948
12.691
12.706
12.7079
12.7051
12.6951
12.691
12.696
12.6829
12.7101
12.696
12.6882
12.675
12.7041
12.7161
12.7158
12.706
12.712
12.718
12.7082
12.7041
12.7139
12.6939
12.706
12.6882
12.697
12.706
12.728
12.6941
12.687
12.6951
12.707
12.707
12.6882
12.7008
12.6891
12.697
12.691
12.6929
12.687
12.6891
12.7182
12.722
12.7101
12.707
12.6791
12.6832
12.7001
12.6801
12.6829
12.717
12.691
12.7001
12.6901
12.6879
12.7099
12.701
12.6829
12.7051
12.692
12.717
12.707
12.7211
12.6979
12.677
12.718
12.6829
12.7008
12.7001
12.6741
12.712
12.7132
12.686
12.706
12.727
12.6779
12.6929
12.675
12.687
12.7342
12.733
12.687
12.6932
12.7001
12.6951
12.6879
12.696
12.687
12.675
12.6848
12.7199
12.691
12.717
12.7101
12.6941
12.692
12.7101
12.6822
12.691
12.6939
12.6989
12.723
12.7199
12.6979
12.7079
12.7099
12.682
12.687
12.6791
12.682
12.67
12.7001
12.7032
12.6951
12.687
12.706
12.6791
12.707
12.691
12.7079
12.681
12.7001
12.697
12.7032
12.7029
12.717
12.7079
12.7089
12.6739
12.707
12.7151
12.6741
12.677
12.7099
12.706
12.6939
12.6858
12.7051
12.6841
12.696
12.7108
12.728
12.702
12.686
12.7189
12.7239
12.6829
12.6979
12.6801
12.6879
12.7091
12.6781
12.696
12.681
12.6889
12.6801
12.7041
12.718
12.6941
12.713
12.7201
12.691
12.701
12.7201
12.748
12.691
12.7091
12.6879
12.691
12.6989
12.713
12.692
12.7139
12.6879
12.7189
12.6798
12.702
12.6929
12.6972
12.6872
12.692
12.7258
12.697
12.6998
12.6982
12.6951
12.687
12.7101
12.6951
12.7189
12.6979
12.692
12.6929
12.7161
12.7029
12.711
12.6929
12.7039
12.6889
12.696
12.6948
12.6989
12.7101
12.7029
12.696
12.691
12.691
12.687
12.682
12.686
12.681
12.7029
12.6879
12.717
12.7201
12.687
12.6889
12.692
12.697
12.6979
12.6939
12.697
12.6801
12.7151
12.6929
12.6898
12.6898
12.717
12.6939
12.6939
12.6851
12.7139
12.6748
12.686
12.696
12.7091
12.6882
12.7141
12.6829
12.6801
12.6891
12.6791
12.6841
