11.8949
11.843
11.8458
11.8699
11.8399
11.8549
11.837
11.8699
11.843
11.878
11.8721
11.883
11.8799
11.822
11.8749
11.8361
11.8952
11.802
11.858
11.8439
11.8692
11.8699
11.878
11.8239
11.822
11.843
11.8332
11.8458
11.847
11.848
11.8911
11.8601
11.837
11.8601
11.8871
11.833
11.8332
11.843
11.8389
11.874
11.8501
11.831
11.816
11.8241
11.8241
11.8589
11.8468
11.7769
11.8589
11.8301
11.827
11.8091
11.831
11.8511
19.5141
11.879
11.863
11.852
11.8361
11.8411
11.8561
11.8799
11.837
11.852
11.869
11.8301
11.8892
11.832
11.8721
11.7972
11.8649
11.796
11.873
11.8749
11.8608
11.842
11.8189
11.8349
11.8792
11.848
11.884
11.8449
11.8661
11.8701
11.837
11.8511
11.8701
11.8639
11.8299
11.8258
11.8051
11.8148
11.8709
11.8499
11.812
11.852
11.817
11.869
11.8501
11.848
11.8279
11.8461
11.8282
11.8339
11.8222
11.8489
11.8492
11.8661
11.8239
11.822
11.843
11.8608
11.8189
11.8361
11.8642
11.8749
11.8358
11.857
11.857
11.8871
11.853
11.8201
11.8401
11.8599
11.8589
11.8361
11.8411
11.868
11.78
11.8721
11.863
11.858
11.8639
11.8239
11.8351
11.8201
11.867
11.889
11.8799
11.8599
11.8809
11.919
11.8282
11.8201
11.884
11.8458
11.883
11.869
11.8248
11.8432
11.8539
11.8639
11.827
11.8558
11.8821
11.795
11.8141
11.8501
11.8961
11.8229
11.842
11.8549
11.863
11.832
11.8392
11.8589
11.8351
11.878
11.8039
11.868
11.8089
11.8759
11.847
11.8549
11.843
11.8232
11.867
11.832
11.7838
11.8339
11.8442
11.8699
11.8611
11.7881
11.8501
11.8189
11.843
11.9221
11.8279
11.8768
11.905
11.867
11.8651
11.8711
11.8661
11.8439
11.8029
11.8952
11.8489
11.8711
11.8461
11.8392
11.847
11.8382
11.869
11.7981
11.8411
11.8351
11.8432
11.8818
11.8649
11.857
11.8909
11.8182
11.7989
11.822
11.8542
11.827
11.8451
11.838
11.8439
11.873
11.786
11.8392
11.8918
11.883
11.8859
11.8518
11.868
11.826
11.8508
11.7941
11.8611
11.8542
11.821
11.879
11.8668
11.8611
11.8051
11.8601
11.8949
11.8349
11.8701
11.8511
11.862
11.899
11.8279
11.852
11.8358
11.853
11.899
11.8251
11.8542
11.8139
11.8589
11.8589
11.8399
11.831
11.8601
11.8151
11.956
11.8639
11.843
11.879
11.8361
11.8561
11.838
11.8179
11.8639
11.8508
11.8399
11.7521
11.8539
11.817
11.8461
11.837
11.8251
11.8511
11.852
11.8291
11.8511
11.7919
11.831
11.8361
11.8442
11.817
11.8351
11.817
11.8439
11.852
11.8279
11.873
11.8489
11.8589
11.8392
11.8799
11.858
11.8339
11.8511
11.8611
11.8971
11.8821
11.8401
11.8151
11.868
11.8279
11.8349
11.816
11.8258
11.817
11.888
11.8601
11.858
11.868
11.8191
11.811
11.8549
11.8632
11.857
11.8301
11.8921
11.8599
11.837
11.807
11.8771
11.8752
11.7991
11.806
11.826
11.8639
11.8639
11.821
11.8558
11.8468
11.826
11.8189
11.842
11.863
11.8821
11.8251
11.8511
11.8599
11.878
11.8599
11.8709
11.822
11.8299
11.8978
11.8258
11.8189
11.874
11.848
11.8611
11.857
11.868
11.8432
11.8499
11.8289
11.8639
11.797
11.8661
11.868
11.8239
11.8461
11.843
11.7791
11.8401
11.8499
11.8208
11.8349
11.8549
11.8349
11.873
11.8592
11.8871
11.8289
11.831
11.868
11.8279
11.8148
11.7931
11.853
11.858
11.858
11.8611
11.8001
11.8642
11.867
11.8799
11.8279
11.8411
11.874
11.853
11.862
11.8449
11.862
11.858
11.8308
11.8198
11.8709
11.8451
11.8341
11.8041
11.894
11.8549
11.8721
11.867
11.8229
11.8439
11.8752
11.8089
11.869
11.853
11.8299
11.8501
11.8649
11.837
11.8639
11.8361
11.8918
11.843
11.858
11.8442
11.8439
11.8198
11.827
11.8799
11.831
11.827
11.8279
11.8492
11.8241
11.832
11.8289
11.852
11.8079
11.7798
11.832
11.786
11.889
11.8752
11.858
11.867
11.812
11.8599
11.8418
11.8399
11.894
11.848
11.8701
11.879
11.8401
11.8201
11.8721
11.8852
11.8251
11.8721
11.8549
11.8389
11.833
11.826
11.883
11.847
11.8561
11.8549
11.8279
11.869
11.8921
11.852
11.8248
11.853
11.8461
11.8632
11.8759
11.8699
11.8642
11.868
11.8032
11.867
11.868
11.817
11.8642
11.8511
11.8561
11.8439
11.8821
11.8921
11.842
11.8458
11.8721
11.8499
11.8482
11.9081
11.7879
11.832
11.9019
11.8248
11.8718
11.8659
11.8198
11.8382
11.8129
11.838
11.822
11.8082
11.8351
11.797
11.8558
11.8339
11.8701
11.863
11.822
11.8659
11.8232
11.7989
11.8299
11.8999
11.8432
11.8799
11.8768
11.826
11.8759
11.833
11.8611
11.8461
11.879
11.812
11.8511
11.8449
11.8451
11.862
11.8701
11.8599
11.8659
11.8611
11.8511
11.8399
11.8201
11.8411
11.817
11.862
11.8909
11.8382
11.8611
11.832
11.8649
11.8411
11.889
11.8401
11.8549
11.831
11.8959
11.853
11.878
11.832
11.8279
11.8601
11.847
11.8639
11.8222
11.8508
11.797
11.8551
11.842
11.8761
11.811
11.857
11.8301
11.8301
11.847
11.8029
11.822
11.8191
11.843
11.9011
11.8971
11.842
11.8718
11.806
11.8799
11.874
11.863
11.857
11.852
11.8461
11.857
11.8051
11.9059
11.8442
11.8599
11.8668
11.8499
11.848
11.8821
11.8248
11.8449
11.843
11.812
11.8232
11.8959
11.8089
11.8639
11.842
11.8759
11.8542
11.852
11.842
11.8291
11.7919
11.867
11.8432
11.862
11.8139
11.8599
11.7762
11.802
11.8639
11.8239
11.8759
11.8508
11.8592
11.831
11.858
11.8451
11.883
11.8341
11.842
11.826
11.8692
11.853
11.8482
11.8549
11.8759
11.868
11.8639
11.909
11.8232
11.8179
11.8299
11.8101
11.8701
11.8501
11.863
11.8389
11.8859
11.8661
11.8101
11.8601
11.8141
11.8821
11.847
11.873
11.8508
11.8809
11.8439
11.8849
11.8639
11.8711
11.853
11.8639
11.8668
11.7939
11.8489
11.868
11.874
11.847
11.8029
11.904
11.869
11.831
11.8129
11.919
11.7939
11.8449
11.8592
11.8589
11.8649
11.8461
11.826
11.8821
11.862
11.8172
11.8229
11.8308
11.883
11.8461
11.7888
11.889
11.8229
11.838
11.8501
11.816
11.8639
11.863
11.8499
11.8699
11.8191
11.8201
11.899
11.8179
11.8189
11.8198
11.8611
11.8642
11.843
11.831
11.8198
11.826
11.8251
11.832
11.8639
11.8129
11.8718
11.822
11.806
11.8232
11.8248
11.8098
11.8198
11.8561
11.869
11.8439
11.8408
11.8051
11.888
11.8799
11.826
11.867
11.909
11.8701
11.8299
11.8558
11.817
11.8191
11.842
11.8599
11.8999
11.8232
11.8098
11.874
11.8661
11.8201
11.8179
11.8449
11.8208
11.838
11.8361
11.8911
11.8749
11.8358
11.8508
11.827
11.888
11.795
11.8492
11.8539
11.802
11.858
11.826
11.8902
11.8699
11.8592
11.868
11.858
11.8458
11.8139
11.874
11.8511
11.827
11.8241
11.8439
11.832
11.9369
11.8618
11.8511
11.807
11.8332
11.8921
11.8511
11.8179
11.8601
11.833
11.9009
11.8158
11.873
11.8661
11.8411
11.8549
11.8258
11.8449
11.817
11.8341
11.853
11.869
11.8551
11.821
11.8349
11.8659
11.858
11.8449
11.8158
11.807
11.8291
11.8439
11.857
11.8408
11.8611
11.8148
11.842
11.862
11.8561
11.848
11.847
11.8492
11.8229
11.8482
11.776
11.8151
11.8299
11.888
11.8291
11.8861
11.8601
11.883
11.903
11.8179
11.8299
11.837
11.821
11.8489
11.848
11.852
11.8191
11.8809
11.8549
11.8442
11.8289
11.8709
11.874
11.8589
11.853
11.8711
11.8101
11.843
11.7979
11.863
11.7729
11.832
11.8151
11.837
11.8489
11.8408
11.8549
11.8361
11.8692
11.79
11.791
11.8551
11.843
11.843
11.8101
11.8389
11.8501
11.8711
11.8389
11.8539
11.842
11.806
11.8401
11.7929
11.8549
11.853
11.827
11.8589
11.822
11.837
11.862
11.8721
11.8818
11.827
11.8361
11.8899
11.8439
11.8291
11.8151
11.8389
11.852
11.893
11.8599
11.8568
11.8489
11.7881
11.8139
11.842
11.858
11.8759
11.8721
11.9059
11.827
11.8539
11.8458
11.879
11.827
11.879
11.8172
11.8389
11.862
11.7819
11.8101
11.848
11.817
11.8151
11.8539
11.8611
11.8642
11.8539
11.894
11.802
11.8611
11.8651
11.8511
11.8721
11.8599
11.8399
11.826
11.801
11.8799
11.8389
11.8449
11.8549
11.8411
11.8539
11.8401
11.8589
11.8339
11.827
11.826
11.862
11.8709
11.873
11.868
11.8189
11.8358
11.853
11.8921
11.8339
11.8439
11.8699
11.884
11.847
11.8539
11.894
11.8449
11.8761
11.832
11.8511
11.8699
11.889
11.842
11.8439
11.863
11.8401
11.8361
11.8761
11.8341
11.821
11.8251
11.8599
11.847
11.889
11.867
11.8361
11.8511
11.832
11.8589
11.843
11.7891
11.832
11.8361
11.831
11.831
11.812
11.8341
11.821
11.847
11.8561
11.8501
11.8301
11.8549
11.8001
11.8351
11.8449
11.8701
11.8191
11.8251
11.8561
11.8501
11.8718
11.853
11.8151
