12.161
8.75497
8.75092
8.74686
8.75211
8.75115
8.73899
8.74615
8.744
8.74281
8.75187
8.73113
8.744
8.74686
8.75187
8.74901
8.74496
8.744
8.744
8.75998
8.73899
8.74281
8.74782
8.75306
8.74591
8.74805
8.75282
8.74496
8.74209
8.73709
8.74901
8.73995
8.744
8.74519
8.74901
8.744
8.75521
8.73995
8.74496
8.74686
8.74591
8.75401
8.73995
8.73494
8.74496
8.74805
8.744
8.7409
8.73899
8.75115
8.74209
8.74114
8.73613
8.75092
8.73804
8.73399
8.75282
8.74615
8.74305
8.73804
8.7409
8.75592
8.7502
8.74305
8.7409
8.75616
8.74305
8.74209
8.7471
8.7502
8.74496
8.73494
8.73685
8.74496
8.74496
8.74805
8.74305
8.75592
8.75497
8.74996
8.7471
8.74615
8.75401
8.75092
8.74209
8.73899
8.73899
8.74305
8.74591
8.74996
8.7471
8.73399
8.74686
8.74496
8.75211
8.75998
8.744
8.74114
8.75306
8.74305
8.74186
8.74305
8.744
8.75902
8.74901
8.74996
8.7471
8.7409
8.7471
8.7471
8.74186
8.74591
8.74901
8.73709
8.74615
8.73995
8.73709
8.73494
8.74019
8.74805
8.73613
8.74496
8.75711
8.73995
8.74186
8.74686
8.74305
8.75306
8.7471
8.73899
8.74901
8.74686
8.75306
8.74209
8.74114
8.73995
8.74114
8.7471
8.73899
8.73399
8.74305
8.73494
8.7378
8.73804
8.75211
8.74805
8.74019
8.74305
8.74209
8.74281
8.74805
8.7409
8.75783
8.74209
8.74114
8.75211
8.75688
8.74186
8.74186
8.73995
8.73899
8.73804
8.75092
8.7471
8.74805
8.74114
8.744
8.744
8.7328
8.7409
8.744
8.7409
8.73899
8.73399
8.74281
8.73995
8.74591
8.7471
8.74305
8.7328
8.76188
8.7471
8.74496
8.74019
8.75592
8.74305
8.744
8.73685
8.7471
8.74186
8.74686
8.74496
8.73995
8.7359
8.73709
8.74496
8.74519
8.74686
8.74305
8.73995
8.75211
8.74114
8.73899
8.74305
8.744
8.73399
8.74209
8.73899
8.7471
8.7378
8.744
8.74686
8.74209
8.73804
8.73995
8.74615
8.75306
8.73995
8.74591
8.74805
8.7409
8.74805
8.73804
8.74805
8.75092
8.73804
8.74114
8.75401
8.74782
8.72993
8.74686
8.7359
8.74686
8.7471
8.75998
8.74901
8.7328
8.73995
8.7409
8.74496
8.73804
8.73899
8.74996
8.74281
8.74805
8.7471
8.7471
8.74901
8.74496
8.75306
8.73995
8.74019
8.73804
8.74686
8.75998
8.744
8.74209
8.74114
8.74305
8.74281
8.75497
8.73613
8.74615
8.74996
8.74281
8.75497
8.73399
8.75497
8.75282
8.73899
8.75401
8.75092
8.74901
8.7471
8.73995
8.74805
8.73303
8.73685
8.74186
8.74496
8.74591
8.75592
8.74209
8.73399
8.73518
8.74901
8.74686
8.7471
8.74591
8.74496
8.74496
8.744
8.75592
8.73685
8.74305
8.76021
8.73899
8.73709
8.74496
8.74901
8.74615
8.744
8.74901
8.74901
8.74209
8.74305
8.75306
8.74496
8.74305
8.74114
8.73995
8.74996
8.76498
8.73995
8.75092
8.744
8.73804
8.73494
8.73899
8.74996
8.74686
8.75306
8.74996
8.74805
8.74615
8.73995
8.744
8.7471
8.74615
8.75521
8.74209
8.73995
8.7378
8.75497
8.74615
8.74686
8.74305
8.744
8.73995
8.7409
8.7409
8.75187
8.74805
8.75092
8.73995
8.7378
8.74591
8.74496
8.74901
8.744
8.74591
8.75401
8.74209
8.74281
8.74496
8.744
8.76093
8.74591
8.74805
8.7471
8.76307
8.74496
8.75092
8.73899
8.74496
8.74305
8.7471
8.74805
8.75401
8.7471
8.74114
8.74305
8.73709
8.744
8.744
8.74591
8.75616
8.73804
8.74496
8.73804
8.74996
8.7409
8.76093
8.74281
8.7471
8.75592
8.74901
8.75688
8.74019
8.76117
8.74901
8.72898
8.61216
8.75688
8.74996
8.74305
8.74901
8.75688
8.73995
8.744
8.74186
8.73899
8.7378
8.744
8.75616
8.74019
8.74615
8.73399
8.75092
8.7471
8.74996
8.74591
8.7359
8.7409
8.744
8.74496
8.73685
8.74686
8.75592
8.75092
8.74901
8.74019
8.74591
8.73899
8.74019
8.744
8.74996
8.74305
8.74591
8.7471
8.75688
8.74114
8.75998
8.75092
8.75211
8.74209
8.73709
8.74019
8.73709
8.74209
8.73899
8.74496
8.74305
8.744
8.74591
8.75592
8.74901
8.74591
8.73709
8.74305
8.75807
8.74996
8.74305
8.75998
8.74615
8.75306
8.73899
8.74805
8.74805
8.7409
8.74615
8.73804
8.74496
8.73709
8.74782
8.75092
8.74901
8.73899
8.7409
8.74186
8.74901
8.74209
8.75902
8.74496
8.74496
8.73899
8.74901
8.75092
8.73899
8.74114
8.74686
8.74901
8.74209
8.74496
8.73899
8.75497
8.75092
8.74209
8.74686
8.75282
8.74209
8.74209
8.7409
8.73303
8.76498
8.73995
8.74591
8.7378
8.74615
8.74186
8.73899
8.74901
8.744
8.7409
8.74496
8.7471
8.75306
8.76307
8.73804
8.75998
8.75115
8.73899
8.75378
8.75092
8.73995
8.74591
8.74591
8.744
8.73899
8.744
8.76713
8.74496
8.74782
8.73899
8.74186
8.74209
8.74305
8.74186
8.75282
8.75092
8.75115
8.74805
8.74996
8.7471
8.75401
8.74209
8.7471
8.75092
8.7471
8.74519
8.74305
8.75688
8.74519
8.74782
8.74901
8.74591
8.74496
8.7409
8.75902
8.75282
8.74496
8.74186
8.7378
8.74686
8.74686
8.75187
8.75521
8.73303
8.74305
8.74305
8.73995
8.75092
8.74591
8.744
8.74209
8.74615
8.74615
8.75115
8.74901
8.75092
8.73709
8.73804
8.74209
8.76689
8.73995
8.744
8.74496
8.73685
8.74591
8.74496
8.74305
8.7471
8.73804
8.74305
8.73899
8.74615
8.75711
8.74901
8.73709
8.75998
8.744
8.73804
8.75211
8.73899
8.74186
8.74805
8.74615
8.74305
8.75187
8.7409
8.7409
8.73899
8.74209
8.73303
8.73899
8.75401
8.73613
8.73899
8.74496
8.744
8.7378
8.73995
8.73685
8.73995
8.73804
8.75401
8.74996
8.74305
8.73804
8.74615
8.75092
8.74996
8.73995
8.74615
8.73899
8.75306
8.74019
8.74209
8.74901
8.7409
8.75092
8.73804
8.74114
8.74114
8.74186
8.73995
8.75497
8.75211
8.75401
8.74305
8.74686
8.74496
8.74996
8.73995
8.744
8.74901
8.74591
8.75092
8.73613
8.74305
8.74805
8.74305
8.73804
8.74686
8.74186
8.75306
8.74496
8.74901
8.74281
8.74591
8.74591
8.74901
8.74305
8.7471
8.74901
8.75616
8.74496
8.72993
8.7471
8.75783
8.7502
8.74901
8.74996
8.74496
8.73399
8.73804
8.74901
8.75401
8.72803
8.73899
8.74805
8.75282
8.73613
8.744
8.73899
8.744
8.7359
8.73494
8.74901
8.75115
8.7409
8.7502
8.73494
8.744
8.73518
8.74496
8.74686
8.744
8.74305
8.73399
8.744
8.74209
8.74591
8.76212
8.74209
8.74114
8.74209
8.7359
8.73899
8.73995
8.73804
8.7409
8.74686
8.74305
8.7328
8.7471
8.74901
8.75592
8.74901
8.74114
8.7471
8.75521
8.74901
8.73399
8.73899
8.74996
8.74686
8.73399
8.74519
8.744
8.74496
8.74686
8.75497
8.74686
8.75306
8.73709
8.74996
8.75616
8.74519
8.73804
8.7471
8.744
8.74305
8.74901
8.74996
8.74281
8.7409
8.744
8.75306
8.74615
8.74114
8.7471
8.73399
8.7378
8.74305
8.74901
8.74209
8.73613
8.74591
8.73899
8.744
8.74496
8.73899
8.77786
8.76188
8.74805
8.7471
8.75187
8.75783
8.74901
8.7378
8.74805
8.7471
8.74209
8.74519
8.744
8.74805
8.74901
8.75092
8.74901
8.7378
8.74686
8.74591
8.7409
8.75282
8.744
8.744
8.7328
8.73804
8.75306
8.75616
8.75401
8.74805
8.73709
8.7378
8.7471
8.74519
8.73995
8.73303
8.74996
8.744
8.74591
8.744
8.74901
8.74615
8.74496
8.73899
8.75497
8.75401
8.74186
8.73899
8.75092
8.74305
8.74496
8.74496
8.74615
8.74496
8.74496
8.74186
8.74996
8.74305
8.74686
8.73995
8.74519
8.74209
8.73995
8.7359
8.75688
8.74901
8.74305
8.74591
8.74519
8.75592
8.75211
8.74019
8.74305
8.74114
8.74305
8.75092
8.73804
8.73518
8.73995
8.73804
8.75306
8.74281
8.73995
8.74186
8.74615
8.73899
8.73995
8.744
8.744
8.74805
8.73995
8.76188
8.7359
8.7409
8.74209
8.74782
8.74591
8.74591
8.74305
8.74615
8.74996
8.744
8.73709
8.744
8.74496
8.74591
8.74805
8.73804
8.75592
8.75282
8.75092
8.73303
8.74305
8.73613
8.73899
8.74496
8.75401
8.74615
8.744
8.74591
8.7359
8.744
8.74114
8.74591
8.75282
8.74686
8.73995
8.75282
8.74209
8.75306
8.74209
8.73613
8.73709
8.74996
8.74186
8.73899
8.75401
8.74591
8.744
8.74305
8.74996
8.7359
8.7409
8.7471
8.76021
8.73518
8.74686
8.74591
8.74496
8.75401
8.74305
8.74686
8.74496
8.73899
8.74901
8.74209
8.75711
8.73399
8.73804
8.74209
8.73709
8.7471
8.74901
8.74591
8.7409
8.74114
8.74901
8.74496
8.74805
8.73804
8.744
8.73709
8.73685
8.73709
8.73804
8.7471
8.75616
8.74209
8.744
8.74996
8.75401
8.74591
8.7409
8.74901
8.7471
8.74686
8.74186
8.75306
8.74901
8.74305
8.7409
8.74805
8.74805
8.7359
8.74019
8.74615
8.744
8.75401
8.75783
8.76093
8.75092
8.75092
8.744
8.74591
8.74591
8.74496
8.76403
8.74782
8.73804
8.744
8.75306
8.74615
8.73709
8.744
8.74591
8.73995
8.74114
8.75092
8.74305
8.744
8.74114
8.73804
8.74782
8.7409
8.744
8.73709
8.75878
8.75902
8.73995
8.73399
8.744
8.75187
8.74305
8.75306
8.74805
8.74496
8.74186
