0.606775
0.306129
0.298977
0.299931
0.298977
0.299931
0.298977
0.299931
0.298977
0.291109
0.277996
0.277996
0.280142
0.261068
0.260115
0.260115
0.260115
0.258923
0.259876
0.259876
0.260115
0.260115
0.260115
0.260115
0.260115
0.259876
0.258923
0.258923
0.260115
0.260115
0.260115
0.260115
0.260115
0.260115
0.260115
0.260115
0.259876
0.259876
0.259876
0.259876
0.259876
0.260115
0.260115
0.260115
0.260115
0.260115
0.260115
0.261068
0.260115
0.259876
0.261068
0.259876
0.259876
0.259876
0.259876
0.259876
0.260115
0.261068
0.259876
0.260115
0.260115
0.260115
0.260115
0.261068
0.260115
0.260115
0.259876
0.259876
0.259876
0.26083
0.259876
0.259876
0.259876
0.26083
0.259876
0.259876
0.259876
0.26083
0.259876
0.259876
0.259876
0.259876
0.260115
0.260115
0.260115
0.260115
0.261068
0.260115
0.260115
0.260115
0.259876
0.259876
0.259876
0.259876
0.259876
0.259876
0.259876
0.261068
0.259876
0.260115
0.260115
0.260115
0.260115
0.260115
0.261068
0.262976
0.259876
0.26083
0.259876
0.259876
0.260115
0.260115
0.260115
0.261068
0.260115
0.260115
0.260115
0.259876
0.259876
0.259876
0.259876
0.26083
0.259876
0.259876
0.259876
0.260115
0.260115
0.262022
0.26083
0.262022
0.262022
0.260115
0.260115
0.261068
0.261068
0.260115
0.265837
0.259876
0.261068
0.259876
0.259876
0.260115
0.260115
0.260115
0.260115
0.260115
0.259876
0.261068
0.259876
0.259876
0.26083
0.259876
0.259876
0.259876
0.259876
0.259876
0.260115
0.261068
0.260115
0.260115
0.260115
0.260115
0.260115
0.261068
0.260115
0.259876
0.261068
0.260115
0.261068
0.260115
0.261068
0.260115
0.259876
0.259876
0.259876
0.26083
0.26083
0.259876
0.259876
0.26083
0.26083
0.259876
0.259876
0.259876
0.259876
0.263214
0.261068
0.261068
0.260115
0.260115
0.260115
0.262022
0.26083
0.262022
0.262022
0.260115
0.260115
0.261068
0.260115
0.260115
0.260115
0.261068
0.260115
0.260115
0.260115
0.261068
0.260115
0.259876
0.259876
0.26083
0.261068
0.259876
0.259876
0.260115
0.259876
0.259876
0.259876
0.259876
0.259876
0.259876
0.26083
0.259876
0.259876
0.261068
0.259876
0.260115
0.261068
0.260115
0.260115
0.260115
0.261068
0.260115
0.260115
0.261068
0.260115
0.260115
0.260115
0.261068
0.260115
0.261068
0.260115
0.260115
0.261068
0.260115
0.260115
0.260115
0.260115
0.261068
0.261068
0.260115
0.260115
0.261068
0.261068
0.260115
0.261068
0.261068
0.26083
0.262022
0.262022
0.260115
0.260115
0.261068
0.260115
0.260115
0.261068
0.260115
0.260115
0.260115
0.261068
0.260115
0.261068
0.260115
0.260115
0.260115
0.261068
0.261068
0.260115
0.261068
0.260115
0.260115
0.260115
0.261068
0.260115
0.260115
0.260115
0.259876
0.261068
0.261068
0.260115
0.261068
0.261068
0.260115
0.260115
0.261068
0.260115
0.259876
0.259876
0.259876
0.261068
0.260115
0.260115
0.259876
0.259876
0.26083
0.259876
0.259876
0.259876
0.26083
0.259876
0.26083
0.259876
0.259876
0.26083
0.259876
0.26083
0.259876
0.259876
0.259876
0.26083
0.259876
0.259876
0.260115
0.260115
0.260115
0.260115
0.260115
0.260115
0.260115
0.260115
0.259876
0.259876
0.26083
0.261068
0.259876
0.259876
0.259876
0.259876
0.259876
0.261068
0.259876
0.260115
0.260115
0.260115
0.260115
0.260115
0.260115
0.261068
0.260115
0.259876
0.259876
0.259876
0.259876
0.259876
0.261068
0.259876
0.260115
0.260115
0.260115
0.260115
0.261068
0.260115
0.260115
0.260115
0.259876
0.259876
0.259876
0.26083
0.26083
0.259876
0.259876
0.259876
0.259876
0.259876
0.259876
0.259876
0.259876
0.259876
0.260115
0.259876
0.260115
0.260115
0.260115
0.260115
0.261068
0.260115
0.260115
0.260115
0.260115
0.260115
0.260115
0.260115
0.261068
0.260115
0.259876
0.259876
0.259876
0.259876
0.259876
0.260115
0.260115
0.259876
0.259876
0.259876
0.259876
0.261068
0.259876
0.260115
0.260115
0.260115
0.260115
0.260115
0.260115
0.259876
0.259876
0.259876
0.259876
0.259876
0.259876
0.26083
0.259876
0.259876
0.260115
0.260115
0.260115
0.260115
0.260115
0.261068
0.260115
0.260115
0.259876
0.259876
0.259876
0.259876
0.259876
0.260115
0.259876
0.259161
0.260115
0.260115
0.260115
0.260115
0.260115
0.259876
0.259876
0.259876
0.259876
0.259876
0.260115
0.261068
0.260115
0.260115
0.260115
0.260115
0.260115
0.260115
0.259876
0.259876
0.259876
0.26083
0.259876
0.259876
0.259876
0.260115
0.260115
0.260115
0.260115
0.260115
0.262976
0.261068
0.259876
0.260115
0.260115
0.260115
0.261068
0.260115
0.260115
0.260115
0.260115
0.259876
0.259876
0.259876
0.259876
0.259876
0.259876
0.259876
0.260115
0.260115
0.260115
0.260115
0.260115
0.260115
0.260115
0.260115
0.259876
0.259876
0.259876
0.261068
0.259876
0.259876
0.259876
