147.173
140.069
139.527
140.5
137.387
137.062
137.159
135.485
131.51
132.726
132.733
130.128
126.955
127.768
127.804
127.833
126.071
126.94
127.925
127.853
127.455
125.972
129.112
130.515
130.566
130.595
131.38
131.479
129.945
129.598
130.127
130.842
130.937
128.884
127.767
128.206
128.206
125.216
125.179
128.743
128.75
128.705
124.643
121.267
126.423
127.347
124.306
113.391
113.433
114.219
114.414
114.347
111.91
111.128
113.295
115.41
115.517
115.391
112.549
113.128
115.491
116.328
116.217
116.315
113.939
113.216
116.404
117.722
117.681
117.649
117.641
117.855
117.755
117.772
117.764
117.672
117.593
117.611
117.655
117.889
117.735
118.893
118.985
118.901
119.076
119.028
119.013
119.078
119.023
119.093
118.966
118.949
119.097
119.037
119.129
119.24
119.143
118.85
119.033
119.017
