17.1392
16.1371
16.1331
16.12
16.1211
16.1231
16.1271
16.1221
16.1228
16.1171
16.1221
16.113
16.1178
16.1159
16.125
16.125
16.135
16.1309
16.1281
16.1202
16.1211
16.1271
16.129
16.1312
16.1161
16.1171
16.1171
16.1381
16.1319
16.1388
16.1269
16.12
16.1209
16.124
16.1228
16.129
16.12
16.1259
16.1309
16.1219
16.125
16.119
16.1209
16.12
16.1321
16.1259
16.1262
16.1269
16.1119
16.1219
16.1321
16.125
16.1221
16.1152
16.1209
16.1209
16.125
16.1211
16.1362
16.1252
16.134
16.1228
16.1221
16.1269
16.1278
16.118
16.1331
16.1259
16.1281
16.1381
16.1381
16.124
16.125
16.13
16.13
16.124
16.125
16.1431
16.1221
16.1259
16.1312
16.129
16.1231
16.1231
16.13
16.1428
16.125
16.1231
16.1231
16.1319
16.1221
16.1161
16.1061
16.1269
16.1259
16.1269
16.1231
16.1171
16.1211
16.119
16.1221
16.1219
16.115
16.129
16.1161
16.13
16.1381
16.1161
16.1231
16.1171
16.1262
16.13
16.1211
16.1259
16.1259
16.1221
16.124
16.1231
16.114
16.1321
16.1281
16.124
16.1231
16.1219
16.113
16.1259
16.119
16.1209
16.1319
16.1259
16.1252
16.124
16.1271
16.118
16.1221
16.1262
16.134
16.1319
16.1271
16.1309
16.1259
16.1209
16.1262
16.1221
16.13
16.13
16.129
16.1178
16.1331
16.1269
16.1221
16.1488
16.134
16.1381
16.135
16.124
16.1231
16.12
16.1331
16.1209
16.1378
16.119
16.1231
16.125
16.115
16.1262
16.1309
16.119
16.12
16.114
16.1231
16.13
16.129
16.1159
16.1252
16.1269
16.129
16.1262
16.1309
16.129
16.125
16.1278
16.1259
16.1321
16.1309
16.1309
16.12
16.1288
16.1219
16.1169
16.1309
16.1309
16.129
16.124
16.118
16.125
16.1209
16.1328
16.129
16.115
16.134
16.1302
16.1288
16.125
16.1319
16.1269
16.1259
16.1362
16.1259
16.119
16.1309
16.1209
16.1309
16.124
16.1259
16.1252
16.1281
16.1219
16.1271
16.1419
16.1221
16.1259
16.1309
16.1231
16.135
16.1409
16.1269
16.1219
16.1278
16.1259
16.125
16.1319
16.1331
16.1271
16.13
16.1278
16.1281
16.1359
16.1209
16.135
16.1228
16.1359
16.1321
16.125
16.1281
16.1371
16.1331
16.1412
16.1269
16.144
16.1281
16.1221
16.139
16.13
16.1371
16.1321
16.1221
16.125
16.1328
16.1281
16.1331
16.14
16.1281
16.1281
16.1221
16.124
16.119
16.1231
16.1321
16.1238
16.1252
16.1221
16.1281
16.124
16.1219
16.129
16.1259
16.134
16.129
16.1331
16.1209
16.1231
16.1278
16.1221
16.1262
16.1281
16.1159
16.1319
16.1459
16.135
16.1328
16.1271
16.119
16.1309
16.124
16.124
16.1369
16.129
16.1228
16.1321
16.1321
16.1381
16.1281
16.124
16.1328
16.1312
16.13
16.129
16.129
16.145
16.1278
16.129
16.1312
16.1259
16.144
16.13
16.1259
16.1369
16.1319
16.145
16.1262
16.1371
16.129
16.1371
16.1312
16.1221
16.139
16.124
16.1262
16.1269
16.1281
16.1281
16.125
16.1321
16.125
16.134
16.1362
16.1321
15.9841
16.1302
16.1271
16.13
16.134
16.1271
16.1328
16.119
16.1471
16.1362
16.1259
16.119
16.125
16.1369
16.119
16.125
16.14
16.1271
16.1259
16.125
16.1321
16.1152
16.1381
16.1309
16.1359
16.139
16.1281
16.1362
16.1371
16.1331
16.134
16.1359
16.1359
16.1259
16.129
16.1219
16.1159
16.1259
16.124
16.1159
16.1381
16.1309
16.124
16.1281
16.1409
16.129
16.119
16.118
16.1309
16.1269
16.13
16.1331
16.1169
16.1228
16.114
16.124
16.13
16.1281
16.124
16.1288
16.1371
16.135
16.13
16.1312
16.1309
16.1271
16.1321
16.1278
16.1371
16.1171
16.1431
16.13
16.129
16.1228
16.12
16.125
16.124
16.1359
16.1319
16.1319
16.1362
16.1211
16.134
16.125
16.1312
16.1321
16.124
16.1312
16.1281
16.1369
16.1321
16.1409
16.134
16.1231
16.144
16.1321
16.1319
16.1278
16.125
16.1238
16.1281
16.1321
16.1369
16.12
16.1331
16.1309
16.13
16.135
16.1419
16.119
16.1421
16.125
16.14
16.1309
16.1309
16.124
16.1278
16.1219
16.13
16.1281
16.134
16.1228
16.1209
16.1362
16.1269
16.1362
16.1312
15.9779
16.134
16.125
16.1221
16.1359
16.1321
16.119
16.1259
16.135
16.1371
16.135
16.135
16.1278
16.1331
16.125
16.1219
16.1319
16.1281
16.1231
16.13
16.1231
16.1269
16.1309
16.1321
16.1312
16.1271
16.1381
16.1219
16.1259
16.125
16.119
16.1281
16.139
16.1271
16.1259
16.1228
16.129
16.124
16.1419
16.13
16.1319
16.1209
16.12
16.129
16.1271
16.125
16.129
16.1159
16.1309
16.125
16.124
16.1438
16.1371
16.1288
16.125
16.125
16.13
16.1319
16.1421
16.1641
16.1371
16.134
16.1281
16.1359
16.12
16.125
16.1331
16.1319
16.1231
16.1231
16.125
16.13
16.1321
16.134
16.139
16.1309
16.134
16.1309
16.1269
16.1328
16.129
16.1471
16.124
16.1319
16.1259
16.1219
16.13
16.1359
16.129
16.1231
16.135
16.1281
16.124
16.125
16.125
16.14
16.135
16.1259
16.1378
16.13
16.13
16.1412
16.1262
16.13
16.129
16.1309
16.125
16.1312
16.1381
16.1171
16.139
16.1309
16.1309
16.135
16.119
16.1271
16.1259
16.1281
16.135
16.1331
16.1228
16.118
16.124
16.1302
16.1259
16.1359
16.1281
16.1262
16.1231
16.1271
16.1202
16.1209
16.129
16.1331
16.13
16.1271
16.1328
16.124
16.1281
16.13
16.134
16.1419
16.1288
16.1209
16.134
16.135
16.139
16.1321
16.1381
16.1259
16.1231
16.1231
16.1321
16.1219
16.129
16.1331
16.129
16.139
16.1309
16.1281
16.124
16.13
16.129
16.125
16.1319
16.1359
16.1428
16.1369
16.1371
16.13
16.129
16.135
16.129
16.1338
16.1271
16.1281
16.1321
16.13
16.1331
16.13
16.1378
16.1359
16.1271
16.1409
16.134
16.134
16.1419
16.144
16.144
16.139
16.1231
16.1331
16.1288
16.135
16.1331
16.1371
16.1231
16.1278
16.145
16.1321
16.1328
16.125
16.1309
16.1302
16.125
16.13
16.1211
16.13
16.1321
16.1281
16.14
16.129
16.1312
16.149
16.1281
16.134
16.134
16.14
16.1281
16.1331
16.129
16.12
16.1388
16.1259
16.14
16.135
16.1369
16.1328
16.1431
16.1271
16.1419
16.1252
16.124
16.1352
16.13
16.1381
16.1262
16.1331
16.124
16.1331
16.1321
16.145
16.1302
16.1371
16.1469
16.1309
16.1431
16.13
16.1371
16.1321
16.1331
16.1321
16.1288
16.1371
16.1369
16.1321
16.1328
16.12
16.135
16.134
16.1281
16.1278
16.135
16.13
16.1259
16.1271
16.1362
16.1321
16.124
16.1369
16.1321
16.1388
16.1378
16.144
16.134
16.1331
16.14
16.1278
16.135
16.1278
16.1362
16.1271
16.1259
16.135
16.1319
16.125
16.1281
16.1338
16.1402
16.1321
16.1359
16.1412
16.1328
16.129
16.1271
16.14
16.139
16.1319
16.139
16.139
16.1362
16.13
16.13
16.1421
16.135
16.1362
16.1359
16.1309
16.1321
16.1359
16.1362
16.1231
16.1409
16.139
16.1319
16.1309
16.1541
16.134
16.1259
16.135
16.1278
16.1319
16.1359
16.134
16.14
16.1309
16.1362
16.1259
16.1309
16.1371
16.1259
16.14
16.1309
16.1309
16.1371
16.1388
16.124
16.1278
16.1271
16.1381
16.1338
16.124
16.1278
16.1262
16.125
16.1328
16.1271
16.1359
16.13
16.1328
16.1281
16.125
16.1231
16.129
16.134
16.1281
16.1321
16.1269
16.1381
16.125
16.13
16.13
16.134
16.1259
16.139
16.1409
16.1269
16.1428
16.134
16.1412
16.14
16.134
16.1309
16.1359
16.1359
16.151
16.1281
16.1362
16.1388
16.13
16.1302
16.1259
16.1369
16.1381
16.139
16.1221
16.1271
16.1328
16.134
16.134
16.1221
16.1331
16.135
16.1321
16.1281
16.134
16.1369
16.124
16.1371
16.1219
16.1321
16.1371
16.1259
16.1419
16.139
16.1338
16.125
16.1231
16.125
16.13
16.1319
16.134
16.1369
16.1352
16.129
16.1281
16.134
16.135
16.135
16.13
16.14
16.1431
16.1459
16.1221
16.1281
16.1419
16.1252
16.1459
16.1312
16.13
16.1331
16.1381
16.1359
16.134
16.1331
16.1371
16.1262
16.1331
16.125
16.129
16.14
16.1281
16.1259
16.1309
16.1362
16.1362
16.1359
16.1271
16.1431
16.1431
16.134
16.129
16.1281
16.125
16.1409
16.129
16.134
16.139
16.13
16.1312
16.1281
16.1302
16.1171
16.134
16.14
16.124
16.1281
16.1331
16.1271
16.129
16.134
16.1281
16.129
16.135
16.1309
16.124
16.1259
16.1319
16.1321
16.1409
16.13
16.1362
16.124
16.1221
16.135
16.1512
16.1221
16.1321
16.134
16.1328
16.1331
16.1228
16.134
16.1328
16.1321
16.1359
16.156
16.1271
16.1302
16.13
16.1359
16.1371
16.1338
16.1302
16.13
16.135
16.13
16.14
16.1259
16.14
16.1281
16.1321
16.125
16.1309
16.1269
16.124
16.1371
16.14
16.1319
16.139
16.1209
16.125
16.13
16.13
16.13
16.1338
16.1409
16.1381
16.1328
16.1209
16.1378
16.1431
16.125
16.1302
16.1259
