11.668
10.2992
10.4539
10.1361
10.3562
10.3889
11.1971
10.3819
10.2451
10.5159
10.813
10.402
10.165
10.2499
10.0932
10.1812
10.2439
10.5121
10.3459
10.4709
10.443
10.4361
10.0231
10.2539
10.303
10.2649
10.1812
10.5979
9.91988
10.1342
10.1702
10.3989
10.349
9.96804
10.5028
10.529
10.134
10.0639
10.638
10.4361
10.57
10.601
10.433
10.668
10.8509
10.3681
10.205
10.2
10.2191
10.365
10.361
10.5059
10.0551
10.098
10.1469
10.169
10.3431
10.0648
10.7751
10.2739
9.87601
10.258
9.98998
10.493
10.1249
10.175
10.9949
10.4802
10.2808
10.2141
10.4849
9.9709
10.082
10.5181
10.2859
10.385
10.0009
10.2341
10.2561
10.107
10.0939
10.222
9.96709
10.1418
10.1972
9.99498
10.4342
10.1728
10.0701
10.0811
10.5498
10.335
10.1161
10.612
10.426
10.1399
10.576
9.87411
10.2859
10.4101
10.0689
9.80616
9.90701
10.1571
10.2699
10.0591
10.1042
10.9849
10.134
10.2391
10.128
10.258
10.293
10.3831
10.2658
10.4079
10.1402
10.3269
10.0801
10.0918
10.4051
9.8629
10.561
10.03
10.242
10.361
9.99498
10.376
10.2401
10.5469
10.3889
10.175
10.3049
10.52
10.1051
10.2451
10.3822
10.4709
10.0989
9.9411
10.766
10.4179
9.97901
10.102
10.3741
10.148
10.52
10.6139
10.4051
10.5579
9.99618
10.3648
10.1972
10.1559
10.3459
9.92894
10.1509
10.175
10.4241
10.4671
10.1712
10.2232
10.8829
10.0121
10.5429
10.3199
10.5071
10.437
10.4318
10.0951
10.1469
10.432
10.7291
10.1471
10.3731
10.4949
10.4649
10.515
10.1571
9.98092
10.5109
10.0741
9.97806
9.94992
10.922
10.066
10.3071
10.4089
10.396
10.3121
10.4592
10.3381
10.0641
10.1731
10.3991
10.1819
10.0241
10.078
9.99999
9.97996
10.3791
9.90796
10.468
10.036
10.3569
10.4721
10.0749
10.581
10.407
10.499
10.5231
10.0539
10.021
10.308
10.0498
11.065
10.113
10.1681
10.2069
10.453
9.96399
10.52
10.4051
10.0279
9.99808
10.3579
10.1762
10.3679
10.324
10.277
9.94492
10.4549
10.36
10.1371
10.9921
10.092
10.2689
10.319
10.5879
10.3099
10.2961
10.191
10.3531
9.98807
10.011
10.143
10.453
10.1919
10.956
9.93896
10.114
10.0329
10.3841
10.1359
10.2279
10.2222
10.2291
10.186
10.591
10.216
10.2921
10.2961
10.4311
10.6318
10.6461
10.7129
10.0181
9.89199
10.304
10.545
10.2179
9.84812
10.1881
10.1449
10.777
10.2811
10.4799
10.113
10.565
10.323
10.2849
10.3099
10.0472
10.1712
10.191
10.0729
10.576
10.042
10.3121
10.4361
10.215
10.2599
10.4721
10.2608
10.607
10.5941
10.366
10.179
10.02
10.2842
10.2439
10.376
10.5259
9.89008
10.2098
9.83
10.4899
10.2501
10.535
11.0552
10.2491
10.2689
9.89795
10.5789
10.617
10.1111
10.509
10.8528
10.241
10.0491
10.314
10.3631
10.4518
10.6931
10.87
10.632
10.288
10.0651
9.8362
10.3159
10.2251
10.062
10.3519
10.3951
10.4389
10.5171
10.514
10.1941
10.5519
10.011
9.93609
10.4711
10.4291
10.114
10.463
10.184
10.5121
10.185
10.1929
10.3371
10.118
10.267
10.5839
10.319
10.381
10.3948
10.1151
10.2758
10.426
10.313
10.751
10.679
10.1612
10.0112
10.273
10.1149
10.9301
10.1779
10.0071
10.298
9.94706
10.0751
10.3502
10.7069
10.4871
10.4721
10.083
10.2191
10.6208
10.2952
10.4539
9.96399
10.303
10.1838
10.097
10.4179
10.2382
10.3021
10.3769
10.5331
10.447
10.505
10.5672
10.2401
10.3951
10.52
10.3829
10.2551
9.94587
10.2811
10.1762
10.138
10.3431
10.5331
10.2348
10.1891
10.3431
10.2501
10.2179
10.3312
10.0849
10.0851
10.2119
10.4699
10.1199
10.277
10.5381
10.2711
10.483
10.076
10.2308
10.0551
10.577
10.596
9.90295
10.3099
10.7169
10.469
10.5062
10.3011
10.5929
10.0329
10.4561
10.0451
10.118
10.4151
9.85909
10.097
10.2639
10.036
10.6549
10.901
10.227
10.0551
10.211
10.237
10.392
10.1869
10.3831
10.1349
10.066
10.0138
10.206
10.282
10.612
10.535
10.73
10.088
10.103
10.5431
10.493
10.1171
10.576
10.392
10.1588
10.406
10.2439
10.0329
10.2901
10.1819
10.1149
10.0751
10.381
10.4508
10.33
9.91106
10.2038
10.499
10.3471
10.695
10.2711
10.237
10.1221
10.1321
10.17
10.0179
10.4752
10.133
10.4601
10.2801
10.1299
10.1299
10.1719
9.7611
10.386
10.1061
10.663
10.1299
10.4299
9.99403
10.329
10.2971
9.90701
10.3731
10.1249
10.2749
10.042
10.258
10.2251
10.5209
10.1991
10.1109
10.253
10.179
10.313
10.01
10.689
10.6769
10.2341
10.2608
10.0131
10.2999
9.96804
10.37
10.2761
10.1418
10.3302
10.4868
10.582
10.2201
10.8721
10.442
10.4539
10.143
10.1869
10.3428
10.4101
10.438
10.6721
10.231
10.165
10.483
10.8311
10.6881
10.7291
10.0911
10.3319
10.159
10.2801
10.0291
10.119
10.4082
10.7028
10.4141
10.0651
10.906
10.397
10.329
10.3869
10.69
10.7739
10.221
10.4032
10.2289
9.93109
10.2739
10.118
10.375
10.309
10.5999
10.438
10.7901
10.1039
10.33
10.149
10.452
10.4461
9.99904
10.3259
10.618
9.96113
10.3378
10.5412
10.241
10.5109
10.2432
10.1109
10.2501
10.21
10.3009
10.185
10.313
10.396
10.0679
10.0899
10.3879
10.8039
9.99713
10.2201
10.1519
10.0799
9.97591
10.2711
10.428
10.4771
10.299
10.3219
10.1161
10.0229
10.4651
10.273
10.0901
10.242
10.1728
10.359
10.2041
10.174
10.2818
9.86409
10.2069
10.4902
9.93109
10.1111
10.036
10.8199
10.1299
10.591
10.0589
10.627
10.078
10.294
10.1511
10.2489
10.299
10.072
10.329
10.7119
10.406
9.82809
10.1929
10.1411
10.251
10.2639
10.0081
10.2029
10.3722
10.237
10.5929
10.3571
10.4079
10.092
10.1788
10.7191
10.6909
10.0319
10.293
10.3481
10.2129
10.052
10.3951
10.2389
10.509
10.3219
10.1202
10.4499
10.4921
10.751
10.824
10.5381
10.3128
10.493
9.92107
10.1531
10.3381
10.2091
9.91178
10.7911
10.4129
10.102
10.6521
10.4289
10.114
10.1521
10.4508
10.2851
10.3741
10.5011
10.3199
10.164
10.6609
10.4151
10.185
10.2479
10.432
10.2248
10.0231
10.345
10.361
10.566
10.072
10.5262
10.016
10.124
9.98878
10.0281
9.66096
10.5588
10.1361
10.7248
10.293
10.0539
10.4032
10.2181
11.0199
10.2689
10.2971
10.119
10.273
9.98902
10.0579
10.4661
10.3679
10.3841
10.6759
10.1671
10.211
10.3121
10.498
10.4978
10.565
9.99212
10.3159
11.0161
10.4051
10.2031
10.463
10.4899
10.2541
10.0751
10.112
10.653
10.2589
10.0031
10.3838
10.4082
10.139
10.4949
10.1659
10.1449
9.85098
9.90701
10.4451
10.231
10.3431
10.303
10.514
10.576
10.026
10.4072
10.1411
9.91797
9.85479
10.3941
10.4089
10.534
10.2789
10.4761
10.4699
10.5619
10.222
10.8509
10.359
10.2382
10.1628
9.94492
10.5932
10.3111
10.267
10.5069
10.124
10.272
10.6299
10.488
10.2341
10.4349
10.1461
10.263
10.0999
10.251
10.4899
10.114
10.4649
10.807
10.061
9.76181
10.5422
10.1919
10.2661
10.5598
10.191
10.4022
10.411
10.92
10.066
10.2029
10.0961
10.7839
10.433
10.5879
10.231
10.1161
10.1869
10.236
10.4699
10.5362
10.3221
10.7231
10.365
10.4511
10.0129
10.298
10.2959
10.2479
10.536
10.1242
10.3638
10.1819
10.1981
10.6339
10.375
10.314
9.92703
10.2651
10.226
10.066
9.98998
10.314
10.1249
10.1151
10.293
9.82118
9.98521
10.5538
11.1279
10.2031
10.5479
10.781
9.77397
10.18
10.0479
10.148
9.96113
10.2029
10.2351
10.38
10.4489
10.6189
10.3509
10.19
10.426
10.546
10.2179
10.215
10.025
10.2921
10.6339
10.9808
10.2241
10.179
10.0398
10.236
10.39
10.114
9.85599
10.066
10.421
10.3171
10.5951
9.82904
10.0119
10.324
10.3011
10.2479
10.2921
10.355
10.277
10.5581
10.2749
10.0579
10.04
10.294
10.1111
9.85289
10.2651
9.97782
10.113
10.2301
10.1569
10.432
9.97019
10.0601
10.118
10.2801
10.0389
10.159
10.4861
10.1581
10.412
10.313
10.335
10.2651
9.92203
10.8929
10.1531
10.03
10.2201
10.1418
10.313
9.92107
10.0811
10.3281
10.0999
10.211
10.318
10.221
10.391
10.406
10.1671
10.7112
10.3388
10.144
10.489
10.267
10.39
10.1011
10.072
10.33
10.087
10.1659
10.088
10.0629
10.0269
10.5591
10.319
10.2339
10.8891
10.2489
10.3431
9.9349
10.304
10.2351
10.288
10.3791
10.848
10.0491
10.309
11.2278
10.2482
10.329
10.318
10.674
10.484
10.1979
10.797
10.047
10.6621
10.3159
10.498
10.3521
10.143
10.2751
10.2711
10.2389
10.422
10.299
10.34
10.355
10.2551
10.2758
10.3481
10.5751
10.19
9.99999
10.7491
10.6139
10.262
10.1779
10.231
10.5381
10.2549
10.375
9.97686
10.473
10.499
10.38
10.2129
10.411
10.0729
10.282
10.6449
