0.292063
0.236988
0.231028
0.228882
0.228882
0.229836
0.228882
0.229836
0.228882
0.229836
0.229836
0.228882
0.229836
0.228882
0.229836
0.228882
0.230074
0.228882
0.231981
0.216007
0.212908
0.2141
0.213146
0.213146
0.200033
0.19908
0.198841
0.202894
0.198841
0.200033
0.200033
0.19908
0.200033
0.199795
0.200033
0.19908
0.19908
0.200033
0.200033
0.19908
0.200033
0.200033
0.200033
0.198841
0.200033
0.200033
0.19908
0.199795
0.200033
0.200033
0.19908
0.198841
0.199795
0.200033
0.200033
0.19908
0.200033
0.198841
0.200033
0.200033
0.200033
0.199795
0.200033
0.200033
0.200033
0.199795
0.200033
0.19908
0.200033
0.200033
0.200033
0.19908
0.200033
0.200033
0.19908
0.199795
0.200033
0.200033
0.200033
0.198841
0.199795
0.200033
0.19908
0.200033
0.200033
0.199795
0.200033
0.19908
0.19908
0.200033
0.200033
0.200033
0.19908
0.200033
0.200033
0.198841
0.200033
0.200033
0.200033
0.198841
0.199795
0.200033
0.200033
0.200033
0.199795
0.198841
0.200033
0.200033
0.200033
0.199795
0.19908
0.200033
0.200033
0.200033
0.198841
0.200033
0.200033
0.19908
0.200033
0.199795
0.200033
0.19908
0.200033
0.200033
0.199795
0.19908
0.200033
0.200987
0.201941
0.200987
0.200987
0.200033
0.204086
0.200033
0.199795
0.200033
0.200033
0.200033
0.198841
0.200033
0.200033
0.200033
0.200033
0.200033
0.19908
0.19908
0.200033
0.200033
0.200033
0.19908
0.200987
0.200033
0.198841
0.200033
0.200033
0.200033
0.200033
0.200033
0.19908
0.200033
0.200033
0.199795
0.200033
0.200033
0.200033
0.199795
0.200033
0.200033
0.200033
0.199795
0.200033
0.19908
0.200033
0.200033
0.199795
0.200033
0.200033
0.200033
0.198841
0.200033
0.200033
0.200033
0.200033
0.200987
0.200033
0.200033
0.198841
0.19908
0.200033
0.200033
0.200033
0.200987
0.200987
0.200987
0.200987
0.200033
0.198841
0.200033
0.19908
0.200033
0.200033
0.198841
0.200033
0.200033
0.200033
0.198841
0.200033
0.200033
0.19908
0.200033
0.198841
0.199795
0.19908
0.200033
0.200033
0.19908
0.200033
0.200987
0.19908
0.200033
0.19908
0.199795
0.198841
0.200033
0.19908
0.200033
0.200033
0.200033
0.200033
0.200033
0.19908
0.200033
0.200033
0.200033
0.200987
0.200033
0.200033
0.19908
0.200033
0.200033
0.198841
0.200033
0.200033
0.19908
0.200033
0.198841
0.200033
0.19908
0.200033
0.19908
0.200033
0.200033
0.19908
0.200033
0.200033
0.201225
0.200987
0.202179
0.200987
0.19908
0.203133
0.200033
0.200033
0.198841
0.199795
0.19908
0.200033
0.19908
0.200033
0.200033
0.198841
0.19908
0.200033
0.19908
0.200033
0.198841
0.200033
0.200033
0.19908
0.200033
0.19908
0.198841
0.200033
0.19908
0.200033
0.19908
0.200033
0.199795
0.19908
0.200033
0.19908
0.19908
0.200033
0.200033
0.19908
0.200033
0.200033
0.198841
0.199795
0.200033
0.19908
0.200033
0.19908
0.200033
0.198841
0.19908
0.200033
0.19908
0.200033
0.198841
0.199795
0.200033
0.19908
0.200033
0.19908
0.200033
0.19908
0.200033
0.19908
0.202179
0.200987
0.200987
0.200987
0.19908
0.200033
0.199795
0.200033
0.200033
0.200033
0.198841
0.200033
0.200987
0.19908
0.199795
0.200033
0.19908
0.200033
0.19908
0.202179
0.19908
0.200033
0.199795
0.200033
0.200033
0.19908
0.200033
0.200033
0.19908
0.200033
0.19908
0.200033
0.198841
0.200033
0.200033
0.19908
0.200033
0.200033
0.200033
0.19908
0.200033
0.19908
0.199795
0.200033
0.19908
0.200033
0.200033
0.198841
0.200033
0.19908
0.200033
0.200033
0.200033
0.19908
0.200033
0.200033
0.19908
0.200033
0.200033
0.19908
0.200033
0.199795
0.198841
0.200033
0.200987
0.200987
0.200987
0.201941
0.200033
0.20504
0.200033
0.201225
0.19908
0.19908
0.200033
0.200033
0.200033
0.200033
0.19908
0.200033
0.199795
0.200033
0.200033
0.200033
0.19908
0.200033
0.200033
0.200033
0.200033
0.19908
0.198841
0.200033
0.200033
0.19908
0.200033
0.200033
0.200987
0.200987
0.198841
0.200033
0.200033
0.200033
0.199795
0.200033
0.19908
0.200033
0.200033
0.200033
0.200033
0.19908
0.200033
0.200033
0.200033
0.201941
0.200033
0.200033
0.200987
0.198841
0.200033
0.200033
0.200033
0.198841
0.199795
0.200033
0.200033
0.19908
0.199795
0.200033
0.200033
0.200033
0.199795
0.200033
0.200033
0.198841
0.198841
0.200033
0.200033
0.19908
0.198841
0.200033
0.200033
0.200033
0.199795
0.200033
0.200033
0.200033
0.200987
0.200033
0.200033
0.199795
0.198841
0.200033
0.200033
0.200033
0.199795
0.200033
0.19908
0.19908
0.200987
0.200033
0.19908
0.200033
0.200033
0.199795
0.200033
0.200033
0.200033
0.198841
0.200033
0.200033
0.200033
0.198841
0.200033
0.200033
0.200033
0.200033
0.198841
0.200033
0.200033
0.200033
0.200033
0.200033
0.19908
0.200033
0.200033
0.200033
0.200033
0.19908
0.200033
0.199795
0.200033
0.19908
0.200987
0.200987
0.201941
0.201941
0.199795
0.20504
0.200033
0.200987
0.200987
0.199795
0.200987
0.200033
0.199795
0.200033
0.200033
0.200033
0.199795
0.200033
0.200033
0.201225
0.19908
0.200033
0.200033
0.200033
0.200033
0.200033
0.200033
0.200033
0.200033
0.200033
0.200033
0.198841
0.200033
0.200033
0.200033
0.200033
0.200033
0.200033
0.200033
0.200033
0.200033
0.19908
0.200033
0.200033
0.19908
0.200033
0.200033
0.200033
0.200033
0.200033
0.200033
0.200033
0.200033
0.200033
0.200033
0.199795
0.200033
0.19908
0.200033
0.200987
0.19908
0.200033
0.200033
0.200033
0.200033
0.200033
0.200033
0.200987
0.200033
0.200033
0.198841
0.199795
0.200033
0.200033
0.199795
0.198841
0.200033
0.200033
0.19908
0.198841
0.200033
0.200033
0.200987
0.200987
0.200033
0.19908
0.200033
0.200033
0.200033
0.200033
0.198841
0.199795
0.200033
0.19908
0.19908
0.200033
0.200033
0.200987
0.200033
0.199795
0.19908
0.200033
0.200033
0.199795
0.200033
0.19908
0.19908
0.200033
0.200033
0.200987
0.200033
0.199795
0.200033
0.200033
0.199795
0.200033
0.200033
0.200033
0.200033
0.200033
0.200033
0.19908
0.199795
0.200033
0.19908
0.200987
0.199795
0.200987
0.200987
0.200987
0.201941
0.200987
0.200033
0.20504
0.200033
0.200033
0.199795
0.200033
0.200033
0.200033
0.199795
0.200033
0.200033
0.200033
0.200033
0.200033
0.200033
0.200033
0.200033
0.200033
0.200033
0.200033
0.200033
0.200033
0.19908
0.200033
0.200033
0.200033
0.200033
0.200033
0.198841
0.200033
0.200033
0.200033
0.199795
0.200033
0.19908
0.200033
0.200033
0.199795
0.200033
0.200033
0.200033
0.199795
0.198841
0.19908
0.200033
0.200033
0.200033
0.200033
0.199795
0.200033
0.200033
0.200033
0.199795
0.200033
0.200033
0.200033
0.198841
0.199795
0.200033
0.200033
0.201225
0.200987
0.200987
0.200987
0.200033
0.198841
0.200033
0.200033
0.200033
0.198841
0.199795
0.200033
0.19908
0.19908
0.200033
0.199795
0.19908
0.200033
0.19908
0.200033
0.200033
0.19908
0.200033
0.200033
0.19908
0.199795
0.198841
0.19908
0.200033
0.19908
0.200033
0.200033
0.19908
0.200033
0.200033
0.198841
0.200033
0.200033
0.19908
0.200033
0.199795
0.198841
0.200033
0.200033
0.19908
0.200033
0.198841
0.200033
0.200033
0.19908
0.200033
0.200033
0.198841
0.200033
0.19908
0.200033
0.19908
0.200033
0.198841
0.200033
0.200033
0.19908
0.200033
0.19908
0.200987
0.200987
0.200987
0.200987
0.200033
0.205994
0.200033
0.200033
0.200033
0.200033
0.200033
0.19908
0.200033
0.200033
0.19908
0.200033
0.200033
0.198841
0.199795
0.198841
0.200033
0.200033
0.19908
0.200033
0.200033
0.200033
0.19908
0.200033
0.200033
0.198841
0.200033
0.19908
0.200033
0.200033
0.198841
0.199795
0.200033
0.19908
0.200033
0.198841
0.200033
0.19908
0.200033
0.200033
0.19908
0.199795
0.200033
0.204086
0.19908
0.200033
0.200033
0.199795
0.19908
0.200033
0.199795
0.200033
0.19908
0.200033
0.200033
0.200987
0.19908
0.200033
0.19908
0.200033
0.201941
0.200987
0.200987
0.200987
0.200033
0.200033
0.200033
0.199795
0.200033
0.19908
0.200033
0.198841
0.198841
0.200033
0.200033
0.19908
0.200033
0.198841
0.200033
0.19908
0.200033
0.200033
0.200033
0.200033
0.200033
0.19908
0.199795
0.200033
0.19908
0.200033
0.200033
0.200033
0.200033
0.19908
0.200033
0.200033
0.200033
0.200033
0.19908
0.200033
0.200033
0.198841
0.200033
0.200033
0.200033
0.199795
0.198841
0.200033
0.200033
0.199795
0.198841
0.200033
0.200033
0.19908
0.200033
0.199795
0.19908
0.200033
0.19908
0.200033
0.200033
0.200033
0.200033
0.19908
0.200987
0.200987
0.201941
0.200987
0.200033
0.205994
0.200033
0.200033
0.199795
0.200033
0.200033
0.200033
0.199795
0.202894
0.200033
0.200033
0.19908
0.200033
0.200033
0.200033
0.19908
0.200033
0.200033
0.199795
0.200033
0.200987
0.200033
0.198841
0.200033
0.200033
0.200033
0.198841
0.199795
0.200033
0.200033
0.19908
0.200033
0.200033
0.200033
0.200033
0.200033
0.200033
0.200033
0.200033
0.19908
0.200033
0.200033
0.200033
0.198841
0.19908
0.200033
0.200033
0.199795
0.198841
0.19908
0.200033
0.200033
0.198841
0.200033
0.200033
0.200033
0.19908
0.200033
0.200033
0.200033
0.200033
0.200033
0.200033
0.200033
0.200033
0.198841
0.200033
0.200033
0.200033
0.200033
0.200033
0.200033
0.19908
0.200033
0.199795
0.200033
0.200033
0.19908
0.198841
0.200987
0.200033
0.200033
0.200033
0.200033
0.200033
0.200033
0.200033
0.19908
0.200033
0.199795
0.200033
0.200033
0.19908
0.200033
0.200033
0.200033
0.199795
0.200033
0.200033
0.199795
