19.793
19.052
19.0489
19.0468
19.053
19.047
19.0539
19.0489
19.058
19.0461
19.053
19.0499
19.058
19.048
19.0599
19.058
19.0568
19.058
19.0539
19.0489
19.042
19.052
19.0551
19.0451
19.053
19.043
19.0568
19.062
19.0439
19.0639
19.0511
19.0539
19.0492
19.0542
19.0639
19.0451
19.0601
19.067
19.0661
19.0492
19.047
19.0399
19.0439
19.0532
19.073
19.0551
19.052
19.0461
19.052
19.0511
19.0642
19.0561
19.0461
19.057
19.0589
19.0592
19.0501
19.0539
19.0539
19.0558
19.0568
19.0511
19.0501
19.053
19.052
19.052
19.0451
19.0561
19.0561
19.052
19.058
19.0451
19.058
19.0561
19.0539
19.0501
19.0451
19.0499
19.057
19.0599
19.0551
19.0561
19.0499
19.043
19.052
19.0609
19.0599
19.048
19.0611
19.053
19.0449
19.053
19.052
19.0611
19.0492
19.0492
19.048
19.0532
19.057
19.0411
19.0589
19.0551
19.0549
19.053
19.0511
19.0611
19.0558
19.048
19.048
19.0511
19.053
19.057
19.0499
19.0558
19.0489
19.0461
19.0508
19.052
19.057
19.068
19.0549
19.0661
19.057
19.0561
19.0468
19.0589
19.052
19.063
19.0511
19.0611
19.0589
19.0561
19.0539
19.047
19.048
19.063
19.048
19.053
19.0549
19.053
19.053
19.0592
19.052
19.063
19.0561
19.0549
19.0599
19.0601
19.0759
19.0599
19.063
19.0511
19.0561
19.0642
19.0511
19.0518
19.052
19.0549
19.0499
19.053
19.0549
19.057
19.0651
19.047
19.0611
19.062
19.052
19.0589
19.0568
19.0601
19.053
19.053
19.058
19.0601
19.0508
19.0568
19.047
19.057
19.063
19.0639
19.057
19.053
19.052
19.0589
19.0609
19.0711
19.0501
19.0639
19.0639
19.057
19.0558
19.067
19.057
19.0661
19.0489
19.067
19.0701
19.0508
19.0549
19.0639
19.053
19.0589
19.0809
19.0611
19.0582
19.0649
19.048
19.057
19.068
19.058
19.0611
19.0611
19.0568
19.0611
19.0639
19.0461
19.0551
19.053
19.062
19.068
19.0539
19.0542
19.062
19.0611
19.0699
19.063
19.0592
19.052
19.0492
19.0501
19.0558
19.0649
19.063
19.058
19.0752
19.0639
19.0551
19.0639
19.0599
19.068
19.0558
19.0599
19.0549
19.062
19.068
19.0649
19.0609
19.0609
19.0549
19.0649
19.063
19.058
19.057
19.058
19.0599
19.0761
19.0599
19.0639
19.0561
19.062
19.0651
19.052
19.0449
19.0639
19.0489
19.0549
19.0549
19.048
19.047
19.0489
19.0492
19.0542
19.0661
19.0558
19.0611
19.0651
19.0668
19.0599
19.0611
19.0651
19.0561
19.0589
19.047
19.0659
19.058
19.0649
19.0551
19.062
19.0561
19.0561
19.0518
19.0558
19.0539
19.063
19.0611
19.0539
19.0609
19.0609
19.0611
19.0601
19.0661
19.0611
19.0661
19.0442
19.0611
19.0568
19.0799
19.0551
19.0611
19.0718
19.0639
19.0499
19.0589
19.0599
19.058
19.0549
19.0639
19.0549
19.0589
19.0611
19.0601
19.0651
19.0551
19.0611
19.0551
19.0539
19.052
19.058
19.0539
19.052
19.0639
19.0611
19.058
19.0611
19.0582
19.0549
19.063
19.0651
19.0592
19.057
19.057
19.0439
19.058
19.062
19.0589
19.0489
19.062
19.058
19.057
19.0489
19.057
19.0561
19.057
19.0728
19.063
19.0549
19.0592
19.067
19.0649
19.057
19.0532
19.0611
19.0649
19.048
19.0589
19.0639
19.053
19.047
19.063
19.057
19.0589
19.048
19.0511
19.0449
19.0532
19.0561
19.0611
19.052
19.0601
19.052
19.052
19.052
19.057
19.0549
19.0661
19.0561
19.0551
19.057
19.053
19.0611
19.062
19.0501
19.053
19.0492
19.058
19.0508
19.0592
19.0609
19.069
19.0551
19.0518
19.052
19.0511
19.0558
19.062
19.062
19.0558
19.0499
19.0449
19.048
19.0542
19.052
19.043
19.0649
19.0492
19.0489
19.0501
19.058
19.0589
19.067
19.048
19.057
19.062
19.042
19.052
19.058
19.052
19.053
19.0451
19.0501
19.0501
19.0432
19.0511
19.062
19.0508
19.0589
19.058
19.058
19.0651
19.047
19.0501
19.063
19.043
19.0449
19.0542
19.057
19.0558
19.052
19.0439
19.0511
19.0461
19.058
19.0561
19.0639
19.0589
19.0489
19.0558
19.0568
19.0449
19.053
19.0539
19.0482
19.0539
19.0439
19.0539
19.0518
19.0561
19.0518
19.063
19.057
19.0651
19.052
19.0561
19.057
19.0611
19.067
19.0492
19.0501
19.068
19.057
19.062
19.0611
19.0639
19.0589
19.048
19.053
19.063
19.0611
19.0461
19.047
19.058
19.0589
19.062
19.0501
19.068
19.0601
19.063
19.0589
19.062
19.057
19.062
19.0542
19.048
19.062
19.0651
19.0549
19.057
19.0499
19.0539
19.0549
19.052
19.058
19.0659
19.053
19.0589
19.053
19.0549
19.0649
19.0599
19.053
19.058
19.0461
19.0551
19.063
19.0601
19.0492
19.0589
19.0618
19.052
19.0651
19.057
19.057
19.0649
19.0592
19.058
19.0558
19.0611
19.0642
19.0508
19.062
19.058
19.067
19.0611
19.0539
19.0601
19.0551
19.0639
19.057
19.067
19.0549
19.0649
19.0639
19.0611
19.067
19.068
19.068
19.0599
19.0511
19.0561
19.0601
19.0549
19.0539
19.0568
19.053
19.067
19.0609
19.0601
19.068
19.084
19.0501
19.057
19.0542
19.0511
19.0561
19.0611
19.0651
19.067
19.0539
19.058
19.058
19.0639
19.063
19.0549
19.0549
19.063
19.0611
19.052
19.0558
19.053
19.058
19.052
19.048
19.0561
19.0511
19.053
19.0699
19.057
19.0639
19.068
19.0489
19.0649
19.0599
19.052
19.0489
19.0561
19.0589
19.057
19.057
19.0601
19.062
19.067
19.068
19.0609
19.057
19.0499
19.0568
19.0601
19.0589
19.0539
19.057
19.058
19.0668
19.0601
19.053
19.068
19.052
19.053
19.058
19.067
19.0542
19.0589
19.062
19.0639
19.058
19.0601
19.0461
19.0661
19.063
19.0589
19.052
19.053
19.0699
19.0549
19.0611
19.074
19.0761
19.0709
19.0599
19.0558
19.0549
19.057
19.0611
19.0611
19.063
19.0561
19.0468
19.057
19.058
19.068
19.0649
19.0508
19.0589
19.068
19.0599
19.0661
19.052
19.0511
19.063
19.0649
19.0609
19.0699
19.0549
19.0609
19.0611
19.0599
19.0809
19.067
19.0651
19.0532
19.0721
19.062
19.0639
19.0589
19.0639
19.0599
19.0649
19.0508
19.0551
19.074
19.0651
19.0609
19.0589
19.0601
19.0649
19.073
19.0511
19.058
19.063
19.053
19.0549
19.0568
19.0499
19.052
19.0589
19.0601
19.058
19.0642
19.0508
19.058
19.0558
19.058
19.057
19.0561
19.048
19.0549
19.062
19.052
19.052
19.057
19.0721
19.0659
19.0561
19.0561
19.0489
19.0589
19.0692
19.0511
19.053
19.068
19.0561
19.0589
19.057
19.0561
19.0601
19.0611
19.048
19.057
19.0611
19.0611
19.0549
19.0749
19.0601
19.0511
19.0589
19.0489
19.048
19.068
19.053
19.067
19.0609
19.068
19.057
19.0611
19.0539
19.0649
19.0589
19.0618
19.067
19.0549
19.067
19.057
19.068
19.063
19.0549
19.048
19.0592
19.0651
19.062
19.0649
19.0659
19.0761
19.0611
19.062
19.058
19.058
19.0549
19.0639
19.0539
19.067
19.0501
19.0661
19.048
19.0549
19.0639
19.0539
19.0589
19.0501
19.0549
19.0539
19.062
19.062
19.0542
19.0609
19.0549
19.0649
19.069
19.0539
19.0721
19.057
19.0589
19.058
19.057
19.058
19.063
19.0611
19.0642
19.053
19.0639
19.052
19.0511
19.0589
19.0539
19.0609
19.068
19.0609
19.0539
19.0539
19.0639
19.063
19.0589
19.058
19.063
19.0589
19.0589
19.058
19.058
19.073
19.057
19.0661
19.0558
19.057
19.069
19.0589
19.0611
19.057
19.0649
19.0551
19.0558
19.0592
19.0501
19.0561
19.0549
19.058
19.058
19.063
19.063
19.0542
19.063
19.0589
19.0511
19.0501
19.0611
19.058
19.0511
19.067
19.0649
19.0618
19.0639
19.062
19.0609
19.052
19.0489
19.0511
19.053
19.0551
19.0589
19.0661
19.058
19.0609
19.058
19.0532
19.0539
19.0499
19.057
19.0609
19.0618
19.063
19.0508
19.0558
19.0589
19.0589
19.0492
19.068
19.0759
19.0599
19.057
19.0611
19.0551
19.062
19.057
19.068
19.068
19.0558
19.0508
19.0499
19.0489
19.068
19.063
19.058
19.0589
19.0659
19.068
19.0601
19.073
19.0551
19.0651
19.0601
19.0701
19.062
19.068
19.0601
19.0499
19.0542
19.053
19.0611
19.0589
19.0532
19.0539
19.0561
19.0499
19.0539
19.0539
19.0592
19.068
19.058
19.0639
19.0609
19.057
19.0508
19.0668
19.0558
19.069
19.0649
19.0649
19.0659
19.0611
19.0692
19.0539
19.057
19.074
19.0639
19.0549
19.068
19.0611
19.0539
19.0701
19.063
19.0549
19.0499
19.0508
19.0642
19.053
19.0609
19.0589
19.058
19.0561
19.0611
19.057
19.0601
19.0461
19.0582
19.0592
19.0589
19.067
19.063
19.0659
19.0611
19.0642
19.0601
19.0561
19.0551
19.0611
19.0642
19.0568
19.058
19.042
19.0668
19.0599
19.0561
19.0561
19.0511
19.0599
19.053
19.0539
19.0599
19.0551
19.057
19.0611
19.0609
19.0618
19.067
19.0601
19.0589
19.0642
19.0639
19.0549
19.0659
19.0661
19.062
19.0501
