18.2831
17.972
17.8671
18.019
17.987
17.916
17.818
18.6908
18.0519
17.9241
18.5909
17.5109
18.7759
18.1119
17.756
19.2668
17.9729
18.0612
18.2221
18.2419
17.904
17.4501
18.3961
18.415
18.393
18.0199
18.121
18.352
17.9212
18.117
18.2259
17.74
18.518
18.3671
17.3869
18.158
17.9589
17.8812
18.7271
17.863
18.0769
17.6749
18.538
18.0759
17.843
18.0349
18.3411
17.5021
17.4582
17.4282
18.3551
17.725
18.1401
17.6821
17.9732
18.4789
17.6618
18.4329
18.0459
17.6089
18.404
18.0571
17.8142
18.681
18.46
18.3859
17.9379
18.0681
18.9121
18.3809
18.5339
17.931
18.1861
18.399
18.183
18.6391
18.0962
18.059
18.09
17.6551
18.4209
18.2219
17.8909
18.003
17.72
18.0211
17.73
17.7219
19.067
17.7681
18.214
17.909
18.1291
18.2331
18.172
17.7979
18.0221
18.3151
17.9431
18.2931
17.4561
17.89
18.26
18.2128
17.7031
17.7269
18.42
18.6059
18.3821
17.7751
18.141
18.2168
17.8859
17.627
18.1
18.2068
17.6711
17.9338
18.2469
18.2879
17.4539
17.8659
18.4159
18.321
17.561
18.1489
17.9012
18.0929
18.167
18.3351
17.7782
18.3401
18.2221
18.882
18.3539
17.9799
17.3788
17.9329
17.2901
17.2579
17.9811
18.3349
17.7488
18.703
18.014
17.8542
17.838
17.93
17.8101
18.008
18.002
18.486
17.894
18.4112
18.194
18.014
17.9532
17.4499
18.2579
17.8859
18.3659
17.9119
18.117
18.3232
17.9291
17.7999
17.766
17.8568
18.364
18.3849
18.4019
18.944
18.492
18.2419
18.7891
17.9219
17.6029
17.8919
18.558
17.8702
17.7701
18.219
18.25
17.483
17.539
17.9722
17.8261
17.7109
17.8919
17.669
18.5308
17.9949
18.373
17.53
18.6739
17.9551
18.065
18.0359
17.7588
18.2819
17.972
18.085
18.142
18.157
17.93
18.1749
17.6158
18.2879
18.307
18.61
17.854
18.1632
18.0521
18.9321
18.2519
18.4879
17.801
18.07
18.4619
17.9439
18.358
17.8201
18.1601
18.142
18.1038
17.982
18.08
18.1639
18.7502
17.9801
18.574
17.8919
17.802
17.8759
18.4269
18.754
18.029
18.1339
17.7751
18.0769
17.5269
18.379
17.7951
18.3179
18.3649
18.1508
18.054
18.0321
18.1429
18.0321
17.8471
17.9181
18.3389
17.9849
17.5219
18.553
18.1441
18.0809
18.4679
17.7729
18.0008
17.786
17.7011
18.5499
17.952
18.0769
18.3151
17.7581
18.043
17.5641
17.818
18.285
18.1689
18.5082
17.6151
18.172
17.6249
17.8199
18.384
17.6871
17.9889
18.5452
17.4809
18.29
17.8161
18.249
17.7009
18.2691
17.8239
17.7851
18.158
17.8819
17.9908
17.5881
17.9241
18.1911
18.4391
18.311
18.5421
18.682
18.3361
18.013
18.5909
18.357
18.3311
18.2369
17.931
17.72
17.6198
17.8771
18.707
18.0252
17.9191
18.465
18.2109
17.55
17.468
18.018
18.616
17.5719
18.141
18.1549
18.353
18.5912
18.209
18.162
18.285
18.3082
18.2912
18.43
18.0111
18.0168
18.6169
17.9849
17.9169
18.024
18.4619
17.612
17.9369
18.0459
17.9222
17.9811
18.116
17.9369
18.2271
18.7221
17.6871
17.6039
17.9
18.7042
17.8959
17.566
17.4921
18.425
18.3201
18.2471
18.7311
18.2791
17.9431
17.874
17.843
18.4588
17.9219
17.874
18.2939
17.9842
17.8821
18.575
17.767
17.7109
18.1398
18.7221
18.008
18.548
17.4389
18.3849
17.951
17.7941
17.869
17.6589
17.848
17.997
18.1201
17.9431
18.183
18.255
18.5001
18.599
18.0471
18.4078
17.967
17.545
17.8602
17.9791
18.244
17.74
17.684
18.105
17.7951
17.669
18.322
17.7538
17.694
18.06
17.9081
18.1649
17.699
18.1642
18.172
18.245
17.6599
17.7259
18.3129
18.5089
17.7619
17.463
17.94
18.1952
18.1789
18.11
17.8542
17.7441
17.7631
18.5282
18.631
18.9261
18.7831
18.456
17.8399
18.2281
18.0082
17.9269
17.782
17.9691
17.8609
18.4979
17.9811
17.837
18.5418
18.482
18.1241
18.0299
17.787
18.203
17.8769
17.7898
18.2159
17.9598
18.239
17.7319
18.1911
17.606
18.0418
18.2691
18.26
18.327
18.0151
17.9281
18.312
17.9861
18.2321
17.673
18.3599
17.6051
18.012
18.3618
18.115
18.3408
17.668
18.3029
18.1479
17.5319
18.1868
17.7929
18.105
18.2371
17.7841
18.3048
17.9119
17.1249
18.326
18.7869
17.5838
17.6828
17.7529
17.6418
17.792
17.8499
17.9949
17.6859
18.1141
18.178
18.2981
18.3971
18.084
18.0659
18.0502
18.7511
18.1291
17.6601
