6.86312
5.69201
5.67698
5.67007
5.68509
5.68509
5.68509
5.6839
5.6901
5.69701
5.68795
5.69296
5.69391
5.67818
5.68509
5.68795
5.687
5.68414
5.69391
5.69415
5.68914
5.69105
5.68509
5.69892
5.69105
5.68604
5.68199
5.68104
5.68199
5.68604
5.67913
5.68604
5.67889
5.69797
5.68509
5.68104
5.67985
5.67484
5.687
5.68008
5.67698
5.68295
5.68104
5.68485
5.68104
5.67508
5.68199
5.68199
5.67698
5.68891
5.687
5.68008
5.67603
5.6808
5.67794
5.67412
5.68008
5.68104
5.67889
5.687
5.67985
5.67985
5.67508
5.68795
5.68914
5.68104
5.68104
5.68199
5.68295
5.67603
5.68104
5.68295
5.67889
5.6839
5.67484
5.68295
5.68485
5.6839
5.67698
5.6839
5.6839
5.68581
5.68008
5.68199
5.68509
5.69081
5.68199
5.68318
5.68914
5.6901
5.68604
5.68199
5.68008
5.70297
5.68199
5.67484
5.687
5.6951
5.68604
5.68795
5.67603
5.68104
5.6839
5.68581
5.67985
5.69391
5.6839
5.67985
5.68891
5.687
5.68008
5.68604
5.67722
5.687
5.6808
5.68008
5.68199
5.68008
5.69296
5.67818
5.67794
5.6901
5.68604
5.68199
5.67889
5.67889
5.68104
5.68986
5.69606
5.68199
5.68008
5.67985
5.68199
5.68199
5.68819
5.68104
5.68318
5.68318
5.68199
5.69201
5.6951
5.687
5.687
5.68318
5.68008
5.69201
5.67818
5.67794
5.68604
5.6951
5.67985
5.67603
5.68604
5.68199
5.6901
5.6951
5.67698
5.69081
5.67698
5.68008
5.687
5.67889
5.67007
5.67698
5.68104
5.68795
5.67698
5.67603
5.68295
5.6839
5.68986
5.67818
5.69081
5.67698
5.67698
5.68891
5.68295
5.66983
5.67603
5.67508
5.68914
5.68509
5.67698
5.6839
5.687
5.68509
5.68199
5.67794
5.68891
5.69201
5.67698
5.69487
5.67889
5.67794
5.68509
5.68199
5.68223
5.67794
5.68104
5.67698
5.68199
5.68604
5.67484
5.68986
5.67603
5.67818
5.67198
5.68891
5.6839
5.68008
5.68008
5.68223
5.68509
5.68414
5.69606
5.68604
5.68008
5.687
5.67913
5.68414
5.687
5.68104
5.69296
5.68223
5.69296
5.69201
5.67198
5.68819
5.67913
5.67293
5.67698
5.68509
5.68795
5.68295
5.67913
5.67317
5.68604
5.67698
5.67389
5.67603
5.68414
5.68604
5.67698
5.687
5.67484
5.687
5.68509
5.67794
5.68604
5.68414
5.69487
5.68891
5.67579
5.68485
5.68414
5.69606
5.67579
5.67698
5.69201
5.68295
5.6839
5.68604
5.68295
5.68318
5.68104
5.687
5.67198
5.67484
5.69201
5.67317
5.67913
5.68986
5.68914
5.67412
5.67818
5.67603
5.68509
5.67794
5.67579
5.68295
5.68199
5.68295
5.67794
5.67317
5.68295
5.68104
5.68008
5.67794
5.69797
5.68604
5.69701
5.6808
5.67889
5.70011
5.68223
5.67102
5.68318
5.68199
5.68604
5.67389
5.67794
5.67913
5.68509
5.68509
5.68104
5.67985
5.687
5.69582
5.68008
5.68199
5.67794
5.68199
5.67913
5.67317
5.68509
5.68414
5.67794
5.69201
5.67794
5.70107
5.68295
5.67985
5.67794
5.67603
5.6808
5.68104
5.68318
5.6901
5.67698
5.67794
5.67985
5.67293
5.68104
5.68104
5.68604
5.6839
5.68199
5.67508
5.69701
5.68295
5.68414
5.68914
5.687
5.67508
5.69105
5.68104
5.68604
5.68008
5.67794
5.67985
5.68795
5.687
5.67603
5.67985
5.68986
5.69081
5.68008
5.68509
5.68509
5.68104
5.68199
5.67985
5.67794
5.687
5.68295
5.6839
5.69201
5.67794
5.67913
5.68295
5.66721
5.68914
5.68604
5.687
5.67985
5.68914
5.68223
5.68008
5.67698
5.67508
5.6901
5.68008
5.67508
5.68485
5.69081
5.687
5.69201
5.67889
5.70107
5.67818
5.69296
5.68604
5.68318
5.68295
5.68795
5.68891
5.67985
5.67889
5.68795
5.67484
5.68485
5.6839
5.68414
5.68414
5.68819
5.67389
5.67794
5.67484
5.68795
5.68104
5.67198
5.67603
5.68581
5.68199
5.68199
5.69105
5.67698
5.68604
5.67389
5.68008
5.68295
5.67508
5.69201
5.67412
5.6839
5.68295
5.67508
5.68604
5.68295
5.68318
5.6839
5.68199
5.67985
5.68604
5.67412
5.68795
5.67603
5.68199
5.67913
5.68891
5.68509
5.67794
5.67412
5.68795
5.67913
5.67913
5.67603
5.6808
5.68509
5.68604
5.69201
5.68104
5.68414
5.68414
5.68104
5.6808
5.68199
5.68104
5.67794
5.6839
5.6808
5.68008
5.68008
5.68199
5.68509
5.687
5.67698
5.68604
5.68199
5.68199
5.67913
5.67889
5.687
5.70202
5.687
5.69201
5.687
5.68199
5.6808
5.67508
5.68008
5.69582
5.69105
5.67889
5.67698
5.69606
5.68008
5.67722
5.68891
5.6951
5.69201
5.687
5.68604
5.6839
5.69701
5.68819
5.68914
5.67698
5.67889
5.69201
5.68604
5.69892
5.68891
5.67794
5.67794
5.68295
5.68199
5.67603
5.68199
5.68104
5.69201
5.67579
5.68604
5.69487
5.68414
5.67913
5.67889
5.67889
5.67484
5.68509
5.68199
5.68604
5.68199
5.687
5.6839
5.68008
5.67818
5.68914
5.68485
5.67889
5.687
5.68295
5.67603
5.68414
5.67412
5.68414
5.68008
5.68414
5.68104
5.67889
5.67889
5.69701
5.68604
5.68581
5.67698
5.68819
5.67198
5.67198
5.68604
5.66888
5.67603
5.67913
5.67698
5.68295
5.67913
5.67484
5.68795
5.68199
5.68986
5.67698
5.67603
5.68485
5.68199
5.67889
5.68104
5.68104
5.67484
5.67794
5.67889
5.68795
5.68199
5.68914
5.69201
5.67698
5.67913
5.69606
5.70107
5.67198
5.69296
5.67579
5.67484
5.68104
5.68104
5.67794
5.68986
5.68986
5.68509
5.67698
5.68604
5.69415
5.67412
5.6901
5.68795
5.67579
5.67293
5.67889
5.68104
5.68485
5.68914
5.687
5.67198
5.67889
5.68318
5.68104
5.68199
5.66888
5.68295
5.67508
5.68581
5.69201
5.69916
5.68318
5.68604
5.68604
5.68104
5.67913
5.68581
5.68295
5.67985
5.68891
5.68104
5.67794
5.68104
5.68509
5.68104
5.69201
5.68795
5.68795
5.67889
5.68104
5.68008
5.68414
5.6901
5.68891
5.68891
5.67889
5.68295
5.687
5.68008
5.68604
5.68104
5.68604
5.67293
5.67794
5.69606
5.6901
5.67889
5.68581
5.67293
5.68295
5.69201
5.67889
5.68485
5.67698
5.68914
5.69415
5.68891
5.67889
5.67412
5.67412
5.67698
5.67889
5.68295
5.68414
5.68795
5.69582
5.67794
5.68819
5.687
5.67389
5.67889
5.68008
5.68295
5.69105
5.66792
5.67985
5.68199
5.68914
5.67603
5.687
5.68008
5.68795
5.68795
5.67889
5.68295
5.687
5.68295
5.67389
5.68986
5.68914
5.687
5.67913
5.68104
5.68295
5.68199
5.68509
5.68318
5.68199
5.67818
5.68414
5.68604
5.687
5.68414
5.68485
5.68604
5.69391
5.6839
5.68604
5.68199
5.68295
5.68485
5.68795
5.68295
5.67794
5.67698
5.68414
5.68318
5.67198
5.6951
5.68485
5.67389
5.67484
5.68199
5.6808
5.68008
5.68008
5.687
5.68104
5.68414
5.67985
5.68104
5.67794
5.67913
5.68581
5.6951
5.687
5.68199
5.687
5.68104
5.69391
5.67985
5.67985
5.68604
5.66912
5.6839
5.6839
5.69296
5.68223
5.68008
5.687
5.67794
5.67985
5.67913
5.67889
5.68008
5.67698
5.68199
5.68795
5.687
5.67794
5.67198
5.68199
5.68914
5.70107
5.67579
5.67889
5.68986
5.69105
5.69987
5.69105
5.67698
5.68318
5.68104
5.68414
5.67198
5.68604
5.68104
5.68914
5.68604
5.68509
5.687
5.68199
5.67603
5.68104
5.68581
5.687
5.68414
5.68295
5.68104
5.67698
5.68104
5.68509
5.68199
5.68891
5.69487
5.6808
5.67198
5.687
5.68318
5.67603
5.67794
5.6901
5.67794
5.67889
5.67484
5.68199
5.687
5.67603
5.67913
5.68891
5.68581
5.687
5.67698
5.68295
5.67508
5.68414
5.68295
5.67794
5.68604
5.68891
5.67389
5.687
5.68891
5.67698
5.68986
5.68199
5.69916
5.68485
5.68295
5.70202
5.68795
5.68485
5.67794
5.67389
5.67389
5.69201
5.68008
5.68509
5.68104
5.67889
5.67484
5.69797
5.687
5.68604
5.68199
5.67412
5.68008
5.69105
5.67985
5.68485
5.6901
5.6901
5.67818
5.68008
5.68199
5.67794
5.68795
5.68509
5.68199
5.66888
5.69391
5.687
5.68795
5.69105
5.67698
5.69701
5.68008
5.68104
5.68008
5.68295
5.67913
5.69201
5.68509
5.6901
5.67579
5.68414
5.67889
5.68795
5.69105
5.687
5.68104
5.67698
5.67412
5.68414
5.68509
5.68318
5.68891
5.68485
5.6839
5.68104
5.68008
5.67889
5.6951
5.68104
5.68604
5.67913
5.69892
5.68604
5.68104
5.6839
5.68509
5.68199
5.69701
5.687
5.67698
5.68008
5.70107
5.67603
5.687
5.67913
5.68914
5.68295
5.68295
5.67603
5.68604
5.68318
5.68914
5.67818
5.68604
5.68891
5.68008
5.68008
5.67293
5.67794
5.6951
5.69987
5.68008
5.67389
5.68295
5.67698
5.69105
5.69487
5.67579
5.69296
5.68199
5.687
5.67889
5.67889
5.687
5.67222
5.67508
5.6932
5.67293
5.68199
5.67484
5.68295
5.687
5.68295
5.68104
5.69701
5.70393
5.68199
5.67794
5.68104
5.68509
5.68604
5.67889
5.68891
5.69892
5.6839
5.70297
5.69487
5.68199
5.68318
5.70703
5.68199
5.69296
5.68414
5.67508
5.67603
5.67985
5.68891
5.67293
5.67484
5.6808
5.67698
5.67698
5.68295
5.68104
5.6839
5.68891
5.68819
5.67913
5.68891
5.68795
5.68295
5.68223
5.68795
5.69391
5.687
5.68008
5.67698
5.68295
5.69391
5.67508
5.67198
5.67985
5.67985
5.68485
5.67889
