4.7698
4.73595
4.704
4.70304
4.70996
4.71497
4.70185
4.71497
4.72498
4.72999
4.72307
4.71997
4.70901
4.70805
4.70805
4.72999
4.73714
4.7102
4.70519
4.72403
4.72307
4.71497
4.73499
4.70805
4.71091
4.70996
4.72212
4.72212
4.71592
4.71687
4.71616
4.7121
4.71091
4.70901
4.71687
4.72808
4.71997
4.7121
4.70591
4.70901
4.72307
4.71687
4.73309
4.70519
4.7121
4.73285
4.72903
4.71497
4.70805
4.7121
4.71687
4.70996
4.71115
4.7121
4.71306
4.71616
4.72999
4.72498
4.71115
4.71282
4.72212
4.70686
4.71687
4.72403
4.72784
4.70114
4.71711
4.70591
4.74405
4.70495
4.69804
4.70996
4.70901
4.72498
4.70591
4.71115
4.70901
4.71592
4.73785
4.7071
4.72188
4.70901
4.71711
4.6978
4.7152
4.71902
4.73714
4.704
4.7121
4.71997
4.71282
4.71497
4.73189
4.72021
4.70495
4.72188
4.71902
4.71997
4.72593
4.74715
4.72808
4.72403
4.70209
4.72116
4.72116
4.72307
4.73499
4.72403
4.7102
4.73309
4.73189
4.72212
4.73595
4.71783
4.74215
4.73905
4.72498
4.72498
4.73094
4.72403
4.71497
4.72307
4.71306
4.71187
4.7071
4.71401
4.7121
4.70781
4.7431
4.70281
4.73213
4.70901
4.71306
4.71187
4.70901
4.72188
4.7071
4.70304
4.72307
4.70901
4.72593
4.73094
4.704
4.70591
4.71497
4.70805
4.71687
4.71997
4.70591
4.71807
4.71282
4.70901
4.70209
4.72689
4.71187
4.71902
4.71091
4.70304
4.72403
4.69613
4.71783
4.71115
4.73022
4.71115
4.71616
4.71282
4.70114
4.70901
4.70901
4.71592
4.70805
4.71497
4.72784
4.72617
4.71616
4.71306
4.72808
4.70686
4.7121
4.72403
4.71807
4.72093
4.704
4.73094
4.72188
4.72212
4.71401
4.70304
4.71091
4.72713
4.73213
4.71187
4.72403
4.74095
4.71807
4.7121
4.72188
4.71997
4.72593
4.7121
4.72903
4.72999
4.72403
4.70996
4.73404
4.72283
4.72903
4.71902
4.704
4.71401
4.72403
4.704
4.70996
4.71807
4.71091
4.71497
4.73404
4.73285
4.72498
4.71592
4.70805
4.71807
4.71306
4.69899
4.71306
4.73499
4.70901
4.70495
4.70185
4.71807
4.69804
4.70996
4.70686
4.71497
4.71687
4.71401
4.71807
4.7121
4.69804
4.71902
4.72903
4.71711
4.70495
4.71711
4.71401
4.71592
4.72403
4.73285
4.70805
4.71091
4.73094
4.73905
4.72116
4.72093
4.71091
4.69494
4.69995
4.72808
4.72307
4.70304
4.71687
4.7431
4.73309
4.72498
4.72307
4.72784
4.73595
4.71497
4.7338
4.70996
4.70591
4.71997
4.70686
4.73905
4.70591
4.71306
4.71783
4.7152
4.71497
4.71711
4.71783
4.71711
4.71377
4.71807
4.71592
4.70591
4.70805
4.71497
4.69708
4.71902
4.71711
4.71306
4.7009
4.69995
4.7071
4.71115
4.71401
4.70805
4.70495
4.70304
4.71091
4.72498
4.71282
4.71807
4.72093
4.71306
4.72188
4.71592
4.71115
4.71711
4.71497
4.71902
4.71187
4.71497
4.71592
4.71592
4.71306
4.71783
4.71306
4.71711
4.72403
4.71401
4.71091
4.71401
4.70495
4.7121
4.7102
4.7121
4.70996
4.71306
4.71711
4.70805
4.71997
4.73094
4.704
4.71091
4.71306
4.71902
4.71783
4.72617
4.73714
4.70901
4.72116
4.71997
4.71616
4.71711
4.71497
4.71497
4.7009
4.71687
4.72403
4.70805
4.71711
4.71783
4.7121
4.70304
4.70805
4.70805
4.71783
4.70901
4.71306
4.72283
4.72617
4.71115
4.69899
4.70614
4.72379
4.72212
4.72188
4.71497
4.70805
4.70901
4.72212
4.70281
4.72498
4.71401
4.71807
4.70805
4.71401
4.72093
4.72188
4.71115
4.70805
4.71592
4.72403
4.72093
4.71592
4.72403
4.71902
4.70591
4.71091
4.70901
4.70901
4.72021
4.72307
4.73094
4.71187
4.71616
4.71497
4.71401
4.70686
4.71306
4.72593
4.7121
4.71902
4.7121
4.70901
4.71401
4.70614
4.69303
4.70304
4.71997
4.71091
4.71997
4.71401
4.70996
4.72188
4.71807
4.70805
4.71306
4.71091
4.73285
4.71497
4.71711
4.7009
4.71616
4.72307
4.70901
4.70901
4.71902
4.73309
4.71687
4.71306
4.72212
4.70996
4.73213
4.72808
4.73404
4.71401
4.71592
4.72093
4.70209
4.71997
4.72689
4.71902
4.72784
4.71306
4.72403
4.72283
4.72093
4.70114
4.71997
4.70781
4.71902
4.7009
4.72498
4.7121
4.71592
4.73189
4.72403
4.72188
4.70591
4.70018
4.72403
4.73118
4.7121
4.71187
4.71306
4.71497
4.72999
4.704
4.72307
4.72593
4.71497
4.71807
4.71282
4.71115
4.71616
4.72093
4.704
4.70901
4.72307
4.71497
4.70185
4.69995
4.72403
4.70805
4.71282
4.72498
4.70304
4.7102
4.71592
4.7009
4.7009
4.71711
4.71401
4.71711
4.72498
4.70591
4.72307
