4.87709
4.82106
4.81701
4.81796
4.82297
4.82297
4.82798
4.82202
4.82702
4.81987
4.8151
4.82798
4.83513
4.8368
4.81105
4.82297
4.81796
4.83203
4.82798
4.80986
4.81105
4.81796
4.82702
4.84109
4.82297
4.82321
4.82297
4.82512
4.82988
4.83298
4.83394
4.81296
4.82583
4.81915
4.82917
4.83584
4.83489
4.83394
4.81701
4.81009
4.81486
4.82202
4.81796
4.812
4.83108
4.83799
4.812
4.83584
4.82392
4.81606
4.82893
4.82893
4.81892
4.83704
4.812
4.81009
4.81391
4.82512
4.82297
4.81606
4.82297
4.812
4.82416
4.82488
4.81296
4.81486
4.84896
4.82798
4.812
4.81892
4.81296
4.81606
4.82202
4.83608
4.81892
4.82297
4.81606
4.82178
4.81415
4.81319
4.82106
4.83203
4.81987
4.81892
4.84514
4.82202
4.812
4.83203
4.83203
4.83203
4.81892
4.82488
4.81915
4.82202
4.83394
4.84395
4.812
4.82512
4.82607
4.81486
4.80914
4.82798
4.81701
4.812
4.82607
4.81915
4.83894
4.807
4.81296
4.82392
4.8418
4.82702
4.81606
4.82392
4.83108
4.82678
4.82702
4.80294
4.82988
4.80914
4.81415
4.82678
4.83322
4.81701
4.82392
4.82297
4.82607
4.8399
4.82488
4.8151
4.82297
4.81606
4.82607
4.82583
4.81009
4.81892
4.81892
4.83012
4.8058
4.83513
4.81296
4.80986
4.81391
4.82011
4.80819
4.83012
4.81796
4.81987
4.81701
4.81987
4.82011
4.81105
4.82106
4.81796
4.82011
4.81915
4.83298
4.82702
4.82297
4.83513
4.82011
4.82607
4.81606
4.81987
4.82798
4.82798
4.82607
4.80914
4.82893
4.80485
4.83203
4.843
4.83584
4.80604
4.81009
4.82702
4.8492
4.82416
4.83418
4.81296
4.80723
4.82297
4.82011
4.81486
4.81987
4.82607
4.80986
4.82297
4.82607
4.82607
4.812
4.82798
4.82488
4.81296
4.82202
4.81486
4.82297
4.81987
4.82106
4.83084
4.82392
4.807
4.81296
4.8399
4.82202
4.82106
4.82988
4.81105
4.81606
4.81296
4.812
4.83298
4.81892
4.84896
4.81081
4.82202
4.81892
4.81391
4.82202
4.83489
4.82988
4.82202
4.81296
4.83799
4.82178
4.82702
4.82488
4.80199
4.82893
4.807
4.81486
4.82011
4.81796
4.81796
4.82011
4.82988
4.81606
4.82678
4.82512
4.82488
4.82392
4.83489
4.83203
4.81892
4.83513
4.81915
4.8368
4.812
4.81796
4.81987
4.81606
4.82583
4.81701
4.812
4.81606
4.8089
4.81486
4.83799
4.82798
4.82297
4.81796
4.82798
4.82082
4.82011
4.83322
4.81105
4.81606
4.82607
4.83012
4.812
4.82321
4.84204
4.82202
4.82297
4.83179
4.82106
4.81987
4.82893
4.82202
4.82392
4.81296
4.82988
4.81296
4.8151
4.80795
4.81677
4.81415
4.82512
4.82106
4.81606
4.81701
4.81391
4.82798
4.83489
4.8089
4.81796
4.83894
4.81987
4.81606
4.81296
4.81606
4.81915
4.81319
4.82607
4.81701
4.81582
4.82011
4.82202
4.83012
4.83584
4.81105
4.82702
4.81415
4.82011
4.82297
4.82202
4.82702
4.81892
4.82798
4.82607
4.82893
4.82297
4.82488
4.81606
4.82893
4.82702
4.83298
4.81796
4.81415
4.82202
4.83799
4.82988
4.82106
4.81892
4.82082
4.81701
4.81701
4.82392
4.81081
4.82106
4.80986
4.82106
4.82583
4.82202
4.8089
4.83489
4.82512
4.8368
4.81009
4.82583
4.82321
4.807
4.82392
4.82106
4.83394
4.81296
4.80986
4.82106
4.812
4.81701
4.83918
4.82702
4.82512
4.82202
4.80294
4.81701
4.81486
4.81296
4.82392
4.83799
4.82297
4.82297
4.82392
4.80604
4.81606
4.81486
4.81105
4.8089
4.81105
4.81415
4.83584
4.82392
4.82607
4.81892
4.812
4.84705
4.81796
4.82798
4.82798
4.8089
4.81606
4.82011
4.82392
4.80795
4.82106
4.82202
4.82392
4.8151
4.82392
4.81987
4.8368
4.81009
4.81796
4.80914
4.83394
4.80795
4.82798
4.83084
4.83894
4.83298
4.81987
4.81915
4.80413
4.81081
4.81701
4.81701
4.82106
4.80413
4.82178
4.82607
4.82297
4.82106
4.82011
4.81987
4.8399
4.81296
4.82106
4.81987
4.83489
4.82798
4.81606
4.82106
4.81796
4.81796
4.81606
4.82607
4.82893
4.81105
4.82583
4.8039
4.83513
4.80819
4.81915
4.83179
4.82297
4.82202
4.82297
4.83489
4.81105
4.84204
4.81296
4.81582
4.81892
4.83203
4.82702
4.82488
4.82392
4.81796
4.82702
4.81892
4.81296
4.82702
4.83418
4.82202
4.83608
4.82297
4.82917
4.82702
4.82893
4.83108
4.81391
4.82607
4.83203
4.81486
4.807
4.82702
4.82512
4.81296
4.82702
4.83513
4.80795
4.82678
4.81415
4.82702
4.81701
4.80509
4.80509
4.81987
4.80914
4.81796
4.81296
4.82297
4.82607
4.81892
4.81606
4.82106
4.812
4.81796
4.84395
4.81796
