5.80382
5.41306
5.42712
5.42808
5.43618
5.42998
5.42307
5.42688
5.41711
5.42712
5.43094
5.43404
5.43213
5.42402
5.43904
5.42307
5.43404
5.42498
5.42402
5.41019
5.43714
5.42784
5.43714
5.4152
5.42712
5.43594
5.43904
5.44715
5.41401
5.42593
5.42212
5.43785
5.42688
5.42498
5.41401
5.42903
5.41902
5.43404
5.45001
5.41687
5.42092
5.42212
5.42521
5.42498
5.41997
5.43404
5.43094
5.42402
5.42212
5.4369
5.42903
5.43094
5.45502
5.43213
5.4369
5.4369
5.44095
5.43118
5.43809
5.45406
5.43499
5.4152
5.42402
5.42498
5.45502
5.42212
5.42784
5.42593
5.42307
5.42498
5.42593
5.42188
5.42903
5.42402
5.44
5.43499
5.43404
5.43499
5.42498
5.44882
5.42498
5.445
5.42998
5.4419
5.42307
5.42402
5.43404
5.42998
5.41711
5.44596
5.41401
5.42212
5.44095
5.42402
5.43904
5.42092
5.42307
5.41902
5.41711
5.43022
5.42808
5.4369
5.42998
5.44691
5.43308
5.42116
5.42808
5.44596
5.44691
5.42712
5.43094
5.44596
5.43809
5.45788
5.40709
5.42021
5.43904
5.42688
5.42688
5.43499
5.45192
5.42402
5.42498
5.46193
5.41496
5.42092
5.41902
5.42808
5.42593
5.42498
5.41782
5.41997
5.43404
5.42808
5.42998
5.43404
5.4431
5.44214
5.41687
5.4419
5.42593
5.42712
5.43118
5.45311
5.42188
5.41902
5.42307
5.43189
5.41902
5.42712
5.42092
5.41902
5.41282
5.42903
5.41592
5.43213
5.42903
5.42808
5.43213
5.43094
5.42498
5.4369
5.42188
5.43714
5.42808
5.41902
5.42212
5.40686
5.40996
5.43594
5.42808
5.43094
5.43594
5.42498
5.42903
5.44095
5.42402
5.42092
5.42188
5.42903
5.43809
5.43499
5.42808
5.42498
5.42402
5.43594
5.43404
5.42498
5.43904
5.42498
5.45096
5.42092
5.42688
5.41806
5.42402
5.41806
5.42998
5.41997
5.43213
5.44715
5.41997
5.41592
5.44095
5.43785
5.43499
5.41496
5.4369
5.42307
5.43022
5.41496
5.42498
5.42593
5.43594
5.42617
5.445
5.43809
5.42402
5.44214
5.44119
5.41806
5.41997
5.43094
5.4419
5.42092
5.41687
5.43094
5.42712
5.42116
5.42498
5.45001
5.41806
5.41496
5.42688
5.42903
5.41997
5.4152
5.42808
5.42307
5.43904
5.42498
5.45502
5.42784
5.42307
5.45621
5.43618
5.44405
5.42903
5.42879
5.43118
5.42498
5.43094
5.42688
5.4431
5.42784
5.43308
5.43308
5.41091
5.43404
5.4121
5.44286
5.45192
5.43118
5.4338
5.42402
5.42808
5.42617
5.42903
5.41401
5.41782
5.41711
5.44095
5.44
5.42808
5.43189
5.42498
5.43904
5.41997
5.42021
5.43809
5.43284
5.44
5.4121
5.42712
5.43499
5.43618
5.43118
5.42498
5.41592
5.42593
5.43499
5.42593
5.43308
5.42617
5.43594
5.42784
5.42498
5.43404
5.41711
5.42998
5.42116
5.43213
5.42283
5.44
5.42593
5.42307
5.42212
5.41997
5.44095
5.41687
5.44095
5.42307
5.42712
5.41496
5.41687
5.42712
5.42021
5.42498
5.43499
5.42092
5.43809
5.42307
5.41306
5.4388
5.41902
5.42688
5.41997
5.45406
5.42283
5.42212
5.45216
5.409
5.42498
5.42808
5.42998
5.43594
5.42998
5.42784
5.44906
5.4388
5.41806
5.45502
5.43308
5.42903
5.42498
5.41902
5.43809
5.41878
5.43094
5.42498
5.45907
5.43094
5.42593
5.43404
5.42188
5.43189
5.42617
5.42593
5.44095
5.43499
5.42116
5.43308
5.4369
5.43809
5.45096
5.45001
5.42402
5.42402
5.42784
5.42998
5.43094
5.42808
5.44119
5.42021
5.42712
5.42688
5.41687
5.41997
5.44691
5.43094
5.42402
5.41806
5.42498
5.43308
5.43499
5.42212
5.41496
5.43499
5.4481
5.42617
5.42998
5.45311
5.43094
5.4419
5.42903
5.42617
5.43404
5.41592
5.41496
5.41806
5.42593
5.42593
5.41902
5.41806
5.46288
5.43308
5.41306
5.42498
5.42498
5.42593
5.44095
5.43189
5.43785
5.44095
5.41902
5.43189
5.42307
5.42903
5.41902
5.41091
5.42402
5.41592
5.41997
5.43094
5.40304
5.41615
5.41687
5.41806
5.43618
5.42617
5.42188
5.41592
5.43785
5.42903
5.42688
5.41496
5.42998
5.41592
5.43499
5.42998
5.43714
5.42402
5.41711
5.45001
5.42498
5.43499
5.4481
5.42021
5.42212
5.41091
5.42998
5.43094
5.44095
5.43094
5.42092
5.42498
5.42903
5.41997
5.42521
5.43404
5.42593
5.41997
5.41496
5.43189
5.43308
5.43499
5.43714
5.42998
5.42903
5.4419
5.43404
5.43118
5.42879
5.43308
5.42283
5.42903
5.4419
5.42593
5.42593
5.42402
5.41782
5.41711
5.42188
5.42188
5.43714
5.44405
5.41091
5.44
5.43308
5.42402
5.445
5.41401
5.41902
5.43594
5.43404
5.41282
5.41306
5.42188
5.42212
5.43213
5.43714
5.4419
5.42784
5.43189
5.42498
5.42498
5.43094
5.42402
5.42784
5.43714
5.41615
5.42593
5.445
5.42998
5.42307
5.43308
5.43618
5.44286
5.42116
5.41019
5.4431
5.41592
5.41997
5.42092
5.42903
5.43594
5.42188
5.41687
5.41997
5.41401
5.44786
5.42212
5.42784
5.42212
5.42903
5.43404
5.42092
5.41401
5.41711
5.43094
5.44906
5.42903
5.42498
5.44095
5.43904
5.43499
5.45096
5.41806
5.42307
5.44286
5.42998
5.42998
5.42688
5.43499
5.41806
5.42307
5.42998
5.44906
5.41806
5.41687
5.43714
5.44715
5.43785
5.42283
5.42212
5.43284
5.43189
5.45406
5.42879
5.43094
5.4121
5.42879
5.41615
5.41997
5.445
5.41997
5.42903
5.43404
5.42903
5.42688
5.41496
5.42092
5.42688
5.43404
5.43594
5.43094
5.42307
5.4462
5.42116
5.41711
5.41997
5.44596
5.42092
5.42498
5.42879
5.43404
5.44691
5.44405
5.42617
5.42521
5.41496
5.41592
5.42593
5.409
5.43594
5.41997
5.42593
5.42688
5.42593
5.42307
5.43499
5.43022
5.41711
5.43213
5.41997
5.42688
5.4369
5.42712
5.41782
5.4419
5.43809
5.42307
5.44906
5.42998
5.42283
5.43404
5.42188
5.42498
5.44095
5.41997
5.42688
5.41806
5.42402
5.42593
5.46503
5.41902
5.42879
5.45907
5.41377
5.42212
5.42498
5.445
5.4121
5.42593
5.4419
5.44405
5.43094
5.42593
5.42092
5.43714
5.42307
5.41997
5.42593
5.42879
5.42712
5.42688
5.44596
5.42593
5.41687
5.42998
5.44
5.43284
5.42903
5.42998
5.43284
5.42212
5.41902
5.42402
5.41997
5.44
5.44
5.41997
5.42116
5.44596
5.41496
5.44095
5.42212
5.43118
5.42712
5.4369
5.42092
5.42688
5.40709
5.42998
5.44214
5.42283
5.44
5.44596
5.41711
5.41902
5.41115
5.42498
5.41902
5.43094
5.4431
5.42617
5.42116
5.42712
5.41496
5.42903
5.445
5.42402
5.42307
5.42808
5.41806
5.41806
5.44214
5.42498
5.43714
5.42784
5.43284
5.409
5.42903
5.42712
5.43594
5.41496
5.43594
5.42593
5.43404
5.43904
5.42688
5.44214
5.42402
5.42402
5.43189
5.42688
5.41711
5.42283
5.42808
5.42378
5.44715
5.42712
5.43809
5.44
5.4388
5.42998
5.43094
5.42998
5.42808
5.42307
5.44095
5.42092
5.42212
5.43714
5.42307
5.42307
5.41615
5.43785
5.42903
5.44
5.43404
5.43118
5.43189
5.42593
5.41496
5.42188
5.42307
5.4419
5.42092
5.41806
5.43094
5.4369
5.445
5.41687
5.43904
5.45812
5.4369
5.45001
5.42092
5.42688
5.43594
5.42998
5.43809
5.43213
5.4369
5.42998
5.43094
5.42593
5.41687
5.42402
5.43094
5.43594
5.42998
5.41902
5.44
5.42307
5.41997
5.42998
5.41091
5.41997
5.41997
5.41902
5.42808
5.43308
5.45502
5.42712
5.44095
5.43189
5.42402
5.42903
5.42688
5.42307
5.43284
5.42402
5.42593
5.41997
5.4369
5.41401
5.42188
5.40709
5.4431
5.42688
5.42712
5.42498
5.44715
5.43499
5.43714
5.44286
5.43594
5.42402
5.42092
5.43189
5.45597
5.42998
5.43785
5.41997
5.41806
5.41401
5.42307
5.41997
5.4369
5.41806
5.42498
5.42307
5.44286
5.42808
5.43404
5.43308
5.42498
5.42808
5.42402
5.45096
5.4431
5.42617
5.42712
5.43094
5.43189
5.42307
5.43118
5.42498
5.42712
5.445
5.44596
5.44715
5.43904
5.41687
5.43022
5.42307
5.41902
5.42188
5.43189
5.43904
5.4388
5.42712
5.43284
5.42307
5.42521
5.44596
5.43714
5.42521
5.45907
5.44596
5.42498
5.43809
5.43499
5.43809
5.43404
5.42879
5.42903
5.43404
5.42903
5.43213
5.44
5.43714
5.42998
5.44
5.41592
5.42307
5.43499
5.40709
5.43499
5.42688
5.42593
5.42498
5.43499
5.42283
5.45692
5.42903
5.43094
5.42903
5.43785
5.43094
5.42307
5.42402
5.42307
5.42402
5.42998
5.42212
5.42521
5.42212
5.44
5.44405
5.43308
5.43308
5.41902
5.41806
5.43618
5.41401
5.4512
5.42903
5.44286
5.44405
5.42402
5.42903
5.41902
5.44
5.4419
5.44596
5.43094
5.44906
5.42402
5.42188
5.45216
5.42617
5.42521
5.41115
5.42998
5.42307
5.41902
5.4431
5.41496
5.43094
5.42688
5.43499
5.42998
5.43284
5.44405
5.41401
5.42307
5.42092
5.44095
5.43809
5.45096
5.42617
5.42617
5.4388
5.45597
5.42188
5.41806
5.42784
5.42998
5.43785
5.43213
5.44405
5.42593
5.43714
5.45406
5.42188
5.42498
5.44
5.42188
5.42498
5.42498
5.43809
5.42521
5.42617
5.43404
5.42092
5.42212
5.42212
5.41782
5.44214
5.43308
5.43499
5.42092
5.43404
5.43308
5.43284
5.44
5.42593
5.43809
5.45001
5.42712
5.43404
5.42307
5.45216
5.44286
5.42498
5.41997
5.43404
5.43308
