-1.86229574680328369140625000000000
-1.86136436462402343750000000000000
-1.86043202877044677734375000000000
-1.85949897766113281250000000000000
-1.85856509208679199218750000000000
-1.85763037204742431640625000000000
-1.85669481754302978515625000000000
-1.85575830936431884765625000000000
-1.85482108592987060546875000000000
-1.85388302803039550781250000000000
-1.85294413566589355468750000000000
-1.85200428962707519531250000000000
-1.85106372833251953125000000000000
-1.85012233257293701171875000000000
-1.84918010234832763671875000000000
-1.84823691844940185546875000000000
-1.84729290008544921875000000000000
-1.84634804725646972656250000000000
-1.84540235996246337890625000000000
-1.84445583820343017578125000000000
-1.84350848197937011718750000000000
-1.84256029129028320312500000000000
-1.84161114692687988281250000000000
-1.84066116809844970703125000000000
-1.83971035480499267578125000000000
-1.83875870704650878906250000000000
-1.83780610561370849609375000000000
-1.83685278892517089843750000000000
-1.83589851856231689453125000000000
-1.83494341373443603515625000000000
-1.83398735523223876953125000000000
-1.83303046226501464843750000000000
-1.83207273483276367187500000000000
-1.83111417293548583984375000000000
-1.83015465736389160156250000000000
-1.82919430732727050781250000000000
-1.82823312282562255859375000000000
-1.82727098464965820312500000000000
-1.82630801200866699218750000000000
-1.82534408569335937500000000000000
-1.82437932491302490234375000000000
-1.82341372966766357421875000000000
-1.82244718074798583984375000000000
-1.82147967815399169921875000000000
-1.82051146030426025390625000000000
-1.81954228878021240234375000000000
-1.81857216358184814453125000000000
-1.81760120391845703125000000000000
-1.81662929058074951171875000000000
-1.81565654277801513671875000000000
-1.81468284130096435546875000000000
-1.81370830535888671875000000000000
-1.81273281574249267578125000000000
-1.81175649166107177734375000000000
-1.81077921390533447265625000000000
-1.80980098247528076171875000000000
-1.80882191658020019531250000000000
-1.80784189701080322265625000000000
-1.80686092376708984375000000000000
-1.80587911605834960937500000000000
-1.80489647388458251953125000000000
-1.80391275882720947265625000000000
-1.80292820930480957031250000000000
-1.80194270610809326171875000000000
-1.80095624923706054687500000000000
-1.79996895790100097656250000000000
-1.79898071289062500000000000000000
-1.79799151420593261718750000000000
-1.79700136184692382812500000000000
-1.79601037502288818359375000000000
-1.79501843452453613281250000000000
-1.79402542114257812500000000000000
-1.79303169250488281250000000000000
-1.79203689098358154296875000000000
-1.79104113578796386718750000000000
-1.79004454612731933593750000000000
-1.78904688358306884765625000000000
-1.78804838657379150390625000000000
-1.78704893589019775390625000000000
-1.78604853153228759765625000000000
-1.78504717350006103515625000000000
-1.78404486179351806640625000000000
-1.78304147720336914062500000000000
-1.78203737735748291015625000000000
-1.78103220462799072265625000000000
-1.78002607822418212890625000000000
-1.77901899814605712890625000000000
-1.77801096439361572265625000000000
-1.77700197696685791015625000000000
-1.77599203586578369140625000000000
-1.77498102188110351562500000000000
-1.77396917343139648437500000000000
-1.77295625209808349609375000000000
-1.77194249629974365234375000000000
-1.77092766761779785156250000000000
-1.76991188526153564453125000000000
-1.76889514923095703125000000000000
-1.76787745952606201171875000000000
-1.76685869693756103515625000000000
-1.76583898067474365234375000000000
-1.76481831073760986328125000000000
-1.76379668712615966796875000000000
-1.76277410984039306640625000000000
-1.76175045967102050781250000000000
-1.76072585582733154296875000000000
-1.75970029830932617187500000000000
-1.75867354869842529296875000000000
-1.75764608383178710937500000000000
-1.75661742687225341796875000000000
-1.75558793544769287109375000000000
-1.75455737113952636718750000000000
-1.75352573394775390625000000000000
-1.75249314308166503906250000000000
-1.75145959854125976562500000000000
-1.75042486190795898437500000000000
-1.74938929080963134765625000000000
-1.74835276603698730468750000000000
-1.74731516838073730468750000000000
-1.74627649784088134765625000000000
-1.74523675441741943359375000000000
-1.74419617652893066406250000000000
-1.74315440654754638671875000000000
-1.74211168289184570312500000000000
-1.74106800556182861328125000000000
-1.74002325534820556640625000000000
-1.73897743225097656250000000000000
-1.73793065547943115234375000000000
-1.73688268661499023437500000000000
-1.73583388328552246093750000000000
-1.73478388786315917968750000000000
-1.73373293876647949218750000000000
-1.73268091678619384765625000000000
-1.73162794113159179687500000000000
-1.73057389259338378906250000000000
-1.72951877117156982421875000000000
-1.72846257686614990234375000000000
-1.72740530967712402343750000000000
-1.72634708881378173828125000000000
-1.72528767585754394531250000000000
-1.72422730922698974609375000000000
-1.72316598892211914062500000000000
-1.72210347652435302734375000000000
-1.72103989124298095703125000000000
-1.71997523307800292968750000000000
-1.71890962123870849609375000000000
-1.71784281730651855468750000000000
-1.71677505970001220703125000000000
-1.71570611000061035156250000000000
-1.71463620662689208984375000000000
-1.71356523036956787109375000000000
-1.71249306201934814453125000000000
-1.71141982078552246093750000000000
-1.71034562587738037109375000000000
-1.70927035808563232421875000000000
-1.70819377899169921875000000000000
-1.70711636543273925781250000000000
-1.70603775978088378906250000000000
-1.70495808124542236328125000000000
-1.70387732982635498046875000000000
-1.70279538631439208984375000000000
-1.70171236991882324218750000000000
-1.70062839984893798828125000000000
-1.69954311847686767578125000000000
-1.69845688343048095703125000000000
-1.69736945629119873046875000000000
-1.69628107547760009765625000000000
-1.69519150257110595703125000000000
-1.69410073757171630859375000000000
-1.69300889968872070312500000000000
-1.69191598892211914062500000000000
-1.69082188606262207031250000000000
-1.68972671031951904296875000000000
-1.68863046169281005859375000000000
-1.68753302097320556640625000000000
-1.68643450736999511718750000000000
-1.68533480167388916015625000000000
-1.68423402309417724609375000000000
-1.68313205242156982421875000000000
-1.68202900886535644531250000000000
-1.68092477321624755859375000000000
-1.67981946468353271484375000000000
-1.67871296405792236328125000000000
-1.67760539054870605468750000000000
-1.67649650573730468750000000000000
-1.67538666725158691406250000000000
-1.67427563667297363281250000000000
-1.67316329479217529296875000000000
-1.67204999923706054687500000000000
-1.67093551158905029296875000000000
-1.66981983184814453125000000000000
-1.66870296001434326171875000000000
-1.66758489608764648437500000000000
-1.66646575927734375000000000000000
-1.66534543037414550781250000000000
-1.66422379016876220703125000000000
-1.66310119628906250000000000000000
-1.66197729110717773437500000000000
-1.66085231304168701171875000000000
-1.65972614288330078125000000000000
-1.65859866142272949218750000000000
-1.65747010707855224609375000000000
-1.65634036064147949218750000000000
-1.65520930290222167968750000000000
-1.65407717227935791015625000000000
-1.65294384956359863281250000000000
-1.65180933475494384765625000000000
-1.65067362785339355468750000000000
-1.64953660964965820312500000000000
-1.64839851856231689453125000000000
-1.64725923538208007812500000000000
-1.64611864089965820312500000000000
-1.64497685432434082031250000000000
-1.64383399486541748046875000000000
-1.64268982410430908203125000000000
-1.64154446125030517578125000000000
-1.64039778709411621093750000000000
-1.63924992084503173828125000000000
-1.63810086250305175781250000000000
-1.63695049285888671875000000000000
-1.63579905033111572265625000000000
-1.63464629650115966796875000000000
-1.63349235057830810546875000000000
-1.63233721256256103515625000000000
-1.63118064403533935546875000000000
-1.63002300262451171875000000000000
-1.62886416912078857421875000000000
-1.62770390510559082031250000000000
-1.62654244899749755859375000000000
-1.62537980079650878906250000000000
-1.62421596050262451171875000000000
-1.62305080890655517578125000000000
-1.62188434600830078125000000000000
-1.62071657180786132812500000000000
-1.61954772472381591796875000000000
-1.61837744712829589843750000000000
-1.61720597743988037109375000000000
-1.61603319644927978515625000000000
-1.61485922336578369140625000000000
-1.61368393898010253906250000000000
-1.61250722408294677734375000000000
-1.61132943630218505859375000000000
-1.61015033721923828125000000000000
-1.60896980762481689453125000000000
-1.60778808593750000000000000000000
-1.60660517215728759765625000000000
-1.60542082786560058593750000000000
-1.60423529148101806640625000000000
-1.60304832458496093750000000000000
-1.60186016559600830078125000000000
-1.60067069530487060546875000000000
-1.59947979450225830078125000000000
-1.59828770160675048828125000000000
-1.59709429740905761718750000000000
-1.59589958190917968750000000000000
-1.59470355510711669921875000000000
-1.59350621700286865234375000000000
-1.59230744838714599609375000000000
-1.59110748767852783203125000000000
-1.58990609645843505859375000000000
-1.58870339393615722656250000000000
-1.58749949932098388671875000000000
-1.58629417419433593750000000000000
-1.58508753776550292968750000000000
-1.58387947082519531250000000000000
-1.58267009258270263671875000000000
-1.58145940303802490234375000000000
-1.58024728298187255859375000000000
-1.57903385162353515625000000000000
-1.57781910896301269531250000000000
-1.57660305500030517578125000000000
-1.57538557052612304687500000000000
-1.57416677474975585937500000000000
-1.57294654846191406250000000000000
-1.57172501087188720703125000000000
-1.57050204277038574218750000000000
-1.56927776336669921875000000000000
-1.56805205345153808593750000000000
-1.56682503223419189453125000000000
-1.56559658050537109375000000000000
-1.56436669826507568359375000000000
-1.56313550472259521484375000000000
-1.56190288066864013671875000000000
-1.56066882610321044921875000000000
-1.55943346023559570312500000000000
-1.55819666385650634765625000000000
-1.55695855617523193359375000000000
-1.55571889877319335937500000000000
-1.55447781085968017578125000000000
-1.55323541164398193359375000000000
-1.55199170112609863281250000000000
-1.55074632167816162109375000000000
-1.54949975013732910156250000000000
-1.54825162887573242187500000000000
-1.54700219631195068359375000000000
-1.54575121402740478515625000000000
-1.54449880123138427734375000000000
-1.54324495792388916015625000000000
-1.54198980331420898437500000000000
-1.54073309898376464843750000000000
-1.53947496414184570312500000000000
-1.53821539878845214843750000000000
-1.53695440292358398437500000000000
-1.53569197654724121093750000000000
-1.53442800045013427734375000000000
-1.53316259384155273437500000000000
-1.53189575672149658203125000000000
-1.53062748908996582031250000000000
-1.52935767173767089843750000000000
-1.52808642387390136718750000000000
-1.52681374549865722656250000000000
-1.52553963661193847656250000000000
-1.52426385879516601562500000000000
-1.52298676967620849609375000000000
-1.52170813083648681640625000000000
-1.52042794227600097656250000000000
-1.51914644241333007812500000000000
-1.51786327362060546875000000000000
-1.51657879352569580078125000000000
-1.51529264450073242187500000000000
-1.51400494575500488281250000000000
-1.51271593570709228515625000000000
-1.51142525672912597656250000000000
-1.51013314723968505859375000000000
-1.50883948802947998046875000000000
-1.50754427909851074218750000000000
-1.50624763965606689453125000000000
-1.50494945049285888671875000000000
-1.50364971160888671875000000000000
-1.50234842300415039062500000000000
-1.50104558467864990234375000000000
-1.49974119663238525390625000000000
-1.49843537807464599609375000000000
-1.49712789058685302734375000000000
-1.49581897258758544921875000000000
-1.49450838565826416015625000000000
-1.49319624900817871093750000000000
-1.49188268184661865234375000000000
-1.49056744575500488281250000000000
-1.48925065994262695312500000000000
-1.48793232440948486328125000000000
-1.48661243915557861328125000000000
-1.48529088497161865234375000000000
-1.48396790027618408203125000000000
-1.48264312744140625000000000000000
-1.48131692409515380859375000000000
-1.47998917102813720703125000000000
-1.47865962982177734375000000000000
-1.47732865810394287109375000000000
-1.47599613666534423828125000000000
-1.47466194629669189453125000000000
-1.47332620620727539062500000000000
-1.47198867797851562500000000000000
-1.47064960002899169921875000000000
-1.46930897235870361328125000000000
-1.46796667575836181640625000000000
-1.46662282943725585937500000000000
-1.46527731418609619140625000000000
-1.46393024921417236328125000000000
-1.46258151531219482421875000000000
-1.46123099327087402343750000000000
-1.45987892150878906250000000000000
-1.45852530002593994140625000000000
-1.45716989040374755859375000000000
-1.45581293106079101562500000000000
-1.45445430278778076171875000000000
-1.45309400558471679687500000000000
-1.45173215866088867187500000000000
-1.45036840438842773437500000000000
-1.44900310039520263671875000000000
-1.44763624668121337890625000000000
-1.44626748561859130859375000000000
-1.44489717483520507812500000000000
-1.44352519512176513671875000000000
-1.44215154647827148437500000000000
-1.44077610969543457031250000000000
-1.43939912319183349609375000000000
-1.43802034854888916015625000000000
-1.43663990497589111328125000000000
-1.43525767326354980468750000000000
-1.43387377262115478515625000000000
-1.43248820304870605468750000000000
-1.43110096454620361328125000000000
-1.42971193790435791015625000000000
-1.42832112312316894531250000000000
-1.42692875862121582031250000000000
-1.42553460597991943359375000000000
-1.42413854598999023437500000000000
-1.42274093627929687500000000000000
-1.42134153842926025390625000000000
-1.41994035243988037109375000000000
-1.41853749752044677734375000000000
-1.41713273525238037109375000000000
-1.41572642326354980468750000000000
-1.41431820392608642578125000000000
-1.41290831565856933593750000000000
-1.41149652004241943359375000000000
-1.41008305549621582031250000000000
-1.40866792201995849609375000000000
-1.40725088119506835937500000000000
-1.40583205223083496093750000000000
-1.40441143512725830078125000000000
-1.40298902988433837890625000000000
-1.40156483650207519531250000000000
-1.40013885498046875000000000000000
-1.39871108531951904296875000000000
-1.39728152751922607421875000000000
-1.39585006237030029296875000000000
-1.39441680908203125000000000000000
-1.39298188686370849609375000000000
-1.39154505729675292968750000000000
-1.39010632038116455078125000000000
-1.38866579532623291015625000000000
-1.38722336292266845703125000000000
-1.38577926158905029296875000000000
-1.38433325290679931640625000000000
-1.38288533687591552734375000000000
-1.38143563270568847656250000000000
-1.37998402118682861328125000000000
-1.37853062152862548828125000000000
-1.37707519531250000000000000000000
-1.37561810016632080078125000000000
-1.37415909767150878906250000000000
-1.37269818782806396484375000000000
-1.37123537063598632812500000000000
-1.36977064609527587890625000000000
-1.36830413341522216796875000000000
-1.36683559417724609375000000000000
-1.36536526679992675781250000000000
-1.36389303207397460937500000000000
-1.36241888999938964843750000000000
-1.36094284057617187500000000000000
-1.35946476459503173828125000000000
-1.35798490047454833984375000000000
-1.35650312900543212890625000000000
-1.35501945018768310546875000000000
-1.35353374481201171875000000000000
-1.35204613208770751953125000000000
-1.35055661201477050781250000000000
-1.34906506538391113281250000000000
-1.34757161140441894531250000000000
-1.34607625007629394531250000000000
-1.34457898139953613281250000000000
-1.34307968616485595703125000000000
-1.34157836437225341796875000000000
-1.34007513523101806640625000000000
-1.33856999874114990234375000000000
-1.33706283569335937500000000000000
-1.33555364608764648437500000000000
-1.33404254913330078125000000000000
-1.33252942562103271484375000000000
-1.33101427555084228515625000000000
-1.32949709892272949218750000000000
-1.32797801494598388671875000000000
-1.32645690441131591796875000000000
-1.32493376731872558593750000000000
-1.32340848445892333984375000000000
-1.32188141345977783203125000000000
-1.32035219669342041015625000000000
-1.31882095336914062500000000000000
-1.31728768348693847656250000000000
-1.31575238704681396484375000000000
-1.31421506404876708984375000000000
-1.31267559528350830078125000000000
-1.31113409996032714843750000000000
-1.30959057807922363281250000000000
-1.30804502964019775390625000000000
-1.30649745464324951171875000000000
-1.30494761466979980468750000000000
-1.30339586734771728515625000000000
-1.30184209346771240234375000000000
-1.30028605461120605468750000000000
-1.29872798919677734375000000000000
-1.29716789722442626953125000000000
-1.29560565948486328125000000000000
-1.29404139518737792968750000000000
-1.29247486591339111328125000000000
-1.29090631008148193359375000000000
-1.28933572769165039062500000000000
-1.28776288032531738281250000000000
-1.28618788719177246093750000000000
-1.28461086750030517578125000000000
-1.28303170204162597656250000000000
-1.28145039081573486328125000000000
-1.27986681461334228515625000000000
-1.27828133106231689453125000000000
-1.27669358253479003906250000000000
-1.27510356903076171875000000000000
-1.27351140975952148437500000000000
-1.27191722393035888671875000000000
-1.27032077312469482421875000000000
-1.26872205734252929687500000000000
-1.26712119579315185546875000000000
-1.26551830768585205078125000000000
-1.26391315460205078125000000000000
-1.26230573654174804687500000000000
-1.26069605350494384765625000000000
-1.25908422470092773437500000000000
-1.25747025012969970703125000000000
-1.25585401058197021484375000000000
-1.25423550605773925781250000000000
-1.25261485576629638671875000000000
-1.25099194049835205078125000000000
-1.24936676025390625000000000000000
-1.24773931503295898437500000000000
-1.24610972404479980468750000000000
-1.24447786808013916015625000000000
-1.24284362792968750000000000000000
-1.24120724201202392578125000000000
-1.23956859111785888671875000000000
-1.23792755603790283203125000000000
-1.23628437519073486328125000000000
-1.23463881015777587890625000000000
-1.23299098014831542968750000000000
-1.23134088516235351562500000000000
-1.22968840599060058593750000000000
-1.22803366184234619140625000000000
-1.22637677192687988281250000000000
-1.22471737861633300781250000000000
-1.22305572032928466796875000000000
-1.22139167785644531250000000000000
-1.21972548961639404296875000000000
-1.21805679798126220703125000000000
-1.21638584136962890625000000000000
-1.21471250057220458984375000000000
-1.21303677558898925781250000000000
-1.21135878562927246093750000000000
-1.20967841148376464843750000000000
-1.20799565315246582031250000000000
-1.20631051063537597656250000000000
-1.20462298393249511718750000000000
-1.20293307304382324218750000000000
-1.20124077796936035156250000000000
-1.19954621791839599609375000000000
-1.19784915447235107421875000000000
-1.19614970684051513671875000000000
-1.19444775581359863281250000000000
-1.19274353981018066406250000000000
-1.19103682041168212890625000000000
-1.18932771682739257812500000000000
-1.18761610984802246093750000000000
-1.18590211868286132812500000000000
-1.18418574333190917968750000000000
-1.18246686458587646484375000000000
-1.18074548244476318359375000000000
-1.17902171611785888671875000000000
-1.17729556560516357421875000000000
-1.17556679248809814453125000000000
-1.17383551597595214843750000000000
-1.17210197448730468750000000000000
-1.17036581039428710937500000000000
-1.16862714290618896484375000000000
-1.16688597202301025390625000000000
-1.16514241695404052734375000000000
-1.16339635848999023437500000000000
-1.16164767742156982421875000000000
-1.15989649295806884765625000000000
-1.15814280509948730468750000000000
-1.15638661384582519531250000000000
-1.15462791919708251953125000000000
-1.15286660194396972656250000000000
-1.15110278129577636718750000000000
-1.14933645725250244140625000000000
-1.14756751060485839843750000000000
-1.14579594135284423828125000000000
-1.14402198791503906250000000000000
-1.14224541187286376953125000000000
-1.14046621322631835937500000000000
-1.13868439197540283203125000000000
-1.13690006732940673828125000000000
-1.13511312007904052734375000000000
-1.13332355022430419921875000000000
-1.13153135776519775390625000000000
-1.12973654270172119140625000000000
-1.12793922424316406250000000000000
-1.12613916397094726562500000000000
-1.12433648109436035156250000000000
-1.12253129482269287109375000000000
-1.12072336673736572265625000000000
-1.11891281604766845703125000000000
-1.11709964275360107421875000000000
-1.11528372764587402343750000000000
-1.11346530914306640625000000000000
-1.11164402961730957031250000000000
-1.10982012748718261718750000000000
-1.10799372196197509765625000000000
-1.10616445541381835937500000000000
-1.10433256626129150390625000000000
-1.10249793529510498046875000000000
-1.10066068172454833984375000000000
-1.09882068634033203125000000000000
-1.09697782993316650390625000000000
-1.09513235092163085937500000000000
-1.09328424930572509765625000000000
-1.09143340587615966796875000000000
-1.08957970142364501953125000000000
-1.08772337436676025390625000000000
-1.08586418628692626953125000000000
-1.08400237560272216796875000000000
-1.08213770389556884765625000000000
-1.08027029037475585937500000000000
-1.07840013504028320312500000000000
-1.07652723789215087890625000000000
-1.07465147972106933593750000000000
-1.07277286052703857421875000000000
-1.07089161872863769531250000000000
-1.06900751590728759765625000000000
-1.06712067127227783203125000000000
-1.06523084640502929687500000000000
-1.06333839893341064453125000000000
-1.06144297122955322265625000000000
-1.05954480171203613281250000000000
-1.05764377117156982421875000000000
-1.05573987960815429687500000000000
-1.05383324623107910156250000000000
-1.05192363262176513671875000000000
-1.05001115798950195312500000000000
-1.04809582233428955078125000000000
-1.04617774486541748046875000000000
-1.04425668716430664062500000000000
-1.04233276844024658203125000000000
-1.04040598869323730468750000000000
-1.03847634792327880859375000000000
-1.03654372692108154296875000000000
-1.03460812568664550781250000000000
-1.03266978263854980468750000000000
-1.03072845935821533203125000000000
-1.02878415584564208984375000000000
-1.02683699131011962890625000000000
-1.02488696575164794921875000000000
-1.02293384075164794921875000000000
-1.02097785472869873046875000000000
-1.01901888847351074218750000000000
-1.01705706119537353515625000000000
-1.01509213447570800781250000000000
-1.01312434673309326171875000000000
-1.01115345954895019531250000000000
-1.00917971134185791015625000000000
-1.00720298290252685546875000000000
-1.00522315502166748046875000000000
-1.00324034690856933593750000000000
-1.00125455856323242187500000000000
-0.99926584959030151367187500000000
-0.99727404117584228515625000000000
-0.99527919292449951171875000000000
-0.99328136444091796875000000000000
-0.99128055572509765625000000000000
-0.98927658796310424804687500000000
-0.98726958036422729492187500000000
-0.98525959253311157226562500000000
-0.98324656486511230468750000000000
-0.98123037815093994140625000000000
-0.97921115159988403320312500000000
-0.97718888521194458007812500000000
-0.97516357898712158203125000000000
-0.97313511371612548828125000000000
-0.97110354900360107421875000000000
-0.96906894445419311523437500000000
-0.96703130006790161132812500000000
-0.96499037742614746093750000000000
-0.96294641494750976562500000000000
-0.96089935302734375000000000000000
-0.95884925127029418945312500000000
-0.95679587125778198242187500000000
-0.95473933219909667968750000000000
-0.95267981290817260742187500000000
-0.95061707496643066406250000000000
-0.94855111837387084960937500000000
-0.94648200273513793945312500000000
-0.94440984725952148437500000000000
-0.94233447313308715820312500000000
-0.94025582075119018554687500000000
-0.93817406892776489257812500000000
-0.93608915805816650390625000000000
-0.93400102853775024414062500000000
-0.93190968036651611328125000000000
-0.92981505393981933593750000000000
-0.92771732807159423828125000000000
-0.92561644315719604492187500000000
-0.92351222038269042968750000000000
-0.92140471935272216796875000000000
-0.91929411888122558593750000000000
-0.91718029975891113281250000000000
-0.91506314277648925781250000000000
-0.91294270753860473632812500000000
-0.91081911325454711914062500000000
-0.90869224071502685546875000000000
-0.90656208992004394531250000000000
-0.90442860126495361328125000000000
-0.90229195356369018554687500000000
-0.90015202760696411132812500000000
-0.89800870418548583984375000000000
-0.89586210250854492187500000000000
-0.89371228218078613281250000000000
-0.89155918359756469726562500000000
-0.88940268754959106445312500000000
-0.88724285364151000976562500000000
-0.88507986068725585937500000000000
-0.88291347026824951171875000000000
-0.88074368238449096679687500000000
-0.87857061624526977539062500000000
-0.87639421224594116210937500000000
-0.87421447038650512695312500000000
-0.87203139066696166992187500000000
-0.86984491348266601562500000000000
-0.86765509843826293945312500000000
-0.86546194553375244140625000000000
-0.86326539516448974609375000000000
-0.86106550693511962890625000000000
-0.85886222124099731445312500000000
-0.85665553808212280273437500000000
-0.85444545745849609375000000000000
-0.85223203897476196289062500000000
-0.85001516342163085937500000000000
-0.84779489040374755859375000000000
-0.84557127952575683593750000000000
-0.84334421157836914062500000000000
-0.84111368656158447265625000000000
-0.83887982368469238281250000000000
-0.83664250373840332031250000000000
-0.83440172672271728515625000000000
-0.83215755224227905273437500000000
-0.82990992069244384765625000000000
-0.82765883207321166992187500000000
-0.82540434598922729492187500000000
-0.82314634323120117187500000000000
-0.82088494300842285156250000000000
-0.81862008571624755859375000000000
-0.81635171175003051757812500000000
-0.81407988071441650390625000000000
-0.81180459260940551757812500000000
-0.80952584743499755859375000000000
-0.80724358558654785156250000000000
-0.80495786666870117187500000000000
-0.80266863107681274414062500000000
-0.80037593841552734375000000000000
-0.79807972908020019531250000000000
-0.79578000307083129882812500000000
-0.79347676038742065429687500000000
-0.79117006063461303710937500000000
-0.78885984420776367187500000000000
-0.78654605150222778320312500000000
-0.78422880172729492187500000000000
-0.78190797567367553710937500000000
-0.77958369255065917968750000000000
-0.77725583314895629882812500000000
-0.77492445707321166992187500000000
-0.77258950471878051757812500000000
-0.77025103569030761718750000000000
-0.76790904998779296875000000000000
-0.76556348800659179687500000000000
-0.76321434974670410156250000000000
-0.76086169481277465820312500000000
-0.75850546360015869140625000000000
-0.75614571571350097656250000000000
-0.75378239154815673828125000000000
-0.75141549110412597656250000000000
-0.74904501438140869140625000000000
-0.74667096138000488281250000000000
-0.74429333209991455078125000000000
-0.74191212654113769531250000000000
-0.73952734470367431640625000000000
-0.73713904619216918945312500000000
-0.73474705219268798828125000000000
-0.73235154151916503906250000000000
-0.72995245456695556640625000000000
-0.72754973173141479492187500000000
-0.72514343261718750000000000000000
-0.72273355722427368164062500000000
-0.72032004594802856445312500000000
-0.71790295839309692382812500000000
-0.71548223495483398437500000000000
-0.71305793523788452148437500000000
-0.71063005924224853515625000000000
-0.70819854736328125000000000000000
-0.70576339960098266601562500000000
-0.70332467555999755859375000000000
-0.70088231563568115234375000000000
-0.69843637943267822265625000000000
-0.69598680734634399414062500000000
-0.69353359937667846679687500000000
-0.69107681512832641601562500000000
-0.68861639499664306640625000000000
-0.68615233898162841796875000000000
-0.68368464708328247070312500000000
-0.68121337890625000000000000000000
-0.67873847484588623046875000000000
-0.67625993490219116210937500000000
-0.67377775907516479492187500000000
-0.67129200696945190429687500000000
-0.66880255937576293945312500000000
-0.66630953550338745117187500000000
-0.66381287574768066406250000000000
-0.66131258010864257812500000000000
-0.65880864858627319335937500000000
-0.65630114078521728515625000000000
-0.65378999710083007812500000000000
-0.65127515792846679687500000000000
-0.64875674247741699218750000000000
-0.64623469114303588867187500000000
-0.64370906352996826171875000000000
-0.64117974042892456054687500000000
-0.63864684104919433593750000000000
-0.63611030578613281250000000000000
-0.63357013463973999023437500000000
-0.63102632761001586914062500000000
-0.62847894430160522460937500000000
-0.62592792510986328125000000000000
-0.62337327003479003906250000000000
-0.62081497907638549804687500000000
-0.61825311183929443359375000000000
-0.61568760871887207031250000000000
-0.61311852931976318359375000000000
-0.61054581403732299804687500000000
-0.60796946287155151367187500000000
-0.60538953542709350585937500000000
-0.60280603170394897460937500000000
-0.60021889209747314453125000000000
-0.59762811660766601562500000000000
-0.59503376483917236328125000000000
-0.59243583679199218750000000000000
-0.58983433246612548828125000000000
-0.58722919225692749023437500000000
-0.58462047576904296875000000000000
-0.58200818300247192382812500000000
-0.57939231395721435546875000000000
-0.57677286863327026367187500000000
-0.57414984703063964843750000000000
-0.57152324914932250976562500000000
-0.56889307498931884765625000000000
-0.56625938415527343750000000000000
-0.56362205743789672851562500000000
-0.56098121404647827148437500000000
-0.55833685398101806640625000000000
-0.55568885803222656250000000000000
-0.55303740501403808593750000000000
-0.55038237571716308593750000000000
-0.54772377014160156250000000000000
-0.54506170749664306640625000000000
-0.54239606857299804687500000000000
-0.53972691297531127929687500000000
-0.53705430030822753906250000000000
-0.53437811136245727539062500000000
-0.53169846534729003906250000000000
-0.52901524305343627929687500000000
-0.52632862329483032226562500000000
-0.52363842725753784179687500000000
-0.52094483375549316406250000000000
-0.51824772357940673828125000000000
-0.51554709672927856445312500000000
-0.51284307241439819335937500000000
-0.51013559103012084960937500000000
-0.50742465257644653320312500000000
-0.50471025705337524414062500000000
-0.50199240446090698242187500000000
-0.49927115440368652343750000000000
-0.49654644727706909179687500000000
-0.49381837248802185058593750000000
-0.49108687043190002441406250000000
-0.48835197091102600097656250000000
-0.48561367392539978027343750000000
-0.48287197947502136230468750000000
-0.48012691736221313476562500000000
-0.47737851738929748535156250000000
-0.47462671995162963867187500000000
-0.47187158465385437011718750000000
-0.46911311149597167968750000000000
-0.46635130047798156738281250000000
-0.46358618140220642089843750000000
-0.46081772446632385253906250000000
-0.45804598927497863769531250000000
-0.45527094602584838867187500000000
-0.45249262452125549316406250000000
-0.44971099495887756347656250000000
-0.44692611694335937500000000000000
-0.44413799047470092773437500000000
-0.44134661555290222167968750000000
-0.43855199217796325683593750000000
-0.43575417995452880859375000000000
-0.43295311927795410156250000000000
-0.43014886975288391113281250000000
-0.42734140157699584960937500000000
-0.42453077435493469238281250000000
-0.42171698808670043945312500000000
-0.41890004277229309082031250000000
-0.41607993841171264648437500000000
-0.41325670480728149414062500000000
-0.41043034195899963378906250000000
-0.40760087966918945312500000000000
-0.40476831793785095214843750000000
-0.40193268656730651855468750000000
-0.39909395575523376464843750000000
-0.39625218510627746582031250000000
-0.39340734481811523437500000000000
-0.39055949449539184570312500000000
-0.38770863413810729980468750000000
-0.38485473394393920898437500000000
-0.38199788331985473632812500000000
-0.37913802266120910644531250000000
-0.37627521157264709472656250000000
-0.37340945005416870117187500000000
-0.37054073810577392578125000000000
-0.36766913533210754394531250000000
-0.36479461193084716796875000000000
-0.36191719770431518554687500000000
-0.35903692245483398437500000000000
-0.35615375638008117675781250000000
-0.35326778888702392578125000000000
-0.35037896037101745605468750000000
-0.34748733043670654296875000000000
-0.34459289908409118652343750000000
-0.34169569611549377441406250000000
-0.33879572153091430664062500000000
-0.33589300513267517089843750000000
-0.33298754692077636718750000000000
-0.33007937669754028320312500000000
-0.32716852426528930664062500000000
-0.32425498962402343750000000000000
-0.32133877277374267578125000000000
-0.31841993331909179687500000000000
-0.31549844145774841308593750000000
-0.31257435679435729980468750000000
-0.30964767932891845703125000000000
-0.30671843886375427246093750000000
-0.30378663539886474609375000000000
-0.30085229873657226562500000000000
-0.29791542887687683105468750000000
-0.29497608542442321777343750000000
-0.29203423857688903808593750000000
-0.28908994793891906738281250000000
-0.28614321351051330566406250000000
-0.28319406509399414062500000000000
-0.28024250268936157226562500000000
-0.27728855609893798828125000000000
-0.27433225512504577636718750000000
-0.27137362957000732421875000000000
-0.26841264963150024414062500000000
-0.26544940471649169921875000000000
-0.26248386502265930175781250000000
-0.25951606035232543945312500000000
-0.25654602050781250000000000000000
-0.25357377529144287109375000000000
-0.25059932470321655273437500000000
-0.24762269854545593261718750000000
-0.24464392662048339843750000000000
-0.24166302382946014404296875000000
-0.23868001997470855712890625000000
-0.23569491505622863769531250000000
-0.23270775377750396728515625000000
-0.22971855103969573974609375000000
-0.22672733664512634277343750000000
-0.22373411059379577636718750000000
-0.22073893249034881591796875000000
-0.21774178743362426757812500000000
-0.21474272012710571289062500000000
-0.21174174547195434570312500000000
-0.20873890817165374755859375000000
-0.20573419332504272460937500000000
-0.20272766053676605224609375000000
-0.19971930980682373046875000000000
-0.19670917093753814697265625000000
-0.19369727373123168945312500000000
-0.19068364799022674560546875000000
-0.18766830861568450927734375000000
-0.18465128540992736816406250000000
-0.18163259327411651611328125000000
-0.17861226201057434082031250000000
-0.17559030652046203613281250000000
-0.17256678640842437744140625000000
-0.16954168677330017089843750000000
-0.16651505231857299804687500000000
-0.16348691284656524658203125000000
-0.16045728325843811035156250000000
-0.15742617845535278320312500000000
-0.15439365804195404052734375000000
-0.15135972201824188232421875000000
-0.14832440018653869628906250000000
-0.14528772234916687011718750000000
-0.14224971830844879150390625000000
-0.13921040296554565429687500000000
-0.13616980612277984619140625000000
-0.13312797248363494873046875000000
-0.13008490204811096191406250000000
-0.12704063951969146728515625000000
-0.12399519979953765869140625000000
-0.12094861268997192382812500000000
-0.11790091544389724731445312500000
-0.11485212296247482299804687500000
-0.11180227249860763549804687500000
-0.10875137895345687866210937500000
-0.10569948703050613403320312500000
-0.10264660418033599853515625000000
-0.09959277510643005371093750000000
-0.09653801470994949340820312500000
-0.09348235279321670532226562500000
-0.09042582660913467407226562500000
-0.08736845850944519042968750000000
-0.08431027084589004516601562500000
-0.08125130087137222290039062500000
-0.07819157093763351440429687500000
-0.07513111084699630737304687500000
-0.07206994295120239257812500000000
-0.06900810450315475463867187500000
-0.06594561785459518432617187500000
-0.06288252025842666625976562500000
-0.05981882661581039428710937500000
-0.05675457417964935302734375000000
-0.05368978902697563171386718750000
-0.05062450096011161804199218750000
-0.04755873605608940124511718750000
-0.04449252411723136901855468750000
-0.04142589494585990905761718750000
-0.03835887834429740905761718750000
-0.03529149666428565979003906250000
-0.03222378715872764587402343750000
-0.02915577217936515808105468750000
-0.02608748339116573333740234375000
-0.02301895059645175933837890625000
-0.01995019800961017608642578125000
-0.01688126102089881896972656250000
-0.01381216198205947875976562500000
-0.01074293442070484161376953125000
-0.00767360534518957138061523437500
-0.00460420409217476844787597656250
-0.00153475941624492406845092773438
0.00153469981160014867782592773438
0.00460414448752999305725097656250
0.00767354574054479598999023437500
0.01074287481606006622314453125000
0.01381210237741470336914062500000
0.01688120141625404357910156250000
0.01995013840496540069580078125000
0.02301889099180698394775390625000
0.02608742378652095794677734375000
0.02915571257472038269042968750000
0.03222372755408287048339843750000
0.03529143705964088439941406250000
0.03835881873965263366699218750000
0.04142583534121513366699218750000
0.04449246451258659362792968750000
0.04755867645144462585449218750000
0.05062444135546684265136718750000
0.05368972942233085632324218750000
0.05675451457500457763671875000000
0.05981876701116561889648437500000
0.06288246065378189086914062500000
0.06594555824995040893554687500000
0.06900804489850997924804687500000
0.07206988334655761718750000000000
0.07513105124235153198242187500000
0.07819151133298873901367187500000
0.08125124126672744750976562500000
0.08431021124124526977539062500000
0.08736839890480041503906250000000
0.09042576700448989868164062500000
0.09348229318857192993164062500000
0.09653795510530471801757812500000
0.09959271550178527832031250000000
0.10264654457569122314453125000000
0.10569942742586135864257812500000
0.10875131934881210327148437500000
0.11180221289396286010742187500000
0.11485206335783004760742187500000
0.11790085583925247192382812500000
0.12094855308532714843750000000000
0.12399514019489288330078125000000
0.12704057991504669189453125000000
0.13008484244346618652343750000000
0.13312791287899017333984375000000
0.13616974651813507080078125000000
0.13921034336090087890625000000000
0.14224965870380401611328125000000
0.14528766274452209472656250000000
0.14832434058189392089843750000000
0.15135966241359710693359375000000
0.15439359843730926513671875000000
0.15742611885070800781250000000000
0.16045722365379333496093750000000
0.16348685324192047119140625000000
0.16651499271392822265625000000000
0.16954162716865539550781250000000
0.17256672680377960205078125000000
0.17559024691581726074218750000000
0.17861220240592956542968750000000
0.18163253366947174072265625000000
0.18465122580528259277343750000000
0.18766824901103973388671875000000
0.19068358838558197021484375000000
0.19369722902774810791015625000000
0.19670911133289337158203125000000
0.19971925020217895507812500000000
0.20272760093212127685546875000000
0.20573413372039794921875000000000
0.20873884856700897216796875000000
0.21174168586730957031250000000000
0.21474266052246093750000000000000
0.21774172782897949218750000000000
0.22073887288570404052734375000000
0.22373405098915100097656250000000
0.22672727704048156738281250000000
0.22971849143505096435546875000000
0.23270769417285919189453125000000
0.23569485545158386230468750000000
0.23867996037006378173828125000000
0.24166296422481536865234375000000
0.24464386701583862304687500000000
0.24762263894081115722656250000000
0.25059926509857177734375000000000
0.25357371568679809570312500000000
0.25654596090316772460937500000000
0.25951600074768066406250000000000
0.26248380541801452636718750000000
0.26544934511184692382812500000000
0.26841261982917785644531250000000
0.27137356996536254882812500000000
0.27433219552040100097656250000000
0.27728849649429321289062500000000
0.28024244308471679687500000000000
0.28319400548934936523437500000000
0.28614315390586853027343750000000
0.28908988833427429199218750000000
0.29203417897224426269531250000000
0.29497602581977844238281250000000
0.29791536927223205566406250000000
0.30085223913192749023437500000000
0.30378657579421997070312500000000
0.30671837925910949707031250000000
0.30964761972427368164062500000000
0.31257429718971252441406250000000
0.31549838185310363769531250000000
0.31841987371444702148437500000000
0.32133871316909790039062500000000
0.32425493001937866210937500000000
0.32716846466064453125000000000000
0.33007931709289550781250000000000
0.33298748731613159179687500000000
0.33589294552803039550781250000000
0.33879566192626953125000000000000
0.34169563651084899902343750000000
0.34459283947944641113281250000000
0.34748727083206176757812500000000
0.35037890076637268066406250000000
0.35326772928237915039062500000000
0.35615372657775878906250000000000
0.35903686285018920898437500000000
0.36191713809967041015625000000000
0.36479455232620239257812500000000
0.36766907572746276855468750000000
0.37054070830345153808593750000000
0.37340939044952392578125000000000
0.37627515196800231933593750000000
0.37913796305656433105468750000000
0.38199782371520996093750000000000
0.38485467433929443359375000000000
0.38770857453346252441406250000000
0.39055943489074707031250000000000
0.39340728521347045898437500000000
0.39625212550163269042968750000000
0.39909389615058898925781250000000
0.40193262696266174316406250000000
0.40476825833320617675781250000000
0.40760082006454467773437500000000
0.41043028235435485839843750000000
0.41325664520263671875000000000000
0.41607987880706787109375000000000
0.41889998316764831542968750000000
0.42171692848205566406250000000000
0.42453074455261230468750000000000
0.42734137177467346191406250000000
0.43014881014823913574218750000000
0.43295305967330932617187500000000
0.43575412034988403320312500000000
0.43855196237564086914062500000000
0.44134655594825744628906250000000
0.44413793087005615234375000000000
0.44692605733871459960937500000000
0.44971093535423278808593750000000
0.45249256491661071777343750000000
0.45527088642120361328125000000000
0.45804592967033386230468750000000
0.46081769466400146484375000000000
0.46358612179756164550781250000000
0.46635127067565917968750000000000
0.46911305189132690429687500000000
0.47187155485153198242187500000000
0.47462666034698486328125000000000
0.47737845778465270996093750000000
0.48012688755989074707031250000000
0.48287191987037658691406250000000
0.48561361432075500488281250000000
0.48835191130638122558593750000000
0.49108681082725524902343750000000
0.49381831288337707519531250000000
0.49654641747474670410156250000000
0.49927109479904174804687500000000
0.50199234485626220703125000000000
0.50471019744873046875000000000000
0.50742459297180175781250000000000
0.51013553142547607421875000000000
0.51284301280975341796875000000000
0.51554709672927856445312500000000
0.51824766397476196289062500000000
0.52094477415084838867187500000000
0.52363836765289306640625000000000
0.52632856369018554687500000000000
0.52901524305343627929687500000000
0.53169840574264526367187500000000
0.53437805175781250000000000000000
0.53705424070358276367187500000000
0.53972691297531127929687500000000
0.54239600896835327148437500000000
0.54506164789199829101562500000000
0.54772377014160156250000000000000
0.55038231611251831054687500000000
0.55303734540939331054687500000000
0.55568885803222656250000000000000
0.55833679437637329101562500000000
0.56098115444183349609375000000000
0.56362205743789672851562500000000
0.56625932455062866210937500000000
0.56889307498931884765625000000000
0.57152318954467773437500000000000
0.57414978742599487304687500000000
0.57677280902862548828125000000000
0.57939231395721435546875000000000
0.58200818300247192382812500000000
0.58462047576904296875000000000000
0.58722913265228271484375000000000
0.58983427286148071289062500000000
0.59243577718734741210937500000000
0.59503376483917236328125000000000
0.59762805700302124023437500000000
0.60021883249282836914062500000000
0.60280597209930419921875000000000
0.60538947582244873046875000000000
0.60796940326690673828125000000000
0.61054575443267822265625000000000
0.61311846971511840820312500000000
0.61568754911422729492187500000000
0.61825305223464965820312500000000
0.62081491947174072265625000000000
0.62337321043014526367187500000000
0.62592786550521850585937500000000
0.62847888469696044921875000000000
0.63102626800537109375000000000000
0.63357007503509521484375000000000
0.63611024618148803710937500000000
0.63864678144454956054687500000000
0.64117968082427978515625000000000
0.64370900392532348632812500000000
0.64623469114303588867187500000000
0.64875668287277221679687500000000
0.65127509832382202148437500000000
0.65378993749618530273437500000000
0.65630108118057250976562500000000
0.65880864858627319335937500000000
0.66131252050399780273437500000000
0.66381281614303588867187500000000
0.66630947589874267578125000000000
0.66880249977111816406250000000000
0.67129194736480712890625000000000
0.67377769947052001953125000000000
0.67625987529754638671875000000000
0.67873841524124145507812500000000
0.68121331930160522460937500000000
0.68368458747863769531250000000000
0.68615227937698364257812500000000
0.68861633539199829101562500000000
0.69107675552368164062500000000000
0.69353353977203369140625000000000
0.69598674774169921875000000000000
0.69843631982803344726562500000000
0.70088231563568115234375000000000
0.70332461595535278320312500000000
0.70576333999633789062500000000000
0.70819848775863647460937500000000
0.71062999963760375976562500000000
0.71305787563323974609375000000000
0.71548217535018920898437500000000
0.71790289878845214843750000000000
0.72031998634338378906250000000000
0.72273349761962890625000000000000
0.72514337301254272460937500000000
0.72754967212677001953125000000000
0.72995239496231079101562500000000
0.73235148191452026367187500000000
0.73474705219268798828125000000000
0.73713898658752441406250000000000
0.73952734470367431640625000000000
0.74191212654113769531250000000000
0.74429327249526977539062500000000
0.74667090177536010742187500000000
0.74904495477676391601562500000000
0.75141543149948120117187500000000
0.75378233194351196289062500000000
0.75614565610885620117187500000000
0.75850546360015869140625000000000
0.76086163520812988281250000000000
0.76321434974670410156250000000000
0.76556342840194702148437500000000
0.76790899038314819335937500000000
0.77025097608566284179687500000000
0.77258944511413574218750000000000
0.77492439746856689453125000000000
0.77725577354431152343750000000000
0.77958363294601440429687500000000
0.78190797567367553710937500000000
0.78422874212265014648437500000000
0.78654599189758300781250000000000
0.78885978460311889648437500000000
0.79117000102996826171875000000000
0.79347676038742065429687500000000
0.79577994346618652343750000000000
0.79807966947555541992187500000000
0.80037587881088256835937500000000
0.80266857147216796875000000000000
0.80495780706405639648437500000000
0.80724352598190307617187500000000
0.80952578783035278320312500000000
0.81180453300476074218750000000000
0.81407982110977172851562500000000
0.81635165214538574218750000000000
0.81862002611160278320312500000000
0.82088488340377807617187500000000
0.82314634323120117187500000000000
0.82540428638458251953125000000000
0.82765883207321166992187500000000
0.82990986108779907226562500000000
0.83215749263763427734375000000000
0.83440166711807250976562500000000
0.83664244413375854492187500000000
0.83887976408004760742187500000000
0.84111368656158447265625000000000
0.84334415197372436523437500000000
0.84557121992111206054687500000000
0.84779489040374755859375000000000
0.85001510381698608398437500000000
0.85223197937011718750000000000000
0.85444539785385131835937500000000
0.85665547847747802734375000000000
0.85886216163635253906250000000000
0.86106544733047485351562500000000
0.86326533555984497070312500000000
0.86546188592910766601562500000000
0.86765503883361816406250000000000
0.86984485387802124023437500000000
0.87203133106231689453125000000000
0.87421441078186035156250000000000
0.87639415264129638671875000000000
0.87857055664062500000000000000000
0.88074362277984619140625000000000
0.88291341066360473632812500000000
0.88507986068725585937500000000000
0.88724285364151000976562500000000
0.88940262794494628906250000000000
0.89155912399291992187500000000000
0.89371228218078613281250000000000
0.89586210250854492187500000000000
0.89800864458084106445312500000000
0.90015190839767456054687500000000
0.90229195356369018554687500000000
0.90442860126495361328125000000000
0.90656197071075439453125000000000
0.90869218111038208007812500000000
0.91081911325454711914062500000000
0.91294270753860473632812500000000
0.91506302356719970703125000000000
0.91718018054962158203125000000000
0.91929411888122558593750000000000
0.92140471935272216796875000000000
0.92351210117340087890625000000000
0.92561632394790649414062500000000
0.92771732807159423828125000000000
0.92981505393981933593750000000000
0.93190956115722656250000000000000
0.93400096893310546875000000000000
0.93608915805816650390625000000000
0.93817406892776489257812500000000
0.94025576114654541015625000000000
0.94233441352844238281250000000000
0.94440984725952148437500000000000
0.94648200273513793945312500000000
0.94855105876922607421875000000000
0.95061701536178588867187500000000
0.95267981290817260742187500000000
0.95473933219909667968750000000000
0.95679575204849243164062500000000
0.95884913206100463867187500000000
0.96089935302734375000000000000000
0.96294641494750976562500000000000
0.96499031782150268554687500000000
0.96703118085861206054687500000000
0.96906894445419311523437500000000
0.97110354900360107421875000000000
0.97313505411148071289062500000000
0.97516351938247680664062500000000
0.97718888521194458007812500000000
0.97921115159988403320312500000000
0.98123031854629516601562500000000
0.98324650526046752929687500000000
0.98525959253311157226562500000000
0.98726958036422729492187500000000
0.98927646875381469726562500000000
0.99128043651580810546875000000000
0.99328136444091796875000000000000
0.99527919292449951171875000000000
0.99727398157119750976562500000000
0.99926578998565673828125000000000
1.00125455856323242187500000000000
1.00324034690856933593750000000000
1.00522303581237792968750000000000
1.00720286369323730468750000000000
1.00917971134185791015625000000000
1.01115345954895019531250000000000
1.01312422752380371093750000000000
1.01509213447570800781250000000000
1.01705706119537353515625000000000
1.01901888847351074218750000000000
1.02097773551940917968750000000000
1.02293384075164794921875000000000
1.02488696575164794921875000000000
1.02683699131011962890625000000000
1.02878415584564208984375000000000
1.03072845935821533203125000000000
1.03266978263854980468750000000000
1.03460812568664550781250000000000
1.03654360771179199218750000000000
1.03847622871398925781250000000000
1.04040598869323730468750000000000
1.04233276844024658203125000000000
1.04425656795501708984375000000000
1.04617762565612792968750000000000
1.04809582233428955078125000000000
1.05001115798950195312500000000000
1.05192351341247558593750000000000
1.05383312702178955078125000000000
1.05573987960815429687500000000000
1.05764377117156982421875000000000
1.05954468250274658203125000000000
1.06144297122955322265625000000000
1.06333839893341064453125000000000
1.06523084640502929687500000000000
1.06712055206298828125000000000000
1.06900751590728759765625000000000
1.07089161872863769531250000000000
1.07277286052703857421875000000000
1.07465136051177978515625000000000
1.07652711868286132812500000000000
1.07840013504028320312500000000000
1.08027029037475585937500000000000
1.08213770389556884765625000000000
1.08400237560272216796875000000000
1.08586418628692626953125000000000
1.08772337436676025390625000000000
1.08957970142364501953125000000000
1.09143328666687011718750000000000
1.09328424930572509765625000000000
1.09513235092163085937500000000000
1.09697782993316650390625000000000
1.09882056713104248046875000000000
1.10066068172454833984375000000000
1.10249793529510498046875000000000
1.10433244705200195312500000000000
1.10616445541381835937500000000000
1.10799372196197509765625000000000
1.10982012748718261718750000000000
1.11164402961730957031250000000000
1.11346518993377685546875000000000
1.11528372764587402343750000000000
1.11709964275360107421875000000000
1.11891269683837890625000000000000
1.12072336673736572265625000000000
1.12253129482269287109375000000000
1.12433648109436035156250000000000
1.12613916397094726562500000000000
1.12793910503387451171875000000000
1.12973654270172119140625000000000
1.13153135776519775390625000000000
1.13332343101501464843750000000000
1.13511300086975097656250000000000
1.13690006732940673828125000000000
1.13868439197540283203125000000000
1.14046609401702880859375000000000
1.14224529266357421875000000000000
1.14402198791503906250000000000000
1.14579594135284423828125000000000
1.14756739139556884765625000000000
1.14933633804321289062500000000000
1.15110278129577636718750000000000
1.15286660194396972656250000000000
1.15462779998779296875000000000000
1.15638661384582519531250000000000
1.15814280509948730468750000000000
1.15989649295806884765625000000000
1.16164755821228027343750000000000
1.16339623928070068359375000000000
1.16514241695404052734375000000000
1.16688597202301025390625000000000
1.16862714290618896484375000000000
1.17036569118499755859375000000000
1.17210197448730468750000000000000
1.17383551597595214843750000000000
1.17556667327880859375000000000000
1.17729544639587402343750000000000
1.17902171611785888671875000000000
1.18074548244476318359375000000000
1.18246674537658691406250000000000
1.18418562412261962890625000000000
1.18590211868286132812500000000000
1.18761610984802246093750000000000
1.18932759761810302734375000000000
1.19103682041168212890625000000000
1.19274353981018066406250000000000
1.19444775581359863281250000000000
1.19614958763122558593750000000000
1.19784903526306152343750000000000
1.19954621791839599609375000000000
1.20124077796936035156250000000000
1.20293307304382324218750000000000
1.20462298393249511718750000000000
1.20631051063537597656250000000000
1.20799565315246582031250000000000
1.20967829227447509765625000000000
1.21135878562927246093750000000000
1.21303677558898925781250000000000
1.21471250057220458984375000000000
1.21638572216033935546875000000000
1.21805679798126220703125000000000
1.21972548961639404296875000000000
1.22139167785644531250000000000000
1.22305572032928466796875000000000
1.22471737861633300781250000000000
1.22637677192687988281250000000000
1.22803366184234619140625000000000
1.22968840599060058593750000000000
1.23134088516235351562500000000000
1.23299098014831542968750000000000
1.23463881015777587890625000000000
1.23628425598144531250000000000000
1.23792755603790283203125000000000
1.23956859111785888671875000000000
1.24120724201202392578125000000000
1.24284362792968750000000000000000
1.24447774887084960937500000000000
1.24610972404479980468750000000000
1.24773931503295898437500000000000
1.24936676025390625000000000000000
1.25099194049835205078125000000000
1.25261485576629638671875000000000
1.25423550605773925781250000000000
1.25585401058197021484375000000000
1.25747025012969970703125000000000
1.25908422470092773437500000000000
1.26069605350494384765625000000000
1.26230561733245849609375000000000
1.26391303539276123046875000000000
1.26551830768585205078125000000000
1.26712119579315185546875000000000
1.26872205734252929687500000000000
1.27032065391540527343750000000000
1.27191722393035888671875000000000
1.27351140975952148437500000000000
1.27510344982147216796875000000000
1.27669346332550048828125000000000
1.27828133106231689453125000000000
1.27986681461334228515625000000000
1.28145027160644531250000000000000
1.28303170204162597656250000000000
1.28461086750030517578125000000000
1.28618788719177246093750000000000
1.28776276111602783203125000000000
1.28933560848236083984375000000000
1.29090631008148193359375000000000
1.29247486591339111328125000000000
1.29404127597808837890625000000000
1.29560565948486328125000000000000
1.29716789722442626953125000000000
1.29872798919677734375000000000000
1.30028605461120605468750000000000
1.30184197425842285156250000000000
1.30339586734771728515625000000000
1.30494761466979980468750000000000
1.30649733543395996093750000000000
1.30804502964019775390625000000000
1.30959057807922363281250000000000
1.31113409996032714843750000000000
1.31267547607421875000000000000000
1.31421494483947753906250000000000
1.31575238704681396484375000000000
1.31728768348693847656250000000000
1.31882083415985107421875000000000
1.32035219669342041015625000000000
1.32188141345977783203125000000000
1.32340848445892333984375000000000
1.32493364810943603515625000000000
1.32645678520202636718750000000000
1.32797801494598388671875000000000
1.32949709892272949218750000000000
1.33101415634155273437500000000000
1.33252930641174316406250000000000
1.33404254913330078125000000000000
1.33555364608764648437500000000000
1.33706271648406982421875000000000
1.33856999874114990234375000000000
1.34007513523101806640625000000000
1.34157836437225341796875000000000
1.34307956695556640625000000000000
1.34457898139953613281250000000000
1.34607625007629394531250000000000
1.34757161140441894531250000000000
1.34906506538391113281250000000000
1.35055661201477050781250000000000
1.35204613208770751953125000000000
1.35353374481201171875000000000000
1.35501933097839355468750000000000
1.35650312900543212890625000000000
1.35798490047454833984375000000000
1.35946476459503173828125000000000
1.36094272136688232421875000000000
1.36241888999938964843750000000000
1.36389303207397460937500000000000
1.36536526679992675781250000000000
1.36683559417724609375000000000000
1.36830413341522216796875000000000
1.36977064609527587890625000000000
1.37123537063598632812500000000000
1.37269806861877441406250000000000
1.37415897846221923828125000000000
1.37561810016632080078125000000000
1.37707519531250000000000000000000
1.37853050231933593750000000000000
1.37998402118682861328125000000000
1.38143563270568847656250000000000
1.38288533687591552734375000000000
1.38433313369750976562500000000000
1.38577926158905029296875000000000
1.38722336292266845703125000000000
1.38866579532623291015625000000000
1.39010620117187500000000000000000
1.39154493808746337890625000000000
1.39298188686370849609375000000000
1.39441680908203125000000000000000
1.39585006237030029296875000000000
1.39728140830993652343750000000000
1.39871108531951904296875000000000
1.40013885498046875000000000000000
1.40156483650207519531250000000000
1.40298902988433837890625000000000
1.40441143512725830078125000000000
1.40583205223083496093750000000000
1.40725076198577880859375000000000
1.40866780281066894531250000000000
1.41008305549621582031250000000000
1.41149652004241943359375000000000
1.41290819644927978515625000000000
1.41431820392608642578125000000000
1.41572642326354980468750000000000
1.41713273525238037109375000000000
1.41853737831115722656250000000000
1.41994035243988037109375000000000
1.42134153842926025390625000000000
1.42274093627929687500000000000000
1.42413854598999023437500000000000
1.42553448677062988281250000000000
1.42692875862121582031250000000000
1.42832112312316894531250000000000
1.42971181869506835937500000000000
1.43110096454620361328125000000000
1.43248820304870605468750000000000
1.43387377262115478515625000000000
1.43525767326354980468750000000000
1.43663990497589111328125000000000
1.43802034854888916015625000000000
1.43939912319183349609375000000000
1.44077610969543457031250000000000
1.44215154647827148437500000000000
1.44352519512176513671875000000000
1.44489717483520507812500000000000
1.44626748561859130859375000000000
1.44763612747192382812500000000000
1.44900310039520263671875000000000
1.45036840438842773437500000000000
1.45173203945159912109375000000000
1.45309400558471679687500000000000
1.45445430278778076171875000000000
1.45581293106079101562500000000000
1.45716989040374755859375000000000
1.45852518081665039062500000000000
1.45987892150878906250000000000000
1.46123099327087402343750000000000
1.46258139610290527343750000000000
1.46393024921417236328125000000000
1.46527731418609619140625000000000
1.46662282943725585937500000000000
1.46796667575836181640625000000000
1.46930897235870361328125000000000
1.47064960002899169921875000000000
1.47198867797851562500000000000000
1.47332608699798583984375000000000
1.47466194629669189453125000000000
1.47599613666534423828125000000000
1.47732865810394287109375000000000
1.47865962982177734375000000000000
1.47998905181884765625000000000000
1.48131692409515380859375000000000
1.48264312744140625000000000000000
1.48396778106689453125000000000000
1.48529088497161865234375000000000
1.48661243915557861328125000000000
1.48793232440948486328125000000000
1.48925065994262695312500000000000
1.49056732654571533203125000000000
1.49188268184661865234375000000000
1.49319624900817871093750000000000
1.49450838565826416015625000000000
1.49581897258758544921875000000000
1.49712789058685302734375000000000
1.49843537807464599609375000000000
1.49974119663238525390625000000000
1.50104546546936035156250000000000
1.50234842300415039062500000000000
1.50364971160888671875000000000000
1.50494933128356933593750000000000
1.50624763965606689453125000000000
1.50754427909851074218750000000000
1.50883948802947998046875000000000
1.51013314723968505859375000000000
1.51142525672912597656250000000000
1.51271593570709228515625000000000
1.51400494575500488281250000000000
1.51529252529144287109375000000000
1.51657879352569580078125000000000
1.51786327362060546875000000000000
1.51914644241333007812500000000000
1.52042794227600097656250000000000
1.52170801162719726562500000000000
1.52298676967620849609375000000000
1.52426385879516601562500000000000
1.52553951740264892578125000000000
1.52681374549865722656250000000000
1.52808642387390136718750000000000
1.52935767173767089843750000000000
1.53062748908996582031250000000000
1.53189575672149658203125000000000
1.53316259384155273437500000000000
1.53442800045013427734375000000000
1.53569185733795166015625000000000
1.53695440292358398437500000000000
1.53821539878845214843750000000000
1.53947496414184570312500000000000
1.54073309898376464843750000000000
1.54198968410491943359375000000000
1.54324495792388916015625000000000
1.54449880123138427734375000000000
1.54575109481811523437500000000000
1.54700219631195068359375000000000
1.54825162887573242187500000000000
1.54949975013732910156250000000000
1.55074632167816162109375000000000
1.55199158191680908203125000000000
1.55323541164398193359375000000000
1.55447781085968017578125000000000
1.55571889877319335937500000000000
1.55695855617523193359375000000000
1.55819666385650634765625000000000
1.55943346023559570312500000000000
1.56066882610321044921875000000000
1.56190276145935058593750000000000
1.56313550472259521484375000000000
1.56436669826507568359375000000000
1.56559646129608154296875000000000
1.56682503223419189453125000000000
1.56805205345153808593750000000000
1.56927776336669921875000000000000
1.57050204277038574218750000000000
1.57172489166259765625000000000000
1.57294654846191406250000000000000
1.57416677474975585937500000000000
1.57538557052612304687500000000000
1.57660305500030517578125000000000
1.57781910896301269531250000000000
1.57903385162353515625000000000000
1.58024728298187255859375000000000
1.58145928382873535156250000000000
1.58267009258270263671875000000000
1.58387947082519531250000000000000
1.58508741855621337890625000000000
1.58629417419433593750000000000000
1.58749949932098388671875000000000
1.58870339393615722656250000000000
1.58990609645843505859375000000000
1.59110736846923828125000000000000
1.59230744838714599609375000000000
1.59350621700286865234375000000000
1.59470355510711669921875000000000
1.59589958190917968750000000000000
1.59709429740905761718750000000000
1.59828770160675048828125000000000
1.59947979450225830078125000000000
1.60067057609558105468750000000000
1.60186016559600830078125000000000
1.60304832458496093750000000000000
1.60423517227172851562500000000000
1.60542082786560058593750000000000
1.60660517215728759765625000000000
1.60778808593750000000000000000000
1.60896980762481689453125000000000
1.61015021800994873046875000000000
1.61132943630218505859375000000000
1.61250722408294677734375000000000
1.61368381977081298828125000000000
1.61485922336578369140625000000000
1.61603319644927978515625000000000
1.61720597743988037109375000000000
1.61837744712829589843750000000000
1.61954760551452636718750000000000
1.62071657180786132812500000000000
1.62188434600830078125000000000000
1.62305068969726562500000000000000
1.62421596050262451171875000000000
1.62537980079650878906250000000000
1.62654244899749755859375000000000
1.62770390510559082031250000000000
1.62886404991149902343750000000000
1.63002300262451171875000000000000
1.63118064403533935546875000000000
1.63233709335327148437500000000000
1.63349235057830810546875000000000
1.63464629650115966796875000000000
1.63579905033111572265625000000000
1.63695049285888671875000000000000
1.63810074329376220703125000000000
1.63924992084503173828125000000000
1.64039778709411621093750000000000
1.64154434204101562500000000000000
1.64268982410430908203125000000000
1.64383399486541748046875000000000
1.64497685432434082031250000000000
1.64611864089965820312500000000000
1.64725911617279052734375000000000
1.64839851856231689453125000000000
1.64953660964965820312500000000000
1.65067350864410400390625000000000
1.65180933475494384765625000000000
1.65294384956359863281250000000000
1.65407717227935791015625000000000
1.65520930290222167968750000000000
1.65634024143218994140625000000000
1.65747010707855224609375000000000
1.65859866142272949218750000000000
1.65972602367401123046875000000000
1.66085231304168701171875000000000
1.66197729110717773437500000000000
1.66310119628906250000000000000000
1.66422379016876220703125000000000
1.66534531116485595703125000000000
1.66646575927734375000000000000000
1.66758489608764648437500000000000
1.66870284080505371093750000000000
1.66981983184814453125000000000000
1.67093551158905029296875000000000
1.67204999923706054687500000000000
1.67316329479217529296875000000000
1.67427551746368408203125000000000
1.67538666725158691406250000000000
1.67649650573730468750000000000000
1.67760527133941650390625000000000
1.67871296405792236328125000000000
1.67981946468353271484375000000000
1.68092477321624755859375000000000
1.68202900886535644531250000000000
1.68313205242156982421875000000000
1.68423402309417724609375000000000
1.68533480167388916015625000000000
1.68643438816070556640625000000000
1.68753302097320556640625000000000
1.68863046169281005859375000000000
1.68972671031951904296875000000000
1.69082188606262207031250000000000
1.69191586971282958984375000000000
1.69300889968872070312500000000000
1.69410073757171630859375000000000
1.69519138336181640625000000000000
1.69628107547760009765625000000000
1.69736945629119873046875000000000
1.69845688343048095703125000000000
1.69954311847686767578125000000000
1.70062828063964843750000000000000
1.70171236991882324218750000000000
1.70279538631439208984375000000000
1.70387721061706542968750000000000
1.70495808124542236328125000000000
1.70603775978088378906250000000000
1.70711636543273925781250000000000
1.70819377899169921875000000000000
1.70927023887634277343750000000000
1.71034562587738037109375000000000
1.71141982078552246093750000000000
1.71249306201934814453125000000000
1.71356523036956787109375000000000
1.71463620662689208984375000000000
1.71570611000061035156250000000000
1.71677505970001220703125000000000
1.71784281730651855468750000000000
1.71890962123870849609375000000000
1.71997523307800292968750000000000
1.72103989124298095703125000000000
1.72210347652435302734375000000000
1.72316598892211914062500000000000
1.72422730922698974609375000000000
1.72528767585754394531250000000000
1.72634696960449218750000000000000
1.72740530967712402343750000000000
1.72846257686614990234375000000000
1.72951865196228027343750000000000
1.73057389259338378906250000000000
1.73162794113159179687500000000000
1.73268091678619384765625000000000
1.73373293876647949218750000000000
1.73478388786315917968750000000000
1.73583388328552246093750000000000
1.73688268661499023437500000000000
1.73793053627014160156250000000000
1.73897743225097656250000000000000
1.74002325534820556640625000000000
1.74106800556182861328125000000000
1.74211168289184570312500000000000
1.74315440654754638671875000000000
1.74419617652893066406250000000000
1.74523675441741943359375000000000
1.74627637863159179687500000000000
1.74731516838073730468750000000000
1.74835276603698730468750000000000
1.74938929080963134765625000000000
1.75042486190795898437500000000000
1.75145947933197021484375000000000
1.75249314308166503906250000000000
1.75352573394775390625000000000000
1.75455725193023681640625000000000
1.75558793544769287109375000000000
1.75661742687225341796875000000000
1.75764608383178710937500000000000
1.75867354869842529296875000000000
1.75970017910003662109375000000000
1.76072585582733154296875000000000
1.76175045967102050781250000000000
1.76277399063110351562500000000000
1.76379668712615966796875000000000
1.76481831073760986328125000000000
1.76583898067474365234375000000000
1.76685869693756103515625000000000
1.76787734031677246093750000000000
1.76889514923095703125000000000000
1.76991188526153564453125000000000
1.77092766761779785156250000000000
1.77194249629974365234375000000000
1.77295625209808349609375000000000
1.77396917343139648437500000000000
1.77498102188110351562500000000000
1.77599191665649414062500000000000
1.77700197696685791015625000000000
1.77801096439361572265625000000000
1.77901899814605712890625000000000
1.78002607822418212890625000000000
1.78103220462799072265625000000000
1.78203737735748291015625000000000
1.78304147720336914062500000000000
1.78404474258422851562500000000000
1.78504717350006103515625000000000
1.78604853153228759765625000000000
1.78704893589019775390625000000000
1.78804838657379150390625000000000
1.78904688358306884765625000000000
1.79004454612731933593750000000000
1.79104113578796386718750000000000
1.79203677177429199218750000000000
1.79303169250488281250000000000000
1.79402542114257812500000000000000
1.79501831531524658203125000000000
1.79601037502288818359375000000000
1.79700136184692382812500000000000
1.79799151420593261718750000000000
1.79898071289062500000000000000000
1.79996883869171142578125000000000
1.80095624923706054687500000000000
1.80194270610809326171875000000000
1.80292820930480957031250000000000
1.80391275882720947265625000000000
1.80489647388458251953125000000000
1.80587911605834960937500000000000
1.80686092376708984375000000000000
1.80784189701080322265625000000000
1.80882191658020019531250000000000
1.80980098247528076171875000000000
1.81077909469604492187500000000000
1.81175649166107177734375000000000
1.81273281574249267578125000000000
1.81370830535888671875000000000000
1.81468284130096435546875000000000
1.81565654277801513671875000000000
1.81662929058074951171875000000000
1.81760120391845703125000000000000
1.81857216358184814453125000000000
1.81954228878021240234375000000000
1.82051146030426025390625000000000
1.82147967815399169921875000000000
1.82244718074798583984375000000000
1.82341361045837402343750000000000
1.82437932491302490234375000000000
1.82534408569335937500000000000000
1.82630789279937744140625000000000
1.82727098464965820312500000000000
1.82823312282562255859375000000000
1.82919430732727050781250000000000
1.83015465736389160156250000000000
1.83111405372619628906250000000000
1.83207273483276367187500000000000
1.83303046226501464843750000000000
1.83398735523223876953125000000000
1.83494341373443603515625000000000
1.83589851856231689453125000000000
1.83685278892517089843750000000000
1.83780610561370849609375000000000
1.83875858783721923828125000000000
1.83971035480499267578125000000000
1.84066116809844970703125000000000
1.84161114692687988281250000000000
1.84256029129028320312500000000000
1.84350848197937011718750000000000
1.84445583820343017578125000000000
1.84540235996246337890625000000000
1.84634804725646972656250000000000
1.84729290008544921875000000000000
1.84823691844940185546875000000000
1.84917998313903808593750000000000
1.85012233257293701171875000000000
1.85106372833251953125000000000000
1.85200428962707519531250000000000
1.85294413566589355468750000000000
1.85388302803039550781250000000000
1.85482108592987060546875000000000
1.85575830936431884765625000000000
1.85669469833374023437500000000000
1.85763037204742431640625000000000
1.85856509208679199218750000000000
1.85949897766113281250000000000000
1.86043202877044677734375000000000
1.86136424541473388671875000000000
1.86229574680328369140625000000000
