0.172853
0.139952
0.136852
0.132799
0.133038
0.133991
0.133038
0.134945
0.133038
0.134945
0.133038
0.132799
0.133038
0.133991
0.135183
0.133038
0.133038
0.133038
0.133038
0.134945
0.135899
0.135183
0.134945
0.132799
0.133038
0.133038
0.133991
0.133991
0.133991
0.136137
0.133038
0.133038
0.133038
0.133038
0.133991
0.133991
0.134945
0.133038
0.132799
0.134945
0.132799
0.133038
0.133038
0.136137
0.133038
0.134945
0.135899
0.133038
0.133038
0.133991
0.133991
0.132799
0.133038
0.133991
0.133991
0.133038
0.134945
0.132799
0.135899
0.132799
0.133038
0.133991
0.136137
0.134945
0.133038
0.133038
0.135183
0.134945
0.132799
0.135899
0.134945
0.133038
0.134945
0.133038
0.133991
0.133991
0.133038
0.134945
0.133038
0.133038
0.133038
0.132799
0.133038
0.133991
0.133991
0.133991
0.135899
0.133991
0.133991
0.133991
0.133038
0.133038
0.132799
0.133038
0.133991
0.135183
0.133038
0.133038
0.133038
0.133991
0.133991
0.133991
0.136137
0.134945
0.134945
0.135899
0.133038
0.133038
0.133038
0.134945
0.136137
0.134945
0.132799
0.133038
0.134945
0.133038
0.133038
0.135183
0.134945
0.132799
0.133038
0.133038
0.133038
0.132799
0.133038
0.134945
0.134945
0.135183
0.133038
0.133038
0.132799
0.133038
0.135899
0.134945
0.135183
0.133038
0.137091
0.135899
0.134945
0.135183
0.135899
0.134945
0.135183
0.133991
0.132799
0.134945
0.142097
0.136137
0.134945
0.134945
0.136137
0.133991
0.133038
0.133038
0.133991
0.134945
0.133038
0.132799
0.133991
0.133991
0.133991
0.134945
0.133038
0.135183
0.134945
0.132799
0.133038
0.133038
0.137091
0.133991
0.133038
0.133038
0.133991
0.133991
0.133991
0.133038
0.133038
0.132799
0.133038
0.133991
0.133991
0.133038
0.133038
0.133991
0.132799
0.133038
0.133038
0.133038
0.136137
0.133991
0.133991
0.134945
0.135183
0.133038
0.133038
0.135183
0.133038
0.133991
0.138044
0.134945
0.134945
0.133038
0.133991
0.133038
0.133038
0.133038
0.135899
0.133038
0.133038
0.132799
0.134945
0.133038
0.133038
0.133038
0.134945
0.133038
0.134945
0.132799
0.133991
0.133991
0.133038
0.132799
0.133038
0.135899
0.134945
0.133038
0.133991
0.133038
0.135183
0.133038
0.133038
0.133038
0.134945
0.133038
0.133038
0.133991
0.133038
0.133038
0.132799
0.133038
0.134945
0.133038
0.134945
0.133991
0.133038
0.133038
0.133038
0.133038
0.133038
0.133038
0.135183
0.133038
0.133038
0.133038
0.134945
0.135183
0.133038
0.133038
0.133038
0.132799
0.133038
0.133038
0.133038
0.132799
0.133038
0.133038
0.133038
0.133038
0.136852
0.136852
0.134945
0.135183
0.134945
0.133038
0.133038
0.136137
0.133991
0.133038
0.133038
0.134945
0.133038
0.132799
0.133038
0.135899
0.134945
0.133991
0.133038
0.134945
0.133991
0.133038
0.133038
0.133038
0.133038
0.134945
0.135183
0.133038
0.133038
0.133038
0.134945
0.133038
0.133038
0.134945
0.133991
0.132799
0.133038
0.133038
0.133038
0.133038
0.133038
0.134945
0.132799
0.133038
0.133038
0.133038
0.133038
0.133038
0.133991
0.135183
0.135899
0.134945
0.133038
0.132799
0.133038
0.136137
0.133991
0.133038
0.133038
0.132799
0.131845
0.133038
0.133038
0.133038
0.135899
0.133038
0.132799
0.133038
0.133038
0.133038
0.132799
0.133038
0.134945
0.132799
0.133038
0.133038
0.133038
0.132799
0.133038
0.133038
0.133038
0.135183
0.134945
0.133038
0.133038
0.133991
0.132799
0.135899
0.133991
0.133991
0.136137
0.133038
0.133038
0.133038
0.132799
0.133038
0.133038
0.133038
0.132799
0.133038
0.134945
0.132799
0.133038
0.133038
0.136137
0.133991
0.133038
0.132799
0.133038
0.134945
0.133038
0.133038
0.133038
0.133991
0.133991
0.134945
0.132799
0.133038
0.133038
0.133038
0.133038
0.133991
0.133038
0.133038
0.133038
0.133038
0.133038
0.133991
0.133038
0.132799
0.133038
0.133038
0.137091
0.135183
0.135899
0.133991
0.133038
0.133991
0.136137
0.133038
0.133991
0.133038
0.133991
0.133038
0.133991
0.133991
0.133991
0.132084
0.132799
0.134945
0.133038
0.134945
0.133038
0.135183
0.133038
0.133038
0.132799
0.133991
0.133038
0.136137
0.133038
0.133038
0.133038
0.134945
0.133991
0.132799
0.135899
0.133991
0.133991
0.133038
0.133038
0.134945
0.133991
0.138044
0.138044
0.136137
0.133038
0.133038
0.133038
0.134945
0.132799
0.133038
0.133038
0.133038
0.133038
0.133038
0.133038
0.133038
0.135183
0.133991
0.132799
0.133038
0.134945
0.133038
0.135899
0.133038
0.133038
0.133038
0.133038
0.133038
0.133038
0.133038
0.133991
0.133991
0.133038
0.133038
0.133038
0.133038
0.133038
0.133038
0.134945
0.133038
0.133991
0.133038
0.133038
0.133038
0.133991
0.133038
0.136137
0.133038
0.133038
0.133038
0.133038
0.133038
0.133991
0.135899
0.133991
0.133991
0.133038
0.133038
0.133038
0.132799
