9.92703
9.66287
9.65214
9.65214
9.64594
9.6581
9.64499
9.64904
9.65595
9.67693
9.64785
9.63783
9.67097
9.64499
9.64713
9.66501
9.66692
9.67097
9.64189
9.64403
9.67503
9.63593
9.63593
9.64689
9.65786
9.64689
9.66692
9.67383
9.64499
9.66001
9.68504
9.67622
9.67097
9.66501
9.67503
9.65691
9.66501
9.67002
9.64403
9.66907
9.67002
9.66382
9.66311
9.655
9.64689
9.68313
9.655
9.66096
9.65309
9.65214
9.68003
9.6581
9.66215
9.66811
9.65095
9.63497
9.66287
9.66287
9.66096
9.65905
9.64713
9.65214
9.65905
9.65714
9.66597
9.67193
9.66692
9.66001
9.66716
9.65786
9.65595
9.65309
9.655
9.64093
9.64808
9.66787
9.65381
9.68099
9.6581
9.63783
9.66501
9.66501
9.64713
9.65214
9.66001
9.66001
9.65905
9.67216
9.65405
9.67598
9.66311
9.65691
9.66406
9.67312
9.64093
9.66311
9.63712
9.65714
9.67693
9.65595
9.655
9.65285
9.67097
9.66096
9.66191
9.66287
9.66501
9.66597
9.63187
9.67884
9.66907
9.64093
9.67479
9.65691
9.655
9.64904
9.65691
9.65381
9.64212
9.66501
9.65405
9.67312
9.64594
9.64189
9.64689
9.66096
9.6519
9.66001
9.66406
9.6581
9.66811
9.64808
9.66597
9.65786
9.6612
9.65309
9.64999
9.66716
9.65405
9.6612
9.67193
9.63902
9.65405
9.6519
9.65786
9.65595
9.64499
9.67097
9.67598
9.63306
9.68814
9.65714
9.64904
9.63497
9.655
9.65381
9.64403
9.65405
9.65405
9.64808
9.68313
9.66406
9.64308
9.66287
9.64689
9.67598
9.64212
9.66096
9.65285
9.655
9.66215
9.64618
9.6612
9.64713
9.6612
9.65118
9.64999
9.66787
9.64189
9.64999
9.66597
9.66191
9.63593
9.66096
9.6612
9.66191
9.67598
9.655
9.65905
9.64308
9.64904
9.66096
9.68194
9.64689
9.66692
9.64999
9.68695
9.63712
9.66311
9.68599
9.64403
9.6519
9.65881
9.67383
9.65405
9.64594
9.68289
9.65786
9.66406
9.65881
9.64499
9.63521
9.64713
9.64212
9.65905
9.66311
9.65595
9.64689
9.67288
9.66883
9.66001
9.68313
9.65691
9.67503
9.64499
9.66597
9.65095
9.68003
9.6612
9.65714
9.64689
9.65786
9.65285
9.68099
9.6612
9.66692
9.64808
9.65691
9.64904
9.64689
9.64499
9.66883
9.64713
9.67383
9.68194
9.67002
9.67288
9.65095
9.65285
9.66501
9.63998
9.66096
9.67216
9.66811
9.67193
9.66406
9.65214
9.66787
9.65118
9.64999
9.66311
9.6519
9.655
9.6581
9.66096
9.63187
9.65095
9.66191
9.66501
9.6848
9.64499
9.64093
9.67097
9.66215
9.66501
9.65405
9.64713
9.67002
9.65881
9.67288
9.64904
9.63402
9.63402
9.64308
9.67312
9.66215
9.65714
9.67002
9.655
9.67193
9.65309
9.65214
9.64808
9.65214
9.64808
9.67002
9.66382
9.68099
9.64904
9.65095
9.64999
9.64904
9.6519
9.65405
9.67407
9.65309
9.66501
9.65405
9.68099
9.67503
9.65095
9.66287
9.65881
9.66096
9.66692
9.66692
9.64713
9.65214
9.67097
9.64284
9.64808
9.66311
9.66692
9.66191
9.67693
9.68099
9.65095
9.66311
9.67407
9.66692
9.67121
9.655
9.655
9.66096
9.66382
9.66001
9.66406
9.66311
9.64403
9.66787
9.66191
9.64904
9.64284
9.65595
9.65691
9.65095
9.64999
9.64189
9.67598
9.64499
9.66501
9.65691
9.65714
9.66597
9.67002
9.64189
9.6581
9.64808
9.63616
9.66692
9.65595
9.66597
9.66096
9.67002
9.66191
9.67383
9.67884
9.66191
9.65691
9.66311
9.63211
9.67312
9.66406
9.63902
9.64403
9.655
9.63783
9.66907
9.66311
9.6488
9.68099
9.66811
9.66501
9.64689
9.66978
9.66191
9.66406
9.64999
9.66096
9.66191
9.66787
9.66811
9.63092
9.66597
9.66501
9.64618
9.66096
9.63688
9.67813
9.66907
9.65595
9.655
9.66096
9.67288
9.66716
9.65285
9.65905
9.66096
9.66287
9.65405
9.66811
9.64499
9.66287
9.65786
9.6519
9.65214
9.66215
9.64808
9.66191
9.6581
9.6488
9.68218
9.6519
9.6519
9.64808
9.65786
9.66501
9.655
9.68099
9.64808
9.65214
9.64308
9.63998
9.64999
9.65214
9.65595
9.65095
9.64904
9.65595
9.66191
9.63688
9.66501
9.66406
9.66096
9.63712
9.66597
9.65714
9.66096
9.66287
9.66001
9.67407
9.65714
9.64499
9.65786
9.65691
9.65405
9.655
9.67002
9.65023
9.66501
9.66215
9.67193
9.66001
9.66907
9.64904
9.66001
9.65381
9.65405
9.63497
9.66406
9.66001
9.66501
9.65405
9.63688
9.67383
9.63998
9.65405
9.67002
9.65285
9.63998
9.66787
9.66382
9.63092
9.65691
9.64999
9.62806
9.65309
9.65905
9.67312
9.66787
9.64904
9.64904
9.6612
9.655
9.66692
9.65309
9.66287
9.64499
9.65214
9.655
9.6488
9.65118
9.64785
9.66406
9.66716
9.68385
9.64785
9.64999
9.63902
9.65285
9.64999
9.68719
9.66191
9.65381
9.66787
9.64499
9.66215
9.66191
9.64689
9.65786
9.66907
9.67002
9.65905
9.6581
9.66096
9.6519
9.64594
9.66597
9.66096
9.65714
9.64904
9.64904
9.65595
9.65905
9.67002
9.65691
9.63497
9.67312
9.67693
9.64212
9.66406
9.65095
9.66692
9.68003
9.67097
9.67503
9.66978
9.66191
9.66215
9.66501
9.76586
9.65691
9.64904
9.66501
9.65095
9.66787
9.65881
9.6612
9.68289
9.66597
9.64808
9.64999
9.66787
9.65691
9.66597
9.65714
9.65714
9.65619
9.66191
9.65595
9.64713
9.66096
9.64904
9.65023
9.6581
9.66001
9.67312
9.64308
9.68909
9.65309
9.66501
9.65691
9.64904
9.64999
9.64904
9.67598
9.64403
9.66001
9.66191
9.65905
9.64499
9.64785
9.655
9.65405
9.64785
9.64594
9.63807
9.66692
9.65285
9.64403
9.64022
9.67407
9.65619
9.67288
9.65786
9.65381
9.64689
9.67693
9.6581
9.66096
9.66001
9.68313
9.65118
9.66311
9.67216
9.6519
9.67979
9.66406
9.66311
9.66382
9.64594
9.64808
9.65786
9.66096
9.67884
9.63402
9.67002
9.66191
9.65214
9.67002
9.66311
9.67121
9.65095
9.64403
9.66597
9.67383
9.64999
9.67789
9.66287
9.6519
9.67383
9.67693
9.65595
9.6581
9.64308
9.67383
9.64212
9.64904
9.64117
9.65905
9.64189
9.6519
9.65381
9.67288
9.67288
9.64594
9.63902
9.64808
9.65309
9.66001
9.65881
9.66001
9.6662
9.67288
9.65405
9.66907
9.66311
9.66096
9.66382
9.66501
9.66597
9.66311
9.6519
9.64689
9.66692
9.65786
9.65285
9.67097
9.67193
9.66001
9.67598
9.64093
9.66406
9.66811
9.64904
9.6519
9.66597
9.67121
9.66001
9.64999
9.66311
9.65714
9.64499
9.64189
9.65405
9.68313
9.64689
9.655
9.65095
9.65691
9.64785
9.67097
9.66001
9.6519
9.66811
9.64999
9.6519
9.66501
9.66191
9.66215
9.67097
9.65905
9.65595
9.64785
9.64689
9.64808
9.66287
9.65095
9.6519
9.64904
9.65619
9.67097
9.655
9.64594
9.65285
9.64904
9.64499
9.66096
9.66477
9.62591
9.65714
9.64999
9.65786
9.64093
9.6662
9.66406
9.6519
9.66382
9.65905
9.66907
9.655
9.64212
9.66811
9.66096
9.64999
9.66501
9.66406
9.66811
9.64713
9.67789
9.64999
9.655
9.66191
9.68099
9.66406
9.655
9.66311
9.65214
9.65691
9.65405
9.65595
9.66907
9.65881
9.67193
9.66001
9.66191
9.67598
9.66311
9.66096
9.67097
9.68599
9.66001
9.65595
9.66191
9.64999
9.64808
9.66597
9.64808
9.64189
9.67598
9.66001
9.65691
9.6581
9.6581
9.64093
9.66191
9.65214
9.64308
9.65095
9.65691
9.66382
9.6519
9.66096
9.6581
9.65691
9.66215
9.65905
9.66001
9.66501
9.65095
9.65905
9.68099
9.64618
9.63807
9.65214
9.65595
9.65786
9.67288
9.67503
9.655
9.655
9.65786
9.66597
9.64713
9.6519
9.66001
9.66191
9.66501
9.64093
9.6519
9.67002
9.63879
9.66907
9.66597
9.65786
9.6519
9.67503
9.66382
9.64689
9.64904
9.64808
9.6612
9.66096
9.67216
9.66191
9.64999
9.64999
9.65691
9.655
9.65405
9.66001
9.67002
9.65381
9.66907
9.65309
9.66001
9.67097
9.65786
9.65786
9.66811
9.67002
9.655
9.65595
9.65786
9.66907
9.65285
9.66787
9.65214
9.66001
9.64713
9.64904
9.66215
9.67503
9.66096
9.64999
9.655
9.65214
9.65405
9.65285
9.67789
9.65691
9.65691
9.64999
9.66096
9.6581
9.65095
9.68289
9.65095
9.65595
9.66215
9.64499
9.68194
9.64212
9.67312
9.66191
9.64999
9.65405
9.66716
9.64904
9.66978
9.64499
9.67312
9.66215
9.65619
9.63402
9.63902
9.6519
9.66287
9.64594
9.64904
9.64999
9.6581
9.66406
9.63688
9.64522
9.64308
9.67598
9.65285
9.65786
9.63902
9.63521
9.66215
9.67002
9.65214
9.64499
9.64189
9.66787
9.6581
9.66001
9.66787
9.66501
9.6581
9.67383
9.65595
9.66811
9.65214
9.65905
9.67598
9.64594
9.67407
9.66501
9.69315
9.65786
9.67097
9.65905
9.691
9.66001
9.66096
9.66501
9.66907
9.65524
9.64499
9.66597
9.64212
9.65786
9.64594
9.64785
9.67002
9.66883
9.64808
9.65595
9.655
9.64713
9.65214
9.66001
9.65905
9.64713
9.66001
9.64618
9.64713
9.67097
9.64403
9.65309
9.65786
9.65405
9.64499
9.66883
9.66406
9.63807
9.66501
9.66096
9.65905
9.68289
9.66001
9.655
9.65405
9.65619
9.6581
9.66191
9.66907
9.67097
9.655
9.65405
9.67598
9.66787
9.64308
9.65285
9.66597
9.65381
9.64189
9.66311
9.64808
9.6612
9.67789
9.66096
9.64808
9.65595
9.64618
9.63712
9.67216
