0.00000000000000000000000000000000
0.00000000180620141065901407273486
0.00000000361240282131802814546973
0.00000000541860423197704221820459
0.00000000722480564263605629093945
0.00000000903100705329507036367431
0.00000001083720846395408443640918
0.00000001264340987461309850914404
0.00000001444961128527211258187890
0.00000001625581269593112665461376
0.00000001806201410659014072734863
0.00000001986821551724915480008349
0.00000002167441692790816887281835
0.00000002348061833856718294555321
0.00000002528681974922619701828808
0.00000002709302115988521109102294
0.00000002889922257054422516375780
0.00000003070542220484639983624220
0.00000003251162539186225330922753
0.00000003431782502616442798171192
0.00000003612402821318028145469725
0.00000003793022784748245612718165
0.00000003973643103449830960016698
0.00000004154263066880048427265137
0.00000004334883385581633774563670
0.00000004515503349011851241812110
0.00000004696123667713436589110643
0.00000004876743631143654056359082
0.00000005057363949845239403657615
0.00000005237983913275456870906055
0.00000005418604231977042218204588
0.00000005599224195407259685453027
0.00000005779844514108845032751560
0.00000005960464477539062500000000
0.00000006141084440969279967248440
0.00000006321704404399497434496880
0.00000006502325078372450661845505
0.00000006682945041802668129093945
0.00000006863565005232885596342385
0.00000007044184968663103063590825
0.00000007224805642636056290939450
0.00000007405425606066273758187890
0.00000007586045569496491225436330
0.00000007766665532926708692684770
0.00000007947286206899661920033395
0.00000008127906170329879387281835
0.00000008308526133760096854530275
0.00000008489146097190314321778715
0.00000008669766771163267549127340
0.00000008850386734593485016375780
0.00000009031006698023702483624220
0.00000009211626661453919950872660
0.00000009392247335426873178221285
0.00000009572867298857090645469725
0.00000009753487262287308112718165
0.00000009934107225717525579966605
0.00000010114727899690478807315230
0.00000010295347863120696274563670
0.00000010475967826550913741812110
0.00000010656587789981131209060550
0.00000010837208463954084436409175
0.00000011017828427384301903657615
0.00000011198448390814519370906055
0.00000011379068354244736838154495
0.00000011559689028217690065503120
0.00000011740308991647907532751560
0.00000011920928955078125000000000
0.00000012101548918508342467248440
0.00000012282168881938559934496880
0.00000012462788845368777401745319
0.00000012643408808798994868993759
0.00000012824030193314683856442571
0.00000013004650156744901323691010
0.00000013185270120175118790939450
0.00000013365890083605336258187890
0.00000013546510047035553725436330
0.00000013727130010465771192684770
0.00000013907749973895988659933209
0.00000014088369937326206127181649
0.00000014268991321841895114630461
0.00000014449611285272112581878901
0.00000014630231248702330049127340
0.00000014810851212132547516375780
0.00000014991471175562764983624220
0.00000015172091138992982450872660
0.00000015352711102423199918121099
0.00000015533331065853417385369539
0.00000015713952450369106372818351
0.00000015894572413799323840066791
0.00000016075192377229541307315230
0.00000016255812340659758774563670
0.00000016436432304089976241812110
0.00000016617052267520193709060550
0.00000016797672230950411176308990
0.00000016978292194380628643557429
0.00000017158913578896317631006241
0.00000017339533542326535098254681
0.00000017520153505756752565503120
0.00000017700773469186970032751560
0.00000017881393432617187500000000
0.00000018062013396047404967248440
