10.092
9.96995
9.97996
9.974
9.98402
9.98211
9.96399
9.98306
9.97019
9.97496
9.98116
9.97901
9.98092
9.96804
9.98688
9.96494
9.9659
9.97615
9.969
9.95994
9.96494
9.96995
9.97186
9.97591
9.97281
9.974
9.98187
9.969
9.96304
9.96995
9.96208
9.97519
9.974
9.97782
9.98497
9.97305
9.97114
9.98187
9.974
9.97591
9.9678
9.97901
9.96304
9.98092
9.974
9.96709
9.97806
9.96995
9.97686
9.96184
9.95994
9.974
9.98306
9.97519
9.96804
9.98807
9.96017
9.969
9.97496
9.96113
9.9721
9.95421
9.96995
9.9709
9.9709
9.96399
9.96709
9.95088
9.9659
9.97782
9.98092
9.974
9.974
9.96709
9.96518
9.97686
9.98402
9.9678
9.9628
9.97901
9.96184
9.96113
9.95803
9.97615
9.97615
9.96113
9.96709
9.96304
9.96685
9.9659
9.9659
9.97591
9.95612
9.95421
9.96494
9.97806
9.974
9.98282
9.97615
9.95207
9.96113
9.97114
9.97019
9.97782
9.9659
9.9709
9.9709
9.969
9.96494
9.9709
9.96399
9.96995
9.97806
9.95207
9.96399
9.96995
9.96995
9.97996
9.974
9.96804
9.974
9.96494
9.9771
9.969
9.95898
9.969
9.95994
9.96089
9.96685
9.969
9.9721
9.97114
9.96804
9.95994
9.95398
9.95803
9.9771
9.969
9.97305
9.969
9.9771
9.95898
9.98092
9.98306
9.9771
9.969
9.96494
9.98712
9.97996
9.96995
9.97996
9.97686
9.98497
9.96685
9.95994
9.97114
9.974
9.969
9.96995
9.95994
9.97782
9.96017
9.9659
9.96017
9.9721
9.96995
9.9659
9.98092
9.97686
9.96089
9.9659
9.97782
9.96494
9.96399
9.97996
9.96304
9.9659
9.97186
9.9628
9.97901
9.96995
9.96804
9.97496
9.98211
9.96399
9.95493
9.97305
9.97996
9.97305
9.96995
9.97996
9.97305
9.96614
9.97019
9.9721
9.96995
9.97496
9.969
9.96995
9.98092
9.96804
9.9771
9.974
9.9771
9.96804
9.97305
9.96208
9.9721
9.97305
9.98521
9.96804
9.9721
9.97496
9.9659
9.969
9.9721
9.97305
9.96804
9.96518
9.98306
9.97901
9.9678
9.97901
9.99689
9.9802
9.9659
9.9659
9.97901
9.95994
9.96399
9.9659
9.969
9.9721
9.97806
9.97782
9.969
9.97305
9.96399
9.98306
9.95803
9.98282
9.97686
9.97305
9.96804
9.97901
9.96494
9.974
9.96304
9.97114
9.96995
9.97305
9.98211
9.97806
9.97305
9.96804
9.96089
9.95898
9.96709
9.97686
9.9678
9.9709
9.99904
9.969
9.9709
9.97496
9.9721
9.98211
9.96494
9.9709
9.974
9.95398
9.974
9.98592
9.98902
9.97305
9.96399
9.96399
9.97496
9.9659
9.9659
9.969
9.969
9.96399
9.96113
9.96804
9.96113
9.96399
9.95493
9.969
9.969
9.98998
9.97281
9.96709
9.96995
9.96685
9.98092
9.96184
9.98497
9.96089
9.9709
9.96304
9.974
9.97901
9.95803
9.95994
9.96304
9.96304
9.9771
9.97305
9.98187
9.98187
9.97996
9.97591
9.9721
9.97305
9.97114
9.97519
9.96184
9.96304
9.9709
9.98998
9.97996
9.95922
9.96208
9.974
9.969
9.97591
9.96518
9.99403
9.98211
9.96709
9.97019
9.96304
9.97806
9.96995
9.96804
9.9659
9.9659
9.96804
9.974
9.9678
9.9771
9.98497
9.9721
9.96423
9.96804
9.96017
9.96399
9.974
9.974
9.98497
9.95493
9.98282
9.97114
9.96804
9.97806
9.96089
9.96304
9.9678
9.96494
9.96017
9.96399
9.97186
9.97305
9.969
9.98306
9.95517
9.97496
9.9771
9.97806
9.96995
9.96709
9.96113
9.98092
9.9709
9.98187
9.97305
9.97496
9.98116
9.97186
9.95708
9.96113
9.97019
9.96399
9.96804
9.98807
9.9659
9.9678
9.95898
9.97591
9.97806
9.96709
9.97186
9.97806
9.97591
9.96399
9.96399
9.97186
9.97519
9.98092
9.95708
9.9678
9.96089
9.96208
9.95612
9.97591
9.95898
9.96804
9.96304
9.96614
9.96208
9.95708
9.96494
9.97496
9.96685
9.96208
9.974
9.95994
9.96017
9.9709
9.96494
9.97186
9.969
9.97114
9.97186
9.9709
9.97281
9.97496
9.97019
9.95803
9.9771
9.97901
9.96184
9.97305
9.96399
9.97806
9.974
9.99212
9.97186
9.974
9.99594
9.97591
9.96304
9.9659
9.95708
9.97519
9.97996
9.974
9.97305
9.97186
9.97686
9.97305
9.9721
9.974
9.97305
9.9709
9.9678
9.96995
9.97305
9.96089
9.95302
9.98712
9.97305
9.97305
9.9771
9.96709
9.9709
9.96089
9.974
9.96709
9.97376
9.96208
9.969
9.96709
9.97019
9.96995
9.9771
9.96685
9.96494
9.96518
9.97019
9.97996
9.96184
9.97305
9.96399
9.96304
9.96804
9.96614
9.96304
9.9659
9.96995
9.97305
9.96685
9.97281
9.97901
9.96518
9.97591
9.97901
9.97019
9.96518
