16.1471
16.0389
16.0551
16.0491
16.0279
16.0568
16.037
16.0379
16.036
16.053
16.0279
16.0549
16.048
16.0301
16.048
15.903
16.0451
16.032
16.0298
16.0449
16.0179
16.0389
16.0339
16.032
16.057
16.0551
16.053
16.0558
16.031
16.0489
16.0289
16.0389
16.041
16.0429
16.042
16.0439
16.0351
16.036
16.037
16.0429
16.052
16.0382
16.0489
16.041
16.0441
16.0382
16.027
16.037
16.036
16.0272
16.037
16.0511
16.0401
16.0329
16.0329
16.0348
16.036
16.0332
16.0539
16.042
16.0279
16.0339
16.057
16.0511
16.041
16.0391
16.0439
16.0439
16.0501
16.073
16.0339
16.032
16.027
16.0449
16.0248
16.0539
16.0639
16.042
16.037
16.0639
16.0449
16.0439
16.0451
16.0439
16.037
16.052
16.0398
16.0251
16.0511
16.062
16.0489
16.0432
16.0301
16.0429
16.0491
16.0432
16.036
16.042
16.0539
16.0511
16.0339
16.042
16.037
16.046
16.0642
16.042
16.032
16.026
16.0332
16.032
16.032
16.0248
16.0389
16.026
16.0329
16.0389
16.037
16.0239
16.042
16.041
16.031
16.0668
16.0432
16.031
16.0439
16.0389
16.0501
16.0332
16.0391
16.0551
16.0272
16.0341
16.0508
16.0329
16.0329
16.032
16.047
16.0251
16.042
16.0718
16.0391
16.0351
16.036
16.042
16.0439
16.0351
16.0301
16.026
16.027
16.0401
16.037
16.0391
16.0391
16.0761
16.036
16.027
16.0389
16.0508
16.0539
16.0439
16.047
16.0251
16.0379
16.0511
16.0439
16.0401
16.042
16.0341
16.0208
16.0301
16.0341
16.0301
16.0539
16.053
16.0511
16.0449
16.041
16.0329
16.052
16.042
16.0489
16.0341
16.047
16.031
16.0441
16.0458
16.0501
16.027
16.0279
16.041
16.0511
16.052
16.0429
16.0298
16.053
16.0551
16.048
16.0341
16.047
16.0451
16.0348
16.037
16.0329
16.0549
16.0339
16.0339
16.052
16.026
16.0341
16.058
16.0499
16.032
16.0401
16.0449
16.058
16.0458
16.046
16.046
16.0561
16.0482
16.0298
16.037
16.0279
16.0291
16.067
16.0301
16.0279
16.0279
16.0348
16.0761
16.042
16.042
16.041
16.0429
16.037
16.046
16.048
16.021
16.042
16.0329
16.0398
16.0429
16.0441
16.0491
16.0298
16.0451
16.0298
16.0189
16.0379
16.052
16.0391
16.063
16.0398
16.0539
16.048
16.067
16.0592
16.067
16.0291
16.0351
16.0429
16.0379
16.041
16.0501
16.0322
16.0329
16.0439
16.042
16.0539
16.0298
16.032
16.0379
16.052
16.0539
16.0379
16.032
16.0329
16.0582
16.062
16.037
16.0451
16.041
16.053
16.0649
16.0389
16.0379
16.0351
16.036
16.0429
16.0432
16.0251
16.057
16.0332
16.0761
16.042
16.047
16.0289
16.0542
16.0391
16.0429
16.0382
16.0389
16.0439
16.0451
16.0551
16.0518
16.0408
16.047
16.037
16.048
16.0661
16.0451
16.031
16.0329
16.026
16.0432
16.0391
16.058
16.032
16.047
16.0561
16.0491
16.0351
16.0348
16.0379
16.0592
16.0489
16.047
16.036
16.032
16.036
16.042
16.0482
16.036
16.032
16.0351
16.0429
16.0511
16.047
16.0558
16.0611
16.062
16.0501
16.037
16.0489
16.0508
16.052
16.0379
16.0351
16.0339
16.032
16.0511
16.041
16.0449
16.0279
16.042
16.0601
16.041
16.0441
16.0341
16.032
16.0189
16.0401
16.0379
16.037
16.0379
16.037
16.0439
16.042
16.0499
16.036
16.0379
16.047
16.031
16.0382
16.0449
16.0458
16.0511
16.032
16.0341
16.0351
16.042
16.0499
16.041
16.047
16.0351
16.047
16.031
16.036
16.037
16.0401
16.0272
16.0549
16.0298
16.032
16.0339
16.0432
16.0511
16.058
16.0799
16.0458
16.063
16.052
16.041
16.042
16.0601
16.037
16.0329
16.0329
16.032
16.037
16.0251
16.0429
16.026
16.041
16.048
16.052
16.0441
16.0542
16.0332
16.036
16.0508
16.0391
16.0701
16.036
16.027
16.048
16.0279
16.027
16.0451
16.0561
16.0391
16.027
16.0351
16.042
16.0391
16.057
16.0348
16.037
16.0351
16.0379
16.041
16.041
16.0239
16.0491
16.036
16.0439
16.0401
16.063
16.0608
16.0639
16.0398
16.0389
16.053
16.0592
16.0372
16.0289
16.0449
16.058
16.022
16.0289
16.0139
16.0451
16.0601
16.037
16.0329
16.042
16.0401
16.042
16.068
16.0332
16.0511
16.042
16.042
16.032
16.0642
16.037
16.0348
16.052
16.0348
16.063
16.048
16.0351
16.0429
16.0499
16.0291
16.0391
16.037
16.0489
16.0389
16.0379
16.0542
16.0189
16.0379
16.0401
16.0358
16.042
16.0382
16.0229
16.0432
