10.9329
8.41522
8.4269
8.41498
8.41498
8.40998
8.42595
8.40712
8.41308
8.41618
8.41999
8.41999
8.40902
8.41403
8.41498
8.41999
8.41284
8.40592
8.41904
8.41784
8.41999
8.4188
8.41498
8.42404
8.41594
8.42118
8.42094
8.41093
8.42404
8.40783
8.425
8.42595
8.41498
8.27003
8.42309
8.41308
8.41904
8.40998
8.4188
8.4219
8.41188
8.41808
8.41618
8.41498
8.43
8.41594
8.4281
8.41904
8.41999
8.41403
8.41904
8.42404
8.41904
8.4219
8.41594
8.42309
8.425
8.41713
8.41594
8.41308
8.42977
8.41904
8.41403
8.40902
8.41808
8.42404
8.41594
8.41308
8.41999
8.41999
8.42094
8.41999
8.42404
8.41594
8.41594
8.41093
8.42404
8.41904
8.41713
8.41498
8.41284
8.42595
8.41594
8.42595
8.41522
8.42094
8.42714
8.42404
8.41689
8.40998
8.42404
8.41498
8.425
8.41188
8.41594
8.41999
8.41308
8.40616
8.4219
8.41594
8.41188
8.43
8.41618
8.41403
8.41403
8.425
8.41594
8.41999
8.41498
8.41808
8.42404
8.41904
8.4331
8.41498
8.41784
8.41498
8.425
8.42094
8.425
8.42905
8.44002
8.41093
8.41784
8.41808
8.41522
8.41212
8.42595
8.41808
8.41594
8.41403
8.42309
8.41308
8.43
8.41403
8.42595
8.41284
8.41498
8.41022
8.41498
8.41784
8.4331
8.41308
8.4312
8.42285
8.42214
8.40592
8.41403
8.26907
8.42714
8.41808
8.41904
8.41594
8.40902
8.42404
8.41904
8.41188
8.41999
8.41999
8.41999
8.40783
8.42595
8.42381
8.4219
8.4281
8.41093
8.43215
8.41784
8.41403
8.41498
8.42309
8.42094
8.40688
8.41498
8.41498
8.41904
8.42786
8.40998
8.41498
8.42118
8.42404
8.42714
8.41022
8.41498
8.41188
8.42381
8.425
8.42285
8.42214
8.40807
8.41594
8.41713
8.41498
8.44097
8.41689
8.42595
8.41689
8.40402
8.41904
8.41689
8.41403
8.41403
8.41308
8.41713
8.42905
8.40807
8.41403
8.41904
8.41999
8.42285
8.41594
8.41498
8.42285
8.41498
8.41117
8.41808
8.42309
8.42619
8.425
8.42595
8.4281
8.41713
8.41999
8.41904
8.40902
8.41784
8.41689
8.41904
8.42285
8.425
8.42023
8.42118
8.41904
8.41784
8.41188
8.41618
8.41999
8.41594
8.41284
8.41689
8.41403
8.41784
8.41904
8.41784
8.42094
8.41403
8.41999
8.41999
8.41904
8.40592
8.42285
8.42118
8.41594
8.41594
8.41999
8.42404
8.41808
8.41784
8.41498
8.41403
8.41999
8.41689
8.4188
8.42404
8.42094
8.41498
8.41188
8.41498
8.41498
8.41808
8.43
8.41594
8.41689
8.40688
8.42309
8.41808
8.41188
8.40807
8.41117
8.4331
8.41308
8.41594
8.41594
8.41689
8.41308
8.42404
8.42094
8.41594
8.41999
8.41498
8.41808
8.42094
8.42094
8.42786
8.41308
8.41808
8.41808
8.41212
8.40902
8.42094
8.41498
8.42094
8.41188
8.41594
8.41713
8.41403
8.41689
8.42595
8.41713
8.40712
8.41403
8.41403
8.4188
8.41093
8.40807
8.41808
8.425
8.41618
8.41403
8.40902
8.41594
8.41808
8.41498
8.40998
8.42118
8.40998
8.4269
8.41188
8.41188
8.41188
8.41093
8.41403
8.40998
8.42381
8.41594
8.41594
8.41594
8.41188
8.41093
8.41093
8.40497
8.41284
8.41403
8.41498
8.42094
8.41188
8.41904
8.41498
8.41689
8.41093
8.43716
8.41999
8.41808
8.41618
8.41999
8.41689
8.40783
8.41999
8.425
8.42404
8.41594
8.4269
8.42595
8.41188
8.40998
8.41594
8.41689
8.41498
8.41403
8.41999
8.4281
8.42214
8.41689
8.42595
8.41594
8.42309
8.41498
8.42404
8.41594
8.41498
8.425
8.41999
8.41403
8.40712
8.41594
8.4219
8.42285
8.42118
8.41904
8.41212
8.40616
8.41212
8.41093
8.41594
8.41284
8.4281
8.42094
8.41999
8.41188
8.42595
8.42404
8.41784
8.41904
8.41999
8.41403
8.4269
8.41999
8.41379
8.42786
8.41284
8.42905
8.40902
8.41689
8.4219
8.41784
8.41284
8.41784
8.41498
8.41308
8.41618
8.41403
8.41904
8.40998
8.40902
8.41188
8.41999
8.42094
8.40902
8.41999
8.42714
8.41093
8.41618
8.41999
8.41522
8.41808
8.41403
8.41403
8.42404
8.41713
8.41403
8.40998
8.40902
8.41808
8.41808
8.41308
8.42023
8.4219
8.41618
8.41904
8.40616
8.41904
8.41498
8.41308
8.41093
8.425
8.41117
8.41904
8.41713
8.41022
8.41689
8.41999
8.40688
8.41498
8.41403
8.41093
8.41093
8.41689
8.41618
8.41999
8.43191
8.42094
8.41093
8.41212
8.41498
8.42404
8.42404
8.41308
8.41999
8.41808
8.4281
8.41618
8.40902
8.42214
8.42786
8.42094
8.42905
8.41999
8.41403
8.41808
8.40902
8.41689
8.41594
8.41022
8.40998
8.41188
8.42094
8.41403
8.42285
8.4269
8.41784
8.4269
8.41594
8.40592
8.41308
8.40998
8.41784
8.4219
8.41713
8.42214
8.41093
8.41093
8.42619
8.43
8.41594
8.41498
8.42094
8.40998
8.41379
8.40402
8.41284
8.41999
8.41689
8.41594
8.41212
8.41403
8.41498
8.41689
8.41117
8.41808
8.41188
8.41713
8.42309
8.41808
8.41808
8.41403
8.41093
8.41498
8.41308
8.43287
8.42881
8.40807
8.425
8.42309
8.41999
8.41999
8.41999
8.41498
8.41689
8.41498
8.41999
8.40616
8.43
8.41999
8.41308
8.42118
8.41904
8.42309
8.40521
8.41999
8.43096
8.41999
8.41284
8.41379
8.43406
8.41999
8.41904
8.41308
8.41904
8.42118
8.42404
8.43596
8.41808
8.41999
8.425
8.41522
8.42214
8.41212
8.41904
8.42786
8.4281
8.42619
8.40998
8.41904
8.41498
8.42309
8.41999
8.41594
8.40998
8.41093
8.41594
8.40998
8.41689
8.41594
8.40878
8.42309
8.40807
8.41379
8.41904
8.40783
8.41308
8.40712
8.40998
8.41403
8.41212
8.42786
8.41403
8.41713
8.41379
8.41713
8.41117
8.41904
8.40497
8.41904
8.41308
8.41594
8.40902
8.41498
8.41498
8.40807
8.41808
8.41284
8.41904
8.42094
8.42905
8.40616
8.42094
8.42404
8.42404
8.41522
8.40902
8.41808
8.41999
8.40807
8.4219
8.42714
8.42214
8.41904
8.40592
8.43501
8.41689
8.42285
8.42404
8.42309
8.41379
8.41904
8.41689
8.41403
8.41117
8.42094
8.41594
8.43406
8.41594
8.41689
8.41689
8.41403
8.41403
8.41188
8.42404
8.41403
8.42714
8.42214
8.41403
8.41093
8.42404
8.42094
8.41904
8.41403
8.41784
8.41999
8.4188
8.40998
8.41093
8.42309
8.41498
8.43287
8.4219
8.43096
8.42094
8.41308
8.40998
8.41618
8.42309
8.40402
8.41594
8.41594
8.42094
8.41618
8.40998
8.41498
8.41689
8.41713
8.41689
8.41784
8.41713
8.41117
8.41498
8.41808
8.41904
8.41904
8.40878
8.42595
8.41594
8.43596
8.41498
8.41999
8.41594
8.41618
8.42404
8.40998
8.41999
8.41498
8.41308
8.41403
8.40807
8.41904
8.42214
8.42786
8.40783
8.40688
8.41093
8.4188
8.41188
8.41498
8.41594
8.42118
8.41188
8.41403
8.41308
8.41093
8.41713
8.41904
8.41093
8.41498
8.41689
8.41498
8.41284
8.42214
8.41308
8.42619
8.41999
8.41904
8.41904
8.42285
8.41498
8.41594
8.41999
8.41188
8.42905
8.41713
8.42094
8.41999
8.4331
8.41498
8.41188
8.41308
8.425
8.41308
8.41498
8.41713
8.41308
8.41308
8.41093
8.40998
8.43906
8.4281
8.41808
8.42404
8.42714
8.41308
8.41308
8.41188
8.41403
8.41188
8.41713
8.41403
8.41594
8.40902
8.41188
8.425
8.41498
8.41594
8.42381
8.41403
8.4219
8.41689
8.41904
8.42595
8.425
8.41188
8.41594
8.41999
8.41308
8.41618
8.41498
8.41594
8.43191
8.41904
8.42094
8.41689
8.40592
8.41117
8.41308
8.40878
8.41689
8.41689
8.41308
8.41999
8.4281
8.4219
8.41689
8.42094
8.42214
8.42094
8.40807
8.41498
8.43
8.42094
8.41713
8.42285
8.41594
8.41403
8.41308
8.41308
8.42023
8.41212
8.41808
8.41999
8.42094
8.41689
8.40902
8.41403
8.43287
8.42905
8.41403
8.41284
8.41784
8.41594
8.40902
8.41999
8.41784
8.43382
8.42094
8.42309
8.41212
8.41594
8.41379
8.41403
8.42309
8.4331
8.43
8.41188
8.41093
8.42214
8.41498
8.42404
8.42285
8.41904
8.43215
8.43406
8.41689
8.41999
8.425
8.42214
8.41212
8.42118
8.41904
8.42214
8.40998
8.41904
8.42714
8.27098
8.42404
8.41308
8.41904
8.41689
8.42309
8.41498
8.4219
8.42404
8.42094
8.41308
8.41594
8.43215
8.425
8.42309
8.41308
8.41212
8.41212
8.41212
8.41117
8.41022
8.41713
8.42285
8.4281
8.42309
8.42786
8.43
8.41999
8.42214
8.41594
8.41498
8.41498
8.40807
8.41188
8.42381
8.42214
8.44002
8.40807
8.40807
8.41403
8.40497
8.41784
8.42404
8.40688
8.40998
8.41689
8.41904
8.41498
8.41904
8.41713
8.41117
8.40998
8.41904
8.42118
8.41117
8.41284
8.41284
8.41403
8.41403
8.4219
8.425
8.4219
8.425
8.42118
8.42404
8.41093
8.41117
8.41403
8.41403
8.41117
8.42619
8.42381
8.42714
8.41904
8.41904
8.41904
8.4219
8.41784
8.4269
8.41999
8.43
8.41713
8.41022
8.42309
8.42881
8.41594
8.41284
8.42094
8.41188
8.40902
8.41308
8.41904
8.41498
8.42214
8.41618
8.41188
8.41093
8.41498
8.40712
8.41212
8.41784
8.42094
8.41403
8.41618
8.41689
8.4219
8.42214
8.41308
8.41188
8.41188
8.42714
8.42714
8.40902
8.41379
8.29506
8.42214
8.41999
8.41403
8.425
8.41904
8.41188
8.41403
8.40998
8.42285
8.41594
8.41093
8.40402
8.41618
8.41618
8.42595
8.41784
