0.00000000000000000000000000000000
0.00000003853229557648774061817676
0.00000007706459115297548123635352
0.00000011559689028217690065503120
0.00000015412918230595096247270703
0.00000019266147432972502429038286
0.00000023119378056435380131006241
0.00000026972605837727314792573452
0.00000030825836461190192494541407
0.00000034679067084653070196509361
0.00000038532294865945004858076572
0.00000042385525489407882560044527
0.00000046238756112870760262012482
0.00000050091983894162694923579693
0.00000053945211675454629585146904
0.00000057798445141088450327515602
0.00000061651672922380384989082813
0.00000065504900703672319650650024
0.00000069358134169306140393018723
0.00000073211361950598075054585934
0.00000077064589731890009716153145
0.00000080917823197523830458521843
0.00000084771050978815765120089054
0.00000088624278760107699781656265
0.00000092477512225741520524024963
0.00000096330734322691569104790688
0.00000100183967788325389847159386
0.00000104037201253959210589528084
0.00000107890423350909259170293808
0.00000111743656816543079912662506
0.00000115596890282176900655031204
0.00000119450112379126949235796928
0.00000123303345844760769978165627
0.00000127156579310394590720534325
0.00000131009801407344639301300049
0.00000134863034872978460043668747
0.00000138716268338612280786037445
0.00000142569490435562329366803169
0.00000146422723901196150109171867
0.00000150275957366829970851540565
0.00000154129179463780019432306290
0.00000157982412929413840174674988
0.00000161835646395047660917043686
0.00000165688868491997709497809410
0.00000169542101957631530240178108
0.00000173395335423265350982546806
0.00000177248557520215399563312531
0.00000181101790985849220305681229
0.00000184955024451483041048049927
0.00000188808246548433089628815651
0.00000192661468645383138209581375
0.00000196514702111016958951950073
0.00000200367935576650779694318771
0.00000204221169042284600436687469
0.00000208074402507918421179056168
0.00000211927635973552241921424866
0.00000215780846701818518340587616
0.00000219634080167452339082956314
0.00000223487313633086159825325012
0.00000227340547098719980567693710
0.00000231193780564353801310062408
0.00000235047014029987622052431107
0.00000238900224758253898471593857
0.00000242753458223887719213962555
0.00000246606691689521539956331253
0.00000250459925155155360698699951
0.00000254313158620789181441068649
0.00000258166369349055457860231400
0.00000262019602814689278602600098
0.00000265872836280323099344968796
0.00000269726069745956920087337494
0.00000273579303211590740829706192
0.00000277432536677224561572074890
0.00000281285747405490837991237640
0.00000285138980871124658733606339
0.00000288992214336758479475975037
0.00000292845447802392300218343735
0.00000296698681268026120960712433
0.00000300551914733659941703081131
0.00000304405125461926218122243881
0.00000308258358927560038864612579
0.00000312111592393193859606981277
0.00000315964825858827680349349976
0.00000319818059324461501091718674
0.00000323671292790095321834087372
0.00000327524503518361598253250122
0.00000331377736983995418995618820
0.00000335230970449629239737987518
0.00000339084203915263060480356216
0.00000342937437380896881222724915
0.00000346790670846530701965093613
0.00000350643881574796978384256363
0.00000354497115040430799126625061
0.00000358350348506064619868993759
0.00000362203581971698440611362457
0.00000366056815437332261353731155
0.00000369910048902966082096099854
0.00000373763259631232358515262604
0.00000377616493096866179257631302
0.00000381469726562500000000000000
0.00000385322937290766276419162750
