18.981
18.3871
18.9099
18.11
19.4499
18.3959
18.7819
18.3699
18.167
18.389
18.6329
18.5242
19.13
18.9371
19.0539
18.7609
19.0601
18.28
18.7159
18.7929
19.062
18.528
18.249
18.8999
19.2099
18.384
18.5239
18.5709
18.4739
18.785
18.832
18.723
18.5459
18.352
18.353
19.0482
18.573
18.8591
18.7821
18.7011
19.0678
18.4982
18.4071
19.012
18.6
18.7051
18.4691
18.5599
18.986
18.9559
18.599
18.7161
19.1021
18.9831
18.2738
18.492
18.569
18.918
17.9429
19.0079
19.129
18.374
18.2691
18.537
18.461
18.765
18.9121
18.1761
18.7788
18.4491
18.7452
18.4331
18.681
19.2602
19.335
18.2531
18.589
18.4669
18.2369
18.6229
18.935
18.0838
18.8379
18.9259
18.162
18.8808
18.47
18.852
18.1999
18.857
18.764
18.9869
18.656
19.0179
18.7871
18.45
18.4231
18.2261
19.1882
18.8
18.738
19.0461
19.002
18.1682
18.873
18.8649
19.007
18.1541
18.949
18.558
18.321
18.1949
18.9068
19.078
19.1431
18.1398
18.5809
18.7259
18.5339
18.157
18.3098
18.934
18.275
18.7099
18.6961
18.9381
19.4809
17.947
18.2061
19.0499
18.923
18.302
18.8081
18.6682
18.0581
19.321
18.487
18.7111
19.165
18.168
18.626
18.2822
18.4131
18.9381
17.962
18.5289
19.1009
18.8458
18.785
18.856
18.203
18.414
18.266
18.5039
18.7919
18.127
18.764
19.2149
19.3322
18.785
18.5311
18.9841
19.0141
18.5411
19.073
18.5201
18.636
18.5421
18.523
18.6021
19.0971
18.3451
18.445
18.6329
18.553
18.5189
19.026
18.585
18.3401
18.5108
18.7011
18.2321
18.4898
18.296
18.7941
18.5721
19.3419
19.083
18.5671
17.9071
18.147
18.296
18.455
18.4879
19.1271
19.073
18.7919
18.1758
18.6551
19.2041
18.584
19.0339
18.6369
18.785
19.0032
18.332
18.8231
18.646
18.404
18.002
19.444
19.1021
18.513
18.599
18.877
18.194
17.9398
18.2722
18.7778
18.816
19.2668
18.1839
19.0229
18.281
18.7652
18.0311
18.7969
19.0749
18.8711
18.537
19.156
18.501
18.2979
19.1259
18.6698
18.5909
18.6219
18.23
18.8031
19.3582
18.502
19.5038
18.7161
17.7901
18.3959
18.7531
18.003
19.3748
18.8699
18.8668
18.141
18.2009
18.8129
18.5368
18.2669
19.304
18.4948
18.8971
18.8758
18.584
19.0659
18.424
17.7181
18.3361
18.666
18.1742
18.4131
18.5912
19.3849
18.559
19.2962
18.7061
18.662
18.151
18.8668
18.846
18.2569
18.909
17.9522
18.7371
19.269
18.6601
19.213
18.034
18.7409
18.6789
18.224
17.8411
18.1768
18.4641
19.1009
18.101
18.625
18.894
19.1259
18.95
18.986
18.76
18.434
19.0649
19.073
18.666
18.6651
18.523
18.816
18.414
18.589
18.425
17.9589
18.4209
18.7769
18.291
18.4729
18.6348
18.7881
19.299
18.7149
18.8339
19.2358
18.892
18.2481
18.7049
18.5609
19.031
17.6349
18.9822
18.5201
19.1791
18.5838
18.5831
17.4971
19.017
19.1631
18.923
18.23
18.939
18.45
18.3439
18.1229
18.2512
18.76
18.728
18.276
18.374
18.6341
18.718
18.2679
18.3649
19.429
18.429
18.4982
18.5001
18.486
19.2862
18.7659
19.4869
18.1401
18.9631
19.583
18.929
18.9161
18.9061
18.7168
18.9819
18.8401
18.4221
17.9791
18.682
17.8461
18.245
19.577
18.1549
18.0359
18.8429
18.3389
18.6391
19.1178
18.6808
18.7199
18.9302
18.3239
18.3978
18.3971
18.579
18.0991
18.5411
18.6701
18.6582
18.487
19.7079
19.2459
18.1251
18.759
18.517
18.3549
19.0701
18.2931
18.856
18.27
18.7519
17.9899
19.1202
19.0871
18.2061
18.8711
19.5169
18.867
18.5668
18.7199
18.5061
18.8
18.8358
18.7271
18.8689
18.697
19.1519
18.8179
18.9168
18.0969
18.5568
18.856
18.5781
18.9409
19.2041
18.723
18.1971
18.229
18.3051
18.3601
18.7111
19.1722
18.738
18.708
19.454
18.9052
18.949
18.945
19.0001
18.8799
18.4891
18.4522
18.5959
18.7521
18.7399
18.6551
19.0089
18.239
19.0821
19.0821
18.6059
18.0929
18.6598
18.6501
18.79
18.1401
19.2151
17.993
17.8881
19.146
19.1391
18.5261
17.961
18.646
19.2912
18.5139
18.8279
18.6911
18.2281
19.1228
18.8551
18.4519
18.3051
18.2118
18.3671
18.1448
18.7271
18.5101
18.837
19.1219
19.479
18.8599
18.26
18.733
18.7619
18.784
18.857
18.821
18.9581
17.9031
18.2939
18.7349
18.1031
18.604
18.631
18.3411
18.3752
18.6598
18.585
18.9731
18.765
