134.894
128.984
130.477
131.224
128.521
128.314
129.245
129.265
129.253
129.196
125.846
123.505
125.415
125.485
124.621
121.572
121.728
121.668
121.116
117.831
116.76
116.983
116.852
116.291
113.008
115.905
116.779
116.998
113.255
113.919
118.183
118.619
118.493
118.59
118.625
119.197
119.216
119.035
114.891
115.257
115.137
112.973
111.235
111.497
111.235
108.433
106.17
107.503
107.522
107.498
107.508
107.4
103.311
102.265
102.07
101.731
99.1309
101.733
103.295
102.461
104.896
108.306
106.296
101.685
99.3659
98.5818
98.5942
98.7251
96.9501
93.78
103.942
106.589
105.165
104.852
104.168
104.02
103.962
104.466
104.67
104.573
104.667
104.102
104.044
103.991
104.622
104.717
104.885
106.845
106.806
103.84
104.887
104.815
104.798
106.698
106.466
103.803
103.996
104.1
105.055
104.655
