41.5361
40.149
40.159
40.158
40.159
40.1659
40.168
40.1571
40.1618
40.159
40.164
40.1618
40.159
40.164
40.1731
40.1661
40.1649
40.1559
40.158
40.1549
40.163
40.1499
40.1602
40.149
40.164
40.1602
40.1649
40.1609
40.168
40.158
40.174
40.168
40.1621
40.158
40.1452
40.143
40.168
40.1511
40.1549
40.153
40.149
40.17
40.1618
40.153
40.159
40.153
40.1771
40.1752
40.1599
40.17
40.168
40.1652
40.159
40.1602
40.17
40.1628
40.154
40.1559
40.1611
40.1728
40.1661
40.1802
40.1578
40.1609
40.159
40.163
40.1659
40.1652
40.1568
40.159
40.1659
40.1609
40.1521
40.159
40.1571
40.153
40.1599
40.1571
40.159
40.1759
40.163
40.1628
40.168
40.1521
40.164
40.1649
40.1502
40.1528
40.153
40.148
40.1499
40.144
40.143
40.153
40.1509
40.149
40.1602
40.153
40.1509
40.1452
40.154
40.149
40.153
40.1421
40.1571
40.1549
40.139
40.144
40.1499
40.1552
40.1609
40.1511
40.1518
40.1511
40.143
40.1578
40.1652
40.143
40.1669
40.1609
40.149
40.1549
40.1571
40.1559
40.159
40.1609
40.168
40.158
40.1621
40.1421
40.149
40.1549
40.1621
40.154
40.149
40.153
40.158
40.149
40.154
40.1471
40.164
40.1521
40.1499
40.1452
40.153
40.159
40.159
40.1461
40.1559
40.1499
40.1461
40.154
40.148
40.158
40.1552
40.148
40.168
40.1759
40.1678
40.1609
40.1621
40.1571
40.1459
40.154
40.1511
40.1471
40.1599
40.1371
40.1518
40.1502
40.149
40.1678
40.153
40.1342
40.1409
40.1361
40.1368
40.1542
40.1452
40.1449
40.1559
40.1511
40.153
40.159
40.1611
40.1618
40.1502
40.143
40.1528
40.1492
40.143
40.1521
40.1521
40.148
40.1518
40.154
40.1552
40.1509
40.148
40.1399
40.1311
40.1418
40.158
40.1599
40.163
40.1561
40.1559
40.163
40.148
40.1518
40.1542
40.1468
40.1521
40.1509
40.158
40.153
40.163
40.1592
40.1528
40.163
40.1571
40.1602
40.164
40.144
40.143
40.1359
40.133
40.1402
40.1499
40.144
40.154
40.1599
40.1418
40.148
40.1571
40.148
40.153
40.153
40.1552
40.1542
40.1521
40.1559
40.1421
40.1578
40.148
40.148
40.1421
40.148
40.1549
40.1671
40.1599
40.158
40.153
40.158
40.1561
40.1599
40.153
40.1549
40.1518
40.1561
40.1628
40.1499
40.1461
40.1421
40.153
40.1611
40.1621
40.1518
40.159
40.163
40.158
40.1559
40.1561
40.1311
40.128
40.1368
40.1392
40.1492
40.1399
40.1399
40.1499
40.148
40.148
40.1521
40.1509
40.1471
40.1609
40.144
40.1542
40.153
40.1359
40.1502
40.1449
40.1509
40.1509
40.143
40.1611
40.1618
40.1549
40.158
40.1599
40.1571
40.153
40.1559
40.1442
40.139
40.1392
40.1492
40.143
40.1452
40.1549
40.164
40.1459
40.1511
40.158
40.1418
40.149
40.1452
40.159
40.153
40.1509
40.1461
40.1499
40.1461
40.149
40.1449
40.1449
40.153
40.1499
40.153
40.1521
40.148
40.149
40.159
40.1449
40.1449
40.1499
40.149
40.1499
40.154
40.1452
40.1478
40.1421
40.1521
40.148
40.1592
40.1602
40.1578
40.1468
40.1461
40.154
40.1521
40.1459
40.1511
40.1449
40.1511
40.1549
40.1449
40.1461
40.148
40.1502
40.143
40.138
40.1521
40.1449
40.153
40.154
40.1609
40.1618
40.1661
40.149
40.154
40.1421
40.1452
40.1599
40.1559
40.1452
40.149
40.1599
40.1659
40.153
40.1511
40.1599
40.1459
40.154
40.1561
40.1518
40.163
40.154
40.1599
40.1659
40.154
40.1461
40.1659
40.159
40.1518
40.158
40.1421
40.1409
40.1549
40.159
40.1492
40.153
40.1549
40.1449
40.154
40.149
40.158
40.1661
40.149
40.17
40.1621
40.1561
40.1559
40.1511
40.1599
40.1609
40.1571
40.159
40.1568
40.153
40.1671
40.158
40.164
40.1649
40.148
40.1559
40.159
40.1611
40.1568
40.1471
40.1449
40.1549
40.1561
40.1421
40.158
40.1461
40.1511
40.159
40.1649
40.148
40.1609
40.1521
40.1499
40.163
40.1521
40.154
40.123
40.128
40.1449
40.1511
40.1459
40.1442
40.1521
40.143
40.144
40.1499
40.1459
40.143
40.1402
40.143
40.149
40.1561
40.1509
40.1411
40.144
40.1449
40.1418
40.1371
40.1511
40.1561
40.1418
40.1471
40.1361
40.1349
40.144
40.143
40.1542
40.1428
40.149
40.1471
40.159
40.132
40.148
40.1418
40.1461
40.154
40.1502
40.1561
40.1421
40.1368
40.134
40.1421
40.148
40.1411
40.1471
40.148
40.143
40.1421
40.1518
40.1399
40.1671
40.1521
40.1628
40.1561
40.1549
40.1649
40.148
40.1502
40.1499
40.1549
40.1521
40.1509
40.154
40.153
40.164
40.1599
40.144
40.163
40.1719
40.1452
40.1578
40.1421
40.1449
40.1471
40.139
40.138
40.1399
40.132
40.1359
40.144
40.1452
40.1399
40.149
40.1559
40.153
40.153
40.1559
40.1571
40.1421
40.1509
40.1509
40.1561
40.1468
40.148
40.158
40.149
40.1549
40.1649
40.1561
40.1649
40.143
40.143
40.1499
40.1289
40.1301
40.1468
40.1449
40.1669
40.154
40.144
40.1509
40.1762
40.164
40.1561
40.1478
40.1542
40.1559
40.1571
40.1499
40.159
40.1552
40.1499
40.158
40.154
40.154
40.1511
40.1509
40.158
40.164
40.154
40.1649
40.1559
40.153
40.1509
40.1461
40.1499
40.158
40.163
40.1518
40.1561
40.163
40.153
40.1599
40.1621
40.1549
40.154
40.168
40.1669
40.148
40.1461
40.1452
40.1528
40.159
40.1511
40.159
40.1719
40.1571
40.1559
40.1571
40.1421
40.164
40.154
40.149
40.143
40.1452
40.1461
40.153
40.1421
40.1499
40.158
40.1511
40.1399
40.153
40.1459
40.1371
40.1299
40.1399
40.1361
40.1399
40.1509
40.1449
40.1361
40.139
40.148
40.1671
40.149
40.148
40.153
40.1618
40.149
40.163
40.1459
40.159
40.149
40.1618
40.154
40.1511
40.159
40.158
40.1568
40.1521
40.1499
40.1521
40.1509
40.1471
40.1521
40.1421
40.1461
40.1499
40.1621
40.1669
40.1731
40.163
40.175
40.153
40.1549
40.1609
40.1561
40.1499
40.159
40.163
40.1499
40.1511
40.153
40.133
40.1292
40.143
40.133
40.132
40.1421
40.123
40.1318
40.1442
40.1618
40.1599
40.1509
40.159
40.153
40.1549
40.1549
40.1571
40.168
40.144
40.154
40.153
40.153
40.148
40.1471
40.153
40.1468
40.143
40.143
40.1449
40.1452
40.1371
40.1621
40.1359
40.1511
40.1571
40.1659
40.1549
40.159
40.1571
40.1559
40.1449
40.153
40.139
40.149
40.1621
40.1499
40.1509
40.1521
40.148
40.1409
40.1361
40.1509
40.1449
40.1502
40.1599
40.154
40.1442
40.1509
40.1471
40.1521
40.1421
40.154
40.1492
40.1449
40.138
40.1499
40.159
40.138
40.154
40.1399
40.1602
40.149
40.1609
40.1411
40.153
40.149
40.1521
40.1368
40.132
40.132
40.143
40.1368
40.1251
40.1468
40.154
40.143
40.143
40.1421
40.1499
40.1571
40.144
40.1549
40.138
40.1518
40.1449
40.1471
40.1549
40.154
40.1499
40.133
40.1311
40.1239
40.143
40.1521
40.1518
40.1461
40.1509
40.1421
40.1599
40.144
40.1549
40.138
40.1449
40.153
40.133
40.1409
40.148
40.144
40.153
40.1471
40.1559
40.144
40.1602
40.1521
40.139
40.1411
40.1349
40.1371
40.1471
40.1571
40.1642
40.1611
40.1559
40.1621
40.139
40.1549
40.164
40.158
40.1571
40.1478
40.1552
40.1618
40.148
40.148
40.158
40.1599
40.154
40.1549
40.153
40.149
40.127
40.127
40.1309
40.138
40.1449
40.1499
40.143
40.148
40.1459
40.134
40.1521
40.148
40.1421
40.149
40.1399
40.138
40.1502
40.154
40.1518
40.143
40.1449
40.144
40.149
40.148
40.1399
40.1399
40.149
40.1492
40.149
40.143
40.149
40.149
40.1351
40.144
40.1409
40.154
40.1499
40.1511
40.139
40.1361
40.1499
40.143
40.1449
40.1521
40.1449
40.144
40.133
40.143
40.1421
40.1461
40.1309
40.132
40.1311
40.1232
40.1361
40.154
40.1571
40.139
40.1418
40.144
40.1411
40.1418
40.1468
40.1509
40.153
40.149
40.1359
40.138
40.138
40.1452
40.1509
40.138
40.144
40.144
40.153
40.1559
40.143
40.1418
40.1421
40.1421
40.1449
40.1421
40.1459
40.1371
40.143
40.143
40.1468
40.1411
40.1471
40.1459
40.163
40.139
40.1399
40.144
40.149
40.1371
40.1471
40.1509
40.1461
40.144
40.158
40.133
40.1402
40.1318
40.1301
40.1371
40.153
40.1421
40.159
40.1599
40.1521
40.149
40.149
40.1649
40.154
40.1561
40.1509
40.1471
40.144
40.1368
40.1461
40.143
40.144
40.139
40.1459
40.138
40.1392
40.122
40.1411
40.1399
40.139
40.139
40.1571
40.1471
40.1461
40.1509
40.1418
40.1511
40.1518
40.1492
40.1552
40.132
40.144
40.1461
40.143
40.1509
40.1402
40.139
40.153
40.1502
40.1549
40.153
40.1449
40.1349
40.148
40.1442
40.144
40.1359
40.1361
40.143
40.143
40.1399
40.154
40.138
40.1528
40.1402
40.1559
40.1511
40.138
40.1409
40.138
40.1461
40.1402
40.1459
40.148
