94.6701
83.096
83.2191
83.4529
83.8449
84.0719
82.6979
80.7941
81.758
83.8439
83.6239
82.89
82.87
82.994
83.225
83.797
83.1921
83.931
84.2259
83.9479
84.074
83.2109
82.0811
81.944
83.154
83.0829
83.3049
82.725
82.2248
81.6469
80.5268
81.521
81.2449
81.775
81.0909
80.3051
80.1091
75.5119
75.9141
76.1628
76.2529
76.19
76.3898
75.772
75.8181
75.6409
75.959
76.443
76.0589
75.7501
76.2041
75.9962
76.9892
75.14
75.278
76.015
75.8901
76.782
76.0522
75.4821
75.0828
74.755
74.327
75.5181
75.865
75.6199
75.289
75.9721
75.6152
75.876
75.7241
75.5291
75.6912
75.4111
75.8829
76.036
75.6919
75.489
75.49
75.038
75.6149
75.7799
75.9928
75.7701
75.8202
75.86
75.659
75.846
75.9268
75.532
75.4151
75.6469
75.4399
75.6269
75.6159
75.851
75.7508
75.8531
75.7201
75.973
