79.5231
66.077
66.3788
66.5882
66.6299
66.87
66.828
67.055
67.0221
67.323
67.0788
67.169
67.132
67.2641
67.256
67.3699
67.1861
67.4191
67.374
67.2462
67.1511
67.2491
67.1
67.2801
67.2431
67.0121
67.0431
67.0409
67.0309
67.112
67.029
66.8609
66.8681
66.833
66.8168
67.0681
66.8709
66.772
66.627
66.5371
66.467
66.5751
66.4999
66.437
66.5119
66.505
66.453
66.232
66.102
66.375
66.016
66.015
66.417
65.9032
66.186
65.87
65.7902
65.8131
65.8512
65.933
65.814
65.5868
65.5711
65.6149
65.6428
65.5551
65.6281
65.495
65.3381
65.2971
65.3479
65.316
65.3291
65.3501
65.3441
65.4669
65.134
65.043
65.1519
65.042
65.027
65.0129
64.966
65.279
66.628
66.704
72.5198
72.613
72.4301
72.2899
72.6409
72.2919
72.372
72.165
72.3798
72.1951
72.2489
72.3541
72.3732
72.2919
