0.00000000000000000000000000000000
13111860741664455429474696036352.00000000000000000000000000000000
26223721483328910858949392072704.00000000000000000000000000000000
39335583433919185903053262815232.00000000000000000000000000000000
52447442966657821717898784145408.00000000000000000000000000000000
65559302499396457532744305475584.00000000000000000000000000000000
78671166867838371806106525630464.00000000000000000000000000000000
91783021564873729162435348135936.00000000000000000000000000000000
104894885933315643435797568290816.00000000000000000000000000000000
118006750301757557709159788445696.00000000000000000000000000000000
131118604998792915065488610951168.00000000000000000000000000000000
144230469367234829338850831106048.00000000000000000000000000000000
157342333735676743612213051260928.00000000000000000000000000000000
170454188432712100968541873766400.00000000000000000000000000000000
183566043129747458324870696271872.00000000000000000000000000000000
196677917169595929515266314076160.00000000000000000000000000000000
209789771866631286871595136581632.00000000000000000000000000000000
222901626563666644227923959087104.00000000000000000000000000000000
236013500603515115418319576891392.00000000000000000000000000000000
249125355300550472774648399396864.00000000000000000000000000000000
262237209997585830130977221902336.00000000000000000000000000000000
275349084037434301321372839706624.00000000000000000000000000000000
288460938734469658677701662212096.00000000000000000000000000000000
301572793431505016034030484717568.00000000000000000000000000000000
314684667471353487224426102521856.00000000000000000000000000000000
327796502825575730746688129728512.00000000000000000000000000000000
340908376865424201937083747532800.00000000000000000000000000000000
354020250905272673127479365337088.00000000000000000000000000000000
367132086259494916649741392543744.00000000000000000000000000000000
380243960299343387840137010348032.00000000000000000000000000000000
393355834339191859030532628152320.00000000000000000000000000000000
406467669693414102552794655358976.00000000000000000000000000000000
419579543733262573743190273163264.00000000000000000000000000000000
432691417773111044933585890967552.00000000000000000000000000000000
445803253127333288455847918174208.00000000000000000000000000000000
458915127167181759646243535978496.00000000000000000000000000000000
472027001207030230836639153782784.00000000000000000000000000000000
485138836561252474358901180989440.00000000000000000000000000000000
498250710601100945549296798793728.00000000000000000000000000000000
511362584640949416739692416598016.00000000000000000000000000000000
524474419995171660261954443804672.00000000000000000000000000000000
537586294035020131452350061608960.00000000000000000000000000000000
550698168074868602642745679413248.00000000000000000000000000000000
563810003429090846165007706619904.00000000000000000000000000000000
576921877468939317355403324424192.00000000000000000000000000000000
590033751508787788545798942228480.00000000000000000000000000000000
603145586863010032068060969435136.00000000000000000000000000000000
616257460902858503258456587239424.00000000000000000000000000000000
629369334942706974448852205043712.00000000000000000000000000000000
642481170296929217971114232250368.00000000000000000000000000000000
655593005651151461493376259457024.00000000000000000000000000000000
668704879690999932683771877261312.00000000000000000000000000000000
681816753730848403874167495065600.00000000000000000000000000000000
694928627770696875064563112869888.00000000000000000000000000000000
708040501810545346254958730674176.00000000000000000000000000000000
721152375850393817445354348478464.00000000000000000000000000000000
734264172518989833299482785087488.00000000000000000000000000000000
747376046558838304489878402891776.00000000000000000000000000000000
760487920598686775680274020696064.00000000000000000000000000000000
773599794638535246870669638500352.00000000000000000000000000000000
786711668678383718061065256304640.00000000000000000000000000000000
799823542718232189251460874108928.00000000000000000000000000000000
812935339386828205105589310717952.00000000000000000000000000000000
826047213426676676295984928522240.00000000000000000000000000000000
839159087466525147486380546326528.00000000000000000000000000000000
852270961506373618676776164130816.00000000000000000000000000000000
865382835546222089867171781935104.00000000000000000000000000000000
878494632214818105721300218544128.00000000000000000000000000000000
891606506254666576911695836348416.00000000000000000000000000000000
904718380294515048102091454152704.00000000000000000000000000000000
917830254334363519292487071956992.00000000000000000000000000000000
930942128374211990482882689761280.00000000000000000000000000000000
944054002414060461673278307565568.00000000000000000000000000000000
957165799082656477527406744174592.00000000000000000000000000000000
970277673122504948717802361978880.00000000000000000000000000000000
983389547162353419908197979783168.00000000000000000000000000000000
996501421202201891098593597587456.00000000000000000000000000000000
1009613295242050362288989215391744.00000000000000000000000000000000
1022725169281898833479384833196032.00000000000000000000000000000000
1035836965950494849333513269805056.00000000000000000000000000000000
1048948839990343320523908887609344.00000000000000000000000000000000
1062060714030191791714304505413632.00000000000000000000000000000000
1075172588070040262904700123217920.00000000000000000000000000000000
1088284462109888734095095741022208.00000000000000000000000000000000
1101396336149737205285491358826496.00000000000000000000000000000000
1114508132818333221139619795435520.00000000000000000000000000000000
1127620006858181692330015413239808.00000000000000000000000000000000
1140731880898030163520411031044096.00000000000000000000000000000000
1153843754937878634710806648848384.00000000000000000000000000000000
1166955628977727105901202266652672.00000000000000000000000000000000
1180067503017575577091597884456960.00000000000000000000000000000000
1193179299686171592945726321065984.00000000000000000000000000000000
1206291173726020064136121938870272.00000000000000000000000000000000
1219403047765868535326517556674560.00000000000000000000000000000000
1232514921805717006516913174478848.00000000000000000000000000000000
1245626795845565477707308792283136.00000000000000000000000000000000
1258738669885413948897704410087424.00000000000000000000000000000000
1271850466554009964751832846696448.00000000000000000000000000000000
1284962340593858435942228464500736.00000000000000000000000000000000
1298074214633706907132624082305024.00000000000000000000000000000000
1311186011302302922986752518914048.00000000000000000000000000000000
