0.576973
0.307798
0.300884
0.299931
0.298977
0.29707
0.277996
0.27895
0.277996
0.265837
0.259876
0.259876
0.259876
0.259876
0.26083
0.259876
0.259876
0.259876
0.26083
0.259876
0.259876
0.259876
0.259876
0.259876
0.260115
0.260115
0.261068
0.260115
0.260115
0.260115
0.260115
0.260115
0.260115
0.260115
0.259876
0.259876
0.259876
0.259876
0.259876
0.259876
0.259876
0.259876
0.259876
0.259876
0.259876
0.259876
0.259876
0.259876
0.260115
0.261068
0.260115
0.260115
0.261068
0.260115
0.260115
0.261068
0.260115
0.260115
0.261068
0.260115
0.261068
0.260115
0.260115
0.260115
0.260115
0.261068
0.260115
0.260115
0.260115
0.262022
0.259876
0.260115
0.259876
0.261068
0.259876
0.260115
0.260115
0.260115
0.260115
0.260115
0.260115
0.259876
0.260115
0.260115
0.260115
0.259876
0.259876
0.259876
0.258923
0.259876
0.259876
0.259876
0.259876
0.259876
0.261068
0.259876
0.259876
0.259876
0.259876
0.260115
0.260115
0.260115
0.260115
0.260115
0.260115
0.260115
0.260115
0.260115
0.259876
0.259876
0.26083
0.259876
0.259876
0.259876
0.259876
0.259876
0.260115
0.261068
0.260115
0.260115
0.260115
0.259161
0.260115
0.260115
0.260115
0.259876
0.261068
0.260115
0.259876
0.261068
0.262022
0.260115
0.260115
0.260115
0.260115
0.261068
0.263929
0.26083
0.259876
0.259876
0.260115
0.261068
0.260115
0.260115
0.26083
0.259876
0.26083
0.259876
0.259876
0.263214
0.259876
0.259876
0.259876
0.259876
0.259876
0.259876
0.259876
0.260115
0.261068
0.26083
0.259876
0.259876
0.26083
0.26083
0.261068
0.259876
0.259876
0.259876
0.26083
0.259876
0.259876
0.259876
0.26083
0.259876
0.259876
0.26083
0.259876
0.259876
0.260115
0.260115
0.261068
0.260115
0.261068
0.259876
0.260115
0.261068
0.26083
0.259876
0.26083
0.259876
0.259876
0.260115
0.259876
0.260115
0.26083
0.259876
0.259876
0.26083
0.259876
0.259876
0.259876
0.259876
0.259876
0.261068
0.259876
0.26083
0.26083
0.259876
0.259876
0.26083
0.259876
0.259876
0.259876
0.26083
0.259876
0.259876
0.26083
0.259876
0.259876
0.26083
0.26083
0.259876
0.26083
0.259876
0.259876
0.259876
0.259876
0.259876
0.26083
0.262022
0.260115
0.261068
0.260115
0.260115
0.261068
0.260115
0.259876
0.261068
0.259876
0.260115
0.259876
0.261068
0.259876
0.260115
0.259876
0.261068
0.260115
0.259876
0.259876
0.259876
0.26083
0.26083
0.261068
0.259876
0.259876
0.259876
0.259876
0.259876
0.259876
0.259876
0.259876
0.26083
0.26083
0.259876
0.259876
0.261068
0.261068
0.260115
0.260115
0.260115
0.260115
0.260115
0.261068
0.261068
0.260115
0.260115
0.260115
0.261068
0.259876
0.260115
0.260115
0.260115
0.260115
0.260115
0.261068
0.261068
0.260115
0.261068
0.260115
0.260115
0.261068
0.260115
0.260115
0.261068
0.261068
0.261068
0.26083
0.26083
0.259876
0.259876
0.261068
0.259876
0.261068
0.259876
0.259876
0.259876
0.259876
0.26083
0.26083
0.26083
0.259876
0.259876
0.26083
0.259876
0.259876
0.261784
0.261068
0.261068
0.262022
0.259876
0.260115
0.260115
0.260115
0.260115
0.260115
0.260115
0.259876
0.259876
0.259876
0.263929
0.261068
0.259161
0.260115
0.260115
0.259876
0.259876
0.259876
0.259876
0.259876
0.259876
0.259876
0.259876
0.259876
0.259876
0.260115
0.260115
0.260115
0.260115
0.260115
0.260115
0.260115
0.259876
0.259876
0.259876
0.26083
0.259876
0.259876
0.259876
0.259876
0.260115
0.260115
0.260115
0.260115
0.260115
0.260115
0.260115
0.260115
0.259876
0.259876
0.259876
0.259876
0.259876
0.260115
0.260115
0.260115
0.260115
0.260115
0.260115
0.260115
0.261068
0.260115
0.260115
0.261068
0.260115
0.259876
0.259876
0.26083
0.259876
0.259876
0.259876
0.26083
0.259876
0.259876
0.261068
0.259876
0.260115
0.260115
0.260115
0.261068
0.261068
0.26083
0.26083
0.259876
0.259876
0.259876
0.26083
0.259876
0.259876
0.259876
0.259876
0.261068
0.26083
0.259876
0.26083
0.26083
0.259876
0.259876
0.259876
0.261068
0.259876
0.260115
0.259876
0.259876
0.26083
0.259876
0.259876
0.26083
0.259876
0.259876
0.259876
0.259876
0.259876
0.259876
0.260115
0.26083
0.259876
0.259876
0.26083
0.259876
0.259876
0.259876
0.260115
0.261068
0.261068
0.26083
0.262022
0.262022
0.26083
0.259876
0.261068
0.259876
0.259876
0.259876
0.26083
0.259876
0.26083
0.261068
0.261068
0.260115
0.261068
0.261068
0.260115
0.259876
0.26083
0.259876
0.26083
0.259876
0.26083
0.259876
0.259876
0.26083
0.259876
0.259876
0.259876
0.259876
0.259876
0.261068
0.259876
0.261068
0.259876
0.259876
0.261068
0.259876
0.261068
0.259876
0.261068
0.259876
0.260115
0.260115
0.261068
0.260115
0.261068
0.260115
0.260115
0.260115
0.260115
0.260115
0.261068
0.260115
0.261068
