80.447
74.707
75.3441
75.1379
74.9309
75.0961
75.4142
75.191
75.6779
75.16
75.0852
75.0201
74.9998
75.3009
75.3591
75.2671
75.4471
75.489
74.9381
75.609
74.8122
75.1681
74.914
75.3529
75.2311
75.249
75.4199
75.1109
74.935
74.971
75.484
74.8789
75.1491
75.1181
74.8599
75.3369
75.1939
75.0818
75.5188
75.4912
75.3579
75.269
75.036
75.2821
74.832
74.8949
74.928
75.232
75.47
74.9791
75.0279
75.2881
75.1412
75.038
75.2079
75.3438
74.98
75.309
75.1719
75.46
75.0101
74.8348
75.412
75.1302
75.202
75.515
75.1359
75.597
75.0849
75.6972
75.1061
74.883
75.124
75.2721
75.2978
75.1719
75.2909
75.3191
75.1851
74.8529
75.577
75.531
75.135
75.29
75.2308
75.4569
74.9419
74.995
75.1691
75.0709
75.2931
74.9321
75.5072
75.223
75.1431
75.2959
75.346
75.2079
75.1832
75.4871
75.0911
75.377
75.4349
74.888
75.5241
75.4671
75.1328
75.4769
75.1581
75.0799
75.4621
74.986
74.826
75.253
75.1231
75.3622
75.1431
75.134
75.351
75.247
74.976
75.0511
75.114
75.0959
74.764
75.3341
75.33
75.4859
75.3789
75.3908
75.057
75.5601
75.242
75.264
75.6211
75.217
75.3648
75.227
75.197
75.295
74.991
75.5351
75.5088
75.0179
75.1519
75.269
75.2051
75.1309
75.5792
75.3441
75.6381
75.4521
75.315
75.2051
74.9869
75.1281
75.058
75.2702
75.2749
75.1719
74.9738
74.899
74.9581
74.827
75.2079
75.2649
75.357
75.0451
75.274
75.001
75.4321
75.377
75.532
74.858
75.2749
74.9829
75.043
75.4561
75.634
75.273
74.862
75.3419
75.043
75.1312
75.1312
75
75.531
75.433
75.3031
75.1231
75.0589
75.1681
75.443
75.3798
75.6419
75.294
75.1331
74.878
75.161
75.568
74.971
75.0489
74.996
75.217
75.2871
75.4578
75.2089
75.4299
75.505
75.393
75.2919
75.3839
74.734
74.8839
75.3622
75.0301
75.408
75.253
75.3162
74.9419
75.1059
75.5339
75.5529
74.7168
75.253
75.0721
74.9881
75.3481
75.1722
75.465
74.9309
75.4609
75.228
75.3751
75.2108
75.2959
75.0999
75.2358
75.649
75.007
75.505
75.161
75.316
75.2552
74.666
75.135
75.0639
75.2819
75.51
74.8992
75.0971
74.9681
75.0501
75.238
75.0399
75.139
75.2029
75.3379
74.8391
75.078
75.0139
75.0391
74.8529
75.1829
75.1071
75.0949
75.0082
75.161
75.099
75.3531
75.161
75.33
75.876
75.074
75.3789
75.0179
75.361
75.048
75.2921
75.4378
75.321
75.2318
75.1121
75.284
74.9609
75.5229
75.547
75.202
75.165
75.7091
75.145
74.8711
75.6421
75.6791
75.341
74.9381
75.119
75.2919
75.515
74.9142
75.1839
75.1109
74.877
74.7349
75.1431
75.5
75.2499
75.2339
75.3911
75.0091
75.1059
75.4571
75.3491
75.423
75.1691
75.284
75.3288
75.1741
74.914
75.2101
75.1731
75.3999
75.2201
75.1941
75.3272
75.175
74.9359
75.191
74.733
75.1081
74.9621
75.1171
75.5041
75.1679
75.2709
75.794
75.0241
75.2709
75.052
74.8219
75.4251
75.11
75.475
75.0291
74.8031
75.5162
74.883
75.2978
75.098
75.1662
75.1381
75.443
75.1889
74.9629
74.7991
75.5181
75.1121
75.2561
75.377
75.3379
74.9888
75.352
75.314
75.398
74.9359
75.192
75.2671
75.145
74.8808
75.433
75.367
75.1619
75.1841
75.238
75.3491
75
75.3751
75.4631
75.464
75.295
75.6421
74.9831
75.0341
75.3012
75.599
75.1739
74.9021
75.1371
75.429
75.5332
75.6099
75.0411
74.8198
75.4659
75.639
74.7762
75.2451
75.1691
75.1271
74.8041
75.4731
75.7029
75.1789
75.2149
75.2099
75.232
75.073
75.1541
75.284
75.0899
75.3288
75.5539
75.4919
75.103
75.13
74.9819
75.0649
75.2499
75.2361
74.6131
75.0101
74.96
74.99
75.4261
75.331
75.217
74.9092
75.125
75.042
75.5012
75.0051
74.9602
75.269
75.284
75.388
75.448
75.1581
75.109
75.3798
75.4731
75.0861
74.919
74.9722
75.1631
75.253
75.284
74.8971
75.238
75.3589
75.1512
75.623
75.336
75.048
75.563
75.1009
74.96
75.146
75.191
75.1562
75.0809
75.2649
74.981
74.76
75.1889
74.9619
75.46
75.372
75.2611
75.197
75.422
75.0091
75.1691
75.5861
75.294
75.671
75.1128
75.34
75.321
75.5911
75.49
75.068
75.6931
75.5661
75.0842
75.0849
74.9791
75.1781
74.9481
75.3901
75.2649
74.858
75.0408
75.5129
75.4101
75.381
75.0661
75.2931
75.3388
75.326
75.551
75.1159
75.3469
75.1131
74.738
75.4941
75.1569
75.0041
75.4821
75.1691
75.4819
75.877
75.2959
75.0821
75.434
75.2409
74.893
74.9519
75.5789
75.3491
75.0251
75.314
75.0759
75.418
75.3031
75.455
75.181
75.3601
75.2311
75.1638
75.068
75.3682
75.258
75.561
75.2339
75.099
75.382
75.202
75.2342
75.0899
75.5219
75.0329
74.9981
75.289
75.2931
75.0871
75.3632
74.99
75.6431
75.2459
75.1259
75.3949
74.986
75.469
75.176
75.0291
75.6559
75.202
74.6322
75.006
75.5219
75.4292
74.8701
75.434
74.928
75.5072
75.1779
75.1369
75.3779
75.032
75.4039
75.1169
75.11
75.212
75.4972
75.5191
75.3171
74.9681
75.3269
74.9381
75.3119
75.6788
75.4571
75.3751
75.4061
75.1071
75.407
75.1529
75.3529
75.1219
74.652
75.3341
75.5651
75.242
74.9609
75.4209
75.3062
75.2461
75.269
75.1641
75.125
75.387
75.078
75.1162
75.1109
75.2549
75.243
75.2861
75
75.4099
75.582
75.0258
75.655
75.0399
75.526
74.985
75.3071
75.2101
75.242
75.7558
74.8861
75.145
75.985
74.9989
75.0139
75.0241
75.1688
75.2499
75.11
75.5551
75.249
75.9392
75.335
75.1929
75.2459
75.357
75.2411
75.089
75.1259
75.4881
75.068
75.4259
75.021
75.3601
75.3129
74.9691
75.2301
75.264
75.2499
75.4118
75.6071
74.815
75.053
75.2499
75.1109
75.33
75.4399
75.443
75.223
75.496
75.3012
75.269
75.331
74.9822
74.9328
75.1669
75.706
75.372
75.3241
75.0518
74.9929
75.0849
75.4199
75.1882
75.207
74.954
75.099
75.51
75.103
75.0408
74.801
74.923
75.341
75.6171
75.772
75.094
75.3331
75.1359
75.1581
75.4361
75.4459
75.0802
75.1619
75.1729
75.1379
74.939
74.7659
75.2602
75.0749
75.1462
75.3222
75.264
75.0029
75.4709
75.0852
75.4039
75.099
74.908
75.11
75.124
75.3131
75.124
75.273
75.1441
75.5639
75.0051
75.5529
74.7862
75.382
75.0718
75.4271
75.181
74.9371
75.3109
74.9569
74.6069
75.527
74.6858
75.212
74.8742
75.022
75.5601
75.3129
75.2189
74.8069
75.4929
74.9779
75.0179
75.3059
75.186
75.4328
75.2401
75.4831
75.5
75.3689
75.4199
74.923
74.9612
75.5761
74.7502
75.3441
75.036
75.2399
75.352
75.1531
75.433
75.0511
75.006
75.017
75.407
75.223
75.1259
75.3052
74.8961
75.2611
74.9581
75.3021
75.16
74.9209
75.4058
75.053
75.4192
75.2881
74.7638
75.139
74.9719
75.202
75.1438
75.2552
75.1641
75.5579
75.047
74.682
75.11
75.098
75.238
75.3629
74.908
75.0301
75.1271
75.563
75.516
75.557
74.7709
75.0101
75.3829
75.1841
75.64
74.9879
74.724
74.9831
75.3841
74.929
75.2058
74.863
75.551
75.599
75.5329
75.4371
75.3591
75.2521
75.3002
75.1472
75.0871
75.2151
75.531
75.5761
75.4571
75.352
75.2981
75.243
75.34
75.5482
74.9791
75.29
75.1989
74.8239
75.042
75.2261
75.171
75.382
75.4149
75.4669
75.454
75.418
74.9242
75.227
75.321
75.4972
75.012
75.1059
75.1889
74.862
74.9621
75.016
75.1691
75.325
75.382
75.3911
75.402
75.4471
75.1991
75.5751
75.5341
75.7508
75.32
75.103
75.0599
75.0289
75.1028
75.2981
75.134
75.5069
75.3372
75.0179
75.068
74.8971
75.701
75.3639
74.7671
75.51
75.434
74.8742
75.4311
75.3419
75.042
75.0742
74.904
75.3779
75.351
74.8341
75.3431
75.4001
75.2361
75.1419
75.4728
75.393
75.408
75.3062
74.8701
74.9002
75.3691
74.841
75.1719
75.4552
75.1231
75.1631
75.4659
74.887
74.8961
75.66
75.4869
75.5069
75.2168
75.0799
75.5339
75.3551
75.4881
75.048
74.929
74.729
75.367
75.171
74.98
75.067
75.0551
75.4662
75.367
75.356
75.2931
75.5529
75.67
75.5241
75.0561
75.8531
75.3932
74.7361
75.165
75.418
74.986
75.14
75.031
75.3751
75.0999
75.1438
75.439
75.094
75.037
75.619
75.2559
75.1469
75.4731
74.595
75.263
75.2609
74.9259
75.325
75.5742
75.0711
75.0351
75.464
75.161
74.924
74.892
75.4189
74.97
75.448
75.2902
75.702
74.882
75.568
75.074
75.458
75.3729
75.021
75.433
75.0751
75.191
75.3279
75.4349
75.7201
75.002
75.0299
74.8999
75.1889
75.2139
75.084
75.964
75.3269
74.9578
75.7849
75.3279
75.8429
74.9218
74.9218
75.2249
75.5169
75.2358
74.6589
74.831
75.2282
75.505
75.228
75.1882
75.0542
74.8241
75.5031
75.248
75.1889
75.2261
75.397
