63.201
57.991
57.821
57.8811
57.7281
57.7791
58.1429
57.6949
57.801
57.5862
57.8349
57.6439
57.6689
58.0661
57.7869
57.8251
57.992
57.9679
58.3131
58.0182
58.0339
57.6551
57.708
57.7419
57.966
57.9159
57.816
57.7862
57.7981
57.987
57.6751
57.795
57.795
57.8151
57.9572
57.8818
57.8489
58.2101
58.1319
57.7562
57.7631
57.6
57.8911
58.0649
57.7779
58.0299
57.8489
57.837
57.9498
57.812
57.5669
58.032
57.889
57.6551
58.08
57.7879
58.027
57.874
57.6439
57.7779
57.852
58.2011
57.8499
57.641
57.6122
57.796
57.8349
58.125
57.7662
57.8291
58.135
57.822
57.843
57.956
57.7691
57.611
57.8229
57.5979
57.9209
58.002
57.9889
57.8361
57.8098
57.7621
57.8182
57.478
57.96
57.8709
57.7068
58.064
57.971
57.817
57.7869
57.5709
57.8678
58.0971
57.7412
57.8701
58.1079
57.7729
57.8241
57.7259
58.042
57.8752
57.9069
58.007
57.749
57.678
57.694
58.147
57.7481
57.817
57.8671
58.079
57.888
57.703
57.5621
58.0132
57.8351
57.9062
57.9169
58.0029
57.9031
57.7631
57.7319
57.997
57.657
57.893
58.033
57.8361
57.5321
57.7068
57.548
58.207
57.92
57.817
58.0399
58.063
57.822
58.0649
57.539
57.5862
57.7571
57.95
57.766
57.8618
58.2659
57.8511
57.663
58.109
57.7772
57.8721
58.1739
57.9641
58.1281
57.812
57.93
57.7481
57.9622
57.7981
57.718
57.548
57.893
57.9269
58.172
57.8661
57.924
57.9002
57.6081
57.9131
57.8611
57.8148
58.075
57.9562
57.785
57.862
57.9321
57.781
58.126
57.869
57.9689
57.9469
57.9369
57.754
57.8561
58.0132
57.652
57.893
57.7571
57.8928
57.7641
57.986
57.8759
57.776
58.0151
57.991
57.7281
57.9021
57.6801
57.8542
57.919
57.6599
57.6971
58.0511
57.831
57.79
57.9741
57.7741
57.6739
58.156
57.852
57.6229
57.6029
57.7278
57.694
58.049
57.8928
58.006
57.852
57.9648
57.852
57.97
57.9982
57.821
58.14
58.0859
57.6901
58.0611
58.018
57.929
58.0308
57.6379
57.7509
57.7779
57.4982
57.838
57.9059
57.6329
57.9338
57.785
57.8771
58.0199
57.7109
57.6119
58.084
57.6591
58.2449
57.8151
57.9691
57.837
57.9319
57.8718
57.831
57.7252
58.305
57.7228
57.8859
58.0559
58.217
57.6792
57.96
57.7149
57.966
58.043
57.8668
57.6282
57.9259
58.043
57.8661
58.0499
57.91
58.1059
57.6539
57.9929
57.8141
58.0239
58.1892
58.2378
58.126
57.7428
57.8361
57.8029
57.7259
57.8511
57.5631
57.9009
58.1431
57.9171
57.4992
57.745
57.7669
57.62
57.8279
57.8599
58.0549
58.095
58.1479
57.6968
58.0809
57.796
57.833
57.9431
57.9
57.833
57.7929
57.6189
57.8811
57.8411
57.683
57.7841
57.725
58.0699
57.7588
58.0211
57.9319
57.8771
57.8771
57.7981
57.4989
57.8201
57.713
57.9102
57.8799
57.755
57.7841
57.8179
57.8752
57.795
57.6179
58.0699
58.027
57.837
57.75
58.0502
57.663
58.063
57.8501
57.601
58.027
58.0442
57.93
57.76
57.766
57.683
57.9181
57.924
57.91
57.6551
57.9031
57.694
57.8611
57.7779
57.915
58.0289
57.7021
58.0101
57.9779
57.8201
57.6022
57.7559
58.218
58.006
57.8089
57.8299
58.2299
57.6451
57.7941
57.6661
57.8308
57.837
57.5771
57.791
58.013
57.6222
57.981
57.996
58.3551
58.1789
58.049
57.631
57.8952
58.0101
57.6661
57.5778
58.0211
57.7612
57.5471
57.6961
57.6141
57.9062
57.8461
58.0301
57.9462
57.786
57.8539
57.6842
57.832
57.8461
57.584
57.6398
57.8458
57.888
57.982
58.2881
58.099
57.6451
57.904
57.9882
57.7462
58.1839
57.579
57.8949
57.802
57.8949
57.873
57.677
57.7371
57.8852
57.7879
57.848
58.012
57.7471
57.832
57.9019
57.9119
57.683
57.981
58.0449
57.7309
57.821
57.9791
58.0571
57.9519
57.7118
57.725
57.8711
57.9071
58.2969
57.7579
57.512
57.8349
57.9009
57.8189
57.8351
57.894
57.873
57.817
57.5869
57.842
58.012
57.8871
57.7061
57.9422
57.987
57.78
58.1629
57.6382
57.9309
57.9221
57.8339
58.042
57.909
58.1961
58.1071
57.9062
57.7681
57.8051
58.1019
57.6439
57.924
57.771
57.976
57.62
57.5869
57.868
58.0311
57.8721
58.054
57.7672
57.862
57.7328
57.9169
57.4701
58.094
57.5628
57.9441
57.6341
58.1808
57.8179
57.9419
57.982
57.8828
57.7061
57.904
58.0058
57.8179
57.7259
57.709
57.8742
57.7521
57.7071
57.894
57.8821
57.739
57.8401
57.6689
58.1169
57.8561
57.905
57.894
57.8449
58.049
57.6231
58.0292
57.9619
57.6479
57.9758
57.9381
58.0568
57.848
57.6711
57.7998
57.956
58.075
58.0771
57.9302
58.0199
57.5509
57.7798
57.6429
57.765
57.7161
57.739
58.249
57.652
57.874
57.951
57.641
57.9329
57.9851
57.9998
57.9848
57.7269
57.986
57.9388
57.9751
57.9391
57.9119
57.925
57.8241
57.7741
57.884
57.7221
58.0041
58.109
57.636
57.8041
57.744
58.125
57.6761
57.797
57.5318
57.718
57.8439
57.9839
57.878
57.8091
57.6921
57.651
57.704
57.9069
58.073
57.7309
57.934
57.5712
57.7431
58.0719
57.7829
57.9948
58.1491
57.9321
58.0952
57.7021
57.7111
58.099
57.837
57.811
57.7421
57.8091
57.9522
57.5922
57.785
58.0659
57.8148
57.5569
57.9281
57.7362
57.6482
57.8721
57.832
57.6971
57.879
57.5471
57.905
57.8449
57.982
57.7428
57.812
57.8399
57.9438
57.652
57.9309
57.6839
57.7419
57.636
57.8332
57.8301
57.7362
57.8671
57.724
58.1841
58.1021
57.8589
58.1939
57.832
58.063
57.9538
58.295
57.7419
57.6799
58.1419
57.7948
57.791
57.8871
58.0809
57.8389
57.873
57.8151
57.9
57.6501
57.723
58.0661
57.8661
58.0728
57.7469
58.0051
57.971
58.213
58.135
57.9131
57.9929
57.8401
57.678
57.863
58.09
58.0449
57.8871
57.564
57.754
57.5609
57.883
57.6611
57.8449
57.8091
57.8339
57.904
58.1532
57.8401
57.8492
57.5962
58.0239
58.0111
57.9209
57.981
58.1
57.8671
57.6301
57.982
57.9071
57.704
58.0449
58.0549
57.683
57.8358
57.4958
57.9979
57.6298
58.1229
58.0859
57.816
57.636
57.9939
57.6229
57.7579
57.8289
57.7109
57.878
57.7872
58.084
58.0142
57.693
57.718
57.9739
57.734
57.7738
57.8749
57.9031
57.9212
58.1319
57.7149
57.749
57.749
57.934
58.167
57.5261
57.8001
57.9689
57.6999
57.7528
57.8251
57.9979
57.9751
57.498
57.92
57.7278
57.8139
57.627
58.1799
57.765
57.7822
57.874
58.0249
58.111
57.977
57.8878
57.847
57.6239
57.9469
58.202
57.9009
57.9491
57.976
58.1009
57.9691
57.8189
58.253
57.7021
57.658
57.6251
57.94
57.688
57.652
57.7769
57.9209
57.9269
57.6949
57.708
57.709
57.656
57.5681
58.1188
57.6169
58.048
57.843
57.7741
57.7199
57.8609
57.6291
57.9991
57.8589
57.7891
57.884
57.7428
57.7211
57.857
57.8029
58.028
57.981
58.1789
57.7679
57.883
57.744
57.725
57.7462
57.7672
57.7421
57.713
57.755
57.7779
57.8799
57.7679
57.8799
58.095
57.713
58.1191
57.7121
57.7328
57.7168
57.574
57.92
58.2321
57.7519
57.946
57.7528
57.6971
57.9369
58.217
57.9939
57.4889
58.1551
57.9181
58.1751
57.9832
57.929
57.929
57.8039
57.7009
57.9519
57.7309
57.698
57.8282
57.7841
57.8449
57.9998
57.8949
58.1129
57.966
57.9171
57.8899
57.739
57.632
57.6649
57.8179
57.8709
57.8229
57.8439
57.718
57.5609
58.085
58.001
57.636
58.0161
57.9059
57.642
57.6689
57.951
57.7331
57.744
58.3429
57.8339
57.647
57.7049
58.084
57.9898
57.9429
57.934
57.9932
57.8201
57.7302
57.6792
58.09
57.8148
57.6401
57.8768
58.049
57.7819
57.636
58.2268
57.725
58.1532
57.7691
57.7819
57.7829
58.002
57.7359
57.8961
57.7312
57.9131
58.0752
57.8611
58.028
58.0981
57.622
57.6041
57.7221
58.2192
58.1579
57.857
57.6682
57.8871
57.987
57.7209
57.5621
57.791
57.8978
57.7769
57.6758
57.977
57.874
57.8542
57.652
57.724
57.6921
57.8039
58.0781
58.0521
58.1131
57.9681
57.657
57.9281
58.1341
57.766
57.8279
57.7109
57.97
57.5998
57.8611
57.7762
57.703
57.9908
58.1231
57.7941
57.924
57.801
58.1861
57.7848
57.698
57.7319
57.7838
57.9391
57.57
57.929
57.6768
57.9801
57.863
58.0621
57.8279
57.5979
57.97
58.0959
57.77
57.946
57.5321
57.6961
57.6732
57.7149
57.739
57.9591
57.847
57.914
58.0101
57.8861
57.8029
57.8332
57.8489
57.827
58.2521
57.9329
58.022
58.079
57.95
58.0459
58.1238
57.9638
57.9441
57.9422
57.688
58.0809
57.874
57.9128
57.6799
57.9021
57.9891
57.9791
58.1341
57.9579
57.992
58.1861
57.9209
57.8609
57.771
57.7011
57.9128
57.874
58.2089
57.796
57.7102
57.667
57.5891
57.689
57.6658
58.006
57.817
57.507
57.7769
57.8949
57.9591
58.063
57.776
57.8618
