10.9501
6.03604
5.99098
6.09088
6.01101
6.01006
5.99384
6.02007
6.05106
5.98097
5.99909
6.03294
6.05702
5.99694
5.97382
5.99813
5.98383
6.04892
5.99003
5.99694
6.001
6.04391
5.94497
5.93209
5.99313
5.99313
6.042
6.04415
5.95284
6.06203
5.88202
6.00004
5.96213
5.95999
5.97596
6.06298
6.001
5.96094
6.01101
5.99289
5.98788
6.00815
5.97
5.97286
5.92208
5.97596
5.97692
6.03008
6.00195
6.02317
5.99599
5.91397
5.94807
5.99003
6.02889
6.05321
5.97811
6.006
5.99098
5.94902
5.98407
6.0029
5.92208
5.99599
5.99909
5.99408
6.01006
5.99194
5.98097
5.96285
5.94997
6.00386
6.07109
5.99599
6.001
5.94306
5.94211
6.01697
5.94187
6.00004
6.01697
5.99694
5.97906
5.97095
5.98693
5.99599
6.0339
5.95498
5.96881
5.96809
5.95617
5.98192
5.99885
6.00791
5.94282
6.03294
6.01792
6.05512
6.01411
6.00386
6.03008
5.98001
5.94091
6.01411
5.99313
5.95617
5.99408
6.01411
6.03819
5.96094
6.02889
5.98598
5.94497
5.99909
6.06203
5.97882
6.006
6.03294
5.95808
5.93495
6.04987
5.94592
6.02007
6.01602
6.00004
5.98383
6.01697
5.95903
6.05798
5.99194
5.95212
5.96094
5.96595
5.98001
6.03199
6.01697
5.96213
6.00505
6.04701
6.01315
5.93901
6.03485
6.01196
6.0451
5.99217
5.98812
5.96809
6.0029
6.02198
5.97501
5.97501
6.00004
5.99098
6.00696
5.98907
6.0029
6.02388
5.98288
5.99813
6.0401
5.97477
6.037
6.03414
5.96404
5.96309
5.94187
6.00386
6.01196
5.9948
6.06704
5.99194
6.00004
5.99909
5.97787
5.96905
5.95689
5.99194
6.0451
6.042
5.99718
5.96309
6.037
6.00219
5.98216
6.05798
6.0041
5.92494
6.0041
5.98812
5.88894
5.97906
5.99408
6.01983
6.02794
5.94997
6.006
6.05488
5.98383
5.94687
5.97811
5.99504
6.01292
5.98693
5.96595
6.05512
5.97882
6.02388
6.0029
5.97906
5.99504
5.98502
5.97596
5.95403
6.04701
6.01602
5.95999
6.037
5.98001
5.93114
6.02698
5.95713
6.00696
5.97405
5.97405
5.96499
6.03008
5.99217
5.97405
5.95188
5.95498
6.03986
5.98407
5.96094
5.99003
5.99313
5.97119
6.0041
6.001
6.01292
6.01411
5.96094
5.96595
5.97405
6.01006
5.94521
5.95808
6.05416
5.90491
6.05488
6.06513
6.00004
5.98001
5.94211
6.01196
6.02007
5.91898
5.97596
5.96499
6.03104
5.94306
6.01697
5.99599
5.98311
6.00481
5.95307
5.94592
5.97095
5.96595
5.95093
5.9979
5.92589
6.01888
5.93305
6.001
6.02317
5.96499
5.96905
5.99003
6.01888
5.9979
5.97596
6.03294
5.99813
6.00815
5.95593
5.97906
6.02698
5.94497
6.00982
6.05297
6.06298
5.98311
6.04796
5.99003
6.006
5.99003
5.99003
6.03509
6.01506
6.06799
6.03199
6.02698
6.02913
6.01697
5.92995
6.05011
5.98788
5.92303
6.0451
5.96499
6.05798
5.99217
5.97715
5.95403
5.96189
5.99813
5.99909
5.98621
5.94711
5.95498
5.97787
5.95403
6.06513
6.06012
5.97715
6.03914
6.01006
5.93185
6.01196
6.02603
5.99408
5.98812
5.97
5.99289
5.97
6.04606
6.02579
5.98001
5.98812
5.92899
6.01792
6.0451
5.95498
5.9948
6.04105
6.00815
6.02698
5.94997
6.00314
6.0122
6.03604
6.00195
6.00505
6.00004
5.97692
5.97715
5.98478
5.94401
5.95403
6.00386
6.01411
5.96094
6.03294
5.98097
6.00219
5.98121
5.9762
5.98097
6.01387
6.03604
5.9948
6.05106
6.04105
5.98812
5.90682
5.99504
6.01196
5.97095
5.99909
6.00982
5.92494
5.97596
5.98693
5.97596
5.97
5.99694
6.05106
5.96881
6.03294
6.04796
5.98097
6.05917
6.006
5.97405
5.98001
6.04391
5.95498
6.02484
5.95593
5.98788
5.99599
5.95617
6.00386
6.0401
5.94902
5.98097
5.98502
6.01006
6.03509
6.01315
6.07204
5.98001
5.94902
6.07705
5.9371
5.98598
5.9278
6.00791
6.00386
6.03414
5.99599
5.95593
5.99098
5.97715
5.92303
6.00696
6.05607
5.96881
5.98097
5.97119
5.9731
6.006
6.01101
6.01196
6.03986
6.03986
5.98192
6.04486
6.00004
5.96619
6.006
6.02388
6.01602
6.01721
6.08301
5.9731
6.02388
5.9998
5.96189
6.01697
5.9979
5.98502
6.01411
5.99909
5.99003
6.05106
5.9979
6.04296
6.01602
6.02102
6.01101
5.97692
5.97215
6.03104
5.95188
5.95999
5.97787
5.93996
5.9309
5.99813
5.96213
5.96499
5.97501
5.99599
5.94616
6.07014
5.99813
6.01101
5.99122
5.98693
5.98097
6.001
6.01602
6.06489
6.06608
6.06418
6.02198
5.92017
6.0041
6.0401
6.07109
6.03008
6.00982
6.01101
6.03104
6.01196
5.98001
5.94091
6.04415
5.95713
5.94783
6.0091
5.94306
5.9669
5.95307
5.96714
5.98121
6.073
5.99313
5.98979
5.95808
6.03318
6.05512
6.00696
5.99313
6.04677
5.95593
5.93996
6.11496
6.06179
6.02889
5.98407
5.99313
6.01101
5.95999
6.01792
6.01196
6.0308
6.03008
5.99313
5.98001
5.99194
6.01315
5.99098
6.01411
5.97501
6.05512
5.9371
5.96905
5.93019
6.00004
5.95403
6.0482
6.001
5.98407
5.98788
5.97906
5.96786
5.99098
6.042
5.99408
5.95903
6.11019
6.00791
5.93495
6.0029
5.99003
6.001
6.00815
6.02388
5.96499
6.00386
6.00719
6.01006
6.04796
6.01196
5.96786
5.93805
5.97692
6.01697
6.03199
6.03819
5.99504
5.95593
5.93901
6.09016
5.93781
6.14905
6.0029
5.94592
5.96809
6.00195
6.06394
5.98311
5.93305
6.02412
6.006
5.96905
6.0091
6.06203
5.98001
6.03294
6.00481
5.99694
5.98502
6.02508
6.02913
5.95307
6.06489
5.9588
6.02293
5.98502
5.97286
6.01387
5.95307
5.94497
6.01602
6.04701
5.99599
5.98001
5.96595
6.0339
5.98192
5.97692
6.03104
6.03986
6.037
6.03509
5.99098
5.97405
5.93615
5.95093
6.00195
5.92995
6.05011
5.95212
5.9762
6.02913
5.99408
5.95093
5.97286
5.98383
5.97596
6.00505
5.99504
6.00696
5.99194
6.03604
5.96619
6.02102
6.02007
5.95999
5.99194
5.97501
5.98812
6.05202
5.98502
5.93996
5.99003
6.01077
6.0091
6.02603
6.042
5.96619
5.96809
6.02007
5.9979
5.98693
5.92995
6.01697
5.99098
5.93305
5.92518
5.98907
6.05607
6.05488
6.00195
5.92494
5.96189
5.99289
5.97191
5.98598
5.95188
5.98693
6.00195
6.04105
5.98788
5.95593
5.94592
6.03604
6.02698
6.06203
6.02794
6.04296
6.0339
5.9979
5.94902
5.94211
6.02007
5.96905
5.99313
5.97906
5.96595
5.98907
6.01721
5.91707
6.10495
5.99718
6.00314
5.99909
5.94807
5.94401
5.97692
5.9638
6.00004
5.99504
6.01006
6.00314
5.97405
5.99289
5.96786
5.99504
5.93996
5.97692
5.95284
6.03294
5.99003
5.94211
5.95284
5.97
5.99694
6.03294
6.03199
5.97095
5.98311
5.98407
6.01315
6.01697
6.03008
5.95903
5.95903
5.97
6.02913
5.97692
6.01912
5.99813
6.01983
5.94211
5.97215
5.93805
5.95307
5.95021
6.00004
5.99909
6.00505
5.9731
6.04391
5.94807
5.934
5.97405
5.94306
5.98311
5.90396
5.88918
6.00982
5.99194
6.01077
5.96499
6.03008
6.01196
5.99003
6.03485
6.00505
6.06012
6.03104
6.02412
6.07705
5.99194
5.98907
6.01006
6.00219
5.98097
5.99384
6.00815
6.01602
6.02698
6.00386
5.99194
6.10089
5.99885
6.0041
6.037
5.95403
5.9731
5.99813
6.00696
5.98907
6.078
6.03604
5.99885
5.99122
5.98621
5.97095
5.99718
6.02198
6.01792
5.94878
6.05488
5.92089
5.95093
6.08206
6.006
5.99599
6.042
5.99694
6.01196
5.98693
5.95212
6.06298
5.9731
6.00791
5.98693
6.03008
6.042
5.95713
6.08397
5.94902
5.99599
5.94497
5.98001
6.001
6.01888
6.03199
6.07395
5.96905
5.97
5.95307
6.073
5.97095
6.0358
6.00386
6.04701
5.95689
6.01888
6.02794
5.9731
5.93996
6.006
6.03318
6.02198
5.9979
5.99599
5.99909
5.96786
5.99599
6.037
6.03986
5.97501
5.94902
6.01387
6.09303
6.05798
6.02603
6.01196
5.98502
5.99313
6.01697
6.01196
5.99122
5.97501
6.001
5.99885
6.07991
6.00696
5.96809
5.94616
6.03318
5.98693
5.97286
6.08301
5.98216
6.01315
6.037
5.97191
6.02984
5.99384
6.03104
6.042
6.03199
6.0029
6.006
6.01697
6.02794
6.037
6.09899
6.05893
5.99194
6.006
6.006
6.01888
5.9979
5.98621
5.99098
6.00696
6.02508
6.01602
6.02388
5.99694
5.97906
5.92089
5.96094
5.9762
6.02388
6.04606
6.06704
6.00314
6.006
6.02102
5.99289
5.94997
6.02293
6.0389
5.99694
6.01697
5.96595
6.02722
6.02794
6.01602
6.06084
5.96309
5.9731
5.98001
6.03509
6.00815
6.02007
5.95284
5.95188
5.96094
6.05893
6.0041
6.03414
5.96714
5.98001
6.01506
5.94997
5.99599
5.97382
6.0122
6.01101
6.05893
6.00696
5.98693
5.9731
5.94211
5.99694
5.98216
6.02293
5.97191
6.01006
6.0482
5.99909
5.98502
6.03294
5.99194
5.94091
5.97215
5.98407
6.01006
6.02794
5.93209
5.99289
6.07181
5.99003
6.00719
5.97405
5.95713
5.99909
5.98192
5.94997
5.97501
5.94306
6.01506
6.05178
5.97191
6.05202
5.99909
5.93996
5.98884
6.04105
6.05321
6.02293
6.09612
6.02603
6.03914
6.01697
5.95784
5.98407
5.91302
6.01912
5.98598
6.0029
6.04892
6.03294
5.99885
5.97715
5.99504
6.02198
6.01411
5.91803
5.93805
