30.982
30.792
31.502
31.204
31.2071
31.1501
31.2068
31.3029
30.8359
30.7949
31.1811
31.353
31.1599
31.426
30.7961
31.1599
31.3089
31.3599
31.58
31.2972
30.7491
30.9851
30.8199
31.1608
31.2419
31.3089
30.8611
31.168
31.2278
31.2071
30.7939
31.3361
31.317
31.122
31.132
31.0471
31.158
31.472
30.9789
31.0788
30.972
31.1761
31.0588
31.3821
31.3179
31.3909
31.033
31.0459
30.8509
30.935
30.772
30.911
31.198
30.844
30.8459
30.8719
30.715
31.327
31.2049
31.0979
31.4848
31.1389
31.1999
30.7851
31.122
31.462
31.0159
31.209
31.3869
31.1248
31.2068
30.987
31.0721
31.3032
31.1999
31.1489
31.2819
31.147
31.2641
31.0831
30.9472
30.8189
31.1949
31.2059
31.3139
30.848
30.6821
31.739
31.4801
30.9491
30.9012
31.1961
31.1739
31.2979
31.173
30.977
31.023
31.0609
31.1949
31.2748
30.961
31.3351
31.2171
30.7801
30.7739
31.172
30.9329
31.492
31.0469
31.3249
31.2159
31.1279
30.983
30.829
31.1232
30.843
31.2278
30.7639
31.229
30.8402
31.28
31.183
31.1301
31.507
31.3079
30.7791
31.323
31.261
31.09
30.863
31.585
30.9908
31.1539
31.3358
31.4651
30.8421
31.0979
31.2481
31.2438
31.7359
31.0371
30.951
31.1632
31.4059
30.884
31.3418
31.07
30.931
30.869
31.0538
31.0009
31.1651
31.0071
30.941
31.074
31.2431
31.157
31.131
30.8418
31.193
31.3439
31.0159
31.4059
31.2989
31.148
31.2061
31.244
31.0659
31.1821
30.9062
30.6211
30.9489
31.426
31.3241
31.0662
31.343
30.885
30.9992
31.203
31.0218
31.1179
30.9322
30.8051
31.0109
31.1561
31.224
31.266
30.6418
31.682
31.477
31.3141
31.1
31.467
31.075
30.92
31.373
31.1339
31.018
31.317
31.1291
31.069
31.0199
31.2631
31.517
31.271
31.0621
30.9212
31.3361
31.357
30.7121
31.127
31.0309
31.2519
31.302
31.517
31.785
31.074
30.987
30.7629
31.2941
31.5759
31.4648
31.1511
31.1971
30.791
30.972
31.064
31.076
31.39
31.0881
30.9229
31.3449
30.8669
31.06
31.1732
30.967
30.9138
30.968
31.1348
31.213
30.92
30.968
30.925
30.688
31.019
31.347
31.039
31.209
31.2161
31.0881
30.792
30.957
31.456
31.0869
31.5418
31.0829
31.2221
31.0719
31.013
31.1911
31.3601
31.04
30.895
31.163
31.106
31.1229
30.993
30.9072
31.1849
30.982
31.028
31.09
31.491
30.8738
31.0559
31.0731
31.7061
30.8781
30.9632
31.496
31.0879
31.0409
31.297
31.5242
31.1351
30.884
30.9739
31.4898
31.3268
31.194
30.916
30.772
31.0678
31.244
31.5461
30.9319
30.854
31.147
30.755
31.11
30.802
31.07
30.9851
31.3139
31.0059
31.3408
31.2099
31.0419
30.9069
31.2269
30.9141
30.931
31.0738
31.045
30.858
31.1508
31.3039
30.653
31.009
31.256
31.116
31.142
31.0471
31.198
30.967
31.5781
31.1661
30.9601
30.9939
30.894
30.9908
31.3671
31.0631
31.3201
31.5192
30.8859
30.9148
30.575
31.1842
31.563
31.775
30.935
30.952
31.0109
30.9429
30.807
31.8871
31.0559
30.9181
30.73
31.621
30.956
31.152
31.0311
31.678
31.3299
30.9269
31.091
30.689
31.0469
30.829
31.0638
31.074
30.8571
31.0562
31.04
31.3511
30.874
31.0459
30.9098
31.4159
31.148
31.5659
31.1449
30.7169
31.105
31.276
31.4169
30.8599
31.6238
31.0891
31.359
31.2042
31.445
31.3101
31.5461
30.916
31.0969
30.93
31.198
31.04
30.8719
31.1639
31.4138
31.019
30.9989
31.1842
31.342
31.358
30.8971
30.8349
31.121
30.9579
31.0972
31.3289
31.009
31.1928
31.5139
30.8149
31.1241
30.663
31.3461
31.2769
30.997
31.0249
31.2998
30.889
31.733
31.127
31.219
31.0528
30.853
31.085
31.1651
30.8452
31.3561
30.9989
31.7318
30.844
31.2121
30.9291
31.2622
31.008
30.822
31.0011
31.3971
31.373
30.936
31.59
31.4369
31.4429
31.5609
30.946
30.9789
31.132
31.1608
30.9391
31.0299
30.952
31.2688
31.1899
31.142
31.3189
30.9319
31.0059
31.7059
31.204
31.4281
30.9901
31.3668
30.7059
31.038
31.136
31.256
31.3549
31.3489
30.9942
31.646
31.126
31.044
31.5249
30.8862
31.1801
31.435
31.1599
31.3239
31.41
31.039
31.2419
31.4169
30.8459
30.9141
31.316
31.2328
30.9889
31.3048
30.869
31.3702
31.0321
31.1661
31.0688
31.0891
31.096
30.8521
31.1692
31.0531
30.992
31.2521
31.0612
31.374
31.4591
31.003
31.1
31.0452
31.0709
31.1191
31.3439
31.1289
30.941
30.8161
30.688
30.9019
30.9
31.1019
30.8762
30.952
31.3089
31.4269
31.93
30.9901
31.2562
30.9889
31.2619
30.7789
31.225
31.0738
31.328
30.956
31.193
31.1251
31.0471
31.352
31.7619
31.492
30.714
31.1859
31.0879
31.0371
31.6432
31.002
31.2779
31.0812
31.296
30.7832
30.7851
31.117
31.0552
31.009
31.579
30.9701
31.4112
31.0349
30.931
31.332
30.838
31.1852
31.1081
31.4231
31.316
30.8158
30.8349
31.3768
31.0819
31.0569
31.034
30.756
30.9579
30.7579
31.3818
31.1589
30.961
31.136
30.9291
30.843
31.7469
31.3568
31.301
30.8919
31.137
30.921
31.1491
31.229
31.143
31.6451
31.0009
31.158
31.147
30.8821
31.193
31.4519
31.0621
31.1592
31.4181
30.946
30.879
30.9629
30.9539
31.064
31.276
31.074
30.879
31.2641
30.802
31.008
31.1251
31.1279
30.833
31.106
31.116
31.136
30.8609
30.7269
30.8959
30.827
31.3258
30.6931
30.9811
30.7078
31.271
31.076
31.0869
30.8819
31.1029
30.8499
31.2519
31.2302
31.0521
31.2672
31.1852
31.74
31.0678
31.1949
30.8731
31.086
30.88
31.0142
31.2371
30.8871
31.3079
30.9031
31.152
31.5008
30.7329
31.3668
31.116
31.3559
31.4159
31.426
31.0309
31.57
30.9691
31.0891
31.26
30.76
31.3842
30.9579
31.055
31.013
31.5001
30.9291
31.3501
30.895
30.9968
31.2889
30.9482
31.2049
31.255
30.8571
31.2412
30.9601
31.2901
31.194
30.8712
31.4951
31.6081
31.2719
30.921
31.1072
31.0819
31.4469
31.0779
30.833
31.563
31.1441
31.3699
31.3201
31.1391
31.585
31.3089
31.086
31.3652
31.28
31.4941
31.496
31.2979
31.4269
31.1739
30.8402
31.255
30.6289
31.4629
31.2898
31.574
31.3661
31.147
31.0318
30.931
31.518
31.2989
31.369
31.4741
31.2381
31.014
31.2231
31.122
31.147
30.9589
31.1999
30.8619
31.3559
31.0769
31.0459
31.059
31.0681
31.0562
31.2099
30.972
31.368
31.5399
31.5559
31.0831
30.7808
31.1551
30.8609
30.972
31.208
31.1859
30.8518
30.9501
31.075
31.441
30.7841
31.589
31.389
31.358
31.1511
31.126
31.085
31.6322
31.024
31.029
31.1499
30.968
31.466
31.225
31.0972
30.88
31.394
31.261
31.4271
30.931
31.132
31.266
31.4109
31.3439
31.2018
30.8161
31.1201
31.4312
30.7841
31.039
30.8468
31.199
30.8418
31.004
30.988
31.3361
31.6608
30.719
30.8781
31.1358
31.2469
31.1589
31.1069
31.158
31.3671
31.0638
30.8449
31.234
30.8511
30.889
30.9169
30.9322
31.24
31.5089
31.2009
30.8599
30.9918
31.013
30.956
31.3699
31.2769
31.2171
31.3208
30.9501
31.2681
31.3251
31.467
31.033
30.865
31.471
31.5931
30.8652
31.1749
31.2119
30.7069
31.8429
30.9148
30.818
31.328
31.4481
31.4901
30.9992
30.8239
30.988
31.5452
31.544
30.8969
31.0531
30.875
30.9029
31.1339
31.0609
31.2219
31.11
31.1601
31.2531
31.3749
30.947
30.7329
31.323
31.2722
31.08
31.1379
31.3621
31.1439
31.2669
30.7491
30.7529
31.1918
30.9188
31.291
31.3551
30.6721
31.0528
31.0869
30.962
31.354
31.745
31.2929
30.8912
31.064
30.972
30.7369
31.2939
30.992
31.0261
31.615
31.3919
31.0528
31.188
31.1131
31.168
30.93
31.199
31.2479
31.0841
31.3411
31.2631
31.3418
31.1151
30.966
30.942
31.3408
31.1818
30.925
30.9331
31.5702
31.039
31.451
31.209
31.5342
30.9041
30.726
30.7541
31.1019
31.3709
31.3749
31.0709
30.8561
30.7689
31.0211
31.1432
31.3079
31.0369
31.2281
30.879
31.6429
31.3699
31.147
31.5142
30.998
30.889
31.3001
31.1131
31.0001
30.947
31.0938
31.167
31.1141
30.647
31.343
30.8292
30.762
30.6051
31.2629
30.9711
31.564
31.256
30.8292
30.9601
30.8011
31.2209
31.636
31.4419
30.673
31.2212
30.9169
30.9761
31.0612
31.049
31.3179
30.9291
31.2381
31.297
30.8712
31.198
30.9629
30.7941
31.1592
30.906
30.941
31.1441
31.0681
31.2481
31.28
31.435
31.0571
31.5051
31.0481
30.915
31.3749
31.2681
30.9589
31.4159
31.4291
30.9899
31.204
31.287
31.064
31.3101
31.1718
31.249
31.266
30.704
31.028
31.0891
31.4159
30.797
30.961
31.43
31.2421
30.875
31.667
31.2839
30.798
31.3201
30.9072
30.6351
31.2631
30.6981
31.146
30.9908
31.337
30.5181
30.8652
31.142
31.147
30.936
31.028
