36.962
31.961
31.74
31.5089
31.7259
31.045
31.028
31.3802
31.1861
31.3489
31.4138
31.477
30.9532
31.3389
31.3411
31.5051
31.425
30.89
31.435
31.4648
31.3721
31.055
31.389
31.2681
31.141
31.3649
31.3439
31.4689
31.539
31.3802
31.2049
31.522
31.333
31.1189
31.5809
31.3249
30.9689
31.466
30.8111
31.6498
31.6539
31.657
31.3621
30.776
31.5318
31.3148
31.405
31.0521
31.3139
31.1532
31.4469
31.333
31.173
31.4231
31.455
31.2431
31.3962
31.636
31.219
31.054
31.004
31.0981
31.08
31.163
31.342
31.472
31.635
30.9901
31.549
31.41
31.523
31.3649
31.3749
31.0521
31.219
31.3101
32.022
31.425
31.2119
31.2669
30.978
31.677
31.354
31.5931
31.2529
31.0369
31.142
31.1348
31.3718
31.651
31.43
31.3399
31.4641
31.4412
31.2481
31.425
31.466
31.6088
31.6701
31.4391
31.5859
31.2161
31.58
31.5311
31.1608
31.5099
31.2948
31.528
31.2972
31.415
31.194
31.347
31.239
31.708
31.625
31.431
31.3411
31.0569
31.414
31.496
31.198
31.6968
31.4691
31.5931
31.5771
31.395
30.956
31.0719
31.5711
31.034
31.1861
30.982
31.3108
31.2259
30.9842
31.086
31.3549
31.0569
31.2099
31.4181
31.399
31.167
30.7949
31.805
31.1811
31.2071
31.498
31.013
31.1711
31.7061
31.2521
31.503
31.3292
30.9591
31.827
31.2359
31.5571
31.6172
31.199
31.435
31.4069
31.126
31.354
31.7888
31.275
31.5249
31.502
31.4851
31.7938
31.6861
31.024
31.2898
31.8279
31.606
31.3962
31.379
31.4262
30.9269
31.234
30.858
31.5931
31.2049
31.3418
31.508
31.0571
31.4691
31.553
30.9649
30.854
30.823
31.3561
31.5919
31.27
31.4441
31.5001
31.5721
31.1642
31.466
31.5421
31.42
31.4348
31.276
31.543
31.3709
31.256
31.1871
31.3759
31.5051
31.3861
31.348
31.2319
31.446
31.6629
31.054
31.1499
31.5511
31.621
31.3199
31.2359
31.409
31.286
31.075
31.3871
31.3039
31.2421
31.3201
31.4782
31.4131
31.3292
31.27
30.9808
31.45
31.323
31.467
31.137
31.599
31.4891
31.5721
31.4291
31.5681
31.3129
31.2691
31.1038
31.0879
31.3799
31.8
31.4341
31.496
31.4188
31.2281
31.3599
31.6229
31.5239
31.327
31.436
31.522
31.281
31.25
31.6579
31.1608
31.625
31.06
31.635
31.4879
31.3592
31.491
31.2421
31.8022
31.3859
31.415
31.3978
31.364
31.2369
31.4329
30.9579
31.1151
31.0349
31.1871
31.2231
31.3051
31.404
31.2049
31.708
31.4109
31.3799
31.23
31.8081
31.4701
31.7659
31.132
31.43
31.611
31.3318
31.2181
31.0881
31.419
31.425
31.2541
31.0509
31.359
31.3349
31.5509
31.533
31.4419
31.285
31.1589
31.3768
31.415
31.168
31.3549
31.4031
31.167
31.0311
31.07
31.528
31.2541
31.1491
31.4929
31.0869
30.9298
31.4028
31.075
31.3249
31.003
31.26
31.1148
31.635
31.5521
31.296
31.827
31.2309
31.224
31.3652
31.378
31.1739
31.168
31.225
31.26
31.2409
31.6391
31.5671
31.7781
31.625
31.394
31.3759
30.921
31.3561
31.112
31.106
31.9202
31.178
30.9792
31.554
31.291
31.328
31.086
31.4119
31.0259
31.3501
31.584
31.431
31.3702
31.368
31.188
31.4369
31.4519
31.4231
31.1141
31.4331
31.57
31.646
31.4
31.0409
31.6739
31.4839
31.3628
31.987
31.3342
31.5909
31.795
31.2021
31.7039
31.5571
31.0359
31.6732
31.328
31.353
31.9901
31.291
31.0678
31.2159
30.9889
31.2362
31.1902
31.2409
31.2769
31.5139
31.3191
31.2359
31.3308
31.208
31.3401
31.6179
31.532
30.987
31.7218
31.0318
31.3818
31.502
31.4939
31.5871
31.456
31.2572
31.2901
31.4131
31.2221
31.6031
31.6799
31.1389
31.6799
31.636
31.204
31.224
31.0118
31.7481
31.4481
31.0819
31.332
31.271
31.1439
31.209
31.621
31.5259
30.9839
31.2269
31.6291
31.2111
31.141
31.338
31.2049
31.6811
31.4231
31.574
31.2538
31.1608
31.1239
31.271
31.4651
31.3032
31.43
31.5759
31.3482
31.2641
31.4879
31.306
31.312
31.2469
31.3601
31.513
31.7428
31.0359
31.6639
31.25
31.1451
31.1041
31.1341
31.405
31.3718
31.244
31.3909
31.3048
31.498
31.584
31.0771
31.533
30.9601
31.4929
31.3962
31.4751
31.832
31.4059
31.2512
31.3241
31.75
31.091
31.378
31.255
31.188
31.25
31.1811
31.327
31.4519
31.301
31.374
31.543
31.5721
31.323
31.3311
30.8089
31.5289
31.5471
31.2819
31.168
31.724
31.6501
30.9739
31.5778
31.532
31.6741
31.8379
31.3721
31.354
31.2269
31.518
31.431
31.069
31.0998
31.342
31.2881
31.0709
31.5571
31.183
31.507
31.384
31.1172
31.2951
30.977
31.2428
31.337
31.75
31.4162
30.9241
31.3542
31.4641
31.451
31.908
31.4231
31.4951
31.9021
30.9861
31.8751
31.2331
31.579
31.4729
31.513
31.1308
31.44
31.8041
31.3962
31.322
31.6498
31.2941
31.0509
31.059
31.2951
31.2121
31.5111
30.9529
31.7872
31.975
31.5862
31.8661
31.5011
31.3439
31.2271
31.4751
31.3702
31.4729
31.0519
31.534
31.2929
31.2221
31.446
31.0709
31.6191
31.1229
31.435
31.3449
31.2359
31.1711
31.384
31.3699
31.431
31.6339
31.5459
31.0428
31.5819
31.2939
31.6439
31.0569
31.4989
31.6949
30.8099
31.3158
31.9939
31.517
31.2181
31.481
31.3199
31.7149
31.1818
31.4219
31.3029
31.137
31.276
31.3919
31.6639
31.2209
31.05
31.332
31.1878
31.4031
31.692
31.2178
31.327
31.8182
31.5881
31.4131
30.931
31.5571
31.7049
31.2769
31.4848
31.785
31.2841
31.44
31.3869
31.2939
31.239
30.875
31.6451
31.2641
31.2262
31.4791
31.286
31.208
31.5549
31.2181
31.2281
31.4751
31.2369
31.626
31.4319
31.117
31.276
31.5881
31.3289
31.43
31.0621
31.667
31.2119
31.8921
31.1821
31.6541
31.3351
31.934
31.0969
31.148
31.605
31.1801
31.2951
31.5142
31.3981
31.4481
31.1081
31.353
31.23
31.6751
31.5001
31.6141
31.523
31.404
31.6162
31.2891
31.1501
31.404
31.3811
31.2831
31.5571
31.3332
31.7478
31.5859
31.1019
31.822
31.4689
31.5409
31.5509
31.3709
31.6291
31.333
31.27
31.2591
31.306
31.3649
31.1069
31.507
31.3349
31.5039
31.2891
31.1861
31.584
30.9651
31.265
31.173
31.3869
31.3909
31.671
31.096
31.3032
31.27
31.2262
31.5139
31.2889
31.507
31.039
31.2259
31.8038
31.357
31.306
31.0762
31.4951
31.3671
31.409
31.595
31.0841
31.5042
31.4741
31.352
31.131
31.348
31.667
30.8518
30.8599
31.225
30.992
31.435
31.332
31.76
31.4639
30.9761
31.3981
31.46
31.563
31.61
31.337
31.307
31.431
31.467
31.2362
31.0781
31.4679
31.4009
31.395
31.265
31.271
31.532
31.2769
31.25
31.436
31.8301
31.5461
31.2271
31.101
31.2459
31.203
31.5831
31.502
31.5151
31.6069
31.3709
31.322
31.5249
31.172
31.6479
31.3771
30.915
31.285
31.4212
31.244
31.75
31.43
31.2409
31.6138
31.445
31.2791
31.42
31.337
31.3141
31.142
31.0619
31.2259
31.3182
31.1761
31.394
31.4221
31.455
30.9842
31.1141
31.338
31.4331
31.2819
31.3678
31.487
31.1148
31.363
31.3022
31.5471
31.692
31.6188
31.4791
31.1451
31.2431
31.4078
31.894
31.7309
31.4288
31.2059
31.1909
31.59
31.045
31.091
31.0602
31.1921
31.337
31.4801
31.589
31.3289
31.5678
31.5831
31.467
31.045
31.3861
31.3611
31.7471
31.1911
31.6401
31.215
31.147
30.983
31.3749
31.2939
31.3802
31.059
31.2898
31.306
31.3301
31.8971
31.487
31.8799
30.998
31.3971
31.625
31.2629
31.086
31.1401
31.477
31.858
31.3361
31.7371
31.2231
31.25
31.523
31.687
31.378
31.7221
31.2309
31.3301
31.4281
31.069
30.9088
31.5969
31.194
31.3301
31.3101
31.26
31.311
30.755
31.249
31.3339
31.5809
31.2371
31.7762
31.013
31.5192
31.2309
31.369
31.3931
31.8589
31.327
31.8151
31.204
31.075
31.3401
31.4121
31.4691
31.497
31.827
31.183
31.302
31.3551
31.054
31.24
31.5709
31.3349
31.0531
31.5161
31.1432
31.2321
30.9939
31.2121
31.2481
31.5659
31.6
31.2722
30.8349
31.3859
31.2541
31.0671
31.2672
31.3241
31.384
31.5239
31.3101
31.5201
30.8971
31.502
31.3449
31.122
31.3869
31.2588
31.359
31.4732
31.409
31.5101
31.307
31.353
31.2221
31.5931
31.2462
31.3821
30.9811
31.3039
31.039
31.4081
31.3389
31.4372
31.3389
31.2679
31.2669
31.5721
31.7161
31.5502
31.7011
31.41
31.2729
31.3208
31.713
31.1692
31.142
31.1739
31.127
31.2328
31.651
31.2932
31.311
31.0202
31.764
31.575
31.307
31.5328
31.749
31.1401
31.2371
31.3752
31.5971
31.1019
31.5199
31.3332
31.414
31.7571
31.5042
31.4181
31.3821
31.0979
31.2791
31.2512
31.3301
31.219
31.2178
31.7729
31.677
31.528
31.1389
32.1789
31.307
31.384
31.0791
31.425
31.3549
31.4331
