14.122
14.087
14.0662
14.1411
14.097
14.0991
14.097
14.08
14.0769
14.039
14.132
14.0839
14.081
14.05
14.035
14.1358
14.0779
14.0152
14.0409
14.0748
14.0839
14.1029
14.1101
14.2159
14.0851
14.0841
14.107
14.0302
14.066
14.1041
14.05
14.076
14.0359
14.1191
14.0669
14.1511
14.081
14.082
14.0121
14.082
14.087
14.153
14.1511
14.1451
14.1239
14.0638
14.02
14.0181
14.024
14.0719
14.0769
14.0729
14.071
14.2291
14.071
14.101
14.2362
14.092
14.0791
14.132
14.076
14.0841
14.0579
13.9999
14.0471
14.0779
14.01
14.25
14.0779
14.1799
14.029
14.0901
14.1091
14.061
14.184
14.0531
14.1749
14.0889
14.0722
14.2059
14.1799
14.08
14.0729
14.0951
14.1442
14.046
14.1251
14.061
14.1799
14.08
14.0781
14.092
14.0529
14.0371
14.0591
14.137
14.1342
14.1001
14.1242
14.1399
14.123
14.1041
14.046
14.034
14.0569
14.0162
14.055
14.117
14.0538
14.015
14.0421
14.1249
14.0939
14.096
14.086
14.0691
14.0409
14.05
14.0531
14.051
14.081
14.21
14.034
14.189
14.051
14.0522
14.1621
14.046
14.112
13.9599
14.0491
14.1768
14.0469
14.081
14.0591
14.0841
14.076
13.974
14.0829
14.0941
14.1311
14.2212
14.261
14.075
14.0901
14.0152
14.1351
14.21
14.08
14.1819
14.0412
14.0309
14.0581
14.1232
14.0378
14.0429
14.1029
14.107
14.0669
14.102
14.2579
14.0951
14.169
14.0879
14.055
14.081
14.1749
14.065
14.0409
14.1551
14.0381
14.0641
14.0522
13.979
14.0991
14.2021
14.1261
14.1661
14.2591
14.0569
14.1201
14.0672
14.004
14.0481
14.0631
14.0569
14.0769
14.0672
14.102
14.034
14.0071
14.0271
14.0212
14.0541
14.0932
14.0431
14.0769
14.0331
14.086
14.1151
14.241
14.045
14.0738
14.0638
14.1819
14.045
14.046
14.0421
14.0491
14.061
14.082
14.0641
14.086
13.9971
14.2081
14.066
14.0831
14.0531
14.1919
14.0429
14.0581
14.0779
14.1139
14.039
14.1542
14.173
14.106
14.199
14.174
14.241
14.0839
14.0738
14.1668
14.0529
14.2159
14.2
14.2171
14.076
14.0121
14.0731
14.1449
14.1709
14.1001
14.0371
14.066
14.0882
14.225
14.0851
14.0939
14.08
14.2431
14.076
14.1261
14.0321
14.0421
14.0359
14.0338
14.0848
14.241
14.0879
14.075
14.07
14.154
14.045
14.0798
14.0469
14.1041
14.0131
14.1439
14.045
14.123
14.0882
14.035
14.0572
14.076
14.0581
14.0369
14.1971
14.0471
14.0059
14.1609
14.051
14.0719
14.0939
14.0662
14.07
14.2009
14.1132
14.0991
14.0419
13.9859
14.1141
13.9999
14.05
14.0409
14.0681
14.0409
14.0488
14.04
14.19
14.0359
14.06
14.01
14.0898
13.9978
13.9949
14.07
14.0331
14.0562
14.08
14.0629
14.147
14.1921
14.0221
14.0331
14.044
14.082
14.1568
14.066
14.071
14.1521
14.0638
14.0889
14.0822
14.086
14.0581
14.256
14.056
14.0791
14.087
14.0378
14.0948
14.0648
14.0538
14.0789
14.0729
14.0772
14.0738
14.0529
14.0591
14.2241
14.1151
14.055
14.0581
14.0421
14.0669
14.05
14.087
14.0941
14.0331
14.0641
14.1718
14.0209
14.0691
14.044
14.0741
14.0371
14.065
14.081
14.045
14.0698
14.1089
14.075
14.046
14.0829
14.05
14.0781
14.025
14.0381
14.03
14.1108
14.0839
14.2348
14.153
14.0681
14.0409
14.0359
13.9918
14.07
13.9949
14.02
14.0738
14.0479
14.004
14.0629
14.02
14.0541
14.045
14.1711
14.075
14.1101
14.0929
14.1351
14.1809
14.055
14.0359
14.2
14.2219
14.087
13.9842
14.0159
14.051
14.092
14.1459
14.137
14.1931
14.1029
14.081
14.04
14.185
14.0641
14.0841
14.0679
14.0769
14.1401
14.075
14.0591
14.0381
14.004
14.0641
14.034
14.05
14.0338
14.082
14.082
14.082
14.101
14.082
14.204
14.1799
14.0698
14.199
14.04
14.044
14.0421
14.0541
14.0769
13.988
14.06
14.1299
14.045
14.1022
14.0719
14.0831
14.1001
14.2009
14.0572
13.994
14.0049
14.0951
14.2071
14.046
14.034
14.0631
14.1351
14.0419
14.163
14.1149
14.0951
14.0769
14.0879
14.101
14.097
14.1051
14.081
14.0972
14.102
14.1699
14.0789
14.0309
14.065
14.034
14.0769
14.1909
14.0429
14.0579
14.183
14.0772
14.01
14.1928
14.102
14.0839
14.0948
14.06
14.102
14.137
14.0522
14.102
14.0321
14.2109
14.0698
14.0669
14.2059
14.0569
14.0929
14.0412
14.0939
14.1132
14.2069
14.106
14.123
14.0991
14.1289
13.9592
14.0531
14.154
14.035
14.0388
14.219
14.044
14.1089
14.2078
14.158
14.1098
14.0319
14.106
14.2341
14.148
14.0831
14.2429
14.0569
14.1451
14.0719
14.1618
14.1509
14.2059
13.9751
14.0469
14.039
14.1568
14.184
14.215
14.1549
14.1809
14.034
14.082
14.076
14.1201
14.06
14.0669
14.0939
14.127
14.096
14.0698
14.0789
14.0369
14.055
14.0471
14.0941
14.0638
14.06
14.219
14.0409
14.07
14.1819
14.116
14.0872
14.1969
14.055
14.1048
14.0529
14.06
14.1971
14.1361
14.1001
14.1251
14.1089
14.046
14.0231
14.056
14.0829
14.06
14.1559
14.0312
14.0381
14.118
14.0631
14.046
14.0579
14.035
14.173
14.066
14.0359
14.1542
14.1869
14.0898
14.0979
14.0491
14.0581
14.08
14.0851
14.164
14.0979
14.075
14.1039
14.0789
14.1048
14.1602
14.08
14.019
14.215
14.0679
14.0212
14.112
14.035
14.128
14.05
14.039
14.1921
13.993
14.0669
14.0541
14.071
14.148
14.1718
14.0729
14.219
14.004
14.081
14.1811
14.1819
14.019
14.0619
14.0748
13.9759
14.0319
14.045
14.1802
14.142
14.1001
14.0929
14.1261
14.112
14.2581
14.081
14.1141
14.195
14.2071
14.0369
14.0729
14.0622
14.04
14.03
14.0848
14.0231
14.163
14.0889
14.0889
14.1521
14.08
14.101
14.1139
14.0889
14.1709
14.075
14.1881
14.055
14.1089
13.994
14.132
14.1559
14.1041
14.1351
14.1211
14.0591
14.0409
14.1518
14.1902
14.0769
14.0471
14.0409
14.071
14.0529
14.0378
14.0889
14.1411
14.2431
14.101
14.0491
14.132
14.086
14.0469
14.0471
14.1959
14.05
14.154
14.0378
14.1001
14.1311
14.1501
14.1411
14.0541
14.0212
14.2901
14.2689
14.0519
14.1962
14.164
14.2021
14.1461
14.0831
14.029
14.132
14.122
14.2159
14.0932
14.1549
14.071
14.0691
14.147
14.0231
14.051
14.2319
14.1032
14.1821
14.039
14.1912
14.117
14.138
14.1008
14.137
14.102
14.051
14.082
14.03
14.0948
14.0212
14.03
14.2012
14.0281
14.075
14.241
14.184
14.0989
14.0672
14.1361
14.0259
14.096
14.0612
14.05
13.9711
14.091
14.1511
14.214
14.21
14.092
14.0841
14.071
14.025
14.081
14.066
13.9999
14.123
14.0738
14.0688
14.142
14.044
14.0851
14.0891
14.1549
14.0018
14.008
14.0698
14.096
14.0638
14.101
14.0049
14.081
14.008
14.0178
14.087
13.998
14.1399
14.0572
14.0541
14.132
14.1041
14.1051
14.075
14.0672
14.2438
14.122
14.061
14.055
14.0488
14.2
14.1599
14.004
14.0519
14.1509
14.0469
14.056
14.0629
14.0491
13.9551
14.1001
14.1921
14.1261
14.091
14.097
14.235
14.0769
14.0691
14.1959
14.087
14.0409
14.23
14.101
14.147
14.0209
14.2772
14.0469
14.111
14.111
14.056
14.0829
14.034
13.9508
14.0319
14.0851
14.0991
14.173
14.056
14.0979
14.1881
13.9861
14.184
14.1871
14.056
14.082
14.0259
14.1652
14.04
14.05
14.1919
14.159
14.0021
14.0731
14.0719
14.0641
14.061
14.0259
14.066
14.0619
14.034
14.097
14.01
14.1079
14.097
14.0631
14.0929
13.9959
14.122
14.0421
14.169
14.066
14.0648
14.0879
14.071
14.019
14.0491
14.044
14.086
14.1051
14.0879
14.102
14.0779
14.0409
14.0531
14.0841
14.0841
14.086
14.1041
14.0619
14.173
14.1051
14.1501
14.0722
14.0569
14.0901
14.1621
14.1301
14.132
14.07
14.2009
14.23
14.1151
14.112
14.0359
14.179
14.1721
14.04
14.1041
14.1551
14.046
14.0648
14.0729
14.0331
14.0958
14.174
14.199
14.0951
14.03
14.1699
14.086
14.1749
13.9899
14.0531
14.0769
14.0369
14.2262
14.0409
14.0948
14.0851
14.2241
14.0531
14.0841
14.082
14.0252
14.081
14.1029
14.071
14.0331
14.1881
14.1029
14.0522
14.0851
14.147
14.1759
14.0479
14.2279
14.0371
14.112
14.075
14.025
14.0588
14.1299
14.065
14.05
14.061
14.0529
14.1902
14.0939
13.9511
14.0941
14.075
14.0829
14.2319
14.1861
14.215
14.106
14.1039
14.0018
14.0119
14.0631
14.0541
14.189
14.0889
14.08
14.0421
14.1129
14.0851
14.1151
14.0522
14.123
14.1451
14.092
14.194
14.111
14.0069
13.9709
14.0672
14.0171
14.06
14.075
14.06
14.1079
14.0529
14.0169
14.0629
14.0882
14.0851
14.1139
14.23
14.2059
14.1151
14.1921
14.1239
13.993
14.1149
14.051
14.1852
14.0479
14.0369
14.035
13.993
14.0381
14.1718
14.1039
14.0481
