13.552
13.5031
13.526
13.4919
13.4869
13.4461
13.4711
13.483
13.515
13.495
13.494
13.509
13.494
13.494
13.5119
13.4981
13.4902
13.5231
13.5331
13.4699
13.515
13.5231
13.5159
13.546
13.5019
13.53
13.4661
13.4909
13.49
13.5031
13.4571
13.4902
13.489
13.4771
13.5291
13.495
13.52
13.5288
13.5019
13.5069
13.5031
13.5159
13.5291
13.474
13.5331
13.5171
13.5159
13.4549
13.5131
13.4768
13.515
13.5031
13.51
13.4921
13.4861
13.4971
13.454
13.454
13.4511
13.5019
13.5229
13.4809
13.4671
13.4652
13.5019
13.514
13.5391
13.53
13.5221
13.4652
13.535
13.49
13.449
13.479
13.4649
13.4621
13.4981
13.5291
13.504
13.5469
13.4649
13.458
13.5131
13.49
13.535
13.4981
13.4962
13.504
13.4871
13.51
13.4959
13.5
13.4809
13.4962
13.4561
13.484
13.5138
13.53
13.509
13.5071
13.495
13.5291
13.5219
13.5069
13.5219
13.4592
13.505
13.4881
13.5121
13.484
13.51
13.5
13.4931
13.5078
13.525
13.4909
13.464
13.51
13.4861
13.5272
13.5391
13.4599
13.5119
13.4971
13.463
13.4881
13.494
13.5291
13.485
13.4971
13.5181
13.4921
13.4859
13.515
13.4158
13.478
13.4971
13.526
13.4861
13.551
13.4981
13.484
13.4809
13.447
13.53
13.4618
13.5009
13.484
13.478
13.4559
13.541
13.5272
13.54
13.463
13.536
13.5241
13.5062
13.5281
13.4912
13.4521
13.4501
13.5
13.4511
13.5212
13.4759
13.49
13.499
13.4869
13.5169
13.505
13.5
13.5231
13.515
13.5128
13.4928
13.5031
13.4871
13.4799
13.4919
13.521
13.4389
13.433
13.5169
13.4749
13.525
13.4141
13.49
13.469
13.51
13.4668
13.5171
13.4861
13.5319
13.5269
13.483
13.515
13.4571
13.5021
13.5009
13.5419
13.5372
13.4919
13.485
13.4749
13.4571
13.5031
13.5121
13.53
13.4671
13.4709
13.509
13.4931
13.464
13.526
13.526
13.484
13.5028
13.4919
13.4759
13.5348
13.4799
13.509
13.4871
13.447
13.4962
13.4711
13.505
13.526
13.5279
13.5059
13.4501
13.5119
13.4859
13.5012
13.536
13.52
13.5498
13.5109
13.505
13.4649
13.4971
13.509
13.5338
13.4978
13.4518
13.4881
13.521
13.4881
13.4649
13.485
13.484
13.469
13.5431
13.5469
13.4959
13.5
13.4871
13.479
13.53
13.514
13.5832
13.5181
13.5391
13.5169
13.4609
13.438
13.489
13.5262
13.479
13.5241
13.5422
13.468
13.4671
13.515
13.474
13.5231
13.4959
13.509
13.4869
13.4799
13.4912
13.546
13.458
13.4768
13.5419
13.4809
13.4909
13.5071
13.495
13.5241
13.499
13.4811
13.4909
13.4881
13.495
13.5341
13.4451
13.4461
13.4859
13.433
13.464
13.4759
13.4592
13.499
13.5031
13.485
13.4768
13.473
13.463
13.489
13.5219
13.4671
13.4761
13.4661
13.4799
13.4509
13.5169
13.499
13.51
13.5281
13.4749
13.4749
13.4811
13.551
13.448
13.5229
13.4449
13.5422
13.55
13.4711
13.5109
13.5031
13.5221
13.504
13.447
13.4811
13.494
13.479
13.4869
13.458
13.5169
13.505
13.515
13.4511
13.5212
13.4618
13.489
13.5009
13.5028
13.4408
13.5229
13.5031
13.4742
13.4981
13.463
13.483
13.4962
13.494
13.483
13.4811
13.5009
13.4802
13.4809
13.5112
13.4759
13.562
13.4799
13.4561
13.526
13.5388
13.468
13.449
13.4871
13.49
13.4909
13.5272
13.4521
13.5131
13.4652
13.5219
13.5071
13.51
13.5181
13.4611
13.499
13.5071
13.52
13.4909
13.484
13.4959
13.484
13.4749
13.4761
13.5181
13.5009
13.4828
13.5229
13.5312
13.4759
13.4661
13.494
13.4611
13.4521
13.499
13.5071
13.52
13.5221
13.4411
13.448
13.509
13.51
13.5019
13.514
13.5071
13.4749
13.4659
13.505
13.4609
13.4289
13.4761
13.4799
13.531
13.4821
13.484
13.463
13.504
13.5291
13.5059
13.4699
13.494
13.5021
13.52
13.5298
13.4978
13.4659
13.4652
13.4709
13.4919
13.463
13.5319
13.4611
13.4962
13.4931
13.5169
13.5009
13.525
13.469
13.5179
13.463
13.494
13.4871
13.5128
13.5131
13.4821
13.4799
13.4959
13.4778
13.49
13.4089
13.4809
13.525
13.4909
13.454
13.4869
13.4861
13.5241
13.4912
13.5069
13.4721
13.5291
13.4828
13.494
13.4919
13.479
13.5269
13.5088
13.4881
13.4599
13.505
13.4768
13.478
13.432
13.4909
13.473
13.483
13.4501
13.473
13.5069
13.499
13.5159
13.4661
13.515
13.489
13.5491
13.5291
13.5021
13.4859
13.468
13.5131
13.4761
13.5021
13.4909
13.5169
13.4811
13.5391
13.4699
13.483
13.5028
13.5109
13.4561
13.4821
13.4509
13.4859
13.5
13.5219
13.4621
13.5012
13.5331
13.474
13.4759
13.5081
13.495
13.509
13.4821
13.505
13.4921
13.4439
13.5
13.4621
13.485
13.4852
13.514
13.5269
13.4652
13.483
13.5109
13.4869
13.5131
13.447
13.4821
13.53
13.51
13.4859
13.5331
13.53
13.449
13.4959
13.5219
13.561
13.489
13.5109
13.505
13.5162
13.478
13.4859
13.556
13.4521
13.4661
13.5241
13.5131
13.49
13.5181
13.484
13.4828
13.4799
13.5221
13.4859
13.4339
13.4761
13.5291
13.4399
13.5171
13.5159
13.5128
13.4461
13.484
13.4878
13.4809
13.4711
13.479
13.4912
13.4699
13.4859
13.499
13.5238
13.5188
13.4649
13.494
13.5019
13.5281
13.4602
13.4721
13.49
13.489
13.5031
13.5031
13.5031
13.5
13.495
13.5279
13.494
13.5181
13.4799
13.4799
13.5279
13.4251
13.479
13.5012
13.5128
13.514
13.484
13.4981
13.5171
13.546
13.5121
13.454
13.4461
13.4921
13.495
13.5012
13.5441
13.5229
13.468
13.504
13.4699
13.5159
13.5159
13.49
13.541
13.4859
13.515
13.52
13.4718
13.484
13.5109
13.51
13.519
13.52
13.499
13.473
13.494
13.4859
13.515
13.5319
13.4809
13.4871
13.541
13.494
13.5031
13.479
13.49
13.4912
13.5159
13.4912
13.4962
13.4449
13.5009
13.4771
13.505
13.521
13.5
13.5341
13.5009
13.5338
13.4642
13.4759
13.4931
13.509
13.4861
13.5231
13.5
13.473
13.5181
13.5059
13.5028
13.5109
13.4871
13.5169
13.489
13.5269
13.495
13.49
13.4921
13.4711
13.4809
13.4611
13.5
13.494
13.5379
13.5131
13.509
13.484
13.489
13.5019
13.531
13.4711
13.5159
13.519
13.504
13.519
13.5171
13.5031
13.479
13.4752
13.5028
13.531
13.51
13.4718
13.5119
13.4642
13.5179
13.473
13.478
13.4609
13.4859
13.4742
13.4559
13.5131
13.494
13.4399
13.505
13.469
13.521
13.5019
13.4952
13.4821
13.4971
13.4499
13.4931
13.5112
13.526
13.473
13.5121
13.5319
13.4931
13.4649
13.505
13.4981
13.505
13.4809
13.4571
13.4771
13.5062
13.556
13.478
13.5
13.4649
13.4881
13.459
13.5088
13.521
13.51
13.5012
13.4449
13.4969
13.5212
13.499
13.4811
13.52
13.5021
13.535
13.4749
13.485
13.474
13.504
13.504
13.52
13.4981
13.484
13.4971
13.5
13.499
13.5272
13.4981
13.4909
13.4759
13.4802
13.546
13.504
13.5481
13.5329
13.495
13.504
13.5031
13.505
13.4861
13.4699
13.448
13.4799
13.4771
13.484
13.5212
13.485
13.4699
13.4869
13.4392
13.4699
13.4809
13.494
13.4308
13.5119
13.4752
13.454
13.4752
13.545
13.4909
13.4699
13.5171
13.514
13.514
13.4912
13.5
13.4881
13.474
13.4909
13.489
13.4981
13.499
13.4592
13.484
13.473
13.5059
13.505
13.4749
13.4799
13.406
13.541
13.4699
13.4449
13.468
13.5102
13.478
13.4649
13.478
13.4962
13.458
13.5119
13.4819
13.4962
13.4759
13.5138
13.469
13.4759
13.5319
13.5131
13.5281
13.5219
13.4871
13.5
13.5009
13.4649
13.4778
13.4909
13.515
13.5348
13.4928
13.5338
13.454
13.509
13.5181
13.4971
13.5159
13.49
13.4649
13.4709
13.459
13.4959
13.4521
13.4931
13.499
13.5138
13.505
13.4451
13.4459
13.4919
13.5281
13.4749
13.5059
13.5281
13.5279
13.5078
13.4988
13.5338
13.4969
13.469
13.4799
13.5059
13.505
13.5021
13.463
13.5031
13.4749
13.4771
13.489
13.505
13.5119
13.504
13.4678
13.484
13.494
13.479
13.4709
13.4661
13.459
13.53
13.484
13.49
13.515
13.4659
13.448
13.4921
13.479
13.5112
13.473
13.4919
13.5109
13.4749
13.4511
13.4642
13.489
13.5369
13.4521
13.468
13.514
13.5128
13.5219
13.4511
13.5009
13.5078
13.505
13.509
13.4649
13.504
13.489
13.541
13.494
13.4561
13.4981
13.5071
13.4981
13.454
13.51
13.449
13.515
13.505
13.4959
13.4881
13.5019
13.459
13.4928
13.4981
13.505
13.454
13.473
13.504
13.494
13.484
13.4761
13.499
13.49
13.4759
13.519
13.4451
13.5279
13.4938
13.468
13.5131
13.5269
13.5102
13.504
13.515
13.483
13.505
13.4611
13.546
13.5109
13.4921
13.509
13.519
13.5012
13.4361
13.468
13.531
13.5071
13.514
13.53
13.4931
13.4051
13.4969
13.4611
13.494
13.4711
13.4978
13.5069
13.5272
13.505
13.4721
13.4649
13.5028
13.5188
