9.82904
9.84192
9.82809
9.82499
9.82499
9.81808
9.8331
9.83
9.82809
9.83906
9.83
9.83
9.82714
9.81998
9.82499
9.8331
9.83787
9.83882
9.82904
9.84097
9.82404
9.82714
9.84001
9.84097
9.84979
9.83405
9.8362
9.84311
9.85003
9.83286
9.82594
9.82809
9.82499
9.84097
9.84097
9.83715
9.82499
9.83
9.82881
9.84716
9.8381
9.84812
9.8331
9.84502
9.82499
9.81593
9.83691
9.83691
9.83119
9.8331
9.84192
9.84192
9.82618
9.82714
9.84192
9.8381
9.83214
9.83596
9.84907
9.8381
9.82094
9.81903
9.84406
9.83405
9.835
9.82785
9.84502
9.85098
9.83381
9.835
9.82404
9.82881
9.83691
9.81903
9.83214
9.83
9.83405
9.84097
9.81998
9.8238
9.83596
9.82904
9.83191
9.835
9.82809
9.84216
9.84097
9.82881
9.83
9.82809
9.84311
9.82881
9.8331
9.84406
9.84192
9.83691
9.82094
9.83691
9.82213
9.83596
9.84097
9.84383
9.82404
9.81212
9.81903
9.82308
9.81998
9.83191
9.83095
9.83715
9.82714
9.835
9.82308
9.8381
9.82094
9.84001
9.81402
9.83191
9.85003
9.83596
9.83095
9.82809
9.81998
9.81092
9.83787
9.82499
9.81522
9.84812
9.81903
9.81998
9.8381
9.83
9.8629
9.81784
9.83906
9.82022
9.82094
9.83286
9.83095
9.83405
9.84502
9.83214
9.84597
9.84192
9.83596
9.83
9.82594
9.81688
9.81998
9.83882
9.83405
9.83906
9.82499
9.83715
9.83
9.83405
9.84812
9.82094
9.82594
9.84097
9.84383
9.83095
9.835
9.835
9.8381
9.82904
9.83596
9.83286
9.81593
9.82904
9.82594
9.83596
9.82499
9.82404
9.83
9.83405
9.81998
9.82285
9.83787
9.81998
9.83286
9.81498
9.83
9.82308
9.84788
9.82881
9.82189
9.81402
9.83596
9.82594
9.84001
9.83691
9.82809
9.83691
9.82594
9.84693
9.8269
9.8381
9.81617
9.82809
9.82904
9.84788
9.84311
9.84502
9.82404
9.82594
9.82785
9.83596
9.83095
9.81808
9.83214
9.82499
9.81784
9.83286
9.83405
9.83191
9.83787
9.8269
9.83286
9.83286
9.81998
9.84478
9.84287
9.82499
9.81808
9.83906
9.83286
9.83906
9.85312
9.83787
9.81617
9.82404
9.82785
9.84216
9.8331
9.84097
9.82308
9.8381
9.84001
9.84097
9.84693
9.84001
9.84192
9.82213
9.82094
9.835
9.82594
9.84597
9.8331
9.83
9.82881
9.84001
9.8412
9.835
9.83191
9.81879
9.83691
9.84597
9.82404
9.84097
9.83596
9.82308
9.82308
9.84097
9.84788
9.81617
9.82094
9.82189
9.82499
9.83095
9.83405
9.83095
9.83596
9.82404
9.83
9.82904
9.82499
9.8269
9.82594
9.82785
9.84001
9.82809
9.83691
9.83596
9.84192
9.81498
9.84311
9.84693
9.80902
9.82404
9.83381
9.83596
9.8269
9.81498
9.82499
9.82404
9.81998
9.8331
9.81712
9.83214
9.83715
9.84311
9.84192
9.8269
9.82594
9.82404
9.83405
9.85003
9.82499
9.82094
9.82499
9.84311
9.84478
9.8381
9.8362
9.82904
9.84597
9.82904
9.82809
9.84502
9.83906
9.82809
9.84406
9.83906
9.83214
9.82499
9.82809
9.83095
9.81784
9.81903
9.84311
9.83906
9.83596
9.83787
9.84406
9.84907
9.83214
9.84287
9.83906
9.85312
9.83596
9.8331
9.82499
9.83906
9.83596
9.83
9.84693
9.81903
9.82904
9.83906
9.83
9.83095
9.8269
9.83095
9.8381
9.84693
9.82094
9.84192
9.81998
9.82308
9.82904
9.8269
9.85217
9.83596
9.83
9.81808
9.82308
9.8362
9.84383
9.84621
9.82094
9.82785
9.81498
9.83405
9.83405
9.83
9.83787
9.83286
9.83095
9.83095
9.81593
9.8269
9.83095
9.82594
9.83214
9.84716
9.83
9.82809
9.83191
9.84287
9.82904
9.84097
9.83596
9.84192
9.81998
9.82118
9.83191
9.84406
9.83405
9.82881
9.84001
9.82308
9.83405
9.84693
9.83024
9.82809
9.83405
9.81307
9.82094
9.83
9.82189
9.82809
9.83691
9.84597
9.82904
9.82523
9.83405
9.83691
9.8269
9.82881
9.84597
9.8331
9.83095
9.82904
9.8269
9.80806
9.83405
9.84502
9.81903
9.84287
9.82308
9.82189
9.80592
9.82714
9.84907
9.82904
9.83596
9.81879
9.82404
9.82809
9.84406
9.83191
9.83405
9.83596
9.84502
9.82308
9.83405
9.84788
9.83
9.84502
9.83
9.81998
9.8381
9.84502
9.83191
9.835
9.83
9.82785
9.81593
9.84311
9.83882
9.83691
9.8362
9.83
9.82404
9.84097
9.83787
9.81498
9.83
9.83787
9.84502
9.83787
9.81688
9.84192
9.8269
9.81498
9.83214
9.82618
9.82499
9.82308
9.8362
9.83596
9.84716
9.83477
9.81188
9.84597
9.83715
9.83715
9.8381
9.84001
9.83596
9.82499
9.8269
9.84097
9.83405
9.84287
9.8269
9.83596
9.81688
9.84287
