44.0581
41.4991
41.559
41.611
41.527
41.569
41.496
41.5711
41.486
41.5621
41.491
41.5599
41.4891
41.5478
41.486
41.5609
41.605
41.5251
41.5962
41.5099
41.574
41.491
41.5661
41.4729
41.549
41.4779
41.554
41.4751
41.538
41.6088
41.5301
41.5912
41.4922
41.5769
41.502
41.558
41.5111
41.558
41.476
41.5452
41.482
41.5521
41.5971
41.507
41.6
41.5289
41.584
41.4889
41.563
41.491
41.5649
41.6172
41.5421
41.616
41.5211
41.584
41.487
41.559
41.4801
41.554
41.4789
41.544
41.6112
41.518
41.58
41.5311
41.5728
41.501
41.5599
41.4879
41.5628
41.4841
41.5511
41.6131
41.5292
41.6059
41.518
41.589
41.4891
41.5668
41.4889
41.563
41.611
41.5401
41.6009
41.513
41.5769
41.496
41.564
41.4801
41.533
41.472
41.5521
41.611
41.5192
41.5881
41.5032
41.5821
41.501
41.5819
41.4932
41.5561
41.4841
41.559
41.626
41.522
41.6
41.5118
41.5671
41.5101
41.573
41.497
41.5652
41.625
41.5411
41.6031
41.5311
41.573
41.501
41.5621
41.491
41.5549
41.6021
41.537
41.5781
41.528
41.5671
41.496
41.563
41.4982
41.564
41.61
41.5268
41.5881
41.5161
41.59
41.5101
41.5642
41.477
41.5461
41.472
41.5611
41.631
41.5311
41.5869
41.5118
41.573
41.5082
41.5621
41.508
41.568
41.6169
41.543
41.6019
41.517
41.5821
41.4929
41.5759
41.621
41.5311
41.5831
41.5061
41.5819
41.5008
41.5709
41.4891
41.5661
41.501
41.5628
41.626
41.5502
41.5931
41.518
41.595
41.4989
41.558
41.62
41.537
41.615
41.5292
41.585
41.523
41.5702
41.631
41.5621
41.6069
41.5289
41.5862
41.513
41.5821
41.64
41.5599
41.6071
41.5142
41.5852
41.4979
41.573
41.6141
41.5528
41.6191
41.5261
41.5969
41.497
41.5618
41.6141
41.5339
41.5969
41.523
41.59
41.513
41.5881
41.6369
41.5401
41.615
41.5251
41.579
41.502
41.559
41.6338
41.548
41.6219
41.5251
41.585
41.4948
41.5699
41.621
41.544
41.604
41.5111
41.5921
41.5092
41.58
41.6269
41.537
41.6031
41.5041
41.5962
41.528
41.5881
41.6191
41.5521
41.5928
41.523
41.574
41.4889
41.564
41.4701
41.5609
41.482
41.553
41.6179
41.5339
41.5921
41.513
41.5709
41.5008
41.5678
41.492
41.553
41.6141
41.5602
41.61
41.5158
41.594
41.503
41.5709
41.6241
41.543
41.6009
41.502
41.589
41.5049
41.5802
41.6229
41.549
41.605
41.5349
41.5881
41.4951
41.553
41.4991
41.575
41.6281
41.5401
41.6009
41.5299
41.573
41.5049
41.575
41.6172
41.5559
41.6181
41.5258
41.5981
41.503
41.5702
41.6338
41.5509
41.605
41.5399
41.5771
41.5232
41.5831
41.6441
41.5509
41.611
41.5211
41.5921
41.6398
41.548
41.6229
41.518
41.6031
41.5349
41.564
41.626
41.5559
41.6059
41.5218
41.585
41.522
41.5609
41.6281
41.533
41.61
41.512
41.563
41.508
41.5652
41.625
41.5621
41.6059
41.5151
41.5931
41.4991
41.569
41.615
41.5361
41.6188
41.553
41.6069
41.4929
41.5668
41.6231
41.549
41.6229
41.5399
41.59
41.5101
41.5661
41.6231
41.544
41.616
41.5471
41.5761
41.508
41.58
41.625
41.5668
41.604
41.528
41.5928
41.647
41.5659
41.615
41.5282
41.604
41.523
41.574
41.631
41.5452
41.6031
41.508
41.5859
41.5101
41.5728
41.6441
41.5499
41.605
41.5349
41.574
41.4989
41.5709
41.62
41.543
41.5988
41.5189
41.5981
41.517
41.5711
41.626
41.5468
41.6079
41.5449
41.6019
41.6391
41.5561
41.6269
41.5199
41.599
41.6491
41.5671
41.615
41.5258
41.604
41.527
41.59
41.6379
41.5559
41.609
41.5292
41.5871
41.635
41.549
41.6279
41.5349
41.5909
41.5089
41.568
41.6269
41.5571
41.604
41.532
41.5919
41.6429
41.543
41.6172
41.5361
41.5881
41.502
41.574
41.641
41.559
41.616
41.5468
41.6062
41.7221
41.548
41.615
41.533
41.5881
41.6319
41.564
41.6141
41.5349
41.6031
41.6391
41.573
41.626
41.5349
41.5831
41.6591
41.554
41.626
41.5478
41.594
41.5139
41.5642
41.6441
41.569
41.6231
41.5201
41.5921
41.6479
41.548
41.6229
41.527
41.5971
41.6491
41.5571
41.6138
41.5289
41.6069
41.5058
41.575
41.6331
41.5449
41.6112
41.5289
41.5771
41.513
41.568
41.631
41.543
41.6219
41.517
41.6081
41.6448
41.5671
41.609
41.544
41.6071
41.5161
41.568
41.6281
41.5292
41.609
41.5409
41.6131
41.6579
41.5659
41.625
41.543
41.595
41.657
41.5668
41.626
41.5392
41.595
41.641
41.574
41.636
41.548
41.611
41.652
41.5649
41.6248
41.5421
41.5871
41.6441
41.554
41.61
41.5399
41.5959
41.6322
41.553
41.6241
41.5401
41.6019
41.6498
41.5771
41.625
41.5459
41.5802
41.6491
41.569
41.6129
41.5549
41.5878
41.5339
41.5859
41.6319
41.564
41.5978
41.5449
41.5809
41.646
41.5509
41.6059
41.518
41.5988
41.6501
41.5561
41.6222
41.5351
41.6081
41.733
41.564
41.63
41.528
41.599
41.636
41.5559
41.6071
41.5232
41.5962
41.662
41.574
41.636
41.544
41.6038
41.6532
41.5511
41.6329
41.5201
41.58
41.6451
41.563
41.625
41.563
41.5931
41.6539
41.5769
41.6329
41.548
41.5869
41.666
41.573
41.6169
41.537
41.5959
41.6441
41.554
41.6169
41.522
41.574
41.5211
41.5869
41.642
41.5671
41.62
41.539
41.5812
41.6291
41.5602
41.6191
41.528
41.5969
41.647
41.5709
41.6341
41.5308
41.5921
41.6601
41.5702
41.621
41.539
41.6069
41.6429
41.5599
41.6212
41.543
41.5981
41.6641
41.5831
41.6238
41.527
41.61
41.5039
41.579
41.646
41.548
41.62
41.533
41.605
41.6422
41.5668
41.6169
41.5609
41.6
41.6648
41.5571
41.615
41.532
41.6031
41.652
41.5618
41.625
41.549
41.6028
41.678
41.5728
41.6601
41.6811
41.579
41.625
41.5421
41.609
41.6589
41.5721
41.6272
41.5521
41.6009
41.5232
41.4419
41.5351
41.435
41.5108
41.45
41.5339
41.466
41.5268
41.4581
41.5111
41.4619
41.5311
41.4932
41.527
41.4569
41.599
41.4691
41.5289
41.4481
41.5151
41.4641
41.522
41.435
41.5049
41.46
41.532
41.4541
41.522
41.4569
41.5292
41.4381
41.4052
41.4679
41.4138
41.4958
41.4419
41.4951
41.425
41.4991
41.445
41.508
41.451
41.5108
41.4369
41.5139
41.4259
41.389
41.4822
41.4009
41.4999
41.436
41.496
41.4469
41.5099
41.451
41.5092
41.445
41.5101
41.455
41.5299
41.461
41.5301
41.4572
41.5571
41.451
41.5318
41.4522
41.532
41.4531
41.5001
41.441
41.3768
41.4641
41.4078
41.4779
41.4178
41.4999
41.42
41.507
41.445
41.5061
41.445
41.3899
41.466
41.4088
41.4939
41.429
41.5039
41.456
41.5092
41.44
41.5192
41.456
41.5251
41.446
41.5308
41.4479
41.532
41.45
41.5199
41.476
41.549
41.45
41.5299
41.477
41.5359
41.4572
41.5149
41.456
41.522
41.451
41.512
41.466
41.5299
41.4422
41.5211
41.44
41.5199
41.465
41.41
41.466
41.4059
41.507
41.434
41.5049
41.4519
41.5211
41.4381
41.507
41.4431
41.502
41.4519
41.527
41.4751
41.5299
41.4579
41.543
41.4469
41.5189
41.4579
41.517
41.4722
41.523
41.467
41.5239
41.446
41.5308
41.4701
41.523
41.4431
41.512
41.4541
41.3868
41.477
41.4162
41.4891
41.429
41.5118
41.431
41.496
41.4491
41.507
41.4512
41.508
41.4541
41.512
41.455
41.518
41.455
41.5089
41.4498
41.4081
41.4901
41.42
41.4882
41.425
41.491
41.425
41.4989
41.4419
41.518
41.4541
41.5242
41.4381
41.518
41.4481
41.5308
41.465
41.5311
41.455
41.559
41.4619
41.5201
41.4548
41.5409
41.4629
41.5249
41.477
41.533
41.4839
41.522
41.46
41.5108
41.4479
41.522
41.4801
41.5351
41.4531
41.522
41.46
41.5359
41.481
41.5339
41.455
41.5149
41.4429
41.5339
41.455
41.5399
41.4879
41.5261
41.4639
41.538
41.466
41.5399
41.4748
41.518
41.46
41.5881
41.445
41.5249
41.456
41.533
41.472
41.5511
41.4588
41.512
41.44
41.517
41.4438
41.517
41.461
41.527
41.455
41.5349
41.461
41.538
41.4691
41.528
41.465
41.539
41.446
41.5411
41.467
41.5199
41.4569
41.5311
41.4729
41.522
41.45
41.5339
41.4701
41.543
41.4741
41.5521
41.4679
41.533
41.4889
41.5409
41.4622
41.5311
41.4569
41.532
41.46
41.5182
41.4569
41.527
41.4569
41.5421
41.4598
41.548
41.4679
41.5471
41.4531
41.5308
41.4581
41.5208
41.46
41.5061
41.4641
41.539
41.4681
41.5268
41.4422
41.5258
41.4598
41.512
41.4412
41.5199
41.4581
41.5251
41.471
41.537
41.456
41.539
41.46
41.5239
41.461
41.523
41.4481
41.5158
41.4701
41.533
41.4541
41.543
41.4591
41.5351
41.472
41.537
41.4751
41.5401
41.4689
41.543
41.471
41.5289
41.4872
41.5208
41.4529
41.5249
41.4619
41.538
41.4739
41.5399
41.4588
41.528
41.4622
