10.787
10.71
10.6771
10.6912
10.7241
10.6881
10.7009
10.7388
10.9162
10.6978
10.7141
10.6781
10.7141
10.6921
10.705
10.73
10.736
10.6649
10.7019
10.6881
10.689
10.684
10.7369
10.7319
10.704
10.7112
10.73
10.7121
10.7169
10.7
10.709
10.7141
10.7071
10.7119
10.741
10.6959
10.7422
10.705
10.673
10.716
10.7341
10.709
10.7031
10.7071
10.741
10.8972
10.71
10.6871
10.6881
10.7222
10.694
10.7231
10.7181
10.716
10.7188
10.716
10.6771
10.7031
10.6931
10.6909
10.7141
10.705
10.7
10.7
10.6938
10.725
10.6909
10.715
10.675
10.7448
10.695
10.7059
10.6959
10.7062
10.709
10.704
10.709
10.725
10.695
10.7369
10.7129
10.7331
10.7081
10.7481
10.7141
10.715
10.7088
10.6938
10.7119
10.7162
10.726
10.7069
10.716
10.73
10.716
10.6912
10.6881
10.7241
10.7191
10.7121
10.7059
10.7219
10.715
10.7288
10.711
10.7222
10.7419
10.7272
10.689
10.7281
10.7181
10.6981
10.705
10.7231
10.7281
10.694
10.7231
10.7081
10.7059
10.7059
10.705
10.694
10.684
10.7429
10.6981
10.7031
10.694
10.926
10.7059
10.6931
10.7379
10.7172
10.6969
10.7291
10.7121
10.7379
10.6928
10.7129
10.684
10.6781
10.704
10.7081
10.725
10.694
10.71
10.7088
10.6969
10.7269
10.7069
10.721
10.711
10.7241
10.7191
10.725
10.7112
10.8941
10.735
10.7059
10.705
10.6969
10.7081
10.726
10.6862
10.731
10.7212
10.6831
10.7188
10.6709
10.731
10.6809
10.7431
10.7219
10.7491
10.6809
10.6978
10.6902
10.7238
10.6909
10.695
10.7229
10.7119
10.7009
10.7188
10.7419
10.72
10.695
10.695
10.704
10.8759
10.7038
10.7291
10.7
10.709
10.7121
10.72
10.725
10.7121
10.731
10.7231
10.689
10.7331
10.731
10.721
10.7238
10.7119
10.7059
10.716
10.695
10.7238
10.6888
10.7188
10.689
10.7141
10.7429
10.6752
10.736
10.7031
10.7281
10.886
10.716
10.7019
10.6821
10.7191
10.7059
10.726
10.695
10.6728
10.7009
10.7081
10.7
10.7381
10.731
10.6869
10.7229
10.7181
10.7131
10.7021
10.689
10.741
10.71
10.7212
10.7069
10.6919
10.6952
10.6909
10.7322
10.716
10.7031
10.6981
10.7031
10.879
10.7381
10.6931
10.715
10.7059
10.752
10.7069
10.715
10.6981
10.7369
10.7191
10.695
10.7079
10.7069
10.7231
10.711
10.6821
10.7501
10.7071
10.74
10.7369
10.6871
10.705
10.7081
10.6711
10.736
10.7391
10.7069
10.7489
10.7
10.69
10.752
10.7679
10.7222
10.711
10.6838
10.7129
10.7012
10.6871
10.736
10.72
10.7121
10.7031
10.74
10.7141
10.699
10.6931
10.6931
10.7329
10.705
10.741
10.6919
10.7231
10.906
10.7098
10.7079
10.9079
10.7028
10.709
10.7191
10.71
10.715
10.7079
10.6709
10.7279
10.6931
10.7262
10.7388
10.7019
10.7179
10.7141
10.7062
10.704
10.905
10.704
10.7222
10.7
10.6959
10.69
10.6771
10.6912
10.7269
10.7012
10.6809
10.7219
10.7009
10.7269
10.7281
10.7009
10.716
10.7241
10.6649
10.7
10.6881
10.7291
10.716
10.7291
10.7191
10.7319
10.711
10.71
10.7088
10.7279
10.6761
10.689
10.7629
10.695
10.6809
10.725
10.7219
10.7131
10.7071
10.6821
10.6812
10.7079
10.705
10.716
10.8988
10.7222
10.6921
10.6981
10.7169
10.7059
10.6921
10.726
10.7231
10.6909
10.74
10.6919
10.6988
10.7179
10.7229
10.7222
10.7629
10.7231
10.6671
10.699
10.6921
10.7009
10.7028
10.7272
10.7241
10.71
10.6971
10.906
10.6919
10.74
10.7322
10.747
10.674
10.699
10.7069
10.7121
10.684
10.705
10.711
10.674
10.721
10.7062
10.711
10.7219
10.731
10.709
10.699
10.685
10.685
10.7222
10.6981
10.9138
10.6859
10.7069
10.7031
10.709
10.7012
10.7501
10.6959
10.89
10.7191
10.6909
10.7172
10.7319
10.7131
10.6921
10.6959
10.6852
10.7219
10.7291
10.6921
10.6921
10.911
10.6959
10.685
10.6769
10.7088
10.8759
10.9031
10.7269
10.7012
10.7169
10.6962
10.745
10.711
10.715
10.6771
10.6859
10.6959
10.725
10.6781
10.699
10.7172
10.699
10.715
10.7038
10.705
10.7059
10.6969
10.6962
10.709
10.679
10.735
10.6969
10.6869
10.7231
10.7141
10.7222
10.7081
10.694
10.886
10.7222
10.7269
10.9088
10.704
10.6862
10.6959
10.6909
10.725
10.6902
10.73
10.731
10.716
10.711
10.705
10.7031
10.6821
10.7372
10.74
10.74
10.7319
10.7
10.7141
10.6931
10.7219
10.705
10.726
10.6781
10.7181
10.7119
10.8788
10.7169
10.8948
10.7009
10.726
10.709
10.725
10.7009
10.6771
10.715
10.705
10.7331
10.6719
10.7219
10.7291
10.7269
10.7169
10.7031
10.6831
10.747
10.679
10.7
10.6912
10.6821
10.709
10.6931
10.716
10.7129
10.7298
10.7019
10.736
10.7238
10.7229
10.7031
10.726
10.7331
10.7229
10.7141
10.7019
10.7009
10.695
10.6671
10.72
10.716
10.709
10.725
10.689
10.7002
10.7009
10.7212
10.8669
10.715
10.7119
10.7322
10.7291
10.7441
10.68
10.7071
10.715
10.7441
10.741
10.709
10.7019
10.694
10.694
10.6909
10.7172
10.73
10.716
10.6921
10.7131
10.704
10.7489
10.7059
10.7241
10.7231
10.7019
10.6969
10.6971
10.7129
10.7129
10.68
10.664
10.6869
10.7191
10.705
10.7162
10.6931
10.709
10.7021
10.705
10.6831
10.715
10.6871
10.711
10.715
10.689
10.7012
10.7059
10.71
10.7238
10.6909
10.736
10.694
10.7081
10.7381
10.7331
10.7031
10.679
10.721
10.9179
10.7
10.7319
10.6959
10.7179
10.694
10.7019
10.716
10.704
10.9119
10.7131
10.699
10.6978
10.705
10.6781
10.7169
10.699
10.709
10.6821
10.705
10.716
10.6962
10.711
10.6611
10.751
10.7222
10.6812
10.7081
10.6819
10.7059
10.715
10.726
10.7028
10.6812
10.6761
10.7169
10.7031
10.7269
10.6828
10.7229
10.71
10.7138
10.7129
10.7238
10.6978
10.6812
10.7009
10.7
10.6969
10.746
10.7088
10.721
10.6909
10.7131
10.71
10.7222
10.72
10.7031
10.7069
10.9391
10.7059
10.7219
10.7
10.7439
10.6881
10.7021
10.7169
10.7131
10.705
10.7288
10.6988
10.7298
10.6778
10.725
10.8819
10.694
10.694
10.6919
10.6671
10.6862
10.7329
10.7372
10.716
10.6988
10.715
10.711
10.7191
10.69
10.704
10.7009
10.7381
10.704
10.6931
10.7222
10.679
10.7169
10.7312
10.725
10.695
10.694
10.71
10.7529
10.7241
10.721
10.726
10.704
10.741
10.6859
10.6971
10.694
10.7071
10.711
10.8731
10.7191
10.711
10.7129
10.694
10.7179
10.711
10.684
10.72
10.7138
10.7181
10.705
10.7021
10.7059
10.7059
10.6881
10.694
10.7112
10.709
10.721
10.705
10.6969
10.7169
10.725
10.685
10.6981
10.6981
10.7241
10.7071
10.7121
10.715
10.7291
10.7071
10.726
10.709
10.7131
10.6962
10.746
10.7191
10.7
10.6871
10.7031
10.8831
10.7119
10.69
10.6752
10.7269
10.7262
10.695
10.726
10.704
10.6919
10.6871
10.68
10.7391
10.7219
10.7129
10.7179
10.7062
10.7059
10.7269
10.7291
10.69
10.695
10.7059
10.9239
10.7002
10.6649
10.689
10.7141
10.7059
10.71
10.7212
10.7219
10.8991
10.7431
10.721
10.6938
10.6609
10.716
10.71
10.695
10.7019
10.7172
10.704
10.711
10.7141
10.699
10.7071
10.7381
10.7129
10.721
10.6709
10.715
10.7269
10.7131
10.7181
10.7191
10.7009
10.741
10.7479
10.7129
10.72
10.7
10.7169
10.6988
10.71
10.7019
10.6938
10.7238
10.7279
10.8869
10.6921
10.7119
10.7212
10.715
10.7071
10.709
10.715
10.72
10.7532
10.7081
10.7319
10.725
10.711
10.7021
10.7388
10.731
10.7028
10.6931
10.7131
10.6878
10.7279
10.7121
10.709
10.7191
10.886
10.6912
10.7179
10.71
10.7069
10.7059
10.7169
10.68
10.7
10.7419
10.7241
10.7069
10.7391
10.6859
10.7019
10.7131
10.7181
10.695
10.7162
10.72
10.716
10.7188
10.716
10.69
10.7112
10.72
10.704
10.695
10.7148
10.6928
10.68
10.7119
10.7191
10.705
10.7
10.745
10.6952
10.695
10.7121
10.709
10.7069
10.6678
10.705
10.7019
10.6769
10.7272
10.7121
10.709
10.7031
10.7019
10.6931
10.8831
10.7241
10.715
10.6931
10.7241
10.704
10.721
10.71
10.704
10.6969
10.746
10.7019
10.7138
10.7238
10.6909
10.6699
10.673
10.7059
10.6909
10.704
10.7372
10.685
10.7222
10.7069
10.685
10.6959
10.7079
10.6668
10.71
10.7419
10.7391
10.72
10.7031
10.7071
10.6959
10.715
10.7279
10.7121
10.7281
10.7179
10.694
10.685
10.6909
10.72
10.6959
10.6871
10.704
10.72
10.7322
10.6781
10.7059
10.7319
10.695
10.7141
10.731
10.6812
10.711
10.73
10.695
10.689
10.8929
10.7379
10.7241
10.6959
10.7079
10.7071
10.704
10.7021
10.8731
10.6919
10.705
10.746
10.711
10.705
10.699
10.7069
10.71
10.6809
10.7262
10.7119
10.7188
10.7288
10.699
10.716
