15.7292
7.2329
7.21097
7.2279
7.19213
6.47402
6.32501
6.3529
6.33812
6.33001
6.33121
6.32906
6.33407
6.33311
6.34694
6.34289
6.3262
6.32906
6.34694
6.34289
6.33097
6.3231
6.34003
6.3231
6.34003
6.35409
6.33407
6.32787
6.33001
6.33693
6.34313
6.34098
6.33717
6.33001
6.34408
6.34408
6.22106
5.49793
5.48911
5.48005
5.47385
5.481
5.47004
5.45812
5.44691
5.44691
5.4512
5.43904
5.44
5.43284
5.4388
5.42188
5.42593
5.42808
5.42212
5.42498
5.4369
5.43308
5.41997
5.42712
5.42307
5.42998
5.43189
5.42712
5.42808
5.41997
5.41997
5.42903
5.42307
5.42116
5.42688
5.42498
5.42498
5.42903
5.42903
5.42212
5.42212
5.42212
5.41997
5.42593
5.41711
5.42402
5.42307
5.42808
5.42688
5.43618
5.42212
5.42593
5.43189
5.42402
5.42998
5.42593
5.42092
5.43904
5.42617
5.43094
5.42617
5.41902
5.42116
5.42498
5.42808
5.41997
5.42903
5.42307
5.42498
5.42712
5.43213
5.42998
5.42402
5.41782
5.42688
5.43094
5.42998
5.41997
5.43308
5.42116
5.42593
5.42593
5.43213
5.42092
5.43094
5.42307
5.42212
5.42712
5.43404
5.42998
5.42998
5.42593
5.42021
5.42498
5.41997
5.42784
5.42402
5.41878
5.43308
5.42688
5.42998
5.42617
5.42498
5.42808
5.42212
5.42688
5.42402
5.43189
5.42998
5.43094
5.42092
5.43308
5.42212
5.42688
5.42498
5.42712
5.42903
5.42378
5.43094
5.43118
5.42593
5.42188
5.42188
5.43213
5.42402
5.42498
5.42593
5.43284
5.43594
5.42688
5.42998
5.42903
5.43094
5.43118
5.42402
5.42903
5.43904
5.42998
5.42903
5.42712
5.42212
5.42688
5.43094
5.42212
5.41997
5.42116
5.43213
5.42188
5.42593
5.43404
5.42688
5.43308
5.42617
5.42212
5.42212
5.42593
5.42712
5.42212
5.43404
5.43809
5.42307
5.42808
5.42402
5.4338
5.45192
5.45311
5.45001
5.4462
5.45597
5.45096
5.44691
5.4481
5.44405
5.43785
5.45216
5.45597
5.46002
5.46098
5.45907
5.46002
5.45812
5.45907
5.45502
5.46002
5.46598
5.45597
5.46908
5.46908
5.47099
5.46598
5.46193
5.46789
5.46217
5.46598
5.46479
5.46288
5.46408
5.44786
5.45096
5.45406
5.46288
5.45096
5.445
5.45192
5.44119
5.43499
5.43904
5.43904
5.44095
5.43404
5.43809
5.44095
5.44381
5.43094
5.4481
5.44
5.43404
5.43308
5.43594
5.42903
5.42808
5.42402
5.42879
5.41687
5.42188
5.43308
5.42688
5.42498
5.42903
5.42688
5.42521
5.42498
5.42712
5.42498
5.42307
5.42879
5.42903
5.42712
5.42498
5.42021
5.42307
5.42688
5.42498
5.41902
5.43189
5.43308
5.42212
5.42903
5.43714
5.42402
5.42903
5.43284
5.42307
5.42688
5.41902
5.41997
5.42402
5.42903
5.42116
5.41806
5.41496
5.42188
5.42784
5.43189
5.42212
5.43118
5.42092
5.42188
5.42903
5.42784
5.43189
5.42021
5.41186
5.42402
5.42402
5.42903
5.42688
5.43714
5.43308
5.41806
5.43094
5.43213
5.42402
5.43189
5.42116
5.43094
5.42593
5.43308
5.43094
5.42784
5.42498
5.41997
5.41902
5.42998
5.42593
5.42808
5.42712
5.42998
5.42998
5.43284
5.42688
5.42903
5.42593
5.42498
5.42307
5.42212
5.42903
5.42212
5.42402
5.42808
5.41711
5.43308
5.42402
5.43118
5.4419
5.43618
5.42402
5.43404
5.43189
5.42521
5.43094
5.42402
5.42283
5.42498
5.42903
5.42879
5.42307
5.42498
5.41902
5.42283
5.41902
5.42092
5.42521
5.42498
5.41997
5.42283
5.43284
5.42212
5.42212
5.42402
5.42593
5.42903
5.42998
5.43189
5.42712
5.42617
5.42808
5.42712
5.43594
5.44119
5.43594
5.44
5.43499
5.4481
5.46098
5.45096
5.4462
5.4419
5.46598
5.45192
5.45001
5.45001
5.45192
5.43785
5.45502
5.46002
5.45502
5.45597
5.45597
5.46193
5.45907
5.46288
5.45883
5.45502
5.45597
5.45382
5.46098
5.46098
5.45812
5.45692
5.45907
5.45406
5.46098
5.44715
5.45192
5.45216
5.46098
5.47004
5.45406
5.46122
5.45692
5.45597
5.46098
5.45907
5.45597
5.45502
5.45502
5.45883
5.46384
5.46813
5.45812
5.46503
5.45812
5.46408
5.45406
5.45692
5.45096
5.45311
5.46098
5.44095
5.43284
5.44286
5.43618
5.44214
5.44286
5.44286
5.44095
5.445
5.44691
5.44095
5.43594
5.44882
5.4369
5.44095
5.42903
5.43118
5.41997
5.44
5.43189
5.41997
5.42402
5.42712
5.42116
5.42784
5.42593
5.42712
5.42593
5.42808
5.42116
5.42307
5.43404
5.42212
5.42092
5.42283
5.42402
5.42498
5.43213
5.41902
5.42402
5.42188
5.42402
5.42283
5.42903
5.43594
5.42498
5.43189
5.42593
5.42498
5.42498
5.42593
5.42998
5.42307
5.42378
5.42402
5.42212
5.42307
5.42283
5.43189
5.42998
5.42212
5.43094
5.43094
5.42498
5.43189
5.43618
5.42808
5.42402
5.42307
5.42307
5.41902
5.42903
5.43714
5.42307
5.42402
5.42283
5.42092
5.43213
5.42402
5.42116
5.42188
5.42998
5.42188
5.42498
5.42212
5.42903
5.42617
5.43189
5.42712
5.42402
5.42498
5.42092
5.43785
5.41782
5.42283
5.41401
5.42593
5.42283
5.42688
5.43284
5.42808
5.43308
5.43094
5.42593
5.43213
5.43308
5.42092
5.42688
5.42116
5.42188
5.42188
5.43499
5.44
5.4419
5.43714
5.43308
5.445
5.43094
5.43118
5.43785
5.44095
5.42998
5.4369
5.43022
5.4369
5.44
5.44405
5.43094
5.42998
5.4369
5.4369
5.43594
5.43213
5.43809
5.45788
5.45192
5.44119
5.4481
5.44691
5.44786
5.44286
5.44596
5.44596
5.44715
5.45597
5.45311
5.45907
5.47409
5.46694
5.46384
5.46288
5.46288
5.46217
5.46694
5.46694
5.46503
5.46694
5.46598
5.45692
5.46002
5.45907
5.45907
5.46908
5.46503
5.45382
5.45502
5.45192
5.45001
5.4431
5.44786
5.43809
5.44286
5.45096
5.44405
5.44214
5.4431
5.45096
5.45287
5.445
5.44691
5.44214
5.4419
5.44786
5.44786
5.45216
5.4431
5.44691
5.45192
5.45192
5.43904
5.4431
5.4419
5.45502
5.4369
5.44119
5.43094
5.43213
5.43213
5.43094
5.4338
5.42998
5.43618
5.44095
5.43714
5.43404
5.44214
5.43094
5.44596
5.44
5.43714
5.43714
5.44095
5.43714
5.4431
5.43594
5.43094
5.42808
5.43213
5.42808
5.42808
5.42593
5.41902
5.42402
5.43308
5.42712
5.41997
5.42283
5.42998
5.42212
5.42688
5.42402
5.43094
5.42617
5.42688
5.42593
5.43118
5.41711
5.43404
5.44596
5.42402
5.42212
5.42712
5.42903
5.42498
5.42283
5.42307
5.42402
5.42307
5.42307
5.42998
5.42808
5.41615
5.43714
5.42402
5.41902
5.42903
5.41806
5.42498
5.42092
5.44596
5.42092
5.41902
5.42307
5.42092
5.42498
5.42808
5.42688
5.42283
5.43499
5.43308
5.42498
5.43118
5.4419
5.43284
5.42188
5.42593
5.42307
5.42521
5.42903
5.42998
5.42521
5.43308
5.42402
5.42903
5.42998
5.41806
5.42402
5.41997
5.43189
5.42188
5.41997
5.42498
5.42903
5.42688
5.42307
5.42903
5.42998
5.41687
5.43499
5.42688
5.44
5.44405
5.44214
5.43094
5.44095
5.43594
5.43189
5.43809
5.43022
5.43904
5.43594
5.44286
5.44214
5.45001
5.44405
5.45192
5.46217
5.45406
5.44786
5.44286
5.45382
5.45001
5.44906
5.44906
5.45192
5.44691
5.45597
5.46408
5.45597
5.46384
5.45692
5.46002
5.46312
5.45716
5.46002
5.45096
5.46384
5.46908
5.45502
5.46098
5.45788
5.45907
5.45788
5.46908
5.46002
5.46384
5.46384
5.45812
5.45812
5.45192
5.46503
5.46598
5.45096
5.45788
5.45883
5.46122
5.45406
5.45502
5.45597
5.45406
5.445
5.445
5.45096
5.445
5.45096
5.4431
5.44596
5.45406
5.45216
5.45406
5.45812
5.46002
5.44286
5.45788
5.45096
5.46217
5.45096
5.4481
5.45001
5.45883
5.45287
5.45502
5.45692
5.45406
5.46312
5.45597
5.45502
5.44691
5.46217
5.43785
5.42998
5.42903
5.43594
5.43094
5.43618
5.44596
5.43308
5.43213
5.44095
5.43809
5.43594
5.44
5.4369
5.43785
5.41997
5.42712
5.42498
5.42712
5.42712
5.41806
5.43094
5.42498
5.42498
5.42617
5.41902
5.41496
5.42188
5.43404
5.42784
5.43284
5.43284
5.42593
5.42212
5.42092
5.41496
5.42903
5.42712
5.43308
5.42402
5.42283
5.42593
5.43118
5.42593
5.42808
5.42593
5.42498
5.42712
5.42617
5.43594
5.42021
5.43284
5.42903
5.42712
5.42688
5.42307
5.43308
5.42092
5.42688
5.42617
5.42712
5.42092
5.42188
5.42617
5.42808
5.43904
5.42498
5.43094
5.42617
5.42808
5.41902
5.42879
5.42998
5.42808
5.42688
5.42784
5.42498
5.42903
5.42498
5.42402
5.42283
5.42593
5.42998
5.42903
5.42212
5.42903
5.42593
5.43189
5.42903
5.43094
5.42498
5.42402
5.42402
5.42903
5.42212
5.42903
5.42378
5.42784
5.42688
5.42879
5.43785
5.43404
5.44095
5.43118
5.44095
5.45382
5.46098
5.44596
5.44477
5.445
5.44
5.45192
5.46002
5.43618
5.45311
5.44596
5.43499
5.44596
5.45311
5.44214
5.44691
5.4481
5.44596
5.4388
5.44381
5.45597
5.44906
5.46098
5.46598
5.46908
5.45406
5.45812
5.45597
5.45788
5.46384
5.46408
5.45311
5.45812
5.45716
5.46098
5.45812
5.46598
5.45788
5.45788
5.46312
5.46098
5.46193
5.46503
5.45907
5.45311
5.45883
5.45502
5.45907
5.45812
5.45001
5.45096
5.45788
5.45883
5.45096
5.45597
5.4698
5.46288
5.45812
5.46217
5.46002
5.46312
