12.0859
9.73487
9.72104
9.72199
9.72486
9.73201
9.72605
9.71603
9.72199
9.71794
9.72819
9.73201
9.72605
9.73296
9.7301
9.73296
9.73415
9.7301
9.72891
9.727
9.71913
9.72104
9.7239
9.71723
9.73201
9.72509
9.70793
9.72795
9.727
9.73082
9.72605
9.72891
9.73392
9.72605
9.72915
9.75108
9.73296
9.71079
9.71794
9.7239
9.72009
9.71603
9.72819
9.72295
9.7301
9.72414
9.72509
9.71603
9.727
9.727
9.73105
9.71413
9.7301
9.71699
9.71699
9.727
9.72819
9.73582
9.73487
9.72509
9.72605
9.71389
9.73392
9.72414
9.73606
9.72915
9.72605
9.75084
9.727
9.73201
9.72509
9.72104
9.72605
9.71985
9.72199
9.72509
9.73105
9.72486
9.72104
9.73296
9.72795
9.72199
9.72509
9.71889
9.71889
9.73487
9.72486
9.71699
9.71699
9.7301
9.73797
9.73201
9.727
9.73201
9.71889
9.73201
9.7239
9.73296
9.74107
9.72509
9.71794
9.72414
9.73701
9.72486
9.72104
9.72295
9.73296
9.73606
9.71818
9.73916
9.73678
9.7301
9.74488
9.72509
9.72295
9.72891
9.73487
9.71603
9.74011
9.74512
9.71818
9.73511
9.727
9.73177
9.73606
9.73296
9.71889
9.72605
9.71508
9.71913
9.7239
9.7208
9.73988
9.73392
9.72915
9.74584
9.73296
9.74107
9.7301
9.73201
9.72605
9.73105
9.72819
9.73511
9.74107
9.72509
9.73701
9.74393
9.72104
9.73296
9.72509
9.72295
9.72986
9.72795
9.71603
9.7239
9.7301
9.71293
9.73797
9.73296
9.727
9.72795
9.71699
9.72986
9.73201
9.72199
9.71889
9.7301
9.71079
9.71699
9.71985
9.72414
9.71699
9.73892
9.72199
9.72795
9.73582
9.72199
9.72605
9.72795
9.72319
9.72795
9.73201
9.72581
9.72891
9.73797
9.74107
9.72986
9.7599
9.71198
9.74202
9.72509
9.73511
9.73296
9.72104
9.74202
9.71794
9.73392
9.73105
9.72199
9.74298
9.72605
9.72199
9.72509
9.72009
9.72915
9.73201
9.70984
9.71794
9.74298
9.71699
9.72795
9.727
9.70507
9.73201
9.71794
9.72986
9.73201
9.70912
9.71723
9.72509
9.71317
9.72295
9.72986
9.71699
9.72414
9.7239
9.74393
9.7239
9.74894
9.73392
9.71723
9.73296
9.72915
9.73487
9.71794
9.72915
9.73296
9.72486
9.70793
9.72295
9.73701
9.72605
9.71985
9.73797
9.71699
9.73797
9.71913
9.73916
9.72199
9.7208
9.72009
9.73487
9.71699
9.72486
9.72199
9.72819
9.71794
9.72295
9.72819
9.71603
9.727
9.72104
9.73582
9.72986
9.727
9.7301
9.73797
9.72509
9.71913
9.73201
9.72295
9.727
9.72986
9.7301
9.74298
9.72986
9.73487
9.72605
9.73392
9.71889
9.73892
9.72605
9.71413
9.72414
9.72104
9.72295
9.71007
9.71818
9.72915
9.72891
9.73201
9.73105
9.74417
9.73606
9.72795
9.73392
9.72199
9.72915
9.72295
9.72915
9.72509
9.74393
9.73892
9.73606
9.72486
9.72009
9.72104
9.73797
9.72795
9.71699
9.72009
9.72009
9.72509
9.73916
9.73821
9.7301
9.71699
9.72795
9.72199
9.72414
9.71508
9.72319
9.73201
9.71889
9.73582
9.73296
9.72795
9.73105
9.72605
9.72414
9.73797
9.71818
9.71913
9.71913
9.72605
9.73105
9.72104
9.71699
9.71699
9.72891
9.73701
9.73606
9.73296
9.73296
9.72795
9.74703
9.72104
9.71699
9.72414
9.7332
9.71508
9.74607
9.727
9.72605
9.727
9.727
9.73487
9.71508
9.72104
9.72605
9.727
9.70793
9.72509
9.73511
9.72915
9.74107
9.72414
9.71794
9.727
9.72509
9.71794
9.73296
9.72486
9.72891
9.72009
9.72104
9.73797
9.72509
9.727
9.72295
9.72009
9.72509
9.72605
9.71699
9.74202
9.72509
9.73797
9.71699
9.73511
9.73105
9.7239
9.727
9.72009
9.72509
9.72009
9.72295
9.73797
9.72104
9.72605
9.73201
9.72509
9.72509
9.72414
9.74393
9.7239
9.71413
9.72795
9.71603
9.73105
9.71913
9.71913
9.73606
9.74107
9.73296
9.72986
9.73487
9.727
9.727
9.71699
9.74393
9.71818
9.72509
9.72915
9.72509
9.73916
9.7158
9.73392
9.71889
9.727
9.72795
9.7239
9.72199
9.71699
9.71603
9.72795
9.72319
9.72295
9.72295
9.72009
9.71913
9.7332
9.73606
9.73415
9.72319
9.71389
9.7301
9.73392
9.72986
9.727
9.71889
9.72605
9.72915
9.71699
9.72414
9.73201
9.72199
9.72414
9.72605
9.71818
9.72509
9.72295
9.73606
9.7239
9.71484
9.71889
9.7208
9.72605
9.72199
9.73296
9.72199
9.71198
9.71699
9.71103
9.72915
9.72795
9.7158
9.7301
9.727
9.7239
9.727
9.73296
9.73415
9.71699
9.7208
9.73916
9.73988
9.75704
9.72986
9.73606
9.72605
9.71985
9.72795
9.73177
9.72104
9.72509
9.72795
9.71699
9.73105
9.72605
9.72819
9.71508
9.72795
9.72104
9.72199
9.73892
9.72986
9.72605
9.71889
9.727
9.72295
9.72605
9.71603
9.72199
9.71198
9.727
9.72915
9.71603
9.74989
9.72605
9.72104
9.73415
9.71889
9.727
9.73201
9.71889
9.72795
9.71293
9.72009
9.72104
9.71293
9.72581
9.73511
9.72915
9.71818
9.71913
9.72199
9.72486
9.71699
9.73797
9.73296
9.74298
9.727
9.73606
9.73606
9.73916
9.73392
9.72509
9.7158
9.72104
9.73415
9.72414
9.72414
9.72605
9.73082
9.71889
9.71985
9.72104
9.71913
9.72581
9.72104
9.74917
9.7301
9.73105
9.72104
9.72486
9.7239
9.71699
9.72605
9.72199
9.72486
9.71794
9.71293
9.73797
9.72915
9.73797
9.73082
9.71889
9.72199
9.72199
9.72795
9.73201
9.71699
9.73296
9.73082
9.7239
9.72319
9.72509
9.73916
9.72605
9.73296
9.74607
9.71889
9.71484
9.70888
9.72295
9.74488
9.74703
9.71818
9.71818
9.71794
9.7239
9.73678
9.72795
9.72414
9.73511
9.72605
9.72986
9.7239
9.73988
9.72509
9.72104
9.72199
9.71985
9.73296
9.72104
9.73988
9.72104
9.73392
9.72486
9.72605
9.73105
9.73606
9.72795
9.72819
9.72104
9.71913
9.7301
9.72605
9.72009
9.73892
9.71413
9.72319
9.73392
9.71508
9.74107
9.71603
9.73487
9.70984
9.727
9.72295
9.71985
9.71889
9.73201
9.73606
9.72795
9.72795
9.72009
9.71699
9.72199
9.72104
9.73487
9.72295
9.71699
9.72605
9.72486
9.73105
9.72605
9.72199
9.72509
9.71413
9.72915
9.71699
9.73487
9.71889
9.72295
9.74607
9.73201
9.71389
9.72009
9.72295
9.7208
9.72509
9.71389
9.73988
9.71699
9.7239
9.71889
9.71103
9.71603
9.73296
9.73296
9.72104
9.71413
9.727
9.7301
9.71603
9.73415
9.73511
9.73105
9.73296
9.73392
9.71389
9.73105
9.74417
9.72319
9.72104
9.72486
9.73487
9.72199
9.72414
9.72915
9.72009
9.72605
9.71484
9.73701
9.73582
9.71699
9.71913
9.71413
9.72486
9.71699
9.7301
9.74011
9.72104
9.71508
9.71603
9.72986
9.72486
9.71699
9.72486
9.74011
9.71699
9.71889
9.71794
9.70984
9.71389
9.71508
9.72605
9.72986
9.73701
9.71603
9.72581
9.72605
9.74417
9.72414
9.71103
9.72605
9.72581
9.727
9.73296
9.73105
9.73797
9.72009
9.74679
9.72891
9.72819
9.73177
9.72509
9.71699
9.72486
9.71889
9.73201
9.73916
9.71484
9.74202
9.71508
9.72295
9.72915
9.73296
9.72509
9.72414
9.72581
9.71699
9.72605
9.73606
9.72009
9.73296
9.7239
9.72795
9.7208
9.72199
9.72891
9.72295
9.74202
9.72986
9.71794
9.71293
9.72319
9.72009
9.73082
9.72605
9.73201
9.72199
9.7208
9.72986
9.72605
9.72104
9.7208
9.73701
9.73392
9.70912
9.70912
9.71889
9.727
9.727
9.73797
9.73701
9.72009
9.71913
9.71007
9.72605
9.727
9.7239
9.72319
9.72795
9.72605
9.72199
9.72509
9.71389
9.72199
9.72891
9.71794
9.74607
9.73487
9.7332
9.72009
9.71603
9.72891
9.74703
9.72199
9.72295
9.72509
9.73082
9.73511
9.71007
9.72605
9.71198
9.73105
9.72891
9.74512
9.73296
9.72605
9.72009
9.71794
9.73415
9.71413
9.72795
9.72891
9.7301
9.72795
9.74393
9.72605
9.73487
9.71293
9.72199
9.74798
9.7239
9.73105
9.727
9.72486
9.72104
9.72605
9.71413
9.74107
9.74393
9.72605
9.727
9.73701
9.7301
9.72605
9.73105
9.72009
9.72795
9.71794
9.72295
9.72104
9.72295
9.71603
9.73201
9.72795
9.71413
9.72199
9.73082
9.73701
9.72295
9.72295
9.72414
9.72795
9.71413
9.72104
9.71603
9.71603
9.71818
9.72104
9.71103
9.71198
9.71913
9.73201
9.73392
9.72104
9.72199
9.727
9.73105
9.71985
9.71603
9.73201
9.727
9.73511
9.72605
9.72509
9.71603
9.71889
9.71818
9.71293
9.73392
9.72605
9.72819
9.70793
9.72986
9.72819
9.73392
9.72104
9.71699
9.71699
9.72915
9.72795
9.73201
9.71913
9.71913
9.72295
9.73392
9.72581
9.72986
9.73487
9.72795
9.71889
9.72986
9.7239
9.73201
9.71913
9.727
9.73821
9.74607
9.72104
9.72319
9.72295
9.72295
9.7239
9.71794
9.73296
9.72414
9.73392
9.71198
9.72414
9.74703
9.72414
9.72199
9.72104
9.70507
9.72891
9.727
9.72104
9.73296
9.72295
9.73487
9.72986
9.72819
9.71508
9.71913
9.74202
9.71603
9.72104
9.73105
9.72414
9.72509
9.72509
9.73415
9.71818
9.73105
9.71913
9.72915
9.72581
9.73606
9.73296
9.7332
9.71913
9.73606
9.73105
9.7301
9.74298
9.72199
9.71889
9.71913
9.71913
9.72199
9.73201
9.73415
9.727
9.73701
9.72915
9.73201
9.71889
9.73487
9.72605
9.73701
9.71794
9.72795
9.73105
9.72605
