30.3841
30.256
30.5479
30.6859
30.751
30.777
30.7689
30.8409
30.761
30.772
30.7751
30.8211
30.755
30.7851
30.7672
30.766
30.767
30.8361
30.7629
30.771
30.839
30.7682
30.7751
30.844
30.7689
30.849
30.8421
30.8239
30.7782
30.8452
30.858
30.7841
30.8411
30.7779
30.843
30.7841
30.8568
30.839
30.838
30.8411
30.793
30.844
30.8459
30.781
30.827
30.844
30.859
30.8361
30.834
30.8511
30.833
30.8359
30.7782
30.8449
30.838
30.8452
30.834
30.863
30.8521
30.7639
30.8468
30.848
30.8599
30.8471
30.8239
30.8411
30.8411
30.8459
30.8309
30.833
30.8521
30.8669
30.8421
30.849
30.8509
30.8392
30.8311
30.8321
30.8411
30.8521
30.8399
30.8371
30.8352
30.849
30.844
30.848
30.844
30.849
30.8421
30.8499
30.8499
30.864
30.8521
30.8471
30.8509
30.8492
30.8621
30.853
30.8518
30.8399
30.8571
30.854
30.8611
30.91
30.859
30.8609
30.848
30.8459
30.8549
30.8442
30.9191
30.8552
30.8511
30.8669
30.848
30.858
30.858
30.853
30.848
30.8502
30.8561
30.853
30.844
30.8311
30.853
30.91
30.9041
30.8399
30.839
30.8468
30.8459
30.853
30.854
30.921
30.8559
30.8509
30.844
30.849
30.843
30.9129
30.905
30.911
30.8509
30.8471
30.8421
30.8528
30.8499
30.915
30.8959
30.9188
30.8499
30.8499
30.8521
30.8478
30.853
30.9041
30.849
30.9038
30.8449
30.8609
30.8528
30.8349
30.9098
30.915
30.9098
30.905
30.9198
30.8492
30.8521
30.843
30.9131
30.8409
30.9119
30.9188
30.849
30.8459
30.8549
30.8399
30.848
30.8478
30.911
30.9331
30.9091
30.8418
30.853
30.8609
30.8521
30.8452
30.9172
30.9088
30.9079
30.8411
30.838
30.8361
30.834
30.9079
30.8471
30.9081
30.8409
30.844
30.8561
30.8502
30.9021
30.8521
30.92
30.9141
30.9119
30.8521
30.8499
30.9079
30.8452
30.849
30.9198
30.8452
30.9269
30.8681
30.9191
30.854
30.9219
30.8561
30.9169
30.91
30.9179
30.9238
30.92
30.8449
30.853
30.849
30.921
30.8559
30.9141
30.8561
30.9231
30.9098
30.8492
30.9169
30.8518
30.9241
30.848
30.9191
30.9131
30.9198
30.9179
30.9141
30.8549
30.854
30.853
30.9191
30.859
30.9439
30.915
30.9172
30.911
30.9181
30.8571
30.8509
30.853
30.9241
30.849
30.9219
30.916
30.916
30.9231
30.905
30.8499
30.8511
30.9272
30.8681
30.9269
30.9091
30.849
30.925
30.9229
30.8521
30.859
30.9238
30.8669
30.8621
30.9231
30.916
30.9169
30.9138
30.9091
30.854
30.844
30.8549
30.9169
30.915
30.92
30.8568
30.9181
30.9169
30.9269
30.854
30.843
30.926
30.8602
30.9162
30.9191
30.9331
30.92
30.9141
30.9041
30.8559
30.9279
30.8561
30.9131
30.853
30.926
30.9122
30.9119
30.9219
30.8511
30.8592
30.8561
30.931
30.8568
30.9181
30.9191
30.9181
30.9172
30.9298
30.9241
30.8528
30.93
30.9229
30.865
30.937
30.8571
30.9222
30.926
30.916
30.925
30.9381
30.9181
30.8619
30.9188
30.9279
30.8571
30.9129
30.9219
30.9331
30.915
30.9298
30.926
30.9329
30.9379
30.858
30.931
30.8599
30.9269
30.9241
30.8559
30.91
30.9272
30.9269
30.9179
30.92
30.9281
30.8602
30.952
30.8681
30.9331
30.92
30.9391
30.8621
30.9122
30.9169
30.925
30.9241
30.849
30.916
30.9188
30.9339
30.911
30.8549
30.9191
30.915
30.92
30.93
30.93
30.8609
30.9329
30.931
30.8559
30.925
30.9241
30.8659
30.926
30.9191
30.941
30.9269
30.921
30.859
30.9169
30.8619
30.9241
30.9248
30.9169
30.925
30.947
30.9191
30.9138
30.925
30.916
30.8552
30.8621
30.9319
30.9348
30.931
30.9248
30.936
30.915
30.921
30.9188
30.9279
30.9269
30.931
30.9272
30.9339
30.9241
30.8712
30.935
30.9319
30.926
30.92
30.942
30.925
30.9381
30.9319
30.9329
30.9289
30.8609
30.931
30.926
30.8659
30.9169
30.926
30.9348
30.9381
30.926
30.9241
30.9269
30.915
30.864
30.9401
30.931
30.8609
30.93
30.941
30.9331
30.916
30.9162
30.9191
30.9269
30.925
30.9229
30.859
30.9319
30.9322
30.931
30.92
30.9432
30.9339
30.935
30.935
30.9248
30.92
30.931
30.9231
30.921
30.864
30.93
30.8599
30.93
30.9241
30.9432
30.9191
30.9231
30.93
30.9262
30.926
30.951
30.863
30.921
30.9341
30.935
30.9329
30.931
30.9229
30.936
30.935
30.941
30.9281
30.9231
30.916
30.9191
30.9441
30.9381
30.9291
