5.68604
5.40996
5.41401
5.4121
5.40495
5.42212
5.4121
5.41401
5.40709
5.41401
5.39804
5.4059
5.40805
5.40781
5.404
5.40781
5.41115
5.41306
5.404
5.39804
5.41902
5.409
5.40686
5.40781
5.40805
5.41592
5.40185
5.40686
5.404
5.41806
5.4028
5.40805
5.40805
5.40209
5.40996
5.409
5.41019
5.39994
5.41496
5.39994
5.40805
5.41186
5.40495
5.41401
5.40209
5.39207
5.409
5.40209
5.41615
5.40781
5.41711
5.40996
5.409
5.4028
5.4059
5.40614
5.404
5.40185
5.39994
5.41019
5.404
5.41091
5.42188
5.40805
5.40495
5.39684
5.40805
5.4059
5.40686
5.4009
5.41902
5.40805
5.40495
5.40209
5.39207
5.41306
5.40805
5.40996
5.409
5.39899
5.4028
5.41615
5.40495
5.39994
5.41806
5.40519
5.40209
5.40304
5.40996
5.41091
5.409
5.409
5.40614
5.41115
5.40876
5.39994
5.40686
5.40686
5.409
5.409
5.40304
5.39899
5.4059
5.40805
5.41902
5.4121
5.409
5.41401
5.40209
5.404
5.40495
5.39899
5.41091
5.39994
5.40805
5.40996
5.40996
5.41091
5.404
5.40996
5.4059
5.40614
5.40304
5.40709
5.4059
5.41711
5.40209
5.40996
5.40185
5.39994
5.4028
5.404
5.41401
5.40304
5.41282
5.4009
5.4009
5.41091
5.40805
5.404
5.40614
5.40686
5.40495
5.40805
5.39899
5.4121
5.39804
5.404
5.39804
5.40686
5.40805
5.40304
5.40113
5.40614
5.41019
5.41615
5.41615
5.41019
5.40709
5.40304
5.4009
5.40495
5.4009
5.41282
5.409
5.40495
5.40304
5.4059
5.4028
5.4059
5.41091
5.41186
5.41401
5.4152
5.40209
5.404
5.41306
5.41186
5.404
5.40709
5.41115
5.41401
5.40304
5.40304
5.4028
5.40686
5.40185
5.4059
5.41091
5.409
5.404
5.41019
5.40805
5.41186
5.40996
5.4059
5.41711
5.41019
5.39804
5.40805
5.40709
5.40709
5.40709
5.4121
5.40709
5.40519
5.41091
5.4059
5.39899
5.39494
5.404
5.4121
5.39494
5.41401
5.39994
5.40304
5.39994
5.40709
5.40018
5.39899
5.39994
5.404
5.40614
5.40686
5.409
5.40495
5.40304
5.4121
5.409
5.41806
5.41806
5.39994
5.41306
5.40805
5.41186
5.40495
5.41782
5.409
5.409
5.40113
5.40304
5.409
5.41496
5.40209
5.40304
5.41401
5.4028
5.409
5.40209
5.39994
5.4121
5.40519
5.39994
5.41186
5.41496
5.41782
5.409
5.40113
5.41711
5.409
5.40495
5.40614
5.40996
5.40304
5.39899
5.4028
5.39899
5.40686
5.4059
5.409
5.409
5.39589
5.41687
5.41687
5.4121
5.42116
5.409
5.41401
5.40781
5.39899
5.40113
5.40495
5.40209
5.41711
5.40614
5.39899
5.39494
5.409
5.41306
5.40781
5.39899
5.40113
5.39899
5.40709
5.42402
5.409
5.40996
5.41496
5.404
5.41091
5.40686
5.40495
5.4059
5.41282
5.41115
5.40304
5.40185
5.404
5.41496
5.41687
5.4009
5.40495
5.41186
5.40185
5.40495
5.40304
5.40709
5.41615
5.4009
5.41091
5.41186
5.40495
5.41186
5.41186
5.39994
5.41306
5.409
5.40805
5.40209
5.40614
5.40209
5.41115
5.41401
5.40805
5.404
5.4009
5.40185
5.40209
5.41019
5.4059
5.41711
5.41019
5.40209
5.409
5.38898
5.39398
5.40709
5.26404
5.409
5.41306
5.4009
5.40519
5.41115
5.4059
5.39899
5.41019
5.41401
5.41496
5.41592
5.41186
5.40185
5.40781
5.40996
5.40304
5.40709
5.40781
5.41091
5.41091
5.4009
5.41687
5.40996
5.40185
5.40304
5.40519
5.41401
5.41306
5.40304
5.40519
5.4009
5.40304
5.40304
5.40185
5.41306
5.41401
5.39899
5.40185
5.41091
5.40495
5.404
5.40996
5.41186
5.40686
5.40709
5.40519
5.40709
5.41496
5.404
5.40805
5.4121
5.39899
5.40781
5.41496
5.40709
5.40519
5.4152
5.409
5.40805
5.39994
5.41401
5.4059
5.40686
5.40709
5.40304
5.40304
5.40996
5.40709
5.41401
5.39708
5.4059
5.40304
5.409
5.41282
5.40805
5.40018
5.409
5.40185
5.41592
5.39398
5.39589
5.40495
5.409
5.409
5.4121
5.41186
5.4009
5.404
5.409
5.39994
5.404
5.41592
5.40709
5.40304
5.40781
5.4121
5.40519
5.41806
5.40495
5.41115
5.4059
5.41711
5.41115
5.41091
5.39804
5.41306
5.4028
5.41711
5.409
5.40304
5.40805
5.404
5.40996
5.409
5.40614
5.40996
5.4059
5.39994
5.409
5.40805
5.40113
5.40209
5.41687
5.41806
5.41711
5.40018
5.41306
5.40805
5.40686
5.404
5.40209
5.41592
5.40805
5.40209
5.42092
5.40304
5.404
5.4059
5.409
5.4121
5.409
5.404
5.40185
5.40996
5.40805
5.41091
5.41019
5.40209
5.40209
5.39899
5.404
5.40614
5.404
5.40495
5.40709
5.41592
5.41496
5.40709
5.40709
5.40996
5.40495
5.4059
5.39994
5.41115
5.39804
5.41091
5.404
5.40996
5.4028
5.409
5.41091
5.409
5.409
5.41091
5.40709
5.409
5.4121
5.41115
5.41401
5.41091
5.4009
5.41115
5.41806
5.40805
5.40805
5.41115
5.40495
5.41615
5.40614
5.41496
5.4028
5.40304
5.39899
5.4059
5.41401
5.41496
5.39494
5.4121
5.40304
5.409
5.41401
5.39589
5.404
5.40614
5.41997
5.40304
5.41091
5.41711
5.404
5.40495
5.40495
5.40686
5.41615
5.4009
5.41711
5.41115
5.41496
5.404
5.41019
5.41306
5.404
5.40304
5.39899
5.40495
5.41115
5.409
5.40304
5.41401
5.41377
5.41711
5.40519
5.41496
5.41615
5.39899
5.42521
5.39708
5.40805
5.41019
5.40686
5.40209
5.404
5.40996
5.41711
5.4059
5.40209
5.4121
5.41019
5.39994
5.39899
5.39899
5.40495
5.4059
5.404
5.40519
5.40996
5.4009
5.41091
5.40495
5.409
5.40495
5.40686
5.40304
5.40996
5.41592
5.40304
5.40781
5.404
5.404
5.41306
5.40304
5.40614
5.4059
5.41401
5.40209
5.40614
5.4009
5.404
5.40781
5.41091
5.39589
5.41282
5.40495
5.39994
5.404
5.40709
5.41401
5.40185
5.41711
5.40709
5.4121
5.40709
5.42092
5.41496
5.41091
5.40304
5.41282
5.41091
5.41019
5.40495
5.404
5.4121
5.41115
5.4059
5.40185
5.41186
5.41401
5.40495
5.41902
5.39899
5.40709
5.40209
5.40709
5.40185
5.39899
5.40519
5.39804
5.41115
5.41306
5.41401
5.41306
5.41091
5.40304
5.40805
5.41019
5.409
5.40781
5.41496
5.41115
5.40614
5.40304
5.41186
5.40209
5.40686
5.4009
5.40495
5.40495
5.41592
5.40495
5.40304
5.40709
5.409
5.41806
5.41377
5.41401
5.4009
5.404
5.4121
5.4059
5.41592
5.40686
5.40996
5.40495
5.40304
5.4121
5.42188
5.41186
5.39804
5.40209
5.40805
5.40709
5.39994
5.41091
5.40185
5.41091
5.40805
5.39899
5.40996
5.3978
5.40709
5.4059
5.4059
5.4009
5.40614
5.41997
5.4121
5.40495
5.40423
5.4009
5.41687
5.40805
5.40686
5.40996
5.41902
5.40709
5.4028
5.41401
5.4059
5.40614
5.40614
5.40304
5.4059
5.40805
5.40805
5.41091
5.40686
5.41306
5.41401
5.40805
5.40686
5.40304
5.404
5.41711
5.41115
5.41091
5.40996
5.4121
5.41091
5.40781
5.409
5.41401
5.4059
5.4009
5.40185
5.40781
5.40781
5.41282
5.40805
5.41091
5.41306
5.40709
5.39804
5.40304
5.41091
5.41902
5.40304
5.409
5.39899
5.39994
5.41902
5.409
5.40209
5.41592
5.4028
5.409
5.41401
5.40495
5.409
5.40304
5.41115
5.40614
5.39708
5.41306
5.40805
5.41711
5.40519
5.40209
5.40519
5.40805
5.40805
5.404
5.404
5.4028
5.40686
5.41496
5.40805
5.40209
5.40495
5.40304
5.41115
5.40805
5.41615
5.404
5.41306
5.40519
5.41496
5.404
5.40996
5.4121
5.40209
5.40709
5.4059
5.40113
5.41401
5.41496
5.41306
5.40519
5.41306
5.41401
5.40805
5.40709
5.41306
5.40709
5.41091
5.41401
5.41019
5.40614
5.40805
5.40113
5.40614
5.40304
5.39684
5.40185
5.41711
5.40304
5.40304
5.40709
5.404
5.41997
5.4121
5.41401
5.4121
5.409
5.40686
5.41902
5.41091
5.3978
5.4009
5.39994
5.40686
5.41306
5.404
5.41401
5.40185
5.42283
5.41019
5.41401
5.42307
5.40113
5.404
5.4028
5.40805
5.41496
5.40996
5.39708
5.4059
5.41806
5.404
5.41592
5.41115
5.40209
5.40495
5.41496
5.40686
5.40113
5.404
5.40709
5.40209
5.41306
5.40709
5.41115
5.4121
5.409
5.4009
5.41282
5.40614
5.39684
5.41711
5.40996
5.39804
5.4059
5.409
5.4059
5.41306
5.40614
5.39994
5.41496
5.41902
5.4009
5.40686
5.41401
5.40709
5.40996
5.4059
5.4059
5.404
5.41902
5.409
5.40686
5.41091
5.409
5.40996
5.39899
5.40805
5.41782
5.41496
5.4059
5.41186
5.40209
5.40709
5.40209
5.4059
5.40709
5.40996
5.41687
5.40519
5.41496
5.41592
5.39804
5.40113
5.40495
5.409
5.40805
5.41902
5.40185
5.40686
5.41115
5.41687
5.40805
5.404
5.40113
5.40495
5.404
5.41186
5.40495
5.40805
5.409
5.41997
5.40614
5.40519
5.41019
5.40709
5.4121
5.40996
5.41902
5.40495
5.40614
5.40495
5.40709
5.41115
5.409
5.41186
5.40996
5.39994
5.40709
5.404
5.404
5.41401
5.41186
5.40996
5.41592
5.40686
5.39589
5.41496
5.41711
5.40996
5.404
5.4059
5.4059
5.40185
5.4059
5.39899
5.40709
5.4121
5.40805
5.39708
5.40113
5.40805
5.40495
5.40519
5.4059
5.41186
5.41115
