247.003
228.81
229.369
230.128
230.595
230.867
230.453
230.492
230.647
230.147
230.694
230.269
230.169
230.183
229.824
229.625
229.662
229.667
229.537
229.383
229.235
229
228.726
228.937
228.548
228.469
228.447
229.048
229.302
229.083
229.133
229.148
229.112
229.178
229.146
229.369
229.139
229.019
228.939
228.934
229.22
228.992
229.115
229.121
229.084
229.188
228.804
228.818
228.768
229.14
228.965
228.849
229.035
228.913
228.936
229.083
228.827
229.035
229.025
228.824
228.736
228.845
229.047
228.803
228.866
228.955
228.861
229.162
228.826
228.758
228.804
228.895
229.031
228.847
228.876
228.959
228.819
228.958
228.787
228.73
228.841
228.807
228.815
228.817
229.019
229.033
228.841
228.923
229.009
229.137
228.823
228.724
228.772
228.74
228.146
228.84
228.621
228.696
228.901
228.752
