252.327
237.93
237.762
239.233
238.398
238.75
238.705
238.798
238.619
238.357
238.568
238.613
238.473
238.475
238.358
238.374
238.034
238.038
237.782
237.805
237.847
237.611
237.566
237.237
237.358
236.558
236.912
236.58
236.416
236.521
235.869
235.738
235.832
235.782
235.7
234.933
235.946
236.229
235.105
235.342
235.275
233.496
233.769
233.671
233.663
233.632
233.678
233.689
233.61
233.771
233.923
233.718
236.872
236.886
235.297
233.648
233.727
233.675
233.765
233.785
233.75
233.598
233.858
233.676
233.588
233.667
233.691
233.777
233.704
233.696
233.688
233.693
233.657
233.719
233.582
233.606
233.6
233.658
233.538
233.691
233.719
233.564
233.752
233.737
233.762
233.698
233.633
233.691
233.685
233.785
233.713
233.664
233.639
233.74
233.668
233.677
233.679
233.673
233.751
233.737
