11.724
11.6441
11.6558
11.667
11.6699
11.6739
11.677
11.6761
11.6842
11.678
11.6799
11.6789
11.6801
11.6799
11.688
11.688
11.6811
11.683
11.6818
11.6861
11.6889
11.6909
11.6889
11.682
11.687
11.6889
11.6839
11.6799
11.6861
11.6839
11.6899
11.6861
11.6808
11.6801
11.6801
11.6899
11.6889
11.6811
11.6899
11.682
11.6851
11.688
11.6811
11.6849
11.687
11.6849
11.687
11.6892
11.6892
11.687
11.6811
11.688
11.6858
11.6861
11.682
11.6901
11.6911
11.683
11.683
11.6808
11.688
11.6861
11.6868
11.6801
11.678
11.6851
11.6801
11.683
11.6799
11.682
11.6839
11.6851
11.6811
11.6849
11.683
11.6858
11.682
11.6839
11.6842
11.678
11.683
11.687
11.6799
11.6861
11.687
11.6811
11.6801
11.6839
11.688
11.6792
11.683
11.688
11.6811
11.6868
11.6861
11.687
11.687
11.692
11.6892
11.6842
11.6868
11.6901
11.687
11.6901
11.6851
11.687
11.6892
11.6858
11.682
11.6858
11.688
11.683
11.6839
11.6858
11.6901
11.6899
11.688
11.6849
11.6911
11.6839
11.687
11.6839
11.682
11.688
11.6851
11.683
11.6951
11.6858
11.687
11.6858
11.6799
11.683
11.6909
11.6851
11.6889
11.6849
11.6839
11.6839
11.6839
11.6801
11.6808
11.6851
11.688
11.6842
11.683
11.6851
11.678
11.682
11.688
11.6839
11.6851
11.6882
11.6808
11.6861
11.6899
11.6808
11.6842
11.688
11.6811
11.6858
11.682
11.682
11.6811
11.6861
11.678
11.6849
11.6851
11.6901
11.6858
11.683
11.6811
11.6858
11.6861
11.6801
11.6849
11.6839
11.682
11.6839
11.683
11.682
11.683
11.6789
11.678
11.6849
11.682
11.678
11.6799
11.6761
11.6789
11.673
11.683
11.6761
11.6889
11.6799
11.682
11.6789
11.6789
11.6811
11.683
11.6801
11.6818
11.683
11.6811
11.688
11.6849
11.682
11.682
11.682
11.683
11.6861
11.6851
11.693
11.6901
11.6849
11.6899
11.683
11.688
11.6839
11.6899
11.6861
11.6851
11.6889
11.6789
11.683
11.682
11.6899
11.6839
11.6858
11.6892
11.687
11.688
11.6889
11.6868
11.6842
11.6861
11.6849
11.6861
11.6889
11.6949
11.6961
11.6851
11.6849
11.678
11.683
11.6892
11.693
11.6842
11.688
11.6861
11.683
11.6789
11.6858
11.6889
11.688
11.6851
11.683
11.692
11.6889
11.6858
11.687
11.6959
11.6861
11.687
11.6911
11.6861
11.6861
11.6811
11.688
11.688
11.682
11.688
11.6839
11.6818
11.677
11.688
11.683
11.682
11.6858
11.6811
11.6808
11.6782
11.678
11.6861
11.6789
11.6851
11.6818
11.687
11.6889
11.6839
11.6889
11.678
11.682
11.6789
11.6808
11.6839
11.683
11.6849
11.682
11.6799
11.6849
11.678
11.687
11.6799
11.683
11.6861
11.6858
11.682
11.6808
11.687
11.6789
11.6868
11.6842
11.683
11.687
11.6849
11.682
11.6799
11.682
11.6799
11.6839
11.683
11.6789
11.682
11.683
11.678
11.6858
11.6899
11.6842
11.6801
11.6789
11.6789
11.6839
11.687
11.6808
11.6861
11.683
11.687
11.687
11.688
11.683
11.6858
11.6889
11.683
11.6861
11.6889
11.6839
11.6849
11.6799
11.6761
11.6818
11.6839
11.692
11.6909
11.683
11.683
11.6849
11.682
11.677
11.688
11.6808
11.6839
11.6811
11.6808
11.6751
11.6751
11.682
11.6861
11.688
11.6889
11.6849
11.6851
11.6851
11.6808
11.6811
11.6789
11.6808
11.6801
11.683
11.6792
11.6761
11.6861
11.6801
11.6849
11.6849
11.683
11.683
11.6911
11.6892
11.6892
11.6808
11.6811
11.6899
11.687
11.6849
11.6811
11.6811
11.682
11.6792
11.6842
11.677
11.682
11.682
11.6858
11.687
11.6799
11.6839
11.6901
11.687
11.687
11.683
11.6799
11.6839
11.6851
11.6839
11.6789
11.6839
11.688
11.683
11.6839
11.6842
11.6758
11.6799
11.6839
11.6801
11.6851
11.6849
11.682
11.6889
11.694
11.683
11.6858
11.683
11.6839
11.683
11.6899
11.687
11.6899
11.6911
11.6892
11.683
11.687
11.683
11.6839
11.6839
11.688
11.687
11.687
11.6861
11.6818
11.693
11.683
11.6861
11.6842
11.6892
11.6851
11.6858
11.687
11.6889
11.687
11.6839
11.6851
11.682
11.6801
11.683
11.6899
11.688
11.6889
11.6861
11.6842
11.6861
11.6889
11.688
11.682
11.6858
11.682
11.682
11.6851
11.693
11.6911
11.687
11.688
11.6889
11.6899
11.687
11.693
11.6889
11.688
11.6861
11.6899
11.6851
11.6942
11.6861
11.6818
11.6861
11.682
11.6742
11.6801
11.677
11.6801
11.6808
11.6849
11.687
11.6849
11.6839
11.6811
11.687
11.688
11.683
11.682
11.683
11.6839
11.6811
11.677
11.6789
11.6799
11.6849
11.6901
11.682
11.6842
11.6889
11.683
11.6839
11.682
11.6808
11.6861
11.678
11.678
11.6811
11.6849
11.6811
11.683
11.6789
11.6801
11.678
11.6739
11.672
11.6739
11.6761
11.678
11.6701
11.688
11.6849
11.6849
11.6789
11.6832
11.6801
11.678
11.6892
11.6842
11.6839
11.6889
11.688
11.683
11.6832
11.6861
11.688
11.683
11.6818
11.6889
11.6851
11.6901
11.6918
11.693
11.6811
11.6818
11.6861
11.6909
11.6861
11.6889
11.6811
11.683
11.6811
11.682
11.693
11.6861
11.682
11.683
11.6811
11.683
11.682
11.6842
11.688
11.6901
11.682
11.683
11.6811
11.682
11.6861
11.683
11.6839
11.683
11.6849
11.6849
11.6811
11.688
11.6858
11.683
11.6811
11.682
11.6792
11.6839
11.678
11.677
11.683
11.6751
11.6789
11.6808
11.677
11.6839
11.6789
11.683
11.6789
11.6811
11.6792
11.682
11.677
11.6858
11.688
11.6789
11.683
11.6739
11.6701
11.6792
11.6749
11.678
11.672
11.6708
11.6761
11.672
11.672
11.6701
11.668
11.668
11.6739
11.673
11.673
11.6711
11.6701
11.6689
11.6739
11.6711
11.6689
11.6761
11.668
11.6708
11.677
11.678
11.677
11.6818
11.6811
11.682
11.6839
11.6808
11.6811
11.6808
11.6801
11.6842
11.6842
11.682
11.6801
11.6849
11.6761
11.6789
11.6818
11.6811
11.683
11.6801
11.6749
11.6811
11.6789
11.6789
11.683
11.682
11.6861
11.678
11.6851
11.6811
11.6789
11.683
11.6799
11.6801
11.6789
11.6808
11.6892
11.6868
11.6811
11.6839
11.678
11.6799
11.678
11.6799
11.678
11.678
11.6789
11.6808
11.6811
11.678
11.678
11.683
11.6832
11.6861
11.682
11.6799
11.6808
11.677
11.6711
11.677
11.6708
11.668
11.673
11.6711
11.672
11.6708
11.678
11.6711
11.6739
11.672
11.6761
11.6749
11.6739
11.6701
11.672
11.6711
11.683
11.6768
11.6751
11.6711
11.6739
11.6761
11.6789
11.6789
11.6839
11.677
11.6801
11.6868
11.678
11.687
11.6808
11.6761
11.6889
11.6861
11.678
11.678
11.6808
11.6789
11.6839
11.6851
11.6858
11.6839
11.6839
11.6861
11.6839
11.6839
11.6849
11.6861
11.687
11.6839
11.688
11.6851
11.683
11.6868
11.687
11.6849
11.682
11.6792
11.692
11.6901
11.687
11.682
11.6899
11.682
11.687
11.6851
11.6799
11.6899
11.6842
11.6818
11.6861
11.6889
11.6849
11.687
11.6889
11.683
11.683
11.6839
11.687
11.6849
11.682
11.683
11.6839
11.683
11.682
11.6861
11.683
11.6839
11.6849
11.6811
11.677
11.6761
11.6849
11.6739
11.673
11.6739
11.673
11.6799
11.6739
11.6701
11.673
11.6739
11.6761
11.6708
11.6801
11.6718
11.677
11.6751
11.6758
11.673
11.683
11.6689
11.678
11.687
11.682
11.6801
11.6789
11.6858
11.6892
11.6858
11.678
11.6789
11.6799
11.683
11.6849
11.6751
11.6799
11.6839
11.687
11.688
11.6858
11.6901
11.687
11.683
11.6811
11.6811
11.6801
11.682
11.6889
11.6849
11.6799
11.688
11.6799
11.688
11.6839
11.6839
11.683
11.682
11.6818
11.682
11.682
11.683
11.6811
11.682
11.693
11.678
11.6849
11.6801
11.6811
11.682
11.6808
11.682
11.6849
11.6889
11.682
11.6839
11.6799
11.687
11.6789
11.692
11.687
11.6861
11.688
11.6901
11.6849
11.6858
11.6851
11.6911
11.6909
11.6851
11.688
11.6889
11.6839
11.6839
11.688
11.6851
11.683
11.6808
11.683
11.6839
11.6799
11.6789
11.6761
11.6808
11.6851
11.6789
11.6808
11.6889
11.6811
11.6889
11.6811
11.683
11.6818
11.682
11.6801
11.6861
11.682
11.6818
11.683
11.6851
11.6818
11.682
11.6789
11.6799
11.682
11.682
11.6839
11.6808
11.682
11.6849
11.6861
11.682
11.683
11.6799
11.688
11.678
11.683
11.6849
11.6861
11.6818
11.683
11.6851
11.6951
11.682
11.6839
11.6839
11.687
11.693
11.6892
11.682
11.6949
11.6861
11.682
11.6889
11.6918
11.683
11.682
11.688
11.6799
11.6849
11.6839
11.6861
11.6792
11.6839
11.6839
11.6818
11.6761
11.6799
11.682
11.6758
11.6801
11.678
11.6811
11.6768
11.677
11.6751
11.6701
11.6708
11.6661
11.672
11.6689
11.6761
11.6682
11.672
11.678
11.6711
11.6792
11.682
11.6811
11.6801
11.6799
11.6789
11.6792
11.6811
11.6839
11.6849
11.6761
11.6801
11.6839
11.683
11.6799
11.6789
11.683
