63.3609
58.2349
57.802
58.3029
57.7891
57.2901
58.5721
58.537
53.3659
53.1809
59.787
59.953
60.534
57.6391
54.4591
58.0781
58.1539
58.1231
58.0781
58.2569
60.9541
60.4081
60.3421
60.0848
59.6299
60.745
60.4019
61.877
66.3259
62.9821
62.542
65.6068
61.121
69.896
71.986
65.1569
62.8722
63.906
69.1459
68.4361
65.927
68.115
63.6501
68.9139
71.62
66.4761
66.066
69.891
69.6759
65.9759
64.9529
66.4151
75.7401
77.1041
68.413
69.5879
67.1639
67.0841
67.6591
68.558
70.9591
75.346
72.9899
77.0111
67.394
67.2901
67.009
68.6848
69.5291
72.849
74.255
67.0929
67.131
67.8148
68.4092
67.0121
67.2491
72.7289
76.6399
75.3551
75.7589
75.6271
74.858
74.2242
74.971
76.709
76.4012
76.067
75.5808
75.026
74.584
83.4711
83.4222
81.476
76.864
76.0942
75.7699
75.86
76.009
79.694
