81.0311
73.02
73.0648
72.9899
73.0488
72.892
73.0062
73.3008
72.9952
72.9749
73.2479
72.999
72.9201
72.9191
73.066
73.0369
73.0929
72.9342
73.0369
72.9978
73.0548
73.0429
72.953
73.0011
73.0929
72.8731
73.266
72.9239
73.0469
73.1449
72.999
73.0441
73.3008
72.9961
72.9349
73.066
73.0281
72.9461
73.096
73.1351
73.0669
73.118
73.0901
72.974
72.989
73.034
72.942
73.076
73.087
72.9809
72.892
73.0579
72.8741
73.019
73.1289
73.1871
73.081
73.0369
73.1978
73.21
73.0309
72.9721
73.0691
73.071
73.1108
73.0319
73.0209
72.8939
72.969
72.927
73.1978
73.0722
73.0839
72.973
73.0281
73.101
72.9761
72.8762
73.1089
72.9761
72.9759
72.8772
72.973
72.9592
72.8838
73.0751
72.9821
73.117
72.885
73.2088
73.1978
73.1151
73.056
73.1919
73.247
73.0081
73.2019
73.241
73.35
73.2028
