4.47297
4.42696
4.42696
4.44293
4.421
4.41504
4.42505
4.43387
4.421
4.4589
4.45604
4.457
4.44198
4.426
4.44603
4.40383
4.44698
4.44794
4.44889
4.44913
4.40288
4.426
4.42696
4.41694
4.45104
4.44579
4.44317
4.43912
4.43912
4.41289
4.44603
4.45294
4.44198
4.41289
4.4589
4.41885
4.43888
4.46701
4.46701
4.43602
4.40311
4.43316
4.44198
4.42791
4.42004
4.44698
4.44198
4.44603
4.45414
4.48298
4.43006
4.4179
4.41694
4.46391
4.44603
4.43006
4.47607
4.43888
4.41599
4.43792
4.426
4.43101
4.45509
4.41003
4.43101
4.4179
4.421
4.43888
4.43101
4.41504
4.46105
4.4241
4.44508
4.44102
4.42815
4.47488
4.43196
4.44889
4.426
4.426
4.4241
4.41694
4.44794
4.42481
4.43506
4.44889
4.45199
4.42791
4.43792
4.426
4.44388
4.42505
4.44984
4.43292
4.41194
4.43697
4.46296
4.43602
4.41718
4.43411
4.47106
4.4539
4.47392
4.43697
4.41384
4.4241
4.43196
4.42505
4.42982
4.42982
4.41504
4.43697
4.41599
4.47011
4.45604
4.42815
4.44102
4.44889
4.48608
4.45199
4.45604
4.4179
4.426
4.45104
4.44412
4.45604
4.43006
4.43101
4.43506
4.43506
4.44508
4.41599
4.42982
4.40812
4.45414
4.44603
4.46105
4.44603
4.462
4.43101
4.43912
4.4539
4.43506
4.44221
4.4682
4.44412
4.4179
4.43792
4.45294
4.44698
4.44984
4.44293
4.47702
4.4229
4.43602
4.45294
4.41599
4.43196
4.42505
4.43101
4.421
4.41003
4.4508
4.46105
4.42886
4.43411
4.42505
4.43292
4.44913
4.421
4.41599
4.426
4.46081
4.43101
4.4291
4.43816
4.44603
4.4291
4.47702
4.42505
4.43387
4.44412
4.421
4.43792
4.44007
4.45914
4.40717
4.43101
4.44889
4.46415
4.40598
4.44603
4.43721
4.44698
4.45294
4.42004
4.41885
4.43006
4.42505
4.43697
4.42815
4.43888
4.42004
4.43888
4.42195
4.41194
4.42195
4.40502
4.45604
4.46796
4.44984
4.43602
4.43602
4.42004
4.43602
4.44388
4.44198
4.43196
4.49085
4.47488
4.41098
4.43697
4.426
4.43506
4.43912
4.43006
4.43006
4.43196
4.426
4.44698
4.43602
4.43602
4.41313
4.44984
4.43697
4.43101
4.43602
4.4291
4.43697
4.4179
4.41909
4.4508
4.42195
4.43411
4.44889
4.46391
4.42791
4.45104
4.43101
4.43006
4.42219
4.44007
4.44794
4.47392
4.457
4.43506
4.43411
4.4651
4.44102
4.43411
4.41599
4.44603
4.45008
4.44913
4.44293
4.42886
4.41194
4.44698
4.421
4.43316
4.43816
4.45795
4.45199
4.42314
4.4241
4.45104
4.45819
4.44603
4.43506
4.43602
4.43697
4.44007
4.4508
4.43411
4.42004
4.48608
4.44293
4.41599
4.43196
4.43316
4.41003
4.44007
4.4589
4.42886
4.40717
4.45008
4.43292
4.42004
4.47297
4.46916
4.426
4.42195
4.48799
4.4179
4.45104
4.43196
4.43697
4.41313
4.45104
4.44102
4.45008
4.41408
4.4241
4.46701
4.44913
4.44603
4.45199
4.43006
4.40812
4.41313
4.44698
4.42481
4.44007
4.4558
4.46916
4.41599
4.426
4.42886
4.45509
4.41217
4.44102
4.43506
4.42386
4.43602
4.43506
4.43101
4.43101
4.42696
4.4291
4.4148
4.43411
4.426
4.44698
4.44698
4.44102
4.45294
4.43888
4.41194
4.4241
4.43101
4.45604
4.43602
4.40979
4.44698
4.45485
4.44603
4.44984
4.43816
4.44412
4.44984
4.44508
4.44293
4.47607
4.4322
4.426
4.42505
4.44984
4.41408
4.4508
4.44198
4.45604
4.45819
4.43101
4.44007
4.43101
4.421
4.46606
4.45199
4.40979
4.44293
4.41098
4.4179
4.43506
4.43196
4.4291
4.42982
4.43411
4.4148
4.43196
4.43602
4.43912
4.47798
4.43006
4.43697
4.4241
4.41885
4.45008
4.43292
4.39906
4.45914
4.462
4.44508
4.4539
4.44508
4.42195
4.4179
4.41098
4.46987
4.43006
4.42219
4.45008
4.43697
4.426
4.4291
4.42219
4.44221
4.43006
4.426
4.44603
4.44102
4.43006
4.43411
4.43912
4.43196
4.47011
4.41694
4.45986
4.43316
4.43602
4.44412
4.46105
4.46415
4.43721
4.45914
4.43482
4.45914
4.44508
4.46486
4.457
4.40788
4.44007
4.42219
4.42719
4.43101
4.4229
4.45795
4.43411
4.43912
4.41885
4.43602
4.42195
4.43387
4.44293
4.41098
4.43006
4.43316
4.4589
4.44484
4.42505
4.44603
4.45509
4.46582
4.43697
4.40598
4.44293
4.42815
4.44198
4.4229
4.4589
4.42505
4.42386
4.42004
4.44794
4.42195
4.47583
4.44603
4.42195
4.44102
4.43697
4.41885
4.44698
4.45104
4.44412
4.42696
4.43983
4.43912
4.42219
4.41003
4.426
4.43983
4.48108
4.41718
4.44818
4.46987
4.426
4.48203
4.44913
4.41408
4.45199
4.44984
4.42195
4.49705
4.44388
4.43101
4.46296
4.42219
4.45104
4.44078
4.421
4.4229
4.43316
4.43912
4.43888
4.41384
4.44293
4.46415
4.44293
4.45104
4.44579
4.457
4.42195
4.43912
4.44317
4.43602
4.43387
4.44603
4.44603
4.43006
4.426
4.421
4.42696
4.48799
4.4601
4.43912
4.45604
4.41217
4.43101
4.4558
4.43506
4.44579
4.43816
4.44102
4.45199
4.43912
4.44508
4.41504
4.42505
4.4539
4.43888
4.43006
4.43888
4.44198
4.43196
4.43292
4.48298
4.45008
4.44603
4.4179
4.44388
4.41599
4.41194
4.47011
4.45604
4.47011
4.44913
4.43721
4.42505
4.42696
4.43101
4.45008
4.44603
4.44818
4.41003
4.41313
4.44388
4.42386
4.4179
4.44603
4.43006
4.426
4.45199
4.47297
4.42791
4.44794
4.44603
4.43721
4.43196
4.46105
4.44007
4.43316
4.426
4.42791
4.42314
4.457
4.4291
4.44388
4.45414
4.47392
4.42004
4.44913
4.43697
4.44794
4.42791
4.44603
4.44317
4.43196
4.43411
4.43387
4.43292
4.47297
4.42195
4.44198
4.41098
4.44388
4.43816
4.43506
4.426
4.42386
4.45008
4.42314
4.46701
4.44317
4.43006
4.43792
4.41504
4.43792
4.4589
4.46296
4.42982
4.41599
4.43506
4.42004
4.47702
4.42791
4.44388
4.4241
4.426
4.44794
4.41694
4.43006
4.46892
4.48585
4.43506
4.40192
4.42886
4.4179
4.462
4.43196
4.44698
4.45986
4.43602
4.44484
4.43411
4.421
4.43316
4.46916
4.43387
4.43697
4.41813
4.43196
4.41885
4.43101
4.42791
4.43101
4.40383
4.4179
4.43006
4.43578
4.42719
4.41909
4.43792
4.42004
4.43912
4.43101
4.41217
4.43602
4.44198
4.42886
4.43411
4.43316
4.42815
4.40478
4.43196
4.41504
4.43482
4.426
4.43006
4.44913
4.43196
4.43888
4.42314
4.44508
4.43602
4.43506
4.4229
4.43196
4.43411
4.4601
4.41098
4.4322
4.42505
4.47798
4.43292
4.43101
4.4198
4.44984
4.44007
4.41599
4.4229
4.46296
4.46105
4.41813
4.45008
4.43292
4.43697
4.44698
4.44198
4.43697
4.426
4.45199
4.43411
4.44412
4.43697
4.45509
4.45223
4.46415
4.42386
4.44794
4.43387
4.40407
4.44388
4.493
4.43101
4.44221
4.43411
4.42791
4.42791
4.41909
4.44698
4.44603
4.45008
4.42576
4.44818
4.457
4.45795
4.4198
4.47798
4.44794
4.42314
4.42505
4.45199
4.44198
4.44102
4.457
4.44412
4.41813
4.4868
4.46415
4.44293
4.43387
4.45294
4.43101
4.43602
4.4241
4.44579
4.421
4.44102
4.43697
4.40598
4.44984
4.4291
4.426
4.43602
4.47083
4.41504
4.43387
4.43983
4.43816
4.46701
4.41003
4.43983
4.44698
4.46296
4.42004
4.4632
4.45318
4.41694
4.43006
4.4589
4.43888
4.4601
4.47297
4.43792
4.39787
4.44007
4.41504
4.43006
4.43888
4.4229
4.41003
4.43316
4.43912
4.44007
4.45604
4.4291
4.47893
4.4198
4.43912
4.44484
4.43697
4.45294
4.44388
4.43912
4.426
4.4179
4.4229
4.41408
4.44102
4.45509
4.42696
4.4322
4.43912
4.42886
4.42791
4.43697
4.44102
4.44198
4.46606
4.42386
4.43101
4.48585
4.41599
4.4291
4.4198
4.42195
4.45914
4.4241
4.421
4.4198
4.45199
4.45914
4.4291
4.42481
4.4539
4.44198
4.44007
4.43006
4.46486
4.4241
4.43101
4.45294
4.44603
4.44889
4.43101
4.43721
4.44102
4.44102
4.41003
4.44221
4.41408
4.40788
4.44603
4.44984
4.44102
4.43912
4.4198
4.42314
4.42815
4.4229
4.43196
4.44889
4.41694
4.45008
4.45509
4.42791
4.43602
4.44722
4.44818
4.44913
4.43816
4.43292
4.421
4.46296
4.4291
4.47583
4.44198
4.44603
4.41909
4.44293
4.4179
4.44102
4.4229
4.44007
4.45414
4.46606
4.4229
4.42886
4.41599
4.42886
4.41122
4.42886
4.4179
4.46892
4.42696
4.44508
4.43602
4.4241
4.48799
4.47488
4.43006
4.43816
4.42815
4.44818
4.44818
4.44412
4.42195
4.41885
4.42505
4.42696
4.43292
4.44317
4.41122
4.4539
4.46582
4.4539
4.43196
4.44984
4.4241
4.42791
4.45104
4.43482
4.41885
4.4291
4.47512
4.43387
4.44508
4.41504
4.44603
4.42481
4.42004
4.44293
4.42791
4.44198
4.42195
4.4589
4.44007
4.4179
4.45294
4.44198
4.45223
4.42696
4.42314
4.41289
4.43411
4.42696
4.46296
4.43196
4.43602
4.43578
4.45199
4.42815
4.43697
4.44293
4.43316
4.41098
4.45104
4.4539
4.43292
4.44198
4.457
4.43602
4.44412
4.44508
4.45199
4.42505
4.44007
4.44102
4.44603
4.47321
4.41909
4.43292
4.4179
4.421
4.43792
4.46296
4.42696
4.42004
4.42219
4.45318
4.44794
4.43792
4.43697
4.41694
4.43912
4.44102
4.462
4.44794
4.45199
4.44293
4.4241
