4.79507
4.7698
4.75693
4.75502
4.71997
4.72593
4.75597
4.72403
4.72403
4.72212
4.74882
4.73809
4.72593
4.76217
4.72903
4.72689
4.73905
4.72593
4.74691
4.75407
4.72689
4.71497
4.74691
4.72617
4.75097
4.76098
4.75597
4.71997
4.72498
4.7462
4.74286
4.71497
4.72617
4.73404
4.74
4.73285
4.7462
4.74381
4.76813
4.72999
4.71807
4.74
4.74095
4.76503
4.73285
4.70805
4.71687
4.71711
4.71807
4.75597
4.74405
4.74191
4.72498
4.75121
4.72593
4.78101
4.72903
4.71783
4.75097
4.74286
4.75717
4.75287
4.71306
4.71592
4.7431
4.74501
4.74
4.7431
4.71401
4.76003
4.72283
4.71807
4.72093
4.69804
4.77982
4.71401
4.7152
4.70614
4.73881
4.72498
4.73285
4.69804
4.7369
4.73809
4.71902
4.74596
4.72522
4.776
4.7369
4.71497
4.72903
4.71115
4.75383
4.73404
4.74191
4.72093
4.72403
4.72808
4.72689
4.71306
4.72403
4.72999
4.75693
4.72808
4.70805
4.72593
4.72689
4.74215
4.73189
4.74
4.73809
4.71902
4.7431
4.72808
4.72403
4.74787
4.72593
4.73595
4.72903
4.72903
4.72498
4.72403
4.73785
4.7152
4.72093
4.73905
4.73809
4.74715
4.72307
4.72879
4.73213
4.72903
4.74715
4.73404
4.70805
4.74
4.75287
4.75311
4.74286
4.70519
4.74095
4.75001
4.75287
4.72188
4.73809
4.71807
4.71902
4.73905
4.71091
4.71401
4.73094
4.72808
4.72999
4.72498
4.77219
4.75788
4.75407
4.72498
4.73905
4.74095
4.72784
4.72283
4.75216
4.71592
4.73285
4.72212
4.73094
4.72307
4.72093
4.70805
4.71497
4.72593
4.71306
4.71997
4.72212
4.72713
4.75287
4.75216
4.70996
4.75311
4.73189
4.73499
4.73094
4.7431
4.7338
4.7071
4.73595
4.72784
4.73213
4.75907
4.70519
4.71687
4.79007
4.74286
4.73714
4.71497
4.75287
4.73905
4.73404
4.72689
4.76909
4.73499
4.72403
4.70805
4.73094
4.73094
4.72093
4.72689
4.73595
4.74596
4.73189
4.74381
4.76384
4.73309
4.72283
4.72808
4.74095
4.71807
4.72879
4.71997
4.74501
4.72307
4.72498
4.72689
4.72999
4.71711
4.74286
4.71401
4.72188
4.70805
4.72283
4.73499
4.76408
4.71997
4.72093
4.70996
4.72498
4.71807
4.71807
4.72808
4.71783
4.71497
4.74286
4.73714
4.77386
4.69899
4.72689
4.70495
4.72212
4.73118
4.71902
4.74501
4.7071
4.73094
4.72093
4.7431
4.75097
4.77386
4.73809
4.72093
4.74882
4.71997
4.72093
4.74095
4.76503
4.69708
4.71902
4.72999
4.70591
4.74405
4.71687
4.72188
4.76003
4.73404
4.76098
4.73309
4.71401
4.74286
4.72999
4.70209
4.7369
4.74811
4.70901
4.75001
4.72689
4.72498
4.72403
4.78888
4.73404
4.73404
4.70901
4.75192
4.74286
4.72999
4.70495
4.74691
4.74811
4.73404
4.73881
4.704
4.74882
4.74691
4.77695
4.73905
4.74691
4.70185
4.78101
4.74191
4.70996
4.74
4.71997
4.68397
4.74596
4.72999
4.73905
4.74906
4.71306
4.74095
4.72403
4.71091
4.71807
4.7431
4.75883
4.7102
4.71377
4.72116
4.73404
4.71497
4.73595
4.72903
4.72093
4.74715
4.76289
4.72593
4.73309
4.74
4.73809
4.72689
4.72212
4.7729
4.75407
4.73189
4.73094
4.71115
4.7338
4.7121
4.73905
4.71902
4.74596
4.72784
4.73309
4.71401
4.72999
4.74095
4.72784
4.73309
4.74
4.73619
4.72903
4.70901
4.72307
4.76098
4.71997
4.72903
4.73094
4.71401
4.74811
4.76003
4.72522
4.78101
4.75097
4.71902
4.76503
4.70781
4.71401
4.72498
4.7121
4.71306
4.72307
4.73189
4.72808
4.73595
4.72498
4.71878
4.74691
4.75907
4.71902
4.73094
4.74286
4.69303
4.71711
4.73094
4.72307
4.71306
4.75001
4.70304
4.72713
4.75287
4.75717
4.73809
4.72188
4.73809
4.73309
4.71711
4.72784
4.70495
4.71807
4.75097
4.73499
4.71306
4.72689
4.74691
4.71592
4.73404
4.73189
4.75597
4.71306
4.74381
4.73905
4.74191
4.71711
4.72903
4.71711
4.71282
4.73714
4.82988
4.73022
4.7071
4.71687
4.73118
4.75001
4.72903
4.72593
4.76098
4.76623
4.69804
4.74501
4.74405
4.70185
4.71711
4.7071
4.71401
4.75883
4.72307
4.73404
4.70996
4.71306
4.73714
4.76193
4.76193
4.73905
4.73523
4.77195
4.72307
4.72903
4.72498
4.74
4.73309
4.71902
4.71997
4.72784
4.76789
4.72999
4.71902
4.71711
4.72593
4.73213
4.704
4.72498
4.7729
4.74405
4.75287
4.71592
4.71401
4.71401
4.7121
4.73499
4.73785
4.71401
4.71687
4.72093
4.74405
4.75502
4.74596
4.72212
4.71687
4.7431
4.76217
4.71115
4.72784
4.73404
4.74191
4.71592
4.71497
4.7648
4.70519
4.72617
4.73499
4.72593
4.71997
4.73881
4.70686
4.78816
4.73905
4.74405
4.74
4.74882
4.77195
4.74
4.70495
4.75097
4.70996
4.75907
4.73404
4.72283
4.72617
4.72903
4.73213
4.73905
4.71401
4.70996
4.72903
4.72212
4.75097
4.72283
4.7431
4.72593
4.72498
4.72593
4.72307
4.75192
4.73809
4.75192
4.71687
4.72379
4.75001
4.70805
4.71807
4.73404
4.70901
4.73809
4.72093
4.76694
4.72808
4.70781
4.74405
4.79007
4.71187
4.72713
4.75192
4.70114
4.704
4.71997
4.75287
4.74596
4.73905
4.75097
4.7338
4.72116
4.71282
4.73499
4.72808
4.69685
4.71616
4.77791
4.74596
4.76098
4.76003
4.71711
4.69899
4.74882
4.74
4.72307
4.73118
4.69184
4.72212
4.70281
4.75407
4.75192
4.72188
4.71306
4.72498
4.74095
4.73809
4.72999
4.74215
4.73595
4.71997
4.73309
4.75383
4.73809
4.78601
4.70996
4.76003
4.73285
4.72593
4.76408
4.72593
4.73809
4.7462
4.73189
4.7729
4.75121
4.70996
4.73309
4.72808
4.73595
4.71592
4.73595
4.73809
4.72593
4.72403
4.72808
4.76289
4.75502
4.74095
4.72903
4.71187
4.75502
4.72498
4.69899
4.72999
4.72307
4.72403
4.73809
4.70591
4.7791
4.74691
4.71687
4.73809
4.70185
4.71902
4.7369
4.69899
4.70304
4.76694
4.70996
4.72808
4.72808
4.71807
4.72903
4.71997
4.76313
4.72713
4.73905
4.776
4.7121
4.7369
4.7431
4.72403
4.73714
4.72379
4.7369
4.72903
4.7431
4.72283
4.72593
4.76599
4.72784
4.72093
4.71807
4.7071
4.75407
4.71997
4.76098
4.7071
4.73309
4.72689
4.71902
4.72593
4.73118
4.70304
4.73809
4.74405
4.73714
4.72116
4.71997
4.77695
4.73809
4.70901
4.76718
4.70614
4.72212
4.71902
4.75216
4.71401
4.73404
4.75907
4.72403
4.74596
4.75812
4.75311
4.73118
4.74191
4.73213
4.71187
4.74
4.72808
4.72498
4.73619
4.71902
4.72808
4.73595
4.75287
4.71187
4.72593
4.75216
4.70281
4.72593
4.72808
4.7338
4.72093
4.7071
4.72593
4.73404
4.72903
4.72903
4.70996
4.74095
4.74095
4.73309
4.78292
4.72593
4.73404
4.71997
4.72593
4.72903
4.72307
4.73595
4.74095
4.7121
4.76384
4.73809
4.75812
4.74119
4.72283
4.73905
4.71091
4.74095
4.71902
4.72307
4.73285
4.70614
4.71997
4.73309
4.70996
4.71902
4.70686
4.72403
4.76098
4.7431
4.73499
4.71091
4.72999
4.77386
4.70591
4.73285
4.7121
4.73118
4.72808
4.70591
4.77195
4.74191
4.73595
4.72498
4.72617
4.72307
4.75311
4.71616
4.74715
4.76503
4.73499
4.85516
4.73785
4.71711
4.72999
4.75383
4.73309
4.69303
4.72784
4.70209
4.7369
4.72307
4.73118
4.71616
4.72593
4.73905
4.74405
4.74
4.72903
4.72307
4.73094
4.73094
4.74596
4.71711
4.71592
4.72212
4.72808
4.72617
4.72498
4.73094
4.7729
4.73905
4.75192
4.74715
4.75907
4.72903
4.74501
4.69685
4.79507
4.72903
4.7338
4.69708
4.81391
4.75097
4.71306
4.74191
4.71592
4.70304
4.72212
4.73785
4.73499
4.71592
4.71282
4.76599
4.7121
4.71592
4.74501
4.72498
4.71997
4.72498
4.74095
4.70901
4.69804
4.70996
4.72116
4.74787
4.73499
4.72903
4.75907
4.73189
4.70304
4.72593
4.74095
4.73905
4.74405
4.72283
4.74119
4.73094
4.7431
4.72498
4.74286
4.78697
4.74501
4.78721
4.69685
4.71497
4.74095
4.73905
4.70686
4.76909
4.70591
4.71592
4.74596
4.74501
4.75097
4.75192
4.75979
4.72307
4.74715
4.75001
4.70877
4.73809
4.74
4.7369
4.72999
4.71091
4.79579
4.73309
4.70901
4.71091
4.71997
4.74715
4.74286
4.71497
4.72403
4.73499
4.75693
4.70805
4.73905
4.74501
4.73809
4.72617
4.76718
4.74191
4.71807
4.73213
4.72713
4.72307
4.76623
4.76599
4.73404
4.71997
4.75812
4.72403
4.72379
4.72212
4.72808
4.75693
4.73213
4.72689
4.7121
4.7431
4.72903
4.74
4.72999
4.72498
4.73213
4.70281
4.75597
4.71783
4.72212
4.75621
4.73619
4.72999
4.72999
4.72593
4.74095
4.72617
4.78005
4.73094
4.76599
4.75311
4.74
4.77719
4.75121
4.74906
4.71997
4.72403
4.74596
4.70901
4.72116
4.71902
4.68087
4.71115
4.72093
4.72593
4.73809
4.72188
4.7071
4.72713
4.74095
4.73595
4.74691
4.71497
4.73094
4.75597
4.74906
4.72188
4.72808
4.72593
4.72498
4.72999
4.73714
4.72093
4.7791
4.74405
4.71711
4.74
4.72403
4.73213
4.69899
4.71377
4.73404
4.72093
4.72593
4.72903
4.70114
4.75287
4.73094
4.72999
4.73213
4.74787
4.77815
4.71115
4.69899
4.78292
4.71091
4.68612
4.73094
4.73189
4.70805
4.75407
4.71592
4.72307
4.74596
4.77695
4.72689
4.7369
4.76289
