12.4402
12.3959
12.4209
12.4161
12.4331
12.439
12.4102
12.4209
12.4149
12.4259
12.4221
12.423
12.414
12.428
12.4211
12.4109
12.444
12.4381
12.4359
12.424
12.4378
12.4531
12.4409
12.44
12.4581
12.4421
12.44
12.4559
12.4822
12.4462
12.4469
12.434
12.435
12.4381
12.4691
12.444
12.4478
12.46
12.4609
12.4741
12.4609
12.4609
12.4571
12.4791
12.454
12.465
12.4619
12.4619
12.464
12.4791
12.4609
12.4629
12.476
12.4772
12.476
12.4729
12.459
12.4691
12.4729
12.4919
12.4841
12.471
12.466
12.485
12.4688
12.471
12.4931
12.4822
12.49
12.48
12.4819
12.47
12.4829
12.464
12.4791
12.485
12.4588
12.475
12.4729
12.4691
12.481
12.4741
12.485
12.4769
12.4979
12.481
12.4681
12.4838
12.4741
12.486
12.4741
12.4819
12.4679
12.485
12.4619
12.4762
12.4981
12.4738
12.5072
12.527
12.486
12.476
12.4891
12.4879
12.4969
12.4831
12.4841
12.5022
12.5132
12.507
12.501
12.495
12.4991
12.4769
12.5031
12.495
12.4948
12.506
12.4869
12.485
12.491
12.5051
12.511
12.5251
12.4969
12.5079
12.5029
12.5029
12.507
12.4931
12.496
12.4938
12.49
12.496
12.5082
12.5
12.5091
12.4989
12.522
12.512
12.4869
12.4922
12.5101
12.5129
12.5079
12.5251
12.5029
12.5091
12.5129
12.522
12.5098
12.537
12.5
12.496
12.521
12.5148
12.5129
12.496
12.501
12.4929
12.5122
12.5141
12.531
12.496
12.5041
12.506
12.5358
12.536
12.485
12.531
12.4948
12.4981
12.4989
12.537
12.547
12.5089
12.5151
12.4869
12.5141
12.5239
12.5251
12.538
12.526
12.5179
12.5279
12.5151
12.5151
12.5129
12.5139
12.5201
12.5399
12.507
12.5241
12.5089
12.495
12.521
12.5039
12.511
12.522
12.507
12.507
12.511
12.501
12.507
12.501
12.5201
12.5189
12.5132
12.521
12.512
12.5299
12.5101
12.511
12.5039
12.517
12.517
12.511
12.511
12.501
12.5101
12.516
12.512
12.507
12.5129
12.5189
12.5291
12.5349
12.5141
12.5339
12.512
12.516
12.527
12.5148
12.527
12.5201
12.5329
12.5458
12.522
12.527
12.526
12.507
12.5332
12.516
12.5449
12.507
12.532
12.5279
12.5291
12.526
12.5082
12.5248
12.5151
12.5179
12.5201
12.5241
12.5279
12.5229
12.527
12.517
12.542
12.5251
12.5248
12.5401
12.532
12.5248
12.5182
12.5191
12.5549
12.5258
12.5129
12.5129
12.5141
12.526
12.517
12.5291
12.5148
12.5301
12.5279
12.5301
12.5082
12.538
12.5198
12.5401
12.5148
12.5401
12.5248
12.5222
12.5332
12.521
12.5349
12.5592
12.5191
12.517
12.5029
12.522
12.532
12.527
12.5129
12.516
12.5239
12.5301
12.5499
12.5401
12.511
12.5141
12.5341
12.522
12.5282
12.5341
12.527
12.5339
12.5291
12.5532
12.5351
12.5299
12.5141
12.5349
12.5341
12.526
12.522
12.502
12.538
12.5511
12.5442
12.5179
12.521
12.5349
12.527
12.527
12.5239
12.5301
12.522
12.5339
12.5279
12.5329
12.543
12.5341
12.5239
12.5191
12.521
12.5461
12.5339
12.5461
12.5248
12.522
12.5201
12.5329
12.5339
12.5279
12.5349
12.548
12.5129
12.5232
12.5368
12.552
12.5291
12.5339
12.538
12.557
12.5289
12.537
12.522
12.526
12.521
12.5248
12.5391
12.5241
12.5299
12.5391
12.5291
12.517
12.5279
12.5539
12.5289
12.527
12.5461
12.522
12.558
12.5182
12.552
12.5289
12.552
12.547
12.5499
12.5339
12.5239
12.5511
12.537
12.5511
12.5339
12.521
12.5461
12.5289
12.527
12.5439
12.548
12.5248
12.5229
12.5329
12.5651
12.5411
12.5189
12.5611
12.5098
12.5191
12.5232
12.5442
12.5079
12.5279
12.5241
12.5179
12.5308
12.532
12.527
12.5401
12.5611
12.527
12.542
12.532
12.5339
12.537
12.527
12.5339
12.522
12.547
12.5511
12.527
12.5248
12.526
12.5511
12.5449
12.5389
12.527
12.547
12.532
12.5492
12.5351
12.5439
12.5539
12.542
12.5179
12.5229
12.543
12.5391
12.5341
12.5399
12.558
12.5461
12.5329
12.5389
12.5401
12.5289
12.526
12.527
12.5299
12.5129
12.5191
12.5439
12.527
12.5439
12.5711
12.5241
12.5289
12.5351
12.538
12.547
12.562
12.5561
12.547
12.553
12.543
12.547
12.5301
12.5358
12.5329
12.5229
12.5329
12.5239
12.5411
12.536
12.522
12.5351
12.5289
12.5339
12.5432
12.5382
12.5299
12.5289
12.5291
12.5289
12.552
12.526
12.5401
12.5299
12.527
12.5301
12.5339
12.553
12.5489
12.547
