0.012543
0.01262
0.012579
0.012604
0.0125909
0.0126121
0.0125902
0.0125959
0.012598
0.012578
0.0125871
0.0126052
0.0125771
0.0126019
0.012609
0.012598
0.0126021
0.0125899
0.0126159
0.0125959
0.0125928
0.0125959
0.0125859
0.0126169
0.0125859
0.012589
0.0125811
0.0125871
0.0125842
0.0125861
0.012594
0.012598
0.012588
0.012603
0.0126019
0.012599
0.0126009
0.0126109
0.012598
0.0125778
0.0125911
0.012599
0.01261
0.012593
0.0126009
0.0126131
0.0125871
0.0126019
0.0125821
0.0125921
0.0125921
0.0126121
0.012604
0.0125952
0.0125799
0.0125959
0.0126021
0.0125799
0.0126011
0.0125759
0.012598
0.0126181
0.0126131
0.0125999
0.0126081
0.0125821
0.012609
0.012604
0.0126112
0.012588
0.0125799
0.0126059
0.0125949
0.0126019
0.012594
0.0126131
0.0125949
0.0125792
0.012584
0.0125759
0.0125949
0.012594
0.012604
0.0126162
0.0125949
0.0125771
0.0125852
0.012584
0.0125849
0.0125868
0.0125909
0.0126052
0.0125921
0.012604
0.0125918
0.0126009
0.0126159
0.0125961
0.0126228
0.0125871
0.0126021
0.0125968
0.0126059
0.012599
0.0125859
0.0125909
0.012594
0.012583
0.01262
0.012598
0.012593
0.0125878
0.0126009
0.0126269
0.0125799
0.0125959
0.0125978
0.0126169
0.012598
0.0126021
0.0126021
0.012588
0.012599
0.012604
0.0126119
0.0126071
0.0126059
0.0125861
0.0126011
0.0125849
0.012593
0.012579
0.0125959
0.012583
0.0125721
0.0126071
0.012594
0.01262
0.0126059
0.012593
0.0126061
0.0126059
0.012568
0.0125899
0.0125959
0.0126059
0.0125949
0.012583
0.012619
0.012598
0.012614
0.012583
0.012599
0.0125971
0.012604
0.012614
0.0126021
0.0126021
0.0125921
0.0125971
0.0125849
0.012593
0.012588
0.012603
0.0125961
0.012614
0.012624
0.0126052
0.012605
0.0126069
0.0125968
0.0125871
0.0125971
0.0126109
0.0125871
0.012598
0.0126059
0.0125921
0.012594
0.0125809
0.0125918
0.0126171
0.012584
0.0125749
0.0125999
0.012598
0.0125911
0.0125949
0.012604
0.012593
0.0126059
0.0125961
0.012593
0.0126121
0.0126119
0.0126128
0.012594
0.012589
0.0125861
0.012609
0.0125859
0.0125918
0.01262
0.012624
0.0125871
0.012615
0.0126071
0.0126081
0.0126061
0.0125961
0.0125961
0.0126059
0.0126219
0.0126069
0.012584
0.012593
0.0125911
0.012589
0.0126309
0.0125911
0.0125961
0.012614
0.0126011
0.0125921
0.012588
0.0126009
0.0125968
0.0125861
0.0125949
0.0125911
0.0126009
0.0126212
0.0126002
0.012599
0.0125859
0.012579
0.012619
0.012594
0.0126061
0.0126109
0.0125968
0.0125861
0.0126002
0.012599
0.0125799
0.012593
0.0126061
0.012588
0.0125949
0.0125918
0.012615
0.012594
0.0126059
0.0125852
0.0125852
0.0125918
0.0125799
0.0125968
0.0125959
0.0126059
0.012603
0.012605
0.0125859
0.01261
0.0126002
0.0126231
0.012604
0.0126221
0.012615
0.0125971
0.0126021
0.012584
0.0125859
0.0126259
0.0125959
0.0126071
0.012593
0.0125849
0.012604
0.012609
0.0126021
0.0126071
0.012593
0.012599
0.012584
0.012603
0.0126081
0.0125921
0.0125978
0.0126052
0.0125911
0.012598
0.0125761
0.012599
0.0126028
0.0126171
0.0126302
0.0125871
0.012588
0.0125749
0.0125971
0.012598
0.0126209
0.012605
0.012598
0.0125899
0.0125961
0.012589
0.0125999
0.01261
0.0125842
0.012614
0.01261
0.0126112
0.0126221
0.012603
0.0125928
0.0125949
0.012599
0.012434
0.012573
0.012604
0.0125859
0.0125918
0.0125821
0.0125971
0.0125849
0.0125911
0.0126359
0.0125852
0.012603
0.0125921
0.012599
0.012605
0.012614
0.0125921
0.0125692
0.012598
0.0125721
0.0126021
0.0126071
0.0126009
0.012584
0.0126159
0.0125711
0.0125868
0.0125949
0.0125918
0.0125968
0.0126019
0.0126071
0.012593
0.012593
0.012573
0.012593
0.0125771
0.0125959
0.012589
0.01261
0.0125771
0.0126009
0.012604
0.0125899
0.0126059
0.01261
0.0125828
0.0125899
0.012604
0.0125952
0.0126209
0.0125959
0.0125899
0.0126061
0.012603
0.0125899
0.0125809
0.012603
0.012594
0.012598
0.012605
0.0126169
0.0126009
0.0125852
0.012588
0.0125921
0.012599
0.0126109
0.0125968
0.0125899
0.0125949
0.012593
0.0126259
0.0125821
0.0125899
0.0125918
0.0125899
0.0126078
0.012634
0.0125921
0.0125761
0.0125961
0.012593
0.0125859
0.0126019
0.0125918
0.012583
0.0125799
0.0126181
0.0125921
0.012619
0.012589
0.0125911
0.012563
0.012593
0.0125911
0.0126131
0.0125959
0.0125749
0.0126002
0.0125961
0.012588
0.012599
0.0125639
0.0126028
0.01262
0.0126052
0.0126421
0.0125921
0.0126109
0.0126109
0.0125961
0.0125999
0.0125959
0.0126009
0.012588
0.012609
0.012578
0.012609
0.0125918
0.0125899
0.012604
0.0125871
0.0125899
0.012589
0.0125999
0.012604
0.012604
0.0125771
0.012598
0.0126021
0.012589
0.012588
0.0126102
0.0126109
0.012584
0.0125999
0.0126119
0.0125721
0.012578
0.0125918
0.0126159
0.012625
0.012589
0.0125911
0.012593
0.0125968
0.0125949
0.012605
0.012603
0.0125811
0.0125921
0.012615
0.0125871
0.0126052
0.0125949
0.0125949
0.012589
0.0126269
0.0125859
0.0126131
0.0125928
0.012588
0.012593
0.012593
0.012574
0.0125871
0.0126159
0.0125999
0.0126131
0.0125921
0.0125971
0.0125701
0.012578
0.0125859
0.012605
0.0125811
0.0125868
0.0125909
0.0126119
0.0126112
