0.0119312
0.011008
0.0108769
0.0109692
0.010895
0.010901
0.010915
0.010751
0.0109069
0.010843
0.0110321
0.0107911
0.0109341
0.0110981
0.0108352
0.0107899
0.0109799
0.0110669
0.010916
0.011183
0.0108891
0.0109999
0.0107141
0.0108221
0.01103
0.010818
0.0108869
0.011167
0.0108469
0.0107801
0.0108559
0.010802
0.0108449
0.0108931
0.0110631
0.0110259
0.0108891
0.0108118
0.010695
0.0108681
0.0109489
0.010886
0.0108519
0.010895
0.01072
0.0110111
0.010864
0.011183
0.010972
0.010875
0.0109539
0.0109961
0.0109291
0.011158
0.0109189
0.010915
0.0109251
0.0108948
0.0109689
0.0110469
0.010895
0.010736
0.0109739
0.0109088
0.010849
0.010994
0.0110772
0.0109479
0.010982
0.010869
0.010824
0.0108321
0.0110171
0.011044
0.010915
0.0108168
0.0108759
0.010927
0.010886
0.0108831
0.0108662
0.0107939
0.010993
0.011039
0.010982
0.011075
0.010998
0.01109
0.0111392
0.010834
0.0108581
0.0111241
0.010906
0.010885
0.0110798
0.011153
0.0107539
0.010952
0.011075
0.0107398
0.010958
0.0108509
0.01107
0.010798
0.010834
0.0108581
0.010787
0.011199
0.010879
0.0111201
0.010884
0.0108061
0.011061
0.0108719
0.010869
0.010812
0.0111001
0.0107729
0.01092
0.010967
0.010869
0.010778
0.0108249
0.0110202
0.0107749
0.0110838
0.0108888
0.011003
0.010793
0.0107951
0.0110612
0.0108209
0.0110509
0.0110149
0.0108459
0.0108221
0.010787
0.0108991
0.0110722
0.010705
0.011162
0.0108249
0.0110772
0.010828
0.0107992
0.010946
0.0109851
0.0108941
0.0108781
0.0107942
0.0107741
0.0111232
0.010865
0.0110848
0.0107749
0.010781
0.0108402
0.0108531
0.0110719
0.0107501
0.011044
0.0108411
0.011199
0.0109248
0.0108731
0.0110381
0.010767
0.0108919
0.0110371
0.0111139
0.010757
0.0108819
0.0109301
0.0108421
0.0107481
0.011066
0.0109999
0.011091
0.0111601
0.0108612
0.010793
0.0108581
0.0108819
0.010813
0.010963
0.011174
0.010741
0.0107958
0.010989
0.010756
0.0107682
0.01072
0.0108812
0.010787
0.010716
0.0108662
0.0110331
0.0111129
0.0107629
0.0110979
0.010977
0.0110981
0.0108261
0.0107601
0.011044
0.0108192
0.0107992
0.0109658
0.0111039
0.0110519
0.0109291
0.0108528
0.0110199
0.010901
0.010911
0.010813
0.0107641
0.01091
0.0109298
0.0107689
0.0108368
0.0109591
0.0109251
0.0109129
0.011045
0.010946
0.0108998
0.011054
0.010891
0.010916
0.010901
0.010772
0.010843
0.0107801
0.0107868
0.0109642
0.0109198
0.01071
0.0108099
0.010983
0.0108728
0.0108712
0.0110731
0.0109482
0.0108931
0.0108631
0.0110068
0.0109599
0.0107799
0.01108
0.010973
0.0107789
0.010886
0.011009
0.0108559
0.0108578
0.0107679
0.0107632
0.0109169
0.0109458
0.0108209
0.010777
0.0107379
0.010874
0.0108609
0.010951
0.0108602
0.0110321
0.0109029
0.010905
0.0107131
0.0108421
0.0109391
0.011153
0.010766
0.0109389
0.0107191
0.010798
0.010854
0.0109298
0.0108559
0.010726
0.0110121
0.0110149
0.010895
0.0107381
0.010951
0.0107899
0.011086
0.0107841
0.011029
0.0109341
0.0108051
0.0108669
0.0107801
0.0108991
0.0108299
0.0110829
0.0109131
0.010839
0.0110631
0.011101
0.011076
0.0111232
0.0110059
0.010833
0.0110228
0.0108659
0.0109808
0.0110421
0.0107889
0.010956
0.0108001
0.0109122
0.0108938
0.0109699
0.0108478
0.0108621
0.0109081
0.0107651
0.0109141
0.010798
0.0111599
0.0108991
0.0108089
0.010906
0.0109351
0.01089
0.0110919
0.010916
0.0108011
0.0110672
0.0109379
0.0110679
0.0110469
0.010855
0.0108089
0.010843
0.0108991
0.01089
0.0107329
0.0109811
0.010783
0.0107448
0.0108371
0.0107491
0.0109301
0.0107121
0.010911
0.0108581
0.0109649
0.010886
0.0108631
0.010813
0.0109041
0.011163
0.0108659
0.0111401
0.0110769
0.0109041
0.010839
0.01087
0.01106
0.0109401
0.010823
0.011071
0.010932
0.0109742
0.011081
0.010757
0.0108731
0.0108929
0.0108259
0.010874
0.010895
0.010895
0.011013
0.011075
0.0111458
0.010783
0.0111101
0.0110729
0.010931
0.011101
0.010814
0.011102
0.0109789
0.010761
0.0107331
0.010808
0.010757
0.0109241
0.0110028
0.010983
0.0109808
0.010875
0.0109038
0.01105
0.0108981
0.010963
0.010875
0.010926
0.0107782
0.0110378
0.0109549
0.0109489
0.0111239
0.01088
0.0107212
0.0107911
0.010839
0.0108972
0.010937
0.0107861
0.0107939
0.0108149
0.0109591
0.0111892
0.0111771
0.0108991
0.010875
0.0107841
0.010807
0.011009
0.0108008
0.011055
0.0108342
0.01124
0.010761
0.0110061
0.010922
0.0109222
0.0110421
0.010932
0.0107679
0.0111382
0.0107219
0.0109091
0.0109081
0.0107441
0.0108678
0.0110829
0.010778
0.0109611
0.0107999
0.010879
0.0108249
0.010874
0.0109239
0.0109141
0.0107591
0.01104
0.0108981
0.010797
0.010958
0.0108242
0.0108831
0.0109251
0.0110149
0.010834
0.011075
0.0109971
0.0110521
0.0109601
0.0108809
0.0110281
0.0110881
0.0107441
0.0111432
0.0109789
0.010989
0.0107732
0.010926
0.010767
0.0109429
0.011004
0.0108941
0.010936
0.0107629
0.010896
0.0109148
0.0110269
0.0108509
0.0109129
0.0108969
0.0107231
0.0111151
0.010875
0.0108738
0.0108249
0.0109279
0.011059
0.0109482
0.010798
0.0108199
0.0108609
0.0110302
0.0108681
0.0107529
0.011152
