0.0109029
0.0101399
0.0101559
0.010154
0.0101411
0.010159
0.0101421
0.0101502
0.010133
0.010144
0.0101631
0.01016
0.0101399
0.0101371
0.0101531
0.010138
0.010149
0.01015
0.010154
0.010139
0.010138
0.010138
0.0101531
0.010148
0.010144
0.0101409
0.010139
0.0101399
0.0101519
0.0101471
0.010138
0.0101402
0.0101321
0.0101421
0.010148
0.010154
0.010134
0.0101569
0.010144
0.0101511
0.0101449
0.010154
0.010134
0.0101361
0.0101421
0.0101371
0.0101571
0.010155
0.0101409
0.0101411
0.010139
0.0101349
0.0101681
0.0101562
0.010134
0.0101299
0.0101349
0.0101418
0.0101418
0.0101259
0.0101311
0.0101268
0.0101299
0.010139
0.01019
0.0101471
0.0101402
0.010143
0.010138
0.0101471
0.010134
0.010128
0.0101268
0.010155
0.0101621
0.0101609
0.0101318
0.010139
0.0101411
0.0101469
0.0101659
0.0101402
0.010133
0.0101368
0.0101531
0.0101581
0.0101278
0.0101459
0.0101459
0.010149
0.0101371
0.0101559
0.0101559
0.0101449
0.010124
0.0101569
0.0101478
0.0101452
0.0101399
0.0101318
0.0101349
0.010139
0.010148
0.0101378
0.010139
0.0101519
0.0101409
0.0101478
0.01015
0.0101242
0.010144
0.010144
0.0101449
0.0101459
0.010143
0.0101411
0.0101449
0.010144
0.0101361
0.0101371
0.0101471
0.0101361
0.010138
0.0101452
0.010144
0.0101449
0.0101409
0.010149
0.010154
0.0101528
0.010139
0.0101471
0.0101411
0.010139
0.0101528
0.010144
0.0101399
0.0101252
0.0101302
0.0101418
0.010149
0.0101521
0.01015
0.010134
0.0101528
0.010138
0.010139
0.0101559
0.010133
0.0101392
0.0101421
0.0101321
0.0103071
0.0101302
0.010129
0.0101299
0.010124
0.0101449
0.0101352
0.0101402
0.0101409
0.0101528
0.010159
0.010134
0.0101552
0.010155
0.0101449
0.0101571
0.0101531
0.0101349
0.0101342
0.0101459
0.010169
0.010155
0.0101402
0.010134
0.0101449
0.0101511
0.010144
0.010144
0.0101631
0.0101242
0.0101409
0.0101418
0.010148
0.0101361
0.0101311
0.0101261
0.0101349
0.0101361
0.010148
0.010154
0.0101399
0.010143
0.010148
0.0101478
0.0101559
0.0101359
0.010139
0.010144
0.010144
0.0101609
0.010154
0.0101531
0.010144
0.0101469
0.0101469
0.0101378
0.010133
0.010148
0.0101371
0.0101302
0.0101428
0.010154
0.0101459
0.0101352
0.010133
0.0101302
0.010154
0.0101452
0.0101309
0.0101449
0.0101459
0.01015
0.0101459
0.0101409
0.0101449
0.0101449
0.0101428
0.01015
0.010154
0.010134
0.0101531
0.010138
0.0101421
0.010138
0.0101368
0.010129
0.0101321
0.0101421
0.0101411
0.01016
0.0101321
0.0101471
0.0101249
0.0101531
0.0101469
0.0101519
0.0101402
0.0101421
0.0101449
0.0101418
0.0101459
0.0101268
0.0101469
0.010144
0.0101421
0.0101469
0.0101318
0.0101378
0.010148
0.010138
0.0101478
0.0101399
0.010143
0.0101409
0.0101502
0.010148
0.0101411
0.0101659
0.0101609
0.0101531
0.0101399
0.0101411
0.010133
0.010139
0.010128
0.0101292
0.010143
0.010138
0.0101371
0.010148
0.010134
0.010128
0.0101459
0.0101409
0.0101559
0.010149
0.0101478
0.0101421
0.0101421
0.0101569
0.010133
0.0101511
0.0101621
0.010134
0.010143
0.01016
0.0101449
0.0101368
0.0101428
0.0101411
0.0101502
0.010143
0.0101428
0.0101511
0.0101461
0.010128
0.0101418
0.0101349
0.0101409
0.010154
0.0101421
0.0101411
0.0101671
0.0101509
0.0101311
0.010149
0.0101521
0.010133
0.0101399
0.0101302
0.0101421
0.010148
0.0101538
0.010139
0.0101411
0.0101628
0.0101459
0.0101399
0.010148
0.0101459
0.0101359
0.0101469
0.0101399
0.0101399
0.010139
0.0101461
0.0101352
0.01015
0.0101368
0.0101409
0.0101609
0.010165
0.0101421
0.0101371
0.0101361
0.010133
0.010129
0.010134
0.0101559
0.010139
0.0101428
0.010128
0.0101321
0.0101531
0.01016
0.0101299
0.0101368
0.0101409
0.010148
0.010149
0.0101349
0.010149
0.0101361
0.010144
0.0101361
0.010149
0.0101371
0.010149
0.0101449
0.0101409
0.0101349
0.0101299
0.010143
0.0101402
0.0101321
0.010129
0.0101349
0.010139
0.0101511
0.010139
0.010129
0.010128
0.0101471
0.0101318
0.010138
0.0101531
0.0101349
0.010148
0.010148
0.0101571
0.0101662
0.0101371
0.0101612
0.0101421
0.0101371
0.010144
0.010159
0.0101528
0.01015
0.010138
0.010149
0.0101449
0.010138
0.0101421
0.010149
0.010129
0.010154
0.0101471
0.010139
0.010124
0.0101471
0.0101299
0.0101459
0.010148
0.010138
0.0101449
0.0101349
0.0101411
0.0101411
0.0101461
0.010159
0.010129
0.0101421
0.0101299
0.010138
0.0101509
0.0101268
0.010133
0.0101311
0.010129
0.0101311
0.0101411
0.010144
0.0101421
0.0101342
0.0101469
0.0101531
0.0101521
0.010154
0.0101469
0.0101418
0.0101519
0.0101411
0.010134
0.0101509
0.010134
0.0101349
0.0101569
0.0101418
0.0101449
0.0101261
0.010143
0.010133
0.010139
0.0101418
0.0101509
0.0101459
0.0101349
0.0101562
0.0101361
0.0101562
0.0101509
0.010129
0.0101519
0.0101531
0.0101361
0.0101562
0.0101399
0.0101449
0.01015
0.010144
0.0101421
0.0101418
0.010148
0.010149
0.0101402
0.0101221
0.010139
0.0101202
0.0101411
0.010154
0.0101449
0.0101449
0.0101259
0.010148
0.0101531
0.0101731
0.010133
0.010138
0.0101411
0.00998306
0.0101619
0.0101409
0.0101509
0.010133
0.010149
0.0101511
0.010149
