0.00975418
0.00974607
0.00975084
0.00975108
0.00975299
0.00975108
0.00976205
0.0097568
0.00975704
0.00975704
0.00976586
0.0097599
0.00975299
0.00976205
0.00975299
0.009763
0.00975204
0.00975919
0.00975013
0.00974298
0.00975609
0.00975895
0.00975704
0.00975704
0.00975609
0.00975513
0.009758
0.00975394
0.00974917
0.00976396
0.00975204
0.00977182
0.00975299
0.009763
0.00975299
0.00975895
0.00976086
0.00975299
0.00975013
0.0097611
0.00974894
0.00975299
0.00977087
0.00975013
0.00974894
0.00974607
0.009758
0.00974989
0.00975204
0.00974894
0.00975513
0.009758
0.00976396
0.00975609
0.009758
0.00974917
0.00975108
0.00976205
0.00975394
0.00975394
0.0097549
0.00975394
0.00976014
0.00975204
0.00975204
0.00975299
0.00975394
0.00975084
0.00975394
0.00975204
0.00976586
0.00974607
0.00975204
0.0097549
0.009758
0.00976896
0.009763
0.00975394
0.00975394
0.009763
0.00977087
0.00976205
0.00975204
0.00974798
0.00975609
0.00975299
0.00975919
0.00975513
0.00975299
0.00975394
0.00975299
0.009758
0.00976491
0.00975585
0.00974512
0.00975609
0.00975609
0.00976205
0.00975299
0.00975704
0.00974417
0.009758
0.00976181
0.00975394
0.00978208
0.00974679
0.00974894
0.00975513
0.00975108
0.00976396
0.009758
0.00975609
0.00975394
0.00974417
0.00975204
0.00975895
0.00976396
0.00976586
0.00975204
0.00975609
0.00975513
0.00974703
0.00974917
0.00975704
0.00975704
0.00976205
0.00974703
0.00974894
0.00975585
0.00975204
0.00974894
0.00975108
0.00976205
0.00976205
0.00976205
0.00975895
0.00975585
0.00975394
0.00976396
0.00975394
0.009758
0.009758
0.00976205
0.00975299
0.0097661
0.00975108
0.009763
0.00975394
0.00974989
0.0097611
0.00974512
0.00975895
0.00974989
0.009758
0.00974798
0.00974989
0.00975609
0.009758
0.00975204
0.00975609
0.00974298
0.00975513
0.00976396
0.00975895
0.0097549
0.00974512
0.00976205
0.00975013
0.00975394
0.00975299
0.0097661
0.00975299
0.00975084
0.00974202
0.00974703
0.00974894
0.00975609
0.009758
0.00974298
0.00975013
0.00975895
0.00975394
0.00974703
0.00975418
0.00974989
0.00975394
0.00976706
0.00975204
0.009758
0.00975609
0.00975108
0.00975895
0.00975513
0.0097518
0.00974703
0.00975299
0.009763
0.009758
0.00974679
0.00976205
0.00974894
0.0097692
0.0097661
0.00976205
0.00975394
0.00975585
0.00975084
0.009758
0.00976992
0.00975108
0.00975895
0.00976396
0.00976396
0.00976706
0.0097549
0.00975204
0.00975704
0.00974512
0.00975299
0.0097549
0.00976181
0.00975609
0.00975108
0.00975418
0.00975609
0.00975394
0.00975609
0.00975394
0.0097568
0.00975013
0.0097611
0.00975513
0.009763
0.00975704
0.00975108
0.0097599
0.00974584
0.00975895
0.00975823
0.00977206
0.00974512
0.00974417
0.0097599
0.00974607
0.0097611
0.00975609
0.00975895
0.00975609
0.00975299
0.00975204
0.0097599
0.009758
0.00976205
0.00976014
0.00976896
0.00976205
0.00977111
0.00975299
0.00975084
0.009758
0.00974989
0.00975394
0.00975108
0.00974798
0.00974989
0.00975609
0.0097518
0.00974607
0.00976896
0.00974298
0.00975609
0.00974417
0.00975108
0.00975609
0.00975204
0.009758
0.00975513
0.00976515
0.00975394
0.00976205
0.0097599
0.00975704
0.009758
0.00975704
0.00975204
0.00975704
0.00976515
0.009758
0.0097549
0.00974894
0.00976181
0.009758
0.00975513
0.00975609
0.00960398
0.00974989
0.00974393
0.00974894
0.0097661
0.00976419
0.00975513
0.0097611
0.00975823
0.00974107
0.00975919
0.00975013
0.0097599
0.00976396
0.0097599
0.00975394
0.0097661
0.00975513
0.00975609
0.00974512
0.00975513
0.009758
0.00975204
0.00975299
0.00975013
0.0097568
0.00975609
0.00975609
0.00975609
0.00975299
0.00974989
0.00975609
0.00975108
0.00976801
0.00976801
0.00975299
0.00974298
0.00975704
0.00975895
0.00974703
0.00974607
0.009758
0.0097518
0.00975609
0.00975895
0.00974894
0.00975299
0.00975895
0.00976419
0.00975704
0.00976396
0.00975418
0.00974607
0.00976014
0.00975609
0.00975394
0.00974607
0.00974917
0.00976992
0.00975895
0.00975204
0.00974393
0.00977182
0.00975919
0.00975394
0.00974488
0.0097549
0.00975513
0.00975585
0.00976586
0.00976086
0.00975895
0.00974894
0.00976086
0.009763
0.00975299
0.00974607
0.00974298
0.00975204
0.00975895
0.00975585
0.00976086
0.00976086
0.00975108
0.00976515
0.0097549
0.00975585
0.0097611
0.00975704
0.00974822
0.00977492
0.00975204
0.009763
0.0097661
0.00975513
0.00975394
0.00974703
0.00975108
0.00976586
0.00975299
0.00976801
0.00974607
0.00975299
0.009758
0.00975204
0.00974107
0.0097661
0.00975299
0.00975513
0.00975108
0.00974989
0.00974703
0.00975418
0.00975895
0.0097599
0.00976086
0.00976396
0.00975609
0.00975418
0.00975919
0.009763
0.00975084
0.0097549
0.00975609
0.00974894
0.009758
0.00975394
0.00976086
0.00975704
0.00974894
0.00974894
0.00976396
0.00975299
0.0097518
0.00976205
0.00974298
0.00975299
0.0097549
0.00976586
0.0097549
0.00975204
0.00975013
0.00975704
0.0097549
0.0097549
0.00975299
0.00975585
0.00975394
0.00975513
0.00975704
0.00974989
0.00974894
0.00976014
0.00974607
0.00974107
0.00975609
0.0097549
0.00977397
0.00976491
0.00975323
0.00974607
0.00974703
0.00975394
0.00975704
0.00976086
0.00976706
0.00975513
0.00974607
0.00975513
0.00974989
0.00977206
0.00975609
0.00976706
0.00975513
0.00974703
0.00975919
0.00974488
0.00975895
0.00976682
0.00976014
0.00974798
0.00976014
0.00975394
0.00974703
0.00974679
0.00974798
0.0097599
0.009758
0.00975704
0.00975204
0.00976896
0.00975513
0.0097611
0.00975895
0.00974703
0.0097599
0.00975204
0.00976396
0.00974894
0.00975108
0.00975418
0.00974989
0.0097599
0.00975204
0.00975299
0.00976014
