0.0184479
0.018441
0.0184429
0.01844
0.018455
0.0184338
0.0184381
0.0184271
0.0184591
0.0184331
0.0184491
0.018435
0.0184369
0.0184438
0.0184422
0.0184419
0.018425
0.0184598
0.0184469
0.0184381
0.0184252
0.018434
0.0184431
0.0184431
0.0184581
0.0184422
0.0184369
0.018436
0.018435
0.0184522
0.018441
0.0184529
0.01845
0.0184679
0.0184481
0.0184398
0.0184269
0.0184519
0.0184278
0.0184619
0.0184479
0.0184329
0.018445
0.0184369
0.0184619
0.0184288
0.018445
0.018455
0.0184569
0.0184381
0.018446
0.018434
0.0184572
0.018445
0.0184209
0.0184309
0.018446
0.0184491
0.0184391
0.0184429
0.01843
0.0184369
0.01843
0.0184522
0.0184321
0.0184381
0.018455
0.018436
0.0184362
0.018434
0.0184519
0.0184321
0.0184371
0.0184481
0.0184309
0.0184622
0.018429
0.0184481
0.0184479
0.018461
0.0184441
0.0184581
0.0184481
0.0184641
0.018451
0.0184369
0.0184281
0.0184331
0.018434
0.0184209
0.0184572
0.018435
0.0184438
0.0184579
0.018441
0.01843
0.0184419
0.0184472
0.0184321
0.018446
0.0184469
0.01846
0.0184309
0.0184169
0.0184329
0.0184269
0.0184481
0.018441
0.0184228
0.0184491
0.0184319
0.018425
0.018465
0.0184331
0.01845
0.01844
0.0184379
0.0184281
0.0184188
0.0184069
0.0184488
0.0184541
0.018404
0.0184388
0.01843
0.018434
0.01844
0.0184441
0.0184259
0.0184529
0.0184441
0.0184321
0.0184381
0.0184569
0.01842
0.01847
0.0184329
0.0184329
0.01845
0.0184181
0.0184259
0.0184412
0.0184491
0.018429
0.018434
0.018435
0.0184331
0.0184429
0.01844
0.0184669
0.0184538
0.0184419
0.0184321
0.018451
0.0184379
0.018429
0.01845
0.018441
0.0184309
0.0184469
0.0184441
0.018434
0.018451
0.01842
0.018461
0.018441
0.0184081
0.0184319
0.0184429
0.0184519
0.0184169
0.0184412
0.0184228
0.01843
0.0184309
0.018434
0.018441
0.0184371
0.0184419
0.0184469
0.0184288
0.0184431
0.0184281
0.018466
0.0184379
0.0184488
0.018435
0.0184641
0.0184529
0.0184381
0.0184441
0.018419
0.0184228
0.0184309
0.018435
0.0184391
0.018435
0.018456
0.0184331
0.0184522
0.018404
0.0184319
0.01844
0.018451
0.0184469
0.01843
0.0184159
0.018434
0.018441
0.018435
0.0184391
0.0184588
0.018434
0.0184531
0.018456
0.01845
0.01844
0.018435
0.0184519
0.018455
0.0184371
0.0184209
0.0184391
0.018445
0.018424
0.0184438
0.0184588
0.0184469
0.0184309
0.0184538
0.0184491
0.0184071
0.018445
0.018455
0.018419
0.0184622
0.018441
0.018455
0.0184422
0.018441
0.0184619
0.0184319
0.018429
0.018451
0.0184412
0.018424
0.0184309
0.01841
0.018435
0.018429
0.0184629
0.018434
0.018415
0.01843
0.0184591
0.018436
0.0184541
0.0184639
0.018429
0.018434
0.0184431
0.018436
0.0184329
0.0184479
0.0184741
0.0184281
0.0184572
0.01843
0.0184388
0.01842
0.01845
0.0184379
0.018435
0.0184538
0.018441
0.018436
0.0184309
0.0184441
0.0184159
0.018451
0.0184588
0.018425
0.0184469
0.0184479
0.0184331
0.0184162
0.01845
0.0184422
0.0184331
0.0184398
0.0184209
0.0184629
0.0184548
0.0184278
0.0182939
0.0184369
0.018425
0.018425
0.0184669
0.018445
0.0184481
0.0184321
0.018446
0.0184631
0.0184371
0.0184531
0.0184281
0.0184488
0.0184429
0.0184388
0.0184441
0.0184181
0.0184231
0.01843
0.0184369
0.0184331
0.0184209
0.018436
0.0184309
0.018436
0.0184472
0.0184221
0.018446
0.0184429
0.0184329
0.018446
0.01846
0.0184572
0.0184259
0.018455
0.0184419
0.018424
0.018445
0.018435
0.0184271
0.0184431
0.0184491
0.018445
0.018456
0.0184669
0.0184131
0.0184472
0.0184419
0.0184262
0.018456
0.0184481
0.01843
0.0184579
0.0184259
0.0184362
0.0184591
0.0184541
0.018434
0.0184271
0.0184321
0.0184319
0.0184522
0.018472
0.018471
0.0184398
0.01844
0.018446
0.0184338
0.0184469
0.0184331
0.0184271
0.0184231
0.0184398
0.018455
0.0184379
0.018441
0.0184181
0.0184309
0.0184522
0.018434
0.0184462
0.018472
0.018441
0.01844
0.0184641
0.0184312
0.0184369
0.0184569
0.01845
0.018456
0.018492
0.0184598
0.01845
0.018436
0.0184441
0.0184441
0.0184519
0.0184529
0.018435
0.0184631
0.0184491
0.0184588
0.0184379
0.0184319
0.0184281
0.018436
0.01844
0.018451
0.0184531
0.0184181
0.018436
0.018446
0.0184379
0.0184469
0.0184481
0.018446
0.01843
0.0184271
0.018456
0.01843
0.0184271
0.018436
0.0184321
0.0184541
0.018435
0.018436
0.01844
0.0184381
0.018456
0.01844
0.01846
0.0184312
0.0184321
0.018429
0.0184481
0.018434
0.0184369
0.018425
0.0184469
0.018436
0.018445
0.018446
0.018424
0.018445
0.0184381
0.0184591
0.018429
0.018445
0.0184419
0.018415
0.018461
0.018435
0.0184519
0.018445
0.018434
0.0184271
0.0184171
0.0184481
0.0184469
0.0184481
0.0184228
0.0184329
0.0184379
0.0184219
0.0184329
0.0184379
0.0184529
0.018461
0.0184391
0.0184271
0.0184371
0.0184331
0.0184479
0.018441
0.0184569
0.0184538
0.0184379
0.018435
0.0184331
0.018461
0.0184171
0.0184431
0.0184431
0.018446
0.01842
0.0184278
0.018435
0.0184309
0.0184269
0.0184319
0.0184431
0.0184281
0.018456
0.01845
0.018446
0.0184481
0.018441
0.0184309
0.018445
0.0184321
0.0184619
0.018434
0.0184391
0.0184522
0.0184419
