0.0117359
0.010803
0.011107
0.010911
0.0108411
0.0107381
0.0108469
0.010884
0.0108411
0.010931
0.010783
0.0107799
0.010854
0.010906
0.010994
0.0109401
0.01109
0.01092
0.011013
0.0108628
0.0109639
0.0109959
0.0110559
0.010957
0.0108051
0.0108159
0.0108879
0.0109298
0.0111239
0.0111458
0.010783
0.0106292
0.0110259
0.0111248
0.0108769
0.0106921
0.0109289
0.0109282
0.0109239
0.010993
0.0110631
0.0108211
0.010921
0.0110252
0.0109961
0.01085
0.0109499
0.010814
0.0108788
0.0108252
0.011008
0.011035
0.0108101
0.0110769
0.0108709
0.0109038
0.010694
0.0109048
0.0107279
0.0110769
0.0108392
0.01105
0.0108409
0.010705
0.0109761
0.010932
0.01088
0.011039
0.0111029
0.010956
0.0108728
0.010978
0.0110581
0.0108712
0.0109379
0.0106349
0.0111239
0.0108421
0.0107279
0.0111251
0.010807
0.0110781
0.0110941
0.010818
0.0108049
0.010905
0.01089
0.0109689
0.010675
0.010874
0.0110669
0.0111191
0.0108972
0.010946
0.0108969
0.0109682
0.0108161
0.010884
0.0111129
0.0108862
0.010735
0.010797
0.010958
0.0108402
0.010797
0.0108979
0.010716
0.0108199
0.010725
0.0108252
0.0108781
0.0108829
0.010649
0.0111182
0.0107012
0.0110362
0.0106759
0.010968
0.0110521
0.01073
0.010812
0.0107892
0.0108361
0.010864
0.0110312
0.010941
0.010777
0.0110261
0.0108302
0.0107579
0.010792
0.0108569
0.0109289
0.010927
0.010788
0.01073
0.010782
0.010968
0.0108838
0.0107241
0.0109229
0.0111179
0.0108118
0.0109251
0.0109711
0.011101
0.010632
0.011111
0.0110049
0.0109739
0.011143
0.0107801
0.0110581
0.010819
0.010843
0.010638
0.0110981
0.0109081
0.010854
0.0107491
0.010865
0.0109322
0.0108821
0.0106468
0.0110049
0.010874
0.0109301
0.01088
0.010911
0.010987
0.0109129
0.0108571
0.0107858
0.0107741
0.011075
0.0110331
0.0108681
0.0109012
0.0108471
0.0108531
0.010777
0.0108371
0.010849
0.010792
0.010911
0.0108531
0.0108879
0.0110319
0.010818
0.0107481
0.010725
0.0108149
0.0109799
0.01089
0.010694
0.010977
0.0108342
0.0107892
0.011169
0.0110331
0.0110519
0.011091
0.0108619
0.010855
0.0108452
0.0107121
0.010776
0.0109839
0.010766
0.0108271
0.01089
0.0109398
0.0107951
0.0108988
0.011008
0.010967
0.0108359
0.011004
0.010649
0.0109582
0.0107682
0.011096
0.010978
0.0108409
0.0108511
0.0109022
0.0107911
0.011024
0.0110869
0.0108209
0.010879
0.0109169
0.0109391
0.0106311
0.010972
0.011045
0.0108972
0.010757
0.011029
0.010895
0.0110979
0.0107958
0.010813
0.011085
0.0109491
0.0110252
0.0107989
0.010833
0.0109191
0.0108569
0.0109949
0.01089
0.011025
0.0108299
0.0108659
0.0108621
0.0109818
0.0111091
0.0108759
0.010916
0.0108161
0.0107679
0.010859
0.0109229
0.0106459
0.0108631
0.0108972
0.0108671
0.01092
0.0111389
0.011071
0.01107
0.0109949
0.0109501
0.010772
0.010884
0.010854
0.0109661
0.0109901
0.0108979
0.0108879
0.011085
0.0108142
0.01091
0.0108511
0.0109601
0.011055
0.0109761
0.01106
0.010725
0.0110259
0.0111289
0.011034
0.0109079
0.0111201
0.0108688
0.0108469
0.0108619
0.010947
0.0108321
0.010848
0.0109079
0.010879
0.010972
0.010926
0.01089
0.0111039
0.010931
0.0110209
0.010757
0.0109491
0.0108099
0.0109701
0.011106
0.010916
0.0108809
0.0108991
0.010833
0.010618
0.0108762
0.0109041
0.0108571
0.0107641
0.0108461
0.010895
0.0108092
0.0108449
0.0108709
0.010916
0.010824
0.0109551
0.010989
0.010844
0.0108631
0.010865
0.01087
0.0110672
0.0111551
0.01104
0.010967
0.0108471
0.0106809
0.0109899
0.0110509
0.011102
0.0109379
0.011009
0.0108349
0.010967
0.011122
0.0109458
0.0108712
0.0109501
0.0110211
0.0108721
0.0109301
0.0111179
0.0109859
0.011049
0.0110738
0.0107629
0.011004
0.0110989
0.010848
0.010946
0.010936
0.0106831
0.0110252
0.010956
0.0109329
0.0109429
0.0108209
0.011029
0.0107942
0.0110519
0.0108979
0.0109138
0.0109479
0.0110092
0.0109391
0.010901
0.0109012
0.0110331
0.0107019
0.0108562
0.011008
0.0109851
0.0108671
0.011023
0.0108631
0.0111289
0.0110691
0.010915
0.0106101
0.010781
0.0108202
0.010751
0.010659
0.0108571
0.010803
0.0108361
0.0110521
0.0108111
0.0108478
0.0108879
0.01086
0.0109241
0.0107682
0.01107
0.010653
0.0110869
0.010906
0.0109491
0.0110521
0.01107
0.010653
0.010834
0.0109849
0.0106471
0.0108912
0.010951
0.01091
0.0110161
0.0108309
0.0109129
0.0109761
0.0107291
0.0107961
0.010905
0.0108979
0.0107369
0.0110941
0.0108058
0.0109019
0.010788
0.0108609
0.0108418
0.010998
0.010839
0.010772
0.0106258
0.0109529
0.0110779
0.010977
0.0110118
0.0108719
0.0110071
0.0108972
0.0109241
0.010936
0.0109179
0.0109222
0.0106711
0.010951
0.01071
0.010963
0.0110481
0.0109839
0.0110979
0.010875
0.010885
0.0108819
0.0107808
0.0108061
0.010906
0.0109291
0.0107641
0.01087
0.0108728
0.010916
0.0110888
0.0109119
0.010762
0.0110562
0.010956
0.0109148
0.010885
0.0109291
0.0107989
0.0109799
0.010927
0.0111301
0.010936
0.0108938
0.0106461
0.0109911
0.010885
0.0109022
0.0109751
0.0108271
0.0110531
0.0109351
0.011101
0.01086
0.0110941
0.0110462
0.0106759
0.0109239
0.010674
0.0108981
