0.021528
0.020761
0.0208991
0.020684
0.021277
0.020746
0.020792
0.0203459
0.02089
0.0209651
0.0205159
0.0210881
0.021184
0.0209892
0.021162
0.0208828
0.0206211
0.02073
0.021071
0.0207491
0.020601
0.0208821
0.0209291
0.0214911
0.0207129
0.0209329
0.0206461
0.021023
0.020798
0.0205271
0.02121
0.0208001
0.0203791
0.0208359
0.020875
0.0206158
0.02075
0.0210872
0.021358
0.0204139
0.0212829
0.020611
0.0210068
0.0209301
0.0212719
0.0210619
0.021138
0.0209441
0.0208099
0.021184
0.0207119
0.0208549
0.020741
0.0207429
0.020472
0.020715
0.0207999
0.021059
0.0205679
0.0204699
0.0210838
0.021184
0.0209129
0.020885
0.020766
0.020509
0.0215478
0.021122
0.0207639
0.0207481
0.0209711
0.020874
0.020818
0.0210021
0.020782
0.020946
0.0210521
0.0210271
0.0209131
0.020885
0.0205801
0.0206938
0.0210261
0.0211551
0.0206859
0.020854
0.020822
0.020937
0.0206978
0.02108
0.020987
0.0208509
0.0212131
0.02122
0.020797
0.0209832
0.020781
0.0210161
0.0202241
0.020714
0.0209758
0.021261
0.0211329
0.0207949
0.0207291
0.0211432
0.0208819
0.0206311
0.0209789
0.021153
0.02074
0.0206859
0.0211129
0.0209899
0.0210021
0.0211229
0.02107
0.02141
0.0210369
0.021127
0.02086
0.020951
0.020838
0.021019
0.0208821
0.020824
0.02105
0.0206561
0.020895
0.021076
0.020458
0.020884
0.0208061
0.0210979
0.0209661
0.021127
0.0210199
0.02088
0.0206599
0.02105
0.0211329
0.0208271
0.0207908
0.020895
0.0211432
0.020741
0.0206418
0.020725
0.021066
0.0205281
0.020957
0.0209188
0.021076
0.0212469
0.0209329
0.021147
0.0208941
0.020602
0.0211258
0.0211611
0.0210021
0.0209939
0.0208349
0.0209999
0.0210559
0.0208731
0.0206459
0.0209079
0.0209339
0.0207219
0.0209939
0.0211449
0.0209701
0.020829
0.0211089
0.0208759
0.0210149
0.0212259
0.021075
0.0209131
0.020875
0.0212109
0.0208941
0.020926
0.021137
0.0213571
0.0208859
0.020705
0.020716
0.0211749
0.0207291
0.0206959
0.0212839
0.020906
0.0207739
0.020781
0.021107
0.0208988
0.0210299
0.021245
0.0205212
0.0211201
0.0206861
0.02089
0.0204551
0.0212939
0.0208328
0.021487
0.0205789
0.0209949
0.0209589
0.0205228
0.0209239
0.021095
0.020818
0.020896
0.021204
0.0211902
0.0207031
0.0205481
0.0209081
0.0209899
0.0209332
0.0213161
0.0214889
0.0208709
0.0207961
0.0210171
0.0211079
0.021404
0.021301
0.0209088
0.0208499
0.0210228
0.021096
0.0212278
0.0206161
0.0208981
0.020679
0.020813
0.0213211
0.020822
0.0207858
0.0205371
0.0209789
0.0214739
0.020957
0.020741
0.021138
0.021127
0.020834
0.0206141
0.0209179
0.0205429
0.0212841
0.021009
0.020905
0.0206859
0.0207059
0.021184
0.0207541
0.0208471
0.021019
0.0208919
0.0206189
0.0208421
0.02039
0.0204079
0.0209591
0.020757
0.0207579
0.0206559
0.0207641
0.0207851
0.020957
0.0210152
0.0206621
0.0207059
0.021024
0.021214
0.020591
0.0211959
0.0205069
0.020829
0.0209198
0.020607
0.020726
0.020895
0.0205631
0.0209761
0.0209341
0.021101
0.0207019
0.020813
0.020977
0.0211821
0.0208082
0.0207901
0.020792
0.0211239
0.0208261
0.0213511
0.0207331
0.020751
0.021312
0.0210209
0.021127
0.021142
0.0211749
0.0206389
0.0208709
0.020839
0.0211642
0.0207169
0.0208321
0.020993
0.021009
0.0208409
0.0205889
0.0209858
0.020967
0.0208921
0.0207429
0.0206311
0.0208781
0.0205719
0.0211899
0.021173
0.0209229
0.02107
0.0214281
0.0207191
0.0207541
0.021292
0.0208919
0.0212219
0.0209661
0.021558
0.0207009
0.0211451
0.020627
0.02107
0.02108
0.0209682
0.020967
0.0207448
0.020951
0.020833
0.020869
0.021358
0.0208001
0.0209498
0.0209599
0.0213299
0.0207179
0.021307
0.0209908
0.0208709
0.02109
0.020648
0.02106
0.0213091
0.020932
0.0209529
0.0210712
0.020828
0.021323
0.021019
0.0208311
0.0218589
0.021239
0.0212629
0.0206969
0.020473
0.020813
0.02124
0.021111
0.0209959
0.0208941
0.020822
0.0211918
0.020968
0.0206139
0.0209491
0.0205441
0.0212221
0.0208361
0.020921
0.0208969
0.0212281
0.021091
0.0208979
0.0205698
0.0207422
0.020587
0.0207429
0.0210459
0.0216448
0.0207441
0.0205371
0.020962
0.020998
0.0211091
0.0210309
0.0210249
0.020788
0.0208099
0.021126
0.0211599
0.020782
0.0208139
0.0211251
0.0214038
0.0209
0.0209239
0.021107
0.0206029
0.021198
0.021142
0.0206399
0.0206621
0.0208151
0.0210111
0.0210199
0.0209432
0.0207078
0.020885
0.02072
0.020865
0.0209649
0.0207779
0.020576
0.020864
0.021003
0.021426
0.0210178
0.020463
0.0207469
0.020895
0.021054
0.0206871
0.0210512
0.021323
0.0208671
0.0208051
0.021172
0.0210402
0.0204971
0.0210052
0.0207951
0.0209792
0.0211151
0.020921
0.0208068
0.0204811
0.0204251
0.0207219
0.0207422
0.020822
0.0207651
0.0210428
0.0208039
0.020766
0.0207589
0.0207
0.02068
0.0207851
0.0208452
0.0206239
0.0209801
0.0205982
0.020961
0.020915
0.02105
0.020643
0.0211711
0.0207322
0.020586
0.0207942
0.021142
0.0209699
0.0208609
0.0206459
0.0210521
0.0208299
0.0207369
0.0208929
0.0210171
0.0211859
0.0207019
0.0213058
0.0206449
0.0210538
0.0208871
0.0207689
0.0210302
0.0210011
0.0206931
0.020741
0.021055
