0.01807
0.01682
0.016835
0.01682
0.0168428
0.0168321
0.016808
0.0168579
0.017163
0.016849
0.0168481
0.0168231
0.0168262
0.016829
0.0168421
0.0168231
0.016824
0.0168309
0.0168231
0.0168362
0.01684
0.016835
0.0168381
0.016835
0.016829
0.0168369
0.0168378
0.01686
0.016825
0.016809
0.0168161
0.0168269
0.016813
0.01682
0.01682
0.01684
0.0168419
0.016834
0.0168269
0.016813
0.0168269
0.016825
0.01684
0.016818
0.016885
0.0168221
0.0168331
0.0168252
0.0168211
0.0168431
0.0168371
0.0168209
0.0168259
0.0168231
0.0168121
0.0168149
0.0168331
0.0168431
0.0168471
0.016844
0.016813
0.0168262
0.016849
0.0168562
0.016818
0.01683
0.0168171
0.0168481
0.0168428
0.0168469
0.0168381
0.0168312
0.0168371
0.0168271
0.016813
0.0168152
0.0168319
0.0168371
0.016849
0.0168338
0.0168259
0.0168331
0.0168688
0.0168099
0.0168529
0.0168231
0.016839
0.0168309
0.0168409
0.016825
0.0168509
0.0168581
0.0168149
0.0168149
0.0168388
0.016856
0.016834
0.01683
0.0168231
0.0168512
0.0168421
0.0168309
0.0168381
0.0168328
0.0168719
0.0168591
0.0168259
0.016814
0.0168271
0.016809
0.0168312
0.0168469
0.0168428
0.0168121
0.0168252
0.016825
0.0168259
0.0168362
0.0168319
0.01684
0.0168309
0.0168369
0.016844
0.0168409
0.016839
0.016803
0.016825
0.016849
0.0168438
0.0168319
0.0168269
0.016824
0.016824
0.016824
0.0168152
0.016818
0.016834
0.016834
0.0168328
0.016829
0.0168402
0.0168149
0.016825
0.016835
0.0168221
0.0168359
0.0168219
0.0168569
0.01685
0.016814
0.016844
0.0168309
0.016829
0.016835
0.016782
0.016799
0.0168462
0.0168159
0.0168571
0.016834
0.017087
0.016844
0.0168071
0.0168352
0.01684
0.0168252
0.0168271
0.0168359
0.0168171
0.016839
0.016835
0.0168371
0.0168381
0.01684
0.016824
0.0168099
0.016834
0.0168092
0.0168579
0.016825
0.0168219
0.016804
0.0168381
0.0168419
0.0168271
0.0168259
0.01683
0.0168161
0.016814
0.01684
0.0168221
0.016845
0.016834
0.01684
0.0168481
0.016819
0.0168259
0.016844
0.016814
0.016824
0.016825
0.016829
0.0168371
0.0168471
0.0168381
0.016814
0.01684
0.016814
0.0168211
0.0168521
0.0168359
0.01684
0.0168371
0.0168111
0.0168071
0.01686
0.01686
0.0168359
0.016824
0.016829
0.0168459
0.016834
0.016855
0.0168159
0.01684
0.0168359
0.016819
0.0168421
0.016829
0.0168169
0.0168269
0.016876
0.0168369
0.0168478
0.016845
0.016818
0.016844
0.0168478
0.016804
0.0168312
0.016839
0.0168331
0.016829
0.016839
0.0168581
0.016834
0.016834
0.0168302
0.016813
0.016829
0.01683
0.016813
0.0168319
0.0168209
0.01684
0.0168591
0.01684
0.0168469
0.0168669
0.0168288
0.016839
0.0168281
0.016813
0.0168169
0.0168419
0.0168169
0.01682
0.0168428
0.016854
0.0168481
0.0168152
0.01684
0.0168128
0.0168161
0.0168231
0.0168529
0.0168209
0.0168371
0.0168459
0.0168269
0.016876
0.0168259
0.0170259
0.0168462
0.016834
0.0168331
0.016855
0.0168121
0.0168221
0.016824
0.0168512
0.0168231
0.0168202
0.0166821
0.016839
0.0168209
0.0168469
0.0168471
0.0168231
0.0168281
0.016834
0.0168529
0.0168312
0.016844
0.01684
0.0168359
0.0168309
0.0168579
0.0168281
0.016839
0.016814
0.0168231
0.0172071
0.0168371
0.0168121
0.0168331
0.0168369
0.0168428
0.016814
0.01683
0.0168281
0.0168328
0.0168409
0.0168281
0.016844
0.016845
0.0168421
0.0168371
0.016845
0.0168171
0.01684
0.0168118
0.0168469
0.0168328
0.0168231
0.0168438
0.0168309
0.0168269
0.016845
0.0168262
0.0168519
0.01684
0.0168409
0.0168309
0.016834
0.0168488
0.0168378
0.0168049
0.0168579
0.0168331
0.0166759
0.0168312
0.016824
0.016819
0.016818
0.0168469
0.01682
0.016849
0.016854
0.0168378
0.0168099
0.016844
0.016839
0.016854
0.01684
0.0168412
0.0168431
0.0168371
0.016834
0.0168281
0.0168328
0.0168381
0.0168359
0.0168421
0.0168309
0.016854
0.016855
0.016824
0.0168478
0.0168221
0.016861
0.0168421
0.016839
0.016814
0.0168171
0.0168421
0.0168149
0.01685
0.0168331
0.0168469
0.0168519
0.0168211
0.0168338
0.0168231
0.01683
0.0168569
0.016855
0.01685
0.016813
0.0168321
0.0168438
0.0168631
0.0168519
0.0168512
0.016819
0.0168231
0.016818
0.016819
0.016835
0.016855
0.016818
0.0168669
0.0168469
0.0168478
0.0168581
0.016834
0.0168328
0.0168121
0.0168619
0.0168281
0.016808
0.016829
0.0168362
0.016835
0.016813
0.0168219
0.0168529
0.0168421
0.016819
0.0168419
0.016829
0.016854
0.0168421
0.0168288
0.016819
0.0168269
0.01684
0.016829
0.0168252
0.0168221
0.0168641
0.016829
0.0168321
0.016825
0.016834
0.0168428
0.01683
0.0168221
0.0168178
0.0168328
0.016819
0.0168512
0.0168312
0.0168459
0.0168381
0.01685
0.0168171
0.0168529
0.016825
0.01684
0.016819
0.01684
0.016834
0.016835
0.0168519
0.0168312
0.016814
0.016854
0.016829
0.01683
0.0168149
0.0168359
0.016834
0.0168309
0.0168369
0.016819
0.0168099
0.016814
0.0168371
0.0168641
0.016819
0.016829
0.016829
0.0168209
0.01682
0.0168209
0.01682
0.01683
0.0168419
0.0168259
0.0168519
0.0168049
0.016856
0.016829
0.0168259
0.0168362
0.0168209
0.016845
0.01682
0.016845
