0.0422211
0.042038
0.0420272
0.0420251
0.0420129
0.042022
0.042028
0.0420349
0.042006
0.042012
0.0420079
0.0420141
0.042007
0.0420001
0.0420179
0.042011
0.0420182
0.042012
0.042011
0.0420189
0.042073
0.042069
0.042063
0.0420711
0.0420599
0.0420589
0.0420558
0.042057
0.042037
0.0420508
0.0420449
0.0420229
0.0420229
0.042033
0.0420239
0.0420339
0.042022
0.042016
0.0420251
0.042012
0.0420032
0.0420141
0.0420051
0.0420082
0.0420029
0.0420029
0.0419941
0.0419881
0.042017
0.0420091
0.041986
0.041986
0.0420032
0.042017
0.041991
0.0420029
0.042002
0.0420039
0.042079
0.042063
0.042063
0.0420768
0.042064
0.0420558
0.042058
0.0420551
0.0420601
0.042027
0.042048
0.042033
0.0420201
0.0420511
0.0420239
0.042037
0.0420129
0.0420141
0.0420001
0.042011
0.0420191
0.0420141
0.042011
0.0420079
0.0420001
0.042006
0.0419931
0.0419919
0.0420051
0.0420001
0.0420041
0.0419841
0.0420101
0.0419941
0.0419991
0.0420079
0.0420811
0.042084
0.0420799
0.0420609
0.0420699
0.042063
0.042058
0.0420461
0.042037
0.0420389
0.0420299
0.042043
0.0420291
0.0420351
0.0420141
0.0420201
0.042032
0.0420032
0.0420229
0.042016
0.0420201
0.042006
0.0420151
0.0420039
0.0420129
0.042104
0.0420871
0.0420771
0.042062
0.0420759
0.042053
0.0420361
0.0420401
0.0420518
0.0420461
0.0420341
0.0420291
0.0420308
0.0420289
0.042012
0.0420179
0.0420229
0.0420229
0.0420039
0.042012
0.0420182
0.042001
0.042021
0.0419979
0.0420182
0.042028
0.0421
0.0420759
0.042058
0.042068
0.042057
0.042052
0.0420539
0.042048
0.042052
0.0420349
0.0420542
0.042038
0.0420449
0.0420308
0.042022
0.0420201
0.0420139
0.042011
0.0420101
0.0420189
0.042032
0.0420122
0.0420098
0.0419939
0.042006
0.0420051
0.0420969
0.0420759
0.0420659
0.042058
0.042058
0.042048
0.0420539
0.042031
0.042047
0.0420361
0.0420392
0.042043
0.042063
0.0420439
0.0420229
0.0420141
0.042021
0.042017
0.0420308
0.042017
0.0420101
0.0420082
0.0420079
0.041991
0.0420039
0.042001
0.0420191
0.042069
0.042079
0.0420821
0.0420721
0.042063
0.0420709
0.0420399
0.042042
0.042047
0.0420532
0.0420301
0.0420151
0.0420341
0.0420401
0.0420411
0.0420191
0.0420189
0.0420129
0.042032
0.0420141
0.0420048
0.0420239
0.0420229
0.0420959
0.0420778
0.0420811
0.0420561
0.0420561
0.0420651
0.0420501
0.0420508
0.042062
0.042033
0.0420358
0.0420508
0.042038
0.042027
0.042022
0.0420151
0.0420301
0.0420191
0.042021
0.0420151
0.0420082
0.0419991
0.0420041
0.041996
0.042016
0.0420768
0.042074
0.0420909
0.0420749
0.042073
0.0420439
0.0420539
0.0420482
0.0420389
0.0420549
0.042021
0.042042
0.042027
0.0420289
0.0420332
0.0420241
0.0420151
0.0419562
0.0419581
0.0419681
0.04196
0.0419471
0.041971
0.04196
0.041976
0.0419681
0.0419829
0.0419731
0.041985
0.0419939
0.041985
0.041981
0.04197
0.0419691
0.041975
0.0419841
0.0419791
0.042002
0.041997
0.04197
0.0419741
0.0420122
0.0419791
0.041985
0.041985
0.041997
0.04198
0.042002
0.0419898
0.0419929
0.0419948
0.0419922
0.0420039
0.042006
0.0419819
0.0419881
0.042006
0.0419869
0.0419931
0.041996
0.0419981
0.04199
0.0419888
0.0419841
0.041986
0.0420191
0.041986
0.0420051
0.0419972
0.042017
0.042001
0.0420001
0.042016
0.04198
0.0420048
0.042002
0.0419941
0.0419891
0.0419941
0.0419829
0.0420079
0.0420029
0.042002
0.0419991
0.0420098
0.041991
0.0419888
0.042007
0.042002
0.042016
0.0419898
0.0419891
0.0419838
0.0419769
0.0419869
0.041997
0.0420251
0.04199
0.0419972
0.0419819
0.041996
0.0419791
0.0420082
0.0420179
0.0419939
0.0419979
0.042016
0.041995
0.0420091
0.042011
0.042002
0.04198
0.0420058
0.0420101
0.0420032
0.0420091
0.0419829
0.0419779
0.0420041
0.0420101
0.0419719
0.0419929
0.042006
0.041995
0.0419939
0.041996
0.0420029
0.0420241
0.0419979
0.0419862
0.0419869
0.041986
0.041996
0.0419879
0.0419922
0.0419991
0.042012
0.0419948
0.04198
0.0419979
0.041997
0.0420001
0.041997
0.0419972
0.0419931
0.0420079
0.041986
0.0419829
0.0420001
0.0420151
0.041985
0.0419919
0.042002
0.0420091
0.041986
0.041996
0.04199
0.0419891
0.041991
0.0419931
0.041995
0.0420082
0.0419791
0.041991
0.042021
0.041991
0.0420039
0.042022
0.0420151
0.0419841
0.042016
0.041986
0.0420189
0.0419998
0.041976
0.0419979
0.0419791
0.041996
0.042002
0.0419831
0.041986
0.0419762
0.0419981
0.042011
0.0420139
0.0420001
0.041991
0.042006
0.042006
0.041995
0.0420001
0.041991
0.0420148
0.0419991
0.041981
0.0419891
0.042011
0.041996
0.0419831
0.0419939
0.0420079
0.0419979
0.0420051
0.0420029
0.042002
0.0419891
0.041991
0.041986
0.042006
0.041985
0.041991
0.0420041
0.0419989
0.0420051
0.0419888
0.0419979
0.0419919
0.042001
0.0419841
0.042001
0.041991
0.042006
0.0420029
0.04199
0.0419979
0.0419879
0.041986
0.0419919
0.0420039
0.0420151
0.0420098
0.0420041
0.04199
0.0420098
0.042006
0.0419979
0.041995
0.041991
0.0419939
0.0419991
0.0419919
0.0419838
0.042001
0.0419872
0.0419791
0.0419881
0.0419791
0.041996
0.0419979
0.041991
0.041997
0.0420039
0.0419991
0.0420039
