0.02492
0.024847
0.024812
0.0248129
0.0248342
0.0248182
0.0248129
0.0248098
0.024811
0.0248289
0.024817
0.024822
0.024822
0.024817
0.0248032
0.024821
0.0248151
0.0248179
0.0248051
0.0248051
0.024821
0.0248091
0.0248129
0.0248241
0.0248148
0.0248179
0.024807
0.024806
0.0248098
0.0248199
0.024801
0.0248091
0.024816
0.024823
0.024807
0.024796
0.0248089
0.024817
0.024823
0.0248051
0.0247989
0.0248139
0.024816
0.0248079
0.024826
0.0248101
0.0248032
0.0248151
0.0248082
0.024812
0.0248098
0.0248089
0.0248199
0.0248342
0.024811
0.0248101
0.0248201
0.0248101
0.0248151
0.024802
0.0248058
0.0248129
0.0248151
0.0248141
0.0248241
0.0248191
0.024812
0.024811
0.0248311
0.0248082
0.0248132
0.0248129
0.0248129
0.024811
0.0248141
0.024802
0.0248289
0.0248089
0.024817
0.024816
0.0248239
0.0248191
0.0248191
0.024817
0.0248039
0.0248179
0.0248241
0.0248151
0.024817
0.0248051
0.0248029
0.024816
0.0248289
0.024812
0.0248079
0.024822
0.024806
0.0248129
0.0248251
0.0248029
0.024817
0.024828
0.0248241
0.0248249
0.024816
0.024827
0.024817
0.0248129
0.0248082
0.0248101
0.024811
0.0248361
0.0248132
0.024817
0.024816
0.024806
0.024811
0.0248132
0.0248029
0.024823
0.0248411
0.024817
0.024807
0.024822
0.0248089
0.0248129
0.0248201
0.024807
0.0248139
0.0248179
0.0248139
0.024807
0.0248151
0.024826
0.024817
0.0248148
0.0248079
0.0248179
0.024802
0.0248122
0.024827
0.0248041
0.0248182
0.0248101
0.024833
0.0248179
0.024828
0.0248129
0.0248201
0.024816
0.0248082
0.0248051
0.0248082
0.0248339
0.0248041
0.024812
0.024816
0.024811
0.0248311
0.024817
0.0248089
0.0248098
0.024816
0.0248041
0.0248032
0.0248091
0.0248129
0.0248091
0.024812
0.0248179
0.024816
0.0248151
0.0247951
0.0248089
0.024822
0.0248079
0.0248132
0.024812
0.024821
0.0248129
0.0248139
0.0248148
0.024802
0.0248089
0.0248091
0.024817
0.024812
0.0248048
0.0248029
0.0248208
0.024807
0.0248268
0.024817
0.024816
0.0248089
0.024816
0.0248189
0.024821
0.0248191
0.024807
0.0248148
0.0248151
0.0247951
0.0248158
0.0248141
0.0248141
0.0248141
0.0248201
0.0248311
0.0248311
0.0248132
0.0248089
0.024802
0.024816
0.024806
0.0248041
0.0248091
0.0248241
0.0248079
0.024827
0.024828
0.0248108
0.024806
0.0248051
0.0248122
0.024823
0.0248191
0.024816
0.0247989
0.0248232
0.0248001
0.024816
0.0248151
0.024817
0.024817
0.0247941
0.0248091
0.0248089
0.0248148
0.0248041
0.0248151
0.024807
0.024823
0.0248141
0.024797
0.024827
0.0248098
0.024821
0.0248079
0.0248199
0.0248129
0.0248101
0.0248051
0.0248091
0.0246739
0.024816
0.0248189
0.024811
0.024817
0.0248129
0.0248191
0.024807
0.0248148
0.0248189
0.0248179
0.024807
0.024807
0.0248141
0.024812
0.024822
0.024827
0.024811
0.0248151
0.024822
0.0248141
0.024817
0.0248351
0.024802
0.0248179
0.0248189
0.0248122
0.024806
0.024817
0.0248039
0.024807
0.024801
0.0248098
0.024811
0.0248201
0.0248241
0.024806
0.0248148
0.024812
0.0248241
0.0248189
0.024807
0.0248129
0.0248311
0.024816
0.0247931
0.024806
0.024816
0.0248132
0.024812
0.0248199
0.0248179
0.0248108
0.0248241
0.0248141
0.024801
0.024806
0.0248129
0.024817
0.024828
0.024833
0.024812
0.024821
0.024812
0.0248132
0.024823
0.0248258
0.024806
0.0248141
0.0248132
0.0248232
0.0248201
0.0248239
0.024807
0.024827
0.024807
0.0248098
0.024811
0.024828
0.0248151
0.0248191
0.0248179
0.0248191
0.024812
0.0248098
0.024822
0.0248199
0.0248079
0.024812
0.0248239
0.0248179
0.0248089
0.024806
0.024811
0.0248082
0.024832
0.0248079
0.024812
0.0248039
0.0248079
0.0248232
0.0248132
0.024811
0.0248101
0.024812
0.0248129
0.0248101
0.024838
0.024821
0.024806
0.0248239
0.0248201
0.0248148
0.0248289
0.0247979
0.024811
0.0248311
0.024812
0.0248082
0.0248151
0.0248101
0.024811
0.024823
0.024797
0.024802
0.0248139
0.024817
0.0248299
0.0248051
0.024806
0.024817
0.0248241
0.024832
0.024816
0.024811
0.0248091
0.0247979
0.024806
0.024816
0.0248029
0.0248089
0.0248199
0.0248029
0.0248101
0.0248101
0.0248201
0.0248041
0.024816
0.0248089
0.0248151
0.024827
0.0248201
0.0248179
0.0248189
0.0248258
0.0248239
0.024806
0.0248089
0.0248148
0.0248051
0.0248201
0.0248029
0.0248151
0.0248289
0.0248129
0.024816
0.0248249
0.024806
0.024807
0.0248089
0.0248089
0.024817
0.024811
0.0248072
0.0248091
0.0248051
0.024816
0.024806
0.024826
0.0248089
0.0248089
0.0248029
0.0248072
0.0248141
0.024816
0.024812
0.0248151
0.0248129
0.0248301
0.0248179
0.024838
0.0248029
0.0248098
0.024812
0.024817
0.0248282
0.0248041
0.0247989
0.024806
0.024812
0.024806
0.024816
0.0248361
0.0248148
0.0248091
0.0248039
0.0248101
0.0248129
0.024823
0.0248148
0.0248129
0.0248091
0.0248051
0.0248232
0.0248001
0.0248079
0.0248091
0.0248129
0.0248199
0.0248199
0.024837
0.0248079
0.024821
0.0248089
0.0248101
0.024816
0.024806
0.024826
0.024807
0.0248082
0.024811
0.0248091
0.0248289
0.024822
0.0248289
0.0248139
0.0248461
0.024816
0.0248079
0.0248158
0.0248311
0.024822
0.0248101
0.0248201
0.024801
0.024822
