0.012821
0.012857
0.012887
0.0128639
0.0128679
0.0128489
0.0128648
0.0128748
0.012857
0.0128469
0.0128789
0.0128648
0.012876
0.0128632
0.0128849
0.0128651
0.0128441
0.0128651
0.0128741
0.0128491
0.0128691
0.012886
0.0128698
0.0128651
0.012867
0.0128729
0.0128551
0.0128589
0.0128789
0.0128689
0.0128641
0.0128582
0.0128541
0.012876
0.0128682
0.0128789
0.012867
0.0128689
0.0128729
0.012876
0.0128629
0.0128481
0.0128591
0.0128691
0.0128551
0.0128541
0.0128801
0.012876
0.012866
0.0128849
0.0128689
0.0128789
0.012852
0.0128732
0.012857
0.0128491
0.012888
0.0128498
0.0128541
0.0128679
0.012845
0.012851
0.0128789
0.0128529
0.012862
0.0128641
0.012851
0.0128729
0.0128679
0.012881
0.0128579
0.0128679
0.0128701
0.0128691
0.012892
0.0128939
0.0128641
0.012876
0.0128808
0.0128698
0.0128551
0.012881
0.0128701
0.012857
0.012871
0.0128632
0.012862
0.0128388
0.0128438
0.012877
0.0128639
0.0128651
0.012866
0.0128851
0.0128498
0.0128629
0.0128801
0.0128791
0.0128431
0.012887
0.0128989
0.012861
0.012881
0.0128729
0.0128438
0.0128651
0.012856
0.0128679
0.0128591
0.01284
0.012857
0.0128529
0.012866
0.0128698
0.0128741
0.0128751
0.012872
0.0128748
0.0128489
0.0128441
0.0128851
0.012866
0.0128469
0.0128732
0.0128741
0.0128469
0.0128741
0.012872
0.0128651
0.0128629
0.0128689
0.0128748
0.012856
0.0128369
0.012892
0.0128639
0.0128548
0.012888
0.012845
0.012876
0.012866
0.0128782
0.0128729
0.0128489
0.012871
0.012856
0.012857
0.0128691
0.0128632
0.0128951
0.012862
0.012882
0.012866
0.012876
0.0128679
0.0128679
0.0128679
0.012892
0.012872
0.0128682
0.0128591
0.0128832
0.0128889
0.0128579
0.012862
0.0128579
0.012856
0.0128791
0.012876
0.0128641
0.0128431
0.0128901
0.012856
0.0128939
0.0128589
0.0128789
0.0128589
0.012876
0.0128789
0.0128732
0.0128641
0.0128589
0.0128601
0.012867
0.0128708
0.0128491
0.012841
0.0128629
0.012857
0.012882
0.0128691
0.0128739
0.0128739
0.0128851
0.0128431
0.012871
0.012867
0.0128722
0.0128682
0.0128841
0.0128601
0.0128539
0.012872
0.0128429
0.012862
0.0128899
0.012861
0.0128641
0.0128689
0.01285
0.0128741
0.0128789
0.012872
0.0128801
0.0128531
0.012857
0.012882
0.012861
0.012872
0.0128531
0.0128551
0.0128438
0.012872
0.012856
0.0128639
0.012861
0.012882
0.0128691
0.012872
0.012882
0.0128648
0.0128601
0.012851
0.0128748
0.012846
0.0128598
0.012897
0.0128782
0.0128629
0.0128622
0.012846
0.012893
0.012893
0.0128589
0.0128579
0.012872
0.0128431
0.0128751
0.012882
0.012882
0.0128791
0.012852
0.012867
0.012857
0.0128729
0.0128651
0.012877
0.012907
0.012861
0.0128829
0.0128658
0.012886
0.012866
0.0128748
0.0128751
0.0128801
0.0128808
0.0128469
0.012872
0.012877
0.012852
0.0128708
0.012856
0.012845
0.012888
0.0128808
0.0128641
0.012881
0.012871
0.0128739
0.012857
0.0128729
0.0128529
0.0128791
0.012872
0.0128582
0.0128551
0.0128858
0.0128579
0.012867
0.0128691
0.0128591
0.0128698
0.012872
0.012871
0.012856
0.012866
0.0128748
0.012861
0.0128701
0.012867
0.0128598
0.012876
0.0128591
0.0128691
0.0128741
0.0128732
0.0128589
0.0128632
0.0128901
0.012866
0.0128639
0.012862
0.012851
0.012871
0.012882
0.012857
0.0128431
0.012893
0.0128679
0.0128651
0.012866
0.0128579
0.0128391
0.0128748
0.0128579
0.012841
0.012871
0.0128591
0.012881
0.012857
0.0128782
0.0128739
0.012861
0.012852
0.0128679
0.012877
0.012857
0.012866
0.0128522
0.012882
0.012852
0.012893
0.0128891
0.012857
0.012897
0.012892
0.012862
0.0128448
0.0128739
0.0128849
0.012861
0.0128541
0.012876
0.0128381
0.0128651
0.0128591
0.012866
0.0128429
0.0128751
0.0128598
0.0128729
0.0128701
0.0128641
0.0128851
0.0128601
0.0128791
0.0128679
0.0128691
0.0128531
0.012861
0.012852
0.0128691
0.0128639
0.0128629
0.0128579
0.0128558
0.012861
0.0128729
0.0128551
0.0128441
0.0128651
0.012852
0.0128782
0.0128801
0.0128739
0.0128782
0.0128651
0.0128782
0.01285
0.012903
0.0128829
0.0128791
0.0129042
0.0128791
0.0128739
0.012861
0.0128448
0.012866
0.012846
0.0128801
0.0128658
0.0128691
0.0128598
0.0128829
0.0128889
0.0128651
0.012862
0.0128601
0.012862
0.0128551
0.0128791
0.012866
0.0128889
0.0128629
0.0128751
0.0128601
0.0128319
0.0128751
0.0128698
0.0128629
0.0128529
0.012886
0.0128789
0.012867
0.012877
0.0128531
0.0128491
0.0128741
0.012897
0.0128779
0.012872
0.0128839
0.012882
0.012861
0.0128689
0.012866
0.012892
0.0128839
0.0128789
0.012872
0.0128579
0.0128632
0.0128679
0.012876
0.0128591
0.0128798
0.0128601
0.012867
0.012867
0.0128481
0.0128779
0.012886
0.0128791
0.0128629
0.0128798
0.012861
0.012861
0.0128741
0.012846
0.0128551
0.0128651
0.0128648
0.012877
0.012867
0.012861
0.012866
0.012881
0.0128651
0.012861
0.0128701
0.0128491
0.0129039
0.0128651
0.0128601
0.012908
0.0128691
0.0128601
0.0128441
0.0128651
0.0128791
0.0128481
0.012856
0.012887
0.012867
0.0128679
0.012871
0.012857
0.012876
0.012877
0.0128682
0.0128629
0.0128789
0.0128901
0.0128689
0.0128579
0.0128632
0.0128651
0.0128698
0.0128639
