0.0183651
0.018492
0.01899
0.018188
0.0181661
0.018559
0.0184929
0.0182011
0.0183659
0.0189948
0.0183859
0.0188079
0.0188682
0.0183821
0.018899
0.018292
0.0189948
0.018909
0.0188949
0.0181892
0.0187671
0.0182631
0.018687
0.018513
0.0181339
0.0190129
0.0183811
0.0189099
0.0183849
0.018126
0.01897
0.0183039
0.0181959
0.0182891
0.018692
0.0181999
0.0184622
0.0188
0.0183771
0.0189841
0.018656
0.0182481
0.0182631
0.0188911
0.018949
0.018492
0.0182571
0.018157
0.0184779
0.0184822
0.0190129
0.0182099
0.0183821
0.0184388
0.0183041
0.0184491
0.0181661
0.018857
0.0186071
0.018261
0.0187759
0.018703
0.0189791
0.0188971
0.0185471
0.0185659
0.018086
0.0191369
0.0189459
0.0187361
0.018522
0.018198
0.0189149
0.0181952
0.0182362
0.0188019
0.018522
0.0186391
0.018806
0.0188451
0.0188351
0.0186112
0.0182581
0.0189581
0.0189309
0.0189669
0.0189369
0.018925
0.018847
0.0182669
0.018476
0.0188758
0.0188479
0.01827
0.0190158
0.0182099
0.0184722
0.0190051
0.0188651
0.019031
0.0187171
0.018929
0.0190308
0.018934
0.0182409
0.0184588
0.01811
0.0186281
0.0189211
0.0181048
0.018281
0.018889
0.0187469
0.0185511
0.0181789
0.0187531
0.0189531
0.0185699
0.018667
0.0185039
0.018352
0.018465
0.0189281
0.01894
0.0182509
0.0189919
0.0187252
0.018028
0.0190241
0.0188332
0.018584
0.0187569
0.018398
0.018348
0.0182679
0.018117
0.0187559
0.018285
0.0183959
0.018889
0.018779
0.018821
0.0184281
0.018225
0.0186679
0.018909
0.018436
0.0189569
0.0181339
0.0189981
0.018573
0.018177
0.0189042
0.0184259
0.0183399
0.0189979
0.0185931
0.0182641
0.0181282
0.0183439
0.0183821
0.018291
0.018919
0.0183549
0.018456
0.0182428
0.0189769
0.0188448
0.0189819
0.019057
0.0182412
0.0188191
0.0183911
0.01882
0.0186892
0.0188041
0.0185061
0.0188479
0.018868
0.0182111
0.018822
0.0186329
0.0180879
0.018636
0.0183201
0.0188839
0.0183609
0.0181649
0.018373
0.018487
0.018373
0.018193
0.018652
0.018754
0.018985
0.018894
0.018507
0.0188811
0.018338
0.018558
0.018645
0.0186501
0.018312
0.019027
0.0189831
0.0181451
0.018162
0.0180221
0.0188861
0.0183711
0.0185668
0.018924
0.018455
0.018816
0.0184832
0.0187829
0.01882
0.018882
0.0190651
0.0183141
0.0182061
0.0185862
0.0186
0.0189939
0.018079
0.0185571
0.018961
0.018352
0.0182428
0.0181751
0.01823
0.0186062
0.018575
0.0184958
0.0182579
0.0183229
0.0189888
0.0189469
0.0180371
0.0182011
0.018919
0.0182478
0.01875
0.018374
0.018904
0.018538
0.0184581
0.0186551
0.018682
0.0180991
0.018434
0.0185902
0.018399
0.0190089
0.0188611
0.0185151
0.0189168
0.0184691
0.0190489
0.0183611
0.0189209
0.0185781
0.0189679
0.0184469
0.018755
0.0185668
0.0180941
0.0189679
0.019038
0.018312
0.0186529
0.01828
0.0186191
0.0186241
0.01878
0.019027
0.018152
0.0184162
0.018955
0.0184529
0.0189459
0.0182679
0.0183289
0.019057
0.0182819
0.0181429
0.01846
0.019017
0.018616
0.0184941
0.0186391
0.0189612
0.0189002
0.0182991
0.0181761
0.018075
0.0182099
0.018611
0.018878
0.018903
0.0186
0.0186889
0.0189192
0.0183721
0.018405
0.0188041
0.0188792
0.0182922
0.0182681
0.018393
0.018996
0.0189879
0.018558
0.0182881
0.018295
0.0185351
0.018065
0.018575
0.0184901
0.0182471
0.0187471
0.0188968
0.0183189
0.0189118
0.018975
0.018882
0.018971
0.018482
0.01879
0.018445
0.0186861
0.0185919
0.0184319
0.0189559
0.018281
0.01862
0.0188911
0.0183489
0.0185928
0.019027
0.0188842
0.0187311
0.0185211
0.0183849
0.0182941
0.018595
0.0186291
0.0186751
0.0181639
0.0185049
0.0187819
0.0183668
0.018322
0.0189719
0.018682
0.0182409
0.018008
0.0190899
0.018667
0.0188789
0.018486
0.0185192
0.0183389
0.0188632
0.0183098
0.018888
0.018667
0.0185719
0.0185571
0.0188382
0.018147
0.018872
0.018398
0.0184481
0.0185971
0.01843
0.0185778
0.0189161
0.0187268
0.0183589
0.018944
0.0184159
0.018563
0.0181279
0.0183151
0.018723
0.0188811
0.018471
0.018508
0.018142
0.0184119
0.0189528
0.018518
0.0188091
0.018904
0.0180109
0.0184441
0.01827
0.0185211
0.0184782
0.0189681
0.018904
0.0179238
0.018275
0.0183749
0.0186489
0.0185399
0.0185349
0.018254
0.018815
0.018513
0.0184481
0.01859
0.018625
0.018944
0.018991
0.0190501
0.0187089
0.0183451
0.0184882
0.018343
0.0188479
0.0187888
0.0187039
0.0183458
0.0184991
0.0186141
0.0189388
0.018261
0.0182002
0.0181451
0.0185699
0.0182891
0.018872
0.0189149
0.019038
0.0187011
0.018893
0.01863
0.018178
0.0180709
0.018549
0.0189869
0.0188229
0.018296
0.0185702
0.0190301
0.0182269
0.0185459
0.0190248
0.018918
0.0188241
0.0184929
0.0188529
0.0189099
0.0182588
0.018786
0.0189691
0.0188491
0.018435
0.0184581
0.0184071
0.0182941
0.0189528
0.0182478
0.0183139
0.018337
0.0182309
0.0184839
0.0188739
0.0188138
0.0190098
0.0182769
0.0182431
0.0181589
0.0189579
0.0183508
0.0186989
0.018645
0.0186388
0.0184159
0.0181041
0.0189669
0.0189421
0.0185831
0.0181751
0.018136
0.0189018
0.018893
0.01845
0.0183129
0.0189791
0.0184829
0.0188301
0.0181692
0.0186059
0.0190339
0.0182569
0.018219
0.018461
