0.0125191
0.0127051
0.0127001
0.0126989
0.012692
0.012696
0.012702
0.012686
0.0127001
0.012691
0.0126791
0.012706
0.0127101
0.0127001
0.0126951
0.012712
0.012701
0.0126741
0.012687
0.0127132
0.012687
0.0126989
0.012676
0.0126941
0.0126982
0.0126941
0.012691
0.0126941
0.0126791
0.012702
0.012707
0.0126948
0.012681
0.0127008
0.012697
0.0127449
0.012686
0.012722
0.012687
0.0126982
0.0126879
0.0126951
0.0127151
0.0126891
0.012697
0.0126879
0.012707
0.0126841
0.0127029
0.0127089
0.0127289
0.012681
0.0127029
0.0126801
0.0127051
0.0126922
0.0126939
0.0126729
0.012707
0.0126941
0.012682
0.0126789
0.0127192
0.0126891
0.012728
0.012676
0.0127001
0.0126989
0.0127041
0.012686
0.012692
0.0127001
0.012692
0.012701
0.0126891
0.0126841
0.0126939
0.012711
0.0126908
0.0126879
0.0127099
0.012702
0.0126929
0.0127079
0.0127161
0.0127101
0.0127041
0.0126982
0.0127141
0.0126891
0.0127211
0.0126991
0.012697
0.0127161
0.0127089
0.0127151
0.012691
0.0127001
0.012692
0.0126719
0.0126779
0.0127211
0.012711
0.012697
0.0127029
0.0126841
0.0127082
0.0126989
0.012712
0.0126989
0.0127151
0.0126989
0.012697
0.0127032
0.012722
0.0126889
0.012706
0.0126891
0.012718
0.012712
0.0126972
0.012711
0.0126882
0.012677
0.012681
0.0126948
0.012702
0.0127051
0.0127101
0.012687
0.012675
0.0126829
0.012692
0.0127099
0.0126939
0.012712
0.0127101
0.012701
0.0126979
0.0127079
0.0127192
0.0126901
0.0127108
0.012677
0.0126901
0.0127192
0.012691
0.0127029
0.0126979
0.0127091
0.012686
0.0127032
0.0126779
0.0126719
0.0126989
0.012707
0.0126851
0.012687
0.012701
0.0126929
0.0126791
0.012691
0.0126879
0.0127001
0.0127239
0.0127141
0.0126991
0.0126832
0.012701
0.012687
0.0127008
0.012712
0.0126839
0.012702
0.0127161
0.0127189
0.0127091
0.0126839
0.0127048
0.012686
0.0126882
0.012697
0.0127149
0.012702
0.0126822
0.012697
0.0126998
0.012686
0.012718
0.012702
0.0126979
0.0126951
0.0127208
0.0126989
0.0127249
0.012682
0.012701
0.012696
0.0127039
0.0127089
0.0127089
0.0127041
0.012717
0.0126989
0.0127029
0.012706
0.0127089
0.0126951
0.012691
0.012706
0.012696
0.0126951
0.0127132
0.0127039
0.012718
0.0127029
0.012681
0.012686
0.012692
0.0126901
0.012687
0.012671
0.012697
0.012701
0.0127041
0.0127189
0.012692
0.012702
0.0126879
0.0126841
0.0126982
0.0126901
0.0127108
0.0127289
0.0126989
0.0126889
0.0127039
0.012692
0.0127039
0.012701
0.0127101
0.012706
0.012711
0.012682
0.0126829
0.012727
0.012701
0.0127261
0.0126948
0.012711
0.012697
0.0127029
0.012696
0.012711
0.0126891
0.012711
0.0126801
0.0127132
0.0126989
0.0126951
0.0127029
0.0127051
0.0126841
0.0127051
0.012701
0.0127108
0.012712
0.0127001
0.0127101
0.012697
0.012692
0.0126839
0.012692
0.012718
0.012702
0.0126829
0.012697
0.0126941
0.0127161
0.0126941
0.012692
0.0126851
0.012697
0.0126951
0.0126829
0.0127032
0.01267
0.012717
0.0126951
0.012701
0.0127099
0.012702
0.0126741
0.012706
0.012686
0.0126839
0.0126922
0.0127058
0.0126729
0.012686
0.012718
0.012707
0.012717
0.012702
0.012691
0.0127082
0.0127001
0.012686
0.0126901
0.0127079
0.0126841
0.012697
0.012701
0.0127041
0.012682
0.0126998
0.0127451
0.0126929
0.0126932
0.0126991
0.0126982
0.0127051
0.0126779
0.012713
0.012692
0.012692
0.012574
0.0127001
0.0127079
0.012706
0.0127051
0.012677
0.0126791
0.0127101
0.0126951
0.0127089
0.0127151
0.0126958
0.0127079
0.0126982
0.012691
0.0126791
0.0127041
0.012696
0.012686
0.0126891
0.0126901
0.012702
0.0126879
0.012677
0.012697
0.0127149
0.012696
0.0126891
0.0126991
0.0127161
0.012717
0.0126898
0.012697
0.012697
0.0127089
0.012682
0.0127149
0.012691
0.012687
0.0127201
0.0126851
0.0126841
0.012681
0.0126929
0.012691
0.012687
0.0126851
0.012677
0.0127101
0.0127199
0.0126939
0.012701
0.012707
0.012722
0.0126941
0.0127001
0.0126879
0.012697
0.012701
0.0127189
0.012696
0.0126929
0.0126991
0.012697
0.0126879
0.0126929
0.0126989
0.012681
0.0127161
0.0127208
0.0127139
0.0127242
0.012702
0.012702
0.0126879
0.0126722
0.012692
0.0126879
0.012681
0.012697
0.0126829
0.012677
0.0126781
0.0127211
0.0126839
0.0127079
0.0126941
0.012687
0.012675
0.012691
0.012702
0.012697
0.0126879
0.012686
0.0126879
0.012712
0.0126822
0.012682
0.0127039
0.012677
0.0127242
0.0126929
0.0126829
0.012687
0.012696
0.0126779
0.0127032
0.0127001
0.012701
0.0126998
0.0126829
0.0126798
0.0127149
0.0126989
0.0127101
0.0127051
0.0126929
0.012706
0.0126879
0.012728
0.0126832
0.0127211
0.012706
0.0127039
0.012686
0.0126741
0.012706
0.012707
0.0126882
0.0126841
0.012711
0.0127039
0.0126879
0.0126929
0.0126929
0.012702
0.012702
0.012712
0.0127039
0.0126972
0.012681
0.012706
0.0127211
0.0126932
0.0126991
0.0126989
0.012696
0.012712
0.0127082
0.012707
0.0126989
0.012696
0.0127001
0.012691
0.0126941
0.0127201
0.012712
0.012687
0.0126948
0.0127001
0.0126901
0.012706
0.012713
0.012707
0.0126889
0.012675
0.012687
0.012681
0.0127001
0.012682
0.0126879
0.012686
0.0126872
0.0126979
