0.0138109
0.0136549
0.013716
0.0135748
0.0137811
0.0137119
0.013675
0.0136979
0.0134079
0.0133841
0.0136251
0.0135942
0.013736
0.0136631
0.0135529
0.0136609
0.0138581
0.013736
0.013135
0.0135171
0.013798
0.013835
0.013793
0.0137811
0.013134
0.013726
0.0135829
0.013695
0.013545
0.013397
0.0135291
0.0134621
0.013381
0.0135479
0.0133848
0.0134859
0.013612
0.013531
0.0135009
0.013566
0.0136809
0.0137951
0.013777
0.0133338
0.0135491
0.0134511
0.0137172
0.013562
0.0133359
0.0133591
0.0135009
0.0134568
0.013505
0.013515
0.013639
0.013612
0.0136731
0.0138252
0.0137432
0.0133412
0.013711
0.0136969
0.0135159
0.0135591
0.0136189
0.013587
0.0134151
0.0136721
0.013422
0.013659
0.0136659
0.0134521
0.0135732
0.0132122
0.0136731
0.0138299
0.01373
0.01319
0.013757
0.0136461
0.013366
0.013732
0.0137072
0.0136361
0.013767
0.0135262
0.013613
0.0136819
0.013634
0.0136271
0.013644
0.013541
0.013531
0.013665
0.013706
0.0136311
0.0137181
0.0135632
0.0136392
0.0139
0.01349
0.013689
0.013494
0.0137191
0.013525
0.0134878
0.0134699
0.013428
0.013411
0.013798
0.0134041
0.0135279
0.0135579
0.0136662
0.0135078
0.01351
0.0135648
0.0137231
0.0134389
0.013535
0.0132639
0.0136909
0.0135109
0.013624
0.0135179
0.0134869
0.0134721
0.0136969
0.013706
0.0137792
0.013808
0.0136631
0.013449
0.013274
0.0136979
0.01366
0.0131631
0.0136631
0.0135181
0.013716
0.0136149
0.0135441
0.013824
0.013581
0.013654
0.0134819
0.0136909
0.013582
0.0134521
0.0134649
0.0136158
0.013423
0.0134621
0.013432
0.0138421
0.0136671
0.0136719
0.013732
0.0135481
0.0135062
0.013556
0.013458
0.013438
0.0134749
0.013355
0.013633
0.013407
0.0136292
0.01349
0.013464
0.0136089
0.0135679
0.013556
0.013438
0.0134299
0.013499
0.01316
0.013202
0.0133121
0.0137279
0.0136089
0.0138481
0.0134621
0.013423
0.0136571
0.013608
0.013418
0.0136209
0.0136418
0.0133929
0.0138049
0.013818
0.013612
0.0134811
0.0135891
0.0136821
0.0135801
0.0137579
0.01372
0.013644
0.0136561
0.013628
0.0134819
0.0137608
0.013535
0.0136878
0.013392
0.0134408
0.0136349
0.013552
0.0135159
0.0136302
0.0135899
0.0135589
0.0134888
0.013623
0.0136909
0.0135481
0.0133331
0.013721
0.0138052
0.013417
0.0137351
0.0137751
0.0134041
0.0136762
0.0136659
0.0138609
0.0136449
0.013211
0.013433
0.0132139
0.0135658
0.013505
0.013618
0.013221
0.0134771
0.013742
0.013463
0.013638
0.013561
0.0134342
0.0135541
0.013267
0.013628
0.0132771
0.0136061
0.013685
0.013561
0.0134919
0.0138209
0.0137389
0.0134521
0.0135942
0.0135911
0.0135598
0.0134799
0.0135591
0.013443
0.0135839
0.0137129
0.0137382
0.013428
0.0137479
0.013514
0.0138352
0.0137739
0.0134311
0.0136061
0.0136321
0.013535
0.0135231
0.013586
0.0135958
0.0132141
0.0136981
0.0136631
0.013797
0.0135472
0.0138659
0.013335
0.0135541
0.013675
0.013556
0.0135901
0.013742
0.0132279
0.0137749
0.0137429
0.0134699
0.0136669
0.0136311
0.0135319
0.0136921
0.013535
0.0135949
0.0136859
0.0136528
0.0134339
0.0134232
0.0137022
0.01355
0.013618
0.013484
0.0135689
0.01373
0.013186
0.0131559
0.0131919
0.0132298
0.013505
0.0137019
0.013346
0.013881
0.0139241
0.0136371
0.0134861
0.0136981
0.0136101
0.013675
0.0137
0.013499
0.0134261
0.013442
0.0137029
0.0135422
0.0133982
0.0136349
0.0135291
0.0136499
0.0134199
0.013849
0.0138218
0.0135441
0.0138419
0.0135639
0.0135942
0.013468
0.0135138
0.013571
0.01373
0.013797
0.0134749
0.0135891
0.0136271
0.0133331
0.0136242
0.0137739
0.013726
0.0136189
0.0136549
0.0133018
0.0134399
0.0135601
0.013411
0.013644
0.0134339
0.013777
0.0133538
0.0137091
0.0135272
0.013381
0.0131841
0.0137441
0.0136359
0.013849
0.0134311
0.013422
0.0135431
0.0136051
0.013808
0.0136931
0.013515
0.0137401
0.013485
0.013509
0.013557
0.0134809
0.0136299
0.0137579
0.01334
0.0135
0.0135369
0.0135171
0.013458
0.013387
0.013478
0.0135362
0.0137589
0.0135028
0.0134289
0.013624
0.0133879
0.0138321
0.013526
0.013521
0.013571
0.013458
0.013608
0.0134251
0.0136881
0.0134411
0.013473
0.0135121
0.013546
0.01368
0.0136781
0.0135429
0.0133269
0.013664
0.0137668
0.013489
0.0136828
0.013772
0.013346
0.0135798
0.0137179
0.0135539
0.0134871
0.0134232
0.0136328
0.0136609
0.013479
0.0134501
0.013495
0.0132189
0.0135481
0.013201
0.0136552
0.0135491
0.0137691
0.0134971
0.0138121
0.0135109
0.013763
0.0135481
0.0138462
0.0134649
0.0134609
0.013891
0.0136068
0.0136518
0.0135992
0.0137999
0.01372
0.0135341
0.013731
0.013726
0.0139132
0.0134041
0.0133691
0.013726
0.0134299
0.013844
0.0136471
0.0136311
0.0134699
0.013644
0.0137599
0.0136709
0.0136008
0.013715
0.0135949
0.013588
0.013248
0.0137401
0.0134921
0.0134621
0.013624
0.0131748
0.0133982
0.013587
0.0135791
0.0135291
0.0135329
0.0135238
0.013541
0.0137181
0.013617
0.0137441
0.0135732
0.013176
0.0134499
0.0132451
0.0138521
0.0134039
0.0133991
0.0135
0.013495
0.0133538
0.013551
0.0136549
0.0134671
0.0136051
0.0134702
0.013587
0.01355
0.0133021
0.013567
0.0136118
