0.023026
0.020936
0.020546
0.0209141
0.0209661
0.0208118
0.0208189
0.0211532
0.020864
0.0208852
0.0209999
0.0208941
0.020926
0.0214388
0.02141
0.0214651
0.0208731
0.020515
0.0211079
0.0209141
0.0215611
0.0209491
0.0207582
0.0209491
0.021131
0.020638
0.020916
0.020669
0.021069
0.020973
0.0209031
0.02139
0.0210872
0.0212481
0.0213091
0.020889
0.0210171
0.020705
0.0206978
0.02088
0.020925
0.0208972
0.020885
0.0210991
0.02051
0.0207441
0.0210361
0.02088
0.020689
0.021508
0.0215762
0.021524
0.0208418
0.0215671
0.0207219
0.0211239
0.020556
0.020957
0.0208151
0.0210569
0.0207438
0.020458
0.0208941
0.0205829
0.020829
0.0205431
0.0213008
0.0207329
0.020957
0.020983
0.020762
0.0216939
0.021245
0.020833
0.0215559
0.021044
0.021292
0.0219111
0.0208261
0.0207059
0.0207391
0.0205429
0.021461
0.021383
0.020823
0.0208068
0.0215049
0.020853
0.0206521
0.0209918
0.0214539
0.0210721
0.0210581
0.0215249
0.020927
0.0205941
0.0207291
0.0213621
0.020782
0.0212121
0.0210042
0.0216279
0.0208409
0.020751
0.0214601
0.0206671
0.0207191
0.021112
0.0208921
0.0211849
0.020947
0.0213771
0.0208759
0.0207479
0.020762
0.0208549
0.0209041
0.020941
0.0208521
0.0207348
0.0210249
0.021672
0.0214112
0.0208819
0.020731
0.0212638
0.0208631
0.0209551
0.020504
0.020761
0.020906
0.0212321
0.020575
0.020736
0.021764
0.0208271
0.0212739
0.0214069
0.020853
0.0206411
0.0208919
0.02143
0.0208092
0.0215571
0.0208869
0.0208869
0.0206339
0.0207169
0.0207429
0.0211329
0.0210431
0.021286
0.0211921
0.020967
0.0210152
0.0209229
0.020505
0.021512
0.0207269
0.0212669
0.0213771
0.0209491
0.0210741
0.021064
0.02086
0.020798
0.0206959
0.02088
0.0212929
0.020952
0.0204821
0.0207522
0.0215671
0.0217171
0.0209591
0.020402
0.0213022
0.021076
0.020643
0.0209169
0.021162
0.020987
0.0208631
0.020822
0.0211709
0.021138
0.020556
0.0213029
0.02072
0.021132
0.0214131
0.0206201
0.0207281
0.0213881
0.020977
0.0212419
0.0205019
0.021631
0.0211818
0.0208449
0.0208082
0.020627
0.0203462
0.0207579
0.0208619
0.021117
0.0209038
0.021065
0.020823
0.0208032
0.0208371
0.0206592
0.020808
0.0206571
0.0208421
0.0205109
0.0209539
0.020998
0.0208569
0.02086
0.0212901
0.0212619
0.0205641
0.0207601
0.0207219
0.021296
0.0207429
0.02104
0.0211
0.0208101
0.0208051
0.020647
0.0216389
0.021421
0.0206511
0.0211198
0.021174
0.0208261
0.0209231
0.020725
0.020725
0.0207679
0.0206258
0.021035
0.021529
0.020993
0.0215042
0.0210121
0.0209949
0.0209279
0.0208199
0.0217218
0.020695
0.020916
0.020916
0.021127
0.02073
0.020916
0.0214119
0.0208199
0.0205948
0.0207582
0.0211561
0.0215981
0.0207689
0.02161
0.0216529
0.0205431
0.0209219
0.0207748
0.021153
0.0216959
0.02087
0.0214691
0.020828
0.0213461
0.0213161
0.020643
0.020921
0.020927
0.0208812
0.0214431
0.021045
0.020633
0.0208621
0.0213602
0.021625
0.0209582
0.0212491
0.020829
0.020993
0.0210261
0.0207129
0.0205839
0.0211091
0.021039
0.021318
0.0209899
0.0208242
0.0208299
0.0207982
0.0209479
0.0208921
0.0211971
0.0211749
0.0210311
0.0208881
0.020664
0.020576
0.0208561
0.0208969
0.0215919
0.0210199
0.0210071
0.0210969
0.0213671
0.02068
0.0206909
0.0206921
0.0205159
0.0206409
0.0214109
0.021009
0.0207229
0.0209119
0.020993
0.0209491
0.0208712
0.0212541
0.021193
0.0207591
0.0209501
0.020771
0.0211608
0.0211921
0.021112
0.0207729
0.0210121
0.020638
0.0209229
0.0208631
0.0211258
0.021493
0.0208881
0.021095
0.0207272
0.021112
0.0218542
0.020798
0.021246
0.0208991
0.020438
0.0214119
0.0205669
0.0205019
0.0209
0.020787
0.020848
0.0207601
0.021045
0.020721
0.021276
0.020915
0.0207331
0.020714
0.0206199
0.0210011
0.020942
0.0208871
0.0207779
0.0207319
0.0209589
0.0208268
0.021409
0.0207109
0.0208838
0.020874
0.021313
0.0210559
0.021039
0.020843
0.021291
0.0206659
0.021281
0.021064
0.0216291
0.0209818
0.0210049
0.0208759
0.0207748
0.021549
0.020752
0.0207651
0.0213671
0.021111
0.0209861
0.0207491
0.020731
0.0208409
0.0210111
0.0211291
0.0208831
0.021066
0.0210898
0.0211189
0.0207191
0.020771
0.0208621
0.0209239
0.0210249
0.02091
0.0206468
0.020999
0.0209391
0.021512
0.0209329
0.0212588
0.021354
0.020546
0.020658
0.020891
0.0208149
0.021224
0.0213959
0.020864
0.0207951
0.0210519
0.0209951
0.021034
0.020767
0.020612
0.0216589
0.0208809
0.021749
0.0208859
0.0206089
0.020606
0.020761
0.020669
0.020926
0.0211768
0.0208099
0.0207839
0.0208018
0.02088
0.0206668
0.020421
0.0211082
0.020757
0.020786
0.0211229
0.020633
0.020838
0.021445
0.0205741
0.0210369
0.020947
0.0208781
0.020761
0.020659
0.0204711
0.02143
0.020874
0.0211711
0.0207229
0.0208769
0.0213389
0.0206211
0.021641
0.0208318
0.02072
0.02178
0.0209651
0.0210159
0.0209529
0.0211799
0.0207288
0.0210888
0.0208039
0.02073
0.0208998
0.0210369
0.02126
0.021189
0.020721
0.021153
0.0215969
0.021147
0.0208931
0.0208988
0.021208
0.0209942
0.0207341
0.0209758
0.0212719
0.0209892
0.0205781
0.0209959
0.020879
0.0216219
