0.00994706
0.00973701
0.0097301
0.009727
0.00973082
0.00972605
0.00972795
0.00971699
0.00974584
0.00972509
0.00972605
0.00972414
0.00973511
0.00973105
0.00971699
0.00971913
0.00971413
0.00973296
0.00972199
0.00973296
0.00972915
0.009727
0.00971699
0.0100951
0.009727
0.00972104
0.00972795
0.00973105
0.00972891
0.00972581
0.00973415
0.00971699
0.00973201
0.009727
0.00971699
0.00973201
0.00973296
0.00973797
0.00971699
0.00974703
0.00973701
0.00972104
0.00973201
0.00971699
0.009727
0.00971007
0.00974202
0.00973892
0.00973701
0.00973201
0.00971818
0.00973392
0.00972295
0.00971985
0.0097239
0.00971985
0.0097239
0.00973201
0.00974894
0.0097239
0.00971794
0.00973105
0.00971794
0.00973606
0.00972414
0.00971007
0.00972104
0.00972986
0.00973606
0.00974107
0.00972795
0.009727
0.00972414
0.00972295
0.00971985
0.00972891
0.00972295
0.00972199
0.00974107
0.00971413
0.009727
0.00971293
0.00972414
0.0097332
0.00971103
0.00972414
0.00972295
0.00972509
0.009727
0.00972891
0.00972486
0.00973606
0.00971103
0.00972795
0.00973797
0.00971413
0.00972319
0.00971198
0.00972009
0.00972509
0.00972795
0.00970697
0.00973606
0.00973201
0.00973678
0.00972986
0.00973797
0.00974107
0.00972295
0.00973415
0.00972009
0.00971913
0.00972891
0.009727
0.00972199
0.00972795
0.00972605
0.00973797
0.00971508
0.00971603
0.00972986
0.00972199
0.00974512
0.00972819
0.00971603
0.0097239
0.00972509
0.00971103
0.0105369
0.00973606
0.00972104
0.00971389
0.00973511
0.00971699
0.00972986
0.00971985
0.0097208
0.009727
0.00971508
0.00972486
0.00973082
0.00971794
0.00972319
0.00971699
0.00972486
0.00971699
0.00974202
0.00973296
0.00973892
0.00973415
0.00972295
0.00974107
0.00972891
0.00973606
0.00971818
0.0097301
0.00973296
0.00973892
0.00972104
0.00972009
0.00972509
0.00971317
0.00974512
0.0097301
0.00972414
0.0097301
0.00971603
0.00972199
0.00972509
0.0097301
0.00972891
0.0097239
0.00972295
0.0097239
0.00972104
0.00973201
0.00974393
0.0097239
0.00972795
0.00972009
0.00973392
0.00971413
0.00972605
0.00973082
0.00972009
0.00972509
0.00972795
0.00973201
0.00972199
0.00973511
0.00971103
0.00971794
0.00972605
0.00972009
0.00973105
0.00972819
0.009727
0.00972486
0.00972891
0.00975013
0.00971913
0.00972915
0.00971699
0.00971889
0.00972891
0.00971007
0.00973177
0.00972891
0.00971794
0.00973201
0.00971317
0.00972104
0.0097239
0.00971603
0.00974894
0.00974798
0.00973582
0.00972819
0.00972986
0.00972986
0.00973797
0.00972199
0.00971198
0.00971484
0.00972104
0.00974417
0.00972819
0.00972795
0.00971794
0.0097301
0.0097301
0.00972009
0.00973511
0.00972104
0.00972819
0.00972795
0.009727
0.00972986
0.00972295
0.00974011
0.00971913
0.00974298
0.00972295
0.00971889
0.00972795
0.00974298
0.00972605
0.00972795
0.00972295
0.0097208
0.00973201
0.00971699
0.00972295
0.00973105
0.00973201
0.00973916
0.00971794
0.00972104
0.00972199
0.00972199
0.00972891
0.009727
0.00974512
0.00972414
0.00973201
0.00974107
0.00973296
0.00972891
0.00973105
0.00973201
0.00971603
0.0097301
0.00974202
0.0097239
0.00972295
0.00972104
0.00973511
0.00973201
0.00974798
0.00972915
0.00973797
0.00972414
0.0097301
0.009727
0.00972199
0.00972009
0.00986314
0.00973082
0.00974202
0.00973296
0.00973511
0.00973606
0.00973606
0.00974703
0.00974107
0.00972199
0.00973606
0.00971889
0.00971389
0.00973892
0.00974083
0.00971794
0.00972295
0.00972199
0.00972009
0.00972986
0.00972605
0.0097239
0.00972104
0.00972509
0.0097301
0.00971603
0.00972509
0.00972795
0.00972199
0.00971889
0.00975204
0.00973606
0.00973201
0.00972104
0.00972199
0.009727
0.009727
0.00971103
0.00973701
0.0097301
0.0097239
0.00973392
0.009727
0.00971484
0.009727
0.00972795
0.00971508
0.00972986
0.00973392
0.00973201
0.00972295
0.00971794
0.00973415
0.00974011
0.00972009
0.00972414
0.00971794
0.00973797
0.009727
0.00973201
0.00972986
0.00973105
0.00972581
0.00972891
0.00973892
0.00973105
0.00972605
0.00972915
0.00973511
0.009727
0.00972199
0.00971293
0.00973701
0.00971985
0.00972891
0.00972295
0.00972819
0.00972915
0.00972509
0.00972605
0.00972915
0.00972104
0.009727
0.00972986
0.00973105
0.00975013
0.00972199
0.00971508
0.00973916
0.00973201
0.00972509
0.00972414
0.00972795
0.00971484
0.00972605
0.00971603
0.00971794
0.00974083
0.00973105
0.00972414
0.00971389
0.00973201
0.00972795
0.00973582
0.00973296
0.0102181
0.00971508
0.00972295
0.00972295
0.00970793
0.00972581
0.00972795
0.00971699
0.00974107
0.00972199
0.00974703
0.00973296
0.00972605
0.00973701
0.00973701
0.00973701
0.00973392
0.00972104
0.00973392
0.00973582
0.00972295
0.00972104
0.00972795
0.00972891
0.00972199
0.009727
0.00971699
0.00972605
0.00973201
0.00971508
0.00971985
0.00973105
0.00974512
0.00973415
0.00972795
0.0097239
0.00973487
0.00972104
0.00972915
0.00971508
0.009727
0.009727
0.0097301
0.00972104
0.00971699
0.00972414
0.00971699
0.00972795
0.0097208
0.00973105
0.00972509
0.00971198
0.00971293
0.00973201
0.00974298
0.00973201
0.00972009
0.00973701
0.00972891
0.00972414
0.00973201
0.00972509
0.00972199
0.00972009
0.00972795
0.00972009
0.00972795
0.00972509
0.00973988
0.00975394
0.00972104
0.00973797
0.00972915
0.0097301
0.0097301
0.00973105
0.00972605
0.0097239
0.00972104
0.00973582
0.00971794
0.00973392
0.0097332
0.00971699
0.00973487
0.00972199
0.00972104
0.00972295
0.00973511
0.00972819
0.00972795
0.00972486
0.00973296
0.00972295
0.00973082
0.00972199
0.00974298
0.00971508
0.00973606
0.00972819
0.0097301
0.0097301
0.0097239
0.00972915
0.00972891
0.00973082
0.00973201
0.00972414
0.00972819
