0.0191531
0.018347
0.019006
0.0185649
0.0191481
0.018537
0.0184121
0.018347
0.018847
0.018142
0.0186551
0.0188808
0.019084
0.018543
0.0185249
0.018393
0.018533
0.0184031
0.0184219
0.019017
0.018594
0.018508
0.0189412
0.018302
0.019042
0.0186298
0.0188799
0.0182791
0.018276
0.018415
0.018723
0.018852
0.018621
0.0182819
0.0186241
0.0190439
0.0183432
0.019007
0.018476
0.0185192
0.0184212
0.018846
0.0183702
0.0187812
0.0184722
0.0189619
0.0190241
0.019089
0.0189631
0.018435
0.0189149
0.018877
0.0184472
0.0183191
0.018501
0.018733
0.0189269
0.018533
0.0183001
0.0186639
0.0185659
0.0181708
0.018173
0.0185599
0.0185561
0.0187199
0.018548
0.0190489
0.018873
0.0185292
0.0186751
0.018815
0.0180762
0.0184851
0.01862
0.0186632
0.019568
0.0185251
0.0189478
0.0187058
0.0185051
0.0184538
0.018302
0.018363
0.0190101
0.0183699
0.0185399
0.0185719
0.0185618
0.0185828
0.0185969
0.018384
0.018651
0.018909
0.018903
0.0185049
0.018455
0.0184491
0.0188999
0.018805
0.018786
0.0189009
0.018177
0.018851
0.0187519
0.0181859
0.01843
0.0189121
0.018389
0.0189068
0.018455
0.0186889
0.0184791
0.0185499
0.0181751
0.0182791
0.0184741
0.017997
0.0182798
0.0183139
0.0184639
0.0183289
0.0185709
0.0189888
0.019151
0.0188591
0.0184619
0.018188
0.018347
0.0188911
0.018074
0.0186682
0.019001
0.0181961
0.018899
0.0182612
0.0186491
0.0187631
0.0181611
0.018436
0.0181692
0.0190139
0.0186639
0.0183809
0.0189381
0.0186579
0.0188582
0.0183511
0.018827
0.018429
0.0186532
0.01862
0.0185339
0.019109
0.018362
0.019006
0.0183849
0.0183399
0.0188169
0.0183141
0.018611
0.0182612
0.0183711
0.0187831
0.018733
0.0186169
0.0189149
0.0189981
0.018338
0.019001
0.0187209
0.0190129
0.0182731
0.0185871
0.0184858
0.0189209
0.018877
0.018554
0.0184541
0.0181019
0.019043
0.0190771
0.0187318
0.0183129
0.0184228
0.0186009
0.0186
0.018976
0.0189412
0.018466
0.0188971
0.0190098
0.0185978
0.019084
0.0185091
0.0183961
0.0184538
0.0186529
0.0186589
0.0185709
0.0189438
0.0191109
0.018558
0.0185361
0.018302
0.0187318
0.0182109
0.0183351
0.019115
0.0190589
0.018847
0.0185051
0.018543
0.019088
0.018152
0.0182431
0.0189481
0.018481
0.0190642
0.0183799
0.0191121
0.0181689
0.0187991
0.0184021
0.0182939
0.0189278
0.018317
0.0186222
0.0183899
0.0183821
0.018435
0.0187979
0.0184309
0.0186172
0.0188751
0.018599
0.019084
0.018693
0.0185249
0.0185399
0.0184119
0.0182478
0.0181758
0.018944
0.018749
0.018244
0.018326
0.0190179
0.019155
0.0189919
0.018229
0.0182481
0.018486
0.018574
0.0185521
0.0186708
0.0186751
0.0185368
0.0186639
0.0184619
0.0181952
0.0184059
0.0184901
0.0184031
0.018625
0.0182359
0.0182321
0.018677
0.018538
0.0187812
0.018549
0.0190368
0.018357
0.018265
0.019104
0.018517
0.018209
0.0181999
0.0184131
0.0186231
0.0182891
0.0186651
0.0187061
0.018924
0.0191441
0.018487
0.0189211
0.0182889
0.0190389
0.018374
0.0183439
0.018754
0.018142
0.019017
0.0190461
0.0185339
0.0184159
0.018208
0.019222
0.0184479
0.0187688
0.018261
0.0182409
0.0181761
0.0184059
0.0191131
0.0182559
0.0190051
0.018985
0.018594
0.0183921
0.0186319
0.0185199
0.019125
0.0184181
0.0189672
0.019192
0.018852
0.019053
0.018409
0.0185161
0.018363
0.0181971
0.019062
0.0190921
0.0185218
0.018522
0.0184412
0.0185931
0.0186548
0.0191479
0.0188899
0.0187209
0.0189559
0.018801
0.018811
0.018954
0.018364
0.018769
0.0184059
0.0183189
0.0182619
0.0183771
0.018451
0.0186398
0.019083
0.0190051
0.018364
0.0185771
0.018486
0.0184419
0.018811
0.018733
0.0185819
0.0186
0.0186081
0.0190821
0.0185301
0.018296
0.019027
0.0188231
0.0183561
0.0187051
0.0184071
0.018796
0.018239
0.0190091
0.0191469
0.019017
0.0185709
0.018549
0.0191369
0.0187302
0.0189581
0.0184581
0.0186031
0.018486
0.0183799
0.0187969
0.0191338
0.018966
0.0188591
0.0183902
0.019078
0.0189409
0.0186601
0.0186372
0.0190642
0.018384
0.018997
0.0191071
0.0183251
0.0184779
0.0183051
0.018364
0.0187571
0.0183198
0.018507
0.0187991
0.0182052
0.018218
0.01875
0.019079
0.0184209
0.0190439
0.0184641
0.0181329
0.0183601
0.018491
0.0185781
0.0189471
0.0191791
0.0180311
0.0187678
0.0184739
0.018765
0.0183611
0.0186322
0.0182259
0.018754
0.018307
0.018532
0.0188749
0.0189221
0.0190041
0.019063
0.0185499
0.0182929
0.0185339
0.0182281
0.018971
0.0184059
0.018734
0.0191152
0.0188091
0.0184
0.018976
0.018805
0.0186679
0.0189109
0.0181582
0.0183489
0.0188041
0.018508
0.018111
0.018476
0.0190291
0.0187869
0.018564
0.0190852
0.0188091
0.0187659
0.018785
0.0185308
0.018358
0.0191989
0.019135
0.01829
0.0188699
0.0187619
0.018487
0.018481
0.018482
0.018599
0.0190771
0.0187941
0.018996
0.0188231
0.018182
0.0185959
0.018472
0.018517
0.018419
0.018908
0.0186322
0.0184059
0.0183029
0.0186698
0.018863
0.0184698
0.0190198
0.0191309
0.0189688
0.0183179
0.018187
0.0184581
0.0188172
0.018435
0.018297
0.0191138
0.0192139
0.018079
0.0184371
0.018564
0.0183089
0.019073
0.018297
0.018672
0.0188191
0.0188849
