0.011209
0.011368
0.0112059
0.0112998
0.0112929
0.0114429
0.011282
0.0112391
0.0114191
0.011229
0.011534
0.0114002
0.0115101
0.011025
0.0114059
0.0113239
0.011245
0.011405
0.0110521
0.011224
0.0112841
0.0113082
0.0112
0.0111659
0.0113828
0.01125
0.0113459
0.0112469
0.0111742
0.011445
0.011163
0.0113299
0.011229
0.011519
0.0112722
0.011354
0.011461
0.01123
0.0112379
0.011245
0.011168
0.011358
0.0113158
0.011411
0.011507
0.0111389
0.010987
0.0112641
0.0113981
0.0113902
0.0110331
0.0111849
0.011251
0.0111792
0.0114541
0.011467
0.011297
0.0112741
0.0112209
0.0111959
0.0114059
0.0111072
0.011344
0.0112269
0.0115581
0.011142
0.0113928
0.011133
0.0111811
0.011204
0.011265
0.011116
0.011281
0.0113349
0.0114269
0.0114949
0.01126
0.01127
0.0111868
0.0113671
0.0113971
0.0110571
0.0111949
0.011163
0.0112848
0.011241
0.011271
0.0112479
0.0112128
0.01141
0.0114369
0.011106
0.0113149
0.011204
0.0111761
0.0110412
0.011184
0.0112491
0.0112262
0.011471
0.0113862
0.0113232
0.0114691
0.0112078
0.0110109
0.011019
0.0113161
0.011431
0.011204
0.0110519
0.011214
0.011301
0.0113249
0.0112679
0.0114129
0.011256
0.0112832
0.011447
0.011265
0.0112162
0.011106
0.0113001
0.011163
0.011235
0.0111721
0.0114729
0.0114319
0.011152
0.011317
0.011282
0.0113389
0.0115058
0.011215
0.01127
0.0114219
0.0112891
0.011471
0.0114732
0.0111482
0.0112779
0.0113099
0.0112219
0.011379
0.0113411
0.0111701
0.01127
0.0112698
0.0110569
0.011405
0.011482
0.01123
0.0113318
0.011184
0.011416
0.011287
0.011472
0.011302
0.011395
0.0111918
0.011369
0.011328
0.0113821
0.011013
0.0112829
0.0113881
0.011348
0.0114992
0.0113349
0.011502
0.011256
0.0115111
0.0112472
0.0114441
0.01123
0.011234
0.0112991
0.0110161
0.011313
0.0113981
0.0114632
0.0111589
0.0112419
0.0111151
0.011251
0.0110052
0.011445
0.0112998
0.011188
0.0110469
0.0111892
0.011333
0.0114698
0.011359
0.0114372
0.011096
0.0112588
0.0112422
0.0110929
0.011528
0.0115559
0.0111489
0.0112391
0.011456
0.011375
0.0113409
0.011416
0.0112281
0.011426
0.0114849
0.011342
0.0112262
0.0113401
0.0113599
0.0114229
0.0113418
0.011296
0.0113449
0.0111761
0.0113461
0.011447
0.0113101
0.0113571
0.0111339
0.011225
0.0111539
0.0112638
0.0111721
0.0112901
0.0112278
0.0114589
0.011363
0.011409
0.0110788
0.0113149
0.0110059
0.0111151
0.011296
0.0114961
0.0113468
0.0113139
0.011363
0.0110219
0.0113771
0.011198
0.0112069
0.0112581
0.0110891
0.011467
0.011349
0.011378
0.0111728
0.011229
0.01106
0.0113289
0.0113721
0.0112429
0.0112519
0.0113318
0.011261
0.0113831
0.0113761
0.0112209
0.011358
0.011219
0.0111709
0.011142
0.0112782
0.011477
0.0111101
0.0114532
0.011179
0.0113149
0.011425
0.011333
0.0113149
0.011384
0.011225
0.0112128
0.0114751
0.0114141
0.0112529
0.0114
0.011344
0.0110161
0.0113299
0.0112979
0.011183
0.011183
0.0111539
0.0114481
0.0111761
0.0112138
0.0112171
0.011261
0.0113211
0.0112331
0.01144
0.0110261
0.0115061
0.011034
0.0111711
0.0110528
0.0112109
0.0114191
0.011199
0.0111489
0.011445
0.011518
0.0110378
0.0112679
0.011584
0.011184
0.0112829
0.0110309
0.0112071
0.0114181
0.0112891
0.0112619
0.011385
0.0113461
0.0114021
0.0111511
0.0111558
0.0112579
0.0112011
0.0113981
0.011445
0.01126
0.0113411
0.011374
0.01138
0.011271
0.0113771
0.0112312
0.0112169
0.01143
0.0111761
0.0112331
0.0112579
0.0114319
0.011174
0.0115311
0.011447
0.0110831
0.0112779
0.011342
0.0113449
0.0112469
0.0111852
0.0113268
0.01143
0.0113301
0.011286
0.0114419
0.0112491
0.0112898
0.0112381
0.0113659
0.0111182
0.0112188
0.011416
0.0111859
0.0114179
0.0113239
0.011445
0.0112641
0.01123
0.011193
0.0112481
0.0113451
0.0111909
0.0114751
0.011013
0.011111
0.0112851
0.011466
0.011405
0.0110979
0.0112848
0.0112391
0.011174
0.0114851
0.011251
0.011342
0.0114889
0.011328
0.0110269
0.0113401
0.0113502
0.011214
0.0112391
0.011179
0.011307
0.0113358
0.011374
0.0114429
0.0112331
0.011364
0.0111389
0.011534
0.0113149
0.011344
0.0112541
0.0114939
0.011306
0.011348
0.0114729
0.011266
0.01107
0.0111778
0.011312
0.011524
0.011431
0.011307
0.0112121
0.01143
0.011404
0.0114601
0.011272
0.011198
0.011373
0.011282
0.011225
0.011508
0.0113032
0.0112131
0.0112782
0.0111248
0.0114062
0.011183
0.011327
0.011215
0.011363
0.011235
0.0113931
0.011292
0.011266
0.0110309
0.0114439
0.011085
0.011251
0.0111811
0.0111661
0.011281
0.0111818
0.0112722
0.011446
0.0112579
0.0112488
0.0111089
0.011292
0.0111749
0.0113852
0.011507
0.0112829
0.0112691
0.0110722
0.011399
0.0114748
0.011328
0.011394
0.0112798
0.0112131
0.0113192
0.011282
0.0112698
0.0113549
0.0112519
0.0113542
0.011133
0.011096
0.01138
0.0114059
0.0115099
0.0113211
0.0113699
0.0112131
0.0112009
0.011318
0.0114639
0.0112002
0.0112619
0.0111969
0.0113802
0.011517
0.0111971
0.0113912
0.011456
0.0111561
0.0112801
0.0112429
0.011292
0.0111301
0.0113201
0.011265
0.0114851
0.0114751
0.0113261
0.0111499
0.0114949
