0.00271797
0.00271297
0.00271487
0.00271487
0.0027101
0.00271297
0.00271583
0.00271392
0.00271487
0.00271893
0.0027132
0.00270796
0.00271487
0.00271583
0.00271201
0.00271606
0.00271297
0.00271606
0.00271106
0.00271416
0.00271702
0.00271297
0.00271797
0.00271297
0.00271201
0.00270796
0.0027101
0.00270915
0.00270796
0.00270987
0.00271106
0.0027101
0.0027082
0.00271297
0.00271297
0.002707
0.00271201
0.00271201
0.0027082
0.0027101
0.0027101
0.00271606
0.00270915
0.0027132
0.00271392
0.00271487
0.00270987
0.00270987
0.00271177
0.00270796
0.00271487
0.00271297
0.0027101
0.00270915
0.0027101
0.00271392
0.00271106
0.00271511
0.00271392
0.00270891
0.00271297
0.00271297
0.00271297
0.00271106
0.00271297
0.00271106
0.0027101
0.00271297
0.00270796
0.00270915
0.00270915
0.00271106
0.00271297
0.00271201
0.00270796
0.00271297
0.00271297
0.00270987
0.00270987
0.00271201
0.00271106
0.00270915
0.00271106
0.00271201
0.00270915
0.0027101
0.00271297
0.00271201
0.00271106
0.0027101
0.00271106
0.00270891
0.00271297
0.00271392
0.00271297
0.0027101
0.0027101
0.0027101
0.00271106
0.00271106
0.00271201
0.00271201
0.00271511
0.00271297
0.00271106
0.00270605
0.00270891
0.00271201
0.00271106
0.00271511
0.0027101
0.00270915
0.00270915
0.00271297
0.00271297
0.00270915
0.00271201
0.0027082
0.002707
0.00271201
0.00271487
0.00271201
0.0027101
0.00272417
0.0027101
0.00271416
0.00271297
0.00271606
0.00270987
0.0027101
0.00271106
0.00271297
0.0027101
0.00270891
0.00271201
0.00271416
0.00271106
0.00271416
0.00271392
0.00271201
0.00270891
0.00271201
0.00271297
0.00270891
0.00271106
0.00271392
0.00271201
0.00270987
0.00271392
0.00271082
0.00270796
0.00272107
0.00271583
0.00270891
0.00270891
0.00270915
0.00271201
0.00271106
0.00271797
0.00271606
0.00271106
0.0027082
0.00271106
0.0027101
0.00270796
0.00271106
0.00271106
0.00271297
0.00270987
0.00271297
0.00271392
0.00271297
0.00272298
0.00271702
0.00271201
0.00271106
0.00271201
0.00271082
0.00271297
0.0027101
0.00271297
0.00271201
0.0027101
0.00271297
0.00271487
0.00270987
0.00271297
0.00270915
0.00271297
0.002707
0.00271201
0.0027101
0.00271106
0.00271797
0.00271106
0.00270915
0.00271392
0.00271297
0.0027132
0.00271487
0.00271201
0.0027082
0.00270796
0.0027101
0.0027132
0.00271106
0.00271201
0.00272012
0.0027132
0.00271297
0.002707
0.00271511
0.00271392
0.00270796
0.00271916
0.00271606
0.00271106
0.00270891
0.00271297
0.00271392
0.00271201
0.00270796
0.00271297
0.0027101
0.00270891
0.0027101
0.00271106
0.00270796
0.0027132
0.00270987
0.00270891
0.00271297
0.0027101
0.00271106
0.00271106
0.00270391
0.00270915
0.0027101
0.00271106
0.00271106
0.00271201
0.00270891
0.00270891
0.0027101
0.00271106
0.00271082
0.00271392
0.0027101
0.0027101
0.00272012
0.00271606
0.00270987
0.00271082
0.00271106
0.002707
0.00271082
0.00270796
0.00271511
0.00271106
0.00270796
0.00271702
0.00271201
0.00270987
0.00271797
0.0027082
0.0027101
0.00270891
0.00270891
0.0027132
0.00271392
0.00271583
0.00271201
0.00270915
0.00271106
0.0027101
0.0027101
0.00270915
0.00272703
0.0027082
0.00271392
0.00270891
0.00271082
0.00271201
0.0027101
0.0027132
0.00271392
0.00271082
0.00270891
0.00271392
0.00270987
0.00271416
0.00271201
0.00271487
0.00271297
0.00271201
0.00271392
0.00271106
0.0027132
0.00271893
0.00271702
0.00270915
0.002707
0.0027101
0.00271416
0.00271106
0.00271201
0.00271487
0.00271106
0.0027101
0.00271201
0.00271297
0.00271916
0.00271106
0.00270915
0.00270796
0.00270796
0.0027101
0.0027132
0.00271702
0.00271297
0.00272202
0.00271297
0.00270796
0.00271106
0.00271201
0.00271201
0.00271106
0.0027101
0.0027101
0.00271106
0.00271201
0.00271106
0.00271201
0.00271201
0.00271606
0.0027101
0.00270915
0.00271297
0.00271106
0.00271106
0.00272202
0.00271201
0.00270891
0.002707
0.00271201
0.00271702
0.00270891
0.0027101
0.00271297
0.00271106
0.00270796
0.00271177
0.00271606
0.00270915
0.00271201
0.0027101
0.00271201
0.00270891
0.00271487
0.0027132
0.00271392
0.00271797
0.00271511
0.00271297
0.00270987
0.00271082
0.00271297
0.00270915
0.00270796
0.00271583
0.00271106
0.00270891
0.00270987
0.00271702
0.00270796
0.00272322
0.00271297
0.0027082
0.00271106
0.00271392
0.00271392
0.00271511
0.0027101
0.00271511
0.00271106
0.00270796
0.00271082
0.00270987
0.00271106
0.00271106
0.00271606
0.00270915
0.00271201
0.00271297
0.00271297
0.00271201
0.00271297
0.00271297
0.00271606
0.002707
0.00270891
0.0027132
0.00270891
0.00271487
0.00271201
0.00271297
0.00270891
0.00271106
0.00271606
0.00271201
0.00270987
0.00271106
0.00271106
0.0027082
0.00270891
0.00271201
0.00271511
0.0027101
0.00271297
0.0027101
0.002707
0.00271201
0.00271392
0.0027132
0.00272799
0.00271392
0.00270891
0.002707
0.00271297
0.00271416
0.00271106
0.0027101
0.00271297
0.00271297
0.00270915
0.00271416
0.00271201
0.00271416
0.00271416
0.00271201
0.00271106
0.00270987
0.00271297
0.00271392
0.00270891
0.00271392
0.00271511
0.00271106
0.0027132
0.00271297
0.00271201
0.00270891
0.00271106
0.00271392
0.00270987
0.00270891
0.00271297
0.00271511
0.00270915
0.00271106
0.00271511
0.00271416
0.0027101
0.00270987
0.00270987
0.00271487
0.00271797
0.00271201
0.00270891
0.00270987
0.00271082
0.00271487
0.00270987
0.00271297
0.00271106
0.00271082
0.00270987
0.00271392
0.00271201
0.00270891
0.00271177
0.00271297
0.00271106
0.00271487
0.0027101
0.0027101
0.00271201
0.00272393
0.00271297
0.00271201
0.00270891
0.00271201
0.00271797
0.00271297
0.00270796
0.00271106
0.00271392
0.00271082
0.002707
0.0027101
