0.00991797
0.00970697
0.00970697
0.00969791
0.00969386
0.00970197
0.00969911
0.00970411
0.00969911
0.00970912
0.00970006
0.00970602
0.00970697
0.00970101
0.00971508
0.00970697
0.00969696
0.00970197
0.00970006
0.00969887
0.0096941
0.00970411
0.00970912
0.00969505
0.00971484
0.00969505
0.00970984
0.00970984
0.00970483
0.00970817
0.00970912
0.00971198
0.00970292
0.00970793
0.00971317
0.00969505
0.00970292
0.00971198
0.00970292
0.00970697
0.00970006
0.0096941
0.00969386
0.00970483
0.00969386
0.00971293
0.00971103
0.00970101
0.00969911
0.00970221
0.00970793
0.00970387
0.00969887
0.00969481
0.00970197
0.0097208
0.00969315
0.00970697
0.00972199
0.00970912
0.00970793
0.00970721
0.00969815
0.0096941
0.00969815
0.00970793
0.00971103
0.00970817
0.009691
0.00970292
0.00969887
0.00969601
0.00971007
0.00971699
0.00970006
0.00970721
0.00972295
0.00970793
0.00972819
0.00970197
0.0096941
0.00971699
0.00971103
0.00969601
0.00970602
0.00969791
0.00969505
0.00971103
0.00971103
0.009691
0.00972819
0.00971794
0.00969982
0.00969195
0.00970221
0.0097301
0.00970793
0.00970507
0.00970006
0.00971603
0.00971198
0.00972199
0.00969696
0.00970697
0.00970387
0.00969386
0.00971222
0.00969791
0.00970507
0.00971913
0.00970006
0.00969696
0.00970197
0.00970197
0.00971508
0.00970411
0.00970602
0.00970817
0.00970507
0.00970721
0.00970292
0.00970197
0.00970292
0.00969982
0.00970387
0.00969601
0.00971198
0.00971293
0.00971603
0.00970316
0.00970101
0.00971413
0.00970602
0.00969887
0.00970602
0.00971317
0.00971007
0.00970101
0.00970292
0.00971103
0.00971103
0.00970602
0.00970697
0.0096972
0.00970602
0.00970602
0.00970697
0.00971103
0.00969195
0.00971794
0.00970411
0.00969195
0.00971103
0.00970101
0.00969911
0.00972509
0.00970101
0.00970197
0.00969791
0.00971699
0.00972295
0.00971103
0.00970101
0.00970197
0.00971293
0.00970292
0.00969291
0.00970197
0.00972009
0.00970483
0.00970602
0.00969887
0.00971508
0.00972009
0.00970697
0.00970387
0.00969887
0.00971794
0.00970197
0.009727
0.00969505
0.00970578
0.00970602
0.00970507
0.00971413
0.00971103
0.00970888
0.00969791
0.00969982
0.00970292
0.00969195
0.00971198
0.00968194
0.00969386
0.00968695
0.00969386
0.00969291
0.00970793
0.00970101
0.00969982
0.00972104
0.00969911
0.00970197
0.009691
0.00970697
0.00970387
0.00971794
0.00969291
0.00971794
0.00970006
0.00968885
0.00969505
0.00970101
0.00971413
0.00968981
0.00969291
0.00969696
0.00970197
0.0097301
0.00970101
0.00971293
0.00970387
0.00970507
0.00970292
0.0096972
0.00970387
0.00970602
0.00970602
0.00971818
0.00970602
0.00970292
0.00970197
0.00971103
0.00970888
0.00971293
0.00971198
0.00970888
0.00969791
0.00971198
0.00970697
0.00971293
0.00971007
0.00970006
0.00970221
0.00970697
0.0096941
0.00969887
0.00970006
0.00971103
0.00970197
0.009691
0.00970292
0.00969291
0.009691
0.00970197
0.00970197
0.00970006
0.00970411
0.00969696
0.00970602
0.00970221
0.0097158
0.00970197
0.00969005
0.00970292
0.00969291
0.00969601
0.00971103
0.00970411
0.009691
0.00969696
0.00972295
0.00971603
0.00971889
0.00970006
0.00971508
0.00969696
0.00970793
0.00970197
0.00970197
0.00971603
0.00970316
0.00970912
0.00970602
0.00971389
0.00969505
0.00971198
0.00970697
0.00970101
0.00970006
0.00969911
0.00970101
0.00970602
0.00969696
0.00970721
0.00969911
0.00970006
0.00970602
0.00970101
0.00969481
0.00970888
0.00970984
0.00971103
0.00969696
0.00968814
0.00969911
0.00970793
0.00970292
0.00968814
0.00970316
0.009727
0.00970602
0.00970101
0.00970292
0.009691
0.00970411
0.00971198
0.00970387
0.00969601
0.00969911
0.00970387
0.00970912
0.00969982
0.00970507
0.00970006
0.00970006
0.00971007
0.00969911
0.00970912
0.00969315
0.00969315
0.00972104
0.00969815
0.00969505
0.00971317
0.00970793
0.00968504
0.00970912
0.00970197
0.00970292
0.00969291
0.00971103
0.00970793
0.00972199
0.00969195
0.00970006
0.00970483
0.00968599
0.00970221
0.00970602
0.00971007
0.00969815
0.00972295
0.00970507
0.00968218
0.00969505
0.00970912
0.00971198
0.00970292
0.00971293
0.00970197
0.00970507
0.00970602
0.00971723
0.00970912
0.00970101
0.00970483
0.00968885
0.00970507
0.00970101
0.00970101
0.00970101
0.00970817
0.00970411
0.00970697
0.00969791
0.00969911
0.00970912
0.00971818
0.00970292
0.00969887
0.00971007
0.00971508
0.00970793
0.00970292
0.00970793
0.00970411
0.00971508
0.00970697
0.00969815
0.00970602
0.00971293
0.00971198
0.00969911
0.00970387
0.00970006
0.00969696
0.00972199
0.00970101
0.00970006
0.00970602
0.00970721
0.00969815
0.00969887
0.00971103
0.00969911
0.00970006
0.00971007
0.00969291
0.00969696
0.00968599
0.00972795
0.00970387
0.00970697
0.00971103
0.00969815
0.00970197
0.00972295
0.0096941
0.00969791
0.00969291
0.00970316
0.00970507
0.00970197
0.00972605
0.00971198
0.00970793
0.00969791
0.00970411
0.00968909
0.00968909
0.00972104
0.00970888
0.00969815
0.00970697
0.00970411
0.00970101
0.00970006
0.00970697
0.00970197
0.00970888
0.00969791
0.00970817
0.00971889
0.00970101
0.00970817
0.00969911
0.00969696
0.00970292
0.00971103
0.00970101
0.00971293
0.00969696
0.00970793
0.00969219
0.00969005
0.00969601
0.00970507
0.00971293
0.00971103
0.00969601
0.00970483
0.00970793
0.00971198
0.00970507
0.00970483
0.0096941
0.00969911
0.00971293
0.00971007
0.00969911
0.00971007
0.00971699
0.00970411
0.00970602
0.00969982
0.00971389
0.00971389
0.00970197
0.00970697
0.00972009
0.00970602
0.00971985
0.00970197
0.00969195
0.00969887
0.00971794
0.00970602
0.00971103
0.00970101
0.00971985
0.00971293
0.00970411
0.00969815
0.00970197
0.00969696
0.00972104
0.00969791
0.00969982
0.00970602
