0.011867
0.011838
0.0118079
0.0118072
0.011811
0.011801
0.0118039
0.0118239
0.0118001
0.0118132
0.0117919
0.0118139
0.0118141
0.0118051
0.0118039
0.011811
0.0118179
0.0118079
0.0118179
0.0118029
0.0117991
0.011806
0.0118079
0.0118039
0.011795
0.0118082
0.0118101
0.0118082
0.0118151
0.011807
0.0118091
0.0118132
0.011802
0.0118072
0.011821
0.011801
0.0118091
0.011816
0.0118091
0.0118022
0.0117991
0.0118001
0.0118082
0.011821
0.0118101
0.0118051
0.0118191
0.0118041
0.011811
0.011831
0.0118039
0.0118279
0.011791
0.0118098
0.0117888
0.0118079
0.0118098
0.011811
0.0117981
0.011816
0.0118001
0.011821
0.011822
0.011801
0.0118241
0.0117991
0.011806
0.011806
0.011821
0.011806
0.0118051
0.0117989
0.011806
0.0117931
0.0117891
0.011826
0.0118041
0.011812
0.011806
0.011802
0.0118051
0.011807
0.0118082
0.0118051
0.011811
0.011811
0.011811
0.011816
0.0118279
0.011802
0.011831
0.0118091
0.0117869
0.011802
0.0118101
0.0118239
0.0118032
0.011822
0.0118041
0.011817
0.011797
0.0118201
0.011796
0.011817
0.011802
0.011812
0.0117919
0.011802
0.0118139
0.0117979
0.0118089
0.0118299
0.0118089
0.011832
0.011801
0.011797
0.0118029
0.0118108
0.011801
0.011827
0.0118089
0.011807
0.0118079
0.0118139
0.0118029
0.0118201
0.0118308
0.0118229
0.0118051
0.011812
0.0118022
0.011797
0.0118248
0.0118239
0.0118101
0.011821
0.011812
0.0117972
0.0118091
0.011806
0.0118051
0.0117931
0.0118041
0.011812
0.011817
0.0118201
0.0118082
0.0118201
0.011817
0.0118148
0.0118051
0.0117989
0.011797
0.0118041
0.011796
0.0117991
0.011796
0.011796
0.0117929
0.011806
0.0117929
0.0117972
0.0118132
0.011797
0.011812
0.0118229
0.011811
0.011832
0.011812
0.0118129
0.0118101
0.011802
0.011822
0.0118208
0.0118139
0.0118148
0.011832
0.0118072
0.0118139
0.0117991
0.0117941
0.0118198
0.011827
0.0118148
0.0117979
0.011811
0.0118091
0.0118251
0.011811
0.0118251
0.011812
0.0117979
0.011816
0.011802
0.0117998
0.0118051
0.011796
0.0118048
0.011801
0.0117881
0.0118001
0.0117838
0.0118079
0.011802
0.0118091
0.011802
0.0118089
0.011795
0.011811
0.0118229
0.0117998
0.011817
0.011796
0.0118229
0.0118079
0.0117862
0.011831
0.011807
0.0118141
0.011812
0.0118251
0.011807
0.0118039
0.011797
0.0118232
0.011807
0.0117991
0.011797
0.011807
0.011801
0.011806
0.0118239
0.0118082
0.0118001
0.0118041
0.0118129
0.0118101
0.0118101
0.0118079
0.0118089
0.0118158
0.011796
0.0118079
0.0118141
0.011797
0.0118101
0.0118182
0.0117991
0.0118141
0.011801
0.0118039
0.0118179
0.011826
0.011816
0.0118282
0.0118082
0.011812
0.011806
0.0117991
0.0117931
0.0118241
0.011817
0.011806
0.0118129
0.0117981
0.011816
0.011812
0.0118032
0.0118141
0.0118151
0.011816
0.011812
0.0118101
0.0118222
0.011796
0.011817
0.011811
0.0118229
0.0118048
0.011797
0.011847
0.0118089
0.0117848
0.0118041
0.011802
0.0118141
0.0118139
0.0118141
0.011806
0.0118001
0.011816
0.0118191
0.0118001
0.0118141
0.0118101
0.011822
0.011806
0.011817
0.0118141
0.0118179
0.011817
0.0118122
0.011801
0.011817
0.0118241
0.0117991
0.0118048
0.011806
0.0118101
0.0117919
0.0118051
0.0118201
0.0118189
0.011801
0.0118151
0.011807
0.011821
0.0117941
0.011807
0.0118189
0.0118201
0.0118048
0.011827
0.011802
0.0118191
0.011807
0.0118091
0.011811
0.011786
0.011796
0.011806
0.011801
0.0117991
0.0118022
0.011831
0.011812
0.0118122
0.011816
0.0118129
0.0118101
0.011806
0.0117931
0.0118151
0.0118182
0.011796
0.011821
0.0118101
0.0118029
0.0118239
0.011795
0.011802
0.0118082
0.0118189
0.011806
0.0118041
0.0118079
0.011816
0.0118129
0.0117979
0.011796
0.0118051
0.011826
0.0118208
0.011816
0.011812
0.0118079
0.0118039
0.011801
0.011801
0.0118179
0.0118179
0.0118029
0.0118139
0.0118148
0.0118048
0.011796
0.0118001
0.0118089
0.011812
0.011816
0.011817
0.0118048
0.0118089
0.011797
0.0118132
0.0118139
0.0117981
0.011802
0.0117939
0.011812
0.011796
0.0118082
0.0118041
0.0118041
0.011797
0.011797
0.011816
0.0117981
0.011796
0.0118129
0.011806
0.0118139
0.0117919
0.0118182
0.011807
0.0118139
0.0118051
0.0118139
0.011807
0.0118098
0.0118198
0.011796
0.0117879
0.011812
0.0117979
0.011807
0.011802
0.0118029
0.011806
0.0118148
0.0118082
0.0118151
0.011795
0.011821
0.011801
0.0118201
0.0118108
0.0117991
0.011807
0.011806
0.0117939
0.0118129
0.011812
0.0117939
0.0118001
0.0118091
0.0118141
0.0118201
0.0117881
0.0117929
0.0117979
0.0118139
0.0118091
0.011801
0.0118098
0.011807
0.0118248
0.0118051
0.0118101
0.011826
0.011822
0.0118001
0.0118041
0.0118179
0.011821
0.0118129
0.011802
0.0118082
0.0117991
0.0117981
0.0118091
0.0118082
0.011831
0.0118032
0.0118151
0.011817
0.011811
0.011817
0.0118258
0.0118232
0.011826
0.011802
0.0118101
0.0118029
0.0118172
0.0118029
0.0118029
0.0118032
0.011821
0.0118139
0.011797
0.011796
0.0118029
0.011796
0.0118089
0.0118079
0.0117939
0.0118051
0.0118179
0.0118229
0.011796
0.0118139
0.011802
0.0118132
0.0118301
0.0117991
0.0118032
0.0118079
0.011786
0.0118051
