0.0161421
0.0159719
0.0159531
0.015975
0.0159702
0.0159571
0.0159631
0.015959
0.015996
0.0159819
0.015974
0.01594
0.0159931
0.0159729
0.0159712
0.0159922
0.015954
0.015969
0.015985
0.0159681
0.0159502
0.01598
0.0159569
0.01596
0.0159678
0.0159628
0.015974
0.0159781
0.0159791
0.0159731
0.015996
0.0160871
0.015991
0.0159421
0.0159671
0.0159681
0.0159922
0.015969
0.0159409
0.0159581
0.0159938
0.0159709
0.0159502
0.0159841
0.0159731
0.0159862
0.0159562
0.0159791
0.0159481
0.0159578
0.0159571
0.0160179
0.015969
0.0159552
0.0159869
0.0159559
0.0159569
0.0159671
0.0159781
0.0160122
0.015945
0.0159819
0.0159669
0.016
0.0159681
0.0159421
0.0159769
0.015996
0.016022
0.0159571
0.0159771
0.01595
0.0159559
0.0159688
0.0159659
0.0159581
0.0159829
0.0159681
0.0159941
0.0159631
0.0159531
0.0159512
0.0159941
0.015995
0.015974
0.0159962
0.015986
0.0159841
0.015964
0.0159719
0.0159941
0.0159688
0.0159578
0.0159519
0.0159359
0.0159659
0.0159819
0.0159678
0.0159709
0.015976
0.0159528
0.015986
0.015959
0.015974
0.015959
0.0160089
0.0159819
0.0159869
0.015995
0.0159681
0.0159681
0.015954
0.0159869
0.0159521
0.0159631
0.015949
0.0159659
0.0159371
0.015954
0.0159988
0.015939
0.0159688
0.016006
0.0159669
0.0159838
0.0160122
0.0159681
0.0159938
0.0159831
0.0159731
0.0159681
0.0159822
0.0159638
0.0159609
0.0159531
0.01599
0.0159731
0.015945
0.0159709
0.0159791
0.015981
0.0159628
0.015959
0.0159788
0.0159428
0.0159411
0.015981
0.0159869
0.0159791
0.0159519
0.0159481
0.015959
0.0159931
0.0159631
0.0159891
0.0159631
0.0159841
0.01598
0.015955
0.015964
0.0159569
0.0160191
0.015996
0.0159841
0.0159841
0.016006
0.0159891
0.016001
0.0159521
0.015985
0.0159829
0.015969
0.0159922
0.0159791
0.0159681
0.0159581
0.0159731
0.0160139
0.0159659
0.0159612
0.015959
0.0159709
0.0159552
0.01598
0.0159481
0.0159612
0.0159621
0.0159621
0.015965
0.0159781
0.0159791
0.0159788
0.0159819
0.015954
0.0159609
0.015965
0.0159559
0.0159659
0.01595
0.0159709
0.015955
0.01596
0.015955
0.0159981
0.0159559
0.0159931
0.0159619
0.015959
0.0159461
0.0159731
0.015959
0.0159731
0.0159721
0.0159659
0.01598
0.0159678
0.0159509
0.015969
0.015964
0.01594
0.0159991
0.0159888
0.0160041
0.01599
0.0159602
0.0159431
0.0159411
0.016
0.015964
0.016005
0.0159471
0.015975
0.0159678
0.015949
0.015954
0.0159631
0.0159478
0.0159719
0.015965
0.015976
0.0159669
0.015949
0.0159972
0.015975
0.0159941
0.0159838
0.015985
0.0159922
0.0159838
0.015981
0.0159459
0.0159619
0.0159581
0.01599
0.0159612
0.015981
0.0159481
0.0159719
0.0159659
0.016005
0.0159779
0.01596
0.0159512
0.0159521
0.0159819
0.0159771
0.015969
0.0159581
0.0159769
0.015986
0.0159609
0.0160069
0.0159431
0.015949
0.0159969
0.0159941
0.015945
0.0159612
0.015969
0.015959
0.0160022
0.016006
0.0159631
0.016
0.0159431
0.015996
0.015991
0.015975
0.0159678
0.0159628
0.015981
0.0159469
0.01596
0.015986
0.0159729
0.0159371
0.0159941
0.01599
0.015938
0.0159719
0.0159431
0.0159621
0.0159619
0.0158241
0.015996
0.0159678
0.015965
0.015969
0.0159991
0.0159941
0.0159512
0.0159919
0.0159819
0.015986
0.0159409
0.0159812
0.0159521
0.0159709
0.0159628
0.015955
0.01599
0.0159581
0.0159779
0.0159659
0.0159709
0.0159409
0.0159941
0.0159979
0.0159459
0.015991
0.0159929
0.015995
0.015974
0.0159531
0.0159512
0.015985
0.0159938
0.016006
0.015924
0.0159628
0.0159581
0.0159781
0.016005
0.0159812
0.0159371
0.0159721
0.0159621
0.0159659
0.015964
0.015955
0.0159588
0.0159941
0.0159621
0.0159709
0.015938
0.015959
0.01599
0.0160019
0.01599
0.0159659
0.0159869
0.0159731
0.015939
0.0159581
0.0159621
0.0159771
0.0159709
0.015986
0.0159662
0.0159659
0.0159559
0.015944
0.0159581
0.0159678
0.0159659
0.015986
0.015965
0.0159481
0.0159509
0.0160029
0.0159709
0.0159469
0.0159929
0.015985
0.015975
0.0159662
0.0159349
0.0159841
0.01597
0.0159841
0.01594
0.015965
0.016
0.0159311
0.0159631
0.0160041
0.0159569
0.0159621
0.0159781
0.0159972
0.0159538
0.0159581
0.0160029
0.0159731
0.0159941
0.01598
0.0160022
0.0159721
0.01598
0.0159609
0.0159602
0.0159822
0.01596
0.016001
0.0159612
0.0159938
0.0159969
0.0160069
0.01596
0.0159829
0.015945
0.0159671
0.0159631
0.0159738
0.0159869
0.0159669
0.015964
0.01597
0.0159721
0.015965
0.0159791
0.0159712
0.016
0.0159991
0.0160019
0.0159659
0.0159791
0.0159931
0.015976
0.0159731
0.0159841
0.016001
0.01598
0.0159419
0.015955
0.0159729
0.0159481
0.0159781
0.0159972
0.015964
0.0159559
0.0159638
0.0159681
0.0159371
0.015985
0.016005
0.0159419
0.015975
0.0159721
0.0159972
0.015981
0.015986
0.0159791
0.0159581
0.0159569
0.0160141
0.01594
0.01598
0.015985
0.0159678
0.015964
0.015928
0.0159512
0.01597
0.0159769
0.0159631
0.015944
0.0159571
0.0159729
0.01598
0.015949
0.015976
0.0159829
0.0159941
0.015976
0.015954
0.0160151
0.0159879
0.0159528
0.0159431
0.0159721
0.015996
0.0159628
0.0159559
0.0159888
0.0159841
0.015944
0.0159681
0.015969
0.0159919
