0.0164161
0.0162649
0.0162749
0.0162661
0.0162699
0.0162609
0.0162659
0.0162799
0.016259
0.016279
0.0162661
0.016273
0.0162821
0.0162718
0.0162799
0.0162849
0.016293
0.0162811
0.0162849
0.016273
0.0162921
0.0162721
0.016263
0.0162601
0.0162601
0.016269
0.016289
0.016263
0.0163
0.0162592
0.0163119
0.0162711
0.016283
0.0162849
0.016258
0.0162778
0.0162659
0.0162709
0.0162652
0.016279
0.0162868
0.0162671
0.0162642
0.016278
0.016283
0.0162911
0.016268
0.0162899
0.016268
0.016278
0.0162721
0.016273
0.0162711
0.0162761
0.016253
0.0162511
0.0162792
0.0162749
0.0162709
0.0162611
0.0162771
0.016268
0.0162649
0.016269
0.0162749
0.016453
0.0162709
0.016284
0.0162671
0.016269
0.0162749
0.0162551
0.016279
0.0162849
0.0162721
0.016294
0.0162792
0.0162621
0.0163031
0.0162759
0.016257
0.0162799
0.016263
0.0162711
0.016264
0.0162699
0.0162671
0.016283
0.0162649
0.0162859
0.016274
0.016269
0.016274
0.0162468
0.016252
0.0162821
0.0162559
0.016274
0.0162759
0.0162859
0.0163031
0.0162592
0.0162551
0.016258
0.0162699
0.016288
0.016288
0.016258
0.016269
0.0162761
0.0162761
0.016294
0.016289
0.016293
0.016258
0.0162609
0.0162549
0.0162659
0.0162711
0.016283
0.0162771
0.016273
0.0162828
0.016263
0.0162621
0.016284
0.0162489
0.0162652
0.0162771
0.016268
0.0162799
0.0162768
0.016289
0.016279
0.0162642
0.0162611
0.016273
0.0162749
0.0162802
0.0162761
0.016274
0.016294
0.0162749
0.0162821
0.0162649
0.0162859
0.016279
0.016274
0.016264
0.016264
0.0162818
0.016278
0.0162721
0.0162718
0.01632
0.0162921
0.0162799
0.016279
0.0162692
0.016278
0.0162821
0.0162852
0.0162718
0.0162849
0.016283
0.0162721
0.016269
0.0162771
0.0162799
0.0162878
0.016294
0.0162721
0.016283
0.0162771
0.0162652
0.0162752
0.016274
0.0162668
0.016268
0.016283
0.0162649
0.0162799
0.016273
0.016284
0.0162711
0.0162721
0.0162649
0.0162849
0.0162661
0.0162699
0.0162621
0.0162749
0.016269
0.0162601
0.0162818
0.0162928
0.016268
0.0162771
0.0162678
0.016273
0.016284
0.0162671
0.016259
0.016273
0.0162799
0.016279
0.016284
0.0162811
0.0162771
0.0162771
0.0162709
0.016268
0.016269
0.0162809
0.0162442
0.016263
0.0163159
0.0162759
0.0163
0.016274
0.016253
0.0162749
0.0162809
0.0162849
0.016264
0.0162702
0.0163009
0.0162809
0.016274
0.0162809
0.016294
0.0162752
0.016264
0.0162621
0.016258
0.016273
0.016274
0.0162699
0.0163012
0.016279
0.016279
0.0162742
0.0162871
0.0162659
0.016289
0.016264
0.016295
0.0162811
0.0162661
0.0162828
0.0162821
0.016252
0.016273
0.016279
0.0162749
0.0162852
0.016258
0.0162761
0.016295
0.016273
0.0162709
0.016279
0.0162592
0.0162759
0.0162871
0.0162971
0.016263
0.0162711
0.0162749
0.0162721
0.0162811
0.016274
0.016268
0.0162551
0.016288
0.0162742
0.016283
0.0162799
0.0162899
0.016278
0.0162711
0.0162568
0.016278
0.0162849
0.016274
0.0162721
0.016269
0.016268
0.0162721
0.0162671
0.0163078
0.016279
0.016284
0.0162711
0.0162859
0.0162771
0.016274
0.0162849
0.016269
0.016273
0.016309
0.016293
0.0162668
0.016264
0.016295
0.016283
0.016274
0.0162721
0.016274
0.0162978
0.0162809
0.016299
0.0162811
0.0162802
0.0162752
0.016264
0.0162709
0.0162971
0.016253
0.016264
0.0162899
0.0162461
0.016269
0.0162761
0.0162811
0.016258
0.0162821
0.0163012
0.016273
0.0162761
0.0162799
0.016279
0.016264
0.016284
0.016269
0.0162668
0.0162809
0.0162749
0.0162659
0.0162771
0.016274
0.0162969
0.016279
0.016279
0.016273
0.0162611
0.0162971
0.0162408
0.016294
0.0162551
0.016274
0.016299
0.016279
0.0162652
0.0163002
0.0163009
0.016284
0.016273
0.0162652
0.016268
0.016263
0.0162911
0.016273
0.0162601
0.0162652
0.0162849
0.0163081
0.016269
0.016295
0.016289
0.0162878
0.016268
0.016274
0.0162859
0.016284
0.0162921
0.016289
0.016288
0.016278
0.0162909
0.0162759
0.0162821
0.0162761
0.016274
0.0162551
0.0162711
0.0162821
0.0162771
0.0162539
0.016274
0.016264
0.0162609
0.0162821
0.016268
0.016253
0.0162759
0.0162859
0.0162761
0.016269
0.0162611
0.016319
0.016258
0.0163028
0.016279
0.0162811
0.016279
0.016274
0.01631
0.0162709
0.0162749
0.0162711
0.016264
0.0162699
0.0163
0.016289
0.0162709
0.0162899
0.0163031
0.0162668
0.016268
0.0162539
0.0162699
0.0162652
0.016269
0.016279
0.0162799
0.0162559
0.0162621
0.0162981
0.0162649
0.0162921
0.0162621
0.016269
0.016294
0.0162761
0.016293
0.0162849
0.016269
0.0162561
0.0162952
0.016269
0.016263
0.0162711
0.0162539
0.0162721
0.016279
0.0162652
0.016278
0.0162551
0.0162702
0.016263
0.0162652
0.016259
0.016258
0.0162759
0.0162599
0.0162599
0.016274
0.016278
0.0162961
0.0162439
0.0162549
0.0162749
0.0162559
0.0162759
0.0162609
0.0162709
0.016264
0.016268
0.016279
0.016269
0.016279
0.0162661
0.0162649
0.0162821
0.0162601
0.016288
0.016268
0.0162771
0.0162649
0.0162711
0.0162861
0.0162761
0.0162561
0.0163021
0.016279
0.0162611
0.016264
0.0162778
0.016274
0.0162821
0.0162559
0.016264
0.0162659
0.0162649
0.0162771
0.0162899
0.0162759
0.0162671
0.0162818
