0.0127032
0.0127828
0.0127971
0.0127931
0.012826
0.012804
0.0127778
0.012795
0.012809
0.012799
0.012805
0.0127831
0.0127869
0.012754
0.012795
0.0127769
0.0127881
0.0127859
0.0127771
0.012779
0.0127761
0.012768
0.0127699
0.0127811
0.012779
0.012784
0.0127702
0.0127761
0.0127749
0.0127861
0.0127678
0.012773
0.0127912
0.012804
0.012785
0.0128009
0.01279
0.0128
0.0127769
0.0127759
0.012784
0.0127721
0.0127859
0.0127771
0.0128119
0.0127769
0.0127749
0.0128031
0.012799
0.0127671
0.0127702
0.0128119
0.0127881
0.0127771
0.0128291
0.01278
0.0127821
0.0128071
0.0127861
0.0128
0.0127969
0.0127859
0.0127919
0.0127931
0.0127861
0.0127671
0.0128131
0.0128231
0.012789
0.012816
0.012778
0.012799
0.0127959
0.012769
0.012826
0.012805
0.012804
0.0127869
0.0128179
0.012779
0.0128181
0.0128131
0.012815
0.01279
0.0127852
0.0127859
0.012795
0.0128031
0.012778
0.0128052
0.0128231
0.012789
0.012804
0.0128028
0.01279
0.0127969
0.012763
0.012804
0.0127881
0.012799
0.0127881
0.0127659
0.0127928
0.0128131
0.01281
0.012748
0.0127759
0.0127749
0.0127778
0.0128169
0.012784
0.0127859
0.012794
0.012785
0.0127728
0.0127981
0.0128071
0.0127778
0.012785
0.012804
0.0128019
0.0128231
0.012794
0.0128188
0.0127709
0.012799
0.0127888
0.0128062
0.0128319
0.0127919
0.012816
0.012759
0.012773
0.0127859
0.01278
0.0128
0.0127981
0.0127959
0.01278
0.0127752
0.0128169
0.012778
0.0128448
0.0127931
0.012768
0.0127721
0.0127981
0.0127871
0.0128241
0.012758
0.0127718
0.0128489
0.01279
0.012779
0.0128012
0.012778
0.0127921
0.0128059
0.0127809
0.0128009
0.01278
0.01282
0.0127881
0.0127981
0.0127671
0.0127878
0.0127869
0.0128078
0.012758
0.0127761
0.0128081
0.0128
0.0127959
0.0127821
0.012779
0.012785
0.0128021
0.012774
0.0128038
0.0127559
0.01281
0.0127878
0.01278
0.0127711
0.0128021
0.012814
0.01281
0.0128119
0.012785
0.0128138
0.01279
0.0127869
0.0127981
0.0127959
0.0127659
0.0127931
0.0127771
0.0128021
0.012809
0.0127721
0.0127909
0.012785
0.0127702
0.0127881
0.0128179
0.0127668
0.0128109
0.0127969
0.012784
0.0127621
0.0127521
0.0127969
0.012778
0.0127671
0.012795
0.0127912
0.0127881
0.0127871
0.0127919
0.012784
0.0127761
0.0127881
0.012821
0.0127811
0.0127981
0.0127721
0.0127749
0.012758
0.012805
0.0127761
0.0127671
0.0127921
0.0127671
0.0127769
0.0127449
0.0128119
0.0128219
0.0127699
0.012763
0.012794
0.0127721
0.012789
0.012795
0.012795
0.0127771
0.0127871
0.0127821
0.0128291
0.012799
0.0128
0.0128028
0.01279
0.0128269
0.0128031
0.0127728
0.012785
0.0127981
0.0128119
0.012759
0.012778
0.012789
0.0127571
0.0128181
0.012789
0.0127978
0.0128
0.0128009
0.0127861
0.0127749
0.0127919
0.0127959
0.0127909
0.0127759
0.012778
0.0127919
0.012809
0.0127919
0.0128
0.0128119
0.0127971
0.0127771
0.01279
0.0127821
0.0127742
0.012825
0.0127881
0.0128
0.0127861
0.01283
0.0127621
0.0128071
0.0128009
0.0127909
0.0127671
0.0128222
0.012785
0.0128078
0.0127971
0.0128059
0.012784
0.0128231
0.0127821
0.012809
0.012779
0.012784
0.012805
0.0127769
0.0127861
0.0127978
0.012794
0.012809
0.0128031
0.0127661
0.0127919
0.012799
0.0128
0.0127709
0.0127931
0.012805
0.0127859
0.012774
0.012804
0.0127831
0.0128038
0.012826
0.0127821
0.0127981
0.0127721
0.012789
0.0128081
0.012814
0.0127659
0.012759
0.012789
0.012794
0.0128062
0.0127811
0.0127921
0.01279
0.012795
0.0127802
0.01282
0.012769
0.0127931
0.0127921
0.012789
0.0127959
0.012784
0.0128059
0.0127959
0.0127571
0.0127559
0.01283
0.012769
0.0127928
0.012804
0.0128071
0.0128372
0.012778
0.012799
0.0128021
0.0128391
0.0128088
0.012805
0.0127828
0.0127699
0.0127988
0.0127869
0.0127749
0.0128052
0.0128109
0.012794
0.012789
0.012768
0.0128081
0.0128002
0.012794
0.0127592
0.0127659
0.012805
0.012779
0.0128269
0.012816
0.0127912
0.0127931
0.0127831
0.0127769
0.0127981
0.0128272
0.0127902
0.0127561
0.0127699
0.0127831
0.0127611
0.012769
0.0127962
0.01284
0.012779
0.0128038
0.0128469
0.012769
0.012785
0.0127971
0.0127811
0.012794
0.0127969
0.012778
0.0128338
0.0128191
0.0127931
0.0128241
0.0127881
0.0128062
0.012794
0.01279
0.0127971
0.0127861
0.0128031
0.01281
0.0127568
0.012814
0.012774
0.0128088
0.0127661
0.0128131
0.01282
0.0128
0.0127902
0.0128009
0.012785
0.012779
0.0127959
0.0127869
0.0128241
0.0128398
0.0127769
0.0128059
0.012794
0.0127859
0.0128241
0.0128021
0.012779
0.0128109
0.012831
0.0128009
0.0127811
0.0127831
0.012789
0.0127981
0.012774
0.0127871
0.0127652
0.012794
0.012794
0.0127769
0.012794
0.0127542
0.0127981
0.0127971
0.012749
0.0127919
0.0127759
0.0127721
0.012816
0.0127971
0.0128481
0.0128069
0.0128062
0.0128281
0.0127401
0.01278
0.012759
0.0128229
0.0128081
0.012764
0.012779
0.0127959
0.012778
0.01278
0.0128009
0.0127831
0.0127759
0.0127671
0.0127678
0.01278
0.012794
0.0128059
0.012795
0.012785
0.01279
0.0127661
0.012773
0.0128021
0.0127819
0.0128231
0.0127761
0.0127912
0.012773
0.0127811
0.012789
