0.00998807
0.00976992
0.009763
0.00975609
0.009763
0.0097599
0.00977397
0.00975704
0.00976586
0.009758
0.00977802
0.00975895
0.00975585
0.00976801
0.0097599
0.00975394
0.00975609
0.00976706
0.00976801
0.00975204
0.00976706
0.00974798
0.00975204
0.00975609
0.00976396
0.009758
0.00975394
0.0097599
0.00976682
0.00975204
0.00975299
0.00975394
0.00977397
0.00976491
0.0097611
0.00976706
0.00976896
0.0097611
0.00976396
0.00975704
0.00977802
0.00976682
0.0097599
0.00977588
0.00975895
0.009758
0.00977302
0.00977898
0.00976014
0.00976396
0.00977015
0.00978398
0.00976801
0.00977087
0.00976205
0.00977898
0.00977707
0.00976205
0.00976515
0.00975394
0.00975204
0.00975609
0.00975704
0.009763
0.00979185
0.0097549
0.00976396
0.00976205
0.00976801
0.00975704
0.0097661
0.00975704
0.00976992
0.009758
0.00977111
0.0097611
0.00978208
0.00976086
0.00977397
0.00976896
0.00976992
0.00975919
0.00977015
0.009758
0.00977921
0.00976491
0.00975299
0.0097692
0.00976896
0.00977111
0.00975704
0.00976014
0.00975919
0.00977302
0.00976396
0.0097549
0.00978589
0.00976586
0.0097661
0.00977397
0.00975895
0.00975704
0.0097661
0.0097611
0.00975299
0.00976992
0.009758
0.00976586
0.0097549
0.00974894
0.00976205
0.00976682
0.00977397
0.00978017
0.00976205
0.0097692
0.00975204
0.00977015
0.00976014
0.00976419
0.009763
0.009758
0.00976396
0.00976205
0.00975609
0.00978398
0.00975394
0.00977898
0.009763
0.009758
0.00977683
0.00976706
0.00975013
0.00977015
0.00974703
0.00977087
0.00977206
0.00976801
0.00977206
0.00974703
0.0097611
0.00977397
0.00977707
0.00975609
0.0097549
0.00976396
0.00976896
0.00976801
0.00976515
0.0097611
0.00977492
0.00976419
0.00975013
0.00976205
0.009763
0.00977302
0.009758
0.00975585
0.00976205
0.00974202
0.0097661
0.00974107
0.0101411
0.00976682
0.00976896
0.00977302
0.00975299
0.00976491
0.00975823
0.009758
0.009758
0.00976014
0.00975704
0.00976205
0.0097611
0.00976419
0.00976086
0.00977492
0.00975299
0.00978088
0.00975394
0.00976992
0.00976896
0.00977087
0.00976396
0.00976586
0.00975513
0.00977111
0.00976801
0.0097692
0.00977993
0.00977516
0.00974607
0.00976515
0.00975895
0.00976086
0.00976396
0.0097692
0.009758
0.00976992
0.009763
0.00976205
0.009758
0.00974894
0.00976992
0.00976086
0.00977898
0.00976491
0.00976205
0.00976801
0.00976801
0.00975513
0.009763
0.009763
0.00975609
0.00974989
0.00974917
0.00977397
0.00977683
0.00976086
0.00976801
0.00976801
0.0097661
0.00976801
0.00977182
0.0097599
0.00975895
0.009763
0.00976086
0.00976014
0.00975704
0.00974417
0.00976896
0.00975704
0.00976205
0.00977516
0.00977492
0.00976896
0.00977397
0.00976706
0.00976491
0.009758
0.0097599
0.0097599
0.00977898
0.0097549
0.00977206
0.00976396
0.00978112
0.00975919
0.00977111
0.009763
0.00976992
0.00975704
0.00977898
0.00978589
0.00976706
0.00974607
0.00976515
0.00976181
0.00976515
0.00976491
0.00975704
0.00976706
0.00976419
0.00977302
0.00976896
0.0102031
0.00977015
0.00977111
0.00976706
0.00975418
0.00975919
0.00976491
0.00976801
0.00975394
0.009758
0.00977206
0.00976205
0.00976014
0.00975895
0.00975585
0.00977993
0.00976086
0.00976086
0.00977302
0.00976205
0.00977087
0.0097599
0.00976706
0.00975609
0.00977206
0.00977302
0.00975895
0.00977302
0.00976682
0.00975895
0.0097599
0.00975299
0.00976205
0.00978208
0.00976014
0.00977087
0.00976205
0.0097599
0.0097599
0.00975204
0.00976896
0.00975919
0.00976801
0.00976682
0.00976086
0.00975895
0.0097568
0.0097549
0.00975585
0.00976181
0.00976586
0.00976086
0.010149
0.00976896
0.00976706
0.00975609
0.00974917
0.00975204
0.00977206
0.00975895
0.00975204
0.00976014
0.0097661
0.00976801
0.00975704
0.0097599
0.00976205
0.009758
0.00975895
0.009763
0.00977612
0.00975108
0.0097611
0.00977302
0.00976801
0.00977612
0.00977087
0.00977206
0.00975394
0.00976086
0.00976396
0.00976777
0.00975609
0.00976205
0.0097661
0.00977397
0.00975704
0.00975013
0.00975394
0.0097661
0.00976396
0.009758
0.00974798
0.00976515
0.00977397
0.00976396
0.00976801
0.00976801
0.00974798
0.00975704
0.00977516
0.00976515
0.00975013
0.00975704
0.00975585
0.00976396
0.00977182
0.00976992
0.00977087
0.00976086
0.00975704
0.009758
0.00976086
0.00976896
0.00977206
0.00975394
0.0097599
0.0097549
0.00977492
0.00974703
0.00976491
0.00975895
0.009763
0.00977397
0.00976491
0.00975204
0.00977683
0.00975394
0.00975704
0.00975895
0.00977206
0.0097661
0.00977015
0.00976801
0.00976086
0.009758
0.00976515
0.0097611
0.00975895
0.00975895
0.0097599
0.00975895
0.0097599
0.00977087
0.00976205
0.00977612
0.00978279
0.0097661
0.00976706
0.00976205
0.00974512
0.00976706
0.00977397
0.00976706
0.00976801
0.00975704
0.00976205
0.00976992
0.00976491
0.00977683
0.00975418
0.00977397
0.00975895
0.00975513
0.00975204
0.00976586
0.00975895
0.00977182
0.00976801
0.00976801
0.00977015
0.00974703
0.00975919
0.00976706
0.00977302
0.00977588
0.00977588
0.00976586
0.00976205
0.00978398
0.00976992
0.00976706
0.00977302
0.00977707
0.00976205
0.00976396
0.00976205
0.0097611
0.00976205
0.009763
0.00976706
0.00975513
0.0097661
0.00975895
0.00977111
0.00976896
0.00976801
0.009758
0.00975895
0.00978088
0.00975895
0.00975823
0.0097549
0.00977087
0.00977206
0.00977397
0.00975585
0.0097599
0.00976181
0.0097599
0.00976706
0.009758
0.0097692
0.00975299
0.00977087
0.00976801
0.00976086
0.00975704
0.00976205
0.00976801
0.00977087
0.00975108
0.009758
0.00976706
0.00976896
0.0097599
0.00976706
0.00976801
0.00976586
0.00976896
0.00975704
0.00976801
0.00974798
