0.00348306
0.00342298
0.00342298
0.00342607
0.00342178
0.00342488
0.00342298
0.00342393
0.00342202
0.00342298
0.00342298
0.00342298
0.00342894
0.00342798
0.00341988
0.00342607
0.00342488
0.00343204
0.00342202
0.00342298
0.00342393
0.00342417
0.00342298
0.00342298
0.00342107
0.00342512
0.00342512
0.00342798
0.00342083
0.00342298
0.00342703
0.00342202
0.00342011
0.00342917
0.00342798
0.00342298
0.00342393
0.00342488
0.00342607
0.00342488
0.00342703
0.00342512
0.00342607
0.00342202
0.00342298
0.00342607
0.00342393
0.00341916
0.00342703
0.00341892
0.00342298
0.00342607
0.00342321
0.00342298
0.00342393
0.00342417
0.00342298
0.00342488
0.00342488
0.00341892
0.00341797
0.00342298
0.00342298
0.00342417
0.00342703
0.00342488
0.00342607
0.00342298
0.00342417
0.00342202
0.00342202
0.00342703
0.00341988
0.00342393
0.00342798
0.00342107
0.00342083
0.00342607
0.00341916
0.00342202
0.00342202
0.00342393
0.00342298
0.00341892
0.00342512
0.00342607
0.00341892
0.00342417
0.00342202
0.00342512
0.00342798
0.00342393
0.00342393
0.00342393
0.00342298
0.00327396
0.00342417
0.00342202
0.00342107
0.00342298
0.00342321
0.00342107
0.00341892
0.00342083
0.00342607
0.00342298
0.00342011
0.00342512
0.00342417
0.00342202
0.00342298
0.00342202
0.00342298
0.00342202
0.00341916
0.00342202
0.00342083
0.00342202
0.00342417
0.00342298
0.00342083
0.00342298
0.00342393
0.00342298
0.00342512
0.00342584
0.00342298
0.00342512
0.00342798
0.00342202
0.00342607
0.00342298
0.00342488
0.00342488
0.00342321
0.00342607
0.00342011
0.00342393
0.00342202
0.00342202
0.00342083
0.00342894
0.00342202
0.00342298
0.00342298
0.00342488
0.00342488
0.00342703
0.00342512
0.00342202
0.00342321
0.00342512
0.00342298
0.00342298
0.00342107
0.00343108
0.00342607
0.00342321
0.00342202
0.00342512
0.00342512
0.00342107
0.00342822
0.00342393
0.00342393
0.00342417
0.00342393
0.00342202
0.00342298
0.00342607
0.00342703
0.00342894
0.00342393
0.00342584
0.00342298
0.00342607
0.00342417
0.00342202
0.00342584
0.00342202
0.00342512
0.00342202
0.00342202
0.00342298
0.00342011
0.00342488
0.00342798
0.00342417
0.00342393
0.00342488
0.00342584
0.00342703
0.00342703
0.00342202
0.00342584
0.00342894
0.00342512
0.00342417
0.00342298
0.00342393
0.00342512
0.00342703
0.00342393
0.00342107
0.00342417
0.00342607
0.00342607
0.00376606
0.0034349
0.00342321
0.00342703
0.00342202
0.00342584
0.00341797
0.00342607
0.00342417
0.00342298
0.00342178
0.00342488
0.00342488
0.00342798
0.00342298
0.00342488
0.00342512
0.00342703
0.00342298
0.00342798
0.00342298
0.00342107
0.00342298
0.00342512
0.00342798
0.00342798
0.00342798
0.00342607
0.00342607
0.00342703
0.00342393
0.00342417
0.00342298
0.00341892
0.00342202
0.00342202
0.00342298
0.00342298
0.00342298
0.00342083
0.00342488
0.00342393
0.00342321
0.00342989
0.00342703
0.00342298
0.00342488
0.00342584
0.00341892
0.00342417
0.00342393
0.00342488
0.00341702
0.00342298
0.00342703
0.00342512
0.00342894
0.00342703
0.00342417
0.00342202
0.00342512
0.00342202
0.00342584
0.00342488
0.00342393
0.00342417
0.00342798
0.00342512
0.00342417
0.00342298
0.00341988
0.00342298
0.00341916
0.00342488
0.00342393
0.00342488
0.00342083
0.00342894
0.00342393
0.00342202
0.00341988
0.00341797
0.00342298
0.00342107
0.00342512
0.00342607
0.00342393
0.00342298
0.00342393
0.00342584
0.00342488
0.00342298
0.00342298
0.00342298
0.00342107
0.00342393
0.00342202
0.00342584
0.00342393
0.00342083
0.00342298
0.00342202
0.00342393
0.00342298
0.00342512
0.00342607
0.00342798
0.00342488
0.00342393
0.00342107
0.00342488
0.00342202
0.00342488
0.00342584
0.00342703
0.00342298
0.00342393
0.00342607
0.00342584
0.00342107
0.00342393
0.00341988
0.00341988
0.00342488
0.00342393
0.00342393
0.00342202
0.00341892
0.00342083
0.00342298
0.00342512
0.00342488
0.00342107
0.00341892
0.00342417
0.00342703
0.00342202
0.00342202
0.00342298
0.00342298
0.00342298
0.00342202
0.00342488
0.00342488
0.00342488
0.00342488
0.00342202
0.00342298
0.00342202
0.00342298
0.00342107
0.00342083
0.00342393
0.00342298
0.00342298
0.00342202
0.00342798
0.00342417
0.00342393
0.00342512
0.00342202
0.00342798
0.00342107
0.00342417
0.00342512
0.00343013
0.00341988
0.00342607
0.00342607
0.00342798
0.00342393
0.00342298
0.00341988
0.00342202
0.00342011
0.00342607
0.00342393
0.00342703
0.00342488
0.00342011
0.00342584
0.00341988
0.00342488
0.00342083
0.00342202
0.00342298
0.00342798
0.00342393
0.00342202
0.00342703
0.00342488
0.00342202
0.00341892
0.00342202
0.00341916
0.00342011
0.00342607
0.00342107
0.00342083
0.00342584
0.00342202
0.00342417
0.00342798
0.00342488
0.00342417
0.00342202
0.00341892
0.00342321
0.00342298
0.00342607
0.00342679
0.00342393
0.00342202
0.00342011
0.00342798
0.00342202
0.00342107
0.00342607
0.00342512
0.00342607
0.00342178
0.00342107
0.00342298
0.00342202
0.00342298
0.00342512
0.00342298
0.00342178
0.00342298
0.00342178
0.00342607
0.00342298
0.00342393
0.00342607
0.00342202
0.00342202
0.00341988
0.00342488
0.00342202
0.00342202
0.00342083
0.00342298
0.00341797
0.00342393
0.00342083
0.00342679
0.00342393
0.00342107
0.00342298
0.00342298
0.00342417
0.00342202
0.00342417
0.00341892
0.00342393
0.00342298
0.00342107
0.00342202
0.00342178
0.00342393
0.00341892
0.00342607
0.00342298
0.00342298
0.00342607
0.00342011
0.00342202
0.00342202
0.00342107
0.00342107
0.00342202
0.00342488
0.00342202
0.00342202
0.00342298
0.00342202
0.00342202
0.00342703
0.00342488
0.00342798
0.00342202
0.00342798
0.00342512
0.00342107
0.00342321
0.00342107
0.00342321
0.00342298
0.00341821
0.00342107
0.00342512
0.00342798
0.00342393
