20.8569
11.9309
11.8892
11.8721
11.8721
11.9081
11.9231
11.884
11.8692
11.8549
11.8759
11.9121
11.9071
11.883
11.905
11.874
11.8701
11.905
11.8651
11.8899
11.8921
11.9081
11.9212
11.941
11.9078
11.8699
11.914
11.934
11.9019
11.8959
11.9309
11.899
11.9441
11.935
11.9109
11.9159
11.853
11.9479
11.8899
11.8971
11.903
11.884
11.9331
11.9741
11.8999
11.8811
11.903
11.9321
11.939
11.9081
11.8821
11.8489
11.919
11.9491
11.8959
11.9019
11.8928
11.8978
11.8489
11.946
11.9069
11.833
11.9021
11.8859
11.847
11.9381
11.9309
11.9212
11.8959
11.8718
11.9278
11.873
11.8868
11.879
11.9171
11.915
11.893
11.8549
11.9011
11.8749
11.904
11.915
11.884
11.9059
11.9431
11.9071
11.9331
11.8721
11.9169
11.873
11.8871
11.9071
11.9019
11.903
11.898
11.9479
11.8699
11.8861
11.903
11.9059
11.9302
11.8818
11.894
11.9021
11.9269
11.92
11.862
11.935
11.903
11.893
11.8861
11.8871
11.9231
11.939
11.883
11.9381
11.9181
11.9162
11.8959
11.8952
11.9181
11.9131
11.8971
11.883
11.898
11.878
11.905
11.8608
11.9202
11.9159
11.9359
11.919
11.8871
11.898
11.8752
11.884
11.8911
11.8918
11.894
11.878
11.879
11.946
11.8759
11.884
11.893
11.8899
11.8601
11.9109
11.8489
11.8539
11.8649
11.8952
11.9131
11.853
11.903
11.9081
11.9052
11.879
11.8701
11.9281
11.9131
11.8849
11.852
11.903
11.925
11.934
11.8549
11.8709
11.9081
11.924
11.889
11.8761
11.904
11.9081
11.8601
11.8699
11.914
11.9469
11.935
11.9019
11.9061
11.9059
11.857
11.9009
11.8558
11.9069
11.929
11.878
11.842
11.915
11.874
11.9119
11.8749
11.8899
11.8868
11.894
11.878
11.9321
11.8709
11.904
11.9069
11.9379
11.9278
11.867
11.8771
11.8539
11.852
11.8649
11.879
11.8861
11.9059
11.884
11.889
11.858
11.867
11.884
11.8899
11.9271
11.915
11.909
11.935
11.9119
11.9019
11.9228
11.8752
11.9591
11.929
11.9081
11.874
11.9069
11.8849
11.884
11.8911
11.868
11.8852
11.8589
11.8701
11.8909
11.847
11.919
11.9081
11.914
11.8868
11.9102
11.8401
11.8761
11.8921
11.9269
11.889
11.9059
11.8718
11.925
11.8749
11.8968
11.9209
11.9061
11.874
11.934
11.869
11.9078
11.9121
11.884
11.8759
11.914
11.8799
11.8582
11.894
11.941
11.9131
11.9071
11.8902
11.8871
11.8811
11.862
11.9209
11.92
11.8911
11.9019
11.8999
11.9219
11.9028
11.915
11.884
11.914
11.9069
11.9009
11.8861
11.905
11.91
11.8511
11.8799
11.94
11.889
11.894
11.8761
11.9131
11.9269
11.889
11.869
11.8902
11.9131
11.8859
11.9238
11.8859
11.8968
11.904
11.8999
11.8899
11.893
11.8768
11.8949
11.9002
11.899
11.867
11.9081
11.9281
11.905
11.904
11.8961
11.8721
11.888
11.8771
11.8902
11.8968
11.91
11.873
11.9288
11.879
11.8749
11.9119
11.899
11.9019
11.894
11.8949
11.8911
11.9209
11.874
11.8749
11.915
11.893
11.8971
11.914
11.9181
11.9002
11.8949
11.9121
11.8999
11.904
11.903
11.904
11.868
11.8849
11.8921
11.883
11.9281
11.9221
11.8861
11.91
11.919
11.9271
11.9109
11.9429
11.9109
11.919
11.8842
11.8799
11.8592
11.898
11.9071
11.9159
11.956
11.9259
11.8749
11.8828
11.78
11.91
11.9081
11.8771
11.903
11.9021
11.873
11.92
11.8461
11.8539
11.92
11.8911
11.9009
11.8752
11.9131
11.8902
11.9059
11.91
11.915
11.894
11.9169
11.925
11.8768
11.8809
11.9052
11.8811
11.893
11.9209
11.8821
11.905
11.9059
11.894
11.9381
11.9021
11.898
11.9171
11.894
11.9202
11.8809
11.8852
11.8999
11.91
11.8909
11.8952
11.8859
11.8952
11.92
11.9002
11.898
11.903
11.9181
11.899
11.9259
11.9362
11.8759
11.9059
11.9231
11.9081
11.838
11.9209
11.8921
11.878
11.8692
11.9059
11.9319
11.8911
11.879
11.8799
11.9081
11.9421
11.8661
11.91
11.9359
11.8659
11.9119
11.9221
11.879
11.898
11.8749
11.8971
11.8949
11.9159
11.8911
11.92
11.9431
11.8959
11.8809
11.904
11.914
11.8971
11.9259
11.8959
11.9181
11.869
11.893
11.8821
11.8811
11.9112
11.8799
11.9159
11.9109
11.8799
11.852
11.9212
11.893
11.8949
11.8599
11.92
11.9319
11.8952
11.8899
11.8642
11.898
11.9328
11.924
11.862
11.9359
11.8718
11.8959
11.899
11.899
11.905
11.893
11.873
11.935
11.899
11.8968
11.8899
11.879
11.8949
11.9431
11.935
11.9152
11.8761
11.905
11.914
11.9412
11.8959
11.8849
11.8711
11.934
11.888
11.919
11.9412
11.905
11.8721
11.867
11.9309
11.91
11.925
11.9429
11.8918
11.9059
11.9171
11.9011
11.9331
11.8659
11.8849
11.8749
11.857
11.9419
11.9059
11.899
11.9309
11.862
11.8711
11.8902
11.8949
11.9221
11.889
11.9131
11.909
11.9259
11.9071
11.8601
11.9021
11.893
11.893
11.879
11.8899
11.883
11.9081
11.8909
11.9359
11.9259
11.925
11.903
11.9059
11.8849
11.894
11.8809
11.9059
11.894
11.868
11.9309
11.9252
11.914
11.9419
11.8849
11.9281
11.9059
11.9228
11.9472
11.8451
11.9019
11.9178
11.862
11.8651
11.9071
11.9281
11.935
11.8599
11.8768
11.9128
11.862
11.8842
11.9359
11.935
11.909
11.91
11.919
11.8592
11.8861
11.8871
11.9131
11.9159
11.863
11.898
11.8699
11.8952
11.883
11.8861
11.899
11.9088
11.904
11.9121
11.8761
11.898
11.8899
11.9131
11.8558
11.915
11.8411
11.9059
11.893
11.909
11.9061
11.863
11.867
11.8771
11.8742
11.8809
11.929
11.868
11.8902
11.9071
11.893
11.924
11.9259
11.898
11.925
11.8799
11.9178
11.8899
11.869
11.8752
11.8849
11.862
11.8959
11.8721
11.8899
11.9381
11.8949
11.9278
11.8959
11.8651
11.915
11.929
11.8949
11.9309
11.9519
11.8978
11.8918
11.889
11.909
11.96
11.8811
11.9331
11.862
11.862
11.8749
11.899
11.8911
11.8771
11.9209
11.92
11.8849
11.915
11.8859
11.9319
11.853
11.873
11.869
11.889
11.8799
11.9362
11.9081
11.888
11.9059
11.929
11.934
11.8821
11.862
11.939
11.9209
11.9672
11.8859
11.904
11.8899
11.853
11.899
11.9181
11.8949
11.8701
11.898
11.899
11.904
11.9119
11.965
11.9019
11.8952
11.9131
11.9069
11.8799
11.8961
11.8909
11.8608
11.9212
11.9021
11.9059
11.9019
11.8558
11.93
11.894
11.898
11.925
11.862
11.888
11.905
11.888
11.9121
11.8871
11.924
11.878
11.8949
11.9328
11.8852
11.889
11.915
11.904
11.8899
11.9071
11.929
11.9011
11.9259
11.9152
11.919
11.853
11.9102
11.8859
11.904
11.91
11.863
11.893
11.8911
11.9488
11.9069
11.9178
11.8949
11.915
11.8752
11.831
11.9219
11.903
11.8599
11.919
11.9078
11.863
11.8971
11.8821
11.941
11.868
11.889
11.9131
11.8971
11.8909
11.92
11.8949
11.9109
11.92
11.869
11.8971
11.9309
11.9021
11.924
11.9109
11.9162
11.8558
11.888
11.9059
11.91
11.8821
11.8921
11.925
11.8728
11.8949
11.905
11.8959
11.909
11.8349
11.8999
11.904
11.8892
11.879
11.8971
11.8859
11.8868
11.9112
11.9021
11.868
11.9061
11.9538
11.858
11.8411
11.905
11.8821
11.914
11.8778
11.9319
11.8709
11.9629
11.888
11.884
11.8999
11.903
11.9059
11.8968
11.9119
11.8551
11.884
11.9212
11.883
11.9181
11.94
11.8911
11.914
11.9162
11.94
11.9081
11.893
11.8902
11.889
11.9112
11.8699
11.8651
11.8871
11.883
11.8341
11.914
11.9591
11.905
11.8961
11.8811
11.9109
11.915
11.8811
11.8949
11.873
11.8799
11.9319
11.9061
11.8821
11.93
11.924
11.924
11.8968
11.904
11.9009
11.92
11.833
11.9202
11.899
11.8761
11.8899
11.8999
11.9278
11.8771
11.8968
11.9061
11.8549
11.8899
11.8601
11.9209
11.893
11.924
11.9009
11.8902
11.909
11.919
11.8558
11.924
11.93
11.862
11.9181
11.9019
11.9159
11.9228
11.9169
11.8349
11.8911
11.8752
11.8639
11.9541
11.9231
11.8439
11.9009
11.899
11.8589
11.904
11.9069
11.8499
11.8029
11.8749
11.8668
11.9069
11.857
11.8818
11.8809
11.9169
11.869
11.915
11.9131
11.929
11.873
11.903
11.9028
11.858
11.946
11.883
11.8601
11.91
11.889
11.904
11.8921
11.8711
11.893
11.905
11.8561
11.8861
11.94
11.9081
11.9071
11.8971
11.925
11.9221
11.9269
11.8899
11.873
11.9421
11.8971
11.868
11.8899
11.9021
11.924
11.8771
11.8711
11.9071
11.8959
11.847
11.9009
11.8961
11.9171
11.8871
11.8511
11.899
11.9071
11.9419
11.8811
11.9221
11.8659
11.9069
11.8921
11.8909
11.8539
11.8809
11.904
11.9128
11.9219
11.93
11.8949
11.9381
11.883
11.8861
11.884
11.8451
11.8902
11.9159
11.909
11.894
11.8721
11.9529
11.858
11.9159
11.9331
11.9259
11.905
11.919
11.914
11.873
11.8449
11.94
11.915
11.914
11.8928
11.8799
11.8661
