4.529
4.50492
4.47702
4.49109
4.493
4.49014
4.48585
4.49204
4.50087
4.50087
4.48799
4.47893
4.48012
4.51112
4.47893
4.49085
4.48895
4.49204
4.50397
4.48895
4.48203
4.49991
4.48704
4.47297
4.49085
4.50492
4.47321
4.49014
4.48513
4.47893
4.48799
4.4651
4.48394
4.47893
4.47702
4.48084
4.47202
4.47893
4.47798
4.49204
4.48108
4.4899
4.48298
4.49014
4.48704
4.49395
4.50802
4.47488
4.50706
4.48298
4.49514
4.4868
4.47106
4.4868
4.50897
4.47607
4.50706
4.48298
4.48585
4.50206
4.47893
4.47083
4.48799
4.48799
4.49109
4.49109
4.49586
4.48394
4.46892
4.50397
4.48513
4.49014
4.493
4.47488
4.47202
4.4868
4.48513
4.4899
4.48108
4.51517
4.50206
4.47392
4.48298
4.47392
4.49085
4.47798
4.48895
4.48394
4.48799
4.48799
4.48799
4.48608
4.48203
4.47297
4.47416
4.47607
4.48895
4.49491
4.48704
4.48895
4.49491
4.48704
4.47989
4.48108
4.50706
4.49491
4.48084
4.48012
4.48322
4.48608
4.47297
4.48704
4.47989
4.49204
4.47488
4.48298
4.47989
4.498
4.49681
4.4961
4.48489
4.46987
4.51612
4.48203
4.48608
4.498
4.47798
4.49014
4.48394
4.48799
4.48704
4.5011
4.48799
4.4899
4.49991
4.48108
4.51708
4.49586
4.48513
4.48799
4.49109
4.47702
4.48012
4.47798
4.48608
4.49705
4.4899
4.48513
4.49204
4.48895
4.48203
4.47202
4.47607
4.48608
4.4961
4.4899
4.48704
4.48704
4.48585
4.48704
4.4868
4.47917
4.48322
4.50611
4.48895
4.4899
4.50206
4.49181
4.47512
4.49204
4.47702
4.48298
4.47702
4.48203
4.47917
4.48799
4.48012
4.48108
4.48489
4.48799
4.47297
4.49085
4.49014
4.48012
4.48704
4.48108
4.47392
4.51899
4.48298
4.47893
4.52399
4.49514
4.47798
4.48895
4.493
4.48418
4.48298
4.48895
4.48799
4.47702
4.47202
4.47202
4.48108
4.49395
4.49085
4.47702
4.47798
4.4868
4.48298
4.48108
4.48012
4.4899
4.48799
4.47989
4.493
4.47917
4.51517
4.493
4.48608
4.47893
4.47607
4.52209
4.4868
4.498
4.49991
4.51708
4.47392
4.48394
4.47488
4.47583
4.48012
4.493
4.47011
4.48918
4.49204
4.46796
4.48298
4.49395
4.49705
4.48012
4.4899
4.4899
4.48418
4.48704
4.49014
4.49419
4.48799
4.51112
4.49204
4.49109
4.49896
4.4899
4.49514
4.47512
4.48203
4.47702
4.46987
4.49109
4.48012
4.48489
4.48298
4.48895
4.47989
4.48895
4.47989
4.48012
4.49109
4.49395
4.48513
4.498
4.50683
4.48704
4.47702
4.48394
4.498
4.48394
4.48298
4.49395
4.48394
4.48203
4.48799
4.49109
4.48203
4.498
4.47989
4.47893
4.46892
4.47798
4.47893
4.49085
4.49395
4.49014
4.48918
4.47416
4.47893
4.48799
4.4868
4.49109
4.47202
4.48179
4.47893
4.48608
4.49491
4.47798
4.49109
4.47607
4.47297
4.5042
4.47607
4.48704
4.48704
4.47297
4.48799
4.48608
4.47798
4.47798
4.48203
4.47297
4.47202
4.47392
4.49395
4.529
4.49204
4.493
4.48799
4.47607
4.49419
4.48179
4.47893
4.48108
4.47702
4.49014
4.49085
4.48895
4.48298
4.50015
4.50802
4.50397
4.5011
4.493
4.50397
4.48704
4.48489
4.49896
4.49395
4.47106
4.493
4.51612
4.49514
4.48489
4.47989
4.49395
4.47702
4.48298
4.49705
4.48513
4.49896
4.50397
4.47583
4.48012
4.47488
4.48704
4.48084
4.48298
4.47893
4.48895
4.48608
4.48203
4.48012
4.48918
4.47798
4.48608
4.48799
4.46916
4.48298
4.4992
4.49514
4.47989
4.50397
4.47798
4.49491
4.49204
4.49705
4.48179
4.47607
4.47989
4.49014
4.49491
4.49181
4.48108
4.498
4.50683
4.48608
4.49705
4.50802
4.48394
4.48489
4.49204
4.48799
4.47798
4.50301
4.47893
4.48704
4.48704
4.48418
4.48799
4.49014
4.49419
4.50015
4.48585
4.48608
4.493
4.51517
4.47917
4.493
4.48203
4.47893
4.493
4.49204
4.48108
4.48799
4.50587
4.48298
4.48012
4.48012
4.49395
4.48298
4.49109
4.48084
4.48108
4.48108
4.48084
4.48298
4.47798
4.493
4.47798
4.4868
4.48513
4.4992
4.48298
4.48418
4.48418
4.49109
4.46391
4.49586
4.493
4.49681
4.48704
4.50301
4.48108
4.50301
4.493
4.49204
4.493
4.493
4.47416
4.48704
4.47893
4.47798
4.49514
4.49514
4.49395
4.47893
4.493
4.48203
4.51398
4.48108
4.50706
4.47989
4.47011
4.48489
4.51303
4.4899
4.48704
4.493
4.48895
4.50397
4.49204
4.48489
4.48608
4.48298
4.48394
4.498
4.49586
4.49204
4.493
4.48918
4.48489
4.48704
4.48012
4.48704
4.47011
4.48394
4.50397
4.493
4.49395
4.46987
4.48394
4.47512
4.46796
