8.30603
8.26597
8.23402
8.30102
8.35419
8.27408
8.25691
8.35395
8.25
8.26597
8.31604
8.30698
8.25405
8.29506
8.27789
8.34513
8.30102
8.29792
8.29887
8.30102
8.30388
8.33011
8.33011
8.26478
8.29697
8.30507
8.25596
8.28695
8.24499
8.32486
8.28505
8.28981
8.26001
8.29816
8.30889
8.26287
8.30102
8.322
8.32701
8.2829
8.33607
8.27718
8.31413
8.26883
8.29411
8.29411
8.28004
8.31413
8.27503
8.30388
8.27003
8.25
8.30197
8.29792
8.27289
8.33392
8.34298
8.32009
8.35705
8.34703
8.27694
8.29506
8.286
8.33416
8.27193
8.28481
8.28314
8.30388
8.28886
8.30817
8.30603
8.28409
8.33702
8.30293
8.30603
8.30817
8.322
8.33297
8.30698
8.37517
8.33607
8.23903
8.29887
8.29101
8.27885
8.27003
8.31985
8.27122
8.286
8.31699
8.32295
8.29101
8.29601
8.29387
8.29911
8.29315
8.255
8.30317
8.26788
8.26287
8.32009
8.32987
8.36897
8.24499
8.27885
8.30913
8.24118
8.3189
8.31103
8.34084
8.30603
8.26502
8.32391
8.26192
8.27909
8.26788
8.26097
8.30197
8.29697
8.32891
8.30102
8.28099
8.29792
8.30603
8.30412
8.27694
8.28505
8.25882
8.29697
8.30293
8.28314
8.28314
8.2612
8.26311
8.27503
8.30197
8.29911
8.27312
8.30102
8.36086
8.31699
8.30507
8.3282
8.29506
8.26097
8.29911
8.29196
8.2221
8.286
8.29601
8.27098
8.27503
8.27599
8.27193
8.30102
8.30197
8.29887
8.29196
8.33988
8.27098
8.27599
8.30507
8.30317
8.29792
8.29411
8.28815
8.28981
8.28004
8.28099
8.28695
8.25787
8.29411
8.23402
8.286
8.30197
8.2798
8.31199
8.29601
8.29792
8.28099
8.3251
8.30793
8.27789
8.26311
8.2891
8.36396
8.29101
8.31509
8.2829
8.28004
8.36086
8.24404
8.28481
8.29911
8.33392
8.30889
8.31604
8.28099
8.23379
8.32105
8.29291
8.29792
8.31509
8.2531
8.29196
8.26788
8.28409
8.25405
8.26716
8.28004
8.29697
8.28815
8.27003
8.33702
8.31604
8.29482
8.31294
8.29792
8.24594
8.30483
8.29411
8.25715
8.33583
8.29411
8.28886
8.29792
8.37398
8.26406
8.31413
8.27694
8.27193
8.24594
8.30197
8.30293
8.28815
8.27813
8.32796
8.30221
8.30984
8.30102
8.29291
8.286
8.27098
8.29601
8.32891
8.28314
8.28409
8.30793
8.27813
8.29387
8.32605
8.25715
8.27599
8.31914
8.28385
8.33392
8.28004
8.24594
8.33297
8.25882
8.32105
8.32081
8.28505
8.29005
8.31199
8.322
8.322
8.35299
8.30102
8.30388
8.33607
8.27003
8.30889
8.29911
8.26502
8.27193
8.29411
8.29697
8.30913
8.30603
8.24594
8.27599
8.29506
8.36205
8.25405
8.29816
8.31604
8.27599
8.2922
8.30817
8.28719
8.30483
8.26907
8.27599
8.33797
8.30102
8.29506
8.34012
8.28886
8.31008
8.30889
8.31389
8.31389
8.25906
8.30984
8.27599
8.35204
8.286
8.30793
8.25596
8.25
8.31103
8.3189
8.30913
8.29101
8.31008
8.30102
8.30793
8.33416
8.27718
8.29697
8.33106
8.27503
8.33702
8.28409
8.27503
8.30603
8.27599
8.35204
8.32796
8.24094
8.42309
8.27217
8.31079
8.31795
8.30817
8.25024
8.34918
8.26097
8.27718
8.24499
8.2581
8.26502
8.27384
8.3251
8.31079
8.26192
8.29315
8.28099
8.34394
8.32796
8.25882
8.26502
8.26693
8.26907
8.29887
8.26001
8.35991
8.29697
8.36301
8.3499
8.30007
8.34394
8.29506
8.3158
8.33797
8.25906
8.3499
8.31699
8.34703
8.27694
8.30412
8.36301
8.29315
8.27885
8.27408
8.29506
8.25405
8.31008
8.37302
8.31199
8.322
8.31318
8.26216
8.28385
8.28099
8.26907
8.3189
8.30889
8.2581
8.322
8.24904
8.29315
8.29005
8.25691
8.28195
8.30102
8.31795
8.27599
8.2891
8.33201
8.24904
8.33917
8.27694
8.30483
8.25715
8.30507
8.32891
8.27193
8.31914
8.29315
8.28886
8.30412
8.31699
8.28195
8.32415
8.33416
8.27479
8.27312
8.26383
8.29005
8.29601
8.33488
8.29101
8.34394
8.25596
8.29101
8.24094
8.30412
8.26502
8.31914
8.31199
8.24904
8.25405
8.25715
8.34203
8.26979
8.28218
8.30102
8.22496
8.30722
8.28505
8.34894
8.32391
8.27003
8.26907
8.29101
8.27694
8.29983
8.26097
8.24809
8.29506
8.31914
8.32701
8.30007
8.26311
8.30102
8.255
8.23998
8.32009
8.2922
8.29315
8.29411
8.24904
8.286
8.322
8.2531
8.31103
8.29005
8.28004
8.28505
8.25715
8.30984
8.31294
8.30197
8.26406
8.30698
8.27289
8.26311
8.32796
8.31079
8.32295
8.27408
8.29697
8.25691
8.29005
8.26812
8.26097
8.32295
8.28409
8.36897
8.29601
8.2891
8.31008
8.36301
8.25906
8.28791
8.28719
8.28099
8.30317
