181.064
174.984
175.003
176.579
173.816
172.302
172.265
164.455
164.352
164.322
158.701
158.784
158.866
154.176
158.275
159.992
159.344
155.678
161.287
161.391
158.256
158.177
162.789
162.304
159.152
164.274
164.359
160.26
159.224
160.604
160.808
155.768
155.978
155.783
152.683
151.17
151.218
146.892
144.194
142.291
142.17
142.423
142.458
142.616
137.957
140.772
143.259
143.504
140.423
138.935
143.852
144.43
144.576
140.386
140.02
146.498
146.387
146.53
146.652
146.458
146.611
146.295
146.405
146.472
146.625
146.479
146.428
146.497
146.515
146.503
148.982
147.251
147.241
146.613
146.476
146.398
146.496
146.508
146.39
146.458
146.434
146.352
146.427
147.368
146.717
148.807
147.036
146.499
146.66
146.549
146.394
146.399
146.381
146.461
146.455
146.461
146.272
146.523
146.49
146.362
