126.657
121.232
122.126
121.202
119.981
114.087
116.206
118.945
119.401
118.808
148.133
136.243
126.546
130.182
145.252
136.688
130.18
134.895
130.221
158.978
141.269
133.543
134.423
146.158
135.262
134.177
135.786
133.271
147.992
143.431
141.897
152.27
152.039
152.553
147.85
147.025
145.641
143.478
144.02
146.888
143.891
143.992
143.637
151.456
154.36
151.399
155.208
153.783
154.63
155.099
158.136
151.557
152.417
151.744
152.623
151.519
152.362
151.145
153.139
151.724
153.845
152.648
151.553
153.371
151.576
153.467
153.106
153.027
151.252
152.678
151.192
153.728
151.608
151.299
152.057
152.53
153.475
152.302
154.32
153.098
153.59
153.432
151.89
152.091
152.837
151.819
152.876
151.388
151.534
151.937
151.748
153.409
152.203
156.327
157.45
157.853
155.416
153.558
153.501
152.144
