28.6009
27.3778
27.818
27.971
27.9651
28.043
27.961
28.034
28.0378
27.9641
28.0499
27.972
27.962
28.0309
27.9591
28.0361
27.961
28.034
27.987
27.9789
28.0409
27.9691
27.9789
28.0399
27.971
28.0612
27.9741
27.9849
27.972
27.982
28.0499
27.9939
27.9851
27.971
28.0399
27.982
27.982
28.0581
27.9682
27.986
27.972
28.039
27.9739
27.976
27.9682
28.044
27.9782
27.9858
28.0449
27.9799
27.986
27.971
28.0569
27.9889
27.987
27.9889
27.9899
27.9899
27.982
28.0559
27.987
27.9851
27.9841
27.981
28.054
27.9801
27.9682
27.977
28.0509
27.982
27.993
27.9961
27.9801
28.0521
27.983
27.997
27.9791
27.981
27.9839
28.0521
27.9801
27.983
27.9839
27.9799
27.982
28.048
27.992
27.9808
27.9789
28.055
27.9779
27.9739
28.049
27.9782
27.9801
27.9799
27.9748
28.048
27.9779
27.9801
27.9839
28.0468
27.9891
27.983
27.982
28.055
27.9751
27.9779
27.986
28.048
27.9908
27.9791
27.9801
27.981
27.976
28.0421
27.9758
28.0499
27.9679
27.982
27.9999
27.977
27.992
28.053
27.9799
27.971
28.0509
27.9701
27.977
27.9751
28.0581
27.988
27.988
27.9751
27.9891
28.0561
27.9901
27.9832
28.0519
27.981
27.988
27.982
27.9849
27.9939
27.977
27.9901
27.9851
28.048
27.9748
27.987
27.988
27.9932
27.9779
28.0499
27.992
27.983
27.9951
27.986
28.049
27.9939
27.981
27.977
27.9789
27.981
28.0461
27.986
27.9839
27.9858
27.9889
27.9839
28.043
27.9779
27.983
27.9801
28.043
27.983
28.0411
27.992
27.9779
27.988
27.9911
27.9889
28.044
27.9832
27.988
28.0609
27.9942
27.9779
27.981
28.0418
27.9851
27.983
27.981
27.9839
27.9808
27.9901
28.0519
27.986
28.0521
27.986
27.981
28.0609
27.982
27.9942
27.9751
27.9858
27.981
27.997
27.9899
27.988
27.986
27.983
27.9841
27.986
27.9839
28.06
27.9911
27.981
27.992
27.9901
27.9791
27.9779
28.0461
27.9851
27.9901
28.039
27.9901
28.008
27.971
27.976
28.0521
27.9849
28.0371
27.988
27.983
27.982
28.0378
27.981
28.0471
27.988
27.9808
27.971
27.9748
28.0378
28.0511
27.9779
28.0581
27.9951
28.0392
27.992
28.043
27.9741
27.986
28.0521
27.992
28.075
27.981
27.998
28.059
28.0581
28.0452
28.053
28.044
28.0471
28.0581
28.0559
28.049
28.0478
28.0471
27.9891
27.9789
28.053
27.977
28.0449
27.9939
27.977
28.0471
27.9891
28.0392
27.987
28.002
28.0571
27.9851
27.9801
28.0011
27.998
27.9849
27.9841
27.992
27.9958
28.055
27.9942
27.988
27.9908
28.0559
27.9951
28.055
28.0089
27.9949
28.0662
27.993
28.0511
27.9832
28.053
28.06
28.053
28.0631
28.0511
28.0662
28.065
28.064
28.06
28.0628
27.9961
28.0519
27.992
28.0409
27.9849
28.0709
28.0001
28.0571
27.992
27.988
27.9911
27.997
28.0502
28.0039
28.0581
27.9961
27.993
27.992
28.0499
28.0621
28.06
28.0671
28.0561
28.065
28.0628
28.0559
28.07
28.0728
27.9839
28.0561
27.9901
27.9882
27.9911
28.06
27.9999
27.992
28.0509
27.983
28.0621
27.9858
27.9779
27.9901
28.048
28.054
27.9841
27.988
27.9951
28.0499
27.9889
27.9791
27.988
28.043
27.9901
28.0502
27.9901
27.992
28.06
28.059
28.0499
28.0499
28.0571
28.06
28.054
28.0621
28.0559
28.0569
28.0612
27.9801
28.054
27.9951
28.049
28.0521
27.9911
28.0521
27.986
27.9891
27.9891
28.054
28.0061
27.9961
28.059
27.9899
28.0499
27.9889
28.048
28.0771
28.0569
28.0578
28.0559
28.055
28.053
28.0571
28.0559
28.0502
28.0669
27.998
28.044
27.9899
28.0509
28.0001
28.0559
27.9851
28.0051
28.0461
27.9911
28.0581
27.992
28.0511
27.9958
27.988
28.054
27.9901
28.048
28.069
28.054
28.0569
28.06
28.049
28.0628
28.0511
28.048
28.0468
28.0001
28.0502
27.992
28.048
27.9889
28.054
28.043
27.9851
27.9899
28.0569
27.983
28.043
28.0011
28.054
28.0569
27.992
28.048
28.0569
28.0521
28.0621
28.0581
28.0581
28.0528
27.9162
28.0569
28.0499
28.0511
28.0509
28.0569
27.992
28.049
27.986
28.0418
28.0359
27.988
28.0399
27.9832
28.0409
28.044
27.9791
28.043
27.992
28.0449
28.0471
27.981
28.055
27.9841
28.055
28.055
28.0502
28.0461
28.0561
28.0578
28.0559
28.0628
28.059
28.0671
28.0511
27.9939
28.048
27.9849
28.054
28.002
27.9939
28.0571
27.9882
28.0499
27.986
28.0461
27.9849
28.0459
27.9839
28.059
28.055
28.064
28.0578
28.0581
28.049
28.0581
28.0471
28.053
28.049
28.0581
28.0621
27.9899
28.06
27.9911
28.0421
27.9832
27.9901
28.0521
27.9911
28.0521
28.07
27.9891
28.0499
28.039
27.977
28.0449
28.054
28.0581
28.0609
28.0581
28.0468
28.044
28.0428
28.0509
28.053
28.0499
28.0521
27.9949
28.053
27.9911
28.0399
27.9858
28.0502
27.988
28.048
28.0552
27.9911
28.0468
28.0621
27.977
28.059
28.0511
28.06
28.048
28.053
28.049
28.038
28.0461
28.0628
28.044
28.055
28.048
28.0471
27.9799
28.0521
27.9968
28.0499
28.0571
27.982
28.0659
27.9911
28.049
27.992
28.0559
27.987
28.0418
28.0559
28.0609
28.0569
28.0619
28.0609
28.0468
28.053
28.069
28.0509
28.0612
28.0521
27.9958
28.0471
28.053
28.0509
28.0528
27.986
28.0571
27.9989
28.0552
27.9779
28.0459
28.0571
28.0399
28.055
28.0499
28.0612
28.0571
28.0612
28.054
28.0459
28.0709
27.9889
28.0471
28.0581
27.9908
28.0521
28.048
27.982
28.0502
28.003
28.064
27.982
28.0559
27.9789
28.0581
28.059
28.0449
28.055
28.0499
28.0569
28.0499
28.0468
28.055
28.0511
28.0581
28.069
27.988
28.0659
27.9889
28.0499
27.981
28.0468
28.0449
28.049
27.9882
28.053
27.9899
28.0421
28.0609
28.048
28.0499
28.0569
28.0509
28.0511
28.0371
28.0561
28.0421
28.0559
28.0499
28.0561
28.0499
27.9961
28.0499
28.0581
27.992
28.0631
28.055
27.9801
28.0509
28.0659
28.054
28.055
28.064
28.059
28.0561
28.0511
28.0561
28.059
28.064
28.044
28.0631
27.9889
28.0569
28.0519
28.054
28.055
28.0581
27.9899
28.049
28.0561
28.0519
28.0612
28.054
28.0678
28.044
28.0509
28.0612
28.0569
28.0621
28.064
27.9899
28.0571
28.06
27.9961
28.0521
28.0521
28.0018
28.0471
28.0621
28.048
28.0571
28.0612
28.054
28.0759
28.0681
28.0662
28.0461
28.059
28.0609
27.986
28.0528
27.981
28.0571
28.06
28.049
28.0759
28.002
28.049
28.06
28.0471
28.06
28.064
28.048
28.0478
28.0499
28.054
28.053
28.053
27.976
28.0559
27.972
28.038
27.9939
28.0561
28.0569
27.992
28.048
27.9839
28.0509
27.9939
28.0471
27.9908
28.0471
28.0578
28.0621
28.0578
28.06
28.0662
28.0578
28.0509
28.049
28.0468
28.0559
28.0552
27.986
28.039
28.0499
28.039
27.992
28.0461
28.053
27.988
28.0461
28.059
27.9891
28.0581
28.055
28.0621
28.054
28.0471
28.0499
28.055
28.065
28.044
28.048
28.048
28.0421
28.0418
28.044
28.054
28.0581
28.0368
27.992
28.0428
28.06
27.988
28.0578
28.0499
28.0569
28.0519
28.059
28.059
28.054
28.0659
28.0631
28.048
28.0731
28.0528
28.053
27.983
28.0528
28.0619
28.043
28.048
28.06
28.0619
28.0581
28.0659
28.0621
28.0402
28.069
28.0468
28.048
28.06
27.9801
28.0652
28.055
28.059
27.9841
28.049
27.981
28.0581
28.0468
27.976
28.0559
27.9849
28.044
28.054
28.053
28.0612
28.049
28.0521
28.0652
28.0471
28.0631
28.0449
28.0838
28.0468
28.0619
28.049
28.0612
27.9851
28.054
28.0552
27.992
28.048
28.0609
28.0628
28.0471
28.0459
28.0511
28.0449
28.054
28.0471
28.053
28.0571
28.055
28.048
28.0449
27.9841
28.0421
28.0569
28.033
28.0602
27.986
28.0001
28.0499
28.0409
27.9889
28.049
28.0521
28.0452
28.0571
28.0571
28.048
28.059
28.054
28.0552
28.0528
28.0659
27.9951
28.06
28.0478
27.9901
28.055
27.983
28.043
28.053
27.9832
28.0662
27.9901
28.055
27.9751
28.0321
28.0511
28.0631
28.0559
28.0619
28.055
28.0499
28.0421
28.054
28.044
28.059
28.038
28.0428
28.054
28.0411
27.9839
28.0471
27.983
28.0468
27.9801
28.054
27.9779
28.0528
28.059
28.0631
28.0559
28.059
28.0559
28.0521
28.074
28.065
28.0509
28.0609
28.0812
28.0409
28.0612
28.0402
28.0659
28.039
27.988
28.0409
28.0571
28.059
28.0418
28.048
28.0511
28.0581
28.054
28.0578
28.0519
28.0521
28.0709
28.0569
28.0609
28.0669
27.992
28.0509
27.986
28.0461
28.044
28.0361
27.9911
28.0511
28.0502
28.012
28.0659
28.049
28.055
28.0581
28.0621
28.0609
28.0449
28.0609
28.0612
27.992
28.043
28.0499
28.0471
28.0478
27.9739
28.0452
28.043
28.0511
27.9739
27.982
28.0511
28.0399
28.0559
28.0521
28.0499
28.0571
28.0499
