80.4491
79.4921
78.4309
77.1332
78.0771
77.81
79.2031
80.5039
80.2882
80.224
80.2741
79.263
78.8779
80.4219
81.5499
81.877
81.9621
81.888
82.1371
81.9299
80.579
80.0021
80.1139
80.0841
79.869
80.2512
80.548
80.1868
80.2879
80.5402
78.5971
79.1769
79.2589
79.5181
79.6459
79.7
79.4098
77.117
76.9608
77.0121
77.055
77.3602
77.163
77.1649
75.7689
74.852
74.7211
73.2038
71.3019
71.363
71.3539
71.2619
71.2471
70.2341
70.976
71.6889
71.4509
71.744
71.8901
71.9631
71.981
72.2339
72.2249
70.7581
70.241
71.3949
72.3889
72.1931
72.9299
72.71
72.916
72.741
72.7091
71.032
71.069
72.5501
72.66
72.9301
73.421
73.6229
73.451
73.446
73.6499
73.431
73.5011
73.4811
73.4799
73.5939
73.5819
73.4479
73.472
73.6041
73.5271
73.462
73.4808
73.7221
73.7002
73.441
73.379
73.5669
