7.97009
7.49397
7.48086
7.48587
7.48086
7.49111
7.4892
7.49111
7.48801
7.48897
7.48706
7.4861
7.48992
7.48992
7.49993
7.48491
7.48801
7.47085
7.47991
7.478
7.48706
7.478
7.48897
7.49207
7.49516
7.49207
7.49183
7.49397
7.478
7.49993
7.49588
7.48801
7.49207
7.50303
7.48897
7.49302
7.50184
7.48014
7.48205
7.49111
7.48396
7.49993
7.48587
7.48396
7.48396
7.48706
7.49421
7.48181
7.48801
7.49397
7.48587
7.49087
7.48706
7.48181
7.49803
7.48897
7.49302
7.48396
7.51305
7.48396
7.47681
7.50899
7.48897
7.48205
7.49016
7.48301
7.48014
7.48205
7.48587
7.49993
7.48801
7.47204
7.49898
7.4861
7.4861
7.48897
7.49493
7.50804
7.49683
7.48706
7.48801
7.48301
7.48682
7.50208
7.49588
7.478
7.49803
7.49302
7.48491
7.48587
7.47991
7.48992
7.49516
7.49207
7.4811
7.4861
7.47705
7.48587
7.51686
7.48396
7.48301
7.48396
7.47895
7.48682
7.48086
7.49993
7.49302
7.49111
7.4811
7.50113
7.49683
7.48205
7.49111
7.49612
7.49612
7.48491
7.4811
7.49493
7.48801
7.48897
7.48396
7.48801
7.49207
7.514
7.49397
7.49087
7.49111
7.49516
7.48301
7.49922
7.50399
7.49588
7.47108
7.4811
7.48897
7.49397
7.49612
7.48706
7.49803
7.50399
7.49803
7.49397
7.48396
7.48801
7.48086
7.49683
7.49087
7.49302
7.50184
7.49397
7.49302
7.48801
7.49421
7.48706
7.50208
7.50184
7.47895
7.49397
7.48491
7.49612
7.47609
7.48181
7.4811
7.48587
7.48992
7.48491
7.49111
7.47895
7.48706
7.48801
7.49397
7.49493
7.48992
7.48515
7.49898
7.49397
7.47705
7.48205
7.47895
7.48515
7.47609
7.49707
7.48301
7.49087
7.49803
7.49111
7.47681
7.47991
7.48396
7.49612
7.47609
7.48205
7.49803
7.48396
7.49302
7.49993
7.48491
7.50089
7.49111
7.48897
7.50399
7.4861
7.49016
7.48706
7.49397
7.49302
7.4861
7.50113
7.49397
7.49278
7.49898
7.48301
7.48992
7.48014
7.48992
7.48491
7.48301
7.4861
7.47895
7.50208
7.49397
7.47895
7.50399
7.48801
7.50995
7.4811
7.49111
7.47705
7.4861
7.49016
7.48301
7.48014
7.50303
7.48396
7.48491
7.49016
7.48992
7.47705
7.48396
7.48301
7.49302
7.48181
7.49493
7.48587
7.47895
7.48301
7.47895
7.47991
7.48515
7.48301
7.48992
7.47991
7.47395
7.49397
7.49111
7.48992
7.478
7.48396
7.48897
7.48897
7.50113
7.49612
7.48491
7.4811
7.49898
7.50995
7.49397
7.48801
7.49803
7.48491
7.49111
7.49302
7.50685
7.48587
7.49707
7.49087
7.4861
7.49207
7.48181
7.48301
7.49111
7.47705
7.49183
7.48396
7.49183
7.49016
7.47705
7.48396
7.48897
7.49302
7.48491
7.48992
7.47991
7.48587
7.49397
7.49302
7.48897
7.48396
7.48515
7.49207
7.47108
7.48706
7.49087
7.48801
7.48396
7.48205
7.51209
7.49803
7.48491
7.48491
7.49087
7.49087
7.48587
7.48205
7.4842
7.48396
7.49516
7.49016
7.48396
7.49588
7.48992
7.49302
7.48086
7.48205
7.49707
7.49493
7.48086
7.49397
7.49707
7.48205
7.48491
7.48706
7.49898
7.50303
7.48587
7.50113
7.4892
7.49397
7.48587
7.47705
7.49087
7.48515
7.47895
7.50113
7.48897
7.48706
7.47681
7.49207
7.47991
7.49707
7.48181
7.49302
7.4842
7.48301
7.48181
7.48897
7.4811
7.49397
7.49493
7.4861
7.49612
7.48801
7.49612
7.49302
7.48706
7.478
7.47895
7.48706
7.478
7.48301
7.49588
7.48992
7.48515
7.48706
7.49302
7.49516
7.48396
7.48706
7.47585
7.47991
7.48706
7.49302
7.48992
7.4811
7.48396
7.50113
7.49588
7.48897
7.50208
7.47991
7.49993
7.49207
7.48897
7.49207
7.48515
7.49898
7.49207
7.49302
7.51495
7.48801
7.50208
7.478
7.4811
7.49302
7.48777
7.48706
7.48706
7.49803
7.48205
7.49087
7.48181
7.4861
7.47991
7.49707
7.48181
7.48801
7.48301
7.4861
7.49111
7.47705
7.5078
7.48992
7.49803
7.48801
7.48777
7.49397
7.48801
7.49707
7.48301
7.49493
7.49707
7.49111
7.49493
7.49087
7.48706
7.48587
7.48801
7.47395
7.48801
7.48682
7.49588
7.4861
7.48801
7.48301
7.49993
7.49087
7.47991
7.47204
7.48396
7.48301
7.49397
7.48801
7.50518
7.48706
7.49207
7.48205
7.4811
7.48801
7.47705
7.49993
7.50422
7.50494
7.48205
7.48515
7.48706
7.48992
7.48777
7.49588
7.49207
7.4861
7.48301
7.48491
7.49302
7.49993
7.49111
7.48014
7.48897
7.47299
7.4861
7.48801
7.4842
7.48396
7.49087
7.49707
7.48396
7.50113
7.49111
7.49707
7.48801
7.5171
7.47991
7.50184
7.49707
7.49016
7.49898
7.48014
7.48706
7.48706
7.49588
7.48491
