4.62008
4.62198
4.71091
4.69995
4.60291
4.66299
4.6339
4.58813
4.61102
4.64296
4.60815
4.5929
4.601
4.64892
4.64892
4.61602
4.58598
4.59313
4.66204
4.61411
4.67896
4.67682
4.64106
4.65488
4.66108
4.62508
4.61698
4.64201
4.62985
4.65202
4.65798
4.65894
4.58407
4.64177
4.63605
4.61006
4.65107
4.6339
4.63104
4.63986
4.60792
4.61507
4.63891
4.66895
4.65989
4.64296
4.61388
4.67801
4.61602
4.59385
4.65608
4.6761
4.65798
4.632
4.62222
4.61817
4.59409
4.64201
4.6308
4.632
4.65512
4.60887
4.62103
4.67587
4.60815
4.60291
4.62794
4.59194
4.60005
4.58598
4.58598
4.69518
4.59599
4.63414
4.63009
4.62699
4.65393
4.60601
4.6289
4.61888
4.62294
4.66204
4.65894
4.70495
4.61102
4.57978
4.64606
4.61888
4.62914
4.63414
4.63295
4.64296
4.61984
4.6289
4.5681
4.61698
4.62294
4.65107
4.60386
4.632
4.64702
4.61102
4.6401
4.58217
4.62294
4.64702
4.59409
4.61292
4.5929
4.61411
4.66919
4.64296
4.61507
4.6289
4.64702
4.64797
4.65298
4.65393
4.59886
4.61411
4.62985
4.63796
4.63986
4.57907
4.61411
4.61483
4.65393
4.64106
4.60196
4.65083
4.61507
4.62604
4.62484
4.59099
4.61507
4.63915
4.62103
4.61221
4.60315
4.59719
4.60219
4.60291
4.64392
4.59099
4.64892
4.6649
4.59003
4.64892
4.66704
4.65083
4.60196
4.63009
4.68612
4.62389
4.65488
4.64416
4.67205
4.60696
4.65488
4.61793
4.60792
4.61698
4.59194
4.68707
4.61197
4.6308
4.6041
4.61888
4.65393
4.61197
4.65703
4.61817
4.64916
4.68779
4.64296
4.59909
4.61102
4.62818
4.62413
4.64582
4.673
4.71401
4.68397
4.63986
4.64106
4.58694
4.61698
4.60887
4.64487
4.70114
4.61221
4.65107
4.64892
4.62389
4.61912
4.64916
4.60601
4.59909
4.62389
4.63009
4.62604
4.61388
4.65012
4.65178
4.63295
4.60005
4.6401
4.64201
4.63104
4.6339
4.60291
4.65298
4.61411
4.61888
4.63104
4.60792
4.61984
4.65012
4.61984
4.63295
4.63104
4.68493
4.64988
4.66108
4.67181
4.65512
4.60005
4.58789
4.69613
4.74596
4.62985
4.61912
4.61507
4.60601
4.66204
4.63915
4.6649
4.63295
4.66108
4.60386
4.72808
4.65417
4.61197
4.62008
4.62508
4.6711
4.61197
4.62604
4.62198
4.64797
4.67706
4.66704
4.69208
4.61888
4.6339
4.673
4.56905
4.73094
4.63104
4.58717
4.65393
4.62198
4.72403
4.59099
4.60696
4.69208
4.5979
4.66394
4.62413
4.64106
4.59504
4.6339
4.63009
4.61316
4.60887
4.65703
4.62985
4.68111
4.6742
4.69303
4.61698
4.68111
4.57811
4.65488
4.6351
4.60505
4.61102
4.79293
4.65703
4.62413
4.68588
4.61793
4.65798
4.64392
4.61197
4.62198
4.69398
4.637
4.61984
4.62198
4.59695
4.6041
4.64296
4.67682
4.64296
4.62818
4.6401
4.63605
4.62818
4.62818
4.7121
4.60386
4.62294
4.60005
4.61507
4.60577
4.76599
4.60696
4.61197
4.5929
4.65298
4.6289
4.61698
4.61102
4.60386
4.74215
4.65107
4.68993
4.68707
4.65202
4.59194
4.61507
4.60601
4.65107
4.6289
4.60505
4.59504
4.64582
4.63891
4.64106
4.64106
4.61888
4.63605
4.64797
4.59218
4.64106
4.62508
4.637
4.62699
4.62508
4.67706
4.6432
4.62008
4.5929
4.61698
4.64892
4.61698
4.66609
4.65512
4.60386
4.58097
4.58908
4.61793
4.632
4.66585
4.68707
4.65417
4.632
4.60219
4.66418
4.62508
4.61292
4.7009
4.63009
4.62723
4.58813
4.5929
4.62985
4.62198
4.61411
4.62818
4.61078
4.59695
4.62008
4.63581
4.70114
4.64511
4.61006
4.62389
4.60911
4.65107
4.58384
4.59194
4.63104
4.62699
4.65989
4.69303
4.58193
4.65703
4.63414
4.6339
4.63891
4.64892
4.60005
4.57597
4.67801
4.601
4.61316
4.6351
4.62508
4.63104
4.63796
4.61912
4.61721
4.59003
4.61411
4.62508
4.63605
4.60219
4.62699
4.62723
4.61912
4.6699
4.60982
4.60815
4.64606
4.63295
4.60887
4.58217
4.62914
4.632
4.61721
4.61507
4.57406
4.61221
4.6401
4.6308
4.6351
4.62699
4.68588
4.64296
4.65894
4.63104
4.64606
4.64296
4.67992
4.64392
4.60696
4.58097
4.6339
4.61602
4.63605
4.63319
4.632
4.62604
4.65488
4.62008
4.72498
4.63486
4.62699
4.64892
4.64702
4.61507
4.60005
4.60291
4.63915
4.68779
4.63295
4.62604
4.60505
4.61292
4.65298
4.65584
4.632
4.59695
4.65202
4.63295
4.66204
4.67491
4.67801
4.65679
4.62508
4.60196
4.63986
4.58598
4.62389
4.704
4.61507
4.58908
4.59313
4.64988
4.61102
4.68779
4.64606
4.61793
4.63891
4.63009
4.62985
4.64606
4.59886
4.60601
4.632
4.61197
4.65393
4.62008
4.72307
4.61507
4.62389
4.71401
4.64582
4.59599
4.71306
4.60815
4.58479
4.62508
4.61698
4.64892
4.62008
4.632
4.58694
4.60386
4.62294
4.62508
4.62794
4.62794
4.65608
4.63319
4.65918
4.62604
4.69208
4.6041
4.64988
4.6351
4.67086
4.61698
4.68802
4.68397
4.67682
4.6382
4.61507
4.62699
4.61388
4.62198
4.6339
4.58097
4.65822
4.60982
4.64797
4.5979
4.61817
4.66418
4.62413
4.63295
4.66704
4.58503
4.58097
4.63605
4.62413
4.67086
4.64201
4.64797
4.67801
4.58694
4.5929
4.61698
4.64797
4.704
4.632
4.65703
4.63915
4.61078
4.60005
4.668
4.61388
4.59003
4.64296
4.62508
4.58789
4.64988
4.64296
4.62508
4.61197
4.68397
4.61793
4.65822
4.58097
4.66514
4.59099
4.6041
4.62484
4.60601
4.60982
4.61507
4.65393
4.61507
4.59123
4.57811
4.62699
4.62985
4.61292
4.67801
4.6339
4.63414
4.62079
4.61316
4.673
4.601
4.59814
4.61721
4.6432
4.59814
4.67491
4.61698
4.61698
4.60386
4.61698
4.61197
4.59003
4.61102
4.60792
4.59099
4.62508
4.59719
4.60291
4.58884
4.58002
4.62389
4.63414
4.60792
4.68898
4.62198
4.601
4.64892
4.65393
4.65298
4.62389
4.60911
4.68183
4.63009
4.58694
4.66084
4.61197
4.69303
4.59123
4.65608
4.6041
4.63605
4.58694
4.64201
4.69708
4.60815
4.60291
4.61602
4.61102
4.62294
4.63009
4.6308
4.62198
4.69708
4.62699
4.59003
4.67992
4.59409
4.61292
4.61483
4.58598
4.68397
4.61698
4.65894
4.61507
4.6072
4.60315
4.601
4.61793
4.60696
4.62985
4.65012
4.58193
4.58789
4.62103
4.67396
4.62198
4.58884
4.61006
4.64487
4.632
4.61602
4.60482
4.62413
4.60196
4.61578
4.62604
4.63009
4.704
4.61912
4.66609
4.64201
4.632
4.64821
4.6351
4.61292
4.68588
4.56309
4.64296
4.58407
4.60482
4.61698
4.59599
4.61602
4.68683
4.65798
4.64892
4.67515
4.64582
4.67896
4.68302
4.65107
4.632
4.58598
4.7009
4.61602
4.61102
4.632
4.5712
4.62413
4.61912
4.6649
4.67992
4.62294
4.61197
4.5681
4.601
4.61292
4.64797
4.65488
4.69589
4.60505
4.66681
4.62294
4.66299
4.65488
4.601
4.59003
4.62484
4.60696
4.62389
4.59504
4.60887
4.66108
4.62699
4.64106
4.59719
4.61411
4.61197
4.61602
4.61411
4.59695
4.62699
4.65798
4.60219
4.60219
4.61817
4.70519
4.60815
4.5979
4.64296
4.65202
4.67086
4.63486
4.637
4.59814
4.64106
4.59409
4.68206
4.632
4.68993
4.65798
4.59409
4.60696
4.70114
4.65298
4.61698
4.62699
4.632
4.59099
4.63486
4.69494
4.60005
4.59909
4.61602
4.61793
4.67014
4.62604
4.62794
4.58288
4.6401
4.66585
4.62794
4.60196
4.61006
4.57883
4.68898
4.63009
4.66204
4.59695
4.58908
4.65083
4.61602
4.61102
4.64082
4.61793
4.60815
4.61698
4.62699
4.65989
4.64606
4.63986
4.62699
4.58694
4.62103
4.69303
4.64916
4.61698
4.65488
4.62699
4.60982
4.62008
4.60696
4.62484
4.67706
4.60982
4.59909
4.61483
4.65512
4.632
4.60696
4.61411
4.60982
4.57001
4.62389
4.61912
4.668
4.64201
4.65894
4.65393
4.67992
4.62699
4.61292
4.63295
4.61698
4.63796
4.668
4.6339
4.57811
4.60315
4.632
4.58908
4.6339
4.60601
4.64892
4.64702
4.64797
4.59194
4.61102
4.60505
4.69589
4.62294
4.59695
4.64201
4.60696
4.66299
4.63414
4.62484
4.61316
4.673
4.64106
4.61602
4.637
4.62198
4.72116
4.64606
4.62604
4.673
4.65417
4.668
4.673
4.68802
4.67396
4.64702
4.59385
4.57597
4.67706
4.632
4.65393
4.6699
4.63796
4.61698
4.60291
4.67491
4.58598
4.61912
4.65798
4.65894
4.61102
4.60315
4.6339
4.58598
4.59385
4.69494
4.673
4.63891
4.58097
4.65393
4.64606
4.62985
4.6649
4.61411
4.67682
4.58407
4.64892
4.65798
4.6289
4.66585
4.61507
4.62198
4.61698
4.6351
4.60196
4.65798
4.64511
4.69017
4.59599
4.64296
4.58193
4.61411
4.61388
4.63796
4.61292
4.67801
4.64892
4.69303
4.6258
4.637
4.60315
4.58694
4.63581
4.59599
4.64296
4.66585
4.68516
4.66681
4.60005
4.668
4.70901
4.61411
4.62008
4.64821
4.70805
4.63796
4.59099
4.60601
4.61793
4.65012
4.65989
4.64296
4.61984
4.61793
4.61006
4.637
4.58789
4.61197
4.60601
4.76193
4.62103
4.65393
4.71401
4.65107
4.64201
4.61292
4.60792
4.60386
4.6401
4.68588
4.68612
4.58503
4.6289
4.61984
4.64702
4.5929
4.66704
4.61102
4.64082
4.64606
4.632
4.65417
4.72617
4.70281
4.62794
4.65012
4.61912
