24.3869
13.4649
13.4211
13.4368
13.4671
13.4089
13.406
13.4511
13.4649
13.406
13.4318
13.3929
13.3581
13.4411
13.453
13.4449
13.464
13.413
13.391
13.4459
13.392
13.417
13.4082
13.433
13.4661
13.3781
13.3829
13.4039
13.453
13.4559
13.381
13.4799
13.4451
13.377
13.437
13.3641
13.433
13.4032
13.447
13.407
13.427
13.4528
13.443
13.3891
13.4711
13.4449
13.3829
13.4251
13.4301
13.4861
13.3991
13.4459
13.423
13.4699
13.376
13.4509
13.3779
13.3929
13.371
13.459
13.391
13.391
13.4501
13.4559
13.375
13.449
13.37
13.468
13.459
13.413
13.443
13.4721
13.4101
13.386
13.407
13.4561
13.3979
13.4318
13.4211
13.459
13.418
13.4029
13.3929
13.428
13.468
13.418
13.396
13.412
13.382
13.4571
13.392
13.3882
13.406
13.4201
13.4602
13.4659
13.4261
13.494
13.3979
13.4909
13.4151
13.4261
13.4671
13.4611
13.4079
13.4711
13.4051
13.499
13.458
13.4492
13.3939
13.3939
13.4029
13.387
13.4132
13.4089
13.4389
13.4041
13.4649
13.4468
13.4621
13.4549
13.4041
13.4609
13.4411
13.484
13.3519
13.4859
13.406
13.3932
13.4799
13.4728
13.412
13.412
13.443
13.4621
13.459
13.4041
13.3669
13.4628
13.4349
13.448
13.459
13.3991
13.443
13.387
13.443
13.4041
13.4599
13.4401
13.3741
13.4721
13.438
13.3872
13.4859
13.4192
13.4599
13.392
13.4439
13.4032
13.396
13.454
13.464
13.4811
13.4299
13.3579
13.4568
13.453
13.3839
13.4468
13.459
13.448
13.4258
13.454
13.3929
13.4308
13.4499
13.371
13.3891
13.3882
13.386
13.4401
13.387
13.4442
13.4671
13.3941
13.381
13.464
13.4051
13.442
13.3851
13.4728
13.463
13.4561
13.387
13.4671
13.4311
13.4242
13.443
13.3641
13.3801
13.407
13.4079
13.3791
13.4001
13.463
13.453
13.401
13.418
13.4101
13.402
13.4089
13.4752
13.381
13.4621
13.412
13.411
13.468
13.4692
13.4799
13.443
13.4249
13.4249
13.4449
13.412
13.397
13.3891
13.377
13.3982
13.417
13.396
13.4518
13.3979
13.447
13.3841
13.4211
13.3932
13.4549
13.474
13.4671
13.448
13.4542
13.392
13.4571
13.418
13.3779
13.4549
13.4161
13.469
13.4699
13.427
13.4389
13.464
13.3851
13.4261
13.463
13.4149
13.427
13.4571
13.386
13.428
13.3772
13.454
13.3772
13.4671
13.4029
13.442
13.448
13.413
13.3832
13.397
13.437
13.4418
13.417
13.3832
13.401
13.4101
13.365
13.4521
13.4091
13.468
13.442
13.417
13.4141
13.458
13.4211
13.3951
13.468
13.4289
13.4449
13.4521
13.396
13.3581
13.4451
13.4571
13.407
13.448
13.4552
13.4571
13.4511
13.406
13.4001
13.391
13.3982
13.3951
13.4621
13.3851
13.4091
13.473
13.478
13.4051
13.458
13.453
13.4718
13.4618
13.4511
13.4621
13.428
13.468
13.4599
13.4051
13.4618
13.428
13.3722
13.4521
13.4442
13.4659
13.3882
13.454
13.464
13.4449
13.4289
13.4189
13.3941
13.464
13.4041
13.402
13.4101
13.4718
13.474
13.4571
13.459
13.4192
13.381
13.4301
13.468
13.49
13.4518
13.4459
13.366
13.4451
13.3989
13.4108
13.449
13.4389
13.4041
13.407
13.4439
13.4058
13.458
13.4571
13.3841
13.3901
13.4599
13.4561
13.3631
13.442
13.437
13.4699
13.3798
13.4618
13.449
13.4621
13.437
13.418
13.3939
13.402
13.4201
13.4141
13.392
13.4442
13.3901
13.479
13.4511
13.413
13.4149
13.453
13.4571
13.4671
13.4521
13.4242
13.4549
13.427
13.417
13.3929
13.376
13.4621
13.3898
13.4768
13.464
13.459
13.4549
13.4041
13.3879
13.479
13.485
13.464
13.4871
13.4411
13.478
13.396
13.391
13.4671
13.4001
13.3982
13.3669
13.4511
13.4151
13.479
13.387
13.4571
13.4571
13.402
13.433
13.4079
13.413
13.3889
13.4289
13.3929
13.3679
13.4571
13.4699
13.4211
13.448
13.4001
13.3789
13.4799
13.468
13.4041
13.413
13.411
13.411
13.489
13.417
13.401
13.459
13.412
13.4549
13.4189
13.3741
13.396
13.3972
13.382
13.479
13.3908
13.4549
13.3801
13.4132
13.3851
13.438
13.397
13.4778
13.418
13.3932
13.4618
13.4099
13.4058
13.3798
13.433
13.406
13.3951
13.411
13.3891
13.4239
13.468
13.3801
13.4408
13.4401
13.4039
13.4599
13.474
13.437
13.3898
13.4211
13.4659
13.4449
13.478
13.463
13.4852
13.4499
13.458
13.3948
13.3939
13.4749
13.4411
13.469
13.4079
13.3982
13.3719
13.443
13.4289
13.4001
13.4051
13.4001
13.4001
13.427
13.376
13.418
13.4559
13.5
13.4051
13.4039
13.392
13.4201
13.459
13.407
13.4048
13.392
13.4561
13.4389
13.4339
13.418
13.412
13.432
13.396
13.413
13.4459
13.4492
13.4668
13.401
13.391
13.396
13.411
13.4032
13.4621
13.448
13.422
13.4668
13.3982
13.3679
13.411
13.4032
13.3979
13.412
13.474
13.448
13.458
13.459
13.387
13.422
13.4261
13.458
13.3941
13.483
13.3679
13.392
13.4351
13.3929
13.4058
13.454
13.454
13.3548
13.4499
13.3898
13.4518
13.458
13.4649
13.432
13.4721
13.4151
13.4709
13.4079
13.3951
13.402
13.386
13.438
13.4408
13.413
13.4671
13.4511
13.458
13.459
13.3901
13.4542
13.4261
13.4711
13.4099
13.464
13.3839
13.4628
13.478
13.413
13.3991
13.402
13.4108
13.4759
13.4618
13.4618
13.3929
13.418
13.4099
13.4051
13.3951
13.4289
13.443
13.3989
13.4699
13.3882
13.442
13.4439
13.4599
13.417
13.423
13.412
13.4411
13.4151
13.4239
13.4342
13.4211
13.4239
13.407
13.407
13.4819
13.453
13.474
13.4721
13.495
13.4339
13.3858
13.4449
13.4051
13.422
13.396
13.4189
13.4342
13.4139
13.4499
13.448
13.402
13.4881
13.4699
13.3898
13.478
13.386
13.4501
13.4661
13.427
13.366
13.4089
13.3848
13.432
13.4289
13.412
13.4339
13.376
13.3998
13.412
13.3901
13.413
13.442
13.474
13.4089
13.474
13.4048
13.3748
13.437
13.4461
13.469
13.4251
13.432
13.4199
13.448
13.4449
13.418
13.4239
13.4239
13.464
13.4618
13.361
13.4251
13.4149
13.3889
13.4168
13.4549
13.386
13.427
13.4251
13.402
13.4621
13.4659
13.3879
13.468
13.4401
13.3991
13.4039
13.392
13.4449
13.4029
13.4752
13.375
13.4511
13.4389
13.401
13.3438
13.4308
13.391
13.3629
13.4678
13.4439
13.3801
13.49
13.4468
13.3989
13.4132
13.4199
13.4749
13.4211
13.4311
13.479
13.4301
13.4461
13.448
13.453
13.3889
13.4611
13.3691
13.3681
13.453
13.468
13.4451
13.4079
13.4461
13.489
13.3822
13.4649
13.4559
13.386
13.4208
13.401
13.3779
13.4699
13.4552
13.418
13.438
13.371
13.3901
13.4621
13.382
13.483
13.4342
13.4261
13.4599
13.4611
13.37
13.418
13.3698
13.4549
13.402
13.3979
13.4101
13.5779
13.5858
13.459
13.447
13.454
13.3889
13.514
13.412
13.3989
13.438
13.4039
13.3839
13.4881
13.4649
13.4571
13.3989
13.4749
13.448
13.4358
13.4339
13.402
13.433
13.428
13.484
13.4459
13.3789
13.3972
13.469
13.391
13.459
13.4079
13.4661
13.4511
13.4239
13.3882
13.4671
13.4139
13.4721
13.381
13.4509
13.463
13.453
13.411
13.4749
13.391
13.4289
13.4361
13.413
13.3991
13.402
13.469
13.418
13.448
13.4549
13.36
13.3901
13.4661
13.459
13.479
13.4649
13.4082
13.454
13.4561
13.4289
13.4792
13.478
13.4709
13.386
13.4499
13.453
13.3898
13.4509
13.463
13.3932
13.4351
13.458
13.4242
13.458
13.469
13.4768
13.4268
13.406
13.397
13.397
13.4652
13.4599
13.417
13.4091
13.3951
13.3839
13.3898
13.448
13.3829
13.391
13.4549
13.4721
13.407
13.382
13.412
13.402
13.474
13.463
13.4721
13.437
13.3882
13.4089
13.3948
13.392
13.464
13.4101
13.4621
13.427
13.422
13.4559
13.4609
13.4082
13.4571
13.392
13.4821
13.442
13.443
13.4048
13.3991
13.428
13.4521
13.406
13.4542
13.4192
13.459
13.473
13.469
13.454
13.433
13.407
13.4668
13.4609
13.3791
13.3891
13.4521
13.413
13.3998
13.4139
13.479
13.4671
13.402
13.3998
13.4592
13.4649
13.463
13.3941
13.4051
13.4082
13.4299
13.4642
13.453
13.4041
13.4859
13.401
13.4561
13.442
13.4149
13.4599
13.4661
13.397
13.4161
13.391
13.418
13.4201
13.433
13.4251
13.473
13.463
13.3781
13.4971
13.418
13.448
13.376
13.4029
13.402
13.4201
13.4521
13.4029
13.4559
13.473
13.427
13.4668
13.4342
13.417
13.4599
13.396
13.4308
13.4518
13.448
13.3891
13.463
13.3932
13.3989
13.386
13.4709
13.4079
13.4811
13.392
13.4652
13.464
13.392
13.4108
13.4311
13.454
13.3691
13.4571
13.4621
13.3741
13.381
13.479
13.479
13.4611
13.4761
13.4079
13.3951
13.4201
13.4492
13.4251
13.454
13.4151
13.3851
13.4561
13.3939
13.407
13.428
13.449
13.432
13.392
13.4132
13.473
13.4649
13.397
13.478
13.4549
13.4339
13.4079
