4.1943e+06
7.65249e-42
4.1943e+06
7.65249e-42
7.43398e+10
3.06114e-41
7.43398e+10
3.06114e-41
1.55684e+13
3.06114e-41
4.27749e-05
7.56701e-44
1.54926e+13
0
1.54894e+13
0
1.55684e+13
3.06114e-41
3.83185e+09
4.51567e+27
7.14569e+31
1.88908e+31
1.55094e+13
0
1.47977e-42
0
1.55214e+13
0
1.5569e+13
3.06114e-41
1.55703e+13
3.06114e-41
1.5581e+13
1.4013e-45
2.8108e+12
1.4013e-45
1.55714e+13
3.06114e-41
1.55432e+13
3.06114e-41
0
0
1.55214e+13
3.06114e-41
2.70451e-43
1.26117e-44
1.35211e-41
0
1.55052e+13
3.06114e-41
2.8108e+12
7.65249e-42
0
0
0
0
1.4013e-45
0
0
0
1.55713e+13
3.06114e-41
1.39149e-42
0
1.52654e+13
3.06114e-41
1.55692e+13
3.06114e-41
0
0
0
0
0
0
0
0
0
0
0
0
0
0
0
0
0
0
0
0
0
0
0
0
0
0
0
0
0
0
0
0
0
0
0
0
0
0
0
0
0
0
0
0
0
0
0
0
0
0
0
0
0
0
0
0
0
0
0
0
0
0
0
0
0
0
0
0
0
0
0
0
0
0
0
0
0
0
0
0
0
0
0
0
0
0
0
0
0
0
0
0
0
0
0
0
0
0
0
0
0
0
0
0
0
0
0
0
0
0
0
0
0
0
0
0
0
0
0
0
0
0
0
0
0
0
0
0
0
0
0
0
0
0
0
0
0
0
0
0
0
0
0
0
0
0
0
0
0
0
0
0
0
0
0
0
0
0
0
0
0
0
0
0
0
0
0
0
0
0
0
0
0
0
0
0
0
0
0
0
0
0
0
0
0
0
0
0
0
0
0
0
1.54946e+13
0
0
0
0
0
0
0
1.5497e+13
0
2.8108e+12
0
0
0
0
0
1.54958e+13
0
1.5497e+13
0
0
0
0
0
1.54981e+13
0
1.55094e+13
0
1.27798e-42
0
1.55214e+13
0
1.55701e+13
3.06114e-41
1.31304e+19
1.87298e-41
1.5581e+13
0
2.8108e+12
0
1.55701e+13
3.06114e-41
3.83185e+09
4.51567e+27
7.14569e+31
1.88908e+31
0
0
1.5498e+13
0
1.12104e-43
0
1.07542e+10
3.06114e-41
7.56149e+10
3.06114e-41
7.84727e-44
1.4013e-45
1.4013e-45
1.4013e-45
1.55725e+13
3.06114e-41
1.55432e+13
3.06114e-41
0
0
1.55214e+13
3.06114e-41
2.71852e-43
1.26117e-44
1.19293e-41
0
1.55052e+13
3.06114e-41
2.8108e+12
7.65249e-42
0
0
0
0
1.4013e-45
0
0
0
1.55725e+13
3.06114e-41
1.39149e-42
0
1.52654e+13
3.06114e-41
1.55703e+13
3.06114e-41
0
0
0
0
0
0
0
0
0
0
0
0
0
0
0
0
0
0
0
0
0
0
0
0
0
0
0
0
0
0
0
0
0
0
0
0
0
0
0
0
0
0
0
0
0
0
0
0
0
0
0
0
0
0
0
0
0
0
0
0
0
0
0
0
0
0
0
0
0
0
0
0
0
0
0
0
0
0
0
0
0
0
0
0
0
0
0
0
0
0
0
0
0
0
0
0
0
0
0
0
0
0
0
0
0
0
0
0
0
0
0
0
0
0
0
0
0
0
0
0
0
0
0
0
0
0
0
0
0
0
0
0
0
0
0
0
0
0
0
0
0
0
0
0
0
0
0
0
0
0
0
0
0
0
0
0
0
0
0
0
0
0
0
0
0
0
0
0
0
0
0
0
0
0
0
0
0
0
0
0
0
0
0
0
0
0
0
0
1.54969e+13
0
0
0
0
0
0
0
1.54982e+13
0
2.8108e+12
0
0
0
0
0
1.54969e+13
0
1.54982e+13
0
0
0
0
0
1.54992e+13
0
1.55094e+13
0
0
0
1.55214e+13
0
1.27798e-42
0
4.48416e-44
0
9.6469e+09
3.06114e-41
7.24304e+22
7.53338e-42
1.32283e-42
0
6.72623e-44
0
1.55713e+13
3.06114e-41
3.83185e+09
4.51567e+27
7.14569e+31
1.88908e+31
0
0
1.5581e+13
0
1.5497e+13
0
1.55714e+13
3.06114e-41
1.55727e+13
3.06114e-41
7.84727e-44
1.4013e-45
1.4013e-45
1.4013e-45
1.55737e+13
3.06114e-41
1.55432e+13
3.06114e-41
0
0
1.55214e+13
3.06114e-41
2.73253e-43
1.26117e-44
1.03374e-41
0
1.55052e+13
3.06114e-41
2.8108e+12
7.65249e-42
0
0
0
0
1.4013e-45
0
0
0
1.55737e+13
3.06114e-41
1.39149e-42
0
1.52654e+13
3.06114e-41
1.55715e+13
3.06114e-41
0
0
0
0
0
0
0
0
0
0
0
0
0
0
0
0
0
0
0
0
0
0
0
0
0
0
0
0
0
0
0
0
0
0
0
0
0
0
0
0
0
0
0
0
0
0
0
0
0
0
0
0
0
0
0
0
0
0
0
0
0
0
0
0
0
0
0
0
0
0
0
0
0
0
0
0
0
0
0
0
0
0
0
0
0
0
0
0
0
0
0
0
0
0
0
0
0
0
0
0
0
0
0
0
0
0
0
0
0
0
0
0
0
0
0
0
0
0
0
0
0
0
0
0
0
0
0
0
0
0
0
0
0
0
0
0
0
0
0
0
0
0
0
0
0
0
0
0
0
0
0
0
0
0
0
0
0
0
0
0
0
0
0
0
0
0
0
0
0
0
0
0
0
0
0
0
0
0
0
0
0
0
0
0
1.5498e+13
0
0
0
0
0
0
0
1.54994e+13
0
2.8108e+12
0
0
0
0
0
1.54981e+13
0
1.54993e+13
0
0
0
0
0
1.55004e+13
0
1.55094e+13
0
0
0
1.55214e+13
0
0
0
0
0
1.5581e+13
0
2.8108e+12
0
1.55725e+13
3.06114e-41
9.31857e-39
7.65249e-42
1.32283e-42
0
6.72623e-44
0
7.21588e+10
3.06114e-41
3.83185e+09
4.51567e+27
7.14569e+31
1.88908e+31
1.54982e+13
0
1.47977e-42
0
1.12104e-43
0
1.55726e+13
3.06114e-41
1.55739e+13
3.06114e-41
7.84727e-44
1.4013e-45
1.4013e-45
1.4013e-45
1.55749e+13
3.06114e-41
1.55432e+13
3.06114e-41
0
0
1.55214e+13
3.06114e-41
2.74654e-43
1.26117e-44
8.7455e-42
0
1.55052e+13
3.06114e-41
2.8108e+12
7.65249e-42
0
0
0
0
1.4013e-45
0
0
0
1.55749e+13
3.06114e-41
1.39149e-42
0
1.52654e+13
3.06114e-41
1.55727e+13
3.06114e-41
0
0
0
0
0
0
0
0
0
0
0
0
0
0
0
0
0
0
0
0
0
0
0
0
0
0
0
0
0
0
0
0
0
0
0
0
0
0
0
0
0
0
0
0
0
0
0
0
0
0
0
0
0
0
0
0
0
0
0
0
0
0
0
0
0
0
0
0
0
0
0
0
0
0
0
0
0
0
0
0
0
0
0
0
0
0
0
0
0
0
0
0
0
0
0
0
0
0
0
0
0
0
0
0
0
0
0
0
0
0
0
0
0
0
0
0
0
0
0
0
0
0
0
0
0
0
0
0
0
0
0
0
0
0
0
0
0
0
0
0
0
0
0
0
0
0
0
0
0
0
0
0
0
0
0
0
0
0
0
0
0
0
0
0
0
0
0
0
0
0
0
0
0
0
0
0
0
0
0
0
1.54992e+13
0
1.77511e+28
0
0
0
0
0
1.55006e+13
0
2.8108e+12
0
0
0
0
0
1.54992e+13
0
1.55005e+13
0
0
0
0
0
1.55016e+13
0
1.55094e+13
0
0
0
1.55214e+13
0
0
0
0
0
1.5581e+13
0
2.8108e+12
0
1.27798e-42
0
4.48416e-44
0
1.55737e+13
3.06114e-41
3.02223e+32
1.68156e-43
1.55015e+13
0
6.72623e-44
0
7.23098e+09
3.06114e-41
1.54956e+13
4.51567e+27
7.14569e+31
1.88908e+31
0
0
1.47977e-42
0
1.12104e-43
0
1.55738e+13
3.06114e-41
1.55751e+13
3.06114e-41
7.84727e-44
1.4013e-45
1.4013e-45
1.4013e-45
1.55761e+13
3.06114e-41
1.55432e+13
3.06114e-41
0
0
1.55214e+13
3.06114e-41
2.76056e-43
1.26117e-44
7.15363e-42
0
1.55052e+13
3.06114e-41
2.8108e+12
7.65249e-42
0
0
0
0
1.4013e-45
0
0
0
1.55761e+13
3.06114e-41
1.39149e-42
0
1.52654e+13
3.06114e-41
1.55739e+13
3.06114e-41
0
0
0
0
0
0
0
0
0
0
0
0
0
0
0
0
0
0
0
0
0
0
0
0
0
0
0
0
0
0
0
0
0
0
0
0
0
0
0
0
0
0
0
0
0
0
0
0
0
0
0
0
0
0
0
0
0
0
0
0
0
0
0
0
0
0
0
0
0
0
0
0
0
0
0
0
0
0
0
0
0
0
0
0
0
0
0
0
0
0
0
0
0
0
0
0
0
0
0
0
0
0
0
0
0
0
0
0
0
0
0
0
0
0
0
0
0
0
0
0
0
0
0
0
0
0
0
0
0
0
0
0
0
0
0
0
0
0
0
0
0
0
0
0
0
0
0
0
0
0
0
0
0
0
0
0
0
0
0
0
0
0
0
0
0
0
0
0
0
0
0
0
0
0
0
0
1.55004e+13
0
0
0
0
0
0
0
1.55017e+13
0
2.8108e+12
0
0
0
0
0
1.55004e+13
0
1.55017e+13
0
0
0
0
0
1.55028e+13
0
1.55094e+13
0
0
0
1.55214e+13
0
0
0
0
0
1.5581e+13
0
2.8108e+12
0
0
0
0
0
1.27798e-42
0
4.48416e-44
0
7.21588e+10
3.06114e-41
3.02223e+32
4.79499e-39
1.5581e+13
0
1.55006e+13
0
1.55749e+13
3.06114e-41
3.83185e+09
4.51567e+27
7.14569e+31
1.88908e+31
0
0
1.47977e-42
0
1.12104e-43
0
1.5575e+13
3.06114e-41
1.55763e+13
3.06114e-41
7.84727e-44
1.4013e-45
1.4013e-45
1.4013e-45
1.55773e+13
3.06114e-41
1.55448e+13
3.06114e-41
0
0
1.55214e+13
3.06114e-41
2.77457e-43
1.26117e-44
5.56175e-42
0
1.55052e+13
3.06114e-41
2.8108e+12
7.65249e-42
0
0
0
0
1.4013e-45
0
0
0
1.55773e+13
3.06114e-41
1.36907e-42
0
1.55053e+13
3.06114e-41
1.55615e+13
3.06114e-41
0
0
0
0
0
0
0
0
0
0
0
0
0
0
0
0
0
0
0
0
0
0
0
0
0
0
0
0
0
0
0
0
0
0
0
0
0
0
0
0
0
0
0
0
0
0
0
0
0
0
0
0
0
0
0
0
0
0
0
0
0
0
0
0
0
0
0
0
0
0
0
0
0
0
0
0
0
0
0
0
0
0
0
0
0
0
0
0
0
0
0
0
0
0
0
0
0
0
0
0
0
0
0
0
0
0
0
0
0
0
0
0
0
0
0
0
0
0
0
0
0
0
0
0
0
0
0
0
0
0
0
0
0
0
0
0
0
0
0
0
0
0
0
0
0
0
0
0
0
0
0
0
0
0
0
0
0
0
0
0
0
0
0
0
0
0
0
0
0
0
0
0
1.55016e+13
0
6.94744e+22
4.58281e+30
0
0
0
0
1.55029e+13
0
2.8108e+12
0
0
0
0
0
1.55016e+13
0
1.55029e+13
0
0
0
0
0
1.55039e+13
0
1.55094e+13
0
0
0
1.55214e+13
0
0
0
0
0
1.5581e+13
0
2.8108e+12
0
0
0
0
0
0
0
0
0
1.55039e+13
0
4.48416e-44
0
4.88217e+09
3.06114e-41
7.24304e+22
7.53338e-42
0
0
4.62428e-44
0
1.55775e+13
3.06114e-41
2.8108e+12
7.65249e-42
1.45735e-42
0
1.12104e-43
0
1.55762e+13
3.06114e-41
1.55774e+13
3.06114e-41
7.84727e-44
1.4013e-45
1.4013e-45
1.4013e-45
1.55785e+13
3.06114e-41
1.55448e+13
3.06114e-41
0
0
1.55214e+13
3.06114e-41
2.78858e-43
1.26117e-44
3.9923e-42
0
1.55052e+13
3.06114e-41
2.8108e+12
7.65249e-42
0
0
0
0
1.4013e-45
0
0
0
1.55785e+13
3.06114e-41
1.36907e-42
0
1.55053e+13
3.06114e-41
1.55763e+13
3.06114e-41
0
0
0
0
0
0
0
0
0
0
0
0
0
0
0
0
0
0
0
0
0
0
0
0
0
0
0
0
0
0
0
0
0
0
0
0
0
0
0
0
0
0
0
0
0
0
0
0
0
0
0
0
0
0
0
0
0
0
0
0
0
0
0
0
0
0
0
0
0
0
0
0
0
0
0
0
0
0
0
0
0
0
0
0
0
0
0
0
0
0
0
0
0
0
0
0
0
0
0
0
0
0
0
0
0
0
0
0
0
0
0
0
0
0
0
0
0
0
0
0
0
0
0
0
0
0
0
0
0
0
0
0
0
0
0
0
0
0
0
0
0
0
0
0
0
0
0
0
0
0
0
0
0
0
0
0
0
0
0
0
0
0
0
0
0
0
0
0
0
0
0
0
1.55027e+13
0
0
0
0
0
0
0
1.55041e+13
0
2.8108e+12
0
0
0
0
0
1.55028e+13
0
1.5504e+13
0
0
0
0
0
1.55051e+13
0
1.55094e+13
0
0
0
1.55214e+13
0
0
0
0
0
1.5581e+13
0
2.8108e+12
0
0
0
0
0
0
0
0
0
1.55051e+13
0
4.48416e-44
0
3.65743e+09
3.06114e-41
1.27026e+13
7.65249e-42
0
0
4.62428e-44
0
1.55787e+13
3.06114e-41
2.8108e+12
7.65249e-42
1.45735e-42
0
1.12104e-43
0
1.55773e+13
3.06114e-41
1.55786e+13
3.06114e-41
7.84727e-44
1.4013e-45
1.4013e-45
1.4013e-45
1.55797e+13
3.06114e-41
1.55448e+13
3.06114e-41
0
0
1.55214e+13
3.06114e-41
2.8026e-43
1.26117e-44
2.42285e-42
0
1.55052e+13
3.06114e-41
2.8108e+12
7.65249e-42
0
0
0
0
1.4013e-45
0
0
0
1.55796e+13
3.06114e-41
1.36907e-42
0
1.55053e+13
3.06114e-41
1.55775e+13
3.06114e-41
