1.15889e-310
1.15889e-310
4.63557e-310
4.63557e-310
3.04839e-321
0
1.31988e-311
4.24399e-313
3.35275e-312
1.3411e-311
8.48798e-314
1.2732e-313
1.36869e-311
3.20155e-321
9.88131e-324
1.38779e-311
3.39917e-321
9.88131e-324
1.49176e-311
3.50787e-321
9.88131e-324
1.51723e-311
4.24399e-314
4.24399e-314
1.52359e-311
3.71043e-321
2.96439e-323
1.60211e-311
3.74996e-321
2.96439e-323
1.6594e-311
8.48798e-314
1.2732e-313
1.68699e-311
3.94264e-321
4.44659e-323
1.70608e-311
3.98711e-321
4.44659e-323
1.74428e-311
4.0958e-321
4.44659e-323
1.76974e-311
4.24399e-314
4.24399e-314
1.77611e-311
4.16991e-321
6.42285e-323
1.79945e-311
4.18968e-321
6.42285e-323
1.84826e-311
8.48798e-314
1.2732e-313
1.87584e-311
4.38236e-321
7.90505e-323
1.89494e-311
4.42189e-321
7.90505e-323
1.93102e-311
4.53058e-321
7.90505e-323
1.95648e-311
4.24399e-314
4.24399e-314
1.96285e-311
4.60469e-321
9.88131e-323
1.98619e-311
4.62445e-321
9.88131e-323
2.03499e-311
8.48798e-314
1.2732e-313
2.06258e-311
4.81714e-321
1.13635e-322
2.08168e-311
4.92089e-321
1.13635e-322
2.14534e-311
5.02959e-321
1.13635e-322
2.1708e-311
4.24399e-314
4.24399e-314
2.17717e-311
5.17781e-321
1.33398e-322
2.23234e-311
5.19757e-321
1.33398e-322
2.28115e-311
8.48798e-314
1.2732e-313
2.30873e-311
5.39026e-321
1.4822e-322
2.32783e-311
5.56812e-321
1.4822e-322
2.42332e-311
5.67681e-321
1.4822e-322
2.44878e-311
4.24399e-314
4.24399e-314
2.45515e-311
5.80527e-321
1.67982e-322
2.50183e-311
5.83986e-321
1.67982e-322
2.557e-311
8.48798e-314
5.09279e-313
2.58459e-311
6.03254e-321
1.82804e-322
2.60369e-311
6.10665e-321
1.82804e-322
2.65462e-311
6.21535e-321
1.82804e-322
2.68008e-311
8.48798e-314
4.24399e-313
2.70979e-311
8.48798e-314
8.48798e-314
2.74586e-311
6.40309e-321
2.07508e-322
2.76708e-311
6.49696e-321
2.07508e-322
2.83074e-311
6.6106e-321
2.07508e-322
2.84984e-311
6.65506e-321
2.07508e-322
2.91987e-311
8.48798e-314
8.48798e-314
2.95594e-311
6.89222e-321
2.32211e-322
2.97716e-311
7.02561e-321
2.32211e-322
3.0578e-311
7.13925e-321
2.32211e-322
3.07689e-311
7.18371e-321
2.32211e-322
3.14692e-311
8.48798e-314
8.48798e-314
3.18299e-311
7.42087e-321
2.56914e-322
3.20421e-311
7.60367e-321
2.56914e-322
3.30607e-311
7.71731e-321
2.56914e-322
3.32517e-311
7.74201e-321
2.56914e-322
3.38671e-311
8.48798e-314
8.48798e-314
3.42278e-311
7.97916e-321
2.81617e-322
3.444e-311
8.09774e-321
2.81617e-322
3.51827e-311
8.21137e-321
2.81617e-322
3.53737e-311
8.25584e-321
2.81617e-322
3.64559e-311
8.48798e-314
1.2732e-313
3.67317e-311
8.5671e-321
3.06321e-322
3.69227e-311
8.71038e-321
3.06321e-322
3.77291e-311
8.81907e-321
3.06321e-322
3.79837e-311
4.24399e-314
4.24399e-314
3.80474e-311
8.96729e-321
3.26083e-322
3.85991e-311
9.00188e-321
3.26083e-322
3.91508e-311
8.48798e-314
1.2732e-313
3.94267e-311
9.19456e-321
3.40905e-322
3.96177e-311
9.3329e-321
3.40905e-322
4.04028e-311
9.44159e-321
3.40905e-322
4.06574e-311
4.24399e-314
4.24399e-314
4.07211e-311
9.58981e-321
3.60668e-322
4.12728e-311
9.62934e-321
3.60668e-322
4.18458e-311
8.48798e-314
1.2732e-313
4.21216e-311
9.82203e-321
3.7549e-322
4.23126e-311
9.88131e-321
3.7549e-322
4.27582e-311
9.99001e-321
3.7549e-322
4.30129e-311
4.24399e-314
4.24399e-314
4.30765e-311
1.00888e-320
3.95253e-322
4.3416e-311
1.01086e-320
3.95253e-322
4.39041e-311
8.48798e-314
1.2732e-313
4.418e-311
1.03013e-320
4.10074e-322
4.43709e-311
1.0489e-320
4.10074e-322
4.53683e-311
1.05977e-320
4.10074e-322
4.56229e-311
4.24399e-314
4.24399e-314
4.56866e-311
1.06718e-320
4.29837e-322
4.592e-311
1.06916e-320
4.29837e-322
4.6408e-311
8.48798e-314
1.2732e-313
4.66415e-311
1.08744e-320
4.44659e-322
4.68324e-311
1.10275e-320
4.44659e-322
4.76388e-311
1.11264e-320
4.44659e-322
4.78934e-311
4.24399e-314
4.24399e-314
4.79571e-311
1.12845e-320
4.64422e-322
4.85513e-311
1.1324e-320
4.64422e-322
4.91242e-311
8.48798e-314
1.2732e-313
4.94001e-311
1.15167e-320
4.79244e-322
4.9591e-311
1.17094e-320
4.79244e-322
5.06096e-311
1.18181e-320
4.79244e-322
5.08642e-311
4.24399e-314
4.24399e-314
5.09279e-311
1.1986e-320
4.99006e-322
5.15645e-311
1.20256e-320
4.99006e-322
5.21374e-311
8.48798e-314
1.2732e-313
5.24133e-311
1.22182e-320
5.13828e-322
5.26043e-311
1.23022e-320
5.13828e-322
5.3156e-311
1.24109e-320
5.13828e-322
5.34106e-311
4.24399e-314
4.24399e-314
5.34743e-311
1.25295e-320
5.33591e-322
5.38987e-311
1.25641e-320
5.33591e-322
5.44504e-311
8.48798e-314
1.2732e-313
5.47263e-311
1.27568e-320
5.48413e-322
5.49173e-311
1.2905e-320
5.48413e-322
5.57448e-311
1.30137e-320
5.48413e-322
5.59995e-311
4.24399e-314
4.24399e-314
5.60631e-311
1.31718e-320
5.68175e-322
5.66573e-311
1.32064e-320
5.68175e-322
5.7209e-311
8.48798e-314
1.2732e-313
5.74849e-311
1.33991e-320
5.82997e-322
5.76758e-311
1.35374e-320
5.82997e-322
5.8461e-311
1.36461e-320
5.82997e-322
5.87156e-311
4.24399e-314
4.24399e-314
5.87793e-311
1.37251e-320
6.0276e-322
5.90339e-311
1.37449e-320
6.0276e-322
5.9522e-311
8.48798e-314
1.2732e-313
5.98403e-311
1.39475e-320
6.17582e-322
6.00313e-311
1.40858e-320
6.17582e-322
6.08588e-311
1.42044e-320
6.17582e-322
6.11135e-311
4.24399e-314
4.24399e-314
6.11771e-311
1.43526e-320
6.37345e-322
6.17289e-311
1.43872e-320
6.37345e-322
6.22806e-311
8.48798e-314
1.2732e-313
6.25989e-311
1.45898e-320
6.52167e-322
6.27899e-311
1.4733e-320
6.52167e-322
6.36387e-311
1.48516e-320
6.52167e-322
6.38933e-311
4.24399e-314
4.24399e-314
6.3957e-311
1.49702e-320
6.71929e-322
6.43814e-311
1.50097e-320
6.71929e-322
6.49543e-311
8.48798e-314
1.2732e-313
6.52726e-311
1.52123e-320
6.86751e-322
6.54636e-311
1.53457e-320
6.86751e-322
6.62699e-311
1.54643e-320
6.86751e-322
6.65246e-311
4.24399e-314
4.24399e-314
6.65882e-311
1.55729e-320
7.06514e-322
6.69702e-311
1.56075e-320
7.06514e-322
6.75219e-311
8.48798e-314
1.2732e-313
6.78402e-311
1.58101e-320
7.21336e-322
6.80312e-311
1.5983e-320
7.21336e-322
6.90073e-311
1.61016e-320
7.21336e-322
6.92619e-311
4.24399e-314
4.24399e-314
6.93256e-311
1.61757e-320
7.41098e-322
6.9559e-311
1.61955e-320
7.41098e-322
7.00471e-311
8.48798e-314
1.2732e-313
7.03654e-311
1.6398e-320
7.5592e-322
7.05351e-311
1.65314e-320
7.5592e-322
7.13627e-311
1.665e-320
7.5592e-322
7.15961e-311
4.24399e-314
4.24399e-314
7.16598e-311
1.67933e-320
7.75683e-322
7.22115e-311
1.68131e-320
7.75683e-322
7.27632e-311
1.69613e-320
0
7.29542e-311
1.54906e-312
1.02917e-311
7.31664e-311
8.48798e-314
1.6976e-313
7.34423e-311
1.71293e-320
8.00386e-322
7.36757e-311
8.48798e-314
8.48798e-314
7.40152e-311
1.72627e-320
8.10268e-322
7.42699e-311
1.73022e-320
8.10268e-322
7.46943e-311
1.74208e-320
8.10268e-322
7.49489e-311
1.74949e-320
8.10268e-322
7.57128e-311
1.76579e-320
8.00386e-322
7.59674e-311
1.78555e-320
8.00386e-322
7.71558e-311
8.48799e-314
1.6976e-313
7.74316e-311
1.80581e-320
8.44852e-322
7.7665e-311
8.48799e-314
8.48798e-314
7.79833e-311
1.81866e-320
8.54734e-322
7.8238e-311
1.82261e-320
8.54734e-322
7.86412e-311
1.83397e-320
8.54734e-322
7.88958e-311
1.84138e-320
8.54734e-322
7.96597e-311
1.85769e-320
8.44852e-322
7.99144e-311
1.86213e-320
8.44852e-322
8.04449e-311
8.48799e-314
1.6976e-313
8.07207e-311
1.88239e-320
8.89318e-322
8.09541e-311
8.48799e-314
8.48798e-314
8.12724e-311
1.89524e-320
8.99199e-322
8.15271e-311
1.89919e-320
8.99199e-322
8.19303e-311
1.91055e-320
8.99199e-322
8.21849e-311
1.91796e-320
8.99199e-322
8.29488e-311
1.93427e-320
8.89318e-322
8.32035e-311
1.95304e-320
8.89318e-322
8.43493e-311
8.48799e-314
8.48798e-314
8.4413e-311
1.96836e-320
9.33784e-322
8.46676e-311
1.98565e-320
9.33784e-322
8.53891e-311
1.99108e-320
9.33784e-322
8.56438e-311
1.99701e-320
9.33784e-322
8.60681e-311
8.48799e-314
8.48798e-314
8.61318e-311
2.00838e-320
9.58487e-322
8.63864e-311
2.02468e-320
9.58487e-322
8.70655e-311
2.03012e-320
9.58487e-322
8.73201e-311
2.03604e-320
9.58487e-322
8.77445e-311
8.48799e-314
8.48798e-314
8.78082e-311
2.04741e-320
9.83191e-322
8.80628e-311
2.06717e-320
9.83191e-322
8.88904e-311
2.07261e-320
9.83191e-322
8.9145e-311
2.07853e-320
9.83191e-322
8.95694e-311
8.48799e-314
8.48798e-314
8.96331e-311
2.0899e-320
1.00789e-321
8.98877e-311
2.10027e-320
1.00789e-321
9.0397e-311
2.10768e-320
1.00789e-321
9.06517e-311
2.11361e-320
1.00789e-321
9.10973e-311
8.48799e-314
8.48798e-314
9.11609e-311
2.12547e-320
1.0326e-321
9.14156e-311
2.12942e-320
1.0326e-321
9.15641e-311
2.13486e-320
1.0326e-321
9.18188e-311
2.1393e-320
1.0326e-321
9.21795e-311
8.48799e-314
8.48798e-314
9.22432e-311
2.15067e-320
1.0573e-321
9.24978e-311
2.15758e-320
1.0573e-321
9.27737e-311
2.16302e-320
1.0573e-321
9.30283e-311
2.16747e-320
1.0573e-321
9.3389e-311
8.48799e-314
8.48798e-314
9.34527e-311
2.17883e-320
1.082e-321
9.37073e-311
2.18426e-320
1.082e-321
9.39195e-311
2.1897e-320
1.082e-321
9.41742e-311
2.19415e-320
1.082e-321
9.45349e-311
8.48799e-314
8.48798e-314
9.45986e-311
2.20551e-320
1.10671e-321
9.48532e-311
2.22132e-320
1.10671e-321
9.5511e-311
2.22675e-320
1.10671e-321
9.57657e-311
2.2312e-320
1.10671e-321
9.61264e-311
8.48799e-314
8.48798e-314
9.61901e-311
2.24256e-320
1.13141e-321
9.64447e-311
2.248e-320
1.13141e-321
9.66569e-311
2.25343e-320
1.13141e-321
9.69115e-311
2.25788e-320
1.13141e-321
9.72723e-311
8.48799e-314
8.48798e-314
9.73359e-311
2.26924e-320
1.15611e-321
9.75906e-311
2.27764e-320
1.15611e-321
9.79301e-311
2.28308e-320
1.15611e-321
9.81847e-311
2.28752e-320
1.15611e-321
9.85455e-311
8.48799e-314
8.48798e-314
9.86091e-311
2.29889e-320
1.18082e-321
9.88638e-311
2.30482e-320
1.18082e-321
9.90972e-311
2.31025e-320
1.18082e-321
9.93518e-311
2.3147e-320
1.18082e-321
9.97126e-311
8.48799e-314
8.48798e-314
9.97762e-311
2.32606e-320
1.20552e-321
1.00031e-310
2.33248e-320
1.20552e-321
1.00286e-310
2.33792e-320
1.20552e-321
1.0054e-310
2.34237e-320
1.20552e-321
1.00901e-310
8.48799e-314
8.48798e-314
1.00965e-310
2.35373e-320
1.23022e-321
1.01219e-310
2.36015e-320
1.23022e-321
1.01474e-310
2.36559e-320
1.23022e-321
1.01728e-310
2.37003e-320
1.23022e-321
1.02089e-310
8.48799e-314
8.48798e-314
1.02153e-310
2.3814e-320
1.25493e-321
1.02408e-310
2.38831e-320
1.25493e-321
1.02683e-310
2.39375e-320
1.25493e-321
1.02938e-310
2.3977e-320
1.25493e-321
1.03278e-310
8.48799e-314
8.48798e-314
1.03341e-310
2.40906e-320
1.27963e-321
1.03596e-310
2.41598e-320
1.27963e-321
1.03872e-310
2.42142e-320
1.27963e-321
1.04126e-310
2.43179e-320
1.27963e-321
1.04742e-310
8.48799e-314
3.81959e-313
1.05039e-310
2.44859e-320
1.30433e-321
1.05272e-310
4.24399e-314
2.97079e-313
1.05569e-310
8.48799e-314
8.48798e-314
1.05633e-310
2.46242e-320
1.31916e-321
1.05888e-310
2.46885e-320
1.31916e-321
1.06142e-310
2.47428e-320
1.31916e-321
1.06397e-310
2.48169e-320
1.31916e-321
1.06949e-310
8.48799e-314
1.6976e-313
1.07012e-310
2.49207e-320
1.34386e-321
1.07161e-310
2.49602e-320
1.34386e-321
1.07309e-310
2.49948e-320
1.34386e-321
1.07458e-310
8.48799e-314
8.48798e-314
1.07522e-310
2.5064e-320
1.36362e-321
1.07776e-310
2.51282e-320
1.36362e-321
1.08031e-310
2.51825e-320
1.36362e-321
1.08285e-310
2.52616e-320
1.36362e-321
1.09198e-310
2.54543e-320
1.30433e-321
1.09453e-310
2.56321e-320
1.30433e-321
1.10556e-310
8.48799e-314
3.81959e-313
1.10853e-310
2.58396e-320
1.39821e-321
1.11086e-310
4.24399e-314
2.97079e-313
1.11384e-310
8.48799e-314
8.48798e-314
1.11447e-310
2.5978e-320
1.41303e-321
1.11702e-310
2.60422e-320
1.41303e-321
1.11956e-310
2.60965e-320
1.41303e-321
1.12211e-310
2.61707e-320
1.41303e-321
1.12763e-310
8.48799e-314
1.6976e-313
1.12827e-310
2.62744e-320
1.43773e-321
1.12975e-310
2.63139e-320
1.43773e-321
1.13124e-310
2.63485e-320
1.43773e-321
1.13272e-310
8.48799e-314
8.48798e-314
1.13336e-310
2.64177e-320
1.45749e-321
1.1359e-310
2.64819e-320
1.45749e-321
1.13845e-310
2.65363e-320
1.45749e-321
1.141e-310
2.66153e-320
1.45749e-321
1.15012e-310
2.6808e-320
1.39821e-321
1.15267e-310
2.69859e-320
1.39821e-321
1.1637e-310
8.48799e-314
1.6976e-313
1.16434e-310
2.7139e-320
1.49208e-321
1.16667e-310
8.48799e-314
8.48798e-314
1.16731e-310
2.72082e-320
1.50196e-321
1.16986e-310
2.72724e-320
1.50196e-321
1.1724e-310
2.73268e-320
1.50196e-321
1.17495e-310
2.7391e-320
1.50196e-321
1.18089e-310
2.75244e-320
1.49208e-321
1.18344e-310
2.75985e-320
1.49208e-321
1.18832e-310
8.48799e-314
1.6976e-313
1.18895e-310
2.77121e-320
1.53654e-321
1.19129e-310
8.48799e-314
8.48798e-314
1.19193e-310
2.77813e-320
1.54643e-321
1.19447e-310
2.78455e-320
1.54643e-321
1.19702e-310
2.78999e-320
1.54643e-321
1.19956e-310
2.79542e-320
1.54643e-321
1.20551e-310
2.80975e-320
1.53654e-321
1.20805e-310
2.81716e-320
1.53654e-321
1.21293e-310
8.48799e-314
1.6976e-313
1.21357e-310
2.82853e-320
1.58101e-321
1.2159e-310
8.48799e-314
8.48798e-314
1.21654e-310
2.83544e-320
1.59089e-321
1.21909e-310
2.84187e-320
1.59089e-321
1.22163e-310
2.8473e-320
1.59089e-321
1.22418e-310
2.85323e-320
1.59089e-321
1.23012e-310
2.86706e-320
1.58101e-321
1.23267e-310
2.87447e-320
1.58101e-321
1.23755e-310
8.48799e-314
1.6976e-313
1.23818e-310
2.88584e-320
1.62548e-321
1.24052e-310
8.48799e-314
8.48798e-314
1.24116e-310
2.89275e-320
1.63536e-321
1.2437e-310
2.89918e-320
1.63536e-321
1.24625e-310
2.90461e-320
1.63536e-321
1.24879e-310
2.91351e-320
1.63536e-321
1.25474e-310
2.92437e-320
1.62548e-321
1.25728e-310
2.93179e-320
1.62548e-321
1.26216e-310
8.48799e-314
1.6976e-313
1.2628e-310
2.94315e-320
1.66994e-321
1.26513e-310
8.48799e-314
8.48798e-314
1.26577e-310
2.95007e-320
1.67982e-321
1.26832e-310
2.95649e-320
1.67982e-321
1.27086e-310
2.96192e-320
1.67982e-321
1.27341e-310
2.96983e-320
1.67982e-321
1.27935e-310
2.98169e-320
1.66994e-321
1.2819e-310
2.9891e-320
1.66994e-321
1.28678e-310
8.48799e-314
1.6976e-313
1.28741e-310
3.00046e-320
1.71441e-321
1.28975e-310
8.48799e-314
8.48798e-314
1.29039e-310
3.00738e-320
1.72429e-321
1.29293e-310
3.0138e-320
1.72429e-321
1.29548e-310
3.01924e-320
1.72429e-321
1.29802e-310
3.03109e-320
1.72429e-321
1.30397e-310
3.039e-320
1.71441e-321
1.30651e-310
3.04641e-320
1.71441e-321
1.31139e-310
8.48799e-314
1.6976e-313
1.31203e-310
3.05777e-320
1.75887e-321
1.31436e-310
8.48799e-314
8.48798e-314
1.315e-310
3.06469e-320
1.76876e-321
1.31755e-310
3.07111e-320
1.76876e-321
1.32009e-310
3.07655e-320
1.76876e-321
1.32264e-310
3.08099e-320
1.76876e-321
1.32858e-310
3.09631e-320
1.75887e-321
1.33113e-310
3.10372e-320
1.75887e-321
1.33601e-310
8.48799e-314
1.6976e-313
1.33665e-310
3.11508e-320
1.80334e-321
1.33898e-310
8.48799e-314
8.48798e-314
1.33962e-310
3.122e-320
1.81322e-321
1.34216e-310
3.12842e-320
1.81322e-321
1.34471e-310
3.13386e-320
1.81322e-321
1.34726e-310
3.14028e-320
1.81322e-321
1.3532e-310
3.15362e-320
1.80334e-321
1.35574e-310
3.16103e-320
1.80334e-321
1.36062e-310
8.48799e-314
1.6976e-313
1.36126e-310
3.1724e-320
1.84781e-321
1.36359e-310
8.48799e-314
8.48798e-314
1.36423e-310
3.17931e-320
1.85769e-321
1.36678e-310
3.18574e-320
1.85769e-321
1.36932e-310
3.19117e-320
1.85769e-321
1.37187e-310
3.19611e-320
1.85769e-321
1.37781e-310
3.21093e-320
1.84781e-321
1.38036e-310
3.21834e-320
1.84781e-321
1.38524e-310
8.48799e-314
1.6976e-313
1.38588e-310
3.22971e-320
1.89227e-321
1.38821e-310
8.48799e-314
8.48798e-314
1.38885e-310
3.23662e-320
1.90215e-321
1.39139e-310
3.24305e-320
1.90215e-321
1.39394e-310
3.24848e-320
1.90215e-321
1.39649e-310
3.25639e-320
1.90215e-321
1.40243e-310
3.26824e-320
1.89227e-321
1.40497e-310
3.27566e-320
1.89227e-321
1.40985e-310
8.48799e-314
1.6976e-313
1.41049e-310
3.28702e-320
1.93674e-321
1.41282e-310
8.48799e-314
8.48798e-314
1.41346e-310
3.29394e-320
1.94662e-321
1.41601e-310
3.30036e-320
1.94662e-321
1.41855e-310
3.30579e-320
1.94662e-321
1.4211e-310
3.3132e-320
1.94662e-321
1.42704e-310
3.32556e-320
1.93674e-321
1.42959e-310
3.33297e-320
1.93674e-321
1.43447e-310
8.48799e-314
1.6976e-313
1.43511e-310
3.34433e-320
1.9812e-321
1.43744e-310
8.48799e-314
8.48798e-314
1.43808e-310
3.35125e-320
1.99108e-321
1.44062e-310
3.35767e-320
1.99108e-321
1.44317e-310
3.3631e-320
1.99108e-321
1.44572e-310
3.37299e-320
1.99108e-321
1.45166e-310
3.38287e-320
1.9812e-321
1.4542e-310
3.39028e-320
1.9812e-321
1.45908e-310
8.48799e-314
1.6976e-313
1.45972e-310
3.40164e-320
2.02567e-321
1.46206e-310
8.48799e-314
8.48798e-314
1.46269e-310
3.40856e-320
2.03555e-321
1.46524e-310
3.41498e-320
2.03555e-321
1.46778e-310
3.42042e-320
2.03555e-321
1.47033e-310
3.42585e-320
2.03555e-321
1.47627e-310
3.44018e-320
2.02567e-321
1.47882e-310
3.44759e-320
2.02567e-321
1.4837e-310
8.48799e-314
1.6976e-313
1.48434e-310
3.45895e-320
2.07014e-321
1.48667e-310
8.48799e-314
8.48798e-314
1.48731e-310
3.46587e-320
2.08002e-321
1.48985e-310
3.46982e-320
2.08002e-321
1.4924e-310
3.47773e-320
2.08002e-321
1.49495e-310
3.48465e-320
2.08002e-321
1.50089e-310
3.49749e-320
2.07014e-321
1.50343e-310
3.5049e-320
2.07014e-321
1.50831e-310
8.48799e-314
1.6976e-313
1.50895e-310
3.51627e-320
2.1146e-321
1.51129e-310
8.48799e-314
8.48798e-314
1.51192e-310
3.52318e-320
2.12448e-321
1.51447e-310
3.5296e-320
2.12448e-321
1.51701e-310
3.53504e-320
2.12448e-321
1.51956e-310
3.53998e-320
2.12448e-321
1.5255e-310
3.5548e-320
2.1146e-321
1.52805e-310
3.56221e-320
2.1146e-321
1.53293e-310
8.48799e-314
1.6976e-313
1.53357e-310
3.57358e-320
2.15907e-321
1.5359e-310
8.48799e-314
8.48798e-314
1.53654e-310
3.58049e-320
2.16895e-321
1.53908e-310
3.58692e-320
2.16895e-321
1.54163e-310
3.59235e-320
2.16895e-321
1.54418e-310
3.60075e-320
2.16895e-321
1.55012e-310
3.61211e-320
2.15907e-321
1.55266e-310
3.61952e-320
2.15907e-321
1.55754e-310
8.48799e-314
1.6976e-313
1.55818e-310
3.63089e-320
2.20353e-321
1.56052e-310
8.48799e-314
8.48798e-314
1.56115e-310
3.63781e-320
2.21341e-321
1.5637e-310
3.64423e-320
2.21341e-321
1.56625e-310
3.64966e-320
2.21341e-321
1.56879e-310
3.65658e-320
2.21341e-321
1.57473e-310
3.66943e-320
2.20353e-321
1.57728e-310
3.67684e-320
2.20353e-321
1.58216e-310
8.48799e-314
1.6976e-313
1.5828e-310
3.6882e-320
2.248e-321
1.58513e-310
8.48799e-314
8.48798e-314
1.58577e-310
3.69512e-320
2.25788e-321
1.58831e-310
3.70154e-320
2.25788e-321
1.59086e-310
3.70697e-320
2.25788e-321
1.59341e-310
3.71537e-320
2.25788e-321
1.59935e-310
3.72674e-320
2.248e-321
1.60189e-310
3.73415e-320
2.248e-321
1.60678e-310
8.48799e-314
1.6976e-313
1.60741e-310
3.74551e-320
2.29246e-321
1.60975e-310
8.48799e-314
8.48798e-314
1.61038e-310
3.75243e-320
2.30235e-321
1.61293e-310
3.75885e-320
2.30235e-321
1.61548e-310
3.76429e-320
2.30235e-321
1.61802e-310
3.76923e-320
2.30235e-321
1.62396e-310
3.78405e-320
2.29246e-321
1.62651e-310
3.79146e-320
2.29246e-321
1.63139e-310
8.48799e-314
1.6976e-313
1.63203e-310
3.80282e-320
2.33693e-321
1.63436e-310
8.48799e-314
8.48798e-314
1.635e-310
3.80974e-320
2.34681e-321
1.63754e-310
3.81616e-320
2.34681e-321
1.64009e-310
3.8216e-320
2.34681e-321
1.64264e-310
3.83247e-320
2.34681e-321
1.64964e-310
3.84383e-320
2.33693e-321
1.65219e-310
3.86112e-320
2.33693e-321
1.66301e-310
8.48799e-314
8.48798e-314
1.66364e-310
3.87644e-320
2.3814e-321
1.66619e-310
3.88286e-320
2.3814e-321
1.66874e-310
3.8883e-320
2.3814e-321
1.67128e-310
3.90361e-320
2.3814e-321
1.67956e-310
8.48799e-314
8.48798e-314
1.6802e-310
3.91498e-320
2.4061e-321
1.68274e-310
3.92436e-320
2.4061e-321
1.68677e-310
3.93029e-320
2.4061e-321
1.68932e-310
3.94956e-320
2.4061e-321
1.69929e-310
8.48799e-314
8.48798e-314
1.69993e-310
3.96092e-320
2.4308e-321
1.70248e-310
3.96685e-320
2.4308e-321
1.70651e-310
3.97624e-320
2.4308e-321
1.70906e-310
3.99007e-320
2.4308e-321
1.71669e-310
8.48799e-314
8.48798e-314
1.71733e-310
4.00144e-320
2.45551e-321
1.71988e-310
4.00737e-320
2.45551e-321
1.72391e-310
4.01675e-320
2.45551e-321
1.72667e-310
4.03108e-320
2.45551e-321
1.73431e-310
8.48799e-314
8.48798e-314
1.73494e-310
4.04245e-320
2.48021e-321
1.73749e-310
4.05084e-320
2.48021e-321
1.74152e-310
4.05776e-320
2.48021e-321
1.74407e-310
4.07209e-320
2.48021e-321
1.75192e-310
8.48799e-314
8.48798e-314
1.75256e-310
4.08345e-320
2.50491e-321
1.7551e-310
4.0958e-320
2.50491e-321
1.7602e-310
4.10124e-320
2.50491e-321
1.76274e-310
4.11557e-320
2.50491e-321
1.77059e-310
8.48799e-314
8.48798e-314
1.77123e-310
4.12693e-320
2.52962e-321
1.77356e-310
4.13582e-320
2.52962e-321
1.77781e-310
4.14225e-320
2.52962e-321
1.78035e-310
4.15657e-320
2.52962e-321
1.78821e-310
8.48799e-314
8.48798e-314
1.78884e-310
4.16794e-320
2.55432e-321
1.79118e-310
4.17189e-320
2.55432e-321
1.79542e-310
4.18325e-320
2.55432e-321
1.79797e-310
4.19758e-320
2.55432e-321
1.80582e-310
8.48799e-314
8.48798e-314
1.80646e-310
4.20895e-320
2.57902e-321
1.80879e-310
4.21339e-320
2.57902e-321
1.81303e-310
4.22426e-320
2.57902e-321
1.81558e-310
4.23859e-320
2.57902e-321
1.82343e-310
8.48799e-314
8.48798e-314
1.82407e-310
4.24995e-320
2.60373e-321
1.8264e-310
4.25835e-320
2.60373e-321
1.83065e-310
4.26527e-320
2.60373e-321
1.83319e-310
4.2796e-320
2.60373e-321
1.84104e-310
8.48799e-314
8.48798e-314
1.84168e-310
4.29096e-320
2.62843e-321
1.84401e-310
4.29985e-320
2.62843e-321
1.84826e-310
4.30628e-320
2.62843e-321
1.8508e-310
4.3206e-320
2.62843e-321
1.85866e-310
8.48799e-314
8.48798e-314
1.85929e-310
4.33197e-320
2.65313e-321
1.86163e-310
4.33987e-320
2.65313e-321
1.86587e-310
4.34728e-320
2.65313e-321
1.86842e-310
4.36161e-320
2.65313e-321
1.87627e-310
8.48799e-314
8.48798e-314
1.87691e-310
4.37298e-320
2.67784e-321
1.87924e-310
4.38039e-320
2.67784e-321
1.88348e-310
4.38829e-320
2.67784e-321
1.88603e-310
4.40262e-320
2.67784e-321
1.89388e-310
8.48799e-314
8.48798e-314
1.89452e-310
4.41398e-320
2.70254e-321
1.89685e-310
4.42238e-320
2.70254e-321
1.9011e-310
4.4293e-320
2.70254e-321
1.90364e-310
4.44363e-320
2.70254e-321
1.91149e-310
8.48799e-314
8.48798e-314
1.91213e-310
4.45499e-320
2.72724e-321
1.91446e-310
4.46438e-320
2.72724e-321
1.91871e-310
4.47031e-320
2.72724e-321
1.92125e-310
4.48463e-320
2.72724e-321
1.92911e-310
8.48799e-314
8.48798e-314
1.92974e-310
4.496e-320
2.75195e-321
1.93208e-310
4.5039e-320
2.75195e-321
1.93632e-310
4.51131e-320
2.75195e-321
1.93887e-310
4.51724e-320
2.75195e-321
1.94311e-310
8.48799e-314
8.48798e-314
1.94375e-310
4.52861e-320
2.77665e-321
1.94608e-310
4.53503e-320
2.77665e-321
1.95033e-310
4.54392e-320
2.77665e-321
1.95287e-310
4.54985e-320
2.77665e-321
1.95712e-310
8.48799e-314
8.48798e-314
1.95775e-310
4.56121e-320
2.80135e-321
1.96009e-310
4.56517e-320
2.80135e-321
1.96433e-310
4.57653e-320
2.80135e-321
1.96688e-310
4.58246e-320
2.80135e-321
1.97112e-310
8.48799e-314
8.48798e-314
1.97176e-310
4.59382e-320
2.82606e-321
1.97409e-310
4.59975e-320
2.82606e-321
1.97834e-310
4.60914e-320
2.82606e-321
1.98088e-310
4.62396e-320
2.82606e-321
1.98895e-310
8.48799e-314
8.48798e-314
1.98958e-310
4.63532e-320
2.85076e-321
1.99192e-310
4.64076e-320
2.85076e-321
1.99616e-310
4.65064e-320
2.85076e-321
1.99871e-310
4.66447e-320
2.85076e-321
2.00635e-310
8.48799e-314
8.48798e-314
2.00698e-310
4.67584e-320
2.87546e-321
2.00932e-310
4.68127e-320
2.87546e-321
2.01356e-310
4.69115e-320
2.87546e-321
2.01611e-310
4.69511e-320
2.87546e-321
2.0195e-310
8.48799e-314
8.48798e-314
2.02014e-310
4.70647e-320
2.90017e-321
2.02247e-310
4.7119e-320
2.90017e-321
2.02672e-310
4.72179e-320
2.90017e-321
2.02926e-310
4.73513e-320
2.90017e-321
2.03669e-310
8.48799e-314
8.48798e-314
2.03733e-310
4.74649e-320
2.92487e-321
2.03966e-310
4.75094e-320
2.92487e-321
2.04454e-310
4.76329e-320
2.92487e-321
2.04709e-310
4.77712e-320
2.92487e-321
2.05473e-310
8.48799e-314
8.48798e-314
2.05537e-310
4.78848e-320
2.94957e-321
2.0577e-310
4.79985e-320
2.94957e-321
2.06258e-310
4.80528e-320
2.94957e-321
2.06513e-310
4.81912e-320
2.94957e-321
2.07277e-310
8.48799e-314
8.48798e-314
2.0734e-310
4.83048e-320
2.97428e-321
2.07574e-310
4.84283e-320
2.97428e-321
2.08104e-310
4.84827e-320
2.97428e-321
2.08359e-310
4.8621e-320
2.97428e-321
2.09123e-310
8.48799e-314
8.48798e-314
2.09186e-310
4.87346e-320
2.99898e-321
2.0942e-310
4.88236e-320
2.99898e-321
2.09802e-310
4.88779e-320
2.99898e-321
2.10056e-310
4.90163e-320
2.99898e-321
2.1082e-310
8.48799e-314
8.48798e-314
2.10884e-310
4.91299e-320
3.02368e-321
2.11117e-310
4.91793e-320
3.02368e-321
2.1133e-310
4.92336e-320
3.02368e-321
2.11584e-310
4.9372e-320
3.02368e-321
2.12348e-310
8.48799e-314
8.48798e-314
2.12412e-310
4.94856e-320
3.04839e-321
2.12645e-310
4.9535e-320
3.04839e-321
2.12857e-310
4.95894e-320
3.04839e-321
2.13112e-310
4.97277e-320
3.04839e-321
2.13876e-310
8.48799e-314
8.48798e-314
2.1394e-310
4.98413e-320
3.07309e-321
2.14173e-310
4.99303e-320
3.07309e-321
2.14555e-310
4.99846e-320
3.07309e-321
2.1481e-310
5.0123e-320
3.07309e-321
2.15574e-310
8.48799e-314
8.48798e-314
2.15637e-310
5.02366e-320
3.09779e-321
2.15871e-310
5.0286e-320
3.09779e-321
2.16083e-310
5.03403e-320
3.09779e-321
2.16337e-310
5.04787e-320
3.09779e-321
2.17101e-310
8.48799e-314
8.48798e-314
2.17165e-310
5.05923e-320
3.12249e-321
2.17398e-310
5.06763e-320
3.12249e-321
2.17759e-310
5.07307e-320
3.12249e-321
2.18014e-310
5.0869e-320
3.12249e-321
2.18778e-310
8.48799e-314
8.48798e-314
2.18841e-310
5.09826e-320
3.1472e-321
2.19075e-310
5.10518e-320
3.1472e-321
2.19393e-310
5.11111e-320
3.1472e-321
2.19648e-310
5.12544e-320
3.1472e-321
2.20433e-310
8.48799e-314
8.48798e-314
2.20497e-310
5.1368e-320
3.1719e-321
2.2073e-310
5.1452e-320
3.1719e-321
2.21091e-310
5.15063e-320
3.1719e-321
2.21324e-310
5.16397e-320
3.1719e-321
2.12547e-320
1.0326e-321
9.14156e-311
2.12942e-320
1.0326e-321
9.15641e-311
2.13486e-320
1.0326e-321
9.18188e-311
2.1393e-320
1.0326e-321
9.21795e-311
8.48799e-314
8.48798e-314
9.22432e-311
2.15067e-320
1.0573e-321
9.24978e-311
2.15758e-320
1.0573e-321
9.27737e-311
2.16302e-320
1.0573e-321
9.30283e-311
2.16747e-320
1.0573e-321
9.3389e-311
8.48799e-314
8.48798e-314
9.34527e-311
2.17883e-320
1.082e-321
9.37073e-311
2.18426e-320
1.082e-321
9.39195e-311
2.1897e-320
1.082e-321
9.41742e-311
2.19415e-320
1.082e-321
9.45349e-311
8.48799e-314
8.48798e-314
9.45986e-311
2.20551e-320
1.10671e-321
9.48532e-311
2.22132e-320
1.10671e-321
9.5511e-311
2.22675e-320
1.10671e-321
9.57657e-311
2.2312e-320
1.10671e-321
9.61264e-311
8.48799e-314
8.48798e-314
9.61901e-311
2.24256e-320
1.13141e-321
9.64447e-311
2.248e-320
1.13141e-321
9.66569e-311
2.25343e-320
1.13141e-321
9.69115e-311
2.25788e-320
1.13141e-321
9.72723e-311
8.48799e-314
8.48798e-314
9.73359e-311
2.26924e-320
1.15611e-321
9.75906e-311
2.27764e-320
1.15611e-321
9.79301e-311
2.28308e-320
1.15611e-321
9.81847e-311
2.28752e-320
1.15611e-321
9.85455e-311
8.48799e-314
8.48798e-314
9.86091e-311
2.29889e-320
5.77237e-319
9.88638e-311
1.38847e-319
3.22575e-320
9.90972e-311
1.061e-314
1.18082e-321
9.93518e-311
2.3142e-320
3.81426e-315
9.97126e-311
8.47747e-314
8.95052e-313
