7.90316e+24
7.65249e-42
7.90316e+24
7.65249e-42
2.41667e+26
3.06114e-41
2.41667e+26
3.06114e-41
1.04879e-30
0
1.73914e-30
0
0
0
2.40551e+26
0
0
0
0
0
2.41288e+26
0
4.36058e+25
0
0
0
0
0
0
0
0
0
2.43013e+26
0
3.84817e-30
0
0
0
0
0
0
0
0
0
0
0
0
0
0
0
0
0
0
0
0
0
0
0
0
0
0
0
0
0
0
0
0
0
0
0
0
0
0
0
0
0
0
0
0
0
0
0
0
0
0
0
0
0
0
0
0
0
0
0
0
0
0
0
0
0
0
0
0
0
0
0
0
0
0
0
0
0
0
0
0
0
0
0
0
0
0
0
0
0
0
0
0
0
0
0
0
0
0
0
0
0
0
0
0
0
0
0
0
0
0
0
0
0
0
0
0
0
0
0
0
0
0
0
0
0
0
0
0
0
0
0
0
0
0
0
0
0
0
0
0
0
0
0
0
0
0
0
0
0
0
0
0
0
0
0
0
0
0
0
0
0
0
0
0
0
0
0
0
0
0
0
0
0
0
0
0
0
0
0
0
0
0
0
0
0
0
0
0
0
1.27798e-42
0
1.27798e-42
0
0
0
0
0
0
0
0
0
0
0
0
0
0
0
0
0
0
0
0
0
0
0
0
0
0
0
0
0
0
0
0
0
1.98074e-29
0
0
0
0
0
0
0
0
0
1.29979e-31
0
2.13256e-29
0
3.15101e-31
0
2.25891e-29
0
1.73775e-30
0
1.2235e-30
0
2.185e-32
0
1.21651e-30
0
2.17393e-32
0
0
0
2.40861e+26
0
0
0
1.79641e-28
0
3.82193e-30
0
4.25426e-29
0
0
0
0
0
0
0
0
0
2.17234e-32
0
0
0
2.43031e+26
0
2.12208e-29
0
0
0
0
0
0
0
0
0
0
0
0
0
0
0
0
0
0
0
0
0
0
0
0
0
0
0
0
0
0
0
0
0
0
0
0
0
0
0
0
0
0
0
0
0
0
0
0
0
0
0
0
0
0
0
0
0
0
0
0
0
0
0
0
0
0
0
0
0
0
0
0
0
0
0
0
0
0
0
0
0
0
0
0
0
0
0
0
0
0
0
0
0
0
0
0
0
0
0
0
0
0
0
0
0
0
0
0
0
0
0
0
0
0
0
0
0
0
0
0
0
0
0
0
0
0
0
0
0
0
0
0
0
0
0
0
0
2.55597e-42
0
1.27798e-42
0
0
0
0
0
0
0
0
0
0
0
0
0
0
0
0
0
0
0
0
0
0
0
0
0
0
0
0
0
0
0
0
0
0
0
0
0
0
0
0
0
0
0
0
0
0
0
0
0
0
0
0
0
0
0
0
0
0
0
0
0
0
0
0
0
0
0
0
0
0
0
0
0
0
0
0
0
0
0
0
0
0
0
0
0
1.98102e-29
0
0
0
0
0
0
0
0
0
1.29979e-31
0
2.27258e-29
0
3.15101e-31
0
2.25907e-29
0
1.73789e-30
0
1.22359e-30
0
2.18516e-32
0
1.2166e-30
0
2.17393e-32
0
0
0
2.40861e+26
0
0
0
1.55274e-28
0
3.84377e-30
0
3.81312e-29
0
0
0
0
0
0
0
0
0
2.1725e-32
0
0
0
2.4305e+26
0
2.12224e-29
0
0
0
0
0
0
0
0
0
0
0
0
0
0
0
0
0
0
0
0
0
0
0
0
0
0
0
0
0
0
0
0
0
0
0
0
0
0
0
0
0
0
0
0
0
0
0
0
0
0
0
0
0
0
0
0
0
0
0
0
0
0
0
0
0
0
0
0
0
0
0
0
0
0
0
0
0
0
0
0
0
0
0
0
0
3.83395e-42
0
1.27798e-42
0
0
0
0
0
0
0
0
0
0
0
0
0
0
0
0
0
0
0
0
0
0
0
0
0
0
0
0
0
0
0
0
0
0
0
0
0
0
0
0
0
0
0
0
0
0
0
0
0
0
0
0
0
0
0
0
0
0
0
0
0
0
0
0
0
0
0
0
0
0
0
0
0
0
0
0
0
0
0
0
0
0
0
0
0
0
0
0
0
0
0
0
0
0
0
0
0
0
0
0
0
0
0
0
0
0
0
0
0
0
0
0
0
0
0
0
0
0
0
0
0
0
0
0
0
0
0
0
0
0
0
0
0
0
0
0
0
1.98117e-29
0
0
0
0
0
2.11972e-13
0
0
0
1.29979e-31
0
2.27275e-29
0
3.15101e-31
0
2.25924e-29
0
1.73802e-30
0
1.22368e-30
0
2.18533e-32
0
1.2167e-30
0
2.17393e-32
0
0
0
2.40861e+26
0
0
0
1.30907e-28
0
3.86561e-30
0
3.37198e-29
0
0
0
0
0
0
0
0
0
2.17267e-32
0
0
0
2.43068e+26
0
2.1224e-29
0
0
0
0
0
0
0
0
0
0
0
0
0
0
0
0
0
0
0
0
0
0
0
0
0
0
0
0
0
0
0
0
0
5.11194e-42
0
1.27798e-42
0
0
0
0
0
0
0
0
0
0
0
0
0
0
0
0
0
0
0
0
0
0
0
0
0
0
0
0
0
0
0
0
0
0
0
0
0
0
0
0
0
0
0
0
0
0
0
0
0
0
0
0
0
0
0
0
0
0
0
0
0
0
0
0
0
0
0
0
0
0
0
0
0
0
0
0
0
0
0
0
0
0
0
0
0
0
0
0
0
0
0
0
0
0
0
0
0
0
0
0
0
0
0
0
0
0
0
0
0
0
0
0
0
0
0
0
0
0
0
0
0
0
0
0
0
0
0
0
0
0
0
0
0
0
0
0
0
0
0
0
0
0
0
0
0
0
0
0
0
0
0
0
0
0
0
0
0
0
0
0
0
0
0
0
0
0
0
0
0
0
0
0
0
0
0
0
0
0
0
0
0
0
0
0
0
0
0
0
0
1.98132e-29
0
7.95986e-16
0
0
0
0
0
0
0
1.29979e-31
0
2.27292e-29
0
3.15101e-31
0
2.25941e-29
0
1.73815e-30
0
1.22377e-30
0
2.18549e-32
0
1.21679e-30
0
2.17393e-32
0
0
0
2.40861e+26
0
0
0
1.0654e-28
0
3.88745e-30
0
2.93083e-29
0
0
0
0
0
0
0
0
0
2.17283e-32
0
0
0
2.43086e+26
0
2.12256e-29
0
0
0
0
0
0
0
0
0
0
0
0
0
0
0
0
0
0
0
0
0
0
0
0
0
0
0
0
0
0
0
0
0
0
0
0
0
0
0
0
0
0
0
0
0
0
0
0
0
0
0
0
0
0
0
0
0
0
0
0
0
0
0
0
0
0
0
0
0
0
0
0
0
0
0
0
0
0
0
0
0
0
0
0
0
0
0
0
0
0
0
0
0
0
0
0
0
0
0
0
0
0
0
0
0
0
0
0
0
0
0
0
0
0
0
0
0
0
0
0
0
0
0
0
0
0
0
0
0
0
0
0
0
0
0
0
0
0
0
0
0
0
0
0
0
0
0
0
0
0
0
0
0
0
0
0
0
0
0
0
0
0
0
0
0
0
0
0
0
0
0
0
0
0
0
0
0
0
0
0
0
0
0
0
0
0
0
0
0
0
0
0
0
0
0
0
0
0
0
0
0
0
0
0
0
0
0
0
0
7.66791e-42
0
1.27798e-42
0
0
0
0
0
0
0
0
0
0
0
0
0
1.98147e-29
0
0
0
0
0
2.10165e-13
0
0
0
1.29979e-31
0
2.27309e-29
0
3.15101e-31
0
2.25958e-29
0
1.73828e-30
0
1.22387e-30
0
2.18566e-32
0
1.21688e-30
0
2.17393e-32
0
0
0
2.40861e+26
0
0
0
8.2173e-29
0
3.90928e-30
0
2.48969e-29
0
0
0
0
0
0
0
0
0
2.173e-32
0
0
0
2.43105e+26
0
2.12272e-29
0
0
0
0
0
0
0
0
0
0
0
0
0
0
0
0
0
0
0
0
0
0
0
0
0
0
0
0
0
0
0
0
0
0
0
0
0
0
0
0
0
0
0
0
0
0
0
0
0
0
0
0
0
0
0
0
0
0
0
0
0
0
0
0
0
0
0
0
0
0
0
0
0
0
0
0
0
0
0
0
0
0
0
0
0
0
0
0
0
0
0
0
0
0
0
0
0
0
0
0
0
0
0
0
0
0
0
0
0
0
0
0
0
0
0
0
0
0
0
0
0
0
0
0
0
0
0
0
0
0
0
0
0
0
0
0
0
0
0
0
0
0
0
0
0
0
0
0
0
0
0
0
0
0
0
0
0
8.94589e-42
0
1.27798e-42
0
0
0
0
0
0
0
0
0
0
0
0
0
0
0
0
0
0
0
0
0
0
0
0
0
0
0
0
0
0
0
0
0
0
0
0
0
0
0
0
0
0
0
0
0
0
0
0
0
0
0
0
0
0
0
0
0
0
0
0
0
0
0
0
0
1.98162e-29
0
3.11534e-21
0
1.66723e-25
0
0
0
0
0
1.29979e-31
0
2.27326e-29
0
3.15101e-31
0
2.25975e-29
0
1.73841e-30
0
1.22396e-30
0
2.18582e-32
0
1.21697e-30
0
2.17393e-32
0
0
0
2.40878e+26
0
0
0
5.78061e-29
0
3.93112e-30
0
2.04855e-29
0
0
0
0
0
0
0
0
0
2.17316e-32
0
0
0
2.43123e+26
0
2.15765e-29
0
0
0
0
0
0
0
0
0
0
0
0
0
0
0
0
0
0
0
0
0
0
0
0
0
0
0
0
0
0
0
0
0
0
0
0
0
0
0
0
0
0
0
0
0
0
0
0
0
0
0
0
0
0
0
0
0
0
0
0
0
0
0
0
0
0
0
0
0
0
0
0
0
0
0
0
0
0
0
0
0
0
0
0
0
0
0
0
0
0
0
0
0
0
0
0
0
0
0
0
0
0
0
0
0
1.02239e-41
0
1.27798e-42
0
0
0
0
0
0
0
0
0
0
0
0
0
0
0
0
0
0
0
0
0
0
0
0
0
0
0
0
0
0
0
0
0
0
0
0
0
0
0
0
0
0
0
0
0
0
0
0
0
0
0
0
0
0
0
0
0
0
0
0
0
0
0
0
0
0
0
0
0
0
0
0
0
0
0
0
0
0
0
0
0
0
0
0
0
0
0
0
0
0
0
0
0
0
0
0
0
0
0
0
0
0
0
0
0
0
0
0
0
0
0
0
0
0
0
0
0
1.98177e-29
0
0
0
0
0
1.90574e-22
0
2.05149e-29
0
1.89061e-31
0
2.2589e-29
0
4.9299e-22
0
3.55829e+15
2.36156e-09
3.94653e+27
0
0
0
0
0
2.41922e+26
0
2.42009e+26
0
0
0
2.17562e-32
0
3.67271e-30
0
3.36245e-29
0
0
0
4.36396e+25
0
0
0
0
0
2.18123e-32
0
0
0
0
0
0
0
2.18396e-32
0
0
0
0
0
0
0
0
0
0
0
0
0
0
0
0
0
0
0
0
0
0
0
0
0
0
0
0
0
0
0
0
0
0
0
0
0
0
0
0
0
0
0
0
0
0
0
0
0
0
0
0
0
0
0
