4.1943e+06
7.65249e-42
4.1943e+06
7.65249e-42
7.43398e+10
3.06114e-41
7.43398e+10
3.06114e-41
1.55641e+13
3.06114e-41
4.27749e-05
7.56701e-44
1.54883e+13
0
1.54851e+13
0
1.55641e+13
3.06114e-41
3.83185e+09
4.51567e+27
7.14569e+31
1.88908e+31
1.55051e+13
0
1.47977e-42
0
1.55171e+13
0
1.55647e+13
3.06114e-41
1.5566e+13
3.06114e-41
1.55767e+13
1.4013e-45
2.8108e+12
1.4013e-45
1.55671e+13
3.06114e-41
1.55389e+13
3.06114e-41
0
0
1.55171e+13
3.06114e-41
2.70451e-43
1.26117e-44
1.35211e-41
0
1.55009e+13
3.06114e-41
2.8108e+12
7.65249e-42
0
0
0
0
1.4013e-45
0
0
0
1.5567e+13
3.06114e-41
1.39149e-42
0
1.52611e+13
3.06114e-41
1.55649e+13
3.06114e-41
0
0
0
0
0
0
0
0
0
0
0
0
0
0
0
0
0
0
0
0
0
0
0
0
0
0
0
0
0
0
0
0
0
0
0
0
0
0
0
0
0
0
0
0
0
0
0
0
0
0
0
0
0
0
0
0
0
0
0
0
0
0
0
0
0
0
0
0
0
0
0
0
0
0
0
0
0
0
0
0
0
0
0
0
0
0
0
0
0
0
0
0
0
0
0
0
0
0
0
0
0
0
0
0
0
0
0
0
0
0
0
0
0
0
0
0
0
0
0
0
0
0
0
0
0
0
0
0
0
0
0
0
0
0
0
0
0
0
0
0
0
0
0
0
0
0
0
0
0
0
0
0
0
0
0
0
0
0
0
0
0
0
0
0
0
0
0
0
0
0
0
0
0
0
0
0
0
0
0
0
0
0
0
0
0
0
0
0
0
0
0
0
1.54903e+13
0
0
0
0
0
0
0
1.54928e+13
0
2.8108e+12
0
0
0
0
0
1.54915e+13
0
1.54927e+13
0
0
0
0
0
1.54938e+13
0
1.55051e+13
0
1.27798e-42
0
1.55171e+13
0
1.55658e+13
3.06114e-41
1.31304e+19
1.87298e-41
1.55767e+13
0
2.8108e+12
0
1.55659e+13
3.06114e-41
3.83185e+09
4.51567e+27
7.14569e+31
1.88908e+31
0
0
1.54937e+13
0
1.12104e-43
0
1.07542e+10
3.06114e-41
7.56149e+10
3.06114e-41
7.84727e-44
1.4013e-45
1.4013e-45
1.4013e-45
1.55682e+13
3.06114e-41
1.55389e+13
3.06114e-41
0
0
1.55171e+13
3.06114e-41
2.71852e-43
1.26117e-44
1.19293e-41
0
1.55009e+13
3.06114e-41
2.8108e+12
7.65249e-42
0
0
0
0
1.4013e-45
0
0
0
1.55682e+13
3.06114e-41
1.39149e-42
0
1.52611e+13
3.06114e-41
1.55661e+13
3.06114e-41
0
0
0
0
0
0
0
0
0
0
0
0
0
0
0
0
0
0
0
0
0
0
0
0
0
0
0
0
0
0
0
0
0
0
0
0
0
0
0
0
0
0
0
0
0
0
0
0
0
0
0
0
0
0
0
0
0
0
0
0
0
0
0
0
0
0
0
0
0
0
0
0
0
0
0
0
0
0
0
0
0
0
0
0
0
0
0
0
0
0
0
0
0
0
0
0
0
0
0
0
0
0
0
0
0
0
0
0
0
0
0
0
0
0
0
0
0
0
0
0
0
0
0
0
0
0
0
0
0
0
0
0
0
0
0
0
0
0
0
0
0
0
0
0
0
0
0
0
0
0
0
0
0
0
0
0
0
0
0
0
0
0
0
0
0
0
0
0
0
0
0
0
0
0
0
0
0
0
0
0
0
0
0
0
0
0
0
0
1.54926e+13
0
0
0
0
0
0
0
1.54939e+13
0
2.8108e+12
0
0
0
0
0
1.54926e+13
0
1.54939e+13
0
0
0
0
0
1.54949e+13
0
1.55051e+13
0
0
0
1.55171e+13
0
1.27798e-42
0
4.48416e-44
0
9.6469e+09
3.06114e-41
7.24304e+22
7.53338e-42
1.32283e-42
0
6.72623e-44
0
1.5567e+13
3.06114e-41
3.83185e+09
4.51567e+27
7.14569e+31
1.88908e+31
0
0
1.55767e+13
0
1.54928e+13
0
1.55671e+13
3.06114e-41
1.55684e+13
3.06114e-41
7.84727e-44
1.4013e-45
1.4013e-45
1.4013e-45
1.55694e+13
3.06114e-41
1.55389e+13
3.06114e-41
0
0
1.55171e+13
3.06114e-41
2.73253e-43
1.26117e-44
1.03374e-41
0
1.55009e+13
3.06114e-41
2.8108e+12
7.65249e-42
0
0
0
0
1.4013e-45
0
0
0
1.55694e+13
3.06114e-41
1.39149e-42
0
1.52611e+13
3.06114e-41
1.55672e+13
3.06114e-41
0
0
0
0
0
0
0
0
0
0
0
0
0
0
0
0
0
0
0
0
0
0
0
0
0
0
0
0
0
0
0
0
0
0
0
0
0
0
0
0
0
0
0
0
0
0
0
0
0
0
0
0
0
0
0
0
0
0
0
0
0
0
0
0
0
0
0
0
0
0
0
0
0
0
0
0
0
0
0
0
0
0
0
0
0
0
0
0
0
0
0
0
0
0
0
0
0
0
0
0
0
0
0
0
0
0
0
0
0
0
0
0
0
0
0
0
0
0
0
0
0
0
0
0
0
0
0
0
0
0
0
0
0
0
0
0
0
0
0
0
0
0
0
0
0
0
0
0
0
0
0
0
0
0
0
0
0
0
0
0
0
0
0
0
0
0
0
0
0
0
0
0
0
0
0
0
0
0
0
0
0
0
0
0
1.54937e+13
0
0
0
0
0
0
0
1.54951e+13
0
2.8108e+12
0
0
0
0
0
1.54938e+13
0
1.54951e+13
0
0
0
0
0
1.54961e+13
0
1.55051e+13
0
0
0
1.55171e+13
0
0
0
0
0
1.55767e+13
0
2.8108e+12
0
1.55682e+13
3.06114e-41
9.31857e-39
7.65249e-42
1.32283e-42
0
6.72623e-44
0
7.21588e+10
3.06114e-41
3.83185e+09
4.51567e+27
7.14569e+31
1.88908e+31
1.54939e+13
0
1.47977e-42
0
1.12104e-43
0
1.55683e+13
3.06114e-41
1.55696e+13
3.06114e-41
7.84727e-44
1.4013e-45
1.4013e-45
1.4013e-45
1.55706e+13
3.06114e-41
1.55389e+13
3.06114e-41
0
0
1.55171e+13
3.06114e-41
2.74654e-43
1.26117e-44
8.7455e-42
0
1.55009e+13
3.06114e-41
2.8108e+12
7.65249e-42
0
0
0
0
1.4013e-45
0
0
0
1.55706e+13
3.06114e-41
1.39149e-42
0
1.52611e+13
3.06114e-41
1.55684e+13
3.06114e-41
0
0
0
0
0
0
0
0
0
0
0
0
0
0
0
0
0
0
0
0
0
0
0
0
0
0
0
0
0
0
0
0
0
0
0
0
0
0
0
0
0
0
0
0
0
0
0
0
0
0
0
0
0
0
0
0
0
0
0
0
0
0
0
0
0
0
0
0
0
0
0
0
0
0
0
0
0
0
0
0
0
0
0
0
0
0
0
0
0
0
0
0
0
0
0
0
0
0
0
0
0
0
0
0
0
0
0
0
0
0
0
0
0
0
0
0
0
0
0
0
0
0
0
0
0
0
0
0
0
0
0
0
0
0
0
0
0
0
0
0
0
0
0
0
0
0
0
0
0
0
0
0
0
0
0
0
0
0
0
0
0
0
0
0
0
0
0
0
0
0
0
0
0
0
0
0
0
0
0
0
1.54949e+13
0
1.77511e+28
0
0
0
0
0
1.54963e+13
0
2.8108e+12
0
0
0
0
0
1.5495e+13
0
1.54962e+13
0
0
0
0
0
1.54973e+13
0
1.55051e+13
0
0
0
1.55171e+13
0
0
0
0
0
1.55767e+13
0
2.8108e+12
0
1.27798e-42
0
4.48416e-44
0
1.55694e+13
3.06114e-41
3.02223e+32
1.68156e-43
1.54972e+13
0
6.72623e-44
0
7.23098e+09
3.06114e-41
1.54913e+13
4.51567e+27
7.14569e+31
1.88908e+31
0
0
1.47977e-42
0
1.12104e-43
0
1.55695e+13
3.06114e-41
1.55708e+13
3.06114e-41
7.84727e-44
1.4013e-45
1.4013e-45
1.4013e-45
1.55718e+13
3.06114e-41
1.55389e+13
3.06114e-41
0
0
1.55171e+13
3.06114e-41
2.76056e-43
1.26117e-44
7.15363e-42
0
1.55009e+13
3.06114e-41
2.8108e+12
7.65249e-42
0
0
0
0
1.4013e-45
0
0
0
1.55718e+13
3.06114e-41
1.39149e-42
0
1.52611e+13
3.06114e-41
1.55696e+13
3.06114e-41
0
0
0
0
0
0
0
0
0
0
0
0
0
0
0
0
0
0
0
0
0
0
0
0
0
0
0
0
0
0
0
0
0
0
0
0
0
0
0
0
0
0
0
0
0
0
0
0
0
0
0
0
0
0
0
0
0
0
0
0
0
0
0
0
0
0
0
0
0
0
0
0
0
0
0
0
0
0
0
0
0
0
0
0
0
0
0
0
0
0
0
0
0
0
0
0
0
0
0
0
0
0
0
0
0
0
0
0
0
0
0
0
0
0
0
0
0
0
0
0
0
0
0
0
0
0
0
0
0
0
0
0
0
0
0
0
0
0
0
0
0
0
0
0
0
0
0
0
0
0
0
0
0
0
0
0
0
0
0
0
0
0
0
0
0
0
0
0
0
0
0
0
0
0
0
0
1.54961e+13
0
0
0
0
0
0
0
1.54974e+13
0
2.8108e+12
0
0
0
0
0
1.54961e+13
0
1.54974e+13
0
0
0
0
0
1.54985e+13
0
1.55051e+13
0
0
0
1.55171e+13
0
0
0
0
0
1.55767e+13
0
2.8108e+12
0
0
0
0
0
1.27798e-42
0
4.48416e-44
0
7.21588e+10
3.06114e-41
3.02223e+32
4.79499e-39
1.55767e+13
0
1.54963e+13
0
1.55706e+13
3.06114e-41
3.83185e+09
4.51567e+27
7.14569e+31
1.88908e+31
0
0
1.47977e-42
0
1.12104e-43
0
1.55707e+13
3.06114e-41
1.5572e+13
3.06114e-41
7.84727e-44
1.4013e-45
1.4013e-45
1.4013e-45
1.5573e+13
3.06114e-41
1.55405e+13
3.06114e-41
0
0
1.55171e+13
3.06114e-41
2.77457e-43
1.26117e-44
5.56175e-42
0
1.55009e+13
3.06114e-41
2.8108e+12
7.65249e-42
0
0
0
0
1.4013e-45
0
0
0
1.5573e+13
3.06114e-41
1.36907e-42
0
1.5501e+13
3.06114e-41
1.55572e+13
3.06114e-41
0
0
0
0
0
0
0
0
0
0
0
0
0
0
0
0
0
0
0
0
0
0
0
0
0
0
0
0
0
0
0
0
0
0
0
0
0
0
0
0
0
0
0
0
0
0
0
0
0
0
0
0
0
0
0
0
0
0
0
0
0
0
0
0
0
0
0
0
0
0
0
0
0
0
0
0
0
0
0
0
0
0
0
0
0
0
0
0
0
0
0
0
0
0
0
0
0
0
0
0
0
0
0
0
0
0
0
0
0
0
0
0
0
0
0
0
0
0
0
0
0
0
0
0
0
0
0
0
0
0
0
0
0
0
0
0
0
0
0
0
0
0
0
0
0
0
0
0
0
0
0
0
0
0
0
0
0
0
0
0
0
0
0
0
0
0
0
0
0
0
0
0
1.54973e+13
0
6.94744e+22
4.58281e+30
0
0
0
0
1.54986e+13
0
2.8108e+12
0
0
0
0
0
1.54973e+13
0
1.54986e+13
0
0
0
0
0
1.54996e+13
0
1.55051e+13
0
0
0
1.55171e+13
0
0
0
0
0
1.55767e+13
0
2.8108e+12
0
0
0
0
0
0
0
0
0
1.54996e+13
0
4.48416e-44
0
4.88217e+09
3.06114e-41
7.24304e+22
7.53338e-42
0
0
4.62428e-44
0
1.55732e+13
3.06114e-41
2.8108e+12
7.65249e-42
1.45735e-42
0
1.12104e-43
0
1.55719e+13
3.06114e-41
1.55731e+13
3.06114e-41
7.84727e-44
1.4013e-45
1.4013e-45
1.4013e-45
1.55742e+13
3.06114e-41
1.55405e+13
3.06114e-41
0
0
1.55171e+13
3.06114e-41
2.78858e-43
1.26117e-44
3.9923e-42
0
1.55009e+13
3.06114e-41
2.8108e+12
7.65249e-42
0
0
0
0
1.4013e-45
0
0
0
1.55742e+13
3.06114e-41
1.36907e-42
0
1.5501e+13
3.06114e-41
1.5572e+13
3.06114e-41
0
0
0
0
0
0
0
0
0
0
0
0
0
0
0
0
0
0
0
0
0
0
0
0
0
0
0
0
0
0
0
0
0
0
0
0
0
0
0
0
0
0
0
0
0
0
0
0
0
0
0
0
0
0
0
0
0
0
0
0
0
0
0
0
0
0
0
0
0
0
0
0
0
0
0
0
0
0
0
0
0
0
0
0
0
0
0
0
0
0
0
0
0
0
0
0
0
0
0
0
0
0
0
0
0
0
0
0
0
0
0
0
0
0
0
0
0
0
0
0
0
0
0
0
0
0
0
0
0
0
0
0
0
0
0
0
0
0
0
0
0
0
0
0
0
0
0
0
0
0
0
0
0
0
0
0
0
0
0
0
0
0
0
0
0
0
0
0
0
0
0
0
1.54984e+13
0
0
0
0
0
0
0
1.54998e+13
0
2.8108e+12
0
0
0
0
0
1.54985e+13
0
1.54997e+13
0
0
0
0
0
1.55008e+13
0
1.55051e+13
0
0
0
1.55171e+13
0
0
0
0
0
1.55767e+13
0
2.8108e+12
0
0
0
0
0
0
0
0
0
1.55008e+13
0
4.48416e-44
0
3.65743e+09
3.06114e-41
1.26983e+13
7.65249e-42
0
0
4.62428e-44
0
1.55744e+13
3.06114e-41
2.8108e+12
7.65249e-42
1.45735e-42
0
1.12104e-43
0
1.5573e+13
3.06114e-41
1.55743e+13
3.06114e-41
7.84727e-44
1.4013e-45
1.4013e-45
1.4013e-45
1.55754e+13
3.06114e-41
1.55405e+13
3.06114e-41
0
0
1.55171e+13
3.06114e-41
2.8026e-43
1.26117e-44
2.42285e-42
0
1.55009e+13
3.06114e-41
2.8108e+12
7.65249e-42
0
0
0
0
1.4013e-45
0
0
0
1.55753e+13
3.06114e-41
1.36907e-42
0
1.5501e+13
3.06114e-41
1.55732e+13
3.06114e-41
