2.81127e+12
0
2.81127e+12
0
1.56118e+13
0
1.56118e+13
0
6.72623e-44
0
1.12104e-43
0
31.0645
3.06114e-41
31.0643
3.06114e-41
7.84727e-44
1.4013e-45
1.4013e-45
1.4013e-45
31.0648
3.06114e-41
31.0656
3.06114e-41
0
0
31.0664
3.06114e-41
2.25609e-43
1.26117e-44
1.30503e-41
0
31.0702
3.06114e-41
29.3576
7.65249e-42
0
0
0
0
0
0
0
0
0
0
0
0
0
0
0
0
0
0
0
0
0
0
0
0
0
0
0
0
0
0
0
0
0
0
0
0
0
0
0
0
0
0
0
0
0
0
0
0
0
0
0
0
0
0
0
0
0
0
0
0
0
0
0
0
0
0
0
0
0
0
0
0
0
0
0
0
0
0
0
0
0
0
0
0
0
0
0
0
0
0
0
0
0
0
0
0
0
0
0
0
0
0
0
0
0
0
0
0
0
0
0
0
0
0
0
0
0
0
0
0
0
0
0
0
0
0
0
0
0
0
0
0
0
0
0
0
0
0
0
0
0
0
0
0
0
0
0
0
0
0
0
0
0
0
0
0
0
0
0
0
0
0
0
0
0
0
0
0
0
0
0
0
0
0
0
0
0
0
0
0
0
0
0
0
0
0
0
0
1.27798e-42
0
1.27798e-42
0
0
0
0
0
0
0
0
0
0
0
0
0
0
0
0
0
0
0
0
0
0
0
0
0
0
0
0
0
1.27798e-42
0
4.48416e-44
0
31.0647
3.06114e-41
0
0
0
0
4.62428e-44
0
31.0648
3.06114e-41
29.3576
7.65249e-42
1.36767e-42
0
1.12104e-43
0
31.0647
3.06114e-41
31.0648
3.06114e-41
7.84727e-44
1.4013e-45
1.4013e-45
1.4013e-45
31.0649
3.06114e-41
31.0656
3.06114e-41
0
0
31.0664
3.06114e-41
2.2701e-43
1.26117e-44
1.15705e-41
0
31.0702
3.06114e-41
29.3576
7.65249e-42
0
0
0
0
1.4013e-45
0
0
0
31.0649
3.06114e-41
1.36907e-42
0
31.0702
3.06114e-41
31.0647
3.06114e-41
0
0
0
0
0
0
0
0
0
0
0
0
0
0
0
0
0
0
0
0
0
0
0
0
0
0
0
0
0
0
0
0
0
0
0
0
0
0
0
0
0
0
0
0
0
0
0
0
0
0
0
0
0
0
0
0
0
0
0
0
0
0
0
0
0
0
0
0
0
0
0
0
0
0
0
0
0
0
0
0
0
0
0
0
0
0
0
0
0
0
0
0
0
0
0
0
0
0
0
0
0
0
0
0
0
0
0
0
0
0
0
0
0
0
0
0
0
0
0
0
0
0
0
0
0
0
0
0
0
0
0
0
0
0
0
0
2.55597e-42
0
1.27798e-42
0
0
0
0
0
0
0
0
0
0
0
0
0
0
0
0
0
0
0
0
0
0
0
0
0
0
0
0
0
0
0
0
0
0
0
0
0
0
0
0
0
0
0
0
0
0
0
0
0
0
0
0
0
0
0
0
0
0
0
0
0
0
0
0
0
0
0
0
0
0
0
0
0
0
0
0
0
0
0
0
0
1.27798e-42
0
4.48416e-44
0
31.0648
3.06114e-41
0
0
0
0
4.62428e-44
0
31.0649
3.06114e-41
29.3576
7.65249e-42
1.45735e-42
0
1.12104e-43
0
31.0648
3.06114e-41
31.0649
3.06114e-41
7.84727e-44
1.4013e-45
1.4013e-45
1.4013e-45
31.065
3.06114e-41
31.0656
3.06114e-41
0
0
31.0664
3.06114e-41
2.28412e-43
1.26117e-44
1.00011e-41
0
31.0702
3.06114e-41
29.3576
7.65249e-42
0
0
0
0
1.4013e-45
0
0
0
31.065
3.06114e-41
1.36907e-42
0
31.0702
3.06114e-41
31.0648
3.06114e-41
0
0
0
0
0
0
0
0
0
0
0
0
0
0
0
0
0
0
0
0
0
0
0
0
0
0
0
0
0
0
0
0
0
0
0
0
0
0
0
0
0
0
0
0
0
0
0
0
0
0
0
0
0
0
0
0
0
0
0
0
0
0
0
0
0
0
0
0
0
0
0
0
0
0
0
0
0
0
0
0
0
0
0
0
3.83395e-42
0
1.27798e-42
0
0
0
0
0
0
0
0
0
0
0
0
0
0
0
0
0
0
0
0
0
0
0
0
0
0
0
0
0
0
0
0
0
0
0
0
0
0
0
0
0
0
0
0
0
0
0
0
0
0
0
0
0
0
0
0
0
0
0
0
0
0
0
0
0
0
0
0
0
0
0
0
0
0
0
0
0
0
0
0
0
0
0
0
0
0
0
0
0
0
0
0
0
0
0
0
0
0
0
0
0
0
0
0
0
0
0
0
0
0
0
0
0
0
0
0
0
0
0
0
0
0
0
0
0
0
0
0
0
0
0
0
0
1.27798e-42
0
4.48416e-44
0
31.0649
3.06114e-41
0
0
0
0
4.62428e-44
0
31.065
3.06114e-41
29.3576
7.65249e-42
1.45735e-42
0
1.12104e-43
0
31.0649
3.06114e-41
31.065
3.06114e-41
7.84727e-44
1.4013e-45
1.4013e-45
1.4013e-45
31.065
3.06114e-41
31.0656
3.06114e-41
0
0
31.0664
3.06114e-41
2.29813e-43
1.26117e-44
8.43161e-42
0
31.0702
3.06114e-41
29.3576
7.65249e-42
0
0
0
0
1.4013e-45
0
0
0
31.065
3.06114e-41
1.36907e-42
0
31.0702
3.06114e-41
31.0649
3.06114e-41
0
0
0
0
0
0
0
0
0
0
0
0
0
0
0
0
0
0
0
0
0
0
0
0
0
0
0
0
0
0
0
0
5.11194e-42
0
1.27798e-42
0
0
0
0
0
0
0
0
0
0
0
0
0
0
0
0
0
0
0
0
0
0
0
0
0
0
0
0
0
0
0
0
0
0
0
0
0
0
0
0
0
0
0
0
0
0
0
0
0
0
0
0
0
0
0
0
0
0
0
0
0
0
0
0
0
0
0
0
0
0
0
0
0
0
0
0
0
0
0
0
0
0
0
0
0
0
0
0
0
0
0
0
0
0
0
0
0
0
0
0
0
0
0
0
0
0
0
0
0
0
0
0
0
0
0
0
0
0
0
0
0
0
0
0
0
0
0
0
0
0
0
0
0
0
0
0
0
0
0
0
0
0
0
0
0
0
0
0
0
0
0
0
0
0
0
0
0
0
0
0
0
0
0
0
0
0
0
0
0
0
0
0
0
0
0
0
0
0
0
0
0
0
0
0
0
1.27798e-42
0
4.48416e-44
0
31.065
3.06114e-41
65.7394
1.62551e-43
0
0
4.62428e-44
0
31.065
3.06114e-41
29.3576
7.65249e-42
1.45735e-42
0
1.12104e-43
0
31.065
3.06114e-41
31.065
3.06114e-41
7.84727e-44
1.4013e-45
1.4013e-45
1.4013e-45
31.0651
3.06114e-41
31.0656
3.06114e-41
0
0
31.0664
3.06114e-41
2.31214e-43
1.26117e-44
6.86216e-42
0
31.0702
3.06114e-41
29.3576
7.65249e-42
0
0
0
0
1.4013e-45
0
0
0
31.0651
3.06114e-41
1.36907e-42
0
31.0702
3.06114e-41
31.065
3.06114e-41
0
0
0
0
0
0
0
0
0
0
0
0
0
0
0
0
0
0
0
0
0
0
0
0
0
0
0
0
0
0
0
0
0
0
0
0
0
0
0
0
0
0
0
0
0
0
0
0
0
0
0
0
0
0
0
0
0
0
0
0
0
0
0
0
0
0
0
0
0
0
0
0
0
0
0
0
0
0
0
0
0
0
0
0
0
0
0
0
0
0
0
0
0
0
0
0
0
0
0
0
0
0
0
0
0
0
0
0
0
0
0
0
0
0
0
0
0
0
0
0
0
0
0
0
0
0
0
0
0
0
0
0
0
0
0
0
0
0
0
0
0
0
0
0
0
0
0
0
0
0
0
0
0
0
0
0
0
0
0
0
0
0
0
0
0
0
0
0
0
0
0
0
0
0
0
0
0
0
0
0
0
0
0
0
0
0
0
0
0
0
0
0
0
0
0
0
0
0
0
0
0
0
0
0
0
0
0
0
7.66791e-42
0
1.27798e-42
0
0
0
0
0
0
0
0
0
1.27798e-42
0
4.48416e-44
0
31.065
3.06114e-41
9.95712e-39
0
0
0
4.62428e-44
0
31.0651
3.06114e-41
29.3576
7.65249e-42
1.45735e-42
0
1.12104e-43
0
31.065
3.06114e-41
31.0651
3.06114e-41
7.84727e-44
1.4013e-45
1.4013e-45
1.4013e-45
31.0652
3.06114e-41
31.0656
3.06114e-41
0
0
31.0664
3.06114e-41
2.32616e-43
1.26117e-44
5.2927e-42
0
31.0702
3.06114e-41
29.3576
7.65249e-42
0
0
0
0
1.4013e-45
0
0
0
31.0652
3.06114e-41
1.36907e-42
0
31.0702
3.06114e-41
31.065
3.06114e-41
0
0
0
0
0
0
0
0
0
0
0
0
0
0
0
0
0
0
0
0
0
0
0
0
0
0
0
0
0
0
0
0
0
0
0
0
0
0
0
0
0
0
0
0
0
0
0
0
0
0
0
0
0
0
0
0
0
0
0
0
0
0
0
0
0
0
0
0
0
0
0
0
0
0
0
0
0
0
0
0
0
0
0
0
0
0
0
0
0
0
0
0
0
0
0
0
0
0
0
0
0
0
0
0
0
0
0
0
0
0
0
0
0
0
0
0
0
0
0
0
0
0
0
0
0
0
0
0
0
0
0
0
0
0
0
0
0
0
0
0
0
0
0
0
0
0
0
0
0
0
0
0
0
0
0
0
8.94589e-42
0
1.27798e-42
0
0
0
0
0
0
0
0
0
0
0
0
0
0
0
0
0
0
0
0
0
0
0
0
0
0
0
0
0
0
0
0
0
0
0
0
0
0
0
0
0
0
0
0
0
0
0
0
0
0
0
0
0
0
0
0
0
0
0
0
0
1.27798e-42
0
4.48416e-44
0
31.0651
3.06114e-41
53.2884
71.293
1.06893e-38
0
4.62428e-44
0
31.0652
3.06114e-41
29.3576
7.65249e-42
1.45735e-42
0
1.12104e-43
0
31.0651
3.06114e-41
31.0652
3.06114e-41
7.84727e-44
1.4013e-45
1.4013e-45
1.4013e-45
31.0653
3.06114e-41
31.0656
3.06114e-41
0
0
31.0664
3.06114e-41
2.34017e-43
1.26117e-44
3.72325e-42
0
31.0702
3.06114e-41
29.3576
7.65249e-42
0
0
0
0
1.4013e-45
0
0
0
31.0653
3.06114e-41
1.36907e-42
0
31.0702
3.06114e-41
31.0651
3.06114e-41
0
0
0
0
0
0
0
0
0
0
0
0
0
0
0
0
0
0
0
0
0
0
0
0
0
0
0
0
0
0
0
0
0
0
0
0
0
0
0
0
0
0
0
0
0
0
0
0
0
0
0
0
0
0
0
0
0
0
0
0
0
0
0
0
0
0
0
0
0
0
0
0
0
0
0
0
0
0
0
0
0
0
0
0
0
0
0
0
0
0
0
0
0
0
0
0
0
0
0
0
0
0
0
0
1.02239e-41
0
1.27798e-42
0
0
0
0
0
0
0
0
0
0
0
0
0
0
0
0
0
0
0
0
0
0
0
0
0
0
0
0
0
0
0
0
0
0
0
0
0
0
0
0
0
0
0
0
0
0
0
0
0
0
0
0
0
0
0
0
0
0
0
0
0
0
0
0
0
0
0
0
0
0
0
0
0
0
0
0
0
0
0
0
0
0
0
0
0
0
0
0
0
0
0
0
0
0
0
0
0
0
0
0
0
0
0
0
0
0
0
0
0
0
0
0
0
1.27798e-42
0
4.48416e-44
0
31.0652
3.06114e-41
0
0
0
0
4.62428e-44
0
31.0653
3.06114e-41
29.3576
7.65249e-42
1.45735e-42
0
1.12104e-43
0
31.0652
3.06114e-41
31.0653
3.06114e-41
7.84727e-44
1.4013e-45
1.4013e-45
1.4013e-45
31.0653
3.06114e-41
31.0656
3.06114e-41
0
0
31.0664
3.06114e-41
2.35418e-43
1.26117e-44
2.1538e-42
0
31.0702
3.06114e-41
29.3576
7.65249e-42
0
0
0
0
1.4013e-45
0
0
0
31.0653
3.06114e-41
1.36907e-42
0
31.0702
3.06114e-41
31.0652
3.06114e-41
0
0
0
0
0
0
0
0
0
0
0
0
0
0
0
0
0
0
0
0
0
0
0
0
0
0
0
0
0
0
0
0
0
0
0
0
0
0
0
0
0
0
0
0
0
0
0
0
0
0
0
0
