1.67772e+07
1
1.67772e+07
1
1.16098e+11
1
1.16098e+11
1
1
0
1
0
1.54883e+13
1
1.54851e+13
1
1
1
1
1
1.54926e+13
1
1.55051e+13
1
0
0
1.55171e+13
1
1
1
1
0
1.55767e+13
1
2.8108e+12
1
0
0
0
0
0
0
0
0
0
0
0
0
0
0
0
0
0
0
0
0
0
0
0
0
0
0
0
0
0
0
0
0
0
0
0
0
0
0
0
0
0
0
0
0
0
0
0
0
0
0
0
0
0
0
0
0
0
0
0
0
0
0
0
0
0
0
0
0
0
0
0
0
0
0
0
0
0
0
0
0
0
0
0
0
0
0
0
0
0
0
0
0
0
0
0
0
0
0
0
0
0
0
0
0
0
0
0
0
0
0
0
0
0
0
0
0
0
0
0
0
0
0
0
0
0
0
0
0
0
0
0
0
0
0
0
0
0
0
0
0
0
0
0
0
0
0
0
0
0
0
0
0
0
0
0
0
0
0
0
0
0
0
0
0
0
0
0
0
0
0
0
0
0
0
0
0
0
0
0
0
0
0
0
0
0
0
0
0
1.27798e-42
0
1.27798e-42
0
0
0
0
0
0
0
0
0
0
0
0
0
0
0
0
0
0
0
0
0
0
0
0
0
0
0
0
0
1
0
1
0
1.54903e+13
1
0
0
0
0
1
0
1.54928e+13
1
2.8108e+12
1
1
0
1
0
1.54915e+13
1
1.54927e+13
1
1
1
1
1
1.54938e+13
1
1.55051e+13
1
0
0
1.55171e+13
1
1
1
1
0
1.55767e+13
1
2.8108e+12
1
0
0
0
0
1
0
0
0
1.54937e+13
1
1
0
1.55767e+13
1
1.54916e+13
1
0
0
0
0
0
0
0
0
0
0
0
0
0
0
0
0
0
0
0
0
0
0
0
0
0
0
0
0
0
0
0
0
0
0
0
0
0
0
0
0
0
0
0
0
0
0
0
0
0
0
0
0
0
0
0
0
0
0
0
0
0
0
0
0
0
0
0
0
0
0
0
0
0
0
0
0
0
0
0
0
0
0
0
0
0
0
0
0
0
0
0
0
0
0
0
0
0
0
0
0
0
0
0
0
0
0
0
0
0
0
0
0
0
0
0
0
0
0
0
0
0
0
0
0
0
0
0
0
0
0
0
0
0
0
0
0
2.55597e-42
0
1.27798e-42
0
0
0
0
0
0
0
0
0
0
0
0
0
0
0
0
0
0
0
0
0
0
0
0
0
0
0
0
0
0
0
0
0
0
0
0
0
0
0
0
0
0
0
0
0
0
0
0
0
0
0
0
0
0
0
0
0
0
0
0
0
0
0
0
0
0
0
0
0
0
0
0
0
0
0
0
0
0
0
0
0
1
0
1
0
1.54926e+13
1
0
0
0
0
1
0
1.54939e+13
1
2.8108e+12
1
1
0
1
0
1.54926e+13
1
1.54939e+13
1
1
1
1
1
1.54949e+13
1
1.55051e+13
1
0
0
1.55171e+13
1
1
1
1
0
1.55767e+13
1
2.8108e+12
1
0
0
0
0
1
0
0
0
1.54949e+13
1
1
0
1.55767e+13
1
1.54928e+13
1
0
0
0
0
0
0
0
0
0
0
0
0
0
0
0
0
0
0
0
0
0
0
0
0
0
0
0
0
0
0
0
0
0
0
0
0
0
0
0
0
0
0
0
0
0
0
0
0
0
0
0
0
0
0
0
0
0
0
0
0
0
0
0
0
0
0
0
0
0
0
0
0
0
0
0
0
0
0
0
0
0
0
0
0
3.83395e-42
0
1.27798e-42
0
0
0
0
0
0
0
0
0
0
0
0
0
0
0
0
0
0
0
0
0
0
0
0
0
0
0
0
0
0
0
0
0
0
0
0
0
0
0
0
0
0
0
0
0
0
0
0
0
0
0
0
0
0
0
0
0
0
0
0
0
0
0
0
0
0
0
0
0
0
0
0
0
0
0
0
0
0
0
0
0
0
0
0
0
0
0
0
0
0
0
0
0
0
0
0
0
0
0
0
0
0
0
0
0
0
0
0
0
0
0
0
0
0
0
0
0
0
0
0
0
0
0
0
0
0
0
0
0
0
0
0
0
1
0
1
0
1.54937e+13
1
0
0
0
0
1
0
1.54951e+13
1
2.8108e+12
1
1
0
1
0
1.54938e+13
1
1.54951e+13
1
1
1
1
1
1.54961e+13
1
1.55051e+13
1
0
0
1.55171e+13
1
1
1
1
0
1.55767e+13
1
2.8108e+12
1
0
0
0
0
1
0
0
0
1.54961e+13
1
1
0
1.55767e+13
1
1.54939e+13
1
0
0
0
0
0
0
0
0
0
0
0
0
0
0
0
0
0
0
0
0
0
0
0
0
0
0
0
0
0
0
0
0
5.11194e-42
0
1.27798e-42
0
0
0
0
0
0
0
0
0
0
0
0
0
0
0
0
0
0
0
0
0
0
0
0
0
0
0
0
0
0
0
0
0
0
0
0
0
0
0
0
0
0
0
0
0
0
0
0
0
0
0
0
0
0
0
0
0
0
0
0
0
0
0
0
0
0
0
0
0
0
0
0
0
0
0
0
0
0
0
0
0
0
0
0
0
0
0
0
0
0
0
0
0
0
0
0
0
0
0
0
0
0
0
0
0
0
0
0
0
0
0
0
0
0
0
0
0
0
0
0
0
0
0
0
0
0
0
0
0
0
0
0
0
0
0
0
0
0
0
0
0
0
0
0
0
0
0
0
0
0
0
0
0
0
0
0
0
0
0
0
0
0
0
0
0
0
0
0
0
0
0
0
0
0
0
0
0
0
0
0
0
0
0
0
0
1
0
1
0
1.54949e+13
1
1.77511e+28
1
0
0
1
0
1.54963e+13
1
2.8108e+12
1
1
0
1
0
1.5495e+13
1
1.54962e+13
1
1
1
1
1
1.54973e+13
1
1.55051e+13
1
0
0
1.55171e+13
1
1
1
1
0
1.55767e+13
1
2.8108e+12
1
0
0
0
0
1
0
0
0
1.54972e+13
1
1
0
1.55767e+13
1
1.54951e+13
1
0
0
0
0
0
0
0
0
0
0
0
0
0
0
0
0
0
0
0
0
0
0
0
0
0
0
0
0
0
0
0
0
0
0
0
0
0
0
0
0
0
0
0
0
0
0
0
0
0
0
0
0
0
0
0
0
0
0
0
0
0
0
0
0
0
0
0
0
0
0
0
0
0
0
0
0
0
0
0
0
0
0
0
0
0
0
0
0
0
0
0
0
0
0
0
0
0
0
0
0
0
0
0
0
0
0
0
0
0
0
0
0
0
0
0
0
0
0
0
0
0
0
0
0
0
0
0
0
0
0
0
0
0
0
0
0
0
0
0
0
0
0
0
0
0
0
0
0
0
0
0
0
0
0
0
0
0
0
0
0
0
0
0
0
0
0
0
0
0
0
0
0
0
0
0
0
0
0
0
0
0
0
0
0
0
0
0
0
0
0
0
0
0
0
0
0
0
0
0
0
0
0
0
0
0
0
0
0
7.66791e-42
0
1.27798e-42
0
0
0
0
0
0
0
0
0
1
0
1
0
1.54961e+13
1
1
0
0
0
1
0
1.54974e+13
1
2.8108e+12
1
1
0
1
0
1.54961e+13
1
1.54974e+13
1
1
1
1
1
1.54985e+13
1
1.55051e+13
1
0
0
1.55171e+13
1
1
1
1
0
1.55767e+13
1
2.8108e+12
1
0
0
0
0
1
0
0
0
1.54984e+13
1
1
0
1.55767e+13
1
1.54963e+13
1
0
0
0
0
0
0
0
0
0
0
0
0
0
0
0
0
0
0
0
0
0
0
0
0
0
0
0
0
0
0
0
0
0
0
0
0
0
0
0
0
0
0
0
0
0
0
0
0
0
0
0
0
0
0
0
0
0
0
0
0
0
0
0
0
0
0
0
0
0
0
0
0
0
0
0
0
0
0
0
0
0
0
0
0
0
0
0
0
0
0
0
0
0
0
0
0
0
0
0
0
0
0
0
0
0
0
0
0
0
0
0
0
0
0
0
0
0
0
0
0
0
0
0
0
0
0
0
0
0
0
0
0
0
0
0
0
0
0
0
0
0
0
0
0
0
0
0
0
0
0
0
0
0
0
0
0
8.94589e-42
0
1.27798e-42
0
0
0
0
0
0
0
0
0
0
0
0
0
0
0
0
0
0
0
0
0
0
0
0
0
0
0
0
0
0
0
0
0
0
0
0
0
0
0
0
0
0
0
0
0
0
0
0
0
0
0
0
0
0
0
0
0
0
0
0
0
1
0
1
0
1.54973e+13
1
6.94744e+22
4.58281e+30
1
0
1
0
1.54986e+13
1
2.8108e+12
1
1
0
1
0
1.54973e+13
1
1.54986e+13
1
1
1
1
1
1.54996e+13
1
1.55051e+13
1
0
0
1.55171e+13
1
1
1
1
0
1.55767e+13
1
2.8108e+12
1
0
0
0
0
1
0
0
0
1.54996e+13
1
1
0
1.55767e+13
1
1.54974e+13
1
0
0
0
0
0
0
0
0
0
0
0
0
0
0
0
0
0
0
0
0
0
0
0
0
0
0
0
0
0
0
0
0
0
0
0
0
0
0
0
0
0
0
0
0
0
0
0
0
0
0
0
0
0
0
0
0
0
0
0
0
0
0
0
0
0
0
0
0
0
0
0
0
0
0
0
0
0
0
0
0
0
0
0
0
0
0
0
0
0
0
0
0
0
0
0
0
0
0
0
0
0
0
0
0
1.02239e-41
0
1.27798e-42
0
0
0
0
0
0
0
0
0
0
0
0
0
0
0
0
0
0
0
0
0
0
0
0
0
0
0
0
0
0
0
0
0
0
0
0
0
0
0
0
0
0
0
0
0
0
0
0
0
0
0
0
0
0
0
0
0
0
0
0
0
0
0
0
0
0
0
0
0
0
0
0
0
0
0
0
0
0
0
0
0
0
0
0
0
0
0
0
0
0
0
0
0
0
0
0
0
0
0
0
0
0
0
0
0
0
0
0
0
0
0
0
0
1
0
1
0
1.54984e+13
1
0
0
0
0
1
0
1.54998e+13
1
2.8108e+12
1
1
0
1
0
1.54985e+13
1
1.54997e+13
1
1
1
1
1
1.55008e+13
1
1.55051e+13
1
0
0
1.55171e+13
1
1
1
1
0
1.55767e+13
1
2.8108e+12
1
0
0
0
0
1
0
0
0
1.55008e+13
1
1
0
1.55767e+13
1
1.54986e+13
1
0
0
0
0
0
0
0
0
0
0
0
0
0
0
0
0
0
0
0
0
0
0
0
0
0
0
0
0
0
0
0
0
0
0
0
0
0
0
0
0
0
0
0
0
0
0
0
0
0
0
0
0
