2.76904
2.76597
2.7629
2.75984
2.75677
2.7537
2.75063
2.74756
2.74449
2.74142
2.73835
2.73528
2.73221
2.72914
2.72607
2.723
2.71993
2.71686
2.71379
2.71072
2.70765
2.70459
2.70152
2.69845
2.69538
2.69231
2.68924
2.68617
2.6831
2.68003
2.67696
2.67389
2.67082
2.66775
2.66468
2.66161
2.65854
2.65547
2.6524
2.64933
2.64627
2.6432
2.64013
2.63706
2.63399
2.63092
2.62785
2.62478
2.62171
2.61864
2.61557
2.6125
2.60943
2.60636
2.60329
2.60022
2.59715
2.59408
2.59101
2.58795
2.58488
2.58181
2.57874
2.57567
2.5726
2.56953
2.56646
2.56339
2.56032
2.55725
2.55418
2.55111
2.54804
2.54497
2.5419
2.53883
2.53576
2.5327
2.52963
2.52656
2.52349
2.52042
2.51735
2.51428
2.51121
2.50814
2.50507
2.502
2.49893
2.49586
2.49279
2.48972
2.48665
2.48358
2.48051
2.47744
2.47438
2.47131
2.46824
2.46517
2.4621
2.45903
2.45596
2.45289
2.44982
2.44675
2.44368
2.44061
2.43754
2.43447
2.4314
2.42833
2.42526
2.42219
2.41913
2.41606
2.41299
2.40992
2.40685
2.40378
2.40071
2.39764
2.39457
2.3915
2.38843
2.38536
2.38229
2.37922
2.37615
2.37308
2.37001
2.36694
2.36387
2.36081
2.35774
2.35467
2.3516
2.34853
2.34546
2.34239
2.33932
2.33625
2.33318
2.33011
2.32704
2.32397
2.3209
2.31783
2.31476
2.31169
2.30862
2.30556
2.30249
2.29942
2.29635
2.29328
2.29021
2.28714
2.28407
2.281
2.27793
2.27486
2.27179
2.26872
2.26565
2.26258
2.25951
2.25644
2.25337
2.2503
2.24724
2.24417
2.2411
2.23803
2.23496
2.23189
2.22882
2.22575
2.22268
2.21961
2.21654
2.21347
2.2104
2.20733
2.20426
2.20119
2.19812
2.19505
2.19199
2.18892
2.18585
2.18278
2.17971
2.17664
2.17357
2.1705
2.16743
2.16436
2.16129
2.15822
2.15515
2.15208
2.14901
2.14594
2.14287
2.1398
2.13673
2.13367
2.1306
2.12753
2.12446
2.12139
2.11832
2.11525
2.11218
2.10911
2.10604
2.10297
2.0999
2.09683
2.09376
2.09069
2.08762
2.08455
2.08148
2.07842
2.07535
2.07228
2.06921
2.06614
2.06307
2.06
2.05693
2.05386
2.05079
2.04772
2.04465
2.04158
2.03851
2.03544
2.03237
2.0293
2.02623
2.02316
2.0201
2.01703
2.01396
2.01089
2.00782
2.00475
2.00168
1.99861
1.99554
1.99247
1.9894
1.98633
1.98326
1.98019
1.97712
1.97405
1.97098
1.96791
1.96485
1.96178
1.95871
1.95564
1.95257
1.9495
1.94643
1.94336
1.94029
1.93722
1.93415
1.93108
1.92801
1.92494
1.92187
1.9188
1.91573
1.91266
1.90959
1.90653
1.90346
1.90039
1.89732
1.89425
1.89118
1.88811
1.88504
1.88197
1.8789
1.87583
1.87276
1.86969
1.86662
1.86355
1.86048
1.85741
1.85434
1.85127
1.84821
1.84514
1.84207
1.839
1.83593
1.83286
1.82979
1.82672
1.82365
1.82058
1.81751
1.81444
1.81137
1.8083
1.80523
1.80216
1.79909
1.79602
1.79296
1.78989
1.78682
1.78375
1.78068
1.77761
1.77454
1.77147
1.7684
1.76533
1.76226
1.75919
1.75612
1.75305
1.74998
1.74691
1.74384
1.74077
1.7377
1.73464
1.73157
1.7285
1.72543
1.72236
1.71929
1.71622
1.71315
1.71008
1.70701
1.70394
1.70087
1.6978
1.69473
1.69166
1.68859
1.68552
1.68245
1.67939
1.67632
1.67325
1.67018
1.66711
1.66404
1.66097
1.6579
1.65483
1.65176
1.64869
1.64562
1.64255
1.63948
1.63641
1.63334
1.63027
1.6272
1.62414
1.62107
1.618
1.61493
1.61186
1.60879
1.60572
1.60265
1.59958
1.59651
1.59344
1.59037
1.5873
1.58423
1.58116
1.57809
1.57502
1.57195
1.56888
1.56582
1.56275
1.55968
1.55661
1.55354
1.55047
1.5474
1.54433
1.54126
1.53819
1.53512
1.53205
1.52898
1.52591
1.52284
1.51977
1.5167
1.51363
1.51057
1.5075
1.50443
1.50136
1.49829
1.49522
1.49215
1.48908
1.48601
1.48294
1.47987
1.4768
1.47373
1.47066
1.46759
1.46452
1.46145
1.45838
1.45531
1.45225
1.44918
1.44611
1.44304
1.43997
1.4369
1.43383
1.43076
1.42769
1.42462
1.42155
1.41848
1.41541
1.41234
1.40927
1.4062
1.40313
1.40006
1.39699
1.39393
1.39086
1.38779
1.38472
1.38165
1.37858
1.37551
1.37244
1.36937
1.3663
1.36323
1.36016
1.35709
1.35402
1.35095
1.34788
1.34481
1.34174
1.33868
1.33561
1.33254
1.32947
1.3264
1.32333
1.32026
1.31719
1.31412
1.31105
1.30798
1.30491
1.30184
1.29877
1.2957
1.29263
1.28956
1.28649
1.28342
1.28036
1.27729
1.27422
1.27115
1.26808
1.26501
1.26194
1.25887
1.2558
1.25273
1.24966
1.24659
1.24352
1.24045
1.23738
1.23431
1.23124
1.22817
1.22511
1.22204
1.21897
1.2159
1.21283
1.20976
1.20669
1.20362
1.20055
1.19748
1.19441
1.19134
1.18827
1.1852
1.18213
1.17906
1.17599
1.17292
1.16985
1.16679
1.16372
1.16065
1.15758
1.15451
1.15144
1.14837
1.1453
1.14223
1.13916
1.13609
1.13302
1.12995
1.12688
1.12381
1.12074
1.11767
1.1146
1.11154
1.10847
1.1054
1.10233
1.09926
1.09619
1.09312
1.09005
1.08698
1.08391
1.08084
1.07777
1.0747
1.07163
1.06856
1.06549
1.06242
1.05935
1.05628
1.05322
1.05015
1.04708
1.04401
1.04094
1.03787
1.0348
1.03173
1.02866
1.02559
1.02252
1.01945
1.01638
1.01331
1.01024
1.00717
1.0041
1.00103
0.997965
0.994896
0.991826
0.988757
0.985687
0.982618
0.979548
0.976479
0.973409
0.97034
0.96727
0.964201
0.961132
0.958062
0.954993
0.951923
0.948854
0.945784
0.942715
0.939645
0.936576
0.933506
0.930437
0.927368
0.924298
0.921229
0.918159
0.91509
0.91202
0.908951
0.905881
0.902812
0.899742
0.896673
0.893603
0.890534
0.887465
0.884395
0.881326
0.878256
0.875187
0.872117
0.869048
0.865978
0.862909
0.859839
0.85677
0.8537
0.850631
0.847562
0.844492
0.841423
0.838353
0.835284
0.832214
0.829145
0.826075
0.823006
0.819936
0.816867
0.813798
0.810728
0.807658
0.804589
0.80152
0.79845
0.795381
0.792311
0.789242
0.786172
0.783103
0.780033
0.776964
0.773894
0.770825
0.767756
0.764686
0.761617
0.758547
0.755478
0.752408
0.749339
0.746269
0.7432
0.74013
0.737061
0.733991
0.730922
0.727853
0.724783
0.721714
0.718644
0.715575
0.712505
0.709436
0.706366
0.703297
0.700227
0.697158
0.694089
0.691019
0.68795
0.68488
0.681811
0.678741
0.675672
0.672602
0.669533
0.666463
0.663394
0.660324
0.657255
0.654186
0.651116
0.648047
0.644977
0.641908
0.638838
0.635769
0.632699
0.62963
0.62656
0.623491
0.620421
0.617352
0.614283
0.611213
0.608144
0.605074
0.602005
0.598935
0.595866
0.592796
0.589727
0.586657
0.583588
0.580518
0.577449
0.57438
0.57131
0.568241
0.565171
0.562102
0.559032
0.555963
0.552893
0.549824
0.546754
0.543685
0.540615
0.537546
0.534477
0.531407
0.528338
0.525268
0.522199
0.519129
0.51606
0.51299
0.509921
0.506851
0.503782
0.500713
0.497643
0.494574
0.491504
0.488435
0.485365
0.482296
0.479226
0.476157
0.473087
0.470018
0.466948
0.463879
0.46081
0.45774
0.454671
0.451601
0.448532
0.445462
0.442393
0.439323
0.436254
0.433184
0.430115
0.427045
0.423976
0.420907
0.417837
0.414768
0.411698
0.408629
0.405559
0.40249
0.39942
0.396351
0.393281
0.390212
0.387142
0.384073
0.381004
0.377934
0.374865
0.371795
0.368726
0.365656
0.362587
0.359517
0.356448
0.353378
0.350309
0.347239
0.34417
0.341101
0.338031
0.334962
0.331892
0.328823
0.325753
0.322684
0.319614
0.316545
0.313475
0.310406
0.307337
0.304267
0.301198
0.298128
0.295059
0.291989
0.28892
0.28585
0.282781
0.279711
0.276642
0.273572
0.270503
0.267434
0.264364
0.261295
0.258225
0.255156
0.252086
0.249017
0.245947
0.242878
0.239808
0.236739
0.233669
0.2306
0.227531
0.224461
0.221392
0.218322
0.215253
0.212183
0.209114
0.206044
0.202975
0.199905
0.196836
0.193766
0.190697
0.187628
0.184558
0.181489
0.178419
0.17535
0.17228
0.169211
0.166141
0.163072
0.160002
0.156933
0.153863
0.150794
0.147725
0.144655
0.141586
0.138516
0.135447
0.132377
0.129308
0.126238
0.123169
0.120099
0.11703
0.113961
0.110891
0.107822
0.104752
0.101683
0.0986132
0.0955437
0.0924743
0.0894048
0.0863354
0.0832659
0.0801964
0.077127
0.0740575
0.0709881
0.0679186
0.0648491
0.0617797
0.0587102
0.0556408
0.0525713
0.0495018
0.0464324
0.0433629
0.0402935
0.037224
0.0341545
0.0310851
0.0280156
0.0249462
0.0218767
0.0188072
0.0157378
0.0126683
0.00959885
0.00652939
0.00345993
0.00039047
0.00267899
0.00574845
0.00881791
0.0118874
0.0149568
0.0180263
0.0210958
0.0241652
0.0272347
0.0303041
0.0333736
0.0364431
0.0395125
0.042582
0.0456514
0.0487209
0.0517904
0.0548598
0.0579293
0.0609987
0.0640682
0.0671377
0.0702071
0.0732766
0.076346
0.0794155
0.082485
0.0855544
0.0886239
0.0916933
0.0947628
0.0978323
0.100902
0.103971
0.107041
0.11011
0.11318
0.116249
0.119318
0.122388
0.125457
0.128527
0.131596
0.134666
0.137735
0.140805
0.143874
0.146944
0.150013
0.153083
0.156152
0.159221
0.162291
0.16536
0.16843
0.171499
0.174569
0.177638
0.180708
0.183777
0.186847
0.189916
0.192986
0.196055
0.199124
0.202194
0.205263
0.208333
0.211402
0.214472
0.217541
0.220611
0.22368
0.22675
0.229819
0.232889
0.235958
0.239027
0.242097
0.245166
0.248236
0.251305
0.254375
0.257444
0.260514
0.263583
0.266653
0.269722
0.272792
0.275861
0.27893
0.282
0.285069
0.288139
0.291208
0.294278
0.297347
0.300417
0.303486
0.306556
0.309625
0.312694
0.315764
0.318833
0.321903
0.324972
0.328042
0.331111
0.334181
0.33725
0.34032
0.343389
0.346459
0.349528
0.352597
0.355667
0.358736
0.361806
0.364875
0.367945
0.371014
0.374084
0.377153
0.380223
0.383292
0.386362
0.389431
0.3925
0.39557
0.398639
0.401709
0.404778
0.407848
0.410917
0.413987
0.417056
0.420126
0.423195
0.426265
0.429334
0.432403
0.435473
0.438542
0.441612
0.444681
0.447751
0.45082
0.45389
0.456959
0.460029
0.463098
0.466168
0.469237
0.472306
0.475376
0.478445
0.481515
0.484584
0.487654
0.490723
0.493793
0.496862
0.499932
0.503001
0.50607
0.50914
0.512209
0.515279
0.518348
0.521418
0.524487
0.527557
0.530626
0.533696
0.536765
0.539835
0.542904
0.545973
0.549043
0.552112
0.555182
0.558251
0.561321
0.56439
0.56746
0.570529
0.573599
0.576668
0.579738
0.582807
0.585876
0.588946
0.592015
0.595085
0.598154
0.601224
0.604293
0.607363
0.610432
0.613502
0.616571
0.619641
0.62271
0.625779
0.628849
0.631918
0.634988
0.638057
0.641127
0.644196
0.647266
0.650335
0.653405
0.656474
0.659544
0.662613
0.665682
0.668752
0.671821
0.674891
0.67796
0.68103
0.684099
0.687169
0.690238
0.693308
0.696377
0.699446
0.702516
0.705585
0.708655
0.711724
0.714794
0.717863
0.720933
0.724002
0.727072
0.730141
0.733211
0.73628
0.739349
0.742419
0.745488
0.748558
0.751627
0.754697
0.757766
0.760836
0.763905
0.766975
0.770044
0.773114
0.776183
0.779252
0.782322
0.785391
0.788461
0.79153
0.7946
0.797669
0.800739
0.803808
0.806878
0.809947
0.813017
0.816086
0.819155
0.822225
0.825294
0.828364
0.831433
0.834503
0.837572
0.840642
0.843711
0.846781
0.84985
0.85292
0.855989
0.859058
0.862128
0.865197
0.868267
0.871336
0.874406
0.877475
0.880545
0.883614
0.886684
0.889753
0.892823
0.895892
0.898961
0.902031
0.9051
0.90817
0.911239
0.914309
0.917378
0.920448
0.923517
0.926587
0.929656
0.932725
0.935795
0.938864
0.941934
0.945003
0.948073
0.951142
0.954212
0.957281
0.960351
0.96342
0.96649
0.969559
0.972628
0.975698
0.978767
0.981837
0.984906
0.987976
0.991045
0.994115
0.997184
1.00025
1.00332
1.00639
1.00946
1.01253
1.0156
1.01867
1.02174
1.02481
1.02788
1.03095
1.03402
1.03709
1.04016
1.04323
1.0463
1.04937
1.05243
1.0555
1.05857
1.06164
1.06471
1.06778
1.07085
1.07392
1.07699
1.08006
1.08313
1.0862
1.08927
1.09234
1.09541
1.09848
1.10155
1.10462
1.10768
1.11075
1.11382
1.11689
1.11996
1.12303
1.1261
1.12917
1.13224
1.13531
1.13838
1.14145
1.14452
1.14759
1.15066
1.15373
1.1568
1.15987
1.16294
1.166
1.16907
1.17214
1.17521
1.17828
1.18135
1.18442
1.18749
1.19056
1.19363
1.1967
1.19977
1.20284
1.20591
1.20898
1.21205
1.21512
1.21819
1.22125
1.22432
1.22739
1.23046
1.23353
1.2366
1.23967
1.24274
1.24581
1.24888
1.25195
1.25502
1.25809
1.26116
1.26423
1.2673
1.27037
1.27344
1.2765
1.27957
1.28264
1.28571
1.28878
1.29185
1.29492
1.29799
1.30106
1.30413
1.3072
1.31027
1.31334
1.31641
1.31948
1.32255
1.32562
1.32869
1.33176
1.33482
1.33789
1.34096
1.34403
1.3471
1.35017
1.35324
1.35631
1.35938
1.36245
1.36552
1.36859
1.37166
1.37473
1.3778
1.38087
1.38394
1.38701
1.39008
1.39314
1.39621
1.39928
1.40235
1.40542
1.40849
1.41156
1.41463
1.4177
1.42077
1.42384
1.42691
1.42998
1.43305
1.43612
1.43919
1.44226
1.44533
1.44839
1.45146
1.45453
1.4576
1.46067
1.46374
1.46681
1.46988
1.47295
1.47602
1.47909
1.48216
1.48523
1.4883
1.49137
1.49444
1.49751
1.50058
1.50365
1.50671
1.50978
1.51285
1.51592
1.51899
1.52206
1.52513
1.5282
1.53127
1.53434
1.53741
1.54048
1.54355
1.54662
1.54969
1.55276
1.55583
1.5589
1.56196
1.56503
1.5681
1.57117
1.57424
1.57731
1.58038
1.58345
1.58652
1.58959
1.59266
1.59573
1.5988
1.60187
1.60494
1.60801
1.61108
1.61415
1.61722
1.62028
1.62335
1.62642
1.62949
1.63256
1.63563
1.6387
1.64177
1.64484
1.64791
1.65098
1.65405
1.65712
1.66019
1.66326
1.66633
1.6694
1.67247
1.67553
1.6786
1.68167
1.68474
1.68781
1.69088
1.69395
1.69702
1.70009
1.70316
1.70623
1.7093
1.71237
1.71544
1.71851
1.72158
1.72465
1.72772
1.73079
1.73385
1.73692
1.73999
1.74306
1.74613
1.7492
1.75227
1.75534
1.75841
1.76148
1.76455
1.76762
1.77069
1.77376
1.77683
1.7799
1.78297
1.78604
1.7891
1.79217
1.79524
1.79831
1.80138
1.80445
1.80752
1.81059
1.81366
1.81673
1.8198
1.82287
1.82594
1.82901
1.83208
1.83515
1.83822
1.84129
1.84436
1.84742
1.85049
1.85356
1.85663
1.8597
1.86277
1.86584
1.86891
1.87198
1.87505
1.87812
1.88119
1.88426
1.88733
1.8904
1.89347
1.89654
1.89961
1.90267
1.90574
1.90881
1.91188
1.91495
1.91802
1.92109
1.92416
1.92723
1.9303
1.93337
1.93644
1.93951
1.94258
1.94565
1.94872
1.95179
1.95486
1.95793
1.96099
1.96406
1.96713
1.9702
1.97327
1.97634
1.97941
1.98248
1.98555
1.98862
1.99169
1.99476
1.99783
2.0009
2.00397
2.00704
2.01011
2.01318
2.01625
2.01931
2.02238
2.02545
2.02852
2.03159
2.03466
2.03773
2.0408
2.04387
2.04694
2.05001
2.05308
2.05615
2.05922
2.06229
2.06536
2.06843
2.0715
2.07456
2.07763
2.0807
2.08377
2.08684
2.08991
2.09298
2.09605
2.09912
2.10219
2.10526
2.10833
2.1114
2.11447
2.11754
2.12061
2.12368
2.12675
2.12982
2.13288
2.13595
2.13902
2.14209
2.14516
2.14823
2.1513
2.15437
2.15744
2.16051
2.16358
2.16665
2.16972
2.17279
2.17586
2.17893
2.182
2.18507
2.18813
2.1912
2.19427
2.19734
2.20041
2.20348
2.20655
2.20962
2.21269
2.21576
2.21883
2.2219
2.22497
2.22804
2.23111
2.23418
2.23725
2.24032
2.24339
2.24645
2.24952
2.25259
2.25566
2.25873
2.2618
2.26487
2.26794
2.27101
2.27408
2.27715
2.28022
2.28329
2.28636
2.28943
2.2925
2.29557
2.29864
2.3017
2.30477
2.30784
2.31091
2.31398
2.31705
2.32012
2.32319
2.32626
2.32933
2.3324
2.33547
2.33854
2.34161
2.34468
2.34775
2.35082
2.35389
2.35696
2.36002
2.36309
2.36616
2.36923
2.3723
2.37537
2.37844
2.38151
2.38458
2.38765
2.39072
2.39379
2.39686
2.39993
2.403
2.40607
2.40914
2.41221
2.41527
2.41834
2.42141
2.42448
2.42755
2.43062
2.43369
2.43676
2.43983
2.4429
2.44597
2.44904
2.45211
2.45518
2.45825
2.46132
2.46439
2.46746
2.47053
2.47359
2.47666
2.47973
2.4828
2.48587
2.48894
2.49201
2.49508
2.49815
2.50122
2.50429
2.50736
2.51043
2.5135
2.51657
2.51964
2.52271
2.52578
2.52884
2.53191
2.53498
2.53805
2.54112
2.54419
2.54726
2.55033
2.5534
2.55647
2.55954
2.56261
2.56568
2.56875
2.57182
2.57489
2.57796
2.58103
2.5841
2.58716
2.59023
2.5933
2.59637
2.59944
2.60251
2.60558
2.60865
2.61172
2.61479
2.61786
2.62093
2.624
2.62707
2.63014
2.63321
2.63628
2.63935
2.64242
2.64548
2.64855
2.65162
2.65469
2.65776
2.66083
2.6639
2.66697
2.67004
2.67311
2.67618
2.67925
2.68232
2.68539
2.68846
2.69153
2.6946
2.69767
2.70073
2.7038
2.70687
2.70994
2.71301
2.71608
2.71915
2.72222
2.72529
2.72836
2.73143
2.7345
2.73757
2.74064
2.74371
2.74678
2.74985
2.75292
2.75599
2.75905
2.76212
2.76519
2.76826
2.77133
2.7744
2.77747
2.78054
2.78361
2.78668
2.78975
2.79282
2.79589
2.79896
2.80203
2.8051
2.80817
2.81124
2.8143
2.81737
2.82044
2.82351
2.82658
2.82965
2.83272
2.83579
2.83886
2.84193
2.845
2.84807
2.85114
2.85421
2.85728
2.86035
2.86342
2.86649
2.86955
2.87262
2.87569
2.87876
2.88183
2.8849
2.88797
2.89104
2.89411
2.89718
2.90025
2.90332
2.90639
2.90946
2.91253
2.9156
2.91867
2.92174
2.92481
2.92787
2.93094
2.93401
2.93708
2.94015
2.94322
2.94629
2.94936
2.95243
2.9555
2.95857
2.96164
2.96471
2.96778
2.97085
2.97392
2.97699
2.98006
2.98313
2.98619
2.98926
2.99233
2.9954
2.99847
3.00154
3.00461
3.00768
3.01075
3.01382
3.01689
3.01996
3.02303
3.0261
3.02917
3.03224
3.03531
3.03838
3.04144
3.04451
3.04758
3.05065
3.05372
3.05679
3.05986
3.06293
3.066
3.06907
3.07214
3.07521
3.07828
3.08135
3.08442
3.08749
3.09056
3.09363
3.0967
3.09976
3.10283
3.1059
3.10897
3.11204
3.11511
3.11818
3.12125
3.12432
3.12739
3.13046
3.13353
3.1366
3.13967
3.14274
3.14581
3.14888
3.15195
3.15501
3.15808
3.16115
3.16422
3.16729
3.17036
3.17343
3.1765
3.17957
3.18264
3.18571
3.18878
3.19185
3.19492
3.19799
3.20106
3.20413
3.2072
3.21027
3.21333
3.2164
3.21947
3.22254
3.22561
3.22868
3.23175
3.23482
3.23789
3.24096
3.24403
3.2471
3.25017
3.25324
3.25631
3.25938
3.26245
3.26552
3.26858
3.27165
3.27472
3.27779
3.28086
3.28393
3.287
3.29007
3.29314
3.29621
3.29928
3.30235
3.30542
3.30849
3.31156
3.31463
3.3177
3.32077
3.32384
3.3269
3.32997
3.33304
3.33611
3.33918
3.34225
3.34532
3.34839
3.35146
3.35453
3.3576
3.36067
3.36374
3.36681
3.36988
3.37295
3.37602
3.37909
3.38215
3.38522
3.38829
3.39136
3.39443
3.3975
3.40057
3.40364
3.40671
3.40978
3.41285
3.41592
3.41899
3.42206
3.42513
3.4282
3.43127
3.43434
3.43741
3.44047
3.44354
3.44661
3.44968
3.45275
3.45582
3.45889
3.46196
3.46503
3.4681
3.47117
3.47424
3.47731
3.48038
3.48345
3.48652
3.48959
3.49266
3.49572
3.49879
3.50186
3.50493
3.508
3.51107
3.51414
