inf
inf
inf
inf
inf
inf
inf
inf
inf
3.06114e-41
inf
7.56701e-44
1.54926e+13
3.06114e-41
inf
inf
1.55665e+13
2.98939e-41
inf
4.51567e+27
inf
inf
inf
inf
1.47977e-42
0
1.55214e+13
3.06114e-41
1.5569e+13
3.05988e-41
1.55703e+13
3.06114e-41
inf
inf
inf
7.65109e-42
1.55714e+13
3.06114e-41
1.55432e+13
3.06114e-41
0
0
1.55214e+13
3.06114e-41
2.70451e-43
1.26117e-44
1.35211e-41
0
1.55052e+13
3.06114e-41
2.8108e+12
7.65249e-42
0
0
0
0
1.4013e-45
0
0
0
1.55713e+13
3.06114e-41
1.39149e-42
0
1.52654e+13
3.06114e-41
1.55692e+13
3.06114e-41
0
0
0
0
0
0
0
0
0
0
0
0
0
0
0
0
0
0
0
0
0
0
0
0
0
0
0
0
0
0
0
0
0
0
0
0
0
0
0
0
0
0
0
0
0
0
0
0
0
0
0
0
0
0
0
0
0
0
0
0
0
0
0
0
0
0
0
0
0
0
0
0
0
0
0
0
0
0
0
0
0
0
0
0
0
0
0
0
0
0
0
0
0
0
0
0
0
0
0
0
0
0
0
0
0
0
0
0
0
0
0
0
0
0
0
0
0
0
0
0
0
0
0
0
0
0
0
0
0
0
0
0
0
0
0
0
0
0
0
0
0
0
0
0
0
0
0
0
0
0
0
0
0
0
0
0
0
0
0
0
0
0
0
0
0
0
0
0
0
0
0
0
0
0
0
0
0
0
0
0
0
0
0
0
0
0
0
0
1.27798e-42
0
4.48416e-44
0
inf
3.06114e-41
0
0
0
0
9.60426e-10
0
1.5497e+13
3.06114e-41
2.41446e+22
7.65249e-42
inf
0
inf
0
inf
3.06114e-41
1.87347e+37
3.06114e-41
inf
inf
inf
inf
1.11675e+30
6.12227e-41
3.10188e+13
6.12227e-41
1.27798e-42
0
inf
inf
1.55701e+13
3.05988e-41
inf
1.87298e-41
inf
1.5673e-38
inf
7.65249e-42
1.55701e+13
3.06114e-41
3.83185e+09
4.51567e+27
7.14569e+31
1.88908e+31
0
0
3.0996e+13
3.06114e-41
1.25696e-42
0
inf
inf
inf
0
7.84727e-44
1.4013e-45
1.4013e-45
1.4013e-45
1.55725e+13
3.06114e-41
1.55432e+13
3.06114e-41
0
0
1.55214e+13
3.06114e-41
2.71852e-43
1.26117e-44
1.19293e-41
0
1.55052e+13
3.06114e-41
2.8108e+12
7.65249e-42
0
0
0
0
1.4013e-45
0
0
0
1.55725e+13
3.06114e-41
1.39149e-42
0
1.52654e+13
3.06114e-41
1.55703e+13
3.06114e-41
0
0
0
0
0
0
0
0
0
0
0
0
0
0
0
0
0
0
0
0
0
0
0
0
0
0
0
0
0
0
0
0
0
0
0
0
0
0
0
0
0
0
0
0
0
0
0
0
0
0
0
0
0
0
0
0
0
0
0
0
0
0
0
0
0
0
0
0
0
0
0
0
0
0
0
0
0
0
0
0
0
0
0
0
0
0
0
0
0
0
0
0
0
0
0
0
0
0
0
0
0
0
0
0
0
0
0
0
0
0
0
0
0
0
0
0
0
0
0
0
0
0
0
0
0
0
0
0
0
0
0
0
0
0
0
0
0
0
0
0
0
0
0
0
0
0
0
0
0
0
0
0
0
0
0
0
0
0
0
0
0
0
0
0
0
0
0
0
0
0
0
0
0
0
0
0
0
0
0
0
0
0
0
0
1.27798e-42
0
4.48416e-44
0
inf
3.06114e-41
0
0
0
0
4.62428e-44
0
1.54982e+13
3.06114e-41
2.41446e+22
7.65249e-42
inf
0
inf
0
inf
3.06114e-41
1.87361e+37
3.06114e-41
inf
inf
inf
inf
1.11684e+30
6.12227e-41
3.10188e+13
6.12227e-41
0
0
inf
inf
1.04957e-42
1.26117e-44
inf
0
inf
1.56424e-38
inf
1.1911e-43
1.32283e-42
0
6.72623e-44
0
1.55713e+13
3.06114e-41
3.83185e+09
4.51567e+27
7.14569e+31
1.88908e+31
1.36907e-42
0
inf
inf
inf
3.06114e-41
1.55714e+13
3.06114e-41
1.55727e+13
3.06114e-41
7.84727e-44
1.4013e-45
1.4013e-45
1.4013e-45
1.55737e+13
3.06114e-41
1.55432e+13
3.06114e-41
0
0
1.55214e+13
3.06114e-41
2.73253e-43
1.26117e-44
1.03374e-41
0
1.55052e+13
3.06114e-41
2.8108e+12
7.65249e-42
0
0
0
0
1.4013e-45
0
0
0
1.55737e+13
3.06114e-41
1.39149e-42
0
1.52654e+13
3.06114e-41
1.55715e+13
3.06114e-41
0
0
0
0
0
0
0
0
0
0
0
0
0
0
0
0
0
0
0
0
0
0
0
0
0
0
0
0
0
0
0
0
0
0
0
0
0
0
0
0
0
0
0
0
0
0
0
0
0
0
0
0
0
0
0
0
0
0
0
0
0
0
0
0
0
0
0
0
0
0
0
0
0
0
0
0
0
0
0
0
0
0
0
0
0
0
0
0
0
0
0
0
0
0
0
0
0
0
0
0
0
0
0
0
0
0
0
0
0
0
0
0
0
0
0
0
0
0
0
0
0
0
0
0
0
0
0
0
0
0
0
0
0
0
0
0
0
0
0
0
0
0
0
0
0
0
0
0
0
0
0
0
0
0
0
0
0
0
0
0
0
0
0
0
0
0
0
0
0
0
0
0
0
0
0
0
0
0
0
0
1.27798e-42
0
4.48416e-44
0
inf
3.06114e-41
0
0
0
0
inf
0
1.54994e+13
3.06114e-41
2.41446e+22
7.65249e-42
inf
0
inf
0
inf
3.06114e-41
1.87376e+37
3.06114e-41
inf
inf
inf
inf
1.11692e+30
6.12227e-41
3.10188e+13
6.12227e-41
0
0
inf
inf
2.29813e-43
1.26117e-44
inf
0
inf
1.5673e-38
inf
7.65249e-42
1.55725e+13
3.06114e-41
9.31857e-39
7.65249e-42
1.32142e-42
0
6.72623e-44
0
1.54282e+13
0
3.83185e+09
4.51567e+27
inf
inf
inf
3.06114e-41
1.47977e-42
0
1.12104e-43
0
1.55726e+13
3.06114e-41
1.55739e+13
3.06114e-41
7.84727e-44
1.4013e-45
1.4013e-45
1.4013e-45
1.55749e+13
3.06114e-41
1.55432e+13
3.06114e-41
0
0
1.55214e+13
3.06114e-41
2.74654e-43
1.26117e-44
8.7455e-42
0
1.55052e+13
3.06114e-41
2.8108e+12
7.65249e-42
0
0
0
0
1.4013e-45
0
0
0
1.55749e+13
3.06114e-41
1.39149e-42
0
1.52654e+13
3.06114e-41
1.55727e+13
3.06114e-41
0
0
0
0
0
0
0
0
0
0
0
0
0
0
0
0
0
0
0
0
0
0
0
0
0
0
0
0
0
0
0
0
0
0
0
0
0
0
0
0
0
0
0
0
0
0
0
0
0
0
0
0
0
0
0
0
0
0
0
0
0
0
0
0
0
0
0
0
0
0
0
0
0
0
0
0
0
0
0
0
0
0
0
0
0
0
0
0
0
0
0
0
0
0
0
0
0
0
0
0
0
0
0
0
0
0
0
0
0
0
0
0
0
0
0
0
0
0
0
0
0
0
0
0
0
0
0
0
0
0
0
0
0
0
0
0
0
0
0
0
0
0
0
0
0
0
0
0
0
0
0
0
0
0
0
0
0
0
0
0
0
0
0
0
0
0
0
0
0
0
0
0
0
0
0
0
1.27798e-42
0
4.48416e-44
0
inf
3.06114e-41
7.62404e+37
1.62551e-43
0
0
9.60426e-10
0
1.55006e+13
3.06114e-41
2.41446e+22
7.65249e-42
inf
0
inf
0
inf
3.06114e-41
1.8739e+37
3.06114e-41
inf
inf
inf
inf
1.11701e+30
6.12227e-41
3.10188e+13
6.12227e-41
0
0
inf
inf
2.31214e-43
1.26117e-44
inf
0
inf
1.5673e-38
inf
7.65249e-42
1.27798e-42
0
4.48416e-44
0
1.55737e+13
3.06114e-41
3.02223e+32
1.68156e-43
3.10031e+13
3.06114e-41
1.30181e-42
0
inf
inf
inf
4.51567e+27
7.14569e+31
1.88908e+31
0
0
1.47977e-42
0
1.12104e-43
0
1.55738e+13
3.06114e-41
1.55751e+13
3.06114e-41
7.84727e-44
1.4013e-45
1.4013e-45
1.4013e-45
1.55761e+13
3.06114e-41
1.55432e+13
3.06114e-41
0
0
1.55214e+13
3.06114e-41
2.76056e-43
1.26117e-44
7.15363e-42
0
1.55052e+13
3.06114e-41
2.8108e+12
7.65249e-42
0
0
0
0
1.4013e-45
0
0
0
1.55761e+13
3.06114e-41
1.39149e-42
0
1.52654e+13
3.06114e-41
1.55739e+13
3.06114e-41
0
0
0
0
0
0
0
0
0
0
0
0
0
0
0
0
0
0
0
0
0
0
0
0
0
0
0
0
0
0
0
0
0
0
0
0
0
0
0
0
0
0
0
0
0
0
0
0
0
0
0
0
0
0
0
0
0
0
0
0
0
0
0
0
0
0
0
0
0
0
0
0
0
0
0
0
0
0
0
0
0
0
0
0
0
0
0
0
0
0
0
0
0
0
0
0
0
0
0
0
0
0
0
0
0
0
0
0
0
0
0
0
0
0
0
0
0
0
0
0
0
0
0
0
0
0
0
0
0
0
0
0
0
0
0
0
0
0
0
0
0
0
0
0
0
0
0
0
0
0
0
0
0
0
0
0
0
0
0
0
0
0
0
0
0
0
0
0
0
0
0
0
1.27798e-42
0
4.48416e-44
0
inf
3.06114e-41
4.27655e-29
0
0
0
inf
0
1.55017e+13
3.06114e-41
2.41446e+22
7.65249e-42
inf
0
inf
0
inf
3.06114e-41
1.87404e+37
3.06114e-41
inf
inf
inf
inf
1.11709e+30
6.12227e-41
3.10188e+13
6.12227e-41
0
0
inf
inf
2.32616e-43
1.26117e-44
inf
0
inf
1.5673e-38
inf
7.65249e-42
0
0
0
0
1.27658e-42
0
4.48416e-44
0
1.54306e+13
0
3.02223e+32
4.79499e-39
inf
inf
inf
3.06114e-41
1.55749e+13
3.06114e-41
3.83185e+09
4.51567e+27
7.14569e+31
1.88908e+31
0
0
1.47977e-42
0
1.12104e-43
0
1.5575e+13
3.06114e-41
1.55763e+13
3.06114e-41
7.84727e-44
1.4013e-45
1.4013e-45
1.4013e-45
1.55773e+13
3.06114e-41
1.55448e+13
3.06114e-41
0
0
1.55214e+13
3.06114e-41
2.77457e-43
1.26117e-44
5.56175e-42
0
1.55052e+13
3.06114e-41
2.8108e+12
7.65249e-42
0
0
0
0
1.4013e-45
0
0
0
1.55773e+13
3.06114e-41
1.36907e-42
0
1.55053e+13
3.06114e-41
1.55615e+13
3.06114e-41
0
0
0
0
0
0
0
0
0
0
0
0
0
0
0
0
0
0
0
0
0
0
0
0
0
0
0
0
0
0
0
0
0
0
0
0
0
0
0
0
0
0
0
0
0
0
0
0
0
0
0
0
0
0
0
0
0
0
0
0
0
0
0
0
0
0
0
0
0
0
0
0
0
0
0
0
0
0
0
0
0
0
0
0
0
0
0
0
0
0
0
0
0
0
0
0
0
0
0
0
0
0
0
0
0
0
0
0
0
0
0
0
0
0
0
0
0
0
0
0
0
0
0
0
0
0
0
0
0
0
0
0
0
0
0
0
0
0
0
0
0
0
0
0
0
0
0
0
0
0
0
0
0
0
0
0
0
0
0
0
0
0
0
0
0
0
0
0
1.27798e-42
0
4.48416e-44
0
inf
3.06114e-41
2.9839e+32
4.58281e+30
inf
0
4.62428e-44
0
1.55029e+13
3.06114e-41
2.41446e+22
7.65249e-42
inf
0
inf
0
inf
3.06114e-41
1.87418e+37
3.06114e-41
inf
inf
inf
inf
1.11718e+30
6.12227e-41
3.10188e+13
6.12227e-41
0
0
inf
inf
2.34017e-43
1.26117e-44
inf
0
inf
1.5673e-38
inf
7.65249e-42
0
0
0
0
1.4013e-45
0
0
0
3.10078e+13
3.06114e-41
1.32423e-42
0
inf
inf
inf
2.3078e-41
0
0
4.62428e-44
0
1.55775e+13
3.06114e-41
2.8108e+12
7.65249e-42
1.45735e-42
0
1.12104e-43
0
1.55762e+13
3.06114e-41
1.55774e+13
3.06114e-41
7.84727e-44
1.4013e-45
1.4013e-45
1.4013e-45
1.55785e+13
3.06114e-41
1.55448e+13
3.06114e-41
0
0
1.55214e+13
3.06114e-41
2.78858e-43
1.26117e-44
3.9923e-42
0
1.55052e+13
3.06114e-41
2.8108e+12
7.65249e-42
0
0
0
0
1.4013e-45
0
0
0
1.55785e+13
3.06114e-41
1.36907e-42
0
1.55053e+13
3.06114e-41
1.55763e+13
3.06114e-41
0
0
0
0
0
0
0
0
0
0
0
0
0
0
0
0
0
0
0
0
0
0
0
0
0
0
0
0
0
0
0
0
0
0
0
0
0
0
0
0
0
0
0
0
0
0
0
0
0
0
0
0
0
0
0
0
0
0
0
0
0
0
0
0
0
0
0
0
0
0
0
0
0
0
0
0
0
0
0
0
0
0
0
0
0
0
0
0
0
0
0
0
0
0
0
0
0
0
0
0
0
0
0
0
0
0
0
0
0
0
0
0
0
0
0
0
0
0
0
0
0
0
0
0
0
0
0
0
0
0
0
0
0
0
0
0
0
0
0
0
0
0
0
0
0
0
0
0
0
0
0
0
0
0
0
0
0
0
0
0
0
0
0
0
0
0
0
0
1.27798e-42
0
4.48416e-44
0
inf
3.06114e-41
0
0
0
0
inf
0
inf
3.06114e-41
7.91169e+26
7.65249e-42
inf
0
inf
0
inf
inf
inf
inf
inf
1.4013e-45
1.69407e-21
1.4013e-45
inf
inf
inf
inf
0
0
3.10428e+13
6.12227e-41
inf
inf
inf
0
1.5581e+13
3.06114e-41
inf
inf
0
0
0
0
inf
0
0
0
1.55051e+13
3.06114e-41
1.32423e-42
0
1.55846e+13
0
1.27026e+13
2.29589e-41
0
0
4.62428e-44
0
1.55787e+13
3.06114e-41
2.8108e+12
7.65249e-42
1.45735e-42
0
1.12104e-43
0
1.55773e+13
3.06114e-41
1.55786e+13
3.06114e-41
7.84727e-44
1.4013e-45
1.4013e-45
1.4013e-45
1.55797e+13
3.06114e-41
1.55448e+13
3.06114e-41
0
0
1.55214e+13
3.06114e-41
2.8026e-43
1.26117e-44
2.42285e-42
0
1.55052e+13
3.06114e-41
2.8108e+12
7.65249e-42
0
0
0
0
1.4013e-45
0
0
0
1.55796e+13
3.06114e-41
1.36907e-42
0
1.55053e+13
3.06114e-41
1.55775e+13
3.06114e-41
