11.1762
11.1407
11.1052
11.0699
11.0347
10.9996
10.9647
10.9298
10.895
10.8603
10.8258
10.7913
10.757
10.7227
10.6886
10.6545
10.6206
10.5868
10.553
10.5194
10.4859
10.4525
10.4192
10.3859
10.3528
10.3198
10.2869
10.2541
10.2214
10.1888
10.1562
10.1238
10.0915
10.0593
10.0272
9.99517
9.96324
9.93142
9.89969
9.86806
9.83653
9.80509
9.77374
9.7425
9.71135
9.68029
9.64933
9.61846
9.58769
9.55701
9.52642
9.49593
9.46553
9.43523
9.40501
9.37489
9.34486
9.31492
9.28507
9.25531
9.22565
9.19607
9.16659
9.13719
9.10788
9.07867
9.04954
9.0205
8.99155
8.96269
8.93392
8.90523
8.87663
8.84812
8.81969
8.79135
8.7631
8.73494
8.70686
8.67886
8.65095
8.62313
8.59539
8.56773
8.54016
8.51268
8.48527
8.45795
8.43072
8.40356
8.37649
8.3495
8.3226
8.29577
8.26903
8.24237
8.21579
8.18929
8.16287
8.13653
8.11027
8.0841
8.058
8.03198
8.00604
7.98018
7.95439
7.92869
7.90307
7.87752
7.85205
7.82666
7.80134
7.7761
7.75094
7.72586
7.70085
7.67592
7.65106
7.62628
7.60157
7.57694
7.55239
7.52791
7.5035
7.47917
7.45491
7.43072
7.40661
7.38258
7.35861
7.33472
7.3109
7.28716
7.26348
7.23988
7.21635
7.19289
7.1695
7.14618
7.12293
7.09976
7.07666
7.05362
7.03065
7.00776
6.98493
6.96218
6.93949
6.91687
6.89432
6.87184
6.84943
6.82708
6.8048
6.78259
6.76045
6.73838
6.71637
6.69443
6.67255
6.65074
6.629
6.60733
6.58572
6.56417
6.54269
6.52128
6.49993
6.47864
6.45742
6.43627
6.41518
6.39415
6.37319
6.35228
6.33145
6.31067
6.28996
6.26931
6.24873
6.22821
6.20775
6.18735
6.16701
6.14673
6.12652
6.10637
6.08628
6.06625
6.04628
6.02636
6.00652
5.98673
5.967
5.94733
5.92772
5.90817
5.88867
5.86924
5.84987
5.83055
5.81129
5.7921
5.77296
5.75387
5.73485
5.71588
5.69697
5.67812
5.65932
5.64058
5.6219
5.60328
5.58471
5.56619
5.54774
5.52933
5.51099
5.4927
5.47446
5.45628
5.43816
5.42009
5.40207
5.38411
5.3662
5.34835
5.33055
5.3128
5.29511
5.27747
5.25989
5.24235
5.22487
5.20745
5.19007
5.17275
5.15548
5.13826
5.1211
5.10399
5.08692
5.06991
5.05295
5.03605
5.01919
5.00238
4.98562
4.96892
4.95226
4.93566
4.9191
4.9026
4.88614
4.86974
4.85338
4.83707
4.82082
4.80461
4.78845
4.77234
4.75627
4.74026
4.72429
4.70837
4.6925
4.67668
4.6609
4.64517
4.62949
4.61386
4.59827
4.58273
4.56724
4.55179
4.53639
4.52104
4.50573
4.49047
4.47525
4.46008
4.44495
4.42987
4.41484
4.39985
4.38491
4.37001
4.35515
4.34034
4.32557
4.31085
4.29618
4.28154
4.26695
4.25241
4.23791
4.22345
4.20903
4.19466
4.18033
4.16604
4.1518
4.1376
4.12344
4.10932
4.09525
4.08121
4.06723
4.05328
4.03937
4.02551
4.01168
3.9979
3.98416
3.97046
3.9568
3.94318
3.9296
3.91607
3.90257
3.88911
3.8757
3.86232
3.84899
3.83569
3.82243
3.80921
3.79604
3.7829
3.7698
3.75674
3.74372
3.73073
3.71779
3.70488
3.69202
3.67919
3.6664
3.65364
3.64093
3.62825
3.61561
3.60301
3.59045
3.57792
3.56543
3.55298
3.54056
3.52818
3.51584
3.50354
3.49127
3.47903
3.46684
3.45468
3.44255
3.43047
3.41841
3.4064
3.39442
3.38247
3.37056
3.35869
3.34685
3.33504
3.32327
3.31154
3.29984
3.28817
3.27654
3.26495
3.25338
3.24186
3.23036
3.2189
3.20748
3.19608
3.18472
3.1734
3.16211
3.15085
3.13962
3.12843
3.11727
3.10614
3.09505
3.08399
3.07296
3.06196
3.051
3.04007
3.02917
3.0183
3.00747
2.99666
2.98589
2.97515
2.96444
2.95377
2.94312
2.93251
2.92192
2.91137
2.90085
2.89036
2.8799
2.86947
2.85907
2.8487
2.83837
2.82806
2.81778
2.80753
2.79732
2.78713
2.77697
2.76684
2.75674
2.74667
2.73663
2.72662
2.71664
2.70669
2.69677
2.68687
2.67701
2.66717
2.65736
2.64758
2.63783
2.62811
2.61842
2.60875
2.59911
2.5895
2.57992
2.57037
2.56084
2.55134
2.54187
2.53243
2.52301
2.51362
2.50426
2.49492
2.48561
2.47633
2.46708
2.45785
2.44865
2.43948
2.43033
2.42121
2.41211
2.40304
2.394
2.38499
2.37599
2.36703
2.35809
2.34918
2.34029
2.33143
2.32259
2.31378
2.305
2.29624
2.2875
2.27879
2.2701
2.26144
2.25281
2.2442
2.23561
2.22705
2.21851
2.21
2.20151
2.19305
2.18461
2.17619
2.1678
2.15943
2.15109
2.14277
2.13447
2.1262
2.11795
2.10972
2.10152
2.09334
2.08518
2.07705
2.06894
2.06085
2.05279
2.04475
2.03673
2.02874
2.02076
2.01281
2.00488
1.99698
1.9891
1.98124
1.9734
1.96558
1.95778
1.95001
1.94226
1.93453
1.92683
1.91914
1.91148
1.90383
1.89621
1.88861
1.88103
1.87348
1.86594
1.85843
1.85093
1.84346
1.83601
1.82858
1.82117
1.81378
1.80641
1.79906
1.79173
1.78442
1.77713
1.76987
1.76262
1.75539
1.74819
1.741
1.73383
1.72669
1.71956
1.71245
1.70536
1.69829
1.69124
1.68422
1.67721
1.67021
1.66324
1.65629
1.64936
1.64244
1.63555
1.62867
1.62181
1.61498
1.60816
1.60135
1.59457
1.58781
1.58106
1.57433
1.56763
1.56093
1.55426
1.54761
1.54097
1.53435
1.52775
1.52117
1.51461
1.50806
1.50153
1.49502
1.48853
1.48205
1.47559
1.46915
1.46273
1.45632
1.44993
1.44356
1.4372
1.43086
1.42454
1.41824
1.41195
1.40568
1.39943
1.39319
1.38697
1.38077
1.37458
1.36841
1.36225
1.35612
1.34999
1.34389
1.3378
1.33173
1.32567
1.31963
1.3136
1.30759
1.3016
1.29562
1.28966
1.28371
1.27778
1.27187
1.26597
1.26008
1.25421
1.24836
1.24252
1.2367
1.23089
1.2251
1.21932
1.21356
1.20781
1.20208
1.19636
1.19066
1.18497
1.17929
1.17363
1.16799
1.16236
1.15674
1.15114
1.14555
1.13998
1.13442
1.12888
1.12335
1.11783
1.11233
1.10684
1.10137
1.09591
1.09046
1.08503
1.07961
1.07421
1.06881
1.06344
1.05807
1.05272
1.04738
1.04206
1.03675
1.03145
1.02617
1.0209
1.01564
1.01039
1.00516
0.999942
0.994735
0.989542
0.984362
0.979195
0.97404
0.968898
0.963769
0.958652
0.953547
0.948456
0.943377
0.938309
0.933255
0.928213
0.923183
0.918165
0.913159
0.908166
0.903184
0.898215
0.893257
0.888312
0.883378
0.878456
0.873546
0.868648
0.863761
0.858886
0.854023
0.849171
0.844331
0.839502
0.834684
0.829878
0.825084
0.8203
0.815528
0.810767
0.806017
0.801278
0.796551
0.791834
0.787128
0.782434
0.77775
0.773077
0.768414
0.763763
0.759122
0.754492
0.749872
0.745263
0.740665
0.736077
0.731499
0.726932
0.722376
0.717829
0.713293
0.708767
0.704251
0.699746
0.69525
0.690765
0.68629
0.681824
0.677369
0.672923
0.668487
0.664061
0.659645
0.655239
0.650842
0.646455
0.642077
0.637709
0.633351
0.629002
0.624662
0.620332
0.616012
0.6117
0.607398
0.603105
0.598821
0.594547
0.590281
0.586025
0.581777
0.577539
0.573309
0.569089
0.564877
0.560674
0.55648
0.552295
0.548118
0.54395
0.539791
0.535641
0.531498
0.527365
0.52324
0.519123
0.515015
0.510915
0.506823
0.50274
0.498665
0.494598
0.490539
0.486489
0.482446
0.478412
0.474385
0.470367
0.466356
0.462354
0.458359
0.454372
0.450393
0.446422
0.442458
0.438502
0.434554
0.430613
0.42668
0.422755
0.418837
0.414926
0.411023
0.407127
0.403238
0.399357
0.395483
0.391617
0.387757
0.383905
0.38006
0.376222
0.372391
0.368566
0.364749
0.360939
0.357136
0.35334
0.34955
0.345768
0.341992
0.338223
0.33446
0.330704
0.326955
0.323213
0.319477
0.315747
0.312024
0.308307
0.304597
0.300893
0.297196
0.293505
0.28982
0.286141
0.282469
0.278803
0.275143
0.271489
0.267841
0.264199
0.260563
0.256933
0.253309
0.249691
0.246079
0.242472
0.238872
0.235277
0.231688
0.228104
0.224526
0.220954
0.217388
0.213827
0.210271
0.206721
0.203177
0.199638
0.196104
0.192575
0.189052
0.185535
0.182022
0.178515
0.175013
0.171516
0.168024
0.164537
0.161056
0.157579
0.154108
0.150641
0.147179
0.143722
0.14027
0.136823
0.133381
0.129943
0.126511
0.123082
0.119659
0.11624
0.112826
0.109416
0.106011
0.102611
0.0992146
0.0958229
0.0924357
0.0890527
0.0856742
0.0823
0.0789301
0.0755644
0.072203
0.0688457
0.0654926
0.0621437
0.0587988
0.0554579
0.0521212
0.0487884
0.0454596
0.0421347
0.0388138
0.0354967
0.0321835
0.028874
0.0255684
0.0222665
0.0189683
0.0156738
0.012383
0.00909576
0.00581217
0.00253209
0.000744402
0.00401741
0.00728694
0.0105531
0.0138157
0.017075
0.020331
0.0235836
0.026833
0.0300791
0.0333219
0.0365616
0.0397981
0.0430315
0.0462617
0.0494889
0.052713
0.0559342
0.0591523
0.0623675
0.0655798
0.0687892
0.0719957
0.0751994
0.0784003
0.0815984
0.0847938
0.0879864
0.0911764
0.0943637
0.0975485
0.100731
0.10391
0.107087
0.110262
0.113434
0.116603
0.119771
0.122935
0.126098
0.129258
0.132416
0.135571
0.138725
0.141876
0.145025
0.148172
0.151317
0.154459
0.1576
0.160738
0.163875
0.167009
0.170142
0.173273
0.176402
0.179529
0.182654
0.185777
0.188899
0.192019
0.195137
0.198254
0.201369
0.204482
0.207594
0.210704
0.213813
0.21692
0.220025
0.22313
0.226232
0.229334
0.232434
0.235533
0.23863
0.241727
0.244822
0.247915
0.251008
0.254099
0.25719
0.260279
0.263367
0.266455
0.269541
0.272626
0.27571
0.278794
0.281876
0.284958
0.288039
0.291119
0.294198
0.297276
0.300354
0.303431
0.306508
0.309583
0.312659
0.315733
0.318808
0.321881
0.324954
0.328027
0.331099
0.334171
0.337243
0.340314
0.343385
0.346456
0.349526
0.352596
0.355666
0.358736
0.361806
0.364875
0.367945
0.371014
0.374084
0.377153
0.380223
0.383292
0.386362
0.389432
0.392502
0.395572
0.398642
0.401713
0.404784
0.407855
0.410927
0.413999
0.417071
0.420144
0.423217
0.42629
0.429365
0.432439
0.435514
0.43859
0.441667
0.444744
0.447822
0.4509
0.453979
0.457059
0.46014
0.463222
0.466304
0.469388
0.472472
0.475557
0.478643
0.481731
0.484819
0.487908
0.490998
0.49409
0.497183
0.500276
0.503371
0.506468
0.509565
0.512664
0.515764
0.518865
0.521968
0.525073
0.528178
0.531285
0.534394
0.537504
0.540616
0.543729
0.546844
0.549961
0.553079
0.556199
0.559321
0.562444
0.565569
0.568696
0.571825
0.574956
0.578088
0.581223
0.58436
0.587498
0.590639
0.593781
0.596926
0.600073
0.603222
0.606373
0.609526
0.612682
0.61584
0.619
0.622163
0.625327
0.628495
0.631664
0.634836
0.638011
0.641188
0.644367
0.647549
0.650734
0.653921
0.657112
0.660304
0.6635
0.666698
0.669899
0.673102
0.676309
0.679518
0.68273
0.685946
0.689164
0.692385
0.695609
0.698836
0.702066
0.7053
0.708536
0.711776
0.715019
0.718265
0.721514
0.724767
0.728023
0.731282
0.734545
0.737811
0.741081
0.744354
0.74763
0.75091
0.754194
0.757481
0.760772
0.764066
0.767364
0.770666
0.773972
0.777281
0.780595
0.783912
0.787233
0.790558
0.793886
0.797219
0.800556
0.803897
0.807242
0.810591
0.813944
0.817301
0.820662
0.824028
0.827398
0.830772
0.834151
0.837534
0.840921
0.844313
0.847709
0.851109
0.854514
0.857924
0.861338
0.864757
0.86818
0.871609
0.875041
0.878479
0.881921
0.885368
0.88882
0.892277
0.895739
0.899206
0.902677
0.906154
0.909635
0.913122
0.916614
0.920111
0.923613
0.92712
0.930633
0.93415
0.937673
0.941202
0.944736
0.948275
0.951819
0.955369
0.958925
0.962486
0.966052
0.969624
0.973202
0.976786
0.980375
0.98397
0.98757
0.991177
0.994789
0.998407
1.00203
1.00566
1.0093
1.01294
1.01659
1.02024
1.0239
1.02757
1.03124
1.03492
1.0386
1.04229
1.04599
1.0497
1.05341
1.05712
1.06085
1.06457
1.06831
1.07205
1.0758
1.07956
1.08332
1.08709
1.09087
1.09465
1.09844
1.10223
1.10604
1.10985
1.11366
1.11749
1.12132
1.12516
1.129
1.13286
1.13671
1.14058
1.14446
1.14834
1.15222
1.15612
1.16002
1.16393
1.16785
1.17178
1.17571
1.17965
1.1836
1.18756
1.19152
1.19549
1.19947
1.20346
1.20745
1.21145
1.21546
1.21948
1.22351
1.22754
1.23159
1.23564
1.2397
1.24376
1.24784
1.25192
1.25601
1.26011
1.26422
1.26834
1.27246
1.2766
1.28074
1.28489
1.28905
1.29322
1.29739
1.30158
1.30577
1.30998
1.31419
1.31841
1.32264
1.32688
1.33112
1.33538
1.33964
1.34392
1.3482
1.3525
1.3568
1.36111
1.36543
1.36976
1.3741
1.37845
1.38281
1.38718
1.39155
1.39594
1.40034
1.40474
1.40916
1.41359
1.41802
1.42247
1.42692
1.43139
1.43586
1.44035
1.44484
1.44935
1.45387
1.45839
1.46293
1.46747
1.47203
1.4766
1.48117
1.48576
1.49036
1.49497
1.49959
1.50422
1.50886
1.51351
1.51817
1.52285
1.52753
1.53223
1.53693
1.54165
1.54638
1.55112
1.55587
1.56063
1.5654
1.57018
1.57498
1.57978
1.5846
1.58943
1.59427
1.59912
1.60398
1.60886
1.61375
1.61864
1.62355
1.62848
1.63341
1.63836
1.64331
1.64828
1.65326
1.65826
1.66326
1.66828
1.67331
1.67835
1.68341
1.68847
1.69355
1.69865
1.70375
1.70887
1.714
1.71914
1.72429
1.72946
1.73464
1.73983
1.74504
1.75026
1.75549
1.76074
1.76599
1.77126
1.77655
1.78185
1.78716
1.79248
1.79782
1.80317
1.80853
1.81391
1.8193
1.82471
1.83013
1.83556
1.84101
1.84647
1.85194
1.85743
1.86293
1.86845
1.87398
1.87952
1.88508
1.89065
1.89624
1.90184
1.90746
1.91309
1.91873
1.92439
1.93006
1.93575
1.94146
1.94717
1.95291
1.95866
1.96442
1.9702
1.97599
1.9818
1.98762
1.99346
1.99931
2.00518
2.01107
2.01697
2.02288
2.02881
2.03476
2.04072
2.0467
2.05269
2.0587
2.06473
2.07077
2.07682
2.0829
2.08899
2.09509
2.10121
2.10735
2.11351
2.11968
2.12586
2.13207
2.13829
2.14453
2.15078
2.15705
2.16334
2.16964
2.17596
2.1823
2.18866
2.19503
2.20142
2.20782
2.21425
2.22069
2.22715
2.23362
2.24012
2.24663
2.25316
2.2597
2.26627
2.27285
2.27945
2.28607
2.29271
2.29936
2.30603
2.31272
2.31943
2.32616
2.33291
2.33967
2.34645
2.35325
2.36007
2.36691
2.37377
2.38065
2.38754
2.39445
2.40139
2.40834
2.41531
2.4223
2.42931
2.43634
2.44339
2.45046
2.45755
2.46466
2.47178
2.47893
2.4861
2.49328
2.50049
2.50772
2.51497
2.52223
2.52952
2.53683
2.54416
2.5515
2.55887
2.56626
2.57367
2.58111
2.58856
2.59603
2.60352
2.61104
2.61858
2.62613
2.63371
2.64131
2.64893
2.65657
2.66424
2.67192
2.67963
2.68736
2.69511
2.70288
2.71068
2.71849
2.72633
2.73419
2.74208
2.74998
2.75791
2.76586
2.77383
2.78183
2.78985
2.79789
2.80595
2.81404
2.82215
2.83028
2.83844
2.84662
2.85482
2.86305
2.8713
2.87957
2.88787
2.89619
2.90453
2.9129
2.92129
2.92971
2.93815
2.94661
2.9551
2.96361
2.97215
2.98071
2.9893
2.99791
3.00654
3.0152
3.02389
3.0326
3.04133
3.05009
3.05888
3.06769
3.07653
3.08539
3.09428
3.10319
3.11213
3.12109
3.13008
3.1391
3.14814
3.15721
3.16631
3.17543
3.18458
3.19375
3.20295
3.21218
3.22143
3.23071
3.24002
3.24936
3.25872
3.26811
3.27752
3.28697
3.29644
3.30594
3.31546
3.32502
3.3346
3.34421
3.35385
3.36352
3.37321
3.38293
3.39268
3.40246
3.41227
3.42211
3.43197
3.44187
3.45179
3.46174
3.47172
3.48173
3.49177
3.50184
3.51194
3.52207
3.53223
3.54241
3.55263
3.56288
3.57316
3.58346
3.5938
3.60417
3.61457
3.625
3.63546
3.64595
3.65647
3.66702
3.6776
3.68822
3.69886
3.70954
3.72025
3.73099
3.74176
3.75257
3.7634
3.77427
3.78517
3.7961
3.80706
3.81806
3.82909
3.84015
3.85124
3.86237
3.87353
3.88472
3.89595
3.9072
3.9185
3.92982
3.94118
3.95257
3.964
3.97546
3.98695
3.99848
4.01004
4.02164
4.03327
4.04494
4.05664
4.06837
4.08014
4.09195
4.10379
4.11566
4.12757
4.13952
4.1515
4.16351
4.17556
4.18765
4.19978
4.21194
4.22413
4.23636
4.24863
4.26094
4.27328
4.28566
4.29808
4.31053
4.32302
4.33554
4.34811
4.36071
4.37335
4.38603
4.39874
4.41149
4.42428
4.43711
4.44998
4.46289
4.47583
4.48881
4.50184
4.5149
4.52799
4.54113
4.55431
4.56753
4.58079
4.59408
4.60742
4.6208
4.63421
4.64767
4.66116
4.6747
4.68828
4.7019
4.71556
4.72926
4.743
4.75678
4.7706
4.78447
4.79838
4.81232
4.82631
4.84035
4.85442
4.86854
4.88269
4.8969
4.91114
4.92543
4.93976
4.95413
4.96854
4.983
4.9975
5.01205
5.02664
5.04127
5.05595
5.07067
5.08544
5.10025
5.1151
5.13
5.14495
5.15994
5.17497
5.19005
5.20518
5.22035
5.23556
5.25083
5.26613
5.28149
5.29689
5.31234
5.32783
5.34337
5.35896
5.37459
5.39027
5.406
5.42177
5.4376
5.45347
5.46939
5.48535
5.50137
5.51743
5.53354
5.5497
5.56591
5.58217
5.59848
5.61484
5.63124
5.6477
5.6642
5.68076
5.69736
5.71402
5.73072
5.74748
5.76428
5.78114
5.79805
5.81501
5.83202
5.84908
5.8662
5.88336
5.90058
5.91785
5.93517
5.95255
5.96997
5.98745
6.00498
6.02257
6.04021
6.0579
6.07565
6.09345
6.1113
6.12921
6.14717
6.16518
6.18325
6.20138
6.21956
6.23779
6.25608
6.27443
6.29283
6.31129
6.3298
6.34837
6.367
6.38568
6.40442
6.42322
6.44207
6.46098
6.47995
6.49897
6.51805
6.53719
6.55639
6.57565
6.59496
6.61434
6.63377
6.65326
6.67281
6.69242
6.71209
6.73182
6.75161
6.77146
6.79137
6.81134
6.83137
6.85146
6.87162
6.89183
6.91211
6.93244
6.95284
6.9733
6.99383
7.01441
7.03506
7.05577
7.07655
7.09738
7.11828
7.13925
7.16027
7.18137
7.20252
7.22374
7.24503
7.26638
7.28779
7.30927
7.33081
7.35242
7.3741
7.39584
7.41765
7.43953
7.46147
7.48348
7.50555
7.52769
7.5499
7.57218
7.59452
7.61694
7.63942
7.66197
7.68459
7.70727
7.73003
7.75286
7.77575
7.79872
7.82175
7.84486
7.86803
7.89128
7.9146
7.93798
7.96144
7.98497
8.00858
8.03225
8.056
8.07982
8.10371
8.12767
8.15171
8.17582
8.20001
8.22427
8.2486
8.273
8.29749
8.32204
8.34667
8.37138
8.39616
8.42102
8.44595
8.47095
8.49604
8.5212
8.54644
8.57175
8.59715
8.62262
8.64816
8.67379
8.69949
8.72527
8.75114
8.77708
8.80309
8.82919
8.85537
8.88163
8.90797
8.93439
8.96089
8.98747
9.01413
9.04087
9.06769
9.0946
9.12159
9.14866
9.17581
9.20305
9.23037
9.25777
9.28526
9.31283
9.34048
9.36822
9.39605
9.42396
9.45195
9.48003
9.5082
9.53645
9.56479
9.59321
9.62173
9.65033
9.67901
9.70779
9.73665
9.7656
9.79464
9.82376
9.85298
9.88229
9.91168
9.94117
9.97075
10.0004
10.0302
10.06
10.09
10.12
10.1501
10.1803
10.2106
10.241
10.2715
10.3021
10.3328
10.3636
10.3944
10.4254
10.4564
10.4876
10.5188
10.5502
10.5816
10.6132
10.6448
10.6765
10.7083
10.7403
10.7723
10.8044
10.8366
10.8689
10.9013
10.9339
10.9665
10.9992
11.032
11.0649
11.0979
11.131
11.1643
11.1976
11.231
11.2645
11.2981
11.3319
11.3657
11.3996
11.4337
11.4678
11.5021
11.5364
11.5709
11.6054
11.6401
11.6749
11.7097
11.7447
11.7798
11.815
11.8503
11.8858
11.9213
