2.81127e+12
0
2.81127e+12
0
1.56118e+13
0
1.56118e+13
0
6.72623e-44
0
1.12104e-43
0
4.88741
3.06114e-41
1.9019
3.06114e-41
7.84727e-44
1.4013e-45
1.4013e-45
1.4013e-45
1.23143
3.06114e-41
4.90602
3.06114e-41
0
0
3.32855
3.06114e-41
2.25609e-43
1.26117e-44
1.30503e-41
0
0.769091
3.06114e-41
0.12755
7.65249e-42
0
0
0
0
0
0
0
0
0
0
0
0
0
0
0
0
0
0
0
0
0
0
0
0
0
0
0
0
0
0
0
0
0
0
0
0
0
0
0
0
0
0
0
0
0
0
0
0
0
0
0
0
0
0
0
0
0
0
0
0
0
0
0
0
0
0
0
0
0
0
0
0
0
0
0
0
0
0
0
0
0
0
0
0
0
0
0
0
0
0
0
0
0
0
0
0
0
0
0
0
0
0
0
0
0
0
0
0
0
0
0
0
0
0
0
0
0
0
0
0
0
0
0
0
0
0
0
0
0
0
0
0
0
0
0
0
0
0
0
0
0
0
0
0
0
0
0
0
0
0
0
0
0
0
0
0
0
0
0
0
0
0
0
0
0
0
0
0
0
0
0
0
0
0
0
0
0
0
0
0
0
0
0
0
0
0
0
0
1.27798e-42
0
1.27798e-42
0
0
0
0
0
0
0
0
0
0
0
0
0
0
0
0
0
0
0
0
0
0
0
0
0
0
0
0
0
1.27798e-42
0
4.48416e-44
0
0.442423
3.06114e-41
0
0
0
0
4.62428e-44
0
0.427104
3.06114e-41
0.12755
7.65249e-42
1.36767e-42
0
1.12104e-43
0
0.793179
3.06114e-41
1.16943
3.06114e-41
7.84727e-44
1.4013e-45
1.4013e-45
1.4013e-45
0.736351
3.06114e-41
4.90602
3.06114e-41
0
0
3.32855
3.06114e-41
2.2701e-43
1.26117e-44
1.15705e-41
0
0.769091
3.06114e-41
0.12755
7.65249e-42
0
0
0
0
1.4013e-45
0
0
0
2.25399
3.06114e-41
1.36907e-42
0
0.769091
3.06114e-41
0.7724
3.06114e-41
0
0
0
0
0
0
0
0
0
0
0
0
0
0
0
0
0
0
0
0
0
0
0
0
0
0
0
0
0
0
0
0
0
0
0
0
0
0
0
0
0
0
0
0
0
0
0
0
0
0
0
0
0
0
0
0
0
0
0
0
0
0
0
0
0
0
0
0
0
0
0
0
0
0
0
0
0
0
0
0
0
0
0
0
0
0
0
0
0
0
0
0
0
0
0
0
0
0
0
0
0
0
0
0
0
0
0
0
0
0
0
0
0
0
0
0
0
0
0
0
0
0
0
0
0
0
0
0
0
0
0
0
0
0
0
0
2.55597e-42
0
1.27798e-42
0
0
0
0
0
0
0
0
0
0
0
0
0
0
0
0
0
0
0
0
0
0
0
0
0
0
0
0
0
0
0
0
0
0
0
0
0
0
0
0
0
0
0
0
0
0
0
0
0
0
0
0
0
0
0
0
0
0
0
0
0
0
0
0
0
0
0
0
0
0
0
0
0
0
0
0
0
0
0
0
0
1.27798e-42
0
4.48416e-44
0
0.00522805
3.06114e-41
0
0
0
0
4.62428e-44
0
0.150746
3.06114e-41
0.12755
7.65249e-42
1.45735e-42
0
1.12104e-43
0
4.64806
3.06114e-41
0.697885
3.06114e-41
7.84727e-44
1.4013e-45
1.4013e-45
1.4013e-45
0.400197
3.06114e-41
4.90602
3.06114e-41
0
0
3.32855
3.06114e-41
2.28412e-43
1.26117e-44
1.00011e-41
0
0.769091
3.06114e-41
0.12755
7.65249e-42
0
0
0
0
1.4013e-45
0
0
0
6.0603
3.06114e-41
1.36907e-42
0
0.769091
3.06114e-41
0.427104
3.06114e-41
0
0
0
0
0
0
0
0
0
0
0
0
0
0
0
0
0
0
0
0
0
0
0
0
0
0
0
0
0
0
0
0
0
0
0
0
0
0
0
0
0
0
0
0
0
0
0
0
0
0
0
0
0
0
0
0
0
0
0
0
0
0
0
0
0
0
0
0
0
0
0
0
0
0
0
0
0
0
0
0
0
0
0
0
3.83395e-42
0
1.27798e-42
0
0
0
0
0
0
0
0
0
0
0
0
0
0
0
0
0
0
0
0
0
0
0
0
0
0
0
0
0
0
0
0
0
0
0
0
0
0
0
0
0
0
0
0
0
0
0
0
0
0
0
0
0
0
0
0
0
0
0
0
0
0
0
0
0
0
0
0
0
0
0
0
0
0
0
0
0
0
0
0
0
0
0
0
0
0
0
0
0
0
0
0
0
0
0
0
0
0
0
0
0
0
0
0
0
0
0
0
0
0
0
0
0
0
0
0
0
0
0
0
0
0
0
0
0
0
0
0
0
0
0
0
0
1.27798e-42
0
4.48416e-44
0
0.26523
3.06114e-41
0
0
0
0
4.62428e-44
0
0.104794
3.06114e-41
0.12755
7.65249e-42
1.45735e-42
0
1.12104e-43
0
23.7282
3.06114e-41
0.371015
3.06114e-41
7.84727e-44
1.4013e-45
1.4013e-45
1.4013e-45
0.127325
3.06114e-41
4.90602
3.06114e-41
0
0
3.32855
3.06114e-41
2.29813e-43
1.26117e-44
8.43161e-42
0
0.769091
3.06114e-41
0.12755
7.65249e-42
0
0
0
0
1.4013e-45
0
0
0
11.0198
3.06114e-41
1.36907e-42
0
0.769091
3.06114e-41
0.150746
3.06114e-41
0
0
0
0
0
0
0
0
0
0
0
0
0
0
0
0
0
0
0
0
0
0
0
0
0
0
0
0
0
0
0
0
5.11194e-42
0
1.27798e-42
0
0
0
0
0
0
0
0
0
0
0
0
0
0
0
0
0
0
0
0
0
0
0
0
0
0
0
0
0
0
0
0
0
0
0
0
0
0
0
0
0
0
0
0
0
0
0
0
0
0
0
0
0
0
0
0
0
0
0
0
0
0
0
0
0
0
0
0
0
0
0
0
0
0
0
0
0
0
0
0
0
0
0
0
0
0
0
0
0
0
0
0
0
0
0
0
0
0
0
0
0
0
0
0
0
0
0
0
0
0
0
0
0
0
0
0
0
0
0
0
0
0
0
0
0
0
0
0
0
0
0
0
0
0
0
0
0
0
0
0
0
0
0
0
0
0
0
0
0
0
0
0
0
0
0
0
0
0
0
0
0
0
0
0
0
0
0
0
0
0
0
0
0
0
0
0
0
0
0
0
0
0
0
0
0
1.27798e-42
0
4.48416e-44
0
0.56369
3.06114e-41
0.0437098
1.62551e-43
0
0
4.62428e-44
0
0.374629
3.06114e-41
0.12755
7.65249e-42
1.45735e-42
0
1.12104e-43
0
3.27735
3.06114e-41
0.101588
3.06114e-41
7.84727e-44
1.4013e-45
1.4013e-45
1.4013e-45
0.128082
3.06114e-41
4.90602
3.06114e-41
0
0
3.32855
3.06114e-41
2.31214e-43
1.26117e-44
6.86216e-42
0
0.769091
3.06114e-41
0.12755
7.65249e-42
0
0
0
0
1.4013e-45
0
0
0
2.78674
3.06114e-41
1.36907e-42
0
0.769091
3.06114e-41
0.104794
3.06114e-41
0
0
0
0
0
0
0
0
0
0
0
0
0
0
0
0
0
0
0
0
0
0
0
0
0
0
0
0
0
0
0
0
0
0
0
0
0
0
0
0
0
0
0
0
0
0
0
0
0
0
0
0
0
0
0
0
0
0
0
0
0
0
0
0
0
0
0
0
0
0
0
0
0
0
0
0
0
0
0
0
0
0
0
0
0
0
0
0
0
0
0
0
0
0
0
0
0
0
0
0
0
0
0
0
0
0
0
0
0
0
0
0
0
0
0
0
0
0
0
0
0
0
0
0
0
0
0
0
0
0
0
0
0
0
0
0
0
0
0
0
0
0
0
0
0
0
0
0
0
0
0
0
0
0
0
0
0
0
0
0
0
0
0
0
0
0
0
0
0
0
0
0
0
0
0
0
0
0
0
0
0
0
0
0
0
0
0
0
0
0
0
0
0
0
0
0
0
0
0
0
0
0
0
0
0
0
0
0
7.66791e-42
0
1.27798e-42
0
0
0
0
0
0
0
0
0
1.27798e-42
0
4.48416e-44
0
0.964492
3.06114e-41
9.95712e-39
0
0
0
4.62428e-44
0
0.702614
3.06114e-41
0.12755
7.65249e-42
1.45735e-42
0
1.12104e-43
0
1.63037
3.06114e-41
0.153992
3.06114e-41
7.84727e-44
1.4013e-45
1.4013e-45
1.4013e-45
0.401062
3.06114e-41
4.90602
3.06114e-41
0
0
3.32855
3.06114e-41
2.32616e-43
1.26117e-44
5.2927e-42
0
0.769091
3.06114e-41
0.12755
7.65249e-42
0
0
0
0
1.4013e-45
0
0
0
1.46621
3.06114e-41
1.36907e-42
0
0.769091
3.06114e-41
0.374629
3.06114e-41
0
0
0
0
0
0
0
0
0
0
0
0
0
0
0
0
0
0
0
0
0
0
0
0
0
0
0
0
0
0
0
0
0
0
0
0
0
0
0
0
0
0
0
0
0
0
0
0
0
0
0
0
0
0
0
0
0
0
0
0
0
0
0
0
0
0
0
0
0
0
0
0
0
0
0
0
0
0
0
0
0
0
0
0
0
0
0
0
0
0
0
0
0
0
0
0
0
0
0
0
0
0
0
0
0
0
0
0
0
0
0
0
0
0
0
0
0
0
0
0
0
0
0
0
0
0
0
0
0
0
0
0
0
0
0
0
0
0
0
0
0
0
0
0
0
0
0
0
0
0
0
0
0
0
0
0
8.94589e-42
0
1.27798e-42
0
0
0
0
0
0
0
0
0
0
0
0
0
0
0
0
0
0
0
0
0
0
0
0
0
0
0
0
0
0
0
0
0
0
0
0
0
0
0
0
0
0
0
0
0
0
0
0
0
0
0
0
0
0
0
0
0
0
0
0
0
1.27798e-42
0
4.48416e-44
0
1.6331
3.06114e-41
0.181889
0.111201
1.06893e-38
0
4.62428e-44
0
1.17697
3.06114e-41
0.12755
7.65249e-42
1.45735e-42
0
1.12104e-43
0
0.963055
3.06114e-41
0.430861
3.06114e-41
7.84727e-44
1.4013e-45
1.4013e-45
1.4013e-45
0.737501
3.06114e-41
4.90602
3.06114e-41
0
0
3.32855
3.06114e-41
2.34017e-43
1.26117e-44
3.72325e-42
0
0.769091
3.06114e-41
0.12755
7.65249e-42
0
0
0
0
1.4013e-45
0
0
0
0.873891
3.06114e-41
1.36907e-42
0
0.769091
3.06114e-41
0.702614
3.06114e-41
0
0
0
0
0
0
0
0
0
0
0
0
0
0
0
0
0
0
0
0
0
0
0
0
0
0
0
0
0
0
0
0
0
0
0
0
0
0
0
0
0
0
0
0
0
0
0
0
0
0
0
0
0
0
0
0
0
0
0
0
0
0
0
0
0
0
0
0
0
0
0
0
0
0
0
0
0
0
0
0
0
0
0
0
0
0
0
0
0
0
0
0
0
0
0
0
0
0
0
0
0
0
0
0
1.02239e-41
0
1.27798e-42
0
0
0
0
0
0
0
0
0
0
0
0
0
0
0
0
0
0
0
0
0
0
0
0
0
0
0
0
0
0
0
0
0
0
0
0
0
0
0
0
0
0
0
0
0
0
0
0
0
0
0
0
0
0
0
0
0
0
0
0
0
0
0
0
0
0
0
0
0
0
0
0
0
0
0
0
0
0
0
0
0
0
0
0
0
0
0
0
0
0
0
0
0
0
0
0
0
0
0
0
0
0
0
0
0
0
0
0
0
0
0
0
0
1.27798e-42
0
4.48416e-44
0
3.28612
3.06114e-41
0
0
0
0
4.62428e-44
0
2.06882
3.06114e-41
0.12755
7.65249e-42
1.45735e-42
0
1.12104e-43
0
0.562708
3.06114e-41
0.777479
3.06114e-41
7.84727e-44
1.4013e-45
1.4013e-45
1.4013e-45
1.2333
3.06114e-41
4.90602
3.06114e-41
0
0
3.32855
3.06114e-41
2.35418e-43
1.26117e-44
2.1538e-42
0
0.769091
3.06114e-41
0.12755
7.65249e-42
0
0
0
0
1.4013e-45
0
0
0
0.500652
3.06114e-41
1.36907e-42
0
0.769091
3.06114e-41
1.17697
3.06114e-41
0
0
0
0
0
0
0
0
0
0
0
0
0
0
0
0
0
0
0
0
0
0
0
0
0
0
0
0
0
0
0
0
0
0
0
0
0
0
0
0
0
0
0
0
0
0
0
0
0
0
0
0
