0.623723
0.6237
0.623677
0.623654
0.623631
0.623607
0.623583
0.62356
0.623536
0.623512
0.623488
0.623463
0.623439
0.623414
0.623389
0.623364
0.623339
0.623314
0.623288
0.623263
0.623237
0.623211
0.623185
0.623159
0.623133
0.623106
0.623079
0.623052
0.623025
0.622998
0.622971
0.622943
0.622916
0.622888
0.62286
0.622832
0.622803
0.622775
0.622746
0.622717
0.622688
0.622659
0.622629
0.6226
0.62257
0.62254
0.62251
0.622479
0.622449
0.622418
0.622387
0.622356
0.622325
0.622293
0.622262
0.62223
0.622198
0.622165
0.622133
0.6221
0.622067
0.622034
0.622001
0.621968
0.621934
0.6219
0.621866
0.621832
0.621797
0.621762
0.621728
0.621692
0.621657
0.621621
0.621586
0.62155
0.621513
0.621477
0.62144
0.621403
0.621366
0.621329
0.621291
0.621253
0.621215
0.621177
0.621139
0.6211
0.621061
0.621022
0.620982
0.620943
0.620903
0.620862
0.620822
0.620781
0.62074
0.620699
0.620658
0.620616
0.620574
0.620532
0.620489
0.620447
0.620404
0.620361
0.620317
0.620273
0.620229
0.620185
0.62014
0.620095
0.62005
0.620005
0.619959
0.619913
0.619867
0.619821
0.619774
0.619727
0.619679
0.619632
0.619584
0.619535
0.619487
0.619438
0.619389
0.619339
0.61929
0.61924
0.619189
0.619139
0.619088
0.619036
0.618985
0.618933
0.618881
0.618828
0.618775
0.618722
0.618668
0.618615
0.61856
0.618506
0.618451
0.618396
0.61834
0.618285
0.618228
0.618172
0.618115
0.618058
0.618
0.617942
0.617884
0.617825
0.617766
0.617707
0.617647
0.617587
0.617527
0.617466
0.617405
0.617343
0.617281
0.617219
0.617156
0.617093
0.61703
0.616966
0.616902
0.616837
0.616772
0.616707
0.616641
0.616575
0.616508
0.616441
0.616374
0.616306
0.616238
0.616169
0.6161
0.61603
0.615961
0.61589
0.615819
0.615748
0.615677
0.615605
0.615532
0.615459
0.615386
0.615312
0.615237
0.615163
0.615088
0.615012
0.614936
0.614859
0.614782
0.614705
0.614627
0.614548
0.614469
0.61439
0.61431
0.61423
0.614149
0.614067
0.613985
0.613903
0.61382
0.613737
0.613653
0.613569
0.613484
0.613398
0.613312
0.613226
0.613139
0.613052
0.612963
0.612875
0.612786
0.612696
0.612606
0.612515
0.612424
0.612332
0.61224
0.612147
0.612053
0.611959
0.611865
0.611769
0.611674
0.611577
0.61148
0.611383
0.611284
0.611186
0.611086
0.610986
0.610886
0.610785
0.610683
0.610581
0.610478
0.610374
0.61027
0.610165
0.610059
0.609953
0.609846
0.609739
0.609631
0.609522
0.609413
0.609303
0.609192
0.60908
0.608968
0.608856
0.608742
0.608628
0.608513
0.608398
0.608282
0.608165
0.608047
0.607929
0.60781
0.60769
0.607569
0.607448
0.607326
0.607204
0.60708
0.606956
0.606831
0.606706
0.606579
0.606452
0.606324
0.606195
0.606066
0.605936
0.605805
0.605673
0.60554
0.605407
0.605272
0.605137
0.605001
0.604865
0.604727
0.604589
0.60445
0.60431
0.604169
0.604027
0.603885
0.603741
0.603597
0.603452
0.603306
0.603159
0.603011
0.602863
0.602713
0.602563
0.602411
0.602259
0.602106
0.601952
0.601797
0.601641
0.601484
0.601326
0.601167
0.601008
0.600847
0.600685
0.600523
0.600359
0.600195
0.600029
0.599863
0.599695
0.599527
0.599357
0.599187
0.599015
0.598842
0.598669
0.598494
0.598318
0.598142
0.597964
0.597785
0.597605
0.597424
0.597242
0.597059
0.596874
0.596689
0.596502
0.596315
0.596126
0.595936
0.595745
0.595553
0.59536
0.595165
0.59497
0.594773
0.594575
0.594376
0.594176
0.593974
0.593772
0.593568
0.593363
0.593156
0.592949
0.59274
0.59253
0.592319
0.592106
0.591893
0.591677
0.591461
0.591244
0.591025
0.590804
0.590583
0.59036
0.590136
0.589911
0.589684
0.589456
0.589226
0.588995
0.588763
0.588529
0.588294
0.588058
0.58782
0.587581
0.587341
0.587099
0.586855
0.58661
0.586364
0.586116
0.585867
0.585616
0.585364
0.58511
0.584855
0.584598
0.58434
0.584081
0.583819
0.583557
0.583292
0.583026
0.582759
0.58249
0.582219
0.581947
0.581673
0.581398
0.581121
0.580842
0.580562
0.58028
0.579996
0.579711
0.579424
0.579136
0.578845
0.578553
0.57826
0.577964
0.577667
0.577368
0.577068
0.576765
0.576461
0.576155
0.575847
0.575538
0.575227
0.574914
0.574598
0.574282
0.573963
0.573643
0.57332
0.572996
0.57267
0.572342
0.572012
0.57168
0.571346
0.57101
0.570673
0.570333
0.569991
0.569648
0.569302
0.568955
0.568605
0.568253
0.5679
0.567544
0.567186
0.566826
0.566464
0.5661
0.565734
0.565366
0.564996
0.564623
0.564249
0.563872
0.563493
0.563112
0.562728
0.562343
0.561955
0.561565
0.561173
0.560778
0.560381
0.559982
0.559581
0.559177
0.558771
0.558363
0.557952
0.557539
0.557124
0.556706
0.556286
0.555863
0.555439
0.555011
0.554581
0.554149
0.553714
0.553277
0.552837
0.552395
0.55195
0.551503
0.551053
0.550601
0.550146
0.549689
0.549228
0.548766
0.5483
0.547832
0.547362
0.546888
0.546412
0.545934
0.545452
0.544968
0.544481
0.543992
0.543499
0.543004
0.542506
0.542006
0.541502
0.540996
0.540487
0.539974
0.539459
0.538942
0.538421
0.537897
0.537371
0.536841
0.536308
0.535773
0.535234
0.534693
0.534148
0.533601
0.53305
0.532496
0.53194
0.53138
0.530817
0.530251
0.529681
0.529109
0.528533
0.527954
0.527372
0.526787
0.526199
0.525607
0.525012
0.524414
0.523812
0.523207
0.522599
0.521987
0.521372
0.520754
0.520132
0.519507
0.518878
0.518246
0.517611
0.516972
0.516329
0.515683
0.515034
0.514381
0.513724
0.513064
0.5124
0.511732
0.511061
0.510386
0.509708
0.509026
0.50834
0.507651
0.506957
0.50626
0.50556
0.504855
0.504147
0.503434
0.502718
0.501998
0.501275
0.500547
0.499815
0.49908
0.49834
0.497597
0.49685
0.496098
0.495343
0.494583
0.49382
0.493052
0.492281
0.491505
0.490725
0.489941
0.489153
0.48836
0.487564
0.486763
0.485958
0.485149
0.484335
0.483517
0.482695
0.481869
0.481038
0.480202
0.479363
0.478519
0.47767
0.476818
0.47596
0.475098
0.474232
0.473361
0.472486
0.471606
0.470722
0.469833
0.468939
0.468041
0.467138
0.46623
0.465318
0.464401
0.463479
0.462553
0.461622
0.460686
0.459745
0.458799
0.457849
0.456893
0.455933
0.454968
0.453998
0.453023
0.452043
0.451058
0.450069
0.449074
0.448074
0.447069
0.446059
0.445044
0.444023
0.442998
0.441968
0.440932
0.439891
0.438845
0.437794
0.436737
0.435676
0.434608
0.433536
0.432459
0.431376
0.430287
0.429193
0.428094
0.42699
0.42588
0.424764
0.423643
0.422517
0.421385
0.420247
0.419105
0.417956
0.416802
0.415642
0.414477
0.413306
0.412129
0.410947
0.409759
0.408565
0.407365
0.40616
0.404949
0.403732
0.402509
0.401281
0.400046
0.398806
0.39756
0.396308
0.39505
0.393786
0.392516
0.391241
0.389959
0.388671
0.387377
0.386077
0.384771
0.383459
0.382141
0.380817
0.379486
0.37815
0.376807
0.375458
0.374103
0.372741
0.371374
0.37
0.36862
0.367233
0.36584
0.364441
0.363036
0.361624
0.360206
0.358781
0.35735
0.355913
0.354469
0.353019
0.351562
0.350099
0.348629
0.347153
0.34567
0.34418
0.342684
0.341182
0.339673
0.338157
0.336635
0.335106
0.33357
0.332027
0.330478
0.328923
0.32736
0.325791
0.324215
0.322632
0.321043
0.319447
0.317844
0.316234
0.314617
0.312994
0.311364
0.309726
0.308082
0.306431
0.304773
0.303109
0.301437
0.299758
0.298073
0.29638
0.294681
0.292974
0.291261
0.289541
0.287813
0.286079
0.284337
0.282589
0.280833
0.279071
0.277301
0.275524
0.27374
0.271949
0.270151
0.268346
0.266534
0.264715
0.262888
0.261054
0.259214
0.257366
0.255511
0.253648
0.251779
0.249902
0.248018
0.246127
0.244229
0.242324
0.240411
0.238491
0.236564
0.23463
0.232689
0.23074
0.228784
0.226821
0.224851
0.222873
0.220888
0.218896
0.216897
0.21489
0.212876
0.210855
0.208827
0.206791
0.204748
0.202698
0.200641
0.198576
0.196504
0.194425
0.192339
0.190245
0.188144
0.186036
0.183921
0.181798
0.179668
0.177531
0.175387
0.173235
0.171077
0.168911
0.166737
0.164557
0.16237
0.160175
0.157973
0.155764
0.153547
0.151324
0.149093
0.146856
0.144611
0.142358
0.140099
0.137833
0.135559
0.133279
0.130991
0.128696
0.126395
0.124086
0.12177
0.119447
0.117117
0.11478
0.112436
0.110085
0.107727
0.105362
0.10299
0.100611
0.0982258
0.0958331
0.0934336
0.0910272
0.0886139
0.0861939
0.0837669
0.0813332
0.0788927
0.0764454
0.0739914
0.0715306
0.0690631
0.0665889
0.064108
0.0616205
0.0591263
0.0566255
0.0541181
0.0516041
0.0490836
0.0465566
0.044023
0.0414829
0.0389365
0.0363835
0.0338241
0.0312583
0.0286862
0.0261077
0.0235229
0.0209318
0.0183345
0.0157309
0.0131211
0.0105051
0.00788298
0.00525472
0.00262028
2.01762e-05
0.00266668
0.00531921
0.00797769
0.0106421
0.0133125
0.0159888
0.018671
0.021359
0.0240528
0.0267523
0.0294576
0.0321687
0.0348853
0.0376076
0.0403355
0.043069
0.045808
0.0485525
0.0513025
0.0540578
0.0568186
0.0595848
0.0623563
0.065133
0.067915
0.0707022
0.0734946
0.0762921
0.0790947
0.0819024
0.084715
0.0875327
0.0903552
0.0931827
0.096015
0.0988522
0.101694
0.104541
0.107392
0.110248
0.113109
0.115974
0.118843
0.121717
0.124596
0.127479
0.130366
0.133258
0.136154
0.139054
0.141958
0.144866
0.147778
0.150695
0.153615
0.15654
0.159468
0.1624
0.165335
0.168275
0.171218
0.174165
0.177116
0.18007
0.183027
0.185988
0.188952
0.19192
0.194891
0.197865
0.200842
0.203823
0.206807
0.209793
0.212783
0.215775
0.218771
0.221769
0.22477
0.227774
0.23078
0.23379
0.236801
0.239815
0.242832
0.245851
0.248872
0.251896
0.254922
0.25795
0.26098
0.264012
0.267047
0.270083
0.273121
0.276161
0.279203
0.282247
0.285292
0.288339
0.291387
0.294437
0.297489
0.300541
0.303596
0.306651
0.309708
0.312766
0.315825
0.318885
0.321946
0.325008
0.328071
0.331135
0.3342
0.337265
0.340331
0.343397
0.346464
0.349532
0.3526
0.355669
0.358737
0.361806
0.364875
0.367945
0.371014
0.374084
0.377153
0.380222
0.383292
0.386361
0.389429
0.392498
0.395566
0.398633
0.401701
0.404767
0.407833
0.410898
0.413963
0.417027
0.42009
0.423152
0.426213
0.429273
0.432332
0.43539
0.438447
0.441502
0.444556
0.447609
0.450661
0.453711
0.456759
0.459806
0.462851
0.465895
0.468937
0.471977
0.475015
0.478051
0.481086
0.484118
0.487148
0.490176
0.493202
0.496226
0.499247
0.502266
0.505283
0.508297
0.511308
0.514318
0.517324
0.520328
0.523329
0.526327
0.529323
0.532315
0.535305
0.538291
0.541275
0.544255
0.547233
0.550207
0.553178
0.556146
0.55911
0.562071
0.565028
0.567982
0.570933
0.57388
0.576823
0.579762
0.582698
0.58563
0.588558
0.591483
0.594403
0.597319
0.600232
0.60314
0.606044
0.608944
0.61184
0.614732
0.617619
0.620502
0.62338
0.626255
0.629124
0.631989
0.63485
0.637706
0.640557
0.643404
0.646246
0.649083
0.651915
0.654743
0.657565
0.660383
0.663196
0.666003
0.668806
0.671603
0.674396
0.677183
0.679965
0.682742
0.685513
0.688279
0.69104
0.693796
0.696545
0.69929
0.702029
0.704762
0.70749
0.710213
0.712929
0.71564
0.718346
0.721045
0.723739
0.726427
0.729109
0.731785
0.734456
0.73712
0.739779
0.742431
0.745078
0.747718
0.750353
0.752981
0.755603
0.758219
0.760829
0.763432
0.76603
0.768621
0.771206
0.773784
0.776356
0.778922
0.781481
0.784034
0.786581
0.789121
0.791654
0.794182
0.796702
0.799216
0.801723
0.804224
0.806718
0.809206
0.811687
0.814161
0.816628
0.819089
0.821543
0.823991
0.826431
0.828865
0.831292
0.833712
0.836125
0.838532
0.840931
0.843324
0.845709
0.848088
0.85046
0.852825
0.855183
0.857534
0.859878
0.862215
0.864545
0.866868
0.869184
0.871493
0.873794
0.876089
0.878377
0.880657
0.882931
0.885197
0.887456
0.889708
0.891953
0.894191
0.896422
0.898645
0.900862
0.903071
0.905273
0.907468
0.909655
0.911835
0.914009
0.916175
0.918333
0.920485
0.922629
0.924766
0.926896
0.929019
0.931134
0.933242
0.935343
0.937437
0.939523
0.941602
0.943674
0.945739
0.947796
0.949846
0.951889
0.953925
0.955953
0.957974
0.959988
0.961995
0.963994
0.965986
0.967971
0.969949
0.971919
0.973882
0.975838
0.977787
0.979728
0.981662
0.983589
0.985509
0.987422
0.989327
0.991225
0.993116
0.995
0.996877
0.998746
1.00061
1.00246
1.00431
1.00615
1.00799
1.00981
1.01163
1.01344
1.01525
1.01705
1.01884
1.02062
1.0224
1.02417
1.02593
1.02769
1.02944
1.03118
1.03291
1.03464
1.03636
1.03807
1.03978
1.04148
1.04317
1.04486
1.04654
1.04821
1.04987
1.05153
1.05318
1.05482
1.05646
1.05809
1.05972
1.06133
1.06294
1.06454
1.06614
1.06773
1.06931
1.07089
1.07246
1.07402
1.07558
1.07713
1.07867
1.0802
1.08173
1.08325
1.08477
1.08628
1.08778
1.08928
1.09077
1.09225
1.09373
1.0952
1.09666
1.09812
1.09957
1.10101
1.10245
1.10388
1.1053
1.10672
1.10813
1.10954
1.11094
1.11233
1.11372
1.1151
1.11647
1.11784
1.1192
1.12056
1.1219
1.12325
1.12458
1.12591
1.12724
1.12856
1.12987
1.13118
1.13247
1.13377
1.13506
1.13634
1.13761
1.13888
1.14015
1.14141
1.14266
1.1439
1.14514
1.14638
1.14761
1.14883
1.15005
1.15126
1.15246
1.15366
1.15486
1.15604
1.15723
1.1584
1.15957
1.16074
1.1619
1.16305
1.1642
1.16535
1.16648
1.16761
1.16874
1.16986
1.17098
1.17209
1.17319
1.17429
1.17538
1.17647
1.17756
1.17863
1.17971
1.18077
1.18184
1.18289
1.18394
1.18499
1.18603
1.18707
1.1881
1.18912
1.19014
1.19116
1.19217
1.19317
1.19417
1.19517
1.19616
1.19714
1.19812
1.1991
1.20007
1.20103
1.20199
1.20295
1.2039
1.20484
1.20578
1.20672
1.20765
1.20858
1.2095
1.21042
1.21133
1.21224
1.21314
1.21404
1.21493
1.21582
1.2167
1.21758
1.21846
1.21933
1.2202
1.22106
1.22192
1.22277
1.22362
1.22446
1.2253
1.22614
1.22697
1.22779
1.22862
1.22943
1.23025
1.23106
1.23186
1.23266
1.23346
1.23425
1.23504
1.23582
1.2366
1.23738
1.23815
1.23892
1.23968
1.24044
1.2412
1.24195
1.24269
1.24344
1.24418
1.24491
1.24565
1.24637
1.2471
1.24782
1.24853
1.24924
1.24995
1.25066
1.25136
1.25206
1.25275
1.25344
1.25412
1.25481
1.25548
1.25616
1.25683
1.2575
1.25816
1.25882
1.25948
1.26013
1.26078
1.26143
1.26207
1.26271
1.26334
1.26398
1.26461
1.26523
1.26585
1.26647
1.26709
1.2677
1.26831
1.26891
1.26951
1.27011
1.2707
1.2713
1.27189
1.27247
1.27305
1.27363
1.27421
1.27478
1.27535
1.27591
1.27648
1.27704
1.27759
1.27815
1.2787
1.27925
1.27979
1.28033
1.28087
1.28141
1.28194
1.28247
1.283
1.28352
1.28404
1.28456
1.28507
1.28558
1.28609
1.2866
1.2871
1.2876
1.2881
1.2886
1.28909
1.28958
1.29007
1.29055
1.29103
1.29151
1.29199
1.29246
1.29293
1.2934
1.29386
1.29433
1.29479
1.29524
1.2957
1.29615
1.2966
1.29705
1.29749
1.29794
1.29838
1.29881
1.29925
1.29968
1.30011
1.30054
1.30096
1.30138
1.3018
1.30222
1.30264
1.30305
1.30346
1.30387
1.30428
1.30468
1.30508
1.30548
1.30588
1.30627
1.30666
1.30705
1.30744
1.30783
1.30821
1.30859
1.30897
1.30935
1.30972
1.31009
1.31046
1.31083
1.3112
1.31156
1.31192
1.31228
1.31264
1.313
1.31335
1.3137
1.31405
1.3144
1.31475
1.31509
1.31543
1.31577
1.31611
1.31644
1.31678
1.31711
1.31744
1.31777
1.31809
1.31842
1.31874
1.31906
1.31938
1.3197
1.32001
1.32032
1.32064
1.32095
1.32125
1.32156
1.32186
1.32217
1.32247
1.32277
1.32306
1.32336
1.32365
1.32394
1.32423
1.32452
1.32481
1.32509
1.32538
1.32566
1.32594
1.32622
1.3265
1.32677
1.32705
1.32732
1.32759
1.32786
1.32812
1.32839
1.32865
1.32892
1.32918
1.32944
1.3297
1.32995
1.33021
1.33046
1.33071
1.33096
1.33121
1.33146
1.33171
1.33195
1.3322
1.33244
1.33268
1.33292
1.33316
1.33339
1.33363
1.33386
1.33409
1.33432
1.33455
1.33478
1.33501
1.33523
1.33546
1.33568
1.3359
1.33612
1.33634
1.33656
1.33678
1.33699
1.3372
1.33742
1.33763
1.33784
1.33805
1.33825
1.33846
1.33867
1.33887
1.33907
1.33927
1.33947
1.33967
1.33987
1.34007
1.34026
1.34046
1.34065
1.34084
1.34103
1.34122
1.34141
1.3416
1.34179
1.34197
1.34216
1.34234
1.34252
1.3427
1.34288
1.34306
1.34324
1.34342
1.34359
1.34377
1.34394
1.34411
1.34428
1.34446
1.34462
1.34479
1.34496
1.34513
1.34529
1.34546
1.34562
1.34578
1.34595
1.34611
1.34627
1.34642
1.34658
1.34674
1.34689
1.34705
1.3472
1.34736
1.34751
1.34766
1.34781
1.34796
1.34811
1.34826
1.3484
1.34855
1.3487
1.34884
1.34898
1.34913
1.34927
1.34941
1.34955
1.34969
1.34983
1.34996
1.3501
1.35024
1.35037
1.3505
1.35064
1.35077
1.3509
1.35103
1.35116
1.35129
1.35142
1.35155
1.35168
1.3518
1.35193
1.35205
1.35218
1.3523
1.35242
1.35255
1.35267
1.35279
1.35291
1.35303
1.35315
1.35326
1.35338
1.3535
1.35361
1.35373
1.35384
1.35395
1.35407
1.35418
1.35429
1.3544
1.35451
1.35462
1.35473
1.35484
1.35494
1.35505
1.35516
1.35526
1.35537
1.35547
1.35558
1.35568
1.35578
1.35588
1.35598
1.35608
1.35618
1.35628
1.35638
1.35648
1.35658
1.35668
1.35677
1.35687
1.35696
1.35706
1.35715
1.35724
1.35734
1.35743
1.35752
1.35761
1.3577
1.35779
1.35788
1.35797
1.35806
1.35815
1.35824
1.35832
1.35841
1.3585
1.35858
1.35867
1.35875
1.35883
1.35892
1.359
1.35908
1.35917
1.35925
1.35933
1.35941
1.35949
1.35957
1.35965
1.35972
1.3598
1.35988
1.35996
1.36003
1.36011
1.36019
1.36026
1.36034
1.36041
1.36048
1.36056
1.36063
1.3607
1.36077
1.36085
1.36092
1.36099
1.36106
1.36113
1.3612
1.36127
1.36134
1.3614
1.36147
1.36154
1.36161
1.36167
1.36174
1.3618
1.36187
1.36194
1.362
1.36206
1.36213
1.36219
1.36225
1.36232
1.36238
1.36244
1.3625
1.36256
1.36262
1.36269
1.36275
1.36281
1.36286
1.36292
1.36298
1.36304
1.3631
1.36316
1.36321
1.36327
1.36333
1.36338
1.36344
1.36349
1.36355
1.3636
1.36366
1.36371
1.36377
1.36382
1.36387
1.36393
1.36398
1.36403
1.36408
1.36413
1.36419
1.36424
1.36429
1.36434
1.36439
1.36444
1.36449
1.36454
1.36458
1.36463
1.36468
1.36473
1.36478
1.36482
1.36487
1.36492
1.36497
1.36501
1.36506
1.3651
1.36515
1.36519
1.36524
1.36528
1.36533
1.36537
1.36542
1.36546
1.3655
1.36554
1.36559
1.36563
1.36567
1.36571
1.36576
1.3658
1.36584
1.36588
1.36592
1.36596
1.366
1.36604
1.36608
1.36612
1.36616
1.3662
1.36624
1.36628
1.36631
1.36635
1.36639
1.36643
1.36646
1.3665
1.36654
1.36658
1.36661
1.36665
1.36668
1.36672
1.36676
1.36679
1.36683
1.36686
1.3669
1.36693
1.36696
1.367
1.36703
1.36707
1.3671
1.36713
1.36717
1.3672
1.36723
1.36726
1.3673
1.36733
1.36736
1.36739
1.36742
1.36745
1.36749
1.36752
1.36755
1.36758
1.36761
1.36764
1.36767
1.3677
1.36773
1.36776
1.36779
1.36782
1.36784
1.36787
1.3679
1.36793
1.36796
1.36799
1.36801
1.36804
1.36807
1.3681
1.36812
1.36815
1.36818
1.3682
1.36823
1.36826
1.36828
1.36831
1.36834
1.36836
1.36839
1.36841
1.36844
1.36846
1.36849
1.36851
1.36854
1.36856
1.36859
1.36861
1.36863
1.36866
1.36868
1.36871
1.36873
1.36875
1.36878
1.3688
1.36882
