9.92298
9.59206
9.55415
9.5489
9.5551
9.55701
9.56202
9.56917
9.56798
9.55009
9.55582
9.57394
9.55105
9.56798
9.54986
9.56893
9.55391
9.56202
9.56607
9.56011
9.58395
9.54795
9.57799
9.57489
9.56202
9.5439
9.58705
9.56988
9.55582
9.56106
9.56297
9.56702
9.5551
9.57322
9.57203
9.56702
9.552
9.56488
9.55987
9.56202
9.56607
9.55892
9.57012
9.56011
9.55081
9.56202
9.56011
9.55296
9.54604
9.55796
9.56392
9.56011
9.56082
9.56583
9.57417
9.55796
9.55105
9.552
9.56178
9.57012
9.55701
9.55796
9.55582
9.55701
9.56297
9.56011
9.56202
9.57799
9.55796
9.55296
9.58514
9.55892
9.56511
9.55915
9.5551
9.547
9.56202
9.55796
9.56392
9.54509
9.54914
9.5551
9.57203
9.54604
9.55892
9.55606
9.53794
9.56607
9.552
9.55486
9.56202
9.56297
9.55796
9.54413
9.57608
9.55915
9.56511
9.55987
9.56297
9.57203
9.58395
9.56416
9.552
9.55296
9.55987
9.56011
9.55987
9.54485
9.55796
9.55796
9.56678
9.55796
9.56392
9.57108
9.55892
9.56607
9.55415
9.5551
9.56893
9.58014
9.5551
9.56178
9.56106
9.56511
9.56106
9.55009
9.56488
9.56392
9.55105
9.54795
9.56392
9.5489
9.54986
9.55009
9.56297
9.56297
9.55701
9.55892
9.54819
9.55915
9.55915
9.56798
9.56202
9.57298
9.54485
9.55296
9.55582
9.54485
9.56202
9.59015
9.583
9.55796
9.57084
9.57108
9.54819
9.56798
9.5911
9.53889
9.55081
9.55391
9.55606
9.58705
9.57799
9.57322
9.55391
9.56821
9.54008
9.58419
9.55796
9.57298
9.56082
9.42302
9.56297
9.5551
9.56297
9.55296
9.54103
9.57584
9.55987
9.54485
9.56082
9.5861
9.55296
9.55105
9.56893
9.5489
9.54199
9.5551
9.55296
9.56416
9.54509
9.57203
9.55391
9.57298
9.55105
9.58014
9.56321
9.5551
9.56511
9.5551
9.57584
9.54795
9.57513
9.55176
9.547
9.55319
9.56106
9.54604
9.56988
9.55105
9.56583
9.55296
9.56511
9.55415
9.56583
9.56988
9.56297
9.56607
9.55987
9.55486
9.57203
9.55915
9.5551
9.56082
9.54103
9.55009
9.56583
9.56106
9.57584
9.56583
9.57799
9.55892
9.57394
9.55391
9.55701
9.55391
9.547
9.547
9.57203
9.57108
9.56798
9.54509
9.5551
9.55105
9.57298
9.55606
9.55296
9.55892
9.55796
9.56202
9.56297
9.55892
9.55796
9.54819
9.55606
9.55319
9.56297
9.56702
9.55105
9.56511
9.54413
9.55415
9.55296
9.547
9.54914
9.56798
9.56583
9.55391
9.56321
9.53698
9.547
9.55606
9.53913
9.57513
9.54103
9.54294
9.56702
9.55796
9.56297
9.56106
9.55606
9.56488
9.55105
9.56893
9.55701
9.57799
9.55796
9.54294
9.5551
9.56202
9.56988
9.56297
9.56798
9.55606
9.57704
9.56893
9.54819
9.55415
9.55892
9.55319
9.55105
9.55701
9.57108
9.54103
9.5489
9.56297
9.55796
9.547
9.55796
9.5458
9.53913
9.552
9.54008
9.56082
9.5439
9.56988
9.5439
9.56488
9.56392
9.55606
9.54413
9.5551
9.57203
9.56917
9.56798
9.55701
9.54103
9.56297
9.54103
9.54509
9.55009
9.54413
9.57704
9.56607
9.56702
9.56011
9.55987
9.54795
9.55606
9.5551
9.55892
9.54509
9.55296
9.55606
9.53603
9.5551
9.54819
9.56011
9.55915
9.56488
9.547
9.55796
9.55796
9.56893
9.55796
9.54604
9.59206
9.55296
9.60016
9.56297
9.56988
9.55296
9.56488
9.56297
9.57203
9.57894
9.54318
9.5861
9.54199
9.55486
9.55582
9.56702
9.54795
9.54103
9.55582
9.56392
9.55987
9.55486
9.56082
9.55606
9.5799
9.5489
9.55486
9.56202
9.55296
9.55415
9.5582
9.5551
9.57799
9.54318
9.57799
9.53794
9.55582
9.55391
9.55796
9.55701
9.55296
9.57084
9.55296
9.55606
9.55296
9.54103
9.55892
9.54986
9.54199
9.55796
9.56392
9.55892
9.56488
9.55296
9.5408
9.57108
9.57608
9.54914
9.56607
9.5439
9.5551
9.55081
9.55296
9.55105
9.54103
9.56511
9.56511
9.55701
9.57012
9.55892
9.57108
9.58109
9.5768
9.56798
9.54413
9.56416
9.55915
9.57203
9.56798
9.5768
9.56297
9.55701
9.5551
9.55391
9.55701
9.55606
9.55296
9.56607
9.54008
9.547
9.56202
9.56511
9.54795
9.58014
9.56392
9.56011
9.56106
9.56106
9.54294
9.56106
9.5582
9.57799
9.57203
9.54509
9.55391
9.55701
9.54294
9.56321
9.55701
9.55701
9.547
9.55677
9.56607
9.56798
9.54604
9.56511
9.55987
9.56011
9.57799
9.56297
9.55391
9.55009
9.56106
9.56011
9.57394
9.57584
9.54604
9.57108
9.58204
9.57298
9.56798
9.54986
9.56297
9.57513
9.54986
9.55796
9.56202
9.55701
9.56416
9.56917
9.54413
9.5551
9.55415
9.5582
