81.9712
83.8919
81.1112
80.8752
79.6571
79.0989
77.05
80.9581
79.6311
82.402
82.8278
87.677
95.1829
95.4409
85.4259
85.346
93.909
95.4401
87.97
88.0499
88.0239
92.716
93.5891
91.9311
93.2481
92.7119
93.816
93.76
93.641
96.7488
93.4339
93.7941
93.1711
93.2071
93.9181
95.7408
94.0011
92.9968
94.1751
94.816
95.248
95.124
94.1191
93.5531
97.091
98.345
94.3289
94.9199
95.3491
94.4569
98.0291
94.0249
93.385
95.15
96.215
93.76
93.2221
92.5219
92.6669
93.0278
98.3961
98.156
102.078
100.963
109.776
113.13
107.758
106.483
103.336
104.042
112.169
102.994
101.489
103.384
102.974
106.252
111.868
109.821
108.086
110.945
107.458
114.855
116.005
113.654
111.105
109.571
108.226
108.618
108.274
110.359
108.4
107.51
110.33
109.533
114.053
111.02
108.715
109.392
109.251
110.522
