114.96
103.01
103.006
103.064
103.066
102.985
102.962
103.057
102.992
103.006
103.048
103.071
102.944
103.025
102.983
102.993
102.927
102.973
103.044
102.918
103.023
103.072
103.017
103.041
103.004
102.899
103.174
102.84
102.951
103.001
103.047
103.278
103.025
103.112
103.107
102.965
102.982
102.886
103.008
103.058
102.983
103.092
103.111
103.108
102.977
102.964
103.146
103.011
102.986
103.031
103.106
103.037
103.014
102.999
103.034
102.97
102.983
103.026
103.08
103.039
103.087
102.944
103.05
103.09
102.957
102.992
103.066
103.017
103.079
103.01
103.13
103.008
103.114
103.025
103.046
103.114
103.127
103.009
102.976
103.202
102.993
102.983
103.007
103.022
102.993
102.916
106.557
103.392
103.096
102.958
103.049
103.11
103.003
103.037
103.092
103.007
102.963
103.028
102.943
103.016
