7.94601
7.689
7.68995
7.70497
7.70903
7.69806
7.68113
7.69305
7.68185
7.68805
7.69901
7.70211
7.70116
7.68399
7.69186
7.69806
7.68781
7.69806
7.689
7.68399
7.68495
7.69687
7.70307
7.68781
7.6859
7.69091
7.70211
7.70211
7.68113
7.71117
7.69806
7.69091
7.70688
7.69806
7.68209
7.6952
7.68709
7.69782
7.69305
7.68805
7.69615
7.69901
7.69401
7.68709
7.69305
7.70283
7.70807
7.69901
7.68685
7.69401
7.69114
7.68304
7.69114
7.70402
7.69496
7.69305
7.69091
7.69019
7.69615
7.69997
7.69687
7.69091
7.68495
7.68709
7.70998
7.68805
7.70497
7.69591
7.69901
7.68113
7.69901
7.69591
7.69806
7.69281
7.6921
7.68495
7.6921
7.68399
7.68709
7.69281
7.68709
7.69687
7.68805
7.69019
7.68495
7.68495
7.69186
7.68399
7.70092
7.68614
7.68304
7.69496
7.70688
7.69687
7.68805
7.69401
7.68304
7.69186
7.70211
7.69901
7.70807
7.68495
7.689
7.67994
7.69305
7.689
7.68805
7.69901
7.69591
7.69591
7.70092
7.68685
7.69591
7.70116
7.67899
7.69186
7.69186
7.69186
7.68805
7.70187
7.68685
7.69901
7.69782
7.69782
7.70307
7.68685
7.70092
7.69687
7.68709
7.6921
7.68805
7.68089
7.69615
7.68399
7.68709
7.71403
7.69401
7.69711
7.70283
7.69186
7.689
7.68495
7.69711
7.689
7.70283
7.67398
7.69401
7.68805
7.68781
7.69997
7.68709
7.70807
7.69591
7.6921
7.689
7.70283
7.69305
7.68614
7.6859
7.69496
7.70211
7.69401
7.68304
7.68709
7.69687
7.69091
7.6859
7.69091
7.70092
7.69711
7.68209
7.69496
7.67994
7.69401
7.70283
7.69806
7.68399
7.69496
7.689
7.68495
7.68113
7.69806
7.6921
7.70998
7.68399
7.69186
7.6859
7.69496
7.6921
7.70593
7.68113
7.68304
7.70593
7.69019
7.68495
7.67899
7.69305
7.68495
7.69806
7.69711
7.69591
7.69806
7.69591
7.69687
7.69091
7.6859
7.69901
7.69806
7.69496
7.69496
7.68995
7.69997
7.69401
7.69687
7.69091
7.69806
7.6921
7.69305
7.69114
7.68495
7.68995
7.69591
7.68304
7.69281
7.69901
7.68995
7.68709
7.69305
7.69281
7.68709
7.69615
7.6952
7.69305
7.69281
7.68399
7.69401
7.69496
7.67708
7.71189
7.6921
7.68399
7.68781
7.69401
7.70593
7.70402
7.70688
7.69591
7.69186
7.70807
7.69496
7.69901
7.69091
7.69496
7.69591
7.68995
7.689
7.68805
7.6828
7.70998
7.70187
7.68614
7.68495
7.69901
7.68995
7.70283
7.67803
7.69806
7.68709
7.6921
7.69687
7.68495
7.68495
7.68399
7.68995
7.69997
7.70497
7.69997
7.6921
7.689
7.69401
7.70307
7.71308
7.69901
7.68995
7.69496
7.69401
7.69377
7.68805
7.69901
7.69305
7.68685
7.69496
7.689
7.70187
7.69615
7.69305
7.69114
7.69901
7.70187
7.69711
7.69997
7.70712
7.6859
7.70307
7.69114
7.69091
7.71689
7.68995
7.68805
7.71809
7.69305
7.68995
7.69305
7.68304
7.70497
7.689
7.69711
7.68495
7.69114
7.6921
7.69305
7.69901
7.70688
7.69997
7.67899
7.70593
7.68209
7.70307
7.69401
7.68995
7.70211
7.69997
7.69496
7.69186
7.70903
7.69114
7.68304
7.70998
7.70283
7.689
7.68209
7.69901
7.70092
7.69305
7.69377
7.68209
7.68399
7.68018
7.70497
7.69091
7.70712
7.69806
7.70998
7.69186
7.69401
7.68614
7.68805
7.67612
7.69305
7.70998
7.68995
7.68614
7.70903
7.69305
7.69806
7.689
7.69186
7.6859
7.69091
7.69901
7.69019
7.71403
7.70283
7.6921
7.69615
7.68805
7.69782
7.68304
7.6859
7.70497
7.69305
7.68209
7.70402
7.689
7.68995
7.70402
7.69401
7.68209
7.68995
7.68495
7.67994
7.68685
7.70116
7.69997
7.69901
7.69305
7.68805
7.68185
7.69305
7.69114
7.69687
7.69687
7.68995
7.70116
7.68709
7.68304
7.689
7.68185
7.69806
7.6921
7.69591
7.68614
7.70521
7.68495
7.69782
7.68495
7.70402
7.69305
7.70092
7.69591
7.69901
7.68805
7.68399
7.69401
7.69305
7.68685
7.68805
7.689
7.70402
7.68805
7.70688
7.69615
7.69401
7.68995
7.69305
7.6859
7.69711
7.68399
7.69091
7.69091
7.68709
7.72405
7.69997
7.68304
7.69401
7.70712
7.69901
7.69305
7.70998
7.69901
7.68614
7.70092
7.70593
7.70307
7.68399
7.70593
7.6921
7.70807
7.68304
7.69401
7.68209
7.71594
7.69401
7.68685
7.70807
7.70497
7.70593
7.69997
7.69401
7.68995
7.69401
7.6921
7.68709
7.69281
7.71117
7.69901
7.68995
7.69186
7.69806
7.68805
7.72214
7.6952
7.69782
7.71308
7.68995
7.68399
7.68495
7.69019
7.69711
7.7002
7.69186
7.68781
7.68089
7.69901
7.68685
7.689
7.69997
7.6921
7.70903
7.68805
