16.4609
15.4278
15.4359
15.4302
15.429
15.4359
15.4331
15.425
15.4328
15.4331
15.4319
15.4381
15.424
15.4321
15.43
15.42
15.4371
15.4328
15.425
15.4281
15.4209
15.429
15.43
15.429
15.4319
15.4231
15.434
15.4371
15.424
15.4309
15.4369
15.4431
15.4271
15.4262
15.4281
15.4319
15.429
15.4269
15.4259
15.4309
15.4302
15.43
15.4231
15.4271
15.4331
15.445
15.4381
15.439
15.4331
15.4278
15.434
15.425
15.4369
15.4359
15.425
15.434
15.424
15.4431
15.425
15.435
15.4469
15.4362
15.429
15.4319
15.43
15.425
15.419
15.4231
15.4331
15.425
15.4259
15.4331
15.4428
15.4419
15.4381
15.4228
15.43
15.4359
15.4359
15.4321
15.44
15.4231
15.4362
15.4321
15.4262
15.4302
15.43
15.429
15.4231
15.445
15.4309
15.4321
15.4309
15.43
15.4402
15.4331
15.4281
15.43
15.4371
15.4331
15.435
15.435
15.43
15.4331
15.429
15.4319
15.429
15.4302
15.4412
15.4369
15.4331
15.425
15.429
15.4271
15.435
15.4462
15.43
15.4359
15.4331
15.4302
15.424
15.4259
15.4212
15.4331
15.4269
15.4369
15.43
15.4331
15.4319
15.434
15.4378
15.43
15.434
15.4319
15.4381
15.4369
15.4381
15.4331
15.4369
15.4171
15.4271
15.444
15.4381
15.44
15.4359
15.434
15.4369
15.4288
15.4362
15.4281
15.4278
15.4219
15.424
15.425
15.424
15.4331
15.4269
15.4269
15.4378
15.4309
15.4278
15.4359
15.424
15.42
15.4359
15.4328
15.4231
15.4302
15.4331
15.4409
15.4309
15.4319
15.4362
15.4359
15.424
15.425
15.435
15.4278
15.4371
15.4369
15.4271
15.4381
15.4259
15.4381
15.44
15.429
15.425
15.4269
15.434
15.43
15.43
15.44
15.435
15.4271
15.4312
15.4419
15.4359
15.4362
15.4321
15.439
15.4181
15.4352
15.4309
15.425
15.4259
15.434
15.4381
15.4278
15.424
15.4309
15.4312
15.4371
15.4281
15.4262
15.435
15.4369
15.4278
15.4271
15.429
15.4259
15.4288
15.43
15.434
15.429
15.4419
15.4381
15.4259
15.43
15.429
15.4371
15.4262
15.4271
15.4331
15.4431
15.429
15.4281
15.4219
15.4378
15.439
15.4269
15.445
15.435
15.439
15.449
15.434
15.4388
15.44
15.43
15.4331
15.4309
15.4359
15.4338
15.4319
15.4362
15.4221
15.434
15.4309
15.4328
15.425
15.4302
15.435
15.4271
15.434
15.4331
15.4281
15.4328
15.429
15.4309
15.435
15.43
15.4359
15.4221
15.43
15.43
15.4228
15.4362
15.4312
15.434
15.4271
15.4369
15.4319
15.435
15.4369
15.4319
15.425
15.4269
15.435
15.4359
15.4259
15.4409
15.4331
15.4359
15.429
15.439
15.44
15.4302
15.4359
15.4362
15.4378
15.4302
15.4271
15.435
15.4431
15.4319
15.424
15.424
15.429
15.44
15.4359
15.434
15.429
15.429
15.429
15.429
15.4381
15.434
15.4469
15.4409
15.4278
15.4459
15.4212
15.4321
15.4381
15.425
15.429
15.4259
15.4259
15.424
15.4381
15.4259
15.429
15.439
15.43
15.4309
15.44
15.43
15.4228
15.43
15.4362
15.429
15.4331
15.4271
15.4328
15.4212
15.4419
15.4409
15.43
15.4259
15.4281
15.444
15.4412
15.44
15.435
15.4219
15.4321
15.429
15.439
15.444
15.434
15.4331
15.4352
15.435
15.4381
15.434
15.424
15.434
15.4359
15.4378
15.4321
15.4409
15.429
15.43
15.4312
15.425
15.4359
15.4388
15.429
15.4281
15.425
15.43
15.4352
15.4281
15.4212
15.4331
15.4312
15.434
15.4388
15.435
15.4371
15.4388
15.4371
15.4271
15.4362
15.4281
15.444
15.4309
15.4271
15.4262
15.4321
15.4321
15.4359
15.4359
15.4259
15.4369
15.4212
15.424
15.424
15.4319
15.4338
15.4378
15.439
15.4331
15.435
15.4281
15.4381
15.429
15.4231
15.43
15.451
15.4369
15.4331
15.425
15.4321
15.4371
15.44
15.4281
15.435
15.4219
15.429
15.4331
15.434
15.425
15.429
15.4362
15.435
15.4328
15.429
15.4312
15.424
15.43
15.4331
15.44
15.4321
15.4359
15.434
15.4421
15.4278
15.4231
15.435
15.445
15.4319
15.43
15.4309
15.4319
15.4409
15.4331
15.429
15.425
15.4271
15.4228
15.2791
15.425
15.4312
15.429
15.445
15.43
15.429
15.43
15.4321
15.4269
15.424
15.4281
15.4281
15.4319
15.4331
15.4319
15.4409
15.4319
15.4209
15.425
15.4269
15.4369
15.4281
15.435
15.4331
15.4309
15.4369
15.4431
15.4359
15.4431
15.429
15.4231
15.4331
15.4359
15.4269
15.4369
15.43
15.434
15.4331
15.4319
