181.932
177.733
179.782
183.948
185.425
180.957
180.615
181.593
178.016
176.69
177.361
177.05
166.279
162.592
164.588
163.423
161.098
157.402
163.757
166.079
162.971
164.385
164.199
160.969
159.863
159.427
155.917
150.292
150.536
150.126
146.452
143.594
141.182
138.232
142.176
142.979
142.874
140.848
139.777
144.034
143.892
144.283
141.768
144.739
145.496
145.919
145.875
145.96
145.698
145.906
142.648
144.482
146.738
146.745
147.108
146.482
146.63
146.877
146.785
146.884
146.921
146.757
146.672
146.834
146.535
147.197
146.929
146.842
147.012
146.976
146.508
146.962
146.913
146.7
146.846
147.002
146.892
146.597
147.226
147.943
147.639
147.194
146.908
146.876
147.161
147.053
146.842
147.366
146.703
146.789
146.908
146.477
146.807
147.081
147.688
146.896
147.028
146.77
146.744
146.824
