2.45214
0.206947
0.197887
0.198841
0.198841
0.197887
0.198126
0.198126
0.19908
0.19908
0.19908
0.19908
0.19908
0.19908
0.19908
0.197887
0.19908
0.198126
0.197887
0.197887
0.197887
0.197887
0.342846
0.19908
0.19908
0.198126
0.198126
0.19908
0.19908
0.197887
0.197887
0.197887
0.213861
0.200033
0.19908
0.19908
0.19908
0.198841
0.198841
0.19908
0.19908
0.19908
0.200033
0.198841
0.198841
0.19908
0.19908
0.19908
0.200033
0.198841
0.198841
0.319958
0.199795
0.200033
0.200033
0.19908
0.198841
0.198841
0.19908
0.19908
0.200033
0.199795
0.200033
0.19908
0.202179
0.200987
0.200987
0.201941
0.19908
0.19908
0.200033
0.199795
0.200033
0.19908
0.198841
0.198841
0.200033
0.200033
0.200033
0.200033
0.200033
0.199795
0.200033
0.200033
0.200033
0.200033
0.200033
0.200987
0.199795
0.200033
0.200033
0.200033
0.199795
0.19908
0.19908
0.199795
0.200033
0.200033
0.198841
0.200033
0.200033
0.200033
0.200987
0.200033
0.200033
0.200033
0.200033
0.200987
0.200033
0.200033
0.201225
0.200033
0.200033
0.200033
0.200033
0.200033
0.200033
0.200987
0.200033
0.200033
0.200033
0.200987
0.200987
0.200987
0.200033
0.200033
0.201941
0.200033
0.201225
0.200987
0.200987
0.202179
0.205994
0.200987
0.200033
0.200033
0.200987
0.200033
0.200033
0.199795
0.200033
0.200987
0.199795
0.200033
0.200033
0.200033
0.200033
0.200033
0.200033
0.200033
0.199795
0.200987
0.200033
0.200033
0.200987
0.200033
0.200033
0.200033
0.200987
0.199795
0.200033
0.200033
0.200033
0.200033
0.200033
0.200987
0.200033
0.200987
0.200033
0.200987
0.200033
0.200033
0.199795
0.200033
0.200033
0.200987
0.200033
0.200033
0.200033
0.200033
0.200033
0.199795
0.200033
0.19908
0.200033
0.200033
0.200033
0.19908
0.200033
0.200033
0.19908
0.198841
0.200033
0.200033
0.19908
0.200033
0.199795
0.198841
0.200033
0.19908
0.200033
0.200033
0.200033
0.19908
0.200033
0.200033
0.200033
0.198841
0.200033
0.19908
0.200033
0.200033
0.198841
0.200033
0.200033
0.19908
0.200033
0.200033
0.198841
0.19908
0.200033
0.19908
0.200033
0.199795
0.198841
0.200033
0.200033
0.19908
0.200033
0.198841
0.200033
0.200033
0.200033
0.19908
0.199795
0.200033
0.19908
0.200033
0.198841
0.199795
0.200033
0.19908
0.200033
0.200033
0.198841
0.200033
0.200033
0.200033
0.200033
0.198841
0.200033
0.19908
0.200033
0.200033
0.198841
0.200033
0.201941
0.200987
0.201941
0.200987
0.204802
0.200033
0.19908
0.200033
0.200033
0.199795
0.200033
0.200033
0.19908
0.200033
0.200033
0.200033
0.200033
0.19908
0.201225
0.19908
0.200033
0.200033
0.200033
0.200033
0.200033
0.19908
0.200033
0.200033
0.200033
0.200033
0.19908
0.200033
0.199795
0.200033
0.19908
0.200033
0.200033
0.199795
0.200033
0.19908
0.19908
0.200033
0.200033
0.200033
0.19908
0.200033
0.200033
0.200033
0.200033
0.19908
0.200033
0.199795
0.200033
0.19908
0.200033
0.200033
0.198841
0.199795
0.200033
0.200033
0.200033
0.198841
0.200033
0.200033
0.200033
0.200033
0.200033
0.200033
0.19908
0.200033
0.200033
0.198841
0.19908
0.200033
0.200033
0.199795
0.198841
0.200033
0.200987
0.199795
0.198841
0.200033
0.19908
0.200033
0.200033
0.199795
0.200033
0.200033
0.200033
0.198841
0.200033
0.200033
0.200033
0.200033
0.200033
0.19908
0.200033
0.200033
0.200033
0.200033
0.19908
0.200033
0.200033
0.200033
0.200033
0.199795
0.200033
0.19908
0.19908
0.200033
0.200033
0.200033
0.200033
0.199795
0.200033
0.200033
0.19908
0.200033
0.200033
0.200033
0.200033
0.200033
0.200033
0.19908
0.19908
0.200033
0.200033
0.200033
0.200033
0.200033
0.200033
0.198841
0.204086
0.200033
0.199795
0.200033
0.200033
0.200033
0.198841
0.19908
0.200033
0.200033
0.199795
0.200033
0.19908
0.200033
0.200033
0.198841
0.19908
0.200033
0.200033
0.200033
0.198841
0.200033
0.200033
0.200987
0.198841
0.200033
0.200033
0.200033
0.200987
0.200033
0.19908
0.200033
0.200033
0.200033
0.19908
0.200033
0.200033
0.199795
0.200033
0.200033
0.200033
0.198841
0.200033
0.19908
0.200033
0.199795
0.198841
0.19908
0.200033
0.19908
0.200033
0.200033
0.200033
0.200987
0.198841
0.200033
0.200033
0.19908
0.200033
0.200033
0.200033
0.200033
0.200033
0.200033
0.200033
0.200033
0.200033
0.200033
0.200033
0.202894
0.200033
0.200033
0.200987
0.200033
0.200033
0.200033
0.200033
0.200033
0.19908
0.19908
0.200033
0.200033
0.200033
0.200033
0.200033
0.200033
0.200033
0.200987
0.19908
0.200033
0.200033
0.200033
0.200987
0.200033
0.200033
0.19908
0.198841
0.200033
0.200033
0.200033
0.200033
0.19908
0.200987
0.200033
0.198841
0.200033
0.200033
0.200033
0.199795
0.200033
0.200033
0.200033
0.199795
0.200033
0.19908
0.19908
0.200033
0.200033
0.200033
0.200033
0.199795
0.200033
0.200033
0.199795
0.200033
0.19908
0.19908
0.200033
0.199795
0.198841
0.200033
0.200033
0.200987
0.198841
0.200033
0.19908
0.200033
0.199795
0.200033
0.19908
0.200033
0.19908
0.198841
0.198841
0.200033
0.200033
0.200987
0.200033
0.200033
0.200033
0.19908
0.200033
0.200033
0.19908
0.200033
0.199795
0.200033
0.19908
0.200033
0.200033
0.198841
0.200033
0.200033
0.19908
0.199795
0.198841
0.200033
0.19908
0.200033
0.200033
0.200033
0.200033
0.200033
0.200033
0.198841
0.19908
0.200033
0.200033
0.200033
0.200033
0.200033
0.19908
0.200033
0.199795
0.198841
0.19908
0.200033
0.200033
0.200987
0.201941
0.200987
0.202179
0.200033
0.200033
0.19908
0.200033
0.200033
0.200033
0.200033
0.200033
0.200033
0.200033
0.19908
0.201225
0.19908
0.200033
0.200987
0.200033
0.200033
0.200033
0.200033
0.200987
0.19908
0.19908
0.200033
0.200033
0.200033
0.200033
0.200033
0.200033
0.200033
0.200987
0.199795
0.200033
0.200033
0.19908
0.199795
0.200033
0.200033
0.200033
0.199795
0.200033
0.19908
0.200033
0.200033
0.200033
0.200033
0.200033
0.198841
0.19908
0.200033
0.200033
0.198841
0.200033
0.200033
0.200033
0.200033
0.198841
0.200033
0.200033
0.200033
0.19908
0.201941
0.200987
0.200987
0.200987
0.200033
0.200033
0.200033
0.198841
0.200033
0.200033
0.200033
0.19908
0.200033
0.200033
0.200033
0.19908
0.200033
0.200033
0.198841
0.200033
0.200033
0.19908
0.200033
0.200033
0.19908
0.200033
0.200033
0.199795
0.200987
0.200033
0.199795
0.198841
0.200033
0.200033
0.19908
0.200033
0.200033
0.200033
0.200033
0.200033
0.200033
0.19908
0.200033
0.200033
0.200033
0.200033
0.19908
0.19908
0.200033
0.198841
0.200033
0.200033
0.200033
0.199795
0.200033
0.19908
0.200033
0.200033
0.199795
0.200033
0.19908
0.200033
0.200033
0.199795
0.19908
0.200033
0.200033
0.200033
0.200987
0.19908
0.200033
0.19908
0.200033
0.200987
0.19908
0.200033
0.200033
0.198841
0.200033
0.200033
0.200033
0.198841
0.199795
0.200033
0.200033
0.198841
0.199795
0.200033
0.200033
0.19908
0.200033
0.199795
0.19908
0.200033
0.19908
0.200033
0.200033
0.200987
0.200033
0.200033
0.200033
0.200033
0.200033
0.200033
0.200033
0.200033
0.19908
0.200033
0.200033
0.198841
0.20504
0.200033
0.19908
0.200033
0.199795
0.200033
0.19908
0.200033
0.19908
0.200033
0.198841
0.200033
0.200033
0.19908
0.200033
0.198841
0.200033
0.19908
0.201941
0.200987
0.201941
0.200987
0.200033
0.200033
0.200033
0.19908
0.200033
0.200033
0.200033
0.200033
0.19908
0.19908
0.199795
0.200033
0.200033
0.200033
0.198841
0.200033
0.200033
0.200033
0.198841
0.200033
0.200033
0.200033
0.200033
0.200033
0.200033
0.19908
0.200033
0.199795
0.198841
0.19908
0.200033
0.199795
0.200033
0.200033
0.200033
0.200987
0.19908
0.19908
0.200033
0.198841
0.200033
0.19908
0.19908
0.198841
0.200987
0.200033
0.200033
0.199795
0.200033
0.200033
0.200033
0.200033
0.19908
0.200033
0.200033
0.198841
0.199795
0.200033
0.19908
0.200033
0.199795
0.200033
0.200033
0.200033
0.200987
0.19908
0.19908
0.200033
0.199795
0.200033
0.200033
0.200033
0.199795
0.200033
0.19908
0.200987
0.198841
0.200033
0.200033
0.200033
0.200033
0.200033
0.200033
0.19908
0.200033
0.200033
0.200033
0.198841
0.200033
0.200033
0.200033
0.198841
0.200033
0.200033
0.201225
0.200033
0.200033
0.200033
0.200033
0.200033
0.19908
0.200033
0.200033
0.200033
0.200033
0.200033
0.200033
0.200033
0.200033
0.200987
0.200033
0.19908
0.200033
0.200033
0.198841
0.200033
0.200033
0.200033
0.200033
0.200987
0.200033
0.19908
0.198841
0.200033
0.200033
0.200033
0.199795
0.200033
0.19908
0.200033
0.199795
0.200033
0.19908
0.200033
0.199795
0.200033
0.200033
0.19908
0.198841
0.200033
0.200033
0.19908
0.200033
0.200033
0.198841
0.200033
0.19908
0.200033
0.199795
0.200033
0.200033
0.200033
0.198841
0.200033
0.200033
0.19908
0.200033
0.200033
0.19908
0.200033
0.200033
0.200033
0.19908
0.200033
0.200033
0.198841
0.200033
0.200033
0.200033
0.199795
0.200033
0.19908
0.19908
0.200033
0.199795
0.201941
0.200033
0.198841
0.200033
0.200033
0.198841
0.200033
0.200033
0.200033
0.19908
0.199795
0.200033
0.200033
0.200033
0.199795
0.200033
0.200033
0.200033
0.200033
0.200033
0.200033
0.200033
0.200033
0.200033
0.200033
0.200033
0.200033
0.200033
0.200033
0.200033
0.200033
0.19908
0.200033
0.200033
0.199795
0.200033
0.200033
0.200033
0.200987
0.200033
0.200033
0.200033
0.200033
0.200987
0.200033
0.200033
0.200033
0.200033
0.200033
0.200033
0.200033
0.200033
0.200033
