32.3949
32.14
32.0489
31.2099
30.7291
31.3511
31.0662
31.2002
30.942
31.311
31.3671
31.1432
31.1069
30.683
31.3621
30.8299
30.9432
31.127
31.1508
31.004
31.4121
30.9141
31.0531
31.4078
31.2729
30.9889
31.25
31.4751
30.9749
31.3649
31.0419
31.251
31.1091
31.157
31.209
31.215
31.245
30.987
31.3122
30.833
31.4822
31.023
31.2302
31.1921
31.342
31.06
31.2531
30.9989
31.167
31.147
31.2641
31.0769
31.2278
31.287
31.2648
31.096
31.1289
31.3048
30.5932
31.0349
31.04
30.9858
31.3649
30.88
31.3179
30.9711
31.285
31.3849
31.321
30.9629
30.973
30.952
30.863
30.956
31.121
30.9188
30.746
31.08
31.3311
31.009
30.8931
30.7121
30.9191
30.8399
31.1222
30.973
31.0509
30.8859
30.823
31.081
31.0099
31.074
31.2622
31.1639
31.1401
30.792
31.219
31.4019
31.0669
31.285
30.781
31.194
31.127
30.942
30.998
31.0631
31.178
31.1179
31.275
31.1279
30.9291
31.4679
32.0718
30.9401
30.9911
30.8411
31.7569
31.6269
30.8161
30.978
31.2619
30.972
31.105
31.57
30.551
31.306
30.915
31.143
31.0278
31.3871
31.0972
31.518
31.0199
31.2259
31.1198
31.194
30.9741
31.2889
30.8118
31.23
31.1189
30.6969
30.781
31.281
31.323
31.208
30.9641
30.818
31.0729
31.208
31.141
31.4579
30.9331
31.0671
31.1182
31.297
31.2588
31.009
31.1551
30.8192
30.9601
31.208
31.0459
31.1139
30.9341
30.9
30.6668
31.122
30.792
30.8051
31.075
31.1549
31.024
30.9491
31.0502
31.1911
31.1401
31.1272
31.424
31.245
31.7359
31.1971
30.8549
31.3771
31.2359
31.2989
31.2519
31.261
30.8371
31.4929
30.7372
31.3859
31.076
31.6188
31.2219
31.095
30.8552
31.172
31.3649
30.8709
30.9141
31.0111
30.982
31.028
31.3342
31.07
30.9439
30.9541
30.9811
31.1332
30.89
30.8909
31.3551
30.885
30.8619
31.1861
31.3511
31.1651
31.5051
30.7288
30.812
31.116
31.2469
31.4851
31.07
31.4119
30.9212
31.5151
31.564
31.034
31.3392
31.049
31.291
31.2221
31.198
31.0919
31.0972
31.215
31.086
31.0969
30.8952
31.306
31.302
31.3458
30.8778
31.09
31.2331
31.1749
31.2459
31.5161
31.3051
30.9889
30.8721
31.657
31.086
31.167
30.9451
31.1298
31.2629
31.1711
30.9889
31.477
30.9992
30.91
31.462
31.0681
31.194
30.9091
30.6859
30.8781
31.4419
30.7951
30.7438
31.198
30.829
31.131
31.431
31.0841
31.383
31.0438
30.905
30.8471
31.4
31.3861
31.014
31.281
30.9639
31.0228
31.3139
31.1959
31.1489
31.354
31.2672
31.029
30.7329
31.4989
31.683
31.1332
31.229
31.0881
31.2128
31.4069
30.9322
31.409
31.064
31.3199
31.1539
31.117
30.6878
31.285
31.353
31.0419
30.9129
31.0509
30.9749
30.8318
31.11
30.9331
31.152
31.26
30.8361
31.4591
30.8859
31.2951
31.373
30.818
31.4329
31.199
31.1821
31.1389
30.9439
31.0929
30.936
31.0481
30.762
31.379
30.9191
30.951
31.1341
31.2791
30.9439
31.271
31.189
31.0121
31.045
31.2021
31.445
31.558
30.9141
31.09
31.0521
30.875
31.5611
31.2982
30.973
31.0359
31.1441
30.9892
31.6851
31.111
31.07
31.564
31.086
30.7481
31.029
30.87
31.4879
31.374
31.076
31.0469
31.4949
31.0569
31.2281
31.275
31.426
30.8712
31.817
31.0109
30.844
31.1971
31.1139
31.0988
31.2369
31.2021
30.7441
31.1799
30.8919
31.3709
31.1551
30.879
31.3289
31.0009
31.4078
31.301
31.168
30.9861
31.255
30.9598
30.5779
31.4879
31.487
31.352
30.7581
31.1511
30.9501
31.0311
30.6571
30.992
31.188
31.1532
31.214
31.1859
31.147
30.69
31.141
31.1902
31.0402
30.9541
30.808
30.8819
30.8759
31.215
31.2378
30.7889
30.797
31.7001
31.8179
31.2068
31.0309
30.9989
31.22
31.1182
31.2159
31.374
31.3358
31.6699
31.2428
31.728
31.6272
31.0872
31.389
31.595
30.9882
31.27
31.0988
30.968
30.688
31.348
31.1921
31.0218
30.997
30.833
31.4989
31.0869
30.9329
31.1282
30.7901
30.9
31.3408
30.72
31.1232
31.004
31.1549
31.2059
31.5659
31.148
31.132
31.2741
31.8298
30.828
31.235
30.9741
31.2171
31.2102
31.0621
31.2121
30.952
31.028
31.2879
30.9961
31.2681
30.8011
30.834
31.239
30.961
31.0569
30.9529
31.311
30.7899
31.1091
31.3051
31.204
31.1279
31.0621
30.8111
31.1701
31.1029
31.1699
31.168
30.731
31.677
31.4901
30.9632
31.105
31.2669
30.9651
30.931
31.235
31.4169
30.9439
30.89
31.04
30.874
30.8809
31.0652
31.0209
30.9918
31.199
30.905
30.864
30.957
31.0881
31.0118
31.0559
30.9339
31.2788
31.147
31.04
31.4739
31.199
31.589
30.812
30.791
31.291
30.931
31.1649
31.0922
31.0791
31.0729
30.957
31.1091
31.0631
31.1379
31.0359
31.3659
31.311
30.725
31.203
30.9319
31.1489
31.055
31.127
31.183
31.584
30.822
31.0621
31.2059
31.235
31.4758
30.93
31.358
31.018
31.11
31.2219
31.285
30.751
30.9501
31.0919
31.3091
31.1091
31.287
30.901
31.0559
30.9868
30.988
31.27
30.9119
30.8709
31.4372
31.213
31.225
31.034
31.363
31.0171
30.884
31.0969
31.0709
31.2588
31.388
31.2049
31.009
30.9548
30.935
31.4021
30.9129
30.7829
31.013
31.0531
31.0051
31.127
30.9579
31.2369
31.1551
30.7531
31.096
31.235
31.1809
30.9219
30.997
31.0259
30.9029
31.342
31.2171
30.9069
30.9379
31.4338
31.42
30.9632
30.76
31.179
30.8261
31.1329
30.7479
30.8509
31.0929
30.9019
30.885
31.158
30.988
30.957
31.157
31.0299
31.2991
30.9992
30.9851
30.988
30.9231
31.2951
31.4388
30.9401
31.0712
30.9479
31.1549
31.1229
31.285
30.864
30.899
31.11
31.0891
30.7009
31.3749
31.1992
31.2572
31.2011
31.091
31.2431
31.2359
31.2731
31.2212
31.0781
31.136
31.2209
30.8239
31.3308
31.076
31.3289
31.3978
30.9711
30.89
30.6909
31.1511
30.998
30.9219
30.9639
31.4269
31.0912
30.9341
31.42
30.7889
31.1389
31.1761
31.2221
31.8241
31.364
30.9832
31.2979
30.977
31.0481
31.085
31.266
31.2872
30.9901
31.0929
31.2641
31.2951
31.3962
31.3251
30.9551
31.0121
30.931
31.3301
31.086
31.2641
31.0221
31.203
31.5268
31.286
30.9491
31.0638
31.486
30.6909
31.6179
31.2889
31.136
31.112
31.167
31.28
31.3971
31.249
30.8268
31.41
31.62
30.9229
31.08
31.549
30.688
31.0349
30.8878
30.941
31.199
31.276
31.0929
31.2419
31.2629
31.244
31.033
31.1041
31.426
31.193
30.8108
31.147
30.7381
31.0891
31.1282
31.1852
31.2941
31.4171
31.5242
30.75
30.9198
30.5839
30.9529
30.9601
31.075
31.425
31.0459
31.2469
31.3778
31.3139
30.9689
31.0068
31.1201
30.678
31.163
30.895
31.1592
30.8089
30.8828
31.3439
30.9958
31.368
31.1079
31.707
31.327
30.8781
30.7069
30.936
31.2662
31.528
31.0068
30.9811
30.942
31.0121
31.0102
31.074
31.3601
31.3251
31.6899
30.8969
31.5979
31.137
30.9072
31.08
31.6849
30.93
30.8402
30.997
30.8969
31.009
31.1592
31.0352
31.1999
30.972
31.141
31.1351
30.977
31.0321
30.942
31.2219
31.4081
31.3091
31.1661
31.4569
31.3239
31.2629
30.889
30.89
31.0149
30.8468
31.2469
30.91
30.935
30.9751
31.0121
30.833
31.4519
31.3201
31.152
31.292
31.095
31.322
30.978
31.184
31.1511
31.338
30.8342
30.813
31.002
30.9501
31.25
30.745
30.9861
31.2202
31.0099
30.7169
31.008
31.1
31.07
30.828
30.751
30.9849
31.064
31.4071
31.3351
31.0872
31.41
31.1489
31.276
31.2099
31.2641
31.4231
30.8721
31.1081
31.0411
30.9939
31.291
31.101
31.08
31.3041
31.2431
31.131
31.1089
31.117
31.3921
31.3082
31.168
31.1189
31.1401
31.2159
31.059
31.3931
30.9238
31.271
31.018
31.379
31.003
30.483
30.797
31.009
31.4641
31.1332
30.9181
30.8709
31.225
31.4128
31.198
31.137
31.399
31.0118
31.193
30.8728
30.9858
31.3981
31.4209
31.261
30.9401
31.1689
31.198
30.8659
31.1661
30.858
30.864
31.179
30.9238
31.203
31.353
31.044
31.0502
31.0521
30.6849
31.1089
31.2269
31.0659
30.8299
31.405
30.936
31.188
31.0061
31.3692
30.9641
30.884
30.5922
30.735
31.1301
31.0309
31.389
31.637
30.9091
31.033
30.823
30.9341
31.5452
31.4491
31.3342
30.988
30.8909
30.859
30.8671
30.966
31.4281
30.8819
30.9081
30.8888
30.6809
31.424
30.5519
31.5859
30.911
31.014
31.198
31.368
31.167
30.9658
30.993
30.8502
31.275
31.0891
31.1048
30.8459
31.2951
31.297
31.117
31.3492
30.741
31.085
31.2269
31.42
31.2159
31.0359
31.0049
31.009
30.8311
31.152
30.988
31.1041
31.2231
30.8878
30.9069
31.1959
31.3749
31.1661
31.486
31.0328
31.213
31.038
30.8619
30.6699
31.234
31.05
31.584
