12.8019
6.86884
6.87814
6.86789
6.93512
6.89197
6.88505
6.86502
6.87099
6.86693
6.86598
6.80184
6.58011
6.57916
6.56414
6.58202
6.56796
6.57392
6.57105
6.5701
6.57797
6.57916
6.56605
6.56199
6.57511
6.57105
6.58178
6.57606
6.567
6.56796
6.5732
6.56509
6.56104
6.56104
6.56605
6.5608
6.57392
6.54697
6.54197
6.5341
6.53815
6.53601
6.53386
6.53601
6.53005
6.52003
6.51407
6.55389
6.54697
6.52194
6.51813
6.50907
6.51193
6.51383
6.51693
6.51503
6.51002
6.51598
6.51813
6.5248
6.51407
6.50406
6.51002
6.50501
6.51479
6.51693
6.50907
6.51979
6.51598
6.50787
6.51407
6.50692
6.51002
6.51288
6.50191
6.51503
6.51908
6.51789
6.51193
6.51288
6.50907
6.51002
6.5062
6.50501
6.51789
6.51598
6.50907
6.50978
6.52194
6.51097
6.51097
6.51407
6.51002
6.50787
6.51288
6.51002
6.51598
6.50191
6.50311
6.5279
6.50787
6.51193
6.50406
6.51193
6.51193
6.51503
6.50501
6.51193
6.50406
6.50501
6.50215
6.51407
6.50406
6.50692
6.50597
6.50883
6.50597
6.51097
6.51503
6.51598
6.50692
6.51097
6.50907
6.50096
6.51002
6.51288
6.51503
6.50382
6.50311
6.50311
6.50716
6.50787
6.50597
6.50597
6.51002
6.52099
6.52003
6.51693
6.52099
6.52003
6.50501
6.51193
6.51479
6.50692
6.50191
6.50311
6.51193
6.51312
6.50597
6.50907
6.52194
6.51908
6.51813
6.51813
6.51097
6.51693
6.52289
6.51002
6.50716
6.52313
6.51002
6.51693
6.51193
6.51503
6.52599
6.50597
6.51884
6.50692
6.51002
6.50907
6.51598
6.51479
6.5279
6.51908
6.51503
6.50311
6.51097
6.50907
6.51097
6.51813
6.51908
6.51407
6.50191
6.51598
6.51598
6.51288
6.51002
6.51693
6.50406
6.52003
6.51288
6.51288
6.52003
6.51884
6.50692
6.50787
6.51407
6.51312
6.52122
6.50907
6.52003
6.50787
6.51789
6.51312
6.51097
6.50907
6.51312
6.51717
6.51288
6.51598
6.50191
6.51693
6.51503
6.50501
6.52099
6.51693
6.50787
6.52289
6.50692
6.51383
6.50287
6.51598
6.50883
6.52409
6.51097
6.51312
6.50406
6.51097
6.51193
6.51908
6.50406
6.50597
6.50597
6.50811
6.50907
6.50907
6.50811
6.51217
6.51908
6.51789
6.51002
6.50907
6.51598
6.50692
6.50907
6.52814
6.50597
6.50406
6.50501
6.50597
6.50096
6.50978
6.50406
6.52194
6.51407
6.50382
6.52003
6.51193
6.50287
6.51503
6.50501
6.50501
6.51217
6.51288
6.50096
6.50406
6.51693
6.50787
6.51217
6.51813
6.51693
6.51813
6.51097
6.51813
6.51813
6.50406
6.50597
6.50811
6.52003
6.50597
6.51002
6.51598
6.50716
6.50406
6.51693
6.5372
6.51813
6.50311
6.51002
6.51598
6.50597
6.51908
6.51503
6.51503
6.51813
6.50501
6.52599
6.51097
6.51193
6.51193
6.50406
6.50692
6.50501
6.50597
6.51407
6.50692
6.51813
6.51407
6.51383
6.50787
6.51908
6.51288
6.51789
6.50501
6.51288
6.50311
6.51789
6.50501
6.52194
6.52099
6.50907
6.50907
6.52099
6.51622
6.51503
6.51121
6.51288
6.50501
6.51407
6.50597
6.51598
6.50811
6.51288
6.51288
6.51503
6.51288
6.50501
6.50907
6.50692
6.50501
6.50406
6.50907
6.51503
6.49691
6.51193
6.51002
6.51503
6.50811
6.51693
6.52409
6.50811
6.51002
6.50311
6.50501
6.5248
6.51908
6.50501
6.51693
6.51383
6.51503
6.50692
6.51407
6.50883
6.51097
6.51383
6.51193
6.50191
6.49905
6.50597
6.50501
6.5062
6.50811
6.50406
6.5248
6.51789
6.51717
6.52313
6.50978
6.51097
6.51383
6.51503
6.52385
6.50811
6.51383
6.51598
6.50597
6.50811
6.50215
6.50382
6.50811
6.50692
6.51288
6.53005
6.50287
6.51193
6.50597
6.51312
6.50215
6.50692
6.51121
6.51407
6.51503
6.51217
6.51193
6.50406
6.50406
6.51789
6.51503
6.50883
6.51002
6.50501
6.51884
6.51598
6.50501
6.52409
6.51503
6.51884
6.51407
6.495
6.51002
6.51407
6.51002
6.51288
6.51789
6.51598
6.51407
6.51479
6.52003
6.51407
6.51002
6.50597
6.51598
6.50311
6.50907
6.51288
6.51598
6.51097
6.51193
6.50406
6.51288
6.51503
6.50406
6.60491
6.52909
6.49786
6.51503
6.51217
6.51193
6.50501
6.50787
6.50501
6.50716
6.50811
6.50406
6.52194
6.51288
6.51789
6.50978
6.52409
6.50811
6.52003
6.51884
6.50382
6.51813
6.50907
6.51002
6.52003
6.50311
6.50907
6.51217
6.51312
6.50907
6.50907
6.51503
6.51002
6.51288
6.52003
6.51693
6.51312
6.51288
6.51598
6.50716
6.51002
6.50811
6.51288
6.51193
6.50406
6.50287
6.51693
6.50501
6.50907
6.50597
6.51097
6.51789
6.51503
6.52099
6.52504
6.51193
6.51908
6.50215
6.50597
6.51097
6.50597
6.50883
6.50787
6.50692
6.50501
6.51789
6.51288
6.51002
6.51908
6.51002
6.50191
6.50597
6.51312
6.51789
6.51407
6.50191
6.50597
6.51002
6.51002
6.50811
6.51121
6.50811
6.50287
6.50787
6.51097
6.50716
6.51312
6.52504
6.51884
6.50811
6.50692
6.50597
6.51407
6.50716
6.51503
6.51288
6.5248
6.50787
6.50597
6.51503
6.49881
6.50287
6.51288
6.50191
6.50501
6.51908
6.50501
6.50692
6.50907
6.50787
6.51693
6.50883
6.50692
6.51789
6.51097
6.51503
6.52099
6.51979
6.52003
6.51193
6.50692
6.51503
6.51598
6.51193
6.49786
6.51288
6.50406
6.50597
6.50406
6.50692
6.50907
6.50787
6.50692
6.51121
6.50501
6.51503
6.50287
6.51598
6.50787
6.51002
6.50597
6.51693
6.50811
6.50907
6.50501
6.51717
6.49786
6.50382
6.51693
6.51598
6.52409
6.51908
6.51288
6.50382
6.50311
6.52003
6.51312
6.50406
6.50001
6.51407
6.51598
6.51312
6.50096
6.51121
6.51312
6.51407
6.52003
6.50907
6.51407
6.52885
6.51097
6.50597
6.50907
6.52194
6.51503
6.51717
6.50907
6.51002
6.50907
6.51813
6.51002
6.51097
6.50406
6.50501
6.51407
6.49691
6.51407
6.51193
6.52099
6.51312
6.51598
6.50287
6.50287
6.51193
6.51312
6.51598
6.51693
6.50811
6.50787
6.51097
6.50001
6.51097
6.50406
6.50311
6.51288
6.51407
6.51097
6.51503
6.50406
6.50978
6.50692
6.51097
6.50907
6.51503
6.51288
6.50716
6.51097
6.50907
6.51503
6.50597
6.51002
6.51789
6.51789
6.51097
6.51598
6.52313
6.51002
6.51097
6.51503
6.51288
6.50501
6.50501
6.50787
6.51288
6.52099
6.51407
6.50311
6.50692
6.51097
6.51217
6.51097
6.51288
6.53005
6.50501
6.50907
6.50191
6.50692
6.50501
6.50811
6.50311
6.51097
6.50501
6.50501
6.50787
6.50692
6.50597
6.50907
6.51598
6.5062
6.52099
6.51383
6.51097
6.54292
6.531
6.51407
6.51503
6.51813
6.51407
6.50597
6.50501
6.51789
6.50907
6.51407
6.49977
6.50287
6.52003
6.54221
6.53505
6.52695
6.531
6.51813
6.51312
6.50811
6.52504
6.51288
6.51789
6.51217
6.51002
6.49905
6.51193
6.52504
6.50787
6.52003
6.51312
6.51598
6.51813
6.51002
6.50787
6.51121
6.50597
6.50787
6.51217
6.50406
6.51097
6.51002
6.50406
6.50811
6.50692
6.52003
6.50096
6.50787
6.51693
6.51288
6.50096
6.51503
6.51503
6.50907
6.51908
6.50787
6.50883
6.51002
6.51407
6.51002
6.50597
6.51002
6.50907
6.51121
6.51598
6.5062
6.51407
6.50406
6.51002
6.50883
6.49691
6.50716
6.50787
6.51503
6.51097
6.52099
6.50692
6.51193
6.51383
6.51598
6.51312
6.51312
6.52099
6.51693
6.51193
6.50692
6.50787
6.50907
6.51407
6.51002
6.50716
6.52099
6.52218
6.51193
6.51598
6.52289
6.50287
6.50907
6.51217
6.52003
6.52003
6.50907
6.51407
6.52003
6.50501
6.52003
6.52385
6.51598
6.51884
6.50406
6.50597
6.51217
6.51979
6.51097
6.52099
6.51717
6.51598
6.52885
6.50907
6.50191
6.51598
6.51002
6.51097
6.51407
6.50597
6.52409
6.51002
6.51002
6.51002
6.51217
6.51407
6.51097
6.50382
6.51503
6.52599
6.51693
6.51503
6.50692
6.51193
6.51193
6.52099
6.50692
6.51789
6.51193
6.50597
6.49714
6.51479
6.52313
6.51598
6.51693
6.51002
6.51717
6.50716
6.51097
6.49786
6.51908
6.51312
6.50191
6.51217
6.51717
6.51407
6.50883
6.51288
6.50287
6.51288
6.50501
6.51002
6.49786
6.51097
6.51097
6.51789
6.51598
6.51217
6.51217
6.52695
6.51288
6.51312
6.50787
6.51884
6.50406
6.51789
6.51503
6.51002
6.50692
6.51193
6.51693
6.50907
6.50191
6.50787
6.50907
6.50191
6.50811
6.51503
6.50215
6.51193
6.52099
6.50311
6.51407
6.51097
6.52599
6.52003
6.52194
6.50597
6.51097
6.51002
6.51312
6.50978
6.50907
6.51979
6.50215
6.51693
6.51312
6.52289
6.51002
6.50406
6.50692
6.51288
6.51312
6.51503
6.50501
6.51002
6.50501
6.51002
6.50907
6.51312
6.51097
6.51097
6.51002
6.51598
6.51598
6.51407
6.51312
6.50692
6.51407
6.50191
6.50692
6.51813
6.51407
6.51097
6.50501
6.51598
6.51598
6.51813
6.50811
6.50501
6.50978
6.52409
6.50501
6.50406
6.50907
6.51312
6.51097
6.50811
6.51407
6.50907
6.50787
6.50883
6.51598
6.51407
6.50811
6.51193
6.50811
6.50692
6.50215
6.50215
6.50811
6.51407
6.50311
6.52099
6.50787
6.50787
6.51407
6.51813
6.51217
6.51407
6.51717
6.51312
6.50811
6.50597
6.50406
6.52289
6.50811
6.52194
6.50597
6.51693
6.51193
6.51407
6.51193
6.51193
6.51979
6.51002
6.51312
6.52099
6.50811
6.50811
