-11.54873943328857421875000000000000
-11.51321411132812500000000000000000
-11.47779464721679687500000000000000
-11.44248485565185546875000000000000
-11.40728378295898437500000000000000
-11.37218952178955078125000000000000
-11.33720207214355468750000000000000
-11.30231857299804687500000000000000
-11.26754570007324218750000000000000
-11.23287773132324218750000000000000
-11.19831371307373046875000000000000
-11.16385746002197265625000000000000
-11.12950611114501953125000000000000
-11.09525966644287109375000000000000
-11.06111907958984375000000000000000
-11.02707862854003906250000000000000
-10.99314498901367187500000000000000
-10.95931529998779296875000000000000
-10.92558479309082031250000000000000
-10.89196205139160156250000000000000
-10.85844039916992187500000000000000
-10.82502174377441406250000000000000
-10.79170513153076171875000000000000
-10.75848770141601562500000000000000
-10.72537326812744140625000000000000
-10.69235992431640625000000000000000
-10.65944576263427734375000000000000
-10.62663459777832031250000000000000
-10.59392261505126953125000000000000
-10.56131076812744140625000000000000
-10.52879905700683593750000000000000
-10.49638366699218750000000000000000
-10.46406936645507812500000000000000
-10.43185424804687500000000000000000
-10.39973354339599609375000000000000
-10.36771488189697265625000000000000
-10.33579254150390625000000000000000
-10.30396938323974609375000000000000
-10.27224254608154296875000000000000
-10.24060916900634765625000000000000
-10.20907592773437500000000000000000
-10.17763805389404296875000000000000
-10.14629364013671875000000000000000
-10.11504745483398437500000000000000
-10.08389568328857421875000000000000
-10.05284118652343750000000000000000
-10.02188014984130859375000000000000
-9.99100971221923828125000000000000
-9.96023750305175781250000000000000
-9.92955875396728515625000000000000
-9.89897060394287109375000000000000
-9.86847877502441406250000000000000
-9.83808040618896484375000000000000
-9.80777454376220703125000000000000
-9.77756023406982421875000000000000
-9.74743652343750000000000000000000
-9.71740531921386718750000000000000
-9.68746757507324218750000000000000
-9.65761852264404296875000000000000
-9.62786197662353515625000000000000
-9.59819698333740234375000000000000
-9.56862163543701171875000000000000
-9.53913688659667968750000000000000
-9.50973987579345703125000000000000
-9.48043346405029296875000000000000
-9.45121860504150390625000000000000
-9.42208862304687500000000000000000
-9.39305019378662109375000000000000
-9.36410045623779296875000000000000
-9.33523941040039062500000000000000
-9.30646610260009765625000000000000
-9.27777767181396484375000000000000
-9.24917888641357421875000000000000
-9.22066783905029296875000000000000
-9.19224071502685546875000000000000
-9.16390228271484375000000000000000
-9.13565158843994140625000000000000
-9.10748577117919921875000000000000
-9.07940673828125000000000000000000
-9.05140972137451171875000000000000
-9.02350044250488281250000000000000
-8.99567699432373046875000000000000
-8.96793556213378906250000000000000
-8.94028091430664062500000000000000
-8.91271114349365234375000000000000
-8.88522434234619140625000000000000
-8.85782146453857421875000000000000
-8.83050060272216796875000000000000
-8.80326461791992187500000000000000
-8.77611160278320312500000000000000
-8.74903964996337890625000000000000
-8.72205162048339843750000000000000
-8.69514560699462890625000000000000
-8.66832065582275390625000000000000
-8.64157962799072265625000000000000
-8.61491680145263671875000000000000
-8.58833694458007812500000000000000
-8.56183815002441406250000000000000
-8.53541755676269531250000000000000
-8.50907993316650390625000000000000
-8.48282241821289062500000000000000
-8.45664501190185546875000000000000
-8.43054771423339843750000000000000
-8.40452671051025390625000000000000
-8.37858772277832031250000000000000
-8.35272693634033203125000000000000
-8.32694339752197265625000000000000
-8.30123996734619140625000000000000
-8.27561569213867187500000000000000
-8.25006866455078125000000000000000
-8.22459888458251953125000000000000
-8.19920539855957031250000000000000
-8.17389106750488281250000000000000
-8.14865303039550781250000000000000
-8.12349033355712890625000000000000
-8.09840583801269531250000000000000
-8.07339859008789062500000000000000
-8.04846668243408203125000000000000
-8.02361011505126953125000000000000
-7.99882793426513671875000000000000
-7.97412300109863281250000000000000
-7.94949245452880859375000000000000
-7.92493629455566406250000000000000
-7.90045547485351562500000000000000
-7.87604951858520507812500000000000
-7.85171794891357421875000000000000
-7.82746028900146484375000000000000
-7.80327367782592773437500000000000
-7.77916383743286132812500000000000
-7.75512599945068359375000000000000
-7.73116016387939453125000000000000
-7.70726919174194335937500000000000
-7.68344974517822265625000000000000
-7.65970420837402343750000000000000
-7.63602972030639648437500000000000
-7.61242580413818359375000000000000
-7.58889532089233398437500000000000
-7.56543636322021484375000000000000
-7.54204654693603515625000000000000
-7.51873016357421875000000000000000
-7.49548387527465820312500000000000
-7.47230863571166992187500000000000
-7.44920444488525390625000000000000
-7.42616748809814453125000000000000
-7.40320301055908203125000000000000
-7.38030767440795898437500000000000
-7.35748100280761718750000000000000
-7.33472490310668945312500000000000
-7.31203746795654296875000000000000
-7.28941965103149414062500000000000
-7.26687049865722656250000000000000
-7.24438762664794921875000000000000
-7.22197484970092773437500000000000
-7.19963026046752929687500000000000
-7.17735195159912109375000000000000
-7.15514278411865234375000000000000
-7.13300085067749023437500000000000
-7.11092615127563476562500000000000
-7.08891868591308593750000000000000
-7.06697607040405273437500000000000
-7.04510164260864257812500000000000
-7.02329397201538085937500000000000
-7.00155067443847656250000000000000
-6.97987508773803710937500000000000
-6.95826530456542968750000000000000
-6.93672037124633789062500000000000
-6.91524171829223632812500000000000
-6.89382600784301757812500000000000
-6.87247753143310546875000000000000
-6.85119295120239257812500000000000
-6.82997131347656250000000000000000
-6.80881690979003906250000000000000
-6.78772544860839843750000000000000
-6.76669788360595703125000000000000
-6.74573469161987304687500000000000
-6.72483301162719726562500000000000
-6.70399665832519531250000000000000
-6.68322324752807617187500000000000
-6.66251087188720703125000000000000
-6.64186334609985351562500000000000
-6.62127828598022460937500000000000
-6.60075569152832031250000000000000
-6.58029508590698242187500000000000
-6.55989551544189453125000000000000
-6.53955841064453125000000000000000
-6.51928329467773437500000000000000
-6.49906826019287109375000000000000
-6.47891569137573242187500000000000
-6.45882463455200195312500000000000
-6.43879413604736328125000000000000
-6.41882419586181640625000000000000
-6.39891290664672851562500000000000
-6.37906408309936523437500000000000
-6.35927534103393554687500000000000
-6.33954429626464843750000000000000
-6.31987476348876953125000000000000
-6.30026531219482421875000000000000
-6.28071498870849609375000000000000
-6.26122379302978515625000000000000
-6.24178981781005859375000000000000
-6.22241592407226562500000000000000
-6.20310115814208984375000000000000
-6.18384361267089843750000000000000
-6.16464519500732421875000000000000
-6.14550495147705078125000000000000
-6.12642288208007812500000000000000
-6.10739850997924804687500000000000
-6.08842992782592773437500000000000
-6.06952047348022460937500000000000
-6.05066776275634765625000000000000
-6.03187131881713867187500000000000
-6.01313257217407226562500000000000
-5.99445056915283203125000000000000
-5.97582530975341796875000000000000
-5.95725584030151367187500000000000
-5.93874168395996093750000000000000
-5.92028474807739257812500000000000
-5.90188360214233398437500000000000
-5.88353586196899414062500000000000
-5.86524581909179687500000000000000
-5.84701108932495117187500000000000
-5.82883119583129882812500000000000
-5.81070613861083984375000000000000
-5.79263448715209960937500000000000
-5.77461910247802734375000000000000
-5.75665760040283203125000000000000
-5.73874950408935546875000000000000
-5.72089624404907226562500000000000
-5.70309734344482421875000000000000
-5.68535184860229492187500000000000
-5.66766023635864257812500000000000
-5.65002059936523437500000000000000
-5.63243484497070312500000000000000
-5.61490345001220703125000000000000
-5.59742259979248046875000000000000
-5.57999610900878906250000000000000
-5.56262302398681640625000000000000
-5.54530096054077148437500000000000
-5.52803182601928710937500000000000
-5.51081371307373046875000000000000
-5.49364805221557617187500000000000
-5.47653436660766601562500000000000
-5.45947170257568359375000000000000
-5.44246149063110351562500000000000
-5.42550230026245117187500000000000
-5.40859413146972656250000000000000
-5.39173698425292968750000000000000
-5.37492990493774414062500000000000
-5.35817384719848632812500000000000
-5.34146881103515625000000000000000
-5.32481288909912109375000000000000
-5.30820798873901367187500000000000
-5.29165315628051757812500000000000
-5.27514839172363281250000000000000
-5.25869321823120117187500000000000
-5.24228668212890625000000000000000
-5.22593069076538085937500000000000
-5.20962333679199218750000000000000
-5.19336414337158203125000000000000
-5.17715549468994140625000000000000
-5.16099500656127929687500000000000
-5.14488410949707031250000000000000
-5.12882137298583984375000000000000
-5.11280488967895507812500000000000
-5.09683847427368164062500000000000
-5.08091974258422851562500000000000
-5.06504821777343750000000000000000
-5.04922485351562500000000000000000
-5.03344964981079101562500000000000
-5.01772165298461914062500000000000
-5.00204086303710937500000000000000
-4.98640632629394531250000000000000
-4.97081995010375976562500000000000
-4.95528030395507812500000000000000
-4.93978595733642578125000000000000
-4.92433929443359375000000000000000
-4.90893936157226562500000000000000
-4.89358520507812500000000000000000
-4.87827777862548828125000000000000
-4.86301469802856445312500000000000
-4.84779882431030273437500000000000
-4.83262825012207031250000000000000
-4.81750249862670898437500000000000
-4.80242300033569335937500000000000
-4.78738880157470703125000000000000
-4.77239990234375000000000000000000
-4.75745582580566406250000000000000
-4.74255561828613281250000000000000
-4.72770071029663085937500000000000
-4.71289062500000000000000000000000
-4.69812393188476562500000000000000
-4.68340301513671875000000000000000
-4.66872501373291015625000000000000
-4.65409231185913085937500000000000
-4.63950300216674804687500000000000
-4.62495565414428710937500000000000
-4.61045408248901367187500000000000
-4.59599494934082031250000000000000
-4.58157825469970703125000000000000
-4.56720638275146484375000000000000
-4.55287694931030273437500000000000
-4.53859090805053710937500000000000
-4.52434730529785156250000000000000
-4.51014518737792968750000000000000
-4.49598693847656250000000000000000
-4.48187112808227539062500000000000
-4.46779632568359375000000000000000
-4.45376396179199218750000000000000
-4.43977451324462890625000000000000
-4.42582654953002929687500000000000
-4.41192007064819335937500000000000
-4.39805412292480468750000000000000
-4.38423109054565429687500000000000
-4.37044906616210937500000000000000
-4.35670757293701171875000000000000
-4.34300804138183593750000000000000
-4.32934904098510742187500000000000
-4.31573104858398437500000000000000
-4.30215358734130859375000000000000
-4.28861570358276367187500000000000
-4.27511930465698242187500000000000
-4.26166296005249023437500000000000
-4.24824619293212890625000000000000
-4.23486995697021484375000000000000
-4.22153425216674804687500000000000
-4.20823764801025390625000000000000
-4.19498109817504882812500000000000
-4.18176317214965820312500000000000
-4.16858530044555664062500000000000
-4.15544700622558593750000000000000
-4.14234638214111328125000000000000
-4.12928628921508789062500000000000
-4.11626482009887695312500000000000
-4.10328245162963867187500000000000
-4.09033823013305664062500000000000
-4.07743215560913085937500000000000
-4.06456470489501953125000000000000
-4.05173635482788085937500000000000
-4.03894472122192382812500000000000
-4.02619218826293945312500000000000
-4.01347780227661132812500000000000
-4.00080108642578125000000000000000
-3.98816204071044921875000000000000
-3.97555971145629882812500000000000
-3.96299552917480468750000000000000
-3.95046877861022949218750000000000
-3.93797850608825683593750000000000
-3.92552614212036132812500000000000
-3.91311097145080566406250000000000
-3.90073227882385253906250000000000
-3.88839054107666015625000000000000
-3.87608456611633300781250000000000
-3.86381602287292480468750000000000
-3.85158371925354003906250000000000
-3.83938694000244140625000000000000
-3.82722735404968261718750000000000
-3.81510376930236816406250000000000
-3.80301594734191894531250000000000
-3.79096388816833496093750000000000
-3.77894687652587890625000000000000
-3.76696634292602539062500000000000
-3.75502133369445800781250000000000
-3.74311065673828125000000000000000
-3.73123598098754882812500000000000
-3.71939706802368164062500000000000
-3.70759272575378417968750000000000
-3.69582343101501464843750000000000
-3.68408799171447753906250000000000
-3.67238831520080566406250000000000
-3.66072320938110351562500000000000
-3.64909148216247558593750000000000
-3.63749504089355468750000000000000
-3.62593293190002441406250000000000
-3.61440515518188476562500000000000
-3.60291075706481933593750000000000
-3.59145045280456542968750000000000
-3.58002448081970214843750000000000
-3.56863236427307128906250000000000
-3.55727314949035644531250000000000
-3.54594755172729492187500000000000
-3.53465557098388671875000000000000
-3.52339720726013183593750000000000
-3.51217126846313476562500000000000
-3.50097894668579101562500000000000
-3.48981976509094238281250000000000
-3.47869324684143066406250000000000
-3.46759939193725585937500000000000
-3.45653796195983886718750000000000
-3.44550967216491699218750000000000
-3.43451404571533203125000000000000
-3.42354989051818847656250000000000
-3.41261839866638183593750000000000
-3.40171933174133300781250000000000
-3.39085221290588378906250000000000
-3.38001656532287597656250000000000
-3.36921286582946777343750000000000
-3.35844135284423828125000000000000
-3.34770154953002929687500000000000
-3.33699297904968261718750000000000
-3.32631540298461914062500000000000
-3.31567001342773437500000000000000
-3.30505561828613281250000000000000
-3.29447197914123535156250000000000
-3.28391981124877929687500000000000
-3.27339839935302734375000000000000
-3.26290822029113769531250000000000
-3.25244808197021484375000000000000
-3.24201869964599609375000000000000
-3.23162031173706054687500000000000
-3.22125220298767089843750000000000
-3.21091413497924804687500000000000
-3.20060658454895019531250000000000
-3.19032931327819824218750000000000
-3.18008208274841308593750000000000
-3.16986441612243652343750000000000
-3.15967679023742675781250000000000
-3.14951920509338378906250000000000
-3.13939142227172851562500000000000
-3.12929248809814453125000000000000
-3.11922335624694824218750000000000
-3.10918402671813964843750000000000
-3.09917354583740234375000000000000
-3.08919239044189453125000000000000
-3.07924032211303710937500000000000
-3.06931734085083007812500000000000
-3.05942320823669433593750000000000
-3.04955768585205078125000000000000
-3.03972101211547851562500000000000
-3.02991342544555664062500000000000
-3.02013397216796875000000000000000
-3.01038312911987304687500000000000
-3.00066041946411132812500000000000
-2.99096632003784179687500000000000
-2.98130035400390625000000000000000
-2.97166204452514648437500000000000
-2.96205186843872070312500000000000
-2.95246982574462890625000000000000
-2.94291591644287109375000000000000
-2.93338894844055175781250000000000
-2.92389011383056640625000000000000
-2.91441869735717773437500000000000
-2.90497493743896484375000000000000
-2.89555835723876953125000000000000
-2.88616895675659179687500000000000
-2.87680697441101074218750000000000
-2.86747217178344726562500000000000
-2.85816383361816406250000000000000
-2.84888291358947753906250000000000
-2.83962869644165039062500000000000
-2.83040142059326171875000000000000
-2.82120060920715332031250000000000
-2.81202602386474609375000000000000
-2.80287861824035644531250000000000
-2.79375743865966796875000000000000
-2.78466248512268066406250000000000
-2.77559351921081542968750000000000
-2.76655125617980957031250000000000
-2.75753474235534667968750000000000
-2.74854373931884765625000000000000
-2.73957920074462890625000000000000
-2.73064041137695312500000000000000
-2.72172760963439941406250000000000
-2.71284008026123046875000000000000
-2.70397806167602539062500000000000
-2.69514179229736328125000000000000
-2.68633079528808593750000000000000
-2.67754483222961425781250000000000
-2.66878414154052734375000000000000
-2.66004896163940429687500000000000
-2.65133881568908691406250000000000
-2.64265322685241699218750000000000
-2.63399267196655273437500000000000
-2.62535738945007324218750000000000
-2.61674666404724121093750000000000
-2.60816025733947753906250000000000
-2.59959864616394042968750000000000
-2.59106135368347167968750000000000
-2.58254909515380859375000000000000
-2.57406044006347656250000000000000
-2.56559610366821289062500000000000
-2.55715608596801757812500000000000
-2.54874062538146972656250000000000
-2.54034829139709472656250000000000
-2.53198051452636718750000000000000
-2.52363657951354980468750000000000
-2.51531624794006347656250000000000
-2.50701951980590820312500000000000
-2.49874639511108398437500000000000
-2.49049711227416992187500000000000
-2.48227119445800781250000000000000
-2.47406840324401855468750000000000
-2.46588921546936035156250000000000
-2.45773315429687500000000000000000
-2.44960045814514160156250000000000
-2.44149065017700195312500000000000
-2.43340349197387695312500000000000
-2.42533969879150390625000000000000
-2.41729879379272460937500000000000
-2.40928053855895996093750000000000
-2.40128493309020996093750000000000
-2.39331197738647460937500000000000
-2.38536167144775390625000000000000
-2.37743377685546875000000000000000
-2.36952805519104003906250000000000
-2.36164498329162597656250000000000
-2.35378408432006835937500000000000
-2.34594535827636718750000000000000
-2.33812856674194335937500000000000
-2.33033394813537597656250000000000
-2.32256150245666503906250000000000
-2.31481051445007324218750000000000
-2.30708122253417968750000000000000
-2.29937434196472167968750000000000
-2.29168891906738281250000000000000
-2.28402471542358398437500000000000
-2.27638196945190429687500000000000
-2.26876115798950195312500000000000
-2.26116156578063964843750000000000
-2.25358319282531738281250000000000
-2.24602603912353515625000000000000
-2.23849010467529296875000000000000
-2.23097538948059082031250000000000
-2.22348141670227050781250000000000
-2.21600842475891113281250000000000
-2.20855665206909179687500000000000
-2.20112538337707519531250000000000
-2.19371485710144042968750000000000
-2.18632483482360839843750000000000
-2.17895579338073730468750000000000
-2.17160725593566894531250000000000
-2.16427898406982421875000000000000
-2.15697097778320312500000000000000
-2.14968371391296386718750000000000
-2.14241647720336914062500000000000
-2.13516926765441894531250000000000
-2.12794232368469238281250000000000
-2.12073540687561035156250000000000
-2.11354875564575195312500000000000
-2.10638141632080078125000000000000
-2.09923410415649414062500000000000
-2.09210681915283203125000000000000
-2.08499932289123535156250000000000
-2.07791113853454589843750000000000
-2.07084274291992187500000000000000
-2.06379365921020507812500000000000
-2.05676436424255371093750000000000
-2.04975414276123046875000000000000
-2.04276323318481445312500000000000
-2.03579187393188476562500000000000
-2.02883958816528320312500000000000
-2.02190613746643066406250000000000
-2.01499176025390625000000000000000
-2.00809669494628906250000000000000
-2.00122070312500000000000000000000
-1.99436295032501220703125000000000
-1.98752427101135253906250000000000
-1.98070430755615234375000000000000
-1.97390317916870117187500000000000
-1.96712040901184082031250000000000
-1.96035611629486083984375000000000
-1.95361053943634033203125000000000
-1.94688344001770019531250000000000
-1.94017434120178222656250000000000
-1.93348360061645507812500000000000
-1.92681133747100830078125000000000
-1.92015707492828369140625000000000
-1.91352081298828125000000000000000
-1.90690255165100097656250000000000
-1.90030252933502197265625000000000
-1.89372038841247558593750000000000
-1.88715577125549316406250000000000
-1.88060891628265380859375000000000
-1.87408018112182617187500000000000
-1.86756896972656250000000000000000
-1.86107516288757324218750000000000
-1.85459876060485839843750000000000
-1.84814035892486572265625000000000
-1.84169912338256835937500000000000
-1.83527505397796630859375000000000
-1.82886826992034912109375000000000
-1.82247900962829589843750000000000
-1.81610703468322753906250000000000
-1.80975162982940673828125000000000
-1.80341339111328125000000000000000
-1.79709255695343017578125000000000
-1.79078841209411621093750000000000
-1.78450107574462890625000000000000
-1.77823042869567871093750000000000
-1.77197694778442382812500000000000
-1.76574015617370605468750000000000
-1.75951957702636718750000000000000
-1.75331568717956542968750000000000
-1.74712848663330078125000000000000
-1.74095773696899414062500000000000
-1.73480319976806640625000000000000
-1.72866499423980712890625000000000
-1.72254323959350585937500000000000
-1.71643793582916259765625000000000
-1.71034836769104003906250000000000
-1.70427501201629638671875000000000
-1.69821786880493164062500000000000
-1.69217681884765625000000000000000
-1.68615138530731201171875000000000
-1.68014192581176757812500000000000
-1.67414844036102294921875000000000
-1.66817069053649902343750000000000
-1.66220867633819580078125000000000
-1.65626204013824462890625000000000
-1.65033149719238281250000000000000
-1.64441621303558349609375000000000
-1.63851642608642578125000000000000
-1.63263189792633056640625000000000
-1.62676310539245605468750000000000
-1.62090957164764404296875000000000
-1.61507105827331542968750000000000
-1.60924792289733886718750000000000
-1.60344004631042480468750000000000
-1.59764730930328369140625000000000
-1.59186935424804687500000000000000
-1.58610641956329345703125000000000
-1.58035874366760253906250000000000
-1.57462584972381591796875000000000
-1.56890761852264404296875000000000
-1.56320416927337646484375000000000
-1.55751550197601318359375000000000
-1.55184173583984375000000000000000
-1.54618239402770996093750000000000
-1.54053735733032226562500000000000
-1.53490734100341796875000000000000
-1.52929162979125976562500000000000
-1.52369010448455810546875000000000
-1.51810300350189208984375000000000
-1.51253032684326171875000000000000
-1.50697195529937744140625000000000
-1.50142765045166015625000000000000
-1.49589741230010986328125000000000
-1.49038147926330566406250000000000
-1.48487949371337890625000000000000
-1.47939145565032958984375000000000
-1.47391724586486816406250000000000
-1.46845722198486328125000000000000
-1.46301102638244628906250000000000
-1.45757830142974853515625000000000
-1.45215940475463867187500000000000
-1.44675433635711669921875000000000
-1.44136285781860351562500000000000
-1.43598484992980957031250000000000
-1.43062031269073486328125000000000
-1.42526948451995849609375000000000
-1.41993212699890136718750000000000
-1.41460800170898437500000000000000
-1.40929698944091796875000000000000
-1.40399956703186035156250000000000
-1.39871549606323242187500000000000
-1.39344406127929687500000000000000
-1.38818597793579101562500000000000
-1.38294124603271484375000000000000
-1.37770950794219970703125000000000
-1.37249064445495605468750000000000
-1.36728441715240478515625000000000
-1.36209142208099365234375000000000
-1.35691130161285400390625000000000
-1.35174369812011718750000000000000
-1.34658896923065185546875000000000
-1.34144699573516845703125000000000
-1.33631777763366699218750000000000
-1.33120083808898925781250000000000
-1.32609641551971435546875000000000
-1.32100474834442138671875000000000
-1.31592559814453125000000000000000
-1.31085848808288574218750000000000
-1.30580377578735351562500000000000
-1.30076158046722412109375000000000
-1.29573166370391845703125000000000
-1.29071378707885742187500000000000
-1.28570806980133056640625000000000
-1.28071463108062744140625000000000
-1.27573323249816894531250000000000
-1.27076363563537597656250000000000
-1.26580607891082763671875000000000
-1.26086068153381347656250000000000
-1.25592708587646484375000000000000
-1.25100517272949218750000000000000
-1.24609494209289550781250000000000
-1.24119675159454345703125000000000
-1.23631024360656738281250000000000
-1.23143517971038818359375000000000
-1.22657167911529541015625000000000
-1.22171998023986816406250000000000
-1.21687972545623779296875000000000
-1.21205079555511474609375000000000
-1.20723330974578857421875000000000
-1.20242738723754882812500000000000
-1.19763267040252685546875000000000
-1.19284915924072265625000000000000
-1.18807697296142578125000000000000
-1.18331599235534667968750000000000
-1.17856621742248535156250000000000
-1.17382740974426269531250000000000
-1.16909968852996826171875000000000
-1.16438293457031250000000000000000
-1.15967726707458496093750000000000
-1.15498256683349609375000000000000
-1.15029859542846679687500000000000
-1.14562559127807617187500000000000
-1.14096331596374511718750000000000
-1.13631176948547363281250000000000
-1.13167095184326171875000000000000
-1.12704086303710937500000000000000
-1.12242126464843750000000000000000
-1.11781239509582519531250000000000
-1.11321389675140380859375000000000
-1.10862600803375244140625000000000
-1.10404849052429199218750000000000
-1.09948134422302246093750000000000
-1.09492468833923339843750000000000
-1.09037828445434570312500000000000
-1.08584201335906982421875000000000
-1.08131623268127441406250000000000
-1.07680046558380126953125000000000
-1.07229495048522949218750000000000
-1.06779944896697998046875000000000
-1.06331396102905273437500000000000
-1.05883860588073730468750000000000
-1.05437314510345458984375000000000
-1.04991769790649414062500000000000
-1.04547202587127685546875000000000
-1.04103636741638183593750000000000
-1.03661036491394042968750000000000
-1.03219413757324218750000000000000
-1.02778780460357666015625000000000
-1.02339100837707519531250000000000
-1.01900386810302734375000000000000
-1.01462638378143310546875000000000
-1.01025843620300292968750000000000
-1.00589990615844726562500000000000
-1.00155103206634521484375000000000
-0.99721145629882812500000000000000
-0.99288135766983032226562500000000
-0.98856055736541748046875000000000
-0.98424911499023437500000000000000
-0.97994685173034667968750000000000
-0.97565400600433349609375000000000
-0.97137016057968139648437500000000
-0.96709561347961425781250000000000
-0.96283006668090820312500000000000
-0.95857369899749755859375000000000
-0.95432621240615844726562500000000
-0.95008778572082519531250000000000
-0.94585835933685302734375000000000
-0.94163781404495239257812500000000
-0.93742609024047851562500000000000
-0.93322336673736572265625000000000
-0.92902922630310058593750000000000
-0.92484396696090698242187500000000
-0.92066729068756103515625000000000
-0.91649943590164184570312500000000
-0.91234016418457031250000000000000
-0.90818953514099121093750000000000
-0.90404736995697021484375000000000
-0.89991378784179687500000000000000
-0.89578866958618164062500000000000
-0.89167195558547973632812500000000
-0.88756370544433593750000000000000
-0.88346379995346069335937500000000
-0.87937217950820922851562500000000
-0.87528884410858154296875000000000
-0.87121373414993286132812500000000
-0.86714690923690795898437500000000
-0.86308825016021728515625000000000
-0.85903763771057128906250000000000
-0.85499519109725952148437500000000
-0.85096085071563720703125000000000
-0.84693443775177001953125000000000
-0.84291601181030273437500000000000
-0.83890545368194580078125000000000
-0.83490300178527832031250000000000
-0.83090823888778686523437500000000
-0.82692134380340576171875000000000
-0.82294225692749023437500000000000
-0.81897091865539550781250000000000
-0.81500738859176635742187500000000
-0.81105142831802368164062500000000
-0.80710315704345703125000000000000
-0.80316245555877685546875000000000
-0.79922932386398315429687500000000
-0.79530370235443115234375000000000
-0.79138559103012084960937500000000
-0.78747498989105224609375000000000
-0.78357172012329101562500000000000
-0.77967590093612670898437500000000
-0.77578741312026977539062500000000
-0.77190625667572021484375000000000
-0.76803231239318847656250000000000
-0.76416563987731933593750000000000
-0.76030617952346801757812500000000
-0.75645387172698974609375000000000
-0.75260871648788452148437500000000
-0.74877059459686279296875000000000
-0.74493950605392456054687500000000
-0.74111545085906982421875000000000
-0.73729848861694335937500000000000
-0.73348838090896606445312500000000
-0.72968518733978271484375000000000
-0.72588884830474853515625000000000
-0.72209942340850830078125000000000
-0.71831679344177246093750000000000
-0.71454083919525146484375000000000
-0.71077167987823486328125000000000
-0.70700919628143310546875000000000
-0.70325338840484619140625000000000
-0.69950425624847412109375000000000
-0.69576162099838256835937500000000
-0.69202560186386108398437500000000
-0.68829607963562011718750000000000
-0.68457305431365966796875000000000
-0.68085646629333496093750000000000
-0.67714631557464599609375000000000
-0.67344248294830322265625000000000
-0.66974508762359619140625000000000
-0.66605389118194580078125000000000
-0.66236907243728637695312500000000
-0.65869045257568359375000000000000
-0.65501809120178222656250000000000
-0.65135180950164794921875000000000
-0.64769172668457031250000000000000
-0.64403772354125976562500000000000
-0.64038980007171630859375000000000
-0.63674783706665039062500000000000
-0.63311195373535156250000000000000
-0.62948203086853027343750000000000
-0.62585800886154174804687500000000
-0.62223994731903076171875000000000
-0.61862766742706298828125000000000
-0.61502122879028320312500000000000
-0.61142063140869140625000000000000
-0.60782581567764282226562500000000
-0.60423660278320312500000000000000
-0.60065317153930664062500000000000
-0.59707540273666381835937500000000
-0.59350323677062988281250000000000
-0.58993667364120483398437500000000
-0.58637565374374389648437500000000
-0.58282017707824707031250000000000
-0.57927024364471435546875000000000
-0.57572567462921142578125000000000
-0.57218658924102783203125000000000
-0.56865286827087402343750000000000
-0.56512445211410522460937500000000
-0.56160145998001098632812500000000
-0.55808371305465698242187500000000
-0.55457121133804321289062500000000
-0.55106395483016967773437500000000
-0.54756188392639160156250000000000
-0.54406493902206420898437500000000
-0.54057317972183227539062500000000
-0.53708648681640625000000000000000
-0.53360486030578613281250000000000
-0.53012824058532714843750000000000
-0.52665662765502929687500000000000
-0.52319002151489257812500000000000
-0.51972830295562744140625000000000
-0.51627141237258911132812500000000
-0.51281946897506713867187500000000
-0.50937235355377197265625000000000
-0.50593000650405883789062500000000
-0.50249242782592773437500000000000
-0.49905964732170104980468750000000
-0.49563148617744445800781250000000
-0.49220803380012512207031250000000
-0.48878926038742065429687500000000
-0.48537504673004150390625000000000
-0.48196539282798767089843750000000
-0.47856029868125915527343750000000
-0.47515970468521118164062500000000
-0.47176358103752136230468750000000
-0.46837189793586730957031250000000
-0.46498465538024902343750000000000
-0.46160173416137695312500000000000
-0.45822322368621826171875000000000
-0.45484903454780578613281250000000
-0.45147913694381713867187500000000
-0.44811344146728515625000000000000
-0.44475197792053222656250000000000
-0.44139474630355834960937500000000
-0.43804162740707397460937500000000
-0.43469268083572387695312500000000
-0.43134778738021850585937500000000
-0.42800694704055786132812500000000
-0.42467018961906433105468750000000
-0.42133739590644836425781250000000
-0.41800859570503234863281250000000
-0.41468372941017150878906250000000
-0.41136276721954345703125000000000
-0.40804567933082580566406250000000
-0.40473246574401855468750000000000
-0.40142300724983215332031250000000
-0.39811736345291137695312500000000
-0.39481547474861145019531250000000
-0.39151728153228759765625000000000
-0.38822281360626220703125000000000
-0.38493195176124572753906250000000
-0.38164475560188293457031250000000
-0.37836116552352905273437500000000
-0.37508109211921691894531250000000
-0.37180459499359130859375000000000
-0.36853158473968505859375000000000
-0.36526206135749816894531250000000
-0.36199593544006347656250000000000
-0.35873329639434814453125000000000
-0.35547396540641784667968750000000
-0.35221800208091735839843750000000
-0.34896537661552429199218750000000
-0.34571602940559387207031250000000
-0.34246993064880371093750000000000
-0.33922708034515380859375000000000
-0.33598738908767700195312500000000
-0.33275088667869567871093750000000
-0.32951754331588745117187500000000
-0.32628726959228515625000000000000
-0.32306009531021118164062500000000
-0.31983596086502075195312500000000
-0.31661480665206909179687500000000
-0.31339666247367858886718750000000
-0.31018146872520446777343750000000
-0.30696916580200195312500000000000
-0.30375981330871582031250000000000
-0.30055326223373413085937500000000
-0.29734960198402404785156250000000
-0.29414871335029602050781250000000
-0.29095059633255004882812500000000
-0.28775522112846374511718750000000
-0.28456255793571472167968750000000
-0.28137257695198059082031250000000
-0.27818524837493896484375000000000
-0.27500054240226745605468750000000
-0.27181839942932128906250000000000
-0.26863884925842285156250000000000
-0.26546183228492736816406250000000
-0.26228728890419006347656250000000
-0.25911524891853332519531250000000
-0.25594562292098999023437500000000
-0.25277844071388244628906250000000
-0.24961361289024353027343750000000
-0.24645113945007324218750000000000
-0.24329100549221038818359375000000
-0.24013313651084899902343750000000
-0.23697754740715026855468750000000
-0.23382419347763061523437500000000
-0.23067301511764526367187500000000
-0.22752404212951660156250000000000
-0.22437721490859985351562500000000
-0.22123248875141143798828125000000
-0.21808983385562896728515625000000
-0.21494925022125244140625000000000
-0.21181069314479827880859375000000
-0.20867413282394409179687500000000
-0.20553952455520629882812500000000
-0.20240685343742370605468750000000
-0.19927610456943511962890625000000
-0.19614723324775695800781250000000
-0.19302019476890563964843750000000
-0.18989497423171997070312500000000
-0.18677157163619995117187500000000
-0.18364989757537841796875000000000
-0.18052996695041656494140625000000
-0.17741173505783081054687500000000
-0.17429517209529876708984375000000
-0.17118024826049804687500000000000
-0.16806694865226745605468750000000
-0.16495522856712341308593750000000
-0.16184505820274353027343750000000
-0.15873640775680541992187500000000
-0.15562926232814788818359375000000
-0.15252357721328735351562500000000
-0.14941933751106262207031250000000
-0.14631649851799011230468750000000
-0.14321504533290863037109375000000
-0.14011493325233459472656250000000
-0.13701614737510681152343750000000
-0.13391864299774169921875000000000
-0.13082242012023925781250000000000
-0.12772740423679351806640625000000
-0.12463360279798507690429687500000
-0.12154097855091094970703125000000
-0.11844950169324874877929687500000
-0.11535913497209548950195312500000
-0.11226986348628997802734375000000
-0.10918163508176803588867187500000
-0.10609444230794906616210937500000
-0.10300825536251068115234375000000
-0.09992302954196929931640625000000
-0.09683874994516372680664062500000
-0.09375538676977157592773437500000
-0.09067290276288986206054687500000
-0.08759126812219619750976562500000
-0.08451046794652938842773437500000
-0.08143045753240585327148437500000
-0.07835121452808380126953125000000
-0.07527271658182144165039062500000
-0.07219491899013519287109375000000
-0.06911780685186386108398437500000
-0.06604134291410446166992187500000
-0.06296550482511520385742187500000
-0.05989025160670280456542968750000
-0.05681556835770606994628906250000
-0.05374142155051231384277343750000
-0.05066778138279914855957031250000
-0.04759461805224418640136718750000
-0.04452189803123474121093750000000
-0.04144960641860961914062500000000
-0.03837769851088523864746093750000
-0.03530615195631980895996093750000
-0.03223494440317153930664062500000
-0.02916403673589229583740234375000
-0.02609340474009513854980468750000
-0.02302301675081253051757812500000
-0.01995284482836723327636718750000
-0.01688286475837230682373046875000
-0.01381304115056991577148437500000
-0.01074334699660539627075195312500
-0.00767375621944665908813476562500
-0.00460423668846487998962402343750
-0.00153476058039814233779907226562
0.00153470097575336694717407226562
0.00460417661815881729125976562500
0.00767369661480188369750976562500
0.01074328832328319549560546875000
0.01381298154592514038085937500000
0.01688280515372753143310546875000
0.01995278708636760711669921875000
0.02302295714616775512695312500000
0.02609334327280521392822265625000
0.02916397713124752044677734375000
0.03223488479852676391601562500000
0.03530609607696533203125000000000
0.03837763890624046325683593750000
0.04144954308867454528808593750000
0.04452184215188026428222656250000
0.04759455472230911254882812500000
0.05066772177815437316894531250000
0.05374136194586753845214843750000
0.05681550875306129455566406250000
0.05989019200205802917480468750000
0.06296543776988983154296875000000
0.06604127585887908935546875000000
0.06911773979663848876953125000000
0.07219485938549041748046875000000
0.07527264952659606933593750000000
0.07835115492343902587890625000000
0.08143039047718048095703125000000
0.08451040834188461303710937500000
0.08759120851755142211914062500000
0.09067284315824508666992187500000
0.09375532716512680053710937500000
0.09683869779109954833984375000000
0.09992296993732452392578125000000
0.10300819575786590576171875000000
0.10609438270330429077148437500000
0.10918157547712326049804687500000
0.11226980388164520263671875000000
0.11535907536745071411132812500000
0.11844943463802337646484375000000
0.12154092639684677124023437500000
0.12463355064392089843750000000000
0.12772734463214874267578125000000
0.13082234561443328857421875000000
0.13391859829425811767578125000000
0.13701608777046203613281250000000
0.14011487364768981933593750000000
0.14321498572826385498046875000000
0.14631643891334533691406250000000
0.14941927790641784667968750000000
0.15252353250980377197265625000000
0.15562920272350311279296875000000
0.15873634815216064453125000000000
0.16184499859809875488281250000000
0.16495516896247863769531250000000
0.16806688904762268066406250000000
0.17118018865585327148437500000000
0.17429511249065399169921875000000
0.17741167545318603515625000000000
0.18052990734577178955078125000000
0.18364983797073364257812500000000
0.18677149713039398193359375000000
0.18989492952823638916015625000000
0.19302013516426086425781250000000
0.19614715874195098876953125000000
0.19927604496479034423828125000000
0.20240679383277893066406250000000
0.20553946495056152343750000000000
0.20867407321929931640625000000000
0.21181061863899230957031250000000
0.21494919061660766601562500000000
0.21808977425098419189453125000000
0.22123242914676666259765625000000
0.22437715530395507812500000000000
0.22752398252487182617187500000000
0.23067297041416168212890625000000
0.23382411897182464599609375000000
0.23697747290134429931640625000000
0.24013307690620422363281250000000
0.24329093098640441894531250000000
0.24645106494426727294921875000000
0.24961355328559875488281250000000
0.25277835130691528320312500000000
0.25594556331634521484375000000000
0.25911518931388854980468750000000
0.26228725910186767578125000000000
0.26546174287796020507812500000000
0.26863878965377807617187500000000
0.27181836962699890136718750000000
0.27500045299530029296875000000000
0.27818518877029418945312500000000
0.28137248754501342773437500000000
0.28456249833106994628906250000000
0.28775516152381896972656250000000
0.29095053672790527343750000000000
0.29414865374565124511718750000000
0.29734951257705688476562500000000
0.30055323243141174316406250000000
0.30375975370407104492187500000000
0.30696913599967956542968750000000
0.31018140912055969238281250000000
0.31339660286903381347656250000000
0.31661474704742431640625000000000
0.31983587145805358886718750000000
0.32306000590324401855468750000000
0.32628720998764038085937500000000
0.32951748371124267578125000000000
0.33275082707405090332031250000000
0.33598735928535461425781250000000
0.33922702074050903320312500000000
0.34246987104415893554687500000000
0.34571596980094909667968750000000
0.34896531701087951660156250000000
0.35221797227859497070312500000000
0.35547390580177307128906250000000
0.35873323678970336914062500000000
0.36199590563774108886718750000000
0.36526197195053100585937500000000
0.36853152513504028320312500000000
0.37180453538894653320312500000000
0.37508106231689453125000000000000
0.37836107611656188964843750000000
0.38164469599723815917968750000000
0.38493192195892333984375000000000
0.38822275400161743164062500000000
0.39151722192764282226562500000000
0.39481538534164428710937500000000
0.39811730384826660156250000000000
0.40142294764518737792968750000000
0.40473237633705139160156250000000
0.40804561972618103027343750000000
0.41136270761489868164062500000000
0.41468366980552673339843750000000
0.41800856590270996093750000000000
0.42133736610412597656250000000000
0.42467015981674194335937500000000
0.42800691723823547363281250000000
0.43134775757789611816406250000000
0.43469259142875671386718750000000
0.43804156780242919921875000000000
0.44139465689659118652343750000000
0.44475194811820983886718750000000
0.44811338186264038085937500000000
0.45147904753684997558593750000000
0.45484900474548339843750000000000
0.45822316408157348632812500000000
0.46160170435905456542968750000000
0.46498456597328186035156250000000
0.46837186813354492187500000000000
0.47176355123519897460937500000000
0.47515958547592163085937500000000
0.47856020927429199218750000000000
0.48196530342102050781250000000000
0.48537495732307434082031250000000
0.48878917098045349121093750000000
0.49220800399780273437500000000000
0.49563145637512207031250000000000
0.49905955791473388671875000000000
0.50249242782592773437500000000000
0.50592994689941406250000000000000
0.50937229394912719726562500000000
0.51281940937042236328125000000000
0.51627135276794433593750000000000
0.51972818374633789062500000000000
0.52318990230560302734375000000000
0.52665650844573974609375000000000
0.53012818098068237304687500000000
0.53360474109649658203125000000000
0.53708636760711669921875000000000
0.54057312011718750000000000000000
0.54406487941741943359375000000000
0.54756176471710205078125000000000
0.55106389522552490234375000000000
0.55457115173339843750000000000000
0.55808365345001220703125000000000
0.56160140037536621093750000000000
0.56512445211410522460937500000000
0.56865274906158447265625000000000
0.57218652963638305664062500000000
0.57572561502456665039062500000000
0.57927012443542480468750000000000
0.58282017707824707031250000000000
0.58637559413909912109375000000000
0.58993661403656005859375000000000
0.59350317716598510742187500000000
0.59707534313201904296875000000000
0.60065311193466186523437500000000
0.60423660278320312500000000000000
0.60782569646835327148437500000000
0.61142063140869140625000000000000
0.61502122879028320312500000000000
0.61862760782241821289062500000000
0.62223982810974121093750000000000
0.62585794925689697265625000000000
0.62948197126388549804687500000000
0.63311189413070678710937500000000
0.63674777746200561523437500000000
0.64038968086242675781250000000000
0.64403766393661499023437500000000
0.64769160747528076171875000000000
0.65135174989700317382812500000000
0.65501797199249267578125000000000
0.65869039297103881835937500000000
0.66236901283264160156250000000000
0.66605383157730102539062500000000
0.66974496841430664062500000000000
0.67344242334365844726562500000000
0.67714625597000122070312500000000
0.68085640668869018554687500000000
0.68457293510437011718750000000000
0.68829602003097534179687500000000
0.69202554225921630859375000000000
0.69576156139373779296875000000000
0.69950413703918457031250000000000
0.70325332880020141601562500000000
0.70700913667678833007812500000000
0.71077162027359008789062500000000
0.71454077959060668945312500000000
0.71831667423248291015625000000000
0.72209936380386352539062500000000
0.72588878870010375976562500000000
0.72968506813049316406250000000000
0.73348832130432128906250000000000
0.73729836940765380859375000000000
0.74111545085906982421875000000000
0.74493944644927978515625000000000
0.74877047538757324218750000000000
0.75260865688323974609375000000000
0.75645375251770019531250000000000
0.76030611991882324218750000000000
0.76416558027267456054687500000000
0.76803219318389892578125000000000
0.77190613746643066406250000000000
0.77578735351562500000000000000000
0.77967584133148193359375000000000
0.78357166051864624023437500000000
0.78747487068176269531250000000000
0.79138553142547607421875000000000
0.79530364274978637695312500000000
0.79922926425933837890625000000000
0.80316233634948730468750000000000
0.80710303783416748046875000000000
0.81105136871337890625000000000000
0.81500726938247680664062500000000
0.81897091865539550781250000000000
0.82294219732284545898437500000000
0.82692128419876098632812500000000
0.83090817928314208984375000000000
0.83490288257598876953125000000000
0.83890545368194580078125000000000
0.84291589260101318359375000000000
0.84693431854248046875000000000000
0.85096073150634765625000000000000
0.85499513149261474609375000000000
0.85903751850128173828125000000000
0.86308819055557250976562500000000
0.86714684963226318359375000000000
0.87121367454528808593750000000000
0.87528872489929199218750000000000
0.87937200069427490234375000000000
0.88346362113952636718750000000000
0.88756358623504638671875000000000
0.89167189598083496093750000000000
0.89578855037689208984375000000000
0.89991366863250732421875000000000
0.90404725074768066406250000000000
0.90818941593170166015625000000000
0.91234016418457031250000000000000
0.91649937629699707031250000000000
0.92066729068756103515625000000000
0.92484378814697265625000000000000
0.92902910709381103515625000000000
0.93322324752807617187500000000000
0.93742609024047851562500000000000
0.94163775444030761718750000000000
0.94585824012756347656250000000000
0.95008778572082519531250000000000
0.95432615280151367187500000000000
0.95857352018356323242187500000000
0.96283006668090820312500000000000
0.96709549427032470703125000000000
0.97137010097503662109375000000000
0.97565382719039916992187500000000
0.97994685173034667968750000000000
0.98424899578094482421875000000000
0.98856049776077270507812500000000
0.99288123846054077148437500000000
0.99721133708953857421875000000000
1.00155091285705566406250000000000
1.00589990615844726562500000000000
1.01025831699371337890625000000000
1.01462626457214355468750000000000
1.01900374889373779296875000000000
1.02339088916778564453125000000000
1.02778768539428710937500000000000
1.03219413757324218750000000000000
1.03661036491394042968750000000000
1.04103624820709228515625000000000
1.04547202587127685546875000000000
1.04991757869720458984375000000000
1.05437302589416503906250000000000
1.05883848667144775390625000000000
1.06331384181976318359375000000000
1.06779932975769042968750000000000
1.07229471206665039062500000000000
1.07680034637451171875000000000000
1.08131599426269531250000000000000
1.08584201335906982421875000000000
1.09037816524505615234375000000000
1.09492456912994384765625000000000
1.09948122501373291015625000000000
1.10404837131500244140625000000000
1.10862588882446289062500000000000
1.11321377754211425781250000000000
1.11781215667724609375000000000000
1.12242114543914794921875000000000
1.12704074382781982421875000000000
1.13167095184326171875000000000000
1.13631165027618408203125000000000
1.14096319675445556640625000000000
1.14562547206878662109375000000000
1.15029847621917724609375000000000
1.15498244762420654296875000000000
1.15967726707458496093750000000000
1.16438293457031250000000000000000
1.16909956932067871093750000000000
1.17382729053497314453125000000000
1.17856597900390625000000000000000
1.18331599235534667968750000000000
1.18807697296142578125000000000000
1.19284892082214355468750000000000
1.19763255119323730468750000000000
1.20242738723754882812500000000000
1.20723330974578857421875000000000
1.21205067634582519531250000000000
1.21687960624694824218750000000000
1.22171998023986816406250000000000
1.22657167911529541015625000000000
1.23143494129180908203125000000000
1.23631000518798828125000000000000
1.24119675159454345703125000000000
1.24609494209289550781250000000000
1.25100493431091308593750000000000
1.25592684745788574218750000000000
1.26086068153381347656250000000000
1.26580607891082763671875000000000
1.27076339721679687500000000000000
1.27573299407958984375000000000000
1.28071463108062744140625000000000
1.28570806980133056640625000000000
1.29071366786956787109375000000000
1.29573154449462890625000000000000
1.30076158046722412109375000000000
1.30580377578735351562500000000000
1.31085824966430664062500000000000
1.31592535972595214843750000000000
1.32100474834442138671875000000000
1.32609641551971435546875000000000
1.33120059967041015625000000000000
1.33631753921508789062500000000000
1.34144699573516845703125000000000
1.34658896923065185546875000000000
1.35174357891082763671875000000000
1.35691118240356445312500000000000
1.36209142208099365234375000000000
1.36728441715240478515625000000000
1.37249028682708740234375000000000
1.37770938873291015625000000000000
1.38294124603271484375000000000000
1.38818597793579101562500000000000
1.39344406127929687500000000000000
1.39871525764465332031250000000000
1.40399956703186035156250000000000
1.40929698944091796875000000000000
1.41460764408111572265625000000000
1.41993188858032226562500000000000
1.42526948451995849609375000000000
1.43062031269073486328125000000000
1.43598461151123046875000000000000
1.44136261940002441406250000000000
1.44675433635711669921875000000000
1.45215940475463867187500000000000
1.45757794380187988281250000000000
1.46301066875457763671875000000000
1.46845722198486328125000000000000
1.47391724586486816406250000000000
1.47939121723175048828125000000000
1.48487937450408935546875000000000
1.49038147926330566406250000000000
1.49589741230010986328125000000000
1.50142741203308105468750000000000
1.50697183609008789062500000000000
1.51253032684326171875000000000000
1.51810300350189208984375000000000
1.52368986606597900390625000000000
1.52929139137268066406250000000000
1.53490734100341796875000000000000
1.54053735733032226562500000000000
1.54618215560913085937500000000000
1.55184149742126464843750000000000
1.55751550197601318359375000000000
1.56320416927337646484375000000000
1.56890726089477539062500000000000
1.57462561130523681640625000000000
1.58035874366760253906250000000000
1.58610641956329345703125000000000
1.59186911582946777343750000000000
1.59764719009399414062500000000000
1.60344004631042480468750000000000
1.60924792289733886718750000000000
1.61507105827331542968750000000000
1.62090933322906494140625000000000
1.62676310539245605468750000000000
1.63263189792633056640625000000000
1.63851618766784667968750000000000
1.64441609382629394531250000000000
1.65033149719238281250000000000000
1.65626204013824462890625000000000
1.66220831871032714843750000000000
1.66817057132720947265625000000000
1.67414844036102294921875000000000
1.68014192581176757812500000000000
1.68615114688873291015625000000000
1.69217658042907714843750000000000
1.69821786880493164062500000000000
1.70427501201629638671875000000000
1.71034812927246093750000000000000
1.71643769741058349609375000000000
1.72254323959350585937500000000000
1.72866499423980712890625000000000
1.73480296134948730468750000000000
1.74095749855041503906250000000000
1.74712848663330078125000000000000
1.75331568717956542968750000000000
1.75951933860778808593750000000000
1.76573979854583740234375000000000
1.77197694778442382812500000000000
1.77823042869567871093750000000000
1.78450083732604980468750000000000
1.79078829288482666015625000000000
1.79709255695343017578125000000000
1.80341339111328125000000000000000
1.80975139141082763671875000000000
1.81610667705535888671875000000000
1.82247900962829589843750000000000
1.82886826992034912109375000000000
1.83527481555938720703125000000000
1.84169888496398925781250000000000
1.84814035892486572265625000000000
1.85459876060485839843750000000000
1.86107492446899414062500000000000
1.86756873130798339843750000000000
1.87408018112182617187500000000000
1.88060891628265380859375000000000
1.88715553283691406250000000000000
1.89372014999389648437500000000000
1.90030252933502197265625000000000
1.90690255165100097656250000000000
1.91352057456970214843750000000000
1.92015683650970458984375000000000
1.92681133747100830078125000000000
1.93348360061645507812500000000000
1.94017410278320312500000000000000
1.94688320159912109375000000000000
1.95361053943634033203125000000000
1.96035611629486083984375000000000
1.96712017059326171875000000000000
1.97390294075012207031250000000000
1.98070430755615234375000000000000
1.98752427101135253906250000000000
1.99436271190643310546875000000000
2.00122046470642089843750000000000
2.00809669494628906250000000000000
2.01499176025390625000000000000000
2.02190589904785156250000000000000
2.02883934974670410156250000000000
2.03579187393188476562500000000000
2.04276323318481445312500000000000
2.04975390434265136718750000000000
2.05676412582397460937500000000000
2.06379365921020507812500000000000
2.07084274291992187500000000000000
2.07791090011596679687500000000000
2.08499908447265625000000000000000
2.09210681915283203125000000000000
2.09923410415649414062500000000000
2.10638117790222167968750000000000
2.11354827880859375000000000000000
2.12073540687561035156250000000000
2.12794232368469238281250000000000
2.13516902923583984375000000000000
2.14241600036621093750000000000000
2.14968371391296386718750000000000
2.15697097778320312500000000000000
2.16427850723266601562500000000000
2.17160701751708984375000000000000
2.17895579338073730468750000000000
2.18632483482360839843750000000000
2.19371461868286132812500000000000
2.20112514495849609375000000000000
2.20855665206909179687500000000000
2.21600842475891113281250000000000
2.22348117828369140625000000000000
2.23097515106201171875000000000000
2.23849010467529296875000000000000
2.24602603912353515625000000000000
2.25358295440673828125000000000000
2.26116132736206054687500000000000
2.26876115798950195312500000000000
2.27638196945190429687500000000000
2.28402447700500488281250000000000
2.29168844223022460937500000000000
2.29937434196472167968750000000000
2.30708122253417968750000000000000
2.31481027603149414062500000000000
2.32256102561950683593750000000000
2.33033394813537597656250000000000
2.33812856674194335937500000000000
2.34594488143920898437500000000000
2.35378408432006835937500000000000
2.36164498329162597656250000000000
2.36952805519104003906250000000000
2.37743330001831054687500000000000
2.38536143302917480468750000000000
2.39331197738647460937500000000000
2.40128493309020996093750000000000
2.40928030014038085937500000000000
2.41729879379272460937500000000000
2.42533969879150390625000000000000
2.43340349197387695312500000000000
2.44149017333984375000000000000000
2.44960021972656250000000000000000
2.45773315429687500000000000000000
2.46588921546936035156250000000000
2.47406816482543945312500000000000
2.48227095603942871093750000000000
2.49049711227416992187500000000000
2.49874639511108398437500000000000
2.50701928138732910156250000000000
2.51531600952148437500000000000000
2.52363657951354980468750000000000
2.53198051452636718750000000000000
2.54034805297851562500000000000000
2.54874014854431152343750000000000
2.55715608596801757812500000000000
2.56559610366821289062500000000000
2.57406020164489746093750000000000
2.58254837989807128906250000000000
2.59106135368347167968750000000000
2.59959864616394042968750000000000
2.60815978050231933593750000000000
2.61674618721008300781250000000000
2.62535738945007324218750000000000
2.63399267196655273437500000000000
2.64265298843383789062500000000000
2.65133833885192871093750000000000
2.66004896163940429687500000000000
2.66878414154052734375000000000000
2.67754435539245605468750000000000
2.68633031845092773437500000000000
2.69514179229736328125000000000000
2.70397806167602539062500000000000
2.71283960342407226562500000000000
2.72172713279724121093750000000000
2.73064041137695312500000000000000
2.73957920074462890625000000000000
2.74854350090026855468750000000000
2.75753426551818847656250000000000
2.76655125617980957031250000000000
2.77559351921081542968750000000000
2.78466200828552246093750000000000
2.79375696182250976562500000000000
2.80287861824035644531250000000000
2.81202602386474609375000000000000
2.82120013236999511718750000000000
2.83040094375610351562500000000000
2.83962869644165039062500000000000
2.84888291358947753906250000000000
2.85816359519958496093750000000000
2.86747169494628906250000000000000
2.87680697441101074218750000000000
2.88616895675659179687500000000000
2.89555788040161132812500000000000
2.90497446060180664062500000000000
2.91441869735717773437500000000000
2.92389011383056640625000000000000
2.93338871002197265625000000000000
2.94291543960571289062500000000000
2.95246982574462890625000000000000
2.96205186843872070312500000000000
2.97166156768798828125000000000000
2.98129987716674804687500000000000
2.99096632003784179687500000000000
3.00066041946411132812500000000000
3.01038265228271484375000000000000
3.02013397216796875000000000000000
3.02991342544555664062500000000000
3.03972101211547851562500000000000
3.04955744743347167968750000000000
3.05942296981811523437500000000000
3.06931734085083007812500000000000
3.07924032211303710937500000000000
3.08919191360473632812500000000000
3.09917330741882324218750000000000
3.10918402671813964843750000000000
3.11922335624694824218750000000000
3.12929224967956542968750000000000
3.13939094543457031250000000000000
3.14951920509338378906250000000000
3.15967679023742675781250000000000
3.16986393928527832031250000000000
3.18008160591125488281250000000000
3.19032931327819824218750000000000
3.20060658454895019531250000000000
3.21091365814208984375000000000000
3.22125196456909179687500000000000
3.23162031173706054687500000000000
3.24201869964599609375000000000000
3.25244760513305664062500000000000
3.26290774345397949218750000000000
3.27339839935302734375000000000000
3.28391981124877929687500000000000
3.29447174072265625000000000000000
3.30505514144897460937500000000000
3.31567001342773437500000000000000
3.32631540298461914062500000000000
3.33699250221252441406250000000000
3.34770131111145019531250000000000
3.35844135284423828125000000000000
3.36921286582946777343750000000000
3.38001632690429687500000000000000
3.39085197448730468750000000000000
3.40171933174133300781250000000000
3.41261839866638183593750000000000
3.42354941368103027343750000000000
3.43451356887817382812500000000000
3.44550967216491699218750000000000
3.45653796195983886718750000000000
3.46759891510009765625000000000000
3.47869277000427246093750000000000
3.48981976509094238281250000000000
3.50097894668579101562500000000000
3.51217103004455566406250000000000
3.52339696884155273437500000000000
3.53465557098388671875000000000000
3.54594755172729492187500000000000
3.55727267265319824218750000000000
3.56863188743591308593750000000000
3.58002448081970214843750000000000
3.59145045280456542968750000000000
3.60291028022766113281250000000000
3.61440491676330566406250000000000
3.62593293190002441406250000000000
3.63749504089355468750000000000000
3.64909148216247558593750000000000
3.66072225570678710937500000000000
3.67238831520080566406250000000000
3.68408799171447753906250000000000
3.69582247734069824218750000000000
3.70759272575378417968750000000000
3.71939706802368164062500000000000
3.73123598098754882812500000000000
3.74311065673828125000000000000000
3.75502014160156250000000000000000
3.76696634292602539062500000000000
3.77894687652587890625000000000000
3.79096293449401855468750000000000
3.80301594734191894531250000000000
3.81510376930236816406250000000000
3.82722735404968261718750000000000
3.83938694000244140625000000000000
3.85158276557922363281250000000000
3.86381602287292480468750000000000
3.87608456611633300781250000000000
3.88838958740234375000000000000000
3.90073227882385253906250000000000
3.91311097145080566406250000000000
3.92552614212036132812500000000000
3.93797850608825683593750000000000
3.95046782493591308593750000000000
3.96299552917480468750000000000000
3.97555971145629882812500000000000
3.98816084861755371093750000000000
4.00080108642578125000000000000000
4.01347780227661132812500000000000
4.02619218826293945312500000000000
4.03894472122192382812500000000000
4.05173540115356445312500000000000
4.06456470489501953125000000000000
4.07743215560913085937500000000000
4.09033727645874023437500000000000
4.10328245162963867187500000000000
4.11626482009887695312500000000000
4.12928628921508789062500000000000
4.14234638214111328125000000000000
4.15544557571411132812500000000000
4.16858530044555664062500000000000
4.18176317214965820312500000000000
4.19498014450073242187500000000000
4.20823764801025390625000000000000
4.22153425216674804687500000000000
4.23486995697021484375000000000000
4.24824619293212890625000000000000
4.26166200637817382812500000000000
4.27511930465698242187500000000000
4.28861570358276367187500000000000
4.30215263366699218750000000000000
4.31573104858398437500000000000000
4.32934904098510742187500000000000
4.34300804138183593750000000000000
4.35670757293701171875000000000000
4.37044811248779296875000000000000
4.38423109054565429687500000000000
4.39805412292480468750000000000000
4.41191911697387695312500000000000
4.42582654953002929687500000000000
4.43977451324462890625000000000000
4.45376396179199218750000000000000
4.46779632568359375000000000000000
4.48186969757080078125000000000000
4.49598693847656250000000000000000
4.51014518737792968750000000000000
4.52434635162353515625000000000000
4.53859090805053710937500000000000
4.55287694931030273437500000000000
4.56720638275146484375000000000000
4.58157825469970703125000000000000
4.59599399566650390625000000000000
4.61045408248901367187500000000000
4.62495565414428710937500000000000
4.63950157165527343750000000000000
4.65409231185913085937500000000000
4.66872501373291015625000000000000
4.68340301513671875000000000000000
4.69812393188476562500000000000000
4.71288967132568359375000000000000
4.72770071029663085937500000000000
4.74255561828613281250000000000000
4.75745487213134765625000000000000
4.77239990234375000000000000000000
4.78738880157470703125000000000000
4.80242300033569335937500000000000
4.81750249862670898437500000000000
4.83262729644775390625000000000000
4.84779882431030273437500000000000
4.86301469802856445312500000000000
4.87827634811401367187500000000000
4.89358520507812500000000000000000
4.90893936157226562500000000000000
4.92433929443359375000000000000000
4.93978595733642578125000000000000
4.95527887344360351562500000000000
4.97081995010375976562500000000000
4.98640632629394531250000000000000
5.00203990936279296875000000000000
5.01772165298461914062500000000000
5.03344964981079101562500000000000
5.04922485351562500000000000000000
5.06504821777343750000000000000000
5.08091878890991210937500000000000
5.09683847427368164062500000000000
5.11280488967895507812500000000000
5.12881994247436523437500000000000
5.14488410949707031250000000000000
5.16099500656127929687500000000000
5.17715549468994140625000000000000
5.19336414337158203125000000000000
5.20962238311767578125000000000000
5.22593069076538085937500000000000
5.24228668212890625000000000000000
5.25869226455688476562500000000000
5.27514839172363281250000000000000
5.29165315628051757812500000000000
5.30820798873901367187500000000000
5.32481288909912109375000000000000
5.34146738052368164062500000000000
5.35817384719848632812500000000000
5.37492990493774414062500000000000
5.39173555374145507812500000000000
5.40859413146972656250000000000000
5.42550230026245117187500000000000
5.44246149063110351562500000000000
5.45947170257568359375000000000000
5.47653341293334960937500000000000
5.49364805221557617187500000000000
5.51081371307373046875000000000000
5.52803039550781250000000000000000
5.54530096054077148437500000000000
5.56262302398681640625000000000000
5.57999610900878906250000000000000
5.59742259979248046875000000000000
5.61490154266357421875000000000000
5.63243484497070312500000000000000
5.65002059936523437500000000000000
5.66765880584716796875000000000000
5.68535184860229492187500000000000
5.70309734344482421875000000000000
5.72089624404907226562500000000000
5.73874950408935546875000000000000
5.75665664672851562500000000000000
5.77461910247802734375000000000000
5.79263448715209960937500000000000
5.81070470809936523437500000000000
5.82883119583129882812500000000000
5.84701108932495117187500000000000
5.86524581909179687500000000000000
5.88353586196899414062500000000000
5.90188217163085937500000000000000
5.92028474807739257812500000000000
5.93874168395996093750000000000000
5.95725488662719726562500000000000
5.97582530975341796875000000000000
5.99445056915283203125000000000000
6.01313257217407226562500000000000
6.03187131881713867187500000000000
6.05066633224487304687500000000000
6.06952047348022460937500000000000
6.08842992782592773437500000000000
6.10739660263061523437500000000000
6.12642288208007812500000000000000
6.14550495147705078125000000000000
6.16464519500732421875000000000000
6.18384361267089843750000000000000
6.20309972763061523437500000000000
6.22241592407226562500000000000000
6.24178981781005859375000000000000
6.26122188568115234375000000000000
6.28071498870849609375000000000000
6.30026531219482421875000000000000
6.31987476348876953125000000000000
6.33954429626464843750000000000000
6.35927343368530273437500000000000
6.37906408309936523437500000000000
6.39891290664672851562500000000000
6.41882228851318359375000000000000
6.43879413604736328125000000000000
6.45882463455200195312500000000000
6.47891569137573242187500000000000
6.49906826019287109375000000000000
6.51928186416625976562500000000000
6.53955841064453125000000000000000
6.55989551544189453125000000000000
6.58029365539550781250000000000000
6.60075569152832031250000000000000
6.62127828598022460937500000000000
6.64186334609985351562500000000000
6.66251087188720703125000000000000
6.68322181701660156250000000000000
6.70399665832519531250000000000000
6.72483301162719726562500000000000
6.74573278427124023437500000000000
6.76669788360595703125000000000000
6.78772544860839843750000000000000
6.80881690979003906250000000000000
6.82997131347656250000000000000000
6.85119104385375976562500000000000
6.87247753143310546875000000000000
6.89382600784301757812500000000000
6.91523981094360351562500000000000
6.93672037124633789062500000000000
6.95826530456542968750000000000000
6.97987508773803710937500000000000
7.00155067443847656250000000000000
7.02329254150390625000000000000000
7.04510164260864257812500000000000
7.06697607040405273437500000000000
7.08891677856445312500000000000000
7.11092615127563476562500000000000
7.13300085067749023437500000000000
7.15514278411865234375000000000000
7.17735195159912109375000000000000
7.19962835311889648437500000000000
7.22197484970092773437500000000000
7.24438762664794921875000000000000
7.26686859130859375000000000000000
7.28941965103149414062500000000000
7.31203746795654296875000000000000
7.33472490310668945312500000000000
7.35748100280761718750000000000000
7.38030624389648437500000000000000
7.40320301055908203125000000000000
7.42616748809814453125000000000000
7.44920253753662109375000000000000
7.47230863571166992187500000000000
7.49548387527465820312500000000000
7.51873016357421875000000000000000
7.54204654693603515625000000000000
7.56543445587158203125000000000000
7.58889532089233398437500000000000
7.61242580413818359375000000000000
7.63602781295776367187500000000000
7.65970420837402343750000000000000
7.68344974517822265625000000000000
7.70726919174194335937500000000000
7.73116016387939453125000000000000
7.75512409210205078125000000000000
7.77916383743286132812500000000000
7.80327367782592773437500000000000
7.82745838165283203125000000000000
7.85171794891357421875000000000000
7.87604951858520507812500000000000
7.90045547485351562500000000000000
7.92493629455566406250000000000000
7.94949054718017578125000000000000
7.97412300109863281250000000000000
7.99882793426513671875000000000000
8.02360820770263671875000000000000
8.04846668243408203125000000000000
8.07339859008789062500000000000000
8.09840583801269531250000000000000
8.12349033355712890625000000000000
8.14865112304687500000000000000000
8.17389106750488281250000000000000
8.19920539855957031250000000000000
8.22459697723388671875000000000000
8.25006866455078125000000000000000
8.27561569213867187500000000000000
8.30123996734619140625000000000000
8.32694339752197265625000000000000
8.35272502899169921875000000000000
8.37858772277832031250000000000000
8.40452671051025390625000000000000
8.43054580688476562500000000000000
8.45664501190185546875000000000000
8.48282241821289062500000000000000
8.50907993316650390625000000000000
8.53541755676269531250000000000000
8.56183624267578125000000000000000
8.58833694458007812500000000000000
8.61491680145263671875000000000000
8.64157772064208984375000000000000
8.66832065582275390625000000000000
8.69514560699462890625000000000000
8.72205162048339843750000000000000
8.74903964996337890625000000000000
8.77610969543457031250000000000000
8.80326461791992187500000000000000
8.83050060272216796875000000000000
8.85781955718994140625000000000000
8.88522434234619140625000000000000
8.91271114349365234375000000000000
8.94028091430664062500000000000000
8.96793556213378906250000000000000
8.99567508697509765625000000000000
9.02350044250488281250000000000000
9.05140972137451171875000000000000
9.07940483093261718750000000000000
9.10748577117919921875000000000000
9.13565158843994140625000000000000
9.16390228271484375000000000000000
9.19224071502685546875000000000000
9.22066497802734375000000000000000
9.24917888641357421875000000000000
9.27777767181396484375000000000000
9.30646324157714843750000000000000
9.33523941040039062500000000000000
9.36410045623779296875000000000000
9.39305019378662109375000000000000
9.42208862304687500000000000000000
9.45121574401855468750000000000000
9.48043346405029296875000000000000
9.50973987579345703125000000000000
9.53913402557373046875000000000000
9.56862163543701171875000000000000
9.59819698333740234375000000000000
9.62786197662353515625000000000000
9.65761852264404296875000000000000
9.68746566772460937500000000000000
9.71740531921386718750000000000000
9.74743652343750000000000000000000
9.77755737304687500000000000000000
9.80777454376220703125000000000000
9.83808040618896484375000000000000
9.86847877502441406250000000000000
9.89897060394287109375000000000000
9.92955589294433593750000000000000
9.96023750305175781250000000000000
9.99100971221923828125000000000000
10.02187728881835937500000000000000
10.05284118652343750000000000000000
10.08389568328857421875000000000000
10.11504745483398437500000000000000
10.14629364013671875000000000000000
10.17763519287109375000000000000000
10.20907592773437500000000000000000
10.24060916900634765625000000000000
10.27224063873291015625000000000000
10.30396938323974609375000000000000
10.33579254150390625000000000000000
10.36771488189697265625000000000000
10.39973354339599609375000000000000
10.43185138702392578125000000000000
10.46406936645507812500000000000000
10.49638366699218750000000000000000
10.52879619598388671875000000000000
10.56131076812744140625000000000000
10.59392261505126953125000000000000
10.62663459777832031250000000000000
10.65944576263427734375000000000000
10.69235801696777343750000000000000
10.72537326812744140625000000000000
10.75848770141601562500000000000000
10.79170322418212890625000000000000
10.82502174377441406250000000000000
10.85844039916992187500000000000000
10.89196205139160156250000000000000
10.92558479309082031250000000000000
10.95931243896484375000000000000000
10.99314498901367187500000000000000
11.02707862854003906250000000000000
11.06111621856689453125000000000000
11.09525966644287109375000000000000
11.12950611114501953125000000000000
11.16385746002197265625000000000000
11.19831371307373046875000000000000
11.23287487030029296875000000000000
11.26754570007324218750000000000000
11.30231857299804687500000000000000
11.33719825744628906250000000000000
11.37218952178955078125000000000000
11.40728378295898437500000000000000
11.44248485565185546875000000000000
11.47779464721679687500000000000000
11.51321220397949218750000000000000
11.54873943328857421875000000000000
