20.0839
13.0861
13.1092
11.699
11.3499
11.323
11.3049
11.318
11.3041
11.3099
11.3521
11.3549
11.3869
11.312
11.3311
11.344
11.3542
11.3211
11.3349
11.313
11.3251
8.65006
8.26001
8.19206
8.10218
8.09598
8.16321
8.16107
8.1749
8.14986
8.17013
8.25405
8.25214
8.25191
8.23689
8.20398
8.26383
8.214
8.22306
8.27503
8.2171
8.28409
8.25095
8.23689
8.2829
8.20303
8.27885
8.27622
8.24094
8.11195
8.19087
8.17585
8.22091
8.27503
8.17609
8.10909
8.11791
8.19683
8.16298
8.16703
8.18992
8.19206
8.10814
8.18992
8.11696
8.14605
8.14986
8.18801
8.16393
8.17585
8.16512
8.19302
8.20518
8.17299
8.19111
8.17609
8.178
8.18706
8.183
8.1439
8.15201
8.183
8.18586
8.17585
8.1439
8.20708
8.19492
8.19802
8.17609
8.13293
8.16107
8.17299
8.17895
8.18205
8.19182
8.19302
8.15892
8.178
8.18992
8.15701
8.15892
8.17299
8.16894
8.20303
8.15701
8.16703
8.15797
8.18896
8.17394
8.178
8.15797
8.16202
8.1799
8.15892
8.18419
8.13389
8.14986
8.16894
8.16107
8.13198
8.19182
8.178
8.13508
8.18992
8.19087
8.14295
8.15916
8.23402
8.27098
8.26812
8.37898
8.46291
8.54707
8.57902
8.48389
8.46195
8.43406
8.47793
8.48889
8.42905
8.40306
8.38113
8.34107
8.38208
8.37111
8.37803
8.30603
8.25
8.29887
8.28695
8.255
8.30603
8.29482
8.30388
8.28719
8.26287
8.286
8.29387
8.30698
8.2469
8.27503
8.28195
8.2612
8.2171
8.26597
8.26907
8.17299
8.17299
8.1389
8.16488
8.13198
8.20303
8.1861
8.12912
8.14795
8.19016
8.16202
8.19802
8.17204
8.1718
8.11887
8.17204
8.20088
8.183
8.16083
8.19087
8.19397
8.20184
8.19302
8.19206
8.16011
8.19707
8.183
8.15606
8.1501
8.1172
8.18396
8.17418
8.16202
8.1749
8.17299
8.12006
8.19516
8.14605
8.17204
8.15797
8.16894
8.16798
8.18801
8.1811
8.16703
8.16512
8.17108
8.17108
8.15606
8.19087
8.17704
8.17204
8.12387
8.19707
8.19492
8.11601
8.14605
8.183
8.21304
8.17204
8.27622
8.26907
8.29291
8.23498
8.28695
8.23903
8.20899
8.20899
8.27503
8.17895
8.12101
8.18992
8.12101
8.19302
8.27503
8.25596
8.27384
8.2829
8.23903
8.20303
8.30603
8.29101
8.24213
8.25787
8.41188
8.33702
8.39806
8.3549
8.40783
8.39305
8.30984
8.40998
8.33297
8.30603
8.24618
8.20899
8.22115
8.24809
8.26693
8.23307
8.2581
8.23307
8.27098
8.32796
8.36205
8.41808
8.41188
8.3909
8.41403
8.33011
8.33797
8.29101
8.29792
8.28815
8.29196
8.22806
8.28815
8.28004
8.20613
8.2531
8.20398
8.23998
8.22687
8.28791
8.25906
8.18205
8.27384
8.24714
8.27599
8.26502
8.28695
8.27312
8.21304
8.24618
8.24404
8.15701
8.178
8.18682
8.16798
8.18419
8.19302
8.19206
8.1861
8.21996
8.24523
8.22687
8.2202
8.2469
8.23903
8.22902
8.23998
8.2221
8.18896
8.18992
8.16178
8.19492
8.13699
8.13198
8.20494
8.19397
8.18896
8.15916
8.14795
8.18014
8.12793
8.15701
8.15797
8.19802
8.12602
8.20303
8.16107
8.16178
8.183
8.15606
8.18706
8.178
8.18896
8.16202
8.18205
8.19302
8.19683
8.16512
8.183
8.19182
8.25
8.29387
8.26192
8.27408
8.28314
8.22401
8.28409
8.26097
8.26883
8.25286
8.19016
8.17704
8.1861
8.18491
8.16202
8.19707
8.20994
8.17418
8.17609
8.16607
8.19492
8.1768
8.214
8.25691
8.25906
8.35013
8.38709
8.34394
8.3518
8.37398
8.36086
8.40783
8.33988
8.35109
8.30817
8.29792
8.2798
8.35991
8.40282
8.3189
8.24213
8.28695
8.29101
8.24189
8.28099
8.27098
8.27384
8.26788
8.28815
8.28099
8.30317
8.27503
8.27289
8.28505
8.22997
8.27098
8.27479
8.27003
8.26907
8.22282
8.22687
8.27122
8.28195
8.21805
8.24404
8.20494
8.28409
8.22496
8.27694
8.25286
8.24189
8.2612
8.255
8.25405
8.27003
8.27789
8.27694
8.28195
8.24499
8.27789
8.24594
8.23998
8.2531
8.22306
8.26716
8.28695
8.18801
8.18586
8.18586
8.13699
8.183
8.16512
8.21304
8.26716
8.219
8.22496
8.19802
8.19683
8.28695
8.30913
8.28791
8.25715
8.30698
8.29911
8.25691
8.23593
8.25191
8.22902
8.27003
8.27408
8.22306
8.24809
8.23617
8.26192
8.27599
8.26311
8.27909
8.26907
8.16989
8.17394
8.14795
8.16107
8.15296
8.16011
8.17108
8.23307
8.22306
8.27813
8.28314
8.31103
8.24308
8.29196
8.23212
8.26097
8.26812
8.23498
8.2829
8.26788
8.27217
8.27503
8.30603
8.22616
8.28505
8.26693
8.22997
8.31604
8.26907
8.28314
8.28004
8.25596
8.183
8.17585
8.20088
8.16607
8.1861
8.16703
8.18515
8.24094
8.27503
8.26502
8.24809
8.27312
8.28099
8.24618
8.27289
8.22496
8.2221
8.18014
8.2829
8.27098
8.29697
8.27789
8.19421
8.18801
8.19683
8.19492
8.11291
8.19302
8.24594
8.29196
8.29792
8.30007
8.31413
8.23712
8.26907
8.30293
8.28409
8.30197
8.29601
8.30197
8.29101
8.28409
8.28409
8.28314
8.29101
8.28815
8.30293
8.30793
8.28719
8.29697
8.29196
8.26883
8.29482
8.25787
8.286
8.23689
8.214
8.26907
8.20398
8.2922
8.27694
8.17895
8.17394
8.19802
8.1799
8.16298
8.18205
8.14891
8.183
8.18396
8.19302
8.1799
8.17299
8.24118
8.18706
8.28695
8.28505
8.28815
8.29601
8.30507
8.29005
8.25596
8.24499
8.23593
8.29196
8.26907
8.27193
8.29697
8.29411
8.30102
8.29911
8.27408
8.29005
8.31079
8.286
8.29291
8.25286
8.20613
8.27789
8.2829
8.255
8.30102
8.27789
8.27503
8.24714
8.28195
8.28195
8.26192
8.26812
8.22496
8.255
8.24404
8.28409
8.23998
8.26907
8.286
8.28385
8.214
8.24594
8.27789
8.17394
8.15988
8.17895
8.147
8.17895
8.12197
8.18992
8.183
8.19111
8.19802
8.18181
8.1749
8.23998
8.21996
8.28695
8.26406
8.2922
8.27599
8.29005
8.34703
8.28815
8.27909
8.29291
8.22401
8.30913
8.28385
8.29196
8.30007
8.2972
8.27789
8.26001
8.26383
8.21781
8.28791
8.24094
8.26001
8.25882
8.27193
8.255
8.28719
8.29005
8.24213
8.24308
8.22592
8.23998
8.27503
8.19492
8.22282
8.25
8.2891
8.28505
8.24118
8.19898
8.27217
8.29005
8.28695
8.214
8.27503
8.26001
8.27217
8.22592
8.21686
8.26788
8.2891
8.27312
8.23498
8.26311
8.22306
8.24404
8.28099
8.26597
8.17084
8.19087
8.17084
8.18586
8.20279
8.178
8.19016
8.2159
8.26597
8.25596
8.20899
8.25596
8.32295
8.37708
8.32605
8.3859
8.35896
8.38304
8.38804
8.34799
8.26812
8.30317
8.29601
8.24213
8.30293
8.29601
8.25405
8.2891
8.20494
8.22902
8.27909
8.25191
8.27193
8.2581
8.25214
8.28385
8.23784
8.27312
8.28099
8.28981
8.25095
8.27813
8.23784
8.27098
8.26502
8.27599
8.26001
8.26502
8.26597
8.18801
8.18992
8.16488
8.183
8.17704
8.19206
8.183
8.23116
8.26502
8.26311
8.21209
8.27217
8.27289
8.25191
8.2202
8.27503
8.29291
8.20184
8.27408
8.28314
8.19087
8.2829
8.28815
8.24404
8.19206
8.27789
8.28004
8.23498
8.28099
8.21495
8.27003
8.28004
8.25596
8.23903
8.24714
8.25691
8.21018
8.26406
8.26406
8.29101
8.30007
8.30293
8.26812
8.29315
8.27003
8.2531
8.26097
8.27289
8.28481
8.19802
8.26097
8.29101
8.24094
8.29101
8.25381
8.26693
8.28004
8.26597
8.27098
8.20303
8.28004
8.26001
8.286
8.28099
8.25405
8.26979
8.24499
8.2531
8.26001
8.28195
8.22902
8.28695
8.29697
8.29291
8.23998
8.23998
8.24809
8.22902
8.2829
8.219
8.20303
8.26216
8.23903
8.26907
8.24404
8.26812
8.24904
8.25906
8.26907
8.26907
8.27789
8.27122
8.27694
8.26621
8.1811
8.3499
8.35586
8.36897
8.37493
8.37803
8.38017
8.37708
8.33988
8.358
8.33392
8.25787
8.30293
8.27694
8.27003
8.29697
8.28314
8.29291
8.286
8.29697
8.27408
8.26812
8.30698
8.29506
8.29005
8.24594
8.26287
8.28004
8.26311
8.25691
8.26406
8.28004
8.28409
8.11315
8.18205
8.11505
8.16703
8.13317
8.1749
8.16989
8.22806
8.27503
8.20804
8.29387
8.26001
8.27098
8.27217
8.255
8.29005
8.2171
8.23212
8.26788
8.29196
8.23402
8.27503
8.255
8.28195
8.28218
8.22711
8.24904
8.2829
8.26097
8.25214
8.27193
8.26216
8.22592
8.26001
8.32796
8.33797
8.35085
8.389
8.36301
8.37016
8.40998
8.34703
8.22401
8.30603
8.30102
8.27789
8.29887
8.28695
8.26693
8.31294
8.29005
8.30007
8.26478
8.28195
8.25405
8.21495
8.28505
8.28886
8.23808
8.24499
8.23402
8.22091
8.2798
8.27098
8.25715
8.26597
8.23498
8.27789
8.255
8.25095
8.19421
8.14199
8.10504
8.20613
8.2829
8.27193
8.286
8.27599
8.29291
8.23998
8.26287
8.26597
8.27098
8.27909
8.28505
8.2531
8.19206
8.22711
8.27599
8.28195
8.26693
8.27718
8.26406
8.27098
8.29697
8.33583
8.36897
8.38113
8.33011
8.31795
8.37994
8.35395
8.34489
8.34703
8.32796
8.358
8.36086
8.37684
8.33201
8.27098
8.25214
8.27289
8.24594
8.28505
8.29911
8.21614
8.26001
8.28409
8.27694
8.29601
8.31103
8.27503
8.29697
8.23903
8.27503
8.25
8.25095
8.26406
8.25405
8.20899
8.255
8.27789
8.28195
