17.1261
17.0178
17.02
17.0221
17.0028
17.0059
17.0069
17.02
17.0259
17.009
17.005
17.0171
17.0088
16.993
16.9961
17.015
17.0109
17.01
17.0152
17.0128
17.0171
17.0081
17.019
17.0081
17.0171
17.031
17.0069
17.0069
17.014
17.0159
17.0112
17.0071
17.0078
17.0119
16.9981
17.015
17.0312
17.0262
16.9849
16.9899
17.0059
17.009
17.019
17.01
17.0169
17.0221
17.0231
17.0109
17.0128
17.004
17.0131
17.01
17.0162
16.999
17.0171
17.014
17.019
17.02
16.9981
17.0181
17.0109
17.0059
17.0069
17.0119
17.005
17.0171
17.0112
17.015
17.01
16.9959
17.0109
17.0119
17.004
16.999
17.019
17.004
17.0031
17
17.0159
17.004
17
17.009
17.01
17.031
17.03
17.0121
17.025
17.0012
16.9969
17.0109
17.0171
16.9981
17.0012
17.0178
17.0219
17.0169
17.0128
17.0329
17.019
17.0169
17.014
17.0312
17.004
17.019
17.0209
17.01
17.02
17.0228
17.005
17.0281
17.009
17.0181
17.0121
17.0081
17.004
17.0071
17.015
17.0021
17.0062
17.009
17.0088
17.0081
17.0259
17.005
17.0059
17.0062
17.014
17.0088
16.9981
16.9971
16.9961
17.0059
17.0181
17.024
16.999
17.03
16.999
16.9981
17.02
17.0209
17.01
17.0231
17.0069
17.0031
17.01
17.02
17.029
17.0159
17.0262
17.0228
17.019
17.0209
17.0081
17.01
17.0231
16.993
17.005
17.0259
17.0009
17.0281
17.0221
17.0128
17.0259
17
17.0209
17.024
17.0081
17.019
17.0281
17.004
17.0321
17.0031
17.0069
17.009
17.02
17.0119
17.01
16.9981
17.0002
17.04
16.9971
17.0171
16.995
17.009
16.9971
17.035
16.9921
17.019
17.0059
16.9952
17.0071
17.0021
17.009
17.0131
16.9961
17.0081
16.9959
17.0312
17.0071
17.0121
17.014
16.9988
17.0059
17.0181
17.0109
17.005
17.0012
17.0228
17.019
17.0019
17.015
16.9899
17.0109
16.993
17.0159
17.0081
17.04
17.0002
16.9971
17
17.02
17.0031
17.0081
17.0178
17.01
17.0062
17.041
17.0128
17.03
17.009
17.0059
17.009
17.0212
17.019
17.0209
16.923
16.9899
17.0059
17.0171
17.009
17.0031
17.0119
17.0119
17.0188
17.024
17.0031
17.0121
17.0031
17.0062
17.0259
17.0121
17.0069
17.0171
17.0081
16.9971
17.009
17.005
17.01
17.0231
17.0031
17.0012
17
17.0031
17.0159
17.0219
16.9961
17.0131
17.0021
17.0121
17.014
17.009
16.9959
16.9981
17.01
17.01
17.0062
17.0109
17.035
17.0159
17.009
17.005
17.0081
17.0221
17
17.0159
17.0319
17.015
17.004
17
17.005
17.0131
17.0021
17.0169
17.015
17.0269
17.0071
16.999
17.005
17.02
17.0219
17.019
17.015
17.0121
17.0419
17.0262
17.0121
17.019
17.0121
17.0169
17.0078
17.0221
17.0159
17.0059
17.0121
17.009
16.9911
17.0319
16.995
17.004
17.0159
17.0209
17.035
17.02
17.015
17.0021
17.015
17.0112
17.014
17.0078
17.02
17.0119
17.0009
17.009
17.0221
17.01
17.01
17.0012
17.0069
17.0321
17.0281
17.014
17.01
16.994
17.024
17.0112
17.0069
17.0069
17.0021
17
17.029
17.0059
17.03
17.0069
17.024
17.005
17
17.0062
17
17.0078
17.0121
17.0169
17.0119
16.9971
17.0181
17.0071
17.005
17.0221
17.0119
17.0021
17.0109
17.009
16.993
17.0071
17.0119
16.9909
17.014
17.01
17.0219
17.0021
17.0169
17.025
17.0071
17.0221
16.9981
17.0019
17.0031
17.009
17.0078
17.0188
17.0169
17.0021
16.999
16.995
17.0271
17.0178
17.009
17.0081
17.009
17.0031
17.0028
17.0219
17.02
17.0152
17.0228
17.0128
17.019
17.0081
17.0019
17.0121
17.0009
17.009
16.9959
17.03
17.024
17.019
17.004
17.014
17.0121
17.0112
17.0119
17.0019
17.019
17.0131
17.0109
17.0271
17.0281
17.0019
17.014
17.0159
17.0112
17.024
16.9971
17.0071
17.0102
17.025
17.0109
17.0028
17.0019
17.015
17.0138
17.0121
17.0078
17.0209
17.0228
17.009
17.004
16.9959
17.0081
17.019
16.999
17.005
17
17.0112
16.9952
17.0171
16.994
16.9921
17.0088
17.0162
17.01
17.0078
17.02
17.0121
17.014
17.0059
17.031
17.0052
16.9971
17.009
17.004
17.004
17.0319
16.87
17.01
17.005
17.0288
17.004
17.0119
17
17.009
17.019
17.015
17.0531
17.0159
17.0231
16.9969
17.025
17.029
17.004
17.009
17.03
17.02
17.0121
17.01
17.0028
17.0109
17.0119
17.0171
17.0369
17.0209
