-0.99999111890792846679687500000000
-0.99999094009399414062500000000000
-0.99999076128005981445312500000000
-0.99999058246612548828125000000000
-0.99999040365219116210937500000000
-0.99999016523361206054687500000000
-0.99998998641967773437500000000000
-0.99998980760574340820312500000000
-0.99998956918716430664062500000000
-0.99998939037322998046875000000000
-0.99998915195465087890625000000000
-0.99998891353607177734375000000000
-0.99998873472213745117187500000000
-0.99998849630355834960937500000000
-0.99998825788497924804687500000000
-0.99998801946640014648437500000000
-0.99998778104782104492187500000000
-0.99998754262924194335937500000000
-0.99998724460601806640625000000000
-0.99998700618743896484375000000000
-0.99998676776885986328125000000000
-0.99998646974563598632812500000000
-0.99998623132705688476562500000000
-0.99998593330383300781250000000000
-0.99998569488525390625000000000000
-0.99998539686203002929687500000000
-0.99998509883880615234375000000000
-0.99998480081558227539062500000000
-0.99998450279235839843750000000000
-0.99998420476913452148437500000000
-0.99998384714126586914062500000000
-0.99998354911804199218750000000000
-0.99998325109481811523437500000000
-0.99998289346694946289062500000000
-0.99998253583908081054687500000000
-0.99998223781585693359375000000000
-0.99998188018798828125000000000000
-0.99998152256011962890625000000000
-0.99998116493225097656250000000000
-0.99998074769973754882812500000000
-0.99998039007186889648437500000000
-0.99997997283935546875000000000000
-0.99997961521148681640625000000000
-0.99997919797897338867187500000000
-0.99997878074645996093750000000000
-0.99997836351394653320312500000000
-0.99997794628143310546875000000000
-0.99997752904891967773437500000000
-0.99997711181640625000000000000000
-0.99997663497924804687500000000000
-0.99997621774673461914062500000000
-0.99997574090957641601562500000000
-0.99997526407241821289062500000000
-0.99997478723526000976562500000000
-0.99997431039810180664062500000000
-0.99997377395629882812500000000000
-0.99997329711914062500000000000000
-0.99997276067733764648437500000000
-0.99997222423553466796875000000000
-0.99997168779373168945312500000000
-0.99997115135192871093750000000000
-0.99997061491012573242187500000000
-0.99997001886367797851562500000000
-0.99996948242187500000000000000000
-0.99996888637542724609375000000000
-0.99996829032897949218750000000000
-0.99996769428253173828125000000000
-0.99996703863143920898437500000000
-0.99996644258499145507812500000000
-0.99996578693389892578125000000000
-0.99996513128280639648437500000000
-0.99996447563171386718750000000000
-0.99996376037597656250000000000000
-0.99996310472488403320312500000000
-0.99996238946914672851562500000000
-0.99996167421340942382812500000000
-0.99996095895767211914062500000000
-0.99996018409729003906250000000000
-0.99995946884155273437500000000000
-0.99995869398117065429687500000000
-0.99995791912078857421875000000000
-0.99995708465576171875000000000000
-0.99995630979537963867187500000000
-0.99995547533035278320312500000000
-0.99995464086532592773437500000000
-0.99995374679565429687500000000000
-0.99995291233062744140625000000000
-0.99995201826095581054687500000000
-0.99995112419128417968750000000000
-0.99995017051696777343750000000000
-0.99994927644729614257812500000000
-0.99994832277297973632812500000000
-0.99994736909866333007812500000000
-0.99994635581970214843750000000000
-0.99994534254074096679687500000000
-0.99994432926177978515625000000000
-0.99994331598281860351562500000000
-0.99994224309921264648437500000000
-0.99994117021560668945312500000000
-0.99994009733200073242187500000000
-0.99993896484375000000000000000000
-0.99993783235549926757812500000000
-0.99993669986724853515625000000000
-0.99993550777435302734375000000000
-0.99993431568145751953125000000000
-0.99993312358856201171875000000000
-0.99993187189102172851562500000000
-0.99993062019348144531250000000000
-0.99992936849594116210937500000000
-0.99992805719375610351562500000000
-0.99992674589157104492187500000000
-0.99992537498474121093750000000000
-0.99992400407791137695312500000000
-0.99992263317108154296875000000000
-0.99992120265960693359375000000000
-0.99991977214813232421875000000000
-0.99991828203201293945312500000000
-0.99991679191589355468750000000000
-0.99991530179977416992187500000000
-0.99991375207901000976562500000000
-0.99991220235824584960937500000000
-0.99991059303283691406250000000000
-0.99990898370742797851562500000000
-0.99990731477737426757812500000000
-0.99990564584732055664062500000000
-0.99990391731262207031250000000000
-0.99990218877792358398437500000000
-0.99990040063858032226562500000000
-0.99989861249923706054687500000000
-0.99989676475524902343750000000000
-0.99989491701126098632812500000000
-0.99989300966262817382812500000000
-0.99989110231399536132812500000000
-0.99988913536071777343750000000000
-0.99988716840744018554687500000000
-0.99988514184951782226562500000000
-0.99988311529159545898437500000000
-0.99988102912902832031250000000000
-0.99987888336181640625000000000000
-0.99987673759460449218750000000000
-0.99987453222274780273437500000000
-0.99987226724624633789062500000000
-0.99987000226974487304687500000000
-0.99986767768859863281250000000000
-0.99986535310745239257812500000000
-0.99986296892166137695312500000000
-0.99986052513122558593750000000000
-0.99985808134078979492187500000000
-0.99985557794570922851562500000000
-0.99985301494598388671875000000000
-0.99985039234161376953125000000000
-0.99984776973724365234375000000000
-0.99984508752822875976562500000000
-0.99984234571456909179687500000000
-0.99983960390090942382812500000000
-0.99983680248260498046875000000000
-0.99983394145965576171875000000000
-0.99983102083206176757812500000000
-0.99982804059982299804687500000000
-0.99982506036758422851562500000000
-0.99982202053070068359375000000000
-0.99981886148452758789062500000000
-0.99981570243835449218750000000000
-0.99981254339218139648437500000000
-0.99980926513671875000000000000000
-0.99980592727661132812500000000000
-0.99980258941650390625000000000000
-0.99979913234710693359375000000000
-0.99979567527770996093750000000000
-0.99979215860366821289062500000000
-0.99978858232498168945312500000000
-0.99978488683700561523437500000000
-0.99978119134902954101562500000000
-0.99977743625640869140625000000000
-0.99977362155914306640625000000000
-0.99976968765258789062500000000000
-0.99976575374603271484375000000000
-0.99976170063018798828125000000000
-0.99975764751434326171875000000000
-0.99975347518920898437500000000000
-0.99974930286407470703125000000000
-0.99974501132965087890625000000000
-0.99974066019058227539062500000000
-0.99973624944686889648437500000000
-0.99973171949386596679687500000000
-0.99972718954086303710937500000000
-0.99972254037857055664062500000000
-0.99971783161163330078125000000000
-0.99971306324005126953125000000000
-0.99970817565917968750000000000000
-0.99970322847366333007812500000000
-0.99969822168350219726562500000000
-0.99969315528869628906250000000000
-0.99968796968460083007812500000000
-0.99968272447586059570312500000000
-0.99967736005783081054687500000000
-0.99967193603515625000000000000000
-0.99966645240783691406250000000000
-0.99966084957122802734375000000000
-0.99965512752532958984375000000000
-0.99964940547943115234375000000000
-0.99964350461959838867187500000000
-0.99963754415512084960937500000000
-0.99963152408599853515625000000000
-0.99962538480758666992187500000000
-0.99961912631988525390625000000000
-0.99961280822753906250000000000000
-0.99960637092590332031250000000000
-0.99959987401962280273437500000000
-0.99959319829940795898437500000000
-0.99958646297454833984375000000000
-0.99957960844039916992187500000000
-0.99957269430160522460937500000000
-0.99956566095352172851562500000000
-0.99955850839614868164062500000000
-0.99955123662948608398437500000000
-0.99954384565353393554687500000000
-0.99953633546829223632812500000000
-0.99952870607376098632812500000000
-0.99952101707458496093750000000000
-0.99951314926147460937500000000000
-0.99950516223907470703125000000000
-0.99949711561203002929687500000000
-0.99948889017105102539062500000000
-0.99948054552078247070312500000000
-0.99947208166122436523437500000000
-0.99946349859237670898437500000000
-0.99945479631423950195312500000000
-0.99944597482681274414062500000000
-0.99943697452545166015625000000000
-0.99942785501480102539062500000000
-0.99941861629486083984375000000000
-0.99940919876098632812500000000000
-0.99939966201782226562500000000000
-0.99939000606536865234375000000000
-0.99938017129898071289062500000000
-0.99937015771865844726562500000000
-0.99936008453369140625000000000000
-0.99934977293014526367187500000000
-0.99933934211730957031250000000000
-0.99932879209518432617187500000000
-0.99931806325912475585937500000000
-0.99930715560913085937500000000000
-0.99929606914520263671875000000000
-0.99928486347198486328125000000000
-0.99927347898483276367187500000000
-0.99926191568374633789062500000000
-0.99925017356872558593750000000000
-0.99923831224441528320312500000000
-0.99922621250152587890625000000000
-0.99921393394470214843750000000000
-0.99920153617858886718750000000000
-0.99918889999389648437500000000000
-0.99917608499526977539062500000000
-0.99916315078735351562500000000000
-0.99914991855621337890625000000000
-0.99913656711578369140625000000000
-0.99912303686141967773437500000000
-0.99910926818847656250000000000000
-0.99909532070159912109375000000000
-0.99908113479614257812500000000000
-0.99906677007675170898437500000000
-0.99905216693878173828125000000000
-0.99903738498687744140625000000000
-0.99902236461639404296875000000000
-0.99900716543197631835937500000000
-0.99899172782897949218750000000000
-0.99897605180740356445312500000000
-0.99896019697189331054687500000000
-0.99894410371780395507812500000000
-0.99892771244049072265625000000000
-0.99891114234924316406250000000000
-0.99889433383941650390625000000000
-0.99887728691101074218750000000000
-0.99886000156402587890625000000000
-0.99884247779846191406250000000000
-0.99882465600967407226562500000000
-0.99880665540695190429687500000000
-0.99878835678100585937500000000000
-0.99876976013183593750000000000000
-0.99875098466873168945312500000000
-0.99873185157775878906250000000000
-0.99871253967285156250000000000000
-0.99869287014007568359375000000000
-0.99867302179336547851562500000000
-0.99865281581878662109375000000000
-0.99863237142562866210937500000000
-0.99861162900924682617187500000000
-0.99859058856964111328125000000000
-0.99856925010681152343750000000000
-0.99854761362075805664062500000000
-0.99852567911148071289062500000000
-0.99850344657897949218750000000000
-0.99848085641860961914062500000000
-0.99845802783966064453125000000000
-0.99843484163284301757812500000000
-0.99841135740280151367187500000000
-0.99838751554489135742187500000000
-0.99836337566375732421875000000000
-0.99833893775939941406250000000000
-0.99831408262252807617187500000000
-0.99828892946243286132812500000000
-0.99826341867446899414062500000000
-0.99823760986328125000000000000000
-0.99821138381958007812500000000000
-0.99818480014801025390625000000000
-0.99815791845321655273437500000000
-0.99813061952590942382812500000000
-0.99810296297073364257812500000000
-0.99807488918304443359375000000000
-0.99804651737213134765625000000000
-0.99801772832870483398437500000000
-0.99798852205276489257812500000000
-0.99795889854431152343750000000000
-0.99792891740798950195312500000000
-0.99789857864379882812500000000000
-0.99786776304244995117187500000000
-0.99783653020858764648437500000000
-0.99780493974685668945312500000000
-0.99777287244796752929687500000000
-0.99774038791656494140625000000000
-0.99770748615264892578125000000000
-0.99767416715621948242187500000000
-0.99764037132263183593750000000000
-0.99760609865188598632812500000000
-0.99757140874862670898437500000000
-0.99753624200820922851562500000000
-0.99750065803527832031250000000000
-0.99746453762054443359375000000000
-0.99742794036865234375000000000000
-0.99739092588424682617187500000000
-0.99735337495803833007812500000000
-0.99731534719467163085937500000000
-0.99727684259414672851562500000000
-0.99723780155181884765625000000000
-0.99719822406768798828125000000000
-0.99715816974639892578125000000000
-0.99711757898330688476562500000000
-0.99707651138305664062500000000000
-0.99703484773635864257812500000000
-0.99699264764785766601562500000000
-0.99694991111755371093750000000000
-0.99690663814544677734375000000000
-0.99686276912689208984375000000000
-0.99681836366653442382812500000000
-0.99677342176437377929687500000000
-0.99672782421112060546875000000000
-0.99668169021606445312500000000000
-0.99663496017456054687500000000000
-0.99658757448196411132812500000000
-0.99653965234756469726562500000000
-0.99649107456207275390625000000000
-0.99644190073013305664062500000000
-0.99639213085174560546875000000000
-0.99634170532226562500000000000000
-0.99629062414169311523437500000000
-0.99623888731002807617187500000000
-0.99618649482727050781250000000000
-0.99613344669342041015625000000000
-0.99607974290847778320312500000000
-0.99602538347244262695312500000000
-0.99597030878067016601562500000000
-0.99591451883316040039062500000000
-0.99585807323455810546875000000000
-0.99580091238021850585937500000000
-0.99574303627014160156250000000000
-0.99568444490432739257812500000000
-0.99562507867813110351562500000000
-0.99556499719619750976562500000000
-0.99550420045852661132812500000000
-0.99544262886047363281250000000000
-0.99538028240203857421875000000000
-0.99531716108322143554687500000000
-0.99525326490402221679687500000000
-0.99518859386444091796875000000000
-0.99512314796447753906250000000000
-0.99505686759948730468750000000000
-0.99498975276947021484375000000000
-0.99492186307907104492187500000000
-0.99485307931900024414062500000000
-0.99478352069854736328125000000000
-0.99471306800842285156250000000000
-0.99464178085327148437500000000000
-0.99456959962844848632812500000000
-0.99449658393859863281250000000000
-0.99442267417907714843750000000000
-0.99434781074523925781250000000000
-0.99427211284637451171875000000000
-0.99419546127319335937500000000000
-0.99411791563034057617187500000000
-0.99403941631317138671875000000000
-0.99396002292633056640625000000000
-0.99387961626052856445312500000000
-0.99379825592041015625000000000000
-0.99371594190597534179687500000000
-0.99363261461257934570312500000000
-0.99354833364486694335937500000000
-0.99346303939819335937500000000000
-0.99337673187255859375000000000000
-0.99328941106796264648437500000000
-0.99320101737976074218750000000000
-0.99311161041259765625000000000000
-0.99302113056182861328125000000000
-0.99292963743209838867187500000000
-0.99283701181411743164062500000000
-0.99274331331253051757812500000000
-0.99264854192733764648437500000000
-0.99255263805389404296875000000000
-0.99245560169219970703125000000000
-0.99235743284225463867187500000000
-0.99225813150405883789062500000000
-0.99215769767761230468750000000000
-0.99205607175827026367187500000000
-0.99195325374603271484375000000000
-0.99184930324554443359375000000000
-0.99174410104751586914062500000000
-0.99163770675659179687500000000000
-0.99153006076812744140625000000000
-0.99142122268676757812500000000000
-0.99131107330322265625000000000000
-0.99119973182678222656250000000000
-0.99108707904815673828125000000000
-0.99097311496734619140625000000000
-0.99085789918899536132812500000000
-0.99074137210845947265625000000000
-0.99062347412109375000000000000000
-0.99050426483154296875000000000000
-0.99038374423980712890625000000000
-0.99026179313659667968750000000000
-0.99013853073120117187500000000000
-0.99001383781433105468750000000000
-0.98988777399063110351562500000000
-0.98976022005081176757812500000000
-0.98963129520416259765625000000000
-0.98950093984603881835937500000000
-0.98936909437179565429687500000000
-0.98923581838607788085937500000000
-0.98910105228424072265625000000000
-0.98896473646163940429687500000000
-0.98882699012756347656250000000000
-0.98868763446807861328125000000000
-0.98854678869247436523437500000000
-0.98840439319610595703125000000000
-0.98826038837432861328125000000000
-0.98811483383178710937500000000000
-0.98796766996383666992187500000000
-0.98781889677047729492187500000000
-0.98766851425170898437500000000000
-0.98751646280288696289062500000000
-0.98736274242401123046875000000000
-0.98720735311508178710937500000000
-0.98705029487609863281250000000000
-0.98689150810241699218750000000000
-0.98673105239868164062500000000000
-0.98656880855560302734375000000000
-0.98640483617782592773437500000000
-0.98623907566070556640625000000000
-0.98607158660888671875000000000000
-0.98590224981307983398437500000000
-0.98573112487792968750000000000000
-0.98555815219879150390625000000000
-0.98538333177566528320312500000000
-0.98520666360855102539062500000000
-0.98502814769744873046875000000000
-0.98484766483306884765625000000000
-0.98466533422470092773437500000000
-0.98448103666305541992187500000000
-0.98429483175277709960937500000000
-0.98410660028457641601562500000000
-0.98391646146774291992187500000000
-0.98372423648834228515625000000000
-0.98353004455566406250000000000000
-0.98333382606506347656250000000000
-0.98313558101654052734375000000000
-0.98293524980545043945312500000000
-0.98273283243179321289062500000000
-0.98252826929092407226562500000000
-0.98232161998748779296875000000000
-0.98211282491683959960937500000000
-0.98190188407897949218750000000000
-0.98168879747390747070312500000000
-0.98147344589233398437500000000000
-0.98125594854354858398437500000000
-0.98103618621826171875000000000000
-0.98081415891647338867187500000000
-0.98058992624282836914062500000000
-0.98036330938339233398437500000000
-0.98013448715209960937500000000000
-0.97990328073501586914062500000000
-0.97966974973678588867187500000000
-0.97943383455276489257812500000000
-0.97919553518295288085937500000000
-0.97895485162734985351562500000000
-0.97871172428131103515625000000000
-0.97846621274948120117187500000000
-0.97821819782257080078125000000000
-0.97796767950057983398437500000000
-0.97771465778350830078125000000000
-0.97745913267135620117187500000000
-0.97720110416412353515625000000000
-0.97694045305252075195312500000000
-0.97667723894119262695312500000000
-0.97641140222549438476562500000000
-0.97614300251007080078125000000000
-0.97587192058563232421875000000000
-0.97559815645217895507812500000000
-0.97532171010971069335937500000000
-0.97504252195358276367187500000000
-0.97476065158843994140625000000000
-0.97447603940963745117187500000000
-0.97418862581253051757812500000000
-0.97389841079711914062500000000000
-0.97360539436340332031250000000000
-0.97330957651138305664062500000000
-0.97301083803176879882812500000000
-0.97270923852920532226562500000000
-0.97240471839904785156250000000000
-0.97209733724594116210937500000000
-0.97178697586059570312500000000000
-0.97147357463836669921875000000000
-0.97115725278854370117187500000000
-0.97083789110183715820312500000000
-0.97051554918289184570312500000000
-0.97019004821777343750000000000000
-0.96986150741577148437500000000000
-0.96952986717224121093750000000000
-0.96919512748718261718750000000000
-0.96885716915130615234375000000000
-0.96851611137390136718750000000000
-0.96817177534103393554687500000000
-0.96782428026199340820312500000000
-0.96747350692749023437500000000000
-0.96711945533752441406250000000000
-0.96676212549209594726562500000000
-0.96640145778656005859375000000000
-0.96603745222091674804687500000000
-0.96567010879516601562500000000000
-0.96529936790466308593750000000000
-0.96492516994476318359375000000000
-0.96454757452011108398437500000000
-0.96416652202606201171875000000000
-0.96378195285797119140625000000000
-0.96339386701583862304687500000000
-0.96300226449966430664062500000000
-0.96260714530944824218750000000000
-0.96220833063125610351562500000000
-0.96180599927902221679687500000000
-0.96139997243881225585937500000000
-0.96099030971527099609375000000000
-0.96057695150375366210937500000000
-0.96015989780426025390625000000000
-0.95973908901214599609375000000000
-0.95931458473205566406250000000000
-0.95888620615005493164062500000000
-0.95845401287078857421875000000000
-0.95801800489425659179687500000000
-0.95757818222045898437500000000000
-0.95713436603546142578125000000000
-0.95668667554855346679687500000000
-0.95623505115509033203125000000000
-0.95577949285507202148437500000000
-0.95531988143920898437500000000000
-0.95485627651214599609375000000000
-0.95438861846923828125000000000000
-0.95391684770584106445312500000000
-0.95344102382659912109375000000000
-0.95296102762222290039062500000000
-0.95247691869735717773437500000000
-0.95198857784271240234375000000000
-0.95149606466293334960937500000000
-0.95099931955337524414062500000000
-0.95049828290939331054687500000000
-0.94999301433563232421875000000000
-0.94948333501815795898437500000000
-0.94896936416625976562500000000000
-0.94845104217529296875000000000000
-0.94792830944061279296875000000000
-0.94740110635757446289062500000000
-0.94686949253082275390625000000000
-0.94633340835571289062500000000000
-0.94579279422760009765625000000000
-0.94524759054183959960937500000000
-0.94469791650772094726562500000000
-0.94414359331130981445312500000000
-0.94358468055725097656250000000000
-0.94302105903625488281250000000000
-0.94245284795761108398437500000000
-0.94187986850738525390625000000000
-0.94130218029022216796875000000000
-0.94071972370147705078125000000000
-0.94013249874114990234375000000000
-0.93954044580459594726562500000000
-0.93894356489181518554687500000000
-0.93834179639816284179687500000000
-0.93773514032363891601562500000000
-0.93712347745895385742187500000000
-0.93650692701339721679687500000000
-0.93588536977767944335937500000000
-0.93525886535644531250000000000000
-0.93462723493576049804687500000000
-0.93399053812026977539062500000000
-0.93334877490997314453125000000000
-0.93270188570022583007812500000000
-0.93204981088638305664062500000000
-0.93139255046844482421875000000000
-0.93073004484176635742187500000000
-0.93006235361099243164062500000000
-0.92938935756683349609375000000000
-0.92871105670928955078125000000000
-0.92802745103836059570312500000000
-0.92733848094940185546875000000000
-0.92664408683776855468750000000000
-0.92594432830810546875000000000000
-0.92523902654647827148437500000000
-0.92452836036682128906250000000000
-0.92381209135055541992187500000000
-0.92309039831161499023437500000000
-0.92236304283142089843750000000000
-0.92163014411926269531250000000000
-0.92089158296585083007812500000000
-0.92014741897583007812500000000000
-0.91939753293991088867187500000000
-0.91864198446273803710937500000000
-0.91788065433502197265625000000000
-0.91711360216140747070312500000000
-0.91634070873260498046875000000000
-0.91556203365325927734375000000000
-0.91477745771408081054687500000000
-0.91398704051971435546875000000000
-0.91319066286087036132812500000000
-0.91238838434219360351562500000000
-0.91158014535903930664062500000000
-0.91076588630676269531250000000000
-0.90994554758071899414062500000000
-0.90911924839019775390625000000000
-0.90828680992126464843750000000000
-0.90744823217391967773437500000000
-0.90660351514816284179687500000000
-0.90575265884399414062500000000000
-0.90489560365676879882812500000000
-0.90403228998184204101562500000000
-0.90316271781921386718750000000000
-0.90228688716888427734375000000000
-0.90140467882156372070312500000000
-0.90051615238189697265625000000000
-0.89962124824523925781250000000000
-0.89871996641159057617187500000000
-0.89781218767166137695312500000000
-0.89689803123474121093750000000000
-0.89597731828689575195312500000000
-0.89505010843276977539062500000000
-0.89411634206771850585937500000000
-0.89317601919174194335937500000000
-0.89222902059555053710937500000000
-0.89127546548843383789062500000000
-0.89031517505645751953125000000000
-0.88934826850891113281250000000000
-0.88837462663650512695312500000000
-0.88739424943923950195312500000000
-0.88640701770782470703125000000000
-0.88541305065155029296875000000000
-0.88441222906112670898437500000000
-0.88340461254119873046875000000000
-0.88239002227783203125000000000000
-0.88136857748031616210937500000000
-0.88034009933471679687500000000000
-0.87930476665496826171875000000000
-0.87826234102249145507812500000000
-0.87721294164657592773437500000000
-0.87615644931793212890625000000000
-0.87509292364120483398437500000000
-0.87402224540710449218750000000000
-0.87294447422027587890625000000000
-0.87185949087142944335937500000000
-0.87076741456985473632812500000000
-0.86966800689697265625000000000000
-0.86856144666671752929687500000000
-0.86744755506515502929687500000000
-0.86632639169692993164062500000000
-0.86519789695739746093750000000000
-0.86406207084655761718750000000000
-0.86291885375976562500000000000000
-0.86176824569702148437500000000000
-0.86061018705368041992187500000000
-0.85944467782974243164062500000000
-0.85827171802520751953125000000000
-0.85709124803543090820312500000000
-0.85590320825576782226562500000000
-0.85470765829086303710937500000000
-0.85350447893142700195312500000000
-0.85229372978210449218750000000000
-0.85107529163360595703125000000000
-0.84984928369522094726562500000000
-0.84861552715301513671875000000000
-0.84737408161163330078125000000000
-0.84612488746643066406250000000000
-0.84486800432205200195312500000000
-0.84360325336456298828125000000000
-0.84233075380325317382812500000000
-0.84105038642883300781250000000000
-0.83976221084594726562500000000000
-0.83846610784530639648437500000000
-0.83716213703155517578125000000000
-0.83585023880004882812500000000000
-0.83453041315078735351562500000000
-0.83320260047912597656250000000000
-0.83186680078506469726562500000000
-0.83052295446395874023437500000000
-0.82917112112045288085937500000000
-0.82781118154525756835937500000000
-0.82644319534301757812500000000000
-0.82506704330444335937500000000000
-0.82368284463882446289062500000000
-0.82229042053222656250000000000000
-0.82088989019393920898437500000000
-0.81948113441467285156250000000000
-0.81806415319442749023437500000000
-0.81663894653320312500000000000000
-0.81520551443099975585937500000000
-0.81376379728317260742187500000000
-0.81231379508972167968750000000000
-0.81085544824600219726562500000000
-0.80938875675201416015625000000000
-0.80791372060775756835937500000000
-0.80643033981323242187500000000000
-0.80493849515914916992187500000000
-0.80343830585479736328125000000000
-0.80192965269088745117187500000000
-0.80041253566741943359375000000000
-0.79888695478439331054687500000000
-0.79735291004180908203125000000000
-0.79581034183502197265625000000000
-0.79425925016403198242187500000000
-0.79269957542419433593750000000000
-0.79113137722015380859375000000000
-0.78955459594726562500000000000000
-0.78796923160552978515625000000000
-0.78637522459030151367187500000000
-0.78477263450622558593750000000000
-0.78316140174865722656250000000000
-0.78154146671295166015625000000000
-0.77991288900375366210937500000000
-0.77827554941177368164062500000000
-0.77662956714630126953125000000000
-0.77497488260269165039062500000000
-0.77331137657165527343750000000000
-0.77163916826248168945312500000000
-0.76995819807052612304687500000000
-0.76826846599578857421875000000000
-0.76656991243362426757812500000000
-0.76486253738403320312500000000000
-0.76314634084701538085937500000000
-0.76142132282257080078125000000000
-0.75968748331069946289062500000000
-0.75794476270675659179687500000000
-0.75619316101074218750000000000000
-0.75443267822265625000000000000000
-0.75266325473785400390625000000000
-0.75088500976562500000000000000000
-0.74909776449203491210937500000000
-0.74730163812637329101562500000000
-0.74549657106399536132812500000000
-0.74368256330490112304687500000000
-0.74185955524444580078125000000000
-0.74002760648727416992187500000000
-0.73818665742874145507812500000000
-0.73633676767349243164062500000000
-0.73447781801223754882812500000000
-0.73260986804962158203125000000000
-0.73073291778564453125000000000000
-0.72884696722030639648437500000000
-0.72695195674896240234375000000000
-0.72504794597625732421875000000000
-0.72313487529754638671875000000000
-0.72121274471282958984375000000000
-0.71928155422210693359375000000000
-0.71734130382537841796875000000000
-0.71539193391799926757812500000000
-0.71343356370925903320312500000000
-0.71146607398986816406250000000000
-0.70948952436447143554687500000000
-0.70750385522842407226562500000000
-0.70550912618637084960937500000000
-0.70350527763366699218750000000000
-0.70149230957031250000000000000000
-0.69947028160095214843750000000000
-0.69743907451629638671875000000000
-0.69539880752563476562500000000000
-0.69334942102432250976562500000000
-0.69129097461700439453125000000000
-0.68922334909439086914062500000000
-0.68714660406112670898437500000000
-0.68506073951721191406250000000000
-0.68296575546264648437500000000000
-0.68086171150207519531250000000000
-0.67874848842620849609375000000000
-0.67662614583969116210937500000000
-0.67449474334716796875000000000000
-0.67235416173934936523437500000000
-0.67020446062088012695312500000000
-0.66804569959640502929687500000000
-0.66587781906127929687500000000000
-0.66370081901550292968750000000000
-0.66151469945907592773437500000000
-0.65931946039199829101562500000000
-0.65711516141891479492187500000000
-0.65490174293518066406250000000000
-0.65267926454544067382812500000000
-0.65044766664505004882812500000000
-0.64820700883865356445312500000000
-0.64595729112625122070312500000000
-0.64369845390319824218750000000000
-0.64143061637878417968750000000000
-0.63915365934371948242187500000000
-0.63686770200729370117187500000000
-0.63457268476486206054687500000000
-0.63226866722106933593750000000000
-0.62995558977127075195312500000000
-0.62763345241546630859375000000000
-0.62530237436294555664062500000000
-0.62296223640441894531250000000000
-0.62061315774917602539062500000000
-0.61825507879257202148437500000000
-0.61588805913925170898437500000000
-0.61351203918457031250000000000000
-0.61112707853317260742187500000000
-0.60873317718505859375000000000000
-0.60633039474487304687500000000000
-0.60391867160797119140625000000000
-0.60149800777435302734375000000000
-0.59906852245330810546875000000000
-0.59663009643554687500000000000000
-0.59418284893035888671875000000000
-0.59172677993774414062500000000000
-0.58926182985305786132812500000000
-0.58678805828094482421875000000000
-0.58430552482604980468750000000000
-0.58181416988372802734375000000000
-0.57931405305862426757812500000000
-0.57680523395538330078125000000000
-0.57428759336471557617187500000000
-0.57176131010055541992187500000000
-0.56922626495361328125000000000000
-0.56668257713317871093750000000000
-0.56413018703460693359375000000000
-0.56156915426254272460937500000000
-0.55899947881698608398437500000000
-0.55642122030258178710937500000000
-0.55383437871932983398437500000000
-0.55123895406723022460937500000000
-0.54863500595092773437500000000000
-0.54602253437042236328125000000000
-0.54340153932571411132812500000000
-0.54077202081680297851562500000000
-0.53813409805297851562500000000000
-0.53548771142959594726562500000000
-0.53283292055130004882812500000000
-0.53016972541809082031250000000000
-0.52749818563461303710937500000000
-0.52481824159622192382812500000000
-0.52213001251220703125000000000000
-0.51943355798721313476562500000000
-0.51672875881195068359375000000000
-0.51401573419570922851562500000000
-0.51129448413848876953125000000000
-0.50856500864028930664062500000000
-0.50582742691040039062500000000000
-0.50308167934417724609375000000000
-0.50032782554626464843750000000000
-0.49756592512130737304687500000000
-0.49479591846466064453125000000000
-0.49201792478561401367187500000000
-0.48923191428184509277343750000000
-0.48643794655799865722656250000000
-0.48363605141639709472656250000000
-0.48082625865936279296875000000000
-0.47800856828689575195312500000000
-0.47518303990364074707031250000000
-0.47234973311424255371093750000000
-0.46950861811637878417968750000000
-0.46665975451469421386718750000000
-0.46380317211151123046875000000000
-0.46093893051147460937500000000000
-0.45806702971458435058593750000000
-0.45518752932548522949218750000000
-0.45230042934417724609375000000000
-0.44940578937530517578125000000000
-0.44650366902351379394531250000000
-0.44359403848648071289062500000000
-0.44067698717117309570312500000000
-0.43775251507759094238281250000000
-0.43482071161270141601562500000000
-0.43188154697418212890625000000000
-0.42893511056900024414062500000000
-0.42598140239715576171875000000000
-0.42302048206329345703125000000000
-0.42005237936973571777343750000000
-0.41707715392112731933593750000000
-0.41409483551979064941406250000000
-0.41110542416572570800781250000000
-0.40810900926589965820312500000000
-0.40510562062263488769531250000000
-0.40209525823593139648437500000000
-0.39907804131507873535156250000000
-0.39605394005775451660156250000000
-0.39302301406860351562500000000000
-0.38998532295227050781250000000000
-0.38694089651107788085937500000000
-0.38388979434967041015625000000000
-0.38083204627037048339843750000000
-0.37776768207550048828125000000000
-0.37469673156738281250000000000000
-0.37161931395530700683593750000000
-0.36853539943695068359375000000000
-0.36544504761695861816406250000000
-0.36234831809997558593750000000000
-0.35924524068832397460937500000000
-0.35613590478897094726562500000000
-0.35302028059959411621093750000000
-0.34989848732948303222656250000000
-0.34677052497863769531250000000000
-0.34363648295402526855468750000000
-0.34049636125564575195312500000000
-0.33735021948814392089843750000000
-0.33419811725616455078125000000000
-0.33104011416435241699218750000000
-0.32787624001502990722656250000000
-0.32470655441284179687500000000000
-0.32153108716011047363281250000000
-0.31834989786148071289062500000000
-0.31516304612159729003906250000000
-0.31197056174278259277343750000000
-0.30877253413200378417968750000000
-0.30556896328926086425781250000000
-0.30235993862152099609375000000000
-0.29914548993110656738281250000000
-0.29592567682266235351562500000000
-0.29270055890083312988281250000000
-0.28947016596794128417968750000000
-0.28623458743095397949218750000000
-0.28299382328987121582031250000000
-0.27974796295166015625000000000000
-0.27649706602096557617187500000000
-0.27324116230010986328125000000000
-0.26998034119606018066406250000000
-0.26671460270881652832031250000000
-0.26344403624534606933593750000000
-0.26016870141029357910156250000000
-0.25688862800598144531250000000000
-0.25360387563705444335937500000000
-0.25031453371047973632812500000000
-0.24702061712741851806640625000000
-0.24372221529483795166015625000000
-0.24041934311389923095703125000000
-0.23711208999156951904296875000000
-0.23380051553249359130859375000000
-0.23048464953899383544921875000000
-0.22716456651687622070312500000000
-0.22384031116962432861328125000000
-0.22051197290420532226562500000000
-0.21717956662178039550781250000000
-0.21384318172931671142578125000000
-0.21050286293029785156250000000000
-0.20715866982936859130859375000000
-0.20381066203117370605468750000000
-0.20045889914035797119140625000000
-0.19710342586040496826171875000000
-0.19374433159828186035156250000000
-0.19038166105747222900390625000000
-0.18701545894145965576171875000000
-0.18364581465721130371093750000000
-0.18027275800704956054687500000000
-0.17689636349678039550781250000000
-0.17351669073104858398437500000000
-0.17013381421566009521484375000000
-0.16674776375293731689453125000000
-0.16335862874984741210937500000000
-0.15996645390987396240234375000000
-0.15657131373882293701171875000000
-0.15317325294017791748046875000000
-0.14977233111858367919921875000000
-0.14636863768100738525390625000000
-0.14296221733093261718750000000000
-0.13955312967300415039062500000000
-0.13614143431186676025390625000000
-0.13272719085216522216796875000000
-0.12931048870086669921875000000000
-0.12589135766029357910156250000000
-0.12246987968683242797851562500000
-0.11904611438512802124023437500000
-0.11562011390924453735351562500000
-0.11219196021556854248046875000000
-0.10876169800758361816406250000000
-0.10532940179109573364257812500000
-0.10189513862133026123046875000000
-0.09845896065235137939453125000000
-0.09502093493938446044921875000000
-0.09158112853765487670898437500000
-0.08813960850238800048828125000000
-0.08469642698764801025390625000000
-0.08125166594982147216796875000000
-0.07780537009239196777343750000000
-0.07435761392116546630859375000000
-0.07090846449136734008789062500000
-0.06745798140764236450195312500000
-0.06400622427463531494140625000000
-0.06055327132344245910644531250000
-0.05709917470812797546386718750000
-0.05364400520920753479003906250000
-0.05018782988190650939941406250000
-0.04673070460557937622070312500000
-0.04327270388603210449218750000000
-0.03981388732790946960449218750000
-0.03635432198643684387207031250000
-0.03289407119154930114746093750000
-0.02943320013582706451416015625000
-0.02597177587449550628662109375000
-0.02250986173748970031738281250000
-0.01904752291738986968994140625000
-0.01558482740074396133422851562500
-0.01212183665484189987182617187500
-0.00865861773490905761718750000000
-0.00519523583352565765380859375000
-0.00173175625968724489212036132812
0.00173175625968724489212036132812
0.00519523583352565765380859375000
0.00865861773490905761718750000000
0.01212183665484189987182617187500
0.01558482740074396133422851562500
0.01904752291738986968994140625000
0.02250986173748970031738281250000
0.02597177587449550628662109375000
0.02943320013582706451416015625000
0.03289407119154930114746093750000
0.03635432198643684387207031250000
0.03981388732790946960449218750000
0.04327270388603210449218750000000
0.04673070460557937622070312500000
0.05018782988190650939941406250000
0.05364400520920753479003906250000
0.05709917470812797546386718750000
0.06055327132344245910644531250000
0.06400622427463531494140625000000
0.06745798140764236450195312500000
0.07090846449136734008789062500000
0.07435761392116546630859375000000
0.07780537009239196777343750000000
0.08125166594982147216796875000000
0.08469642698764801025390625000000
0.08813960850238800048828125000000
0.09158112853765487670898437500000
0.09502093493938446044921875000000
0.09845896065235137939453125000000
0.10189513862133026123046875000000
0.10532940179109573364257812500000
0.10876169800758361816406250000000
0.11219196021556854248046875000000
0.11562011390924453735351562500000
0.11904611438512802124023437500000
0.12246987968683242797851562500000
0.12589135766029357910156250000000
0.12931048870086669921875000000000
0.13272719085216522216796875000000
0.13614143431186676025390625000000
0.13955312967300415039062500000000
0.14296221733093261718750000000000
0.14636863768100738525390625000000
0.14977233111858367919921875000000
0.15317325294017791748046875000000
0.15657131373882293701171875000000
0.15996645390987396240234375000000
0.16335862874984741210937500000000
0.16674776375293731689453125000000
0.17013381421566009521484375000000
0.17351669073104858398437500000000
0.17689636349678039550781250000000
0.18027275800704956054687500000000
0.18364581465721130371093750000000
0.18701545894145965576171875000000
0.19038166105747222900390625000000
0.19374433159828186035156250000000
0.19710342586040496826171875000000
0.20045889914035797119140625000000
0.20381066203117370605468750000000
0.20715866982936859130859375000000
0.21050286293029785156250000000000
0.21384318172931671142578125000000
0.21717956662178039550781250000000
0.22051197290420532226562500000000
0.22384031116962432861328125000000
0.22716456651687622070312500000000
0.23048464953899383544921875000000
0.23380051553249359130859375000000
0.23711208999156951904296875000000
0.24041934311389923095703125000000
0.24372221529483795166015625000000
0.24702061712741851806640625000000
0.25031453371047973632812500000000
0.25360387563705444335937500000000
0.25688862800598144531250000000000
0.26016870141029357910156250000000
0.26344403624534606933593750000000
0.26671460270881652832031250000000
0.26998034119606018066406250000000
0.27324116230010986328125000000000
0.27649706602096557617187500000000
0.27974796295166015625000000000000
0.28299382328987121582031250000000
0.28623458743095397949218750000000
0.28947016596794128417968750000000
0.29270055890083312988281250000000
0.29592567682266235351562500000000
0.29914548993110656738281250000000
0.30235993862152099609375000000000
0.30556896328926086425781250000000
0.30877253413200378417968750000000
0.31197056174278259277343750000000
0.31516304612159729003906250000000
0.31834989786148071289062500000000
0.32153108716011047363281250000000
0.32470655441284179687500000000000
0.32787624001502990722656250000000
0.33104011416435241699218750000000
0.33419811725616455078125000000000
0.33735021948814392089843750000000
0.34049636125564575195312500000000
0.34363648295402526855468750000000
0.34677052497863769531250000000000
0.34989848732948303222656250000000
0.35302028059959411621093750000000
0.35613590478897094726562500000000
0.35924524068832397460937500000000
0.36234831809997558593750000000000
0.36544504761695861816406250000000
0.36853539943695068359375000000000
0.37161931395530700683593750000000
0.37469673156738281250000000000000
0.37776768207550048828125000000000
0.38083204627037048339843750000000
0.38388979434967041015625000000000
0.38694089651107788085937500000000
0.38998532295227050781250000000000
0.39302301406860351562500000000000
0.39605394005775451660156250000000
0.39907804131507873535156250000000
0.40209525823593139648437500000000
0.40510562062263488769531250000000
0.40810900926589965820312500000000
0.41110542416572570800781250000000
0.41409483551979064941406250000000
0.41707715392112731933593750000000
0.42005237936973571777343750000000
0.42302048206329345703125000000000
0.42598140239715576171875000000000
0.42893511056900024414062500000000
0.43188154697418212890625000000000
0.43482071161270141601562500000000
0.43775251507759094238281250000000
0.44067698717117309570312500000000
0.44359403848648071289062500000000
0.44650366902351379394531250000000
0.44940578937530517578125000000000
0.45230042934417724609375000000000
0.45518752932548522949218750000000
0.45806702971458435058593750000000
0.46093893051147460937500000000000
0.46380317211151123046875000000000
0.46665975451469421386718750000000
0.46950861811637878417968750000000
0.47234973311424255371093750000000
0.47518303990364074707031250000000
0.47800856828689575195312500000000
0.48082625865936279296875000000000
0.48363605141639709472656250000000
0.48643794655799865722656250000000
0.48923191428184509277343750000000
0.49201792478561401367187500000000
0.49479591846466064453125000000000
0.49756592512130737304687500000000
0.50032782554626464843750000000000
0.50308167934417724609375000000000
0.50582742691040039062500000000000
0.50856500864028930664062500000000
0.51129448413848876953125000000000
0.51401573419570922851562500000000
0.51672875881195068359375000000000
0.51943355798721313476562500000000
0.52213001251220703125000000000000
0.52481824159622192382812500000000
0.52749818563461303710937500000000
0.53016972541809082031250000000000
0.53283292055130004882812500000000
0.53548771142959594726562500000000
0.53813409805297851562500000000000
0.54077202081680297851562500000000
0.54340153932571411132812500000000
0.54602253437042236328125000000000
0.54863500595092773437500000000000
0.55123895406723022460937500000000
0.55383437871932983398437500000000
0.55642122030258178710937500000000
0.55899947881698608398437500000000
0.56156915426254272460937500000000
0.56413018703460693359375000000000
0.56668257713317871093750000000000
0.56922626495361328125000000000000
0.57176131010055541992187500000000
0.57428759336471557617187500000000
0.57680523395538330078125000000000
0.57931405305862426757812500000000
0.58181416988372802734375000000000
0.58430552482604980468750000000000
0.58678805828094482421875000000000
0.58926182985305786132812500000000
0.59172677993774414062500000000000
0.59418284893035888671875000000000
0.59663009643554687500000000000000
0.59906852245330810546875000000000
0.60149800777435302734375000000000
0.60391867160797119140625000000000
0.60633039474487304687500000000000
0.60873317718505859375000000000000
0.61112707853317260742187500000000
0.61351203918457031250000000000000
0.61588805913925170898437500000000
0.61825507879257202148437500000000
0.62061315774917602539062500000000
0.62296223640441894531250000000000
0.62530237436294555664062500000000
0.62763345241546630859375000000000
0.62995558977127075195312500000000
0.63226866722106933593750000000000
0.63457268476486206054687500000000
0.63686770200729370117187500000000
0.63915365934371948242187500000000
0.64143061637878417968750000000000
0.64369845390319824218750000000000
0.64595729112625122070312500000000
0.64820700883865356445312500000000
0.65044766664505004882812500000000
0.65267926454544067382812500000000
0.65490174293518066406250000000000
0.65711516141891479492187500000000
0.65931946039199829101562500000000
0.66151469945907592773437500000000
0.66370081901550292968750000000000
0.66587781906127929687500000000000
0.66804569959640502929687500000000
0.67020446062088012695312500000000
0.67235416173934936523437500000000
0.67449474334716796875000000000000
0.67662614583969116210937500000000
0.67874848842620849609375000000000
0.68086171150207519531250000000000
0.68296575546264648437500000000000
0.68506073951721191406250000000000
0.68714660406112670898437500000000
0.68922334909439086914062500000000
0.69129097461700439453125000000000
0.69334942102432250976562500000000
0.69539880752563476562500000000000
0.69743907451629638671875000000000
0.69947028160095214843750000000000
0.70149230957031250000000000000000
0.70350527763366699218750000000000
0.70550912618637084960937500000000
0.70750385522842407226562500000000
0.70948952436447143554687500000000
0.71146607398986816406250000000000
0.71343356370925903320312500000000
0.71539193391799926757812500000000
0.71734130382537841796875000000000
0.71928155422210693359375000000000
0.72121274471282958984375000000000
0.72313487529754638671875000000000
0.72504794597625732421875000000000
0.72695195674896240234375000000000
0.72884696722030639648437500000000
0.73073291778564453125000000000000
0.73260986804962158203125000000000
0.73447781801223754882812500000000
0.73633676767349243164062500000000
0.73818665742874145507812500000000
0.74002760648727416992187500000000
0.74185955524444580078125000000000
0.74368256330490112304687500000000
0.74549657106399536132812500000000
0.74730163812637329101562500000000
0.74909776449203491210937500000000
0.75088500976562500000000000000000
0.75266325473785400390625000000000
0.75443267822265625000000000000000
0.75619316101074218750000000000000
0.75794476270675659179687500000000
0.75968748331069946289062500000000
0.76142132282257080078125000000000
0.76314634084701538085937500000000
0.76486253738403320312500000000000
0.76656991243362426757812500000000
0.76826846599578857421875000000000
0.76995819807052612304687500000000
0.77163916826248168945312500000000
0.77331137657165527343750000000000
0.77497488260269165039062500000000
0.77662956714630126953125000000000
0.77827554941177368164062500000000
0.77991288900375366210937500000000
0.78154146671295166015625000000000
0.78316140174865722656250000000000
0.78477263450622558593750000000000
0.78637522459030151367187500000000
0.78796923160552978515625000000000
0.78955459594726562500000000000000
0.79113137722015380859375000000000
0.79269957542419433593750000000000
0.79425925016403198242187500000000
0.79581034183502197265625000000000
0.79735291004180908203125000000000
0.79888695478439331054687500000000
0.80041253566741943359375000000000
0.80192965269088745117187500000000
0.80343830585479736328125000000000
0.80493849515914916992187500000000
0.80643033981323242187500000000000
0.80791372060775756835937500000000
0.80938875675201416015625000000000
0.81085544824600219726562500000000
0.81231379508972167968750000000000
0.81376379728317260742187500000000
0.81520551443099975585937500000000
0.81663894653320312500000000000000
0.81806415319442749023437500000000
0.81948113441467285156250000000000
0.82088989019393920898437500000000
0.82229042053222656250000000000000
0.82368284463882446289062500000000
0.82506704330444335937500000000000
0.82644319534301757812500000000000
0.82781118154525756835937500000000
0.82917112112045288085937500000000
0.83052295446395874023437500000000
0.83186680078506469726562500000000
0.83320260047912597656250000000000
0.83453041315078735351562500000000
0.83585023880004882812500000000000
0.83716213703155517578125000000000
0.83846610784530639648437500000000
0.83976221084594726562500000000000
0.84105038642883300781250000000000
0.84233075380325317382812500000000
0.84360325336456298828125000000000
0.84486800432205200195312500000000
0.84612488746643066406250000000000
0.84737408161163330078125000000000
0.84861552715301513671875000000000
0.84984928369522094726562500000000
0.85107529163360595703125000000000
0.85229372978210449218750000000000
0.85350447893142700195312500000000
0.85470765829086303710937500000000
0.85590320825576782226562500000000
0.85709124803543090820312500000000
0.85827171802520751953125000000000
0.85944467782974243164062500000000
0.86061018705368041992187500000000
0.86176824569702148437500000000000
0.86291885375976562500000000000000
0.86406207084655761718750000000000
0.86519789695739746093750000000000
0.86632639169692993164062500000000
0.86744755506515502929687500000000
0.86856144666671752929687500000000
0.86966800689697265625000000000000
0.87076741456985473632812500000000
0.87185949087142944335937500000000
0.87294447422027587890625000000000
0.87402224540710449218750000000000
0.87509292364120483398437500000000
0.87615644931793212890625000000000
0.87721294164657592773437500000000
0.87826234102249145507812500000000
0.87930476665496826171875000000000
0.88034009933471679687500000000000
0.88136857748031616210937500000000
0.88239002227783203125000000000000
0.88340461254119873046875000000000
0.88441222906112670898437500000000
0.88541305065155029296875000000000
0.88640701770782470703125000000000
0.88739424943923950195312500000000
0.88837462663650512695312500000000
0.88934826850891113281250000000000
0.89031517505645751953125000000000
0.89127546548843383789062500000000
0.89222902059555053710937500000000
0.89317601919174194335937500000000
0.89411634206771850585937500000000
0.89505010843276977539062500000000
0.89597731828689575195312500000000
0.89689803123474121093750000000000
0.89781218767166137695312500000000
0.89871996641159057617187500000000
0.89962124824523925781250000000000
0.90051615238189697265625000000000
0.90140467882156372070312500000000
0.90228688716888427734375000000000
0.90316271781921386718750000000000
0.90403228998184204101562500000000
0.90489560365676879882812500000000
0.90575265884399414062500000000000
0.90660351514816284179687500000000
0.90744823217391967773437500000000
0.90828680992126464843750000000000
0.90911924839019775390625000000000
0.90994554758071899414062500000000
0.91076588630676269531250000000000
0.91158014535903930664062500000000
0.91238838434219360351562500000000
0.91319066286087036132812500000000
0.91398704051971435546875000000000
0.91477745771408081054687500000000
0.91556203365325927734375000000000
0.91634070873260498046875000000000
0.91711360216140747070312500000000
0.91788065433502197265625000000000
0.91864198446273803710937500000000
0.91939753293991088867187500000000
0.92014741897583007812500000000000
0.92089158296585083007812500000000
0.92163014411926269531250000000000
0.92236304283142089843750000000000
0.92309039831161499023437500000000
0.92381209135055541992187500000000
0.92452836036682128906250000000000
0.92523902654647827148437500000000
0.92594432830810546875000000000000
0.92664408683776855468750000000000
0.92733848094940185546875000000000
0.92802745103836059570312500000000
0.92871105670928955078125000000000
0.92938935756683349609375000000000
0.93006235361099243164062500000000
0.93073004484176635742187500000000
0.93139255046844482421875000000000
0.93204981088638305664062500000000
0.93270188570022583007812500000000
0.93334877490997314453125000000000
0.93399053812026977539062500000000
0.93462723493576049804687500000000
0.93525886535644531250000000000000
0.93588536977767944335937500000000
0.93650692701339721679687500000000
0.93712347745895385742187500000000
0.93773514032363891601562500000000
0.93834179639816284179687500000000
0.93894356489181518554687500000000
0.93954044580459594726562500000000
0.94013249874114990234375000000000
0.94071972370147705078125000000000
0.94130218029022216796875000000000
0.94187986850738525390625000000000
0.94245284795761108398437500000000
0.94302105903625488281250000000000
0.94358468055725097656250000000000
0.94414359331130981445312500000000
0.94469791650772094726562500000000
0.94524759054183959960937500000000
0.94579279422760009765625000000000
0.94633340835571289062500000000000
0.94686949253082275390625000000000
0.94740110635757446289062500000000
0.94792830944061279296875000000000
0.94845104217529296875000000000000
0.94896936416625976562500000000000
0.94948333501815795898437500000000
0.94999301433563232421875000000000
0.95049828290939331054687500000000
0.95099931955337524414062500000000
0.95149606466293334960937500000000
0.95198857784271240234375000000000
0.95247691869735717773437500000000
0.95296102762222290039062500000000
0.95344102382659912109375000000000
0.95391684770584106445312500000000
0.95438861846923828125000000000000
0.95485627651214599609375000000000
0.95531988143920898437500000000000
0.95577949285507202148437500000000
0.95623505115509033203125000000000
0.95668667554855346679687500000000
0.95713436603546142578125000000000
0.95757818222045898437500000000000
0.95801800489425659179687500000000
0.95845401287078857421875000000000
0.95888620615005493164062500000000
0.95931458473205566406250000000000
0.95973908901214599609375000000000
0.96015989780426025390625000000000
0.96057695150375366210937500000000
0.96099030971527099609375000000000
0.96139997243881225585937500000000
0.96180599927902221679687500000000
0.96220833063125610351562500000000
0.96260714530944824218750000000000
0.96300226449966430664062500000000
0.96339386701583862304687500000000
0.96378195285797119140625000000000
0.96416652202606201171875000000000
0.96454757452011108398437500000000
0.96492516994476318359375000000000
0.96529936790466308593750000000000
0.96567010879516601562500000000000
0.96603745222091674804687500000000
0.96640145778656005859375000000000
0.96676212549209594726562500000000
0.96711945533752441406250000000000
0.96747350692749023437500000000000
0.96782428026199340820312500000000
0.96817177534103393554687500000000
0.96851611137390136718750000000000
0.96885716915130615234375000000000
0.96919512748718261718750000000000
0.96952986717224121093750000000000
0.96986150741577148437500000000000
0.97019004821777343750000000000000
0.97051554918289184570312500000000
0.97083789110183715820312500000000
0.97115725278854370117187500000000
0.97147357463836669921875000000000
0.97178697586059570312500000000000
0.97209733724594116210937500000000
0.97240471839904785156250000000000
0.97270923852920532226562500000000
0.97301083803176879882812500000000
0.97330957651138305664062500000000
0.97360539436340332031250000000000
0.97389841079711914062500000000000
0.97418862581253051757812500000000
0.97447603940963745117187500000000
0.97476065158843994140625000000000
0.97504252195358276367187500000000
0.97532171010971069335937500000000
0.97559815645217895507812500000000
0.97587192058563232421875000000000
0.97614300251007080078125000000000
0.97641140222549438476562500000000
0.97667723894119262695312500000000
0.97694045305252075195312500000000
0.97720110416412353515625000000000
0.97745913267135620117187500000000
0.97771465778350830078125000000000
0.97796767950057983398437500000000
0.97821819782257080078125000000000
0.97846621274948120117187500000000
0.97871172428131103515625000000000
0.97895485162734985351562500000000
0.97919553518295288085937500000000
0.97943383455276489257812500000000
0.97966974973678588867187500000000
0.97990328073501586914062500000000
0.98013448715209960937500000000000
0.98036330938339233398437500000000
0.98058992624282836914062500000000
0.98081415891647338867187500000000
0.98103618621826171875000000000000
0.98125594854354858398437500000000
0.98147344589233398437500000000000
0.98168879747390747070312500000000
0.98190188407897949218750000000000
0.98211282491683959960937500000000
0.98232161998748779296875000000000
0.98252826929092407226562500000000
0.98273283243179321289062500000000
0.98293524980545043945312500000000
0.98313558101654052734375000000000
0.98333382606506347656250000000000
0.98353004455566406250000000000000
0.98372423648834228515625000000000
0.98391646146774291992187500000000
0.98410660028457641601562500000000
0.98429483175277709960937500000000
0.98448103666305541992187500000000
0.98466533422470092773437500000000
0.98484766483306884765625000000000
0.98502814769744873046875000000000
0.98520666360855102539062500000000
0.98538333177566528320312500000000
0.98555815219879150390625000000000
0.98573112487792968750000000000000
0.98590224981307983398437500000000
0.98607158660888671875000000000000
0.98623907566070556640625000000000
0.98640483617782592773437500000000
0.98656880855560302734375000000000
0.98673105239868164062500000000000
0.98689150810241699218750000000000
0.98705029487609863281250000000000
0.98720735311508178710937500000000
0.98736274242401123046875000000000
0.98751646280288696289062500000000
0.98766851425170898437500000000000
0.98781889677047729492187500000000
0.98796766996383666992187500000000
0.98811483383178710937500000000000
0.98826038837432861328125000000000
0.98840439319610595703125000000000
0.98854678869247436523437500000000
0.98868763446807861328125000000000
0.98882699012756347656250000000000
0.98896473646163940429687500000000
0.98910105228424072265625000000000
0.98923581838607788085937500000000
0.98936909437179565429687500000000
0.98950093984603881835937500000000
0.98963129520416259765625000000000
0.98976022005081176757812500000000
0.98988777399063110351562500000000
0.99001383781433105468750000000000
0.99013853073120117187500000000000
0.99026179313659667968750000000000
0.99038374423980712890625000000000
0.99050426483154296875000000000000
0.99062347412109375000000000000000
0.99074137210845947265625000000000
0.99085789918899536132812500000000
0.99097311496734619140625000000000
0.99108707904815673828125000000000
0.99119973182678222656250000000000
0.99131107330322265625000000000000
0.99142122268676757812500000000000
0.99153006076812744140625000000000
0.99163770675659179687500000000000
0.99174410104751586914062500000000
0.99184930324554443359375000000000
0.99195325374603271484375000000000
0.99205607175827026367187500000000
0.99215769767761230468750000000000
0.99225813150405883789062500000000
0.99235743284225463867187500000000
0.99245560169219970703125000000000
0.99255263805389404296875000000000
0.99264854192733764648437500000000
0.99274331331253051757812500000000
0.99283701181411743164062500000000
0.99292963743209838867187500000000
0.99302113056182861328125000000000
0.99311161041259765625000000000000
0.99320101737976074218750000000000
0.99328941106796264648437500000000
0.99337673187255859375000000000000
0.99346303939819335937500000000000
0.99354833364486694335937500000000
0.99363261461257934570312500000000
0.99371594190597534179687500000000
0.99379825592041015625000000000000
0.99387961626052856445312500000000
0.99396002292633056640625000000000
0.99403941631317138671875000000000
0.99411791563034057617187500000000
0.99419546127319335937500000000000
0.99427211284637451171875000000000
0.99434781074523925781250000000000
0.99442267417907714843750000000000
0.99449658393859863281250000000000
0.99456959962844848632812500000000
0.99464178085327148437500000000000
0.99471306800842285156250000000000
0.99478352069854736328125000000000
0.99485307931900024414062500000000
0.99492186307907104492187500000000
0.99498975276947021484375000000000
0.99505686759948730468750000000000
0.99512314796447753906250000000000
0.99518859386444091796875000000000
0.99525326490402221679687500000000
0.99531716108322143554687500000000
0.99538028240203857421875000000000
0.99544262886047363281250000000000
0.99550420045852661132812500000000
0.99556499719619750976562500000000
0.99562507867813110351562500000000
0.99568444490432739257812500000000
0.99574303627014160156250000000000
0.99580091238021850585937500000000
0.99585807323455810546875000000000
0.99591451883316040039062500000000
0.99597030878067016601562500000000
0.99602538347244262695312500000000
0.99607974290847778320312500000000
0.99613344669342041015625000000000
0.99618649482727050781250000000000
0.99623888731002807617187500000000
0.99629062414169311523437500000000
0.99634170532226562500000000000000
0.99639213085174560546875000000000
0.99644190073013305664062500000000
0.99649107456207275390625000000000
0.99653965234756469726562500000000
0.99658757448196411132812500000000
0.99663496017456054687500000000000
0.99668169021606445312500000000000
0.99672782421112060546875000000000
0.99677342176437377929687500000000
0.99681836366653442382812500000000
0.99686276912689208984375000000000
0.99690663814544677734375000000000
0.99694991111755371093750000000000
0.99699264764785766601562500000000
0.99703484773635864257812500000000
0.99707651138305664062500000000000
0.99711757898330688476562500000000
0.99715816974639892578125000000000
0.99719822406768798828125000000000
0.99723780155181884765625000000000
0.99727684259414672851562500000000
0.99731534719467163085937500000000
0.99735337495803833007812500000000
0.99739092588424682617187500000000
0.99742794036865234375000000000000
0.99746453762054443359375000000000
0.99750065803527832031250000000000
0.99753624200820922851562500000000
0.99757140874862670898437500000000
0.99760609865188598632812500000000
0.99764037132263183593750000000000
0.99767416715621948242187500000000
0.99770748615264892578125000000000
0.99774038791656494140625000000000
0.99777287244796752929687500000000
0.99780493974685668945312500000000
0.99783653020858764648437500000000
0.99786776304244995117187500000000
0.99789857864379882812500000000000
0.99792891740798950195312500000000
0.99795889854431152343750000000000
0.99798852205276489257812500000000
0.99801772832870483398437500000000
0.99804651737213134765625000000000
0.99807488918304443359375000000000
0.99810296297073364257812500000000
0.99813061952590942382812500000000
0.99815791845321655273437500000000
0.99818480014801025390625000000000
0.99821138381958007812500000000000
0.99823760986328125000000000000000
0.99826341867446899414062500000000
0.99828892946243286132812500000000
0.99831408262252807617187500000000
0.99833893775939941406250000000000
0.99836337566375732421875000000000
0.99838751554489135742187500000000
0.99841135740280151367187500000000
0.99843484163284301757812500000000
0.99845802783966064453125000000000
0.99848085641860961914062500000000
0.99850344657897949218750000000000
0.99852567911148071289062500000000
0.99854761362075805664062500000000
0.99856925010681152343750000000000
0.99859058856964111328125000000000
0.99861162900924682617187500000000
0.99863237142562866210937500000000
0.99865281581878662109375000000000
0.99867302179336547851562500000000
0.99869287014007568359375000000000
0.99871253967285156250000000000000
0.99873185157775878906250000000000
0.99875098466873168945312500000000
0.99876976013183593750000000000000
0.99878835678100585937500000000000
0.99880665540695190429687500000000
0.99882465600967407226562500000000
0.99884247779846191406250000000000
0.99886000156402587890625000000000
0.99887728691101074218750000000000
0.99889433383941650390625000000000
0.99891114234924316406250000000000
0.99892771244049072265625000000000
0.99894410371780395507812500000000
0.99896019697189331054687500000000
0.99897605180740356445312500000000
0.99899172782897949218750000000000
0.99900716543197631835937500000000
0.99902236461639404296875000000000
0.99903738498687744140625000000000
0.99905216693878173828125000000000
0.99906677007675170898437500000000
0.99908113479614257812500000000000
0.99909532070159912109375000000000
0.99910926818847656250000000000000
0.99912303686141967773437500000000
0.99913656711578369140625000000000
0.99914991855621337890625000000000
0.99916315078735351562500000000000
0.99917608499526977539062500000000
0.99918889999389648437500000000000
0.99920153617858886718750000000000
0.99921393394470214843750000000000
0.99922621250152587890625000000000
0.99923831224441528320312500000000
0.99925017356872558593750000000000
0.99926191568374633789062500000000
0.99927347898483276367187500000000
0.99928486347198486328125000000000
0.99929606914520263671875000000000
0.99930715560913085937500000000000
0.99931806325912475585937500000000
0.99932879209518432617187500000000
0.99933934211730957031250000000000
0.99934977293014526367187500000000
0.99936008453369140625000000000000
0.99937015771865844726562500000000
0.99938017129898071289062500000000
0.99939000606536865234375000000000
0.99939966201782226562500000000000
0.99940919876098632812500000000000
0.99941861629486083984375000000000
0.99942785501480102539062500000000
0.99943697452545166015625000000000
0.99944597482681274414062500000000
0.99945479631423950195312500000000
0.99946349859237670898437500000000
0.99947208166122436523437500000000
0.99948054552078247070312500000000
0.99948889017105102539062500000000
0.99949711561203002929687500000000
0.99950516223907470703125000000000
0.99951314926147460937500000000000
0.99952101707458496093750000000000
0.99952870607376098632812500000000
0.99953633546829223632812500000000
0.99954384565353393554687500000000
0.99955123662948608398437500000000
0.99955850839614868164062500000000
0.99956566095352172851562500000000
0.99957269430160522460937500000000
0.99957960844039916992187500000000
0.99958646297454833984375000000000
0.99959319829940795898437500000000
0.99959987401962280273437500000000
0.99960637092590332031250000000000
0.99961280822753906250000000000000
0.99961912631988525390625000000000
0.99962538480758666992187500000000
0.99963152408599853515625000000000
0.99963754415512084960937500000000
0.99964350461959838867187500000000
0.99964940547943115234375000000000
0.99965512752532958984375000000000
0.99966084957122802734375000000000
0.99966645240783691406250000000000
0.99967193603515625000000000000000
0.99967736005783081054687500000000
0.99968272447586059570312500000000
0.99968796968460083007812500000000
0.99969315528869628906250000000000
0.99969822168350219726562500000000
0.99970322847366333007812500000000
0.99970817565917968750000000000000
0.99971306324005126953125000000000
0.99971783161163330078125000000000
0.99972254037857055664062500000000
0.99972718954086303710937500000000
0.99973171949386596679687500000000
0.99973624944686889648437500000000
0.99974066019058227539062500000000
0.99974501132965087890625000000000
0.99974930286407470703125000000000
0.99975347518920898437500000000000
0.99975764751434326171875000000000
0.99976170063018798828125000000000
0.99976575374603271484375000000000
0.99976968765258789062500000000000
0.99977362155914306640625000000000
0.99977743625640869140625000000000
0.99978119134902954101562500000000
0.99978488683700561523437500000000
0.99978858232498168945312500000000
0.99979215860366821289062500000000
0.99979567527770996093750000000000
0.99979913234710693359375000000000
0.99980258941650390625000000000000
0.99980592727661132812500000000000
0.99980926513671875000000000000000
0.99981254339218139648437500000000
0.99981570243835449218750000000000
0.99981886148452758789062500000000
0.99982202053070068359375000000000
0.99982506036758422851562500000000
0.99982804059982299804687500000000
0.99983102083206176757812500000000
0.99983394145965576171875000000000
0.99983680248260498046875000000000
0.99983960390090942382812500000000
0.99984234571456909179687500000000
0.99984508752822875976562500000000
0.99984776973724365234375000000000
0.99985039234161376953125000000000
0.99985301494598388671875000000000
0.99985557794570922851562500000000
0.99985808134078979492187500000000
0.99986052513122558593750000000000
0.99986296892166137695312500000000
0.99986535310745239257812500000000
0.99986767768859863281250000000000
0.99987000226974487304687500000000
0.99987226724624633789062500000000
0.99987453222274780273437500000000
0.99987673759460449218750000000000
0.99987888336181640625000000000000
0.99988102912902832031250000000000
0.99988311529159545898437500000000
0.99988514184951782226562500000000
0.99988716840744018554687500000000
0.99988913536071777343750000000000
0.99989110231399536132812500000000
0.99989300966262817382812500000000
0.99989491701126098632812500000000
0.99989676475524902343750000000000
0.99989861249923706054687500000000
0.99990040063858032226562500000000
0.99990218877792358398437500000000
0.99990391731262207031250000000000
0.99990564584732055664062500000000
0.99990731477737426757812500000000
0.99990898370742797851562500000000
0.99991059303283691406250000000000
0.99991220235824584960937500000000
0.99991375207901000976562500000000
0.99991530179977416992187500000000
0.99991679191589355468750000000000
0.99991828203201293945312500000000
0.99991977214813232421875000000000
0.99992120265960693359375000000000
0.99992263317108154296875000000000
0.99992400407791137695312500000000
0.99992537498474121093750000000000
0.99992674589157104492187500000000
0.99992805719375610351562500000000
0.99992936849594116210937500000000
0.99993062019348144531250000000000
0.99993187189102172851562500000000
0.99993312358856201171875000000000
0.99993431568145751953125000000000
0.99993550777435302734375000000000
0.99993669986724853515625000000000
0.99993783235549926757812500000000
0.99993896484375000000000000000000
0.99994009733200073242187500000000
0.99994117021560668945312500000000
0.99994224309921264648437500000000
0.99994331598281860351562500000000
0.99994432926177978515625000000000
0.99994534254074096679687500000000
0.99994635581970214843750000000000
0.99994736909866333007812500000000
0.99994832277297973632812500000000
0.99994927644729614257812500000000
0.99995017051696777343750000000000
0.99995112419128417968750000000000
0.99995201826095581054687500000000
0.99995291233062744140625000000000
0.99995374679565429687500000000000
0.99995464086532592773437500000000
0.99995547533035278320312500000000
0.99995630979537963867187500000000
0.99995708465576171875000000000000
0.99995791912078857421875000000000
0.99995869398117065429687500000000
0.99995946884155273437500000000000
0.99996018409729003906250000000000
0.99996095895767211914062500000000
0.99996167421340942382812500000000
0.99996238946914672851562500000000
0.99996310472488403320312500000000
0.99996376037597656250000000000000
0.99996447563171386718750000000000
0.99996513128280639648437500000000
0.99996578693389892578125000000000
0.99996644258499145507812500000000
0.99996703863143920898437500000000
0.99996769428253173828125000000000
0.99996829032897949218750000000000
0.99996888637542724609375000000000
0.99996948242187500000000000000000
0.99997001886367797851562500000000
0.99997061491012573242187500000000
0.99997115135192871093750000000000
0.99997168779373168945312500000000
0.99997222423553466796875000000000
0.99997276067733764648437500000000
0.99997329711914062500000000000000
0.99997377395629882812500000000000
0.99997431039810180664062500000000
0.99997478723526000976562500000000
0.99997526407241821289062500000000
0.99997574090957641601562500000000
0.99997621774673461914062500000000
0.99997663497924804687500000000000
0.99997711181640625000000000000000
0.99997752904891967773437500000000
0.99997794628143310546875000000000
0.99997836351394653320312500000000
0.99997878074645996093750000000000
0.99997919797897338867187500000000
0.99997961521148681640625000000000
0.99997997283935546875000000000000
0.99998039007186889648437500000000
0.99998074769973754882812500000000
0.99998116493225097656250000000000
0.99998152256011962890625000000000
0.99998188018798828125000000000000
0.99998223781585693359375000000000
0.99998253583908081054687500000000
0.99998289346694946289062500000000
0.99998325109481811523437500000000
0.99998354911804199218750000000000
0.99998384714126586914062500000000
0.99998420476913452148437500000000
0.99998450279235839843750000000000
0.99998480081558227539062500000000
0.99998509883880615234375000000000
0.99998539686203002929687500000000
0.99998569488525390625000000000000
0.99998593330383300781250000000000
0.99998623132705688476562500000000
0.99998646974563598632812500000000
0.99998676776885986328125000000000
0.99998700618743896484375000000000
0.99998724460601806640625000000000
0.99998754262924194335937500000000
0.99998778104782104492187500000000
0.99998801946640014648437500000000
0.99998825788497924804687500000000
0.99998849630355834960937500000000
0.99998873472213745117187500000000
0.99998891353607177734375000000000
0.99998915195465087890625000000000
0.99998939037322998046875000000000
0.99998956918716430664062500000000
0.99998980760574340820312500000000
0.99998998641967773437500000000000
0.99999016523361206054687500000000
0.99999040365219116210937500000000
0.99999058246612548828125000000000
0.99999076128005981445312500000000
0.99999094009399414062500000000000
0.99999111890792846679687500000000
