13.4819
13.4799
13.478
13.494
13.479
13.4931
13.447
13.4652
13.4759
13.494
13.5009
13.49
13.4761
13.49
13.495
13.4981
13.478
13.483
13.5031
13.484
13.489
13.4859
13.4799
13.474
13.478
13.4692
13.4799
13.4978
13.4091
13.459
13.422
13.474
13.5212
13.4919
13.4709
13.494
13.5
13.515
13.459
13.52
13.4561
13.5031
13.4251
13.423
13.485
13.5031
13.4771
13.479
13.5028
13.4799
13.4661
13.4861
13.4399
13.495
13.51
13.5009
13.4761
13.5031
13.484
13.483
13.5119
13.453
13.4609
13.499
13.4749
13.519
13.464
13.485
13.479
13.483
13.483
13.468
13.4649
13.4749
13.474
13.4881
13.4771
13.473
13.509
13.4518
13.438
13.5109
13.4871
13.4861
13.4711
13.469
13.489
13.4718
13.459
13.5021
13.484
13.4909
13.4952
13.464
13.412
13.4568
13.469
13.469
13.4921
13.4859
13.499
13.4811
13.4611
13.4819
13.4912
13.484
13.5071
13.4871
13.489
13.4811
13.484
13.4771
13.4921
13.469
13.4449
13.4642
13.49
13.499
13.5069
13.4871
13.4861
13.4809
13.432
13.459
13.4981
13.4881
13.4971
13.4859
13.5009
13.4721
13.4871
13.5219
13.4552
13.5059
13.5021
13.4411
13.4881
13.4621
13.4702
13.4978
13.4249
13.4909
13.5052
13.5031
13.459
13.4921
13.437
13.4978
13.4501
13.4461
13.4671
13.4909
13.5031
13.478
13.485
13.453
13.5109
13.5021
13.505
13.489
13.4761
13.463
13.4511
13.4821
13.4649
13.4821
13.412
13.4962
13.4461
13.4959
13.4399
13.4771
13.473
13.4878
13.474
13.474
13.4559
13.4869
13.4859
13.4871
13.468
13.4501
13.4301
13.4711
13.483
13.478
13.4861
13.4921
13.449
13.423
13.4959
13.4602
13.468
13.4931
13.4799
13.4869
13.504
13.464
13.483
13.4521
13.484
13.4668
13.448
13.474
13.4561
13.4871
13.3991
13.4411
13.4351
13.5059
13.418
13.4799
13.4728
13.484
13.5059
13.4761
13.5021
13.4809
13.4959
13.483
13.505
13.473
13.4752
13.4799
13.4592
13.473
13.5019
13.443
13.4981
13.509
13.479
13.4859
13.4692
13.4749
13.4661
13.4881
13.5009
13.4809
13.505
13.4909
13.478
13.4671
13.4261
13.485
13.459
13.464
13.4552
13.484
13.473
13.51
13.4821
13.468
13.5031
13.4161
13.4771
13.484
13.5012
13.495
13.489
13.4759
13.5579
13.412
13.4809
13.433
13.474
13.5171
13.4521
13.448
13.4661
13.5081
13.453
13.443
13.469
13.4811
13.468
13.483
13.437
13.4652
13.447
13.4718
13.4709
13.4721
13.4761
13.473
13.4871
13.484
13.5009
13.484
13.4881
13.459
13.489
13.4869
13.4959
13.4931
13.4809
13.458
13.474
13.5009
13.4702
13.485
13.4592
13.489
13.478
13.423
13.5128
13.4828
13.4828
13.4559
13.4861
13.4649
13.484
13.433
13.4699
13.5028
13.4721
13.4699
13.494
13.4981
13.5281
13.463
13.483
13.4521
13.4902
13.464
13.4699
13.4578
13.453
13.479
13.428
13.5038
13.4549
13.4921
13.5062
13.485
13.4761
13.454
13.4711
13.464
13.4511
13.4661
13.447
13.483
13.483
13.483
13.4661
13.495
13.4921
13.4649
13.5059
13.504
13.484
13.4459
13.4218
13.499
13.479
13.4671
13.478
13.5009
13.4809
13.5081
13.473
13.4621
13.4151
13.4912
13.494
13.464
13.504
13.4721
13.4981
13.4449
13.484
13.4799
13.4649
13.453
13.4692
13.438
13.4571
13.4661
13.485
13.494
13.5119
13.473
13.4511
13.4952
13.4809
13.4699
13.464
13.494
13.4709
13.4652
13.4621
13.5131
13.464
13.4709
13.4261
13.4802
13.4668
13.4859
13.4521
13.5028
13.459
13.4718
13.5009
13.4771
13.4881
13.4439
13.469
13.4499
13.454
13.485
13.4718
13.4962
13.473
13.4971
13.5081
13.4881
13.4621
13.4549
13.4928
13.5179
13.4768
13.5078
13.4959
13.468
13.51
13.4859
13.4668
13.5002
13.4919
13.4768
13.459
13.4771
13.494
13.4599
13.4959
13.447
13.453
13.4919
13.5031
13.5081
13.4559
13.499
13.4618
13.5028
13.4358
13.4861
13.4571
13.459
13.499
13.4668
13.4389
13.485
13.4919
13.479
13.447
13.4809
13.479
13.505
13.4609
13.51
13.459
13.484
13.4931
13.474
13.454
13.4761
13.474
13.494
13.4861
13.4771
13.4859
13.4721
13.4761
13.4969
13.4668
13.4559
13.4418
13.418
13.4821
13.448
13.4909
13.463
13.469
13.484
13.4802
13.4649
13.4718
13.4611
13.4711
13.494
13.4859
13.514
13.509
13.51
13.4552
13.494
13.4969
13.438
13.459
13.4759
13.484
13.515
13.4959
13.4802
13.5159
13.5171
13.3839
13.4759
13.495
13.4468
13.4559
13.4671
13.4852
13.485
13.4871
13.4931
13.4568
13.4609
13.495
13.4881
13.4761
13.484
13.4828
13.4668
13.4568
13.4912
13.4881
13.4912
13.4239
13.4861
13.4699
13.5
13.474
13.5028
13.478
13.4509
13.412
13.4811
13.4749
13.485
13.4699
13.4652
13.4749
13.4852
13.468
13.4809
13.4799
13.474
13.484
13.4861
13.4981
13.5059
13.4881
13.4711
13.473
13.4699
13.4192
13.4921
13.515
13.4921
13.473
13.4811
13.4401
13.495
13.4721
13.4611
13.5031
13.5
13.4659
13.4952
13.4909
13.4952
13.4499
13.4752
13.4718
13.504
13.427
13.4859
13.4759
13.4292
13.4909
13.4778
13.453
13.458
13.479
13.5081
13.4859
13.494
13.4251
13.51
13.495
13.468
13.4668
13.4971
13.447
13.494
13.499
13.5012
13.4351
13.5131
13.4768
13.469
13.504
13.4571
13.4859
13.504
13.5128
13.4668
13.479
13.494
13.469
13.4959
13.411
13.4671
13.453
13.423
13.468
13.4592
13.4349
13.4492
13.4599
13.454
13.4571
13.5071
13.495
13.4332
13.4859
13.5021
13.4859
13.4869
13.4959
13.459
13.4509
13.4928
13.4671
13.4969
13.4962
13.4668
13.4339
13.4881
13.4909
13.4571
13.4671
13.4549
13.463
13.4878
13.4768
13.469
13.4919
13.448
13.485
13.453
13.4659
13.464
13.447
13.4621
13.484
13.448
13.4468
13.4678
13.4869
13.4878
13.4988
13.478
13.4821
13.5291
13.483
13.4759
13.4568
13.4408
13.453
13.4718
13.479
13.4969
13.4602
13.449
13.4649
13.515
13.4521
13.4232
13.4399
13.494
13.5159
13.4761
13.4671
13.4621
13.4709
13.5021
13.4599
13.499
13.484
13.4261
13.4621
13.4602
13.479
13.458
13.4678
13.386
13.485
13.4721
13.4711
13.443
13.4928
13.483
13.474
13.4809
13.4549
13.4511
13.474
13.463
13.448
13.504
13.473
13.4912
13.494
13.5031
13.49
13.4878
13.4399
13.5031
13.448
13.4571
13.4561
13.4649
13.5002
13.4659
13.5219
13.4642
13.5078
13.4749
13.454
13.4981
13.4902
13.4931
13.473
13.4499
13.4819
13.505
13.504
13.4919
13.5109
13.4981
13.4571
13.5012
13.4721
13.474
13.4311
13.4881
13.4568
13.4959
13.4861
13.4821
13.51
13.4621
13.4718
13.468
13.4878
13.4809
13.4652
13.4799
13.4852
13.494
13.4819
13.4981
13.4869
13.5069
13.4768
13.4878
13.4418
13.5119
13.4711
13.485
13.5031
13.5229
13.525
13.4709
13.443
13.474
13.4962
13.4571
13.463
13.4461
13.495
13.4611
13.4721
13.4881
13.4861
13.4699
13.474
13.4189
13.4809
13.504
13.4759
13.4671
13.4342
13.485
13.4721
13.4761
13.485
13.489
13.4528
13.4909
13.5
13.5069
13.463
13.5002
13.4759
13.49
13.4649
13.454
13.4871
13.4871
13.453
13.4861
13.5081
13.469
13.4649
13.4699
13.4861
13.463
13.4249
13.4759
13.479
13.4609
13.479
13.5021
13.4799
13.4978
13.4969
13.5081
13.4819
13.453
13.469
13.4861
13.51
13.4602
13.4671
13.464
13.4499
13.4661
13.4571
13.469
13.4721
13.4721
13.458
13.479
13.4521
13.479
13.433
13.4511
13.4621
13.5021
13.4621
13.473
13.464
13.485
13.4649
13.489
13.4809
13.4861
13.494
13.505
13.4878
13.479
13.4909
13.483
13.5021
13.473
13.4981
13.4702
13.4618
13.4699
13.4962
13.478
13.447
13.4881
13.4871
13.5031
13.478
13.479
13.4711
13.483
13.454
13.4821
13.4761
13.5019
13.468
13.4721
13.4211
13.5031
13.4349
13.4559
13.4802
13.514
13.4819
13.4809
13.4752
13.442
13.4981
13.4721
13.484
13.495
13.459
13.5081
13.4969
13.4709
13.4881
13.49
13.417
13.4499
13.505
13.479
13.453
13.4759
13.474
13.5059
13.4931
13.53
13.473
13.4931
13.4521
13.5088
13.4881
13.494
13.5071
13.449
13.4881
13.5071
13.4809
13.4568
13.485
13.5059
13.4468
13.4919
13.479
13.4981
13.485
13.4702
13.463
13.433
13.4962
13.4709
13.4609
13.484
13.489
13.4821
13.468
13.4962
13.464
13.447
13.432
13.479
13.5109
13.4499
13.469
13.5272
13.4971
13.4909
13.4921
13.4811
13.442
13.4511
13.464
13.504
13.4759
13.449
13.4518
13.459
13.4809
13.4039
13.4552
13.4971
13.464
13.494
13.4568
13.4449
13.479
13.4962
13.4821
13.474
13.4861
13.448
13.5121
13.4599
13.4802
13.5
13.473
13.4642
13.4959
13.494
13.463
13.5002
13.474
13.4802
13.495
13.4521
13.4819
13.469
13.4678
13.483
