14.303
7.61104
7.6189
7.61509
7.59315
7.64394
6.28805
6.26898
6.21104
6.24204
6.23798
6.26493
6.26922
6.24895
6.22296
6.26588
6.24681
6.21295
6.25992
6.21486
6.26087
6.25205
6.25491
6.2511
6.24394
6.26493
6.26397
6.20604
6.2151
6.24514
6.2201
6.26898
6.22106
6.24323
6.25992
6.24204
6.26087
6.25801
5.24497
4.58908
4.59504
4.59719
4.58789
4.59385
4.58908
4.59409
4.59981
4.59695
4.59099
4.58694
4.59695
4.58884
4.5929
4.58789
4.58694
4.60291
4.58217
4.59409
4.58908
4.59385
4.62794
4.62818
4.62103
4.62413
4.62103
4.61316
4.62389
4.61698
4.63009
4.61793
4.62317
4.62294
4.62198
4.62198
4.61984
4.61984
4.62198
4.62008
4.62389
4.61984
4.62294
4.61912
4.61602
4.62103
4.6308
4.62699
4.62794
4.6258
4.63104
4.62198
4.62103
4.62699
4.62794
4.62413
4.62508
4.61888
4.62484
4.62484
4.61698
4.61602
4.61388
4.61793
4.62794
4.62389
4.62508
4.61912
4.62508
4.61817
4.62389
4.62079
4.62103
4.63009
4.61507
4.62508
4.62294
4.62985
4.62484
4.632
4.62103
4.62389
4.62389
4.62079
4.63295
4.61602
4.63486
4.63009
4.61817
4.632
4.62818
4.62794
4.61793
4.62794
4.62604
4.62914
4.62198
4.62389
4.62699
4.62985
4.62985
4.62317
4.62294
4.62198
4.62008
4.62294
4.61817
4.62508
4.63009
4.62294
4.62699
4.62008
4.62699
4.62294
4.63295
4.62794
4.62198
4.62294
4.632
4.62079
4.62103
4.62794
4.61698
4.62604
4.62699
4.62294
4.62413
4.62008
4.61698
4.62294
4.62198
4.62604
4.6308
4.62079
4.62198
4.62008
4.62508
4.61888
4.62103
4.62198
4.62103
4.61912
4.61698
4.62294
4.62604
4.62103
4.62294
4.62008
4.62508
4.62508
4.62103
4.62008
4.62604
4.62317
4.63009
4.62198
4.62508
4.62413
4.62008
4.62699
4.61888
4.62103
4.62794
4.62413
4.62198
4.62008
4.6258
4.62794
4.62008
4.62699
4.63295
4.62508
4.62294
4.6289
4.62723
4.61984
4.63295
4.62508
4.62103
4.62198
4.62008
4.62008
4.62008
4.62699
4.62198
4.62699
4.61984
4.62103
4.65608
4.64988
4.668
4.65989
4.70901
4.74691
4.75693
4.7431
4.77791
4.78196
4.78697
4.79293
4.80604
4.80795
4.79293
4.79388
4.78601
4.76098
4.75407
4.75407
4.75502
4.72593
4.704
4.70901
4.70304
4.69518
4.7071
4.70304
4.70304
4.69899
4.70304
4.71807
4.71091
4.704
4.704
4.70996
4.70304
4.70805
4.67396
4.66204
4.67014
4.66704
4.68111
4.66704
4.6761
4.67896
4.67682
4.67205
4.67396
4.66704
4.66919
4.68493
4.668
4.673
4.66704
4.64702
4.62294
4.62198
4.62484
4.62198
4.62604
4.63009
4.61602
4.62699
4.62389
4.62484
4.61888
4.61984
4.62198
4.6289
4.61698
4.62389
4.62413
4.63414
4.62008
4.62389
4.61817
4.62413
4.62699
4.63104
4.61912
4.62103
4.62294
4.62508
4.62413
4.62008
4.62413
4.62198
4.62008
4.62699
4.62699
4.62008
4.63414
4.62413
4.61793
4.62222
4.61388
4.61602
4.63104
4.61411
4.62294
4.61888
4.62103
4.62699
4.62198
4.62103
4.63796
4.632
4.6289
4.63796
4.62794
4.63319
4.63009
4.62508
4.62413
4.62294
4.62103
4.62699
4.63414
4.62604
4.62103
4.62103
4.62914
4.62103
4.62008
4.62723
4.632
4.61793
4.61793
4.62103
4.61793
4.63104
4.62222
4.62294
4.62794
4.62294
4.62198
4.62604
4.63104
4.62198
4.62484
4.63891
4.62604
4.61507
4.62818
4.63009
4.62008
4.62008
4.62008
4.62604
4.61793
4.62389
4.62508
4.63009
4.62317
4.62604
4.62008
4.62294
4.62198
4.61698
4.62699
4.62413
4.61602
4.62008
4.62103
4.62699
4.61793
4.62008
4.61817
4.62008
4.62008
4.62699
4.62413
4.62699
4.61602
4.62723
4.62794
4.62389
4.62413
4.62198
4.62818
4.62484
4.62389
4.62604
4.62484
4.62699
4.62508
4.63295
4.62317
4.64106
4.64201
4.6289
4.63009
4.63009
4.63009
4.61888
4.62604
4.62604
4.62508
4.62985
4.66394
4.65202
4.65608
4.65798
4.65798
4.65894
4.65322
4.673
4.66704
4.68111
4.67706
4.673
4.68516
4.70686
4.71497
4.72212
4.70304
4.71497
4.70591
4.70805
4.69708
4.70805
4.70591
4.704
4.69589
4.69184
4.70519
4.70209
4.7009
4.704
4.7009
4.69398
4.7071
4.71115
4.70495
4.70114
4.69995
4.70614
4.70591
4.70185
4.69804
4.69804
4.71497
4.69685
4.704
4.71091
4.72093
4.69899
4.7009
4.70281
4.70591
4.70185
4.704
4.7009
4.70686
4.69089
4.66418
4.66895
4.66824
4.673
4.66585
4.66895
4.67515
4.668
4.67515
4.6711
4.66704
4.67205
4.67181
4.668
4.6761
4.66084
4.6649
4.66895
4.65798
4.66204
4.65822
4.63605
4.6351
4.61888
4.62198
4.63104
4.62317
4.62604
4.62198
4.62317
4.62198
4.61912
4.62294
4.61817
4.62699
4.62794
4.62818
4.61698
4.61411
4.6289
4.62508
4.61912
4.62008
4.61912
4.61793
4.62604
4.62317
4.62389
4.61102
4.63104
4.61912
4.632
4.62508
4.62008
4.62914
4.62699
4.62604
4.62604
4.62103
4.62294
4.62413
4.62508
4.61602
4.62413
4.62794
4.61912
4.62699
4.62985
4.61793
4.61602
4.62508
4.62914
4.6289
4.62103
4.632
4.62508
4.63009
4.62794
4.62604
4.62985
4.62914
4.62008
4.63009
4.62198
4.61984
4.62389
4.61984
4.63295
4.61793
4.62389
4.62008
4.62508
4.6351
4.62103
4.62008
4.62818
4.62198
4.61912
4.62008
4.62604
4.62294
4.62699
4.62794
4.62413
4.61602
4.62413
4.63104
4.62794
4.62103
4.62294
4.62008
4.62413
4.61912
4.62794
4.6308
4.62484
4.61888
4.62008
4.62103
4.62699
4.62103
4.62604
4.61698
4.62508
4.62222
4.62103
4.62604
4.62222
4.62484
4.62389
4.62818
4.62103
4.62699
4.632
4.62508
4.62508
4.62604
4.62294
4.63796
4.6649
4.65488
4.66299
4.65894
4.65083
4.65488
4.65918
4.66394
4.66299
4.67491
4.673
4.66609
4.6649
4.6699
4.673
4.67086
4.66394
4.67014
4.6699
4.67682
4.67086
4.67181
4.67205
4.67205
4.68612
4.668
4.67801
4.67682
4.66299
4.65894
4.66204
4.65298
4.65798
4.65894
4.65298
4.65584
4.66585
4.66013
4.65202
4.65608
4.65703
4.65798
4.65393
4.65608
4.65584
4.65703
4.66919
4.65512
4.65989
4.65798
4.65703
4.66108
4.68707
4.69208
4.69494
4.69589
4.70805
4.70495
4.70018
4.69303
4.70209
4.69398
4.70185
4.69589
4.69303
4.70209
4.69208
4.69184
4.69089
4.70114
4.69494
4.69494
4.69112
4.69995
4.70591
4.70209
4.68993
4.69494
4.69613
4.69398
4.70901
4.69589
4.66919
4.65202
4.65393
4.65822
4.65298
4.65918
4.65608
4.65608
4.66585
4.65989
4.65822
4.66299
4.65894
4.65083
4.65488
4.65798
4.66084
4.65703
4.64392
4.64988
4.65679
4.65798
4.65798
4.6618
4.65894
4.66013
4.6339
4.62818
4.62413
4.62508
4.6289
4.63295
4.62508
4.63009
4.64392
4.6401
4.6351
4.63915
4.637
4.64392
4.6339
4.632
4.6351
4.637
4.632
4.63581
4.632
4.6339
4.632
4.63295
4.64296
4.63414
4.63891
4.64416
4.63891
4.62985
4.62294
4.63295
4.62008
4.63295
4.62699
4.61793
4.62103
4.62794
4.61793
4.62484
4.62604
4.62103
4.62413
4.64511
4.62699
4.63009
4.62294
4.62079
4.6289
4.62222
4.63009
4.62294
4.62413
4.63009
4.61602
4.62198
4.62508
4.62484
4.62413
4.62914
4.62508
4.62914
4.62699
4.62413
4.62604
4.61698
4.61793
4.62413
4.62103
4.62508
4.62604
4.62985
4.62604
4.62914
4.62794
4.62008
4.62413
4.62508
4.61888
4.62699
4.632
4.61984
4.62103
4.6289
4.62389
4.63295
4.6401
4.63009
4.6289
4.61698
4.62103
4.62294
4.61793
4.61912
4.61912
4.62413
4.62294
4.61698
4.61507
4.62103
4.62294
4.61793
4.62413
4.62699
4.64296
4.65798
4.6649
4.65012
4.66204
4.66609
4.65202
4.66609
4.65608
4.65608
4.65918
4.67086
4.65488
4.65202
4.66704
4.65798
4.65417
4.65798
4.65798
4.65703
4.65298
4.66585
4.65989
4.65298
4.65393
4.65584
4.65202
4.66394
4.66609
4.65298
4.668
4.65989
4.65417
4.65608
4.65894
4.65393
4.65703
4.65918
4.65393
4.65894
4.65703
4.66084
4.66394
4.65512
4.64892
4.65393
4.66204
4.65798
4.65989
4.65679
4.66585
4.65703
4.65202
4.6649
4.66394
4.65512
4.6699
4.71997
4.70209
4.7009
4.70304
4.69494
4.69685
4.70281
4.69089
4.69017
4.68707
4.69303
4.69804
4.69398
4.69279
4.7009
4.69208
4.70519
4.70304
4.70591
4.70996
4.69804
4.70114
4.69708
4.70805
4.69899
4.69589
4.70185
4.70185
4.70495
4.70495
4.70209
4.69708
4.68802
4.69494
4.66299
4.668
4.66394
4.65703
4.65298
4.65703
4.65107
4.65703
4.65608
4.65107
4.65488
4.66394
4.65512
4.65798
4.65798
4.66204
4.66299
4.66204
4.64916
4.65298
4.66299
4.67205
4.65488
4.65703
4.65608
4.6699
4.65512
4.66013
4.64988
4.66013
4.6711
4.66108
4.66394
4.66299
4.65798
4.65393
4.67205
4.65894
4.65989
4.668
4.66084
4.65894
4.65703
4.65798
4.65989
4.65679
4.65894
4.65608
4.67014
4.66204
4.66204
4.65417
4.67491
4.65918
4.65608
4.65512
4.65894
4.65679
4.66394
4.65512
4.65989
4.65679
4.66299
4.65393
4.65798
4.63009
4.61793
4.62818
4.62389
4.62294
4.61817
4.62413
4.62985
4.64201
4.64201
4.63605
