14.95
14.95
14.9109
14.8652
14.94
14.9078
14.9329
14.9908
14.8869
14.842
14.888
14.95
14.9231
14.9422
14.905
14.9391
14.971
14.888
14.919
14.8909
14.9808
14.9319
14.8962
14.8909
14.9138
14.9329
14.858
14.926
14.9128
14.8869
14.9119
14.8711
14.936
14.852
14.9491
14.936
14.8659
14.9572
14.9
14.8959
14.8492
14.9519
14.93
14.8749
14.8571
14.94
14.9329
14.9338
14.883
14.9939
14.961
14.868
14.864
14.9531
14.9591
14.904
14.9441
14.976
14.9448
14.94
14.9059
14.9128
14.9648
14.9379
14.905
14.878
14.879
14.9109
14.931
14.9491
14.93
14.9212
14.9729
15.0108
14.9059
14.888
14.878
14.9279
14.941
14.89
14.941
14.9179
14.843
14.9391
14.915
14.9002
14.838
14.9131
14.8799
14.9469
14.878
14.9808
14.8909
14.9651
14.884
14.9069
14.9338
14.8742
14.8919
14.8871
14.9391
14.9632
14.9028
14.9159
14.9052
14.9829
14.9901
14.9391
14.9209
14.888
14.9341
14.976
14.962
14.905
14.8761
14.894
14.9088
14.945
14.9231
14.9341
14.909
14.899
14.931
14.924
14.9231
14.8702
14.9579
14.961
14.925
14.955
14.8749
14.8671
14.868
14.8692
14.895
14.9832
14.8931
14.9341
14.91
14.9002
14.883
14.9589
14.8919
14.8959
14.9028
14.9229
14.9379
14.873
14.915
14.9829
14.8652
14.957
14.9689
14.8981
14.9701
14.9269
14.8799
14.957
14.9031
14.8792
14.9019
14.9159
14.8761
14.8909
14.976
14.8809
14.9391
14.946
14.9488
14.8199
14.8909
14.915
14.9159
14.915
14.9522
14.868
14.9291
14.9419
14.9622
14.8931
14.894
14.941
14.93
14.883
14.9219
14.9031
14.9221
14.909
14.884
14.8728
14.9109
14.904
14.936
14.935
14.9081
14.936
15.0259
14.909
14.9028
14.8981
14.946
14.8771
14.8649
14.8809
14.915
14.9341
14.879
14.9689
14.8418
14.8709
14.8711
14.919
14.8592
14.9028
14.9269
14.914
14.9498
14.8869
14.9369
14.838
14.899
14.874
14.9951
14.9031
14.9531
14.8718
14.9119
14.889
14.9219
14.9231
14.951
14.9171
14.8621
14.924
14.8909
14.9438
14.9131
15.003
14.92
14.8921
14.9031
14.9689
14.863
14.8859
14.8721
14.9601
14.914
14.9229
14.95
14.946
14.915
14.888
14.955
14.936
14.8921
14.915
14.924
14.8802
14.981
14.91
14.904
14.941
14.9262
14.9419
14.9002
14.8611
14.9009
14.8971
14.899
14.9322
14.962
14.8611
14.8749
14.8869
14.873
14.9102
14.9069
14.9379
14.895
14.8969
14.9219
14.9481
14.868
14.991
15.0402
15.1241
14.883
14.895
14.9598
14.924
14.868
14.9779
14.894
14.9438
14.8969
14.9002
14.863
14.878
14.8549
14.93
14.9679
14.889
14.873
14.9262
14.889
14.894
14.9188
14.853
14.904
14.94
14.8859
14.879
14.8489
14.926
14.8919
14.8611
14.852
14.9601
14.8928
14.931
14.879
14.8931
14.914
14.8668
14.977
14.89
14.9109
14.957
14.92
14.9019
14.9269
14.93
14.9288
14.9019
14.847
14.889
14.9338
14.9748
14.9279
14.9679
14.8721
14.925
14.8451
14.904
14.894
14.874
14.92
14.915
14.9629
14.8411
14.9221
14.9779
14.879
14.8239
14.9312
14.9281
14.991
14.8909
14.924
14.9431
14.9021
14.8749
14.9651
14.95
14.9519
14.981
14.9331
14.941
14.8592
14.909
14.8959
14.9088
14.8959
14.9372
14.9379
14.837
14.9338
14.8969
14.888
14.9179
14.9088
14.8909
14.9519
14.936
14.9419
14.9109
14.9219
14.9071
14.854
14.8928
14.9369
14.889
14.9171
14.9229
14.8859
14.9591
14.9632
14.8969
14.8358
14.9488
14.9391
14.894
14.888
14.8969
14.9322
14.873
14.843
14.9438
14.91
14.9231
14.904
14.9159
14.8952
14.9219
14.936
14.9138
14.8489
14.925
14.8671
14.9209
14.8849
14.9951
14.905
14.9209
14.8308
14.8969
14.8988
15.0418
14.9429
14.8921
14.878
14.945
14.9181
14.9019
14.863
14.926
14.899
14.895
14.9019
14.925
14.9059
14.888
14.888
14.91
14.8962
14.93
14.9031
14.941
14.9398
14.8509
14.8821
14.8611
14.9591
14.9031
14.8981
14.888
14.924
14.9088
14.8821
14.9179
14.8818
14.9112
14.8699
14.951
14.936
14.9539
14.9171
14.9341
14.9322
14.91
14.9
14.9288
14.9159
14.9331
14.8561
14.961
14.8551
14.878
14.941
14.8721
14.9231
14.971
14.9069
14.9012
14.8931
14.9491
14.9071
14.9119
14.8969
14.9808
14.905
14.8821
14.92
14.888
14.873
14.9021
14.9472
14.9429
14.93
14.9019
14.868
14.8959
14.879
14.9221
14.9181
14.909
14.9851
14.873
14.888
14.9322
14.9031
14.9331
14.848
15.0099
14.9229
14.873
14.9341
14.9021
14.8711
14.8869
14.884
14.9419
14.925
14.9078
14.9238
14.9038
14.9369
14.8962
14.931
14.9322
14.9341
14.977
14.9019
14.9181
14.9081
14.9021
14.9341
14.8921
14.946
15.002
14.9431
14.9391
14.9269
14.9541
14.924
14.8668
14.92
14.9589
14.9581
14.8761
14.888
14.9391
14.8909
14.9429
14.9391
14.967
14.8671
14.8931
14.8721
14.8959
14.9639
14.873
14.9169
14.9
14.9019
14.894
14.9128
14.873
14.8849
14.864
14.9031
15.008
14.935
14.9279
14.9279
14.915
14.9488
14.9639
14.9281
14.894
14.986
14.94
14.9169
14.9431
14.9751
14.8661
14.8818
14.9319
14.873
14.9131
14.93
14.8919
14.874
14.894
14.863
14.951
14.874
14.9221
14.89
15.0108
14.904
14.854
14.883
14.945
14.919
14.8611
14.8351
14.94
14.946
14.9159
14.915
14.879
14.9291
14.909
14.945
14.926
14.946
14.9639
14.9188
14.9219
14.9062
14.94
14.9
14.9128
14.914
14.919
14.9901
14.8699
14.847
14.8709
14.9209
14.9031
14.8921
14.847
14.9221
14.895
14.924
14.9069
14.9031
14.9159
14.9181
14.9691
14.981
14.9
14.9088
14.8869
14.8909
14.935
14.8389
14.8802
14.864
14.9422
14.8711
14.9128
14.945
14.899
14.9219
14.9779
14.8971
14.895
14.9128
14.9179
14.9469
14.93
14.91
14.9288
14.884
14.8621
14.894
14.9269
14.8609
14.9312
14.9629
14.904
14.956
14.879
14.9121
14.92
14.874
14.9109
14.884
14.9071
14.935
14.92
14.8621
14.8559
14.9028
14.9202
14.854
14.926
14.8818
14.89
14.909
14.9262
14.873
14.9159
14.9062
14.972
14.899
14.8699
14.9109
14.8799
14.9481
14.8649
14.8852
14.9121
14.858
14.9159
14.879
14.9009
14.9212
14.894
14.8921
14.9062
14.9119
14.9648
14.9038
14.92
14.8549
14.8878
14.894
14.9529
14.9069
14.9052
15.003
14.9031
14.8849
14.9498
14.8818
14.9221
14.894
14.899
14.8568
14.9159
14.941
14.9319
14.951
14.9429
14.8802
14.8909
14.9291
14.915
14.8818
14.9028
14.95
14.931
14.93
14.8969
14.966
14.848
14.904
14.859
14.888
14.9651
14.957
14.8561
14.863
14.9448
14.9388
14.9229
14.9601
14.9469
14.8911
14.936
14.9381
14.915
14.8609
14.9181
14.873
14.894
14.895
14.8599
14.966
14.935
14.9262
15.0111
14.873
14.8702
14.9181
14.957
14.9
14.9312
14.8511
14.895
14.905
14.915
14.8871
14.9481
14.9169
14.905
14.951
14.956
14.9231
14.9491
14.9231
14.8919
14.837
14.9789
14.8458
14.9739
14.9288
14.8768
14.8799
14.883
14.8611
14.9179
14.8678
14.9429
14.967
14.8981
14.9219
14.8971
14.9159
14.905
14.9212
14.9341
14.914
14.8981
14.842
14.863
14.899
14.92
14.894
14.9131
14.9829
14.8509
14.9388
14.91
14.9651
14.9009
14.9481
14.9221
14.93
14.9221
14.914
14.9541
14.955
14.93
14.8799
14.924
14.936
14.9279
14.9739
15.002
14.914
14.8809
14.9128
14.9109
14.925
14.9622
14.941
14.9081
14.9159
14.914
14.991
14.9319
14.8649
14.956
14.9341
14.9322
14.873
14.9031
14.889
14.9722
14.858
14.9441
14.9488
14.8659
14.8852
14.853
14.9472
14.92
14.93
14.9422
14.9159
14.8692
14.878
14.9388
14.9579
14.945
14.925
14.9138
14.919
14.946
14.852
14.924
14.863
14.9288
14.8511
14.8802
14.8618
14.956
14.8981
14.915
14.935
14.8952
14.9379
14.9572
14.8671
14.926
14.931
14.9131
14.9648
14.91
14.9159
14.9388
14.859
14.926
14.9209
14.884
14.9438
14.8809
14.9422
14.955
14.91
14.955
14.9362
14.936
14.878
14.899
14.9908
14.9288
14.998
14.9069
14.9059
14.9622
14.991
14.8609
14.9119
14.9012
14.941
14.9481
14.92
14.8611
15.007
14.8859
14.8509
14.8759
14.926
14.9639
14.9801
14.9162
14.961
14.9391
14.8671
14.874
14.8981
14.914
14.869
14.8799
14.9231
14.956
14.894
14.8408
14.961
14.9
14.9441
14.9121
14.9369
14.8969
14.9031
14.9481
14.914
14.884
14.9221
14.914
14.8771
14.9281
14.8859
14.905
14.864
14.9171
14.987
14.9441
14.9472
14.894
14.854
14.8571
14.889
14.859
14.873
14.8602
14.9519
14.92
14.8869
14.951
14.924
14.863
14.9179
14.8649
14.8911
14.8909
14.8969
14.8962
14.9221
14.868
14.9369
14.8931
14.8809
14.9162
