28.734
14.91
14.8559
14.894
14.8439
14.869
14.8599
15.0061
15.0168
14.8718
14.993
14.869
14.854
14.848
14.8771
14.992
14.8869
14.8802
14.8439
14.894
14.848
14.89
14.8141
14.854
14.8742
14.986
14.847
14.8771
14.8809
14.982
14.8771
14.9012
14.957
14.8451
14.863
14.8649
14.864
14.8652
14.8761
14.8849
14.853
14.879
14.888
14.8971
14.884
14.883
14.9841
14.8711
14.853
14.864
14.9751
14.8602
14.9391
14.8818
14.8518
14.873
14.8489
14.8578
14.858
14.878
14.889
14.8742
14.8571
14.895
14.8342
14.816
14.8311
14.8609
14.951
14.8439
14.945
14.8721
14.8439
14.9698
14.8649
14.8342
14.8489
14.8201
14.859
14.863
14.899
14.878
14.9629
14.879
14.8439
14.8761
14.8921
14.8671
14.859
14.8079
14.8849
14.8249
14.8771
14.837
14.8551
14.878
14.8771
14.8549
14.8308
14.858
14.868
14.8561
14.863
14.8292
14.8869
14.8621
14.8361
14.8981
14.9961
14.8699
14.884
14.8821
14.8101
14.9081
14.8821
14.8609
14.847
14.854
14.89
14.8909
14.8451
14.9
14.863
14.9
15.0111
14.864
14.874
14.8759
14.8849
14.8702
14.8599
14.9682
15.0108
14.8642
14.8649
14.8308
14.9138
14.8571
14.8809
14.9672
14.8089
14.852
14.884
14.8959
14.905
14.8389
14.9531
15.012
14.8702
14.8768
14.873
14.878
14.951
14.9
14.8768
14.8458
14.8699
14.873
14.869
14.8768
14.8382
14.852
14.889
14.859
14.8408
14.8709
14.8721
14.828
14.8742
14.8129
14.848
14.9028
14.8599
14.8821
14.8492
14.9889
14.8289
14.8501
14.889
14.8518
14.8609
14.8461
14.859
14.8699
14.8671
14.8461
14.992
14.9789
14.827
14.8621
14.8389
14.8759
14.8451
14.8759
14.8129
14.869
14.895
14.827
14.868
14.9701
14.8571
14.8571
14.8261
14.8501
14.8749
14.8718
14.859
14.848
14.868
14.8342
14.8489
14.9109
14.9
14.8592
14.864
14.95
14.8442
14.8621
14.8809
14.8721
14.8869
14.8678
14.8549
15.0151
14.9009
14.8652
14.8301
14.8449
15.017
14.828
14.853
14.8742
14.914
14.8618
14.8399
14.8311
14.823
14.843
14.8909
14.8458
14.8921
14.874
14.8919
14.8911
14.8561
14.9629
14.8869
14.8642
14.8759
14.874
14.957
14.8311
14.852
14.827
14.8711
14.9839
14.868
14.8511
14.8759
14.8489
14.8981
14.8251
14.854
14.8761
14.8821
14.859
14.91
14.8671
14.8761
14.8921
14.8809
14.9469
14.895
14.879
14.8489
14.864
14.8721
14.873
14.8849
14.9651
14.8711
14.8671
14.8361
14.8392
15.0261
14.8618
14.8709
14.853
14.888
14.864
14.8499
14.8458
14.852
14.859
14.823
14.868
14.8649
14.8392
14.9021
14.914
14.8261
14.9682
14.8959
14.8761
14.8141
14.9229
14.879
14.8649
14.852
14.8561
14.8442
14.863
14.842
14.955
14.9021
14.8671
14.9088
14.895
14.8621
14.967
14.8761
14.8921
14.864
15.0061
14.8902
14.8609
14.8468
14.915
14.8971
14.843
14.8671
14.8971
14.8671
14.8671
14.8718
14.8518
14.8449
14.8721
14.8852
14.9851
14.8919
14.8969
14.8752
14.9009
14.858
14.843
14.8931
14.8449
14.858
14.8301
14.869
14.972
14.9078
14.838
14.8649
14.8971
14.8561
14.982
14.899
14.8642
14.8129
14.884
14.8499
14.8811
14.853
14.8761
14.8449
14.8442
14.878
14.8549
14.9798
14.8668
14.8711
14.8821
14.981
14.9839
14.9839
14.8771
14.9541
14.8349
14.869
14.8611
14.89
14.879
14.8721
14.852
14.8909
14.9801
14.8592
14.868
14.8461
14.848
14.9381
14.8711
14.869
14.888
14.9469
14.8802
14.8721
14.8449
14.888
14.869
14.8799
14.827
14.8959
14.8709
14.895
14.842
14.879
14.9641
14.8711
14.8609
14.8149
14.9038
14.869
14.9469
14.9539
14.8468
14.962
14.847
14.8852
14.9179
14.8609
14.884
14.8771
14.9059
14.8242
14.874
14.848
14.8768
14.8561
14.9941
14.879
14.873
14.8511
14.874
14.8709
14.8721
14.8499
14.9131
14.883
14.8849
14.9071
14.8439
14.874
14.8959
14.8191
14.905
14.9081
14.843
14.9
14.874
14.8289
14.905
14.873
14.8432
14.868
14.859
14.8439
14.8828
14.8649
14.8702
14.9689
14.8678
14.853
14.8509
14.9319
14.878
14.8571
14.8542
14.817
14.9691
14.8711
15.0049
14.8599
14.863
14.8342
14.868
14.869
14.8709
14.888
14.847
14.8561
14.8282
14.8389
14.9739
14.9121
14.8351
14.8571
14.8611
14.8671
14.833
14.8661
14.854
14.853
14.874
14.8809
14.9219
14.9782
14.8871
14.899
14.8649
14.9541
14.8871
14.8411
14.854
14.832
14.868
14.8318
14.8771
14.8809
14.8749
14.8499
14.9438
14.837
14.8509
14.9391
14.8411
14.914
14.858
14.8458
14.9322
14.8671
14.8611
14.8399
14.8809
14.889
14.8308
14.8408
14.879
14.888
14.8439
14.888
14.842
15.007
14.9071
14.8811
14.854
14.869
14.878
14.9441
14.806
14.8342
14.869
14.874
14.8258
14.8268
14.868
14.853
14.889
14.843
14.8759
14.8501
14.9291
14.92
14.904
14.8451
14.8809
14.904
14.863
14.894
14.843
14.9238
14.91
14.854
14.9531
14.8239
14.8878
14.8931
14.827
14.8461
14.8599
14.854
14.828
15.0371
14.8242
14.859
14.899
14.9059
14.8561
14.972
14.9071
14.991
14.873
14.8082
14.8718
14.8828
14.8718
14.8549
14.8752
14.8609
14.832
14.888
14.9679
14.9219
15.0301
14.8709
14.8702
14.8921
14.9009
14.8761
14.8299
14.8718
14.8859
14.8921
14.873
14.8759
14.8571
14.91
14.982
14.8699
14.8699
14.8351
14.8389
14.9131
14.8661
14.879
14.8702
14.863
14.884
14.9188
14.8311
14.9469
14.888
14.8551
14.8919
14.9889
14.8702
14.8089
14.9341
14.8661
14.8511
14.8849
14.8702
14.8499
14.8699
14.842
14.863
14.8919
14.8749
15.0001
14.8408
14.863
14.883
14.838
14.8091
14.863
14.838
14.8351
14.874
14.8771
14.8828
14.8458
14.89
15.0161
14.9701
14.987
14.868
14.8661
14.9009
14.8931
14.837
14.9219
14.8551
14.8969
14.8792
14.8308
14.924
14.8799
14.9391
14.8439
15.0218
14.8709
14.837
14.8499
14.8821
14.8051
14.868
14.8542
14.842
14.8151
14.8399
14.8511
14.945
14.8959
14.8771
14.8849
14.8849
14.863
14.8492
14.838
14.924
14.842
14.8551
14.8962
14.874
14.874
14.8821
14.91
14.9019
14.847
14.859
14.8978
14.8709
14.858
14.8411
14.8759
14.852
14.982
14.8489
14.8132
14.859
15.0049
14.8621
14.9021
14.8861
14.8561
14.9739
14.8709
14.9109
14.8561
14.878
14.837
14.854
14.8911
14.842
14.8661
14.8389
14.8759
14.852
14.9899
14.8981
15.0042
14.8959
14.9541
14.863
14.842
14.8489
14.864
14.8811
14.8861
14.8709
14.854
14.905
14.8399
14.9281
14.8871
14.8509
14.858
14.8659
14.8499
14.8308
14.9052
14.864
14.884
14.9221
14.864
14.8711
14.8799
14.874
14.847
14.8559
14.8828
14.8649
14.868
14.8599
14.9429
14.8778
14.8408
14.8761
14.962
14.863
14.924
14.8511
14.873
14.878
14.827
14.884
14.8549
14.9171
14.8461
14.9679
14.852
14.909
14.8768
14.8449
15.007
14.8621
14.8642
14.8718
14.884
14.8509
14.8718
14.8458
14.868
14.9081
14.895
14.9269
14.852
14.9078
14.8718
14.8659
14.8561
14.8489
14.8828
14.9169
14.874
14.852
14.89
14.878
14.8542
14.8759
14.9109
14.874
14.8871
14.971
14.9221
14.9729
14.8542
14.8721
14.8818
14.9679
14.8611
14.8771
14.8921
14.8461
14.8981
14.889
14.8449
14.838
14.9529
14.8828
14.8909
14.8661
14.8458
14.8349
14.8861
14.837
14.8661
14.863
14.8661
14.8261
14.8711
14.8661
14.8709
14.8642
14.8509
14.8339
14.8551
14.8511
14.863
14.863
14.8132
14.8299
14.8399
14.8692
14.8981
14.8919
14.883
14.9031
14.8649
14.863
14.837
14.883
14.8499
14.8818
14.8728
14.8699
14.8561
14.905
14.8921
14.8089
14.8859
14.8399
14.8461
14.9572
14.832
14.843
14.9801
14.869
14.951
14.8971
14.848
14.884
14.8499
14.8709
14.8849
14.8699
14.8861
15.007
14.879
14.8561
14.8962
14.843
14.904
14.8699
15.013
14.8649
14.854
14.8258
14.863
14.8969
14.8709
14.8361
14.8952
14.8921
14.8969
14.8408
14.8361
14.8861
14.955
14.9641
14.9
14.935
14.8799
14.838
14.8821
14.8101
14.9601
14.8549
14.842
14.852
14.957
14.8661
14.8551
14.9901
14.822
14.847
14.823
14.853
14.9121
14.8549
14.8759
14.8702
14.9939
14.889
14.854
14.9691
14.8771
15.029
14.8361
14.8849
14.8849
14.8349
14.8861
14.9081
14.8711
14.874
14.8849
14.8859
14.869
14.915
15.012
14.9231
14.8509
14.8959
14.8761
14.864
14.8768
14.843
14.868
14.9059
14.8408
14.8659
14.9021
14.8389
14.8718
14.8678
14.8759
14.8702
14.879
14.909
14.8571
14.909
14.9629
14.8971
14.894
15.0011
14.842
14.8461
15.003
14.8602
14.8959
15.002
14.8399
14.822
14.8611
14.8699
14.8592
14.858
14.859
14.8959
14.8752
14.967
14.848
14.8768
14.8649
14.8499
14.9729
14.8962
