141.634
128.189
129.094
129.306
130.144
130.249
130.291
129.065
128.548
128.002
127.421
125.766
124.372
125.387
126.279
126.024
122.845
123.824
126.731
126.439
125.075
113.963
114.07
113.938
114.085
114.151
114.179
114.579
113.481
111.82
112.192
115.774
115.896
115.619
112.998
112.681
113.845
114.913
114.03
113.086
110.63
112.281
112.703
111.743
109.877
108.64
109.076
110.232
112.355
112.77
110.292
109.957
107.28
107.256
106.938
105.997
104.385
104.104
106.813
107.034
107.506
105.786
105.76
106.286
106.599
107.683
107.683
108.015
105.78
105.576
106.804
107.95
108.482
105.929
105.928
106.502
106.636
106.442
106.411
106.49
106.139
106.009
103.095
102.81
102.706
104.737
104.022
103.598
102.525
102.992
106.151
106.164
104.733
106.138
105.927
106.546
107.236
107.819
106.748
106.038
