157.384
144.767
144.769
144.511
144.732
144.727
144.751
144.618
144.634
144.781
144.704
144.672
144.696
144.639
144.739
144.784
144.779
144.6
144.526
144.759
144.632
144.672
144.717
144.67
144.751
144.712
144.617
144.546
144.767
144.705
144.618
144.839
144.705
144.703
144.731
144.65
144.747
144.758
144.661
144.76
144.732
144.639
144.708
144.693
144.672
144.748
144.743
144.748
144.658
144.595
144.668
144.713
144.596
144.61
144.628
144.553
144.564
144.73
144.815
144.744
144.632
144.734
144.739
144.619
144.567
144.676
144.633
144.664
144.65
144.624
144.652
144.753
144.761
144.76
144.756
144.87
144.764
144.76
145.052
144.704
144.784
144.764
144.723
144.795
144.838
144.731
144.758
144.602
144.854
144.628
144.679
144.936
144.732
144.715
144.664
144.688
144.604
144.718
144.669
144.759
