6.7699
6.74486
6.75011
6.74796
6.76107
6.73008
6.76513
6.76107
6.75201
6.74081
6.75201
6.74701
6.73985
6.75511
6.742
6.76203
6.76203
6.75917
6.74009
6.77395
6.76489
6.72793
6.75106
6.73199
6.73223
6.74009
6.742
6.74605
6.74701
6.72889
6.72889
6.742
6.7699
6.73914
6.75607
6.72889
6.74701
6.75797
6.7389
6.74796
6.73509
6.73318
6.74915
6.75082
6.75392
6.74605
6.74987
6.73699
6.74391
6.74009
6.742
6.74295
6.75702
6.74701
6.74701
6.74415
6.71601
6.73699
6.75488
6.74391
6.74295
6.74701
6.75607
6.71411
6.74605
6.75392
6.74605
6.7389
6.73485
6.76107
6.75392
6.73699
6.74009
6.74105
6.7451
6.74891
6.75607
6.75416
6.72722
6.74605
6.742
6.74486
6.73795
6.74796
6.74701
6.74105
6.74605
6.73485
6.74009
6.73914
6.73699
6.76703
6.74701
6.76584
6.76608
6.74486
6.76012
6.76203
6.74796
6.74295
6.74701
6.73604
6.72412
6.7451
6.74987
6.75106
6.7358
6.75011
6.75607
6.75106
6.75011
6.73199
6.76012
6.74605
6.742
6.76608
6.75082
6.74796
6.74891
6.74415
6.74415
6.7482
6.7482
6.75607
6.74701
6.75082
6.73294
6.76203
6.74295
6.73389
6.7451
6.73509
6.75011
6.74796
6.75201
6.742
6.74701
6.73485
6.74891
6.7451
6.7482
6.74605
6.7389
6.74796
6.7389
6.75392
6.74796
6.74605
6.75702
6.75106
6.74796
6.74796
6.75392
6.75488
6.75392
6.75201
6.73294
6.75702
6.74391
6.75082
6.74915
6.74319
6.76298
6.74796
6.73008
6.76394
6.7668
6.74701
6.75988
6.75416
6.73509
6.74295
6.73795
6.73294
6.73699
6.73795
6.73389
6.76584
6.73389
6.75297
6.7451
6.72889
6.73795
6.75011
6.75893
6.74605
6.74486
6.76203
6.75893
6.75297
6.75893
6.74605
6.75893
6.75488
6.74295
6.75297
6.73985
6.75201
6.74009
6.75607
6.76298
6.73199
6.76107
6.73985
6.73795
6.77013
6.76799
6.72913
6.76203
6.76513
6.75607
6.74486
6.76894
6.742
6.75702
6.75511
6.73699
6.76298
6.75416
6.75082
6.75797
6.74891
6.74891
6.74415
6.73819
6.75011
6.74701
6.78182
6.71411
6.73985
6.74796
6.75106
6.75702
6.74605
6.74701
6.75607
6.7699
6.76298
6.75392
6.73008
6.74796
6.73103
6.74891
6.742
6.74486
6.73509
6.76107
6.75392
6.73199
6.76298
6.73985
6.72603
6.75201
6.76417
6.74915
6.75297
6.75607
6.77109
6.75511
6.75702
6.73294
6.74796
6.74605
6.75201
6.75797
6.74415
6.76799
6.75201
6.74891
6.73985
6.75297
6.73389
6.74915
6.742
6.74701
6.76608
6.75797
6.73604
6.74987
6.75488
6.742
6.74486
6.742
6.74701
6.76084
6.75607
6.76084
6.74915
6.76012
6.76394
6.75201
6.73199
6.74605
6.75488
6.74796
6.76894
6.742
6.75988
6.74105
6.75392
6.75893
6.742
6.75297
6.74105
6.75893
6.76107
6.75488
6.74295
6.75201
6.74987
6.75106
6.75201
6.742
6.73985
6.74486
6.75201
6.74796
6.74415
6.74605
6.75607
6.75511
6.74486
6.75607
6.73723
6.74105
6.73985
6.73199
6.73509
6.74319
6.74009
6.74391
6.7749
6.74391
6.742
6.73699
6.74891
6.76394
6.74295
6.73699
6.742
6.7451
6.76203
6.75797
6.742
6.74987
6.73699
6.75488
6.73604
6.74009
6.75392
6.73795
6.76298
6.75797
6.73795
6.75297
6.74009
6.74701
6.74701
6.74295
6.76703
6.74582
6.75893
6.74605
6.74796
6.75297
6.73985
6.75106
6.75297
6.7482
6.7451
6.74105
6.74701
6.74701
6.75106
6.73199
6.74105
6.76298
6.73199
6.74105
6.73509
6.75201
6.74391
6.7451
6.74677
6.77299
6.7451
6.75511
6.75297
6.76608
6.73699
6.74987
6.74891
6.73509
6.7451
6.7389
6.74295
6.74891
6.75702
6.75201
6.73079
6.74605
6.74391
6.73604
6.72483
6.7389
6.74605
6.75893
6.75392
6.73389
6.74105
6.75893
6.74987
6.75106
6.75416
6.73699
6.76298
6.74605
6.742
6.74701
6.74796
6.75702
6.73699
6.73795
6.74582
6.73604
6.75583
6.74295
6.74605
6.73485
6.74605
6.74081
6.75917
6.74105
6.72793
6.73699
6.74891
6.74796
6.74105
6.74605
6.75201
6.75511
6.72889
6.77204
6.7451
6.74605
6.73795
6.74796
6.74701
6.75392
6.7389
6.75011
6.76513
6.74295
6.75011
6.73985
6.75797
6.75797
6.72507
6.74009
6.73604
6.75106
6.75011
6.73819
6.77204
6.75201
6.74701
6.742
6.75011
6.77896
6.74987
6.76584
6.74915
6.75797
6.73199
6.76203
6.74987
6.7451
6.75702
6.74009
6.75106
6.74486
6.74915
6.71816
6.77299
6.75416
6.76012
6.76084
6.73413
6.73699
6.75416
6.74915
6.73509
6.76608
6.73795
6.72698
6.75011
6.74486
6.73699
6.73103
6.74486
6.75488
6.72412
6.742
6.72507
6.72483
6.72603
6.71196
6.75297
6.73699
6.76608
6.75297
6.75797
6.74891
6.76394
6.75702
6.76394
6.7668
6.7451
6.742
6.7389
6.73389
6.75702
6.76084
6.78205
6.75011
6.75082
6.75201
6.75893
6.73699
6.73485
6.74605
6.75201
6.75702
6.76608
6.75297
6.74891
6.76298
6.73604
6.7482
6.72817
6.75917
6.74415
6.72579
6.74701
6.73509
6.742
6.74796
6.75702
6.74891
6.74105
6.73509
6.76298
6.73294
6.74582
6.75011
6.76084
6.7699
6.76107
6.73985
6.75106
6.73985
6.74486
6.74105
6.75797
6.73985
6.74605
6.75178
6.74415
6.74701
6.71506
6.75392
6.73604
6.75201
6.73294
6.75106
6.75797
6.74081
6.75297
6.76107
6.74891
6.74081
6.76298
6.74391
6.75702
6.74105
6.72579
6.72793
6.74915
6.72412
6.75893
6.7389
6.73795
6.72293
6.73914
6.73604
6.75011
6.73819
6.74415
6.74701
6.74701
6.73509
6.74891
6.75392
6.76298
6.76298
6.74891
6.74796
6.72698
6.75607
6.74891
6.74009
6.74605
6.75106
6.74486
6.74295
6.75011
6.74319
6.73509
6.74701
6.73699
6.76107
6.7389
6.742
6.73699
6.74701
6.74677
6.76012
6.73103
6.71601
6.74295
6.75106
6.74081
6.76513
6.77299
6.75416
6.742
6.76703
6.75392
6.75702
6.74987
6.74391
6.75011
6.76203
6.75797
6.76298
6.74605
6.742
6.75607
6.73509
6.76608
6.73985
6.75893
6.73604
6.74891
6.75797
6.74701
6.76608
6.75583
6.75297
6.72102
6.74582
6.76012
6.74319
6.75416
6.74319
6.77109
6.75988
6.73914
6.73103
6.742
6.76012
6.75106
6.76608
6.76012
6.75392
6.73795
6.75702
6.75297
6.74915
6.74915
6.74486
6.7451
6.74891
6.75702
6.74319
6.75082
6.75106
6.74891
6.75416
6.74009
6.75583
6.73294
6.74105
6.73294
6.74295
6.74295
6.73699
6.76203
6.73819
6.75106
6.74105
6.75797
6.7482
6.75106
6.73294
6.73509
6.74701
6.75702
6.73795
6.75702
6.77299
6.74891
6.74605
6.74891
6.73294
6.74582
6.75297
6.74701
6.75201
6.74701
6.76203
6.74796
6.74295
6.74605
6.74701
6.74105
6.74105
6.742
6.76298
6.74891
6.75392
6.76012
6.73079
6.75607
6.75607
6.76608
6.76084
6.75607
6.73985
6.74796
6.74701
6.74701
6.73604
6.7451
6.76799
6.75106
6.74891
6.74105
6.75201
6.73413
6.75416
6.75011
6.75488
6.75797
6.75011
6.74701
6.742
6.76203
6.75821
6.77085
6.73485
6.75702
6.74891
6.72793
6.76608
6.75106
6.75893
6.76107
6.75178
6.73699
6.75607
6.75201
6.76107
6.74295
6.72603
6.72984
6.742
6.76298
6.75392
6.75988
6.73509
6.7482
6.75297
6.74105
6.75988
6.76799
6.73795
6.73389
6.75392
6.7451
6.75702
6.73509
6.73985
6.74105
6.74701
6.72102
6.72603
6.75297
6.75607
6.7451
6.76394
6.75702
6.7482
6.73819
6.75106
6.76107
6.75011
6.74105
6.74605
6.75488
6.74295
6.75011
6.73914
6.75702
6.74415
6.74391
6.74987
6.76894
6.75011
6.73699
6.74295
6.75201
6.73985
6.73819
6.74701
6.73795
6.75988
6.73795
6.74915
6.72913
6.75583
6.73795
6.73699
6.73294
6.75106
6.74009
6.74486
6.75607
6.74987
6.75106
6.75392
6.76084
6.74295
6.74605
6.76298
6.73985
6.74987
6.7451
6.75583
6.76107
6.742
6.75917
6.73318
6.74105
6.74701
6.73795
6.73389
6.76799
6.75488
6.74891
6.76298
6.76894
6.73604
6.74605
6.7482
6.75821
6.73914
6.74415
6.7451
6.74081
6.75297
6.75607
6.76894
6.73985
6.74009
6.76012
6.74391
6.75392
6.7451
6.75321
6.742
6.74701
6.742
6.73795
6.71887
6.75702
6.742
6.71792
6.74009
6.75917
6.73819
6.76012
6.74105
6.7451
6.74796
6.75082
6.73699
6.74987
6.73604
6.75106
6.73199
6.74796
6.73199
6.74486
6.75392
6.75797
6.74891
6.7451
6.73485
6.74701
6.75511
6.75321
6.75106
6.73604
6.7482
6.742
6.74105
6.75797
6.76608
6.73604
6.75106
6.74295
6.75607
6.742
6.76417
6.76179
6.76107
6.75797
6.74701
6.75321
6.76608
6.74796
6.74796
6.75797
6.75797
6.7482
6.76107
6.74582
6.73795
6.75201
6.742
6.74987
6.75201
6.742
6.75201
6.74415
6.76084
6.74105
6.74295
6.74486
6.74391
6.75488
6.74105
6.76394
6.742
6.74701
6.742
6.76298
6.72293
6.7451
6.72913
6.74701
6.75702
6.74915
6.7451
6.72102
6.74415
6.75678
6.7451
6.74701
6.74701
6.75011
6.7451
6.74605
6.73604
6.74605
6.75821
6.76513
6.75297
6.74677
6.75297
6.75106
6.73985
6.7451
6.74605
6.73604
6.742
6.74987
6.75607
6.76107
6.74891
6.75297
6.74391
6.73795
6.73699
6.73985
6.74415
6.73103
6.73199
6.73008
