0.00000000000000000000000000000000
0.01494644116610288619995117187500
0.02989288233220577239990234375000
0.04483932256698608398437500000000
0.05978576466441154479980468750000
0.07473220676183700561523437500000
0.08967864513397216796875000000000
0.10462508350610733032226562500000
0.11957152932882308959960937500000
0.13451798260211944580078125000000
0.14946441352367401123046875000000
0.16441084444522857666015625000000
0.17935729026794433593750000000000
0.19430375099182128906250000000000
0.20925016701221466064453125000000
0.22419661283493041992187500000000
0.23914305865764617919921875000000
0.25408950448036193847656250000000
0.26903596520423889160156250000000
0.28398239612579345703125000000000
0.29892882704734802246093750000000
0.31387528777122497558593750000000
0.32882168889045715332031250000000
0.34376814961433410644531250000000
0.35871458053588867187500000000000
0.37366104125976562500000000000000
0.38860750198364257812500000000000
0.40355393290519714355468750000000
0.41850033402442932128906250000000
0.43344679474830627441406250000000
0.44839322566986083984375000000000
0.46333968639373779296875000000000
0.47828611731529235839843750000000
0.49323257803916931152343750000000
0.50817900896072387695312500000000
0.52312546968460083007812500000000
0.53807193040847778320312500000000
0.55301833152770996093750000000000
0.56796479225158691406250000000000
0.58291119337081909179687500000000
0.59785765409469604492187500000000
0.61280411481857299804687500000000
0.62775057554244995117187500000000
0.64269697666168212890625000000000
0.65764337778091430664062500000000
0.67258983850479125976562500000000
0.68753629922866821289062500000000
0.70248275995254516601562500000000
0.71742916107177734375000000000000
0.73237562179565429687500000000000
0.74732208251953125000000000000000
0.76226854324340820312500000000000
0.77721500396728515625000000000000
0.79216140508651733398437500000000
0.80710786581039428710937500000000
0.82205432653427124023437500000000
0.83700066804885864257812500000000
0.85194712877273559570312500000000
0.86689358949661254882812500000000
0.88184005022048950195312500000000
0.89678645133972167968750000000000
0.91173291206359863281250000000000
0.92667937278747558593750000000000
0.94162583351135253906250000000000
0.95657223463058471679687500000000
0.97151869535446166992187500000000
0.98646515607833862304687500000000
1.00141155719757080078125000000000
1.01635801792144775390625000000000
1.03130447864532470703125000000000
1.04625093936920166015625000000000
1.06119740009307861328125000000000
1.07614386081695556640625000000000
1.09109020233154296875000000000000
1.10603666305541992187500000000000
1.12098312377929687500000000000000
1.13592958450317382812500000000000
1.15087592601776123046875000000000
1.16582238674163818359375000000000
1.18076884746551513671875000000000
1.19571530818939208984375000000000
1.21066176891326904296875000000000
1.22560822963714599609375000000000
1.24055469036102294921875000000000
1.25550115108489990234375000000000
1.27044749259948730468750000000000
1.28539395332336425781250000000000
1.30034041404724121093750000000000
1.31528675556182861328125000000000
1.33023333549499511718750000000000
1.34517967700958251953125000000000
1.36012625694274902343750000000000
1.37507259845733642578125000000000
1.39001905918121337890625000000000
1.40496551990509033203125000000000
1.41991198062896728515625000000000
1.43485832214355468750000000000000
1.44980478286743164062500000000000
1.46475124359130859375000000000000
1.47969758510589599609375000000000
1.49464416503906250000000000000000
