12.965
6.32787
6.34503
6.34217
6.32691
6.30283
6.30593
6.33812
6.31499
6.34599
6.32715
6.34003
6.32095
6.33383
6.34193
6.29997
6.31309
6.32691
6.30879
6.33287
6.31905
6.29592
6.32501
6.35409
6.28495
6.28901
6.32095
5.50199
5.02706
5.04684
5.03302
5.03612
5.03993
5.03302
5.02992
5.01895
5.018
5.04184
5.02586
5.02205
5.03087
5.02992
5.03612
5.02396
5.02396
5.01204
5.03397
5.03206
5.02801
5.02491
5.0261
5.02706
5.02396
5.01704
5.01895
5.0199
5.0199
5.02801
5.02801
5.02992
5.01895
5.03397
5.023
5.03612
5.02706
5.03016
5.02801
5.02706
5.03016
5.03492
5.02896
5.01704
5.02896
5.02396
5.01609
5.02896
5.02086
5.03016
5.03898
5.02491
5.03707
5.03302
5.0199
5.02896
5.03016
5.01704
5.02205
5.0261
5.0261
5.02086
5.0118
5.01585
5.03302
5.03206
5.02205
5.02706
5.01013
5.02515
5.01394
5.02491
5.01895
5.02682
5.01585
5.02706
5.01704
5.01108
5.0261
5.018
5.02586
5.02086
5.0118
5.018
5.02896
5.01084
5.02992
5.02992
5.02396
5.0199
5.02682
5.02706
5.02205
5.0211
5.02396
5.018
5.0199
5.02992
5.0292
5.018
5.023
5.01204
5.018
5.0199
5.01418
5.02896
5.03898
5.02896
5.03016
5.01895
5.023
5.0211
5.0149
5.02992
5.02896
5.0168
5.03087
5.02491
5.01299
5.0199
5.02086
5.03397
5.03206
5.01895
5.02491
5.0199
5.02801
5.01204
5.023
5.0292
5.01895
5.02992
5.018
5.03612
5.02205
5.02515
5.01299
5.02086
5.02896
5.01895
5.01919
5.0199
5.018
5.023
5.02419
5.02205
5.03206
5.0211
5.02205
5.03397
5.03516
5.023
5.0261
5.03302
5.02419
5.02896
5.01418
5.01895
5.0211
5.01704
5.02801
5.01299
5.02419
5.023
5.023
5.00703
5.02419
5.018
5.03302
5.02419
5.0261
5.02801
5.01704
5.03421
5.0211
5.03206
5.0261
5.0149
5.02086
5.03087
5.02396
5.01895
5.01394
5.01609
5.023
5.02181
5.03087
5.023
5.02896
5.018
5.02396
5.018
5.02992
5.02586
5.03588
5.01585
5.02586
5.023
5.02682
5.02586
5.03397
5.03302
5.02181
5.023
5.02515
5.01609
5.0261
5.023
5.0292
5.03087
5.02396
5.02205
5.02801
5.0168
5.02205
5.01704
5.03302
5.01919
5.02205
5.023
5.01299
5.01895
5.03111
5.03111
5.02801
5.02586
5.02205
5.03182
5.02992
5.03898
5.01585
5.02396
5.03206
5.02682
5.03182
5.01299
5.02801
5.02706
5.0211
5.03016
5.02491
5.02205
5.023
5.01919
5.01895
5.01919
5.0199
5.02491
5.02419
5.02992
5.02777
5.01299
5.02896
5.03397
5.01609
5.04112
5.03397
5.02181
5.01895
5.01704
5.02706
5.01585
5.03111
5.01919
5.018
5.02706
5.0211
5.01013
5.03683
5.02491
5.03206
5.01394
5.02396
5.01585
5.02777
5.01895
5.02419
5.02491
5.018
5.03016
5.02801
5.02515
5.01299
5.02515
5.01609
5.02992
5.03087
5.02419
5.02491
5.02086
5.023
5.02896
5.02801
5.02992
5.02419
5.01704
5.02491
5.01704
5.02682
5.02801
5.03302
5.01299
5.01895
5.03182
5.02086
5.01418
5.0211
5.03111
5.01704
5.0211
5.02205
5.0199
5.02896
5.05209
5.02706
5.03016
5.0261
5.03993
5.03087
5.023
5.0199
5.03302
5.03087
5.02992
5.03397
5.01513
5.02992
5.03683
5.023
5.023
5.03397
5.02491
5.02801
5.00798
5.01609
5.02706
5.02396
5.02491
5.02014
5.01394
5.018
5.0261
5.02205
5.02205
5.01704
5.02992
5.04088
5.02205
5.01609
5.02896
5.01013
5.02515
5.03206
5.0149
5.02181
5.03397
5.02014
5.0211
5.0149
5.02396
5.00607
5.01609
5.02014
5.0261
5.0211
5.03707
5.01704
5.01704
5.04494
5.023
5.02706
5.023
5.01513
5.01919
5.0199
5.02181
5.01895
5.0211
5.0261
5.0292
5.02086
5.02205
5.03492
5.03302
5.03182
5.03492
5.0168
5.01585
5.02801
5.00989
5.01299
5.02706
5.02491
5.02086
5.01394
5.018
5.023
5.0261
5.03898
5.01609
5.02014
5.01513
5.0261
5.01704
5.03111
5.03397
5.02491
5.01418
5.02396
5.03802
5.03016
5.02515
5.0149
5.02491
5.01609
5.018
5.02896
5.02992
5.04398
5.04017
5.02706
5.02205
5.018
5.01418
5.023
5.018
5.023
5.02396
5.018
5.03612
5.01204
5.02491
5.0199
5.02586
5.02491
5.02014
5.023
5.01704
5.02086
5.03111
5.02515
5.01394
5.02586
5.0149
5.01919
5.01299
5.02014
5.03707
5.02515
5.02801
5.03111
5.02205
5.02205
5.02586
5.02396
5.03397
5.0211
5.01895
5.0149
5.01394
5.018
5.0292
5.02896
5.01418
5.0199
5.02586
5.02586
5.00989
5.018
5.02896
5.01895
5.02992
5.03802
5.02396
5.01919
5.02586
5.0199
5.01513
5.03111
5.03111
5.03492
5.02801
5.02396
5.01895
5.03111
5.02014
5.01895
5.01919
5.03683
5.018
5.01513
5.02205
5.0199
5.03111
5.0211
5.01204
5.0261
5.01919
5.0149
5.023
5.02205
5.03016
5.01704
5.0199
5.02491
5.01394
5.03302
5.02396
5.01609
5.02801
5.02396
5.02896
5.02205
5.018
5.03206
5.01895
5.03278
5.03302
5.01895
5.02682
5.01704
5.02396
5.0292
5.02491
5.02205
5.00798
5.02396
5.02396
5.023
5.03683
5.03683
5.02396
5.01204
5.01919
5.01204
5.00989
5.01895
5.03612
5.03397
5.03087
5.03302
5.02491
5.02086
5.02086
5.03302
5.03182
5.0149
5.03898
5.0199
5.01418
5.02396
5.00512
5.00607
5.02515
5.02515
5.02706
5.018
5.02014
5.03206
5.02706
5.00798
5.02205
5.02086
5.02014
5.03302
5.02586
5.02014
5.03397
5.01895
5.03421
5.023
5.01299
5.02086
5.02706
5.03302
5.02396
5.01895
5.018
5.03111
5.04208
5.00917
5.02205
5.04303
5.02396
5.02586
5.03612
5.018
5.02491
5.01394
5.01609
5.02515
5.02086
5.0149
5.023
5.02706
5.02205
5.02896
5.03802
5.0211
5.02205
5.0199
5.018
5.03397
5.03111
5.03302
5.02706
5.018
5.02086
5.018
5.02396
5.03206
5.0149
5.02515
5.023
5.02896
5.02396
5.02205
5.023
5.02801
5.03016
5.03492
5.02491
5.03397
5.01609
5.03492
5.02896
5.01418
5.02205
5.02396
5.0118
5.02992
5.018
5.02396
5.03492
5.02014
5.03206
5.01704
5.02419
5.03206
5.01895
5.0261
5.01895
5.0168
5.018
5.02014
5.01013
5.02491
5.01704
5.04708
5.02682
5.02896
5.03802
5.00894
5.02396
5.01418
5.03302
5.01513
5.01895
5.01299
5.01704
5.02205
5.0168
5.02396
5.02801
5.02396
5.02896
5.02706
5.03206
5.0261
5.023
5.03516
5.03802
5.01585
5.02801
5.04208
5.02205
5.018
5.02086
5.01895
5.00917
5.02396
5.03182
5.0261
5.02801
5.02896
5.02896
5.01919
5.02992
5.02205
5.02086
5.03898
5.02014
5.0261
5.0149
5.02396
5.01609
5.02515
5.02491
5.023
5.0261
5.03206
5.03516
5.02706
5.02706
5.0261
5.0261
5.02706
5.02706
5.01895
5.02682
5.03993
5.02896
5.01299
5.01895
5.01895
5.03111
5.02396
5.02396
5.02205
5.02706
5.02896
5.03206
5.03707
5.01704
5.023
5.0261
5.0199
5.01585
5.02491
5.03397
5.01394
5.023
5.0199
5.02086
5.01704
5.0211
5.02396
5.02992
5.03516
5.02396
5.02396
5.01204
5.018
5.01895
5.04494
5.02992
5.01394
5.0261
5.01704
5.0292
5.023
5.01919
5.02801
5.02396
5.04017
5.02515
5.01394
5.0199
5.02205
5.02896
5.02396
5.0292
5.0261
5.03302
5.0261
5.03206
5.02205
5.01299
5.01895
5.01609
5.01895
5.02181
5.01585
5.018
5.018
5.018
5.0261
5.0211
5.03492
5.03206
5.03492
5.02896
5.02992
5.0211
5.03111
5.02396
5.02396
5.0261
5.02396
5.02706
5.01895
5.03302
5.023
5.02992
5.0199
5.02801
5.02586
5.0199
5.01204
5.01609
5.00417
5.02396
5.01513
5.02992
5.02682
5.03087
5.02491
5.02205
5.02396
5.02992
5.02205
5.0149
5.01013
5.02396
5.03206
5.01394
5.0292
5.03397
5.02706
5.02896
5.03492
5.02992
5.03087
5.02992
5.01513
5.02992
5.03206
5.02205
5.02992
5.02706
5.02086
5.02682
5.02396
5.02396
5.02586
5.03397
5.02205
5.01108
5.01609
5.02491
5.02896
5.02706
5.01513
5.03016
5.02396
5.02801
5.02181
5.02992
5.01919
5.02205
5.02896
5.0211
5.01919
5.04112
5.01394
5.01084
5.02586
5.01585
5.03087
5.02896
5.0261
5.03802
5.02419
5.01895
5.02181
5.01895
5.01704
5.0211
5.01418
5.0199
5.01084
5.02801
5.03302
5.02896
5.02706
5.0199
5.01704
5.02086
5.0261
5.02014
5.0199
5.02491
5.01323
5.01704
5.023
5.02706
5.02014
5.01704
5.02014
5.0261
5.03302
5.018
5.03898
5.04708
5.01204
5.02515
5.02706
5.01609
5.01204
5.01609
5.0168
5.01394
5.01513
5.0261
5.0211
5.02896
5.03516
5.018
5.02205
5.03588
5.03302
5.02706
5.03588
5.01895
5.03206
5.018
5.02181
5.02706
5.02205
5.01704
5.02801
5.01704
5.02586
5.02014
5.01513
5.02706
5.01609
5.023
5.02515
5.02396
5.03302
5.01204
5.0211
5.0261
5.01704
5.0211
5.03397
5.02014
5.02396
5.01394
5.03516
5.03087
5.01299
5.01394
5.023
5.02706
5.01299
5.02896
5.02491
5.0149
5.0261
5.02801
5.01919
5.00989
5.023
5.02205
5.01609
5.0199
5.02086
5.01394
5.03397
5.0261
5.02896
5.01299
5.01394
5.02205
5.01513
5.023
5.03707
5.02992
5.018
5.02396
