11.3189
4.76718
4.75216
4.75192
4.74882
4.74787
4.74286
4.73595
4.75097
4.74906
4.74787
4.74405
4.75502
4.75907
4.74906
4.76193
4.74811
4.75001
4.76289
4.74906
4.75216
4.75693
4.74787
4.75407
4.73499
4.75693
4.74286
4.75907
4.74405
4.74596
4.76098
4.7462
4.75693
4.7648
4.75097
4.73905
4.74
4.74691
4.75097
4.74715
4.75693
4.75502
4.75001
4.76503
4.75597
4.63605
3.49903
3.45302
3.45016
3.44706
3.45206
3.45206
3.44586
3.43084
3.39389
3.39818
3.40104
3.39794
3.4039
3.39007
3.38411
3.37815
3.37601
3.38101
3.37887
3.38387
3.38316
3.37911
3.38101
3.38101
3.38411
3.36814
3.36504
3.36504
3.36599
3.36599
3.36981
3.36504
3.36385
3.36981
3.36885
3.3679
3.36599
3.36599
3.36599
3.37005
3.37601
3.37791
3.37815
3.38006
3.37505
3.37481
3.37791
3.37219
3.38006
3.37982
3.37195
3.37315
3.3741
3.37601
3.37505
3.37315
3.37505
3.37505
3.37195
3.37696
3.37601
3.37601
3.3741
3.37505
3.37815
3.37601
3.37815
3.38197
3.38316
3.38411
3.37505
3.3741
3.37791
3.37291
3.3741
3.38197
3.37982
3.37386
3.37815
3.37696
3.36623
3.3679
3.36695
3.371
3.3679
3.37195
3.3679
3.37291
3.36719
3.3679
3.36504
3.36385
3.36885
3.36885
3.36885
3.36599
3.36599
3.37005
3.36909
3.36695
3.36885
3.3648
3.37791
3.37005
3.36695
3.36599
3.36981
3.36885
3.36885
3.371
3.36885
3.3679
3.36981
3.371
3.37195
3.36599
3.371
3.36599
3.36599
3.36909
3.36885
3.36504
3.37005
3.37195
3.37315
3.3741
3.37505
3.371
3.37005
3.37219
3.36504
3.36695
3.3741
3.37315
3.37291
3.37505
3.37315
3.36695
3.36504
3.36599
3.36695
3.37005
3.36909
3.36599
3.37291
3.36599
3.37386
3.37005
3.37481
3.36885
3.36885
3.37505
3.37195
3.37601
3.371
3.36599
3.3679
3.36885
3.37195
3.3741
3.36695
3.37291
3.371
3.38101
3.38793
3.38197
3.38411
3.37696
3.37887
3.37815
3.38197
3.38483
3.38411
3.37911
3.37911
3.38197
3.38507
3.37911
3.38316
3.38006
3.38006
3.38411
3.37887
3.38078
3.38387
3.38197
3.38793
3.38721
3.38292
3.38602
3.37791
3.38316
3.37791
3.38006
3.38197
3.38197
3.38483
3.3772
3.38292
3.37911
3.38101
3.38221
3.38101
3.38197
3.38411
3.3772
3.38507
3.38101
3.37696
3.37911
3.38316
3.37791
3.38101
3.37815
3.38006
3.37791
3.37982
3.38387
3.38721
3.38006
3.38006
3.37911
3.38101
3.37911
3.38006
3.38292
3.3772
3.38101
3.37887
3.38292
3.38507
3.38697
3.38197
3.38411
3.38602
3.38101
3.38697
3.37982
3.38101
3.38411
3.38101
3.38101
3.38221
3.38602
3.38697
3.37696
3.37887
3.38197
3.38793
3.38101
3.38507
3.38006
3.37791
3.38006
3.37791
3.37911
3.37696
3.38411
3.38197
3.38387
3.38292
3.37911
3.38507
3.38101
3.40509
3.41797
3.41916
3.41892
3.41392
3.41201
3.42298
3.41606
3.41392
3.41797
3.42011
3.41797
3.42798
3.42989
3.43204
3.4411
3.4411
3.44491
3.4399
3.44014
3.438
3.4399
3.4461
3.44086
3.44086
3.443
3.44205
3.4411
3.4399
3.43585
3.43919
3.43895
3.443
3.43704
3.4349
3.443
3.42488
3.42178
3.42894
3.42321
3.42298
3.42202
3.40295
3.40581
3.40104
3.39794
3.40319
3.39794
3.39603
3.3989
3.39794
3.4039
3.3989
3.39413
3.39818
3.40199
3.39699
3.39699
3.39985
3.39603
3.39413
3.39317
3.39603
3.39699
3.39985
3.39079
3.37791
3.38292
3.38197
3.38006
3.37982
3.3772
3.38006
3.38006
3.38292
3.38101
3.38292
3.38292
3.38101
3.38292
3.38316
3.38006
3.38292
3.39007
3.38888
3.38197
3.38292
3.37887
3.38101
3.38387
3.38507
3.37982
3.38197
3.38006
3.37815
3.38602
3.38817
3.38101
3.38197
3.37911
3.38507
3.37815
3.38697
3.37911
3.37911
3.38101
3.38817
3.38292
3.38006
3.38507
3.37911
3.38101
3.38387
3.37982
3.38507
3.38101
3.37791
3.37791
3.3772
3.38197
3.38411
3.38006
3.38316
3.38197
3.38387
3.38101
3.36719
3.36599
3.37005
3.37005
3.36623
3.36885
3.3679
3.36599
3.37696
3.37601
3.37791
3.37911
3.37219
3.37601
3.3741
3.3741
3.37696
3.3741
3.37911
3.38006
3.3741
3.38101
3.37601
3.37601
3.37887
3.37505
3.37505
3.37601
3.37696
3.3741
3.38602
3.38602
3.37601
3.37505
3.371
3.37291
3.37601
3.371
3.38006
3.37815
3.37791
3.38101
3.37601
3.37887
3.37291
3.37291
3.37696
3.37696
3.37601
3.371
3.38793
3.38507
3.38411
3.37911
3.38292
3.38101
3.38292
3.38602
3.37887
3.38101
3.38197
3.38101
3.37911
3.38316
3.37791
3.37696
3.37815
3.37791
3.38483
3.37982
3.38197
3.37911
3.38602
3.38101
3.38316
3.37791
3.37386
3.37887
3.38387
3.37815
3.38912
3.38197
3.38292
3.38101
3.38101
3.37982
3.38197
3.38101
3.38197
3.37791
3.38793
3.37505
3.37791
3.38387
3.38221
3.38101
3.38006
3.38006
3.39103
3.38101
3.38101
3.37791
3.36719
3.37696
3.38101
3.371
3.371
3.37505
3.36695
3.3679
3.36909
3.36909
3.36909
3.36599
3.36599
3.371
3.36599
3.36719
3.36885
3.36885
3.36695
3.36599
3.36885
3.3679
3.37005
3.36909
3.36719
3.37911
3.371
3.37315
3.37505
3.37696
3.37815
3.37005
3.37315
3.37505
3.38101
3.37601
3.38793
3.38912
3.39293
3.39317
3.39007
3.39103
3.38912
3.38697
3.38387
3.38888
3.39007
3.38602
3.38793
3.39007
3.38697
3.38483
3.38697
3.38101
3.38817
3.38697
3.38006
3.38101
3.38101
3.38197
3.38411
3.38006
3.37696
3.38197
3.38101
3.38197
3.38197
3.38006
3.38101
3.38006
3.38101
3.38817
3.39603
3.39913
3.39794
3.39389
3.39818
3.39603
3.39508
3.39508
3.40104
3.39484
3.3958
3.39699
3.39699
3.39603
3.3958
3.3989
3.40009
3.40414
3.41892
3.41892
3.41797
3.41797
3.42011
3.41606
3.42512
3.42703
3.41296
3.42011
3.42202
3.41916
3.41392
3.41511
3.41797
3.41582
3.41702
3.40986
3.41702
3.42298
3.41797
3.42202
3.42393
3.40009
3.39508
3.40509
3.40915
3.40295
3.40581
3.40605
3.40891
3.40605
3.40605
3.40199
3.407
3.40486
3.40796
3.40605
3.40486
3.407
3.40891
3.40414
3.40295
3.407
3.40581
3.3989
3.4039
3.40319
3.40605
3.40414
3.4039
3.40319
3.40486
3.407
3.4039
3.39794
3.39913
3.39794
3.39198
3.38602
3.38101
3.38101
3.38101
3.38507
3.38197
3.38292
3.37791
3.38101
3.37791
3.37911
3.38316
3.38197
3.37982
3.38387
3.37791
3.38316
3.37887
3.38292
3.38292
3.38316
3.38292
3.38197
3.37791
3.37982
3.37887
3.37601
3.38006
3.38197
3.38101
3.37887
3.38101
3.38101
3.38316
3.38101
3.37911
3.38197
3.38078
3.38292
3.38316
3.38697
3.38602
3.38507
3.38316
3.37911
3.38292
3.38221
3.37887
3.38602
3.38387
3.38197
3.38292
3.37887
3.38197
3.38292
3.38316
3.37696
3.38411
3.38101
3.38101
3.38101
3.38006
3.37911
3.38507
3.37696
3.37887
3.38197
3.38197
3.38197
3.38221
3.38006
3.37911
3.37911
3.38006
3.38292
3.38411
3.38101
3.38602
3.38793
3.3741
3.38006
3.38292
3.37982
3.38101
3.38387
3.38292
3.38101
3.38292
3.38292
3.37601
3.37911
3.38292
3.38292
3.37815
3.37696
3.38101
3.38507
3.38006
3.37505
3.37791
3.38101
3.37696
3.38483
3.38292
3.38101
3.37982
3.38578
3.37791
3.38101
3.38197
3.38507
3.38507
3.37911
3.38101
3.37982
3.38602
3.38101
3.37911
3.38006
3.38197
3.38197
3.38006
3.38006
3.38411
3.38793
3.38197
3.38197
3.38578
3.38602
3.38006
3.38197
3.38411
3.38411
3.38006
3.37911
3.38197
3.38507
3.37911
3.38006
3.38101
3.38006
3.38602
3.38197
3.38006
3.38507
3.37815
3.38101
3.38197
3.38387
3.38101
3.38483
3.38221
3.37887
3.38197
3.38602
3.38197
3.38507
3.38483
3.38507
3.38316
3.38197
3.38507
3.38411
3.37791
3.38697
3.39413
3.38316
3.38197
3.38006
3.38793
3.37791
3.38507
3.37791
3.38101
3.38411
3.38411
3.38006
3.38602
3.38101
3.38411
3.38101
3.37601
3.38101
3.38316
3.38101
3.37911
3.38006
3.37911
3.38697
3.38316
3.38292
3.38507
3.38411
3.38006
3.37791
3.38006
3.37911
3.37815
3.37791
3.38101
3.37791
3.38387
3.38101
3.38197
3.38006
3.38316
3.38292
3.37982
3.38292
3.38602
3.38006
3.38602
3.38197
3.38602
3.38602
3.38602
3.38101
3.38197
3.37911
3.38006
3.38507
3.38006
3.38197
3.37911
3.37815
3.38697
3.38507
3.38221
3.37982
3.37982
3.38602
3.37982
3.38507
3.38197
3.38316
3.38292
3.38387
3.38602
3.38101
3.38197
3.38483
3.38292
3.38101
3.38197
3.39222
3.39603
3.39699
3.39508
3.39818
3.39603
3.39413
3.3989
3.39603
3.39484
3.39699
3.39794
3.39699
3.39913
3.39794
3.40414
3.40009
3.39699
3.40199
3.40199
3.40295
3.40009
3.40605
3.407
3.40486
3.40486
3.40605
3.41201
3.407
3.40796
3.41797
3.42298
3.42703
3.42798
3.42083
3.42917
3.41892
3.42584
3.42679
3.42584
3.42488
3.42894
3.42512
3.43394
3.42703
3.42298
3.42798
3.42107
3.40414
3.40796
3.39794
3.39293
3.39699
3.39603
3.39484
3.39603
3.39699
3.39603
3.39913
3.39699
3.39913
3.40104
3.4039
3.39484
3.40295
3.39413
3.39794
3.39293
3.39913
