8.22282
5.87511
5.86104
5.87511
5.86414
5.86319
5.86891
5.867
5.86486
5.86891
5.87201
5.86796
5.86891
5.86987
5.87606
5.8701
5.867
5.86891
5.88298
5.87916
5.87797
5.86605
5.8701
5.86891
5.86987
5.87392
5.86796
5.86319
5.86796
5.86605
5.862
5.86081
5.862
5.86891
5.86605
5.87511
5.87296
5.87583
5.87702
5.86891
5.86295
5.8651
5.87201
5.87797
5.867
5.86891
5.86486
5.867
5.87106
5.88417
5.86104
5.8701
5.8732
5.87106
5.86915
5.86414
5.87106
5.8701
5.86414
5.87106
5.867
5.87106
5.86581
5.88298
5.8701
5.87511
5.87201
5.86796
5.87487
5.8639
5.86414
5.86295
5.87296
5.867
5.86009
5.85818
5.87606
5.87296
5.87797
5.88012
5.88799
5.86891
5.87201
5.86891
5.86486
5.87201
5.87106
5.87893
5.88202
5.86796
5.87511
5.86891
5.86796
5.87296
5.87606
5.88107
5.87296
5.867
5.86581
5.86796
5.86081
5.87511
5.87416
5.87893
5.867
5.87988
5.862
5.8701
5.85508
5.867
5.87416
5.8651
5.86987
5.87201
5.87296
5.86605
5.86677
5.87416
5.86605
5.8639
5.86605
5.86414
5.8701
5.86104
5.87296
5.86605
5.86295
5.86295
5.86081
5.867
5.8701
5.867
5.87082
5.86796
5.86605
5.86796
5.86796
5.86295
5.87487
5.867
5.862
5.86605
5.87392
5.87487
5.86796
5.86605
5.86796
5.86915
5.87106
5.87296
5.86319
5.8651
5.8651
5.86009
5.87106
5.87916
5.87583
5.8639
5.87392
5.8651
5.87106
5.87416
5.86414
5.867
5.86891
5.87201
5.86915
5.86414
5.8701
5.86915
5.8651
5.86605
5.867
5.8701
5.8651
5.862
5.86295
5.87296
5.87916
5.86295
5.86891
5.8639
5.87201
5.87702
5.87511
5.87487
5.87702
5.87988
5.88012
5.87487
5.8639
5.87106
5.87296
5.862
5.862
5.86915
5.86915
5.87201
5.862
5.867
5.8701
5.86915
5.87296
5.87392
5.87296
5.8651
5.86319
5.86295
5.867
5.86915
5.88107
5.86915
5.8701
5.8701
5.86295
5.87296
5.87106
5.86581
5.867
5.88298
5.86796
5.86605
5.862
5.8639
5.85985
5.86295
5.88298
5.86891
5.86295
5.86295
5.87606
5.86796
5.87893
5.87106
5.8639
5.8651
5.862
5.86295
5.867
5.8639
5.8701
5.87606
5.88107
5.8651
5.86295
5.86605
5.86414
5.86891
5.867
5.86796
5.87702
5.85794
5.87487
5.87296
5.86915
5.86295
5.8639
5.87082
5.87988
5.88083
5.87106
5.8558
5.85794
5.86295
5.85914
5.85914
5.87201
5.87511
5.87702
5.86486
5.86295
5.862
5.85985
5.8589
5.86295
5.87916
5.88012
5.88083
5.87416
5.87201
5.862
5.8639
5.8639
5.85699
5.86605
5.86796
5.86104
5.86915
5.86414
5.87416
5.88012
5.86295
5.86605
5.86796
5.8701
5.86295
5.86295
5.8682
5.86796
5.8682
5.87201
5.86295
5.87106
5.8701
5.867
5.86009
5.85508
5.867
5.862
5.87392
5.87702
5.86486
5.87201
5.86295
5.8701
5.87988
5.86987
5.86987
5.86295
5.87296
5.867
5.87511
5.87106
5.86915
5.86605
5.85485
5.86605
5.86009
5.8651
5.88417
5.86295
5.86796
5.8639
5.86486
5.87201
5.87106
5.8651
5.87511
5.86295
5.86605
5.87082
5.862
5.86414
5.8701
5.86295
5.86605
5.87082
5.85794
5.86486
5.86605
5.87296
5.86414
5.87606
5.8701
5.86581
5.86605
5.87201
5.86796
5.86605
5.87201
5.86796
5.862
5.86486
5.85794
5.86605
5.85985
5.87201
5.87296
5.87797
5.87106
5.86414
5.87606
5.87296
5.867
5.862
5.87201
5.86605
5.85508
5.87392
5.8651
5.86891
5.86605
5.87082
5.87106
5.87392
5.8701
5.87082
5.87392
5.862
5.867
5.85818
5.86009
5.8701
5.8651
5.86891
5.85985
5.86796
5.87797
5.86915
5.87893
5.86891
5.8639
5.87392
5.87392
5.867
5.86104
5.8701
5.87702
5.867
5.87201
5.86796
5.87487
5.87082
5.86987
5.867
5.86915
5.8701
5.87797
5.86295
5.86414
5.8701
5.8701
5.867
5.8639
5.86796
5.85723
5.86605
5.8701
5.86796
5.86987
5.867
5.86605
5.85985
5.862
5.85818
5.86104
5.87487
5.85985
5.85794
5.862
5.87106
5.86891
5.86486
5.86796
5.87416
5.8651
5.85794
5.86891
5.86605
5.87296
5.87606
5.87702
5.87106
5.86581
5.86796
5.86414
5.86414
5.86104
5.8651
5.86915
5.862
5.867
5.87082
5.86486
5.86796
5.86581
5.87106
5.86891
5.86891
5.862
5.867
5.86796
5.87201
5.8589
5.8651
5.87296
5.86605
5.86891
5.8639
5.87702
5.867
5.86009
5.88202
5.87106
5.8701
5.86891
5.86891
5.86486
5.85794
5.86009
5.86915
5.8701
5.87988
5.86295
5.86891
5.85914
5.87296
5.8639
5.86009
5.867
5.86605
5.867
5.86796
5.87797
5.86796
5.86486
5.86796
5.86581
5.86414
5.85794
5.87392
5.86414
5.87106
5.8701
5.85794
5.86796
5.87392
5.8639
5.86581
5.87988
5.86295
5.86915
5.8701
5.86796
5.72705
5.87296
5.86891
5.87678
5.87296
5.8639
5.86581
5.86295
5.86605
5.86891
5.86009
5.89299
5.87296
5.87201
5.86295
5.867
5.86486
5.86081
5.87797
5.87106
5.87606
5.87511
5.87797
5.87201
5.86915
5.867
5.86915
5.8701
5.86605
5.87416
5.86295
5.867
5.862
5.86009
5.87106
5.8701
5.8651
5.8651
5.86796
5.867
5.86104
5.87106
5.85699
5.87702
5.8651
5.87392
5.86796
5.86891
5.87487
5.85914
5.86796
5.86486
5.85985
5.87106
5.87702
5.87583
5.87296
5.87296
5.87797
5.87702
5.87106
5.86796
5.85485
5.86796
5.86796
5.85604
5.86581
5.8639
5.87893
5.86796
5.87416
5.85413
5.87106
5.86796
5.86987
5.87201
5.87106
5.862
5.8651
5.87106
5.8639
5.87201
5.86605
5.86915
5.8651
5.87296
5.88012
5.867
5.87106
5.8651
5.88703
5.85699
5.85985
5.87201
5.85914
5.87702
5.88202
5.86605
5.86796
5.86581
5.862
5.8682
5.862
5.87201
5.85508
5.86915
5.88679
5.8682
5.87511
5.85794
5.87106
5.87392
5.86796
5.85985
5.86295
5.8639
5.86987
5.86891
5.85914
5.86104
5.86796
5.862
5.87702
5.86295
5.87392
5.8639
5.8701
5.87583
5.88107
5.87702
5.85818
5.88107
5.86915
5.87106
5.87797
5.867
5.86796
5.86796
5.86605
5.86796
5.8651
5.87606
5.867
5.87416
5.8701
5.87606
5.862
5.87606
5.867
5.87988
5.87821
5.86796
5.87082
5.8639
5.8589
5.88083
5.8639
5.87797
5.87106
5.86891
5.86414
5.85914
5.88608
5.8701
5.87296
5.8701
5.87177
5.88012
5.87201
5.87201
5.8682
5.87296
5.87082
5.88012
5.86891
5.87702
5.867
5.8651
5.86319
5.8651
5.86605
5.86319
5.87511
5.8639
5.85985
5.8639
5.87392
5.86414
5.87702
5.87106
5.85699
5.86987
5.86796
5.87797
5.8651
5.87916
5.86796
5.86581
5.86796
5.87797
5.867
5.87416
5.87106
5.86295
5.862
5.85914
5.86605
5.87106
5.86987
5.87678
5.86796
5.8651
5.86605
5.86796
5.86915
5.86295
5.867
5.86796
5.87296
5.87106
5.8732
5.87511
5.86486
5.86605
5.87201
5.86605
5.8651
5.87201
5.86581
5.86987
5.867
5.86104
5.8701
5.87702
5.87201
5.86605
5.87201
5.85818
5.86796
5.87702
5.86915
5.86796
5.862
5.867
5.87296
5.86796
5.8701
5.86605
5.8701
5.87296
5.87201
5.87511
5.87082
5.86295
5.87416
5.87416
5.86605
5.867
5.87106
5.87583
5.86104
5.867
5.86009
5.86891
5.86915
5.862
5.87296
5.8682
5.86414
5.88393
5.88107
5.87583
5.87416
5.862
5.86987
5.86081
5.86009
5.87511
5.86796
5.86796
5.86009
5.86915
5.87296
5.86295
5.8701
5.87082
5.87106
5.86915
5.86605
5.87606
5.86081
5.86987
5.85985
5.87106
5.85794
5.8589
5.87416
5.88202
5.862
5.87296
5.8682
5.862
5.86891
5.86796
5.86915
5.87606
5.87916
5.87487
5.8651
5.8651
5.86605
5.862
5.8589
5.87511
5.8701
5.862
5.87511
5.862
5.87988
5.87702
5.85699
5.85914
5.867
5.85794
5.85794
5.87702
5.88107
5.86104
5.85794
5.86295
5.87916
5.87797
5.86796
5.86796
5.8639
5.87702
5.85914
5.87511
5.72205
5.86414
5.87416
5.87392
5.8651
5.86796
5.87511
5.87106
5.8732
5.87296
5.8639
5.87082
5.86486
5.8651
5.86605
5.86915
5.87606
5.86796
5.87511
5.87106
5.86581
5.86987
5.86605
5.86987
5.8639
5.87988
5.862
5.8651
5.86605
5.8701
5.87296
5.8639
5.862
5.87106
5.87201
5.86891
5.86915
5.8589
5.86796
5.86414
5.8682
5.862
5.87106
5.85818
5.862
5.8701
5.86605
5.87416
5.87511
5.86915
5.862
5.867
5.867
5.87106
5.87201
5.87511
5.87201
5.86581
5.86295
5.87201
5.85985
5.87702
5.87511
5.862
5.8701
5.8682
5.8651
5.8682
5.86414
5.86295
5.85794
5.86796
5.87201
5.87392
5.87487
5.85794
5.87106
5.867
5.8701
5.86891
5.862
5.87082
5.8651
5.867
5.8639
5.862
5.8682
5.867
5.86796
5.87511
5.87296
5.87201
5.86414
5.87392
5.87511
5.867
5.87702
5.8651
5.8682
5.86796
5.86796
5.86295
5.86796
5.85818
5.8651
5.86796
5.87106
5.85985
5.86486
5.86796
5.87893
5.87106
5.87296
5.867
5.87106
5.86295
5.88083
5.86104
5.8651
5.8701
5.87606
5.86796
5.87988
5.87702
5.8682
5.87201
5.85985
5.86295
5.85914
5.86915
5.86295
5.86486
5.86796
5.86104
5.8701
5.867
5.86486
5.87392
