9.92012
9.14598
9.16004
9.14001
9.13715
9.14407
9.15003
9.17411
9.16696
9.14502
9.15313
9.14097
9.14383
9.1331
9.13095
9.15289
9.14407
9.15504
9.15909
9.15909
9.14216
9.14288
9.15694
9.15098
9.14788
9.13906
9.16386
9.16696
9.15504
9.14693
9.1629
9.15289
9.15313
9.14502
9.14907
9.14884
9.161
9.14812
9.13811
9.15599
9.13906
9.12404
9.13906
9.16719
9.14001
9.13692
9.17315
9.16195
9.14788
9.15504
9.16791
9.15504
9.15504
9.14192
9.1548
9.17697
9.17101
9.17101
9.15623
9.13405
9.14598
9.1629
9.15194
9.166
9.14502
9.17196
9.1579
9.14001
9.15408
9.14907
9.16982
9.15504
9.14502
9.13191
9.13191
9.14383
9.15384
9.15599
9.14598
9.14693
9.14097
9.14001
9.14192
9.18603
9.15194
9.1548
9.14788
9.16696
9.16004
9.16004
9.14693
9.14907
9.15909
9.13692
9.13596
9.15718
9.15599
9.15098
9.14216
9.15289
9.1331
9.13906
9.14788
9.15384
9.14478
9.13692
9.166
9.15289
9.15504
9.14598
9.14311
9.15003
9.15599
9.17888
9.14311
9.17101
9.16195
9.14311
9.14907
9.15313
9.1691
9.16004
9.12094
9.16505
9.17387
9.14907
9.15504
9.14192
9.14598
9.16696
9.15313
9.14812
9.14812
9.15217
9.161
9.14383
9.15098
9.1691
9.18603
9.14884
9.15718
9.15194
9.15003
9.15599
9.14788
9.15909
9.16195
9.15599
9.16719
9.14907
9.15194
9.14598
9.13906
9.14097
9.14812
9.14097
9.14407
9.14001
9.14788
9.1579
9.16982
9.13405
9.17006
9.15003
9.17292
9.14717
9.14598
9.13405
9.1331
9.15098
9.14407
9.15194
9.14407
9.15003
9.13882
9.13501
9.14812
9.15217
9.15313
9.13811
9.16195
9.14884
9.18984
9.15885
9.15694
9.13978
9.15504
9.14907
9.14001
9.16004
9.16409
9.15813
9.16314
9.17101
9.14216
9.16815
9.14907
9.13405
9.13692
9.14097
9.14979
9.14216
9.15718
9.16219
9.1598
9.14383
9.16481
9.14001
9.14097
9.15098
9.14407
9.14621
9.13692
9.16886
9.14407
9.18913
9.15813
9.14192
9.16219
9.14884
9.16386
9.14502
9.14502
9.14598
9.161
9.16982
9.13596
9.17387
9.15504
9.1579
9.14001
9.13191
9.14598
9.17411
9.166
9.1722
9.16409
9.14693
9.13692
9.14311
9.15504
9.13882
9.16004
9.14097
9.15098
9.15003
9.18198
9.16409
9.15885
9.15718
9.14693
9.14383
9.16982
9.15408
9.15003
9.13095
9.16386
9.14598
9.15599
9.14383
9.16791
9.166
9.14311
9.14598
9.14288
9.23991
9.15504
9.14097
9.14383
9.15718
9.15599
9.15003
9.14097
9.14884
9.1629
9.16004
9.17482
9.1579
9.1598
9.15194
9.14192
9.15003
9.15504
9.13906
9.16409
9.14288
9.14907
9.13501
9.15408
9.16004
9.166
9.15289
9.15694
9.14502
9.13501
9.15599
9.17506
9.16982
9.15885
9.18794
9.14478
9.13692
9.16886
9.15384
9.16004
9.16815
9.16314
9.15194
9.16505
9.14907
9.15599
9.14001
9.13501
9.15504
9.197
9.14717
9.13501
9.14884
9.14788
9.14812
9.16815
9.14598
9.15003
9.15098
9.14502
9.14288
9.13906
9.13
9.16481
9.14598
9.16314
9.13692
9.15599
9.14311
9.15718
9.13787
9.15289
9.16409
9.15003
9.13906
9.14598
9.15504
9.1598
9.14192
9.14311
9.14717
9.14216
9.14693
9.14812
9.14407
9.14693
9.15003
9.14598
9.14717
9.1691
9.15098
9.16386
9.13692
9.14502
9.13
9.15909
9.1362
9.15289
9.17101
9.17006
9.15098
9.14097
9.14288
9.14788
9.15599
9.161
9.13095
9.15194
9.15217
9.14812
9.13501
9.13787
9.15909
9.14693
9.15003
9.17006
9.14383
9.13787
9.15098
9.15003
9.14502
9.15289
9.14598
9.15003
9.166
9.13692
9.13692
9.13405
9.18603
9.15599
9.1629
9.14598
9.19509
9.14502
9.18198
9.14812
9.14407
9.13906
9.15384
9.15599
9.15003
9.15599
9.16195
9.14502
9.14907
9.14598
9.19294
9.13692
9.15694
9.16696
9.14907
9.14907
9.13405
9.14598
9.15194
9.13286
9.13906
9.17006
9.14478
9.16886
9.15194
9.14192
9.15694
9.14001
9.16815
9.15504
9.16696
9.13095
9.14812
9.14812
9.16219
9.16195
9.1331
9.16004
9.14192
9.14693
9.16815
9.14693
9.14097
9.16481
9.15694
9.16982
9.15599
9.15408
9.14598
9.13501
9.16696
9.14192
9.15623
9.15813
9.15909
9.14693
9.15289
9.15217
9.14097
9.15289
9.16004
9.14598
9.13692
9.1548
9.13692
9.12881
9.14311
9.15313
9.161
9.17506
9.14812
9.14407
9.1331
9.16004
9.13906
9.16791
9.15718
9.18293
9.14383
9.14502
9.14884
9.13882
9.13692
9.161
9.15003
9.14478
9.17292
9.14502
9.16696
9.14407
9.15194
9.16004
9.15909
9.15289
9.15003
9.15313
9.18078
9.14407
9.14788
9.14121
9.16219
9.14001
9.16195
9.14907
9.15313
9.14311
9.17506
9.15408
9.14502
9.14383
9.13692
9.20987
9.17196
9.14907
9.13787
9.14097
9.12499
9.13191
9.15599
9.14502
9.15313
9.13811
9.14216
9.161
9.16195
9.15909
9.14812
9.15408
9.14812
9.14621
9.14192
9.18794
9.14812
9.14717
9.14907
9.14216
9.161
9.14598
9.14788
9.18603
9.13906
9.16195
9.14288
9.161
9.13382
9.17101
9.15599
9.15599
9.14502
9.14407
9.17387
9.15098
9.15289
9.14001
9.14907
9.18722
9.18198
9.16386
9.15504
9.19008
9.14907
9.13286
9.1629
9.1629
9.1331
9.14907
9.12595
9.15003
9.17196
9.15003
9.14216
9.15003
9.14288
9.13596
9.17912
9.16886
9.13906
9.15313
9.14907
9.13882
9.16791
9.1579
9.13787
9.15813
9.13596
9.14884
9.14693
9.13095
9.14407
9.13692
9.15384
9.166
9.15003
9.16409
9.16195
9.14383
9.13811
9.13
9.15384
9.14979
9.1629
9.14407
9.15313
9.15098
9.13119
9.15289
9.14407
9.14598
9.15813
9.15194
9.17721
9.14598
9.14788
9.14192
9.15408
9.1629
9.16719
9.15599
9.14788
9.15694
9.166
9.166
9.15694
9.14884
9.14407
9.15408
9.18317
9.15694
9.14288
9.14884
9.17792
9.14097
9.15003
9.15909
9.14693
9.161
9.14502
9.16791
9.15194
9.15694
9.161
9.15718
9.13906
9.15194
9.16409
9.14502
9.166
9.13382
9.14121
9.17411
9.15504
9.17006
9.14478
9.15313
9.17506
9.14407
9.14788
9.15122
9.15194
9.13787
9.16004
9.14192
9.15599
9.17411
9.13692
9.15003
9.20391
9.14502
9.14001
9.14812
9.14311
9.15194
9.15098
9.14979
9.16886
9.15003
9.13405
9.14693
9.15885
9.13692
9.14693
9.14979
9.15599
9.15599
9.13095
9.14812
9.13596
9.14502
9.15718
9.14907
9.14598
9.20391
9.14097
9.14598
9.14598
9.17196
9.13596
9.15313
9.17506
9.16004
9.18007
9.17315
9.1331
9.16004
9.13978
9.14907
9.13811
9.13811
9.14216
9.15194
9.12905
9.14907
9.16696
9.1579
9.15194
9.14216
9.16219
9.15003
9.17721
9.14097
9.14598
9.14216
9.15813
9.16386
9.14884
9.16004
9.14192
9.15003
9.15194
9.13692
9.14884
9.13692
9.14598
9.16505
9.15098
9.1362
9.14598
9.17602
9.15289
9.15217
9.15718
9.15408
9.15098
9.14192
9.18698
9.14693
9.14907
9.16886
9.15194
9.14693
9.1579
9.18007
9.14502
9.1598
9.13906
9.17101
9.17101
9.14693
9.15694
9.12881
9.18102
9.1579
9.15599
9.13382
9.15384
9.14907
9.13811
9.15194
9.16195
9.15098
9.14502
9.15694
9.14502
9.14407
9.13501
9.15813
9.14001
9.15003
9.15217
9.16982
9.16696
9.13215
9.14216
9.16195
9.15909
9.14407
9.14311
9.15384
9.13787
9.15384
9.17602
9.15408
9.161
9.14907
9.15003
9.14097
9.13811
9.16195
9.15408
9.14717
9.14598
9.13787
9.1722
9.16195
9.13501
9.14693
9.14097
9.15599
9.14192
9.17387
9.13906
9.17482
9.13692
9.16386
9.15694
9.14907
9.15098
9.17506
9.15504
9.14907
9.15098
9.15408
9.15694
9.14407
9.14693
9.18078
9.14407
9.1598
9.15098
9.14383
9.17411
9.13215
9.161
9.15098
9.14693
9.13286
9.15003
9.15289
9.12285
9.166
9.15003
9.15098
9.12595
9.14788
9.14288
9.13501
9.17387
9.14693
9.15194
9.12881
9.15813
9.14288
9.16004
9.14598
9.14907
9.13906
9.13787
9.14407
9.16386
9.16004
9.14192
9.15289
9.15098
9.14383
9.14788
9.14502
9.14311
9.15408
9.16719
9.14097
9.14907
9.14812
9.14097
9.14001
9.1579
9.14407
9.15694
9.166
9.14097
9.16004
9.14001
9.16219
9.14288
9.14407
9.14192
9.15909
9.13596
9.13692
9.1579
9.14407
9.15384
9.14097
9.14621
9.16195
9.13882
9.13286
9.14598
9.17983
9.15289
9.19795
9.21106
9.15003
9.14407
9.18102
9.16219
9.18889
9.14693
9.1579
9.15599
9.14907
9.15885
9.14383
9.14192
9.16314
9.14001
9.16195
9.16409
9.1579
9.14812
9.14812
9.16696
9.13
9.16791
9.15003
9.15504
9.15408
9.14693
9.161
9.14717
9.14216
9.18412
9.14311
9.15003
9.17506
9.15384
9.13
9.17912
9.14311
9.16505
9.15384
9.15194
9.14979
9.18508
9.15718
9.14812
9.17077
9.15313
9.14907
9.15384
9.15313
9.16386
9.15003
9.15694
9.15408
9.14979
9.1722
9.14598
9.13906
9.14693
9.14288
9.16982
9.15289
9.14407
9.14001
9.14478
9.14693
9.15694
9.14502
9.17721
9.14884
9.13191
9.13382
9.14502
9.14598
9.15194
9.14288
9.15217
9.13811
9.15217
9.16195
9.13692
9.14383
9.14311
9.13715
9.14097
9.13501
9.14311
9.14216
9.15194
9.14788
9.14907
9.14502
9.15098
9.15694
9.15813
9.1548
9.14693
9.14288
9.13501
