7.47609
7.40409
7.38811
7.42602
7.4451
7.37691
7.41506
7.39884
7.38406
7.38096
7.43294
7.39694
7.35688
7.42292
7.3781
7.39408
7.44987
7.48301
7.38001
7.42793
7.40194
7.38096
7.41386
7.40814
7.42006
7.38692
7.39002
7.3719
7.40314
7.38502
7.37906
7.38287
7.39002
7.38192
7.38192
7.40194
7.36904
7.37
7.36904
7.39217
7.37619
7.38621
7.37715
7.41696
7.39121
7.42197
7.36904
7.36499
7.41196
7.43008
7.4091
7.42602
7.38978
7.37715
7.36403
7.39098
7.38192
7.41911
7.37095
7.36594
7.41196
7.43294
7.37405
7.40123
7.3781
7.40099
7.42817
7.40504
7.42817
7.36499
7.41696
7.45416
7.35617
7.43103
7.44414
7.37309
7.38597
7.39503
7.46083
7.44414
7.46799
7.37
7.37906
7.38788
7.40004
7.42006
7.39217
7.43508
7.38788
7.38811
7.4029
7.39193
7.38192
7.39312
7.45916
7.4091
7.37906
7.41506
7.39002
7.38788
7.3719
7.38406
7.40695
7.39193
7.38001
7.40385
7.38692
7.38215
7.40218
7.39717
7.43318
7.40814
7.35593
7.40194
7.38406
7.39622
7.40695
7.39884
7.39408
7.38788
7.38215
7.42221
7.38788
7.39789
7.37405
7.39002
7.40314
7.37381
7.39002
7.35092
7.38001
7.39193
7.41601
7.37786
7.4079
7.42006
7.38001
7.4029
7.38192
7.37596
7.43604
7.36499
7.38788
7.41601
7.38907
7.4892
7.42507
7.39598
7.3719
7.45893
7.37
7.37786
7.38311
7.42102
7.35807
7.37405
7.39312
7.37691
7.36904
7.37906
7.41601
7.37596
7.35402
7.38597
7.4122
7.37619
7.406
7.43318
7.38096
7.40504
7.43508
7.39098
7.37906
7.3781
7.38907
7.38597
7.43985
7.35497
7.40695
7.35497
7.411
7.39288
7.40695
7.43794
7.40409
7.39908
7.39098
7.40004
7.37
7.36284
7.38597
7.37095
7.4091
7.39312
7.45988
7.42888
7.37309
7.37691
7.38597
7.39384
7.4141
7.37
7.35784
7.38287
7.42483
7.38692
7.38811
7.37214
7.43198
7.44414
7.4029
7.41792
7.4811
7.4122
7.41696
7.39598
7.37095
7.3998
7.39217
7.41196
7.41911
7.406
7.40981
7.4091
7.34997
7.38883
7.38311
7.41601
7.3781
7.35092
7.35688
7.41506
7.38811
7.4029
7.35092
7.37119
7.39622
7.38811
7.38382
7.42412
7.39717
7.36713
7.42984
7.36594
7.40409
7.37882
7.39098
7.406
7.40385
7.37214
7.42698
7.4141
7.39002
7.3812
7.41816
7.44915
7.36499
7.41792
7.43294
7.38406
7.37977
7.41005
7.39908
7.38406
7.375
7.43198
7.45606
7.40719
7.34687
7.47013
7.40314
7.38788
7.37906
7.38502
7.39717
7.39408
7.37596
7.39884
7.37309
7.41196
7.38001
7.38382
7.43794
7.37596
7.39694
7.37691
7.39312
7.40981
7.39098
7.37309
7.44796
7.44486
7.41005
7.40385
7.40004
7.39098
7.39884
7.38001
7.38287
7.37214
7.37309
7.39503
7.40314
7.39193
7.39503
7.41911
7.4079
7.4091
7.4451
7.40004
7.35712
7.39384
7.38096
7.39408
7.38597
7.447
7.38215
7.40004
7.39002
7.41291
7.37
7.35879
7.42698
7.38716
7.4029
7.38907
7.41911
7.39694
7.39002
7.45201
7.37309
7.40409
7.40194
7.39288
7.41911
7.38502
7.39312
7.42102
7.36713
7.43699
7.39598
7.38692
7.38811
7.40814
7.38096
7.41386
7.39813
7.43198
7.36403
7.42197
7.40695
7.41005
7.39384
7.39717
7.43508
7.39789
7.39098
7.39694
7.37596
7.40004
7.40004
7.39694
7.40886
7.42006
7.38001
7.46202
7.39789
7.38001
7.41696
7.39193
7.38907
7.38478
7.39121
7.43008
7.38096
7.38096
7.41482
7.39098
7.411
7.43604
7.35402
7.42602
7.38502
7.37405
7.40623
7.42006
7.37405
7.37906
7.40004
7.35593
7.39694
7.38692
7.39813
7.447
7.40099
7.36094
7.39503
7.42102
7.38311
7.39789
7.39598
7.3421
7.38406
7.38502
7.42102
7.38597
7.37095
7.38502
7.4091
7.4029
7.411
7.37095
7.4029
7.4079
7.38311
7.37405
7.38597
7.39408
7.38621
7.45797
7.41911
7.3688
7.38811
7.39384
7.38096
7.411
7.39193
7.40099
7.38621
7.41601
7.40314
7.37286
7.37286
7.41911
7.38788
7.34806
7.43103
7.43699
7.41506
7.37309
7.42507
7.38311
7.38788
7.42006
7.41506
7.37596
7.39098
7.42292
7.43294
7.39908
7.40194
7.38788
7.41386
7.38215
7.40814
7.39193
7.38597
7.38883
7.406
7.39598
7.40099
7.41792
7.39503
7.43318
7.38215
7.375
7.38287
7.38192
7.38502
7.35593
7.42292
7.375
7.40695
7.39193
7.39813
7.40409
7.40099
7.39479
7.38597
7.40695
7.35712
7.39598
7.406
7.39408
7.39408
7.41792
7.38907
7.4029
7.39694
7.42102
7.39002
7.38907
7.43103
7.39098
7.4122
7.3812
7.43008
7.375
7.38192
7.36308
