2.2049
0.221968
0.19908
0.19908
0.197887
0.198126
0.197887
0.198126
0.198126
0.19908
0.198126
0.198126
0.198126
0.198126
0.198126
0.198126
0.197172
0.198126
0.202894
0.197887
0.197887
0.197887
0.200987
0.198126
0.198126
0.198126
0.198126
0.386
0.197887
0.197887
0.197887
0.197887
0.392914
0.197887
0.198841
0.200987
0.19908
0.198126
0.198126
0.197887
0.211
0.203133
0.197887
0.198126
0.198126
0.198126
0.19908
0.19908
0.198126
0.198126
0.28801
0.19908
0.19908
0.19908
0.198126
0.19908
0.19908
0.198841
0.198841
0.19908
0.19908
0.19908
0.19908
0.19908
0.19908
0.198841
0.198841
0.19908
0.19908
0.19908
0.19908
0.198841
0.198841
0.198841
0.19908
0.19908
0.19908
0.200033
0.198841
0.198841
0.19908
0.19908
0.19908
0.19908
0.198841
0.198841
0.19908
0.19908
0.19908
0.198841
0.198841
0.19908
0.19908
0.19908
0.200033
0.198841
0.198841
0.198841
0.19908
0.209093
0.203133
0.200033
0.19908
0.19908
0.199795
0.200033
0.200033
0.19908
0.200033
0.200033
0.19908
0.199795
0.200033
0.200033
0.200033
0.198841
0.19908
0.19908
0.198841
0.198841
0.200033
0.200033
0.221968
0.219107
0.210047
0.221968
0.20504
0.198841
0.200987
0.200987
0.200987
0.200987
0.205994
0.200033
0.200033
0.200033
0.200033
0.200033
0.200033
0.198841
0.19908
0.19908
0.200033
0.198841
0.200033
0.19908
0.198841
0.198841
0.200033
0.200033
0.199795
0.200033
0.200033
0.200033
0.198841
0.19908
0.19908
0.200033
0.200033
0.200033
0.19908
0.198841
0.19908
0.19908
0.200033
0.200033
0.200033
0.200033
0.199795
0.200033
0.200033
0.200033
0.199795
0.200033
0.19908
0.198841
0.199795
0.19908
0.200033
0.198841
0.198841
0.19908
0.202179
0.200033
0.198841
0.198841
0.19908
0.200033
0.200033
0.199795
0.200033
0.200033
0.200033
0.198841
0.200033
0.200033
0.198841
0.200033
0.200033
0.200033
0.200033
0.200033
0.200033
0.200033
0.200033
0.200033
0.198841
0.200033
0.200033
0.200033
0.199795
0.200033
0.200033
0.200033
0.200033
0.200033
0.200033
0.200033
0.200033
0.19908
0.200033
0.200033
0.200033
0.200033
0.200033
0.200033
0.199795
0.200033
0.200033
0.199795
0.200033
0.200033
0.200987
0.200033
0.200033
0.200033
0.200033
0.200033
0.200033
0.198841
0.200033
0.200033
0.199795
0.200033
0.200033
0.200033
0.198841
0.200033
0.200033
0.198841
0.200033
0.200033
0.200033
0.19908
0.19908
0.19908
0.199795
0.200033
0.200033
0.200033
0.204802
0.19908
0.200033
0.198841
0.19908
0.19908
0.200033
0.198841
0.19908
0.200033
0.200033
0.199795
0.200033
0.200033
0.200033
0.199795
0.200033
0.200033
0.200033
0.199795
0.200033
0.200033
0.200033
0.199795
0.198841
0.19908
0.19908
0.198841
0.198841
0.19908
0.19908
0.198841
0.198841
0.19908
0.19908
0.198841
0.199795
0.200033
0.19908
0.199795
0.200033
0.200033
0.200033
0.199795
0.200033
0.200033
0.19908
0.200033
0.19908
0.19908
0.19908
0.198841
0.200033
0.200033
0.200033
0.200033
0.200033
0.200033
0.200033
0.200033
0.200033
0.200033
0.200033
0.19908
0.200033
0.19908
0.200033
0.200033
0.19908
0.19908
0.198841
0.19908
0.198841
0.19908
0.19908
0.200033
0.200033
0.19908
0.19908
0.200033
0.199795
0.19908
0.19908
0.19908
0.199795
0.200033
0.200033
0.19908
0.199795
0.200033
0.200033
0.19908
0.198841
0.200033
0.200033
0.200033
0.199795
0.19908
0.200033
0.200033
0.199795
0.19908
0.200033
0.200033
0.200033
0.200033
0.19908
0.200033
0.200033
0.19908
0.200033
0.200033
0.198841
0.19908
0.19908
0.19908
0.198841
0.19908
0.19908
0.200033
0.198841
0.200033
0.19908
0.200033
0.200033
0.19908
0.19908
0.19908
0.20504
0.19908
0.200033
0.200033
0.199795
0.200033
0.200033
0.198841
0.199795
0.19908
0.19908
0.199795
0.198841
0.19908
0.19908
0.198841
0.199795
0.19908
0.19908
0.200033
0.198841
0.200033
0.200033
0.200033
0.199795
0.200033
0.200033
0.198841
0.199795
0.200033
0.19908
0.19908
0.199795
0.200033
0.200033
0.19908
0.199795
0.200033
0.19908
0.200033
0.198841
0.200033
0.200033
0.200033
0.199795
0.200033
0.200033
0.200033
0.199795
0.19908
0.19908
0.200033
0.200033
0.200033
0.200033
0.200033
0.200033
0.198841
0.19908
0.19908
0.200987
0.200987
0.201225
0.200987
0.198841
0.198841
0.19908
0.19908
0.198841
0.199795
0.200033
0.200033
0.198841
0.200033
0.200033
0.200033
0.198841
0.19908
0.200033
0.200033
0.199795
0.20504
0.204086
0.198841
0.19908
0.19908
0.19908
0.198841
0.200033
0.200033
0.200033
0.198841
0.19908
0.19908
0.19908
0.198841
0.19908
0.19908
0.19908
0.198841
0.200033
0.19908
0.19908
0.199795
0.200033
0.200033
0.200033
0.199795
0.200033
0.200033
0.200033
0.198841
0.19908
0.19908
0.200033
0.199795
0.19908
0.19908
0.19908
0.19908
0.19908
0.197887
0.19908
0.19908
0.201225
0.200033
0.200033
0.200033
0.200033
0.198126
0.19908
0.19908
0.19908
0.19908
0.19908
0.19908
0.19908
0.19908
0.19908
0.19908
0.198126
0.19908
0.19908
0.19908
0.198841
0.198841
0.198841
0.198841
0.197887
0.198841
0.198841
0.198841
0.197887
0.197887
0.198841
0.198841
0.198841
0.197887
0.198841
0.198841
0.198841
0.19908
0.19908
0.19908
0.200033
0.19908
0.19908
0.198126
0.19908
0.19908
0.19908
0.19908
0.198126
0.197887
0.19908
0.19908
0.198841
0.198841
0.198841
0.198841
0.198841
0.198841
0.19908
0.19908
0.19908
0.19908
0.19908
0.198126
0.19908
0.19908
0.200033
0.198841
0.198841
0.198841
0.200033
0.19908
0.19908
0.19908
0.19908
0.19908
0.19908
0.19908
0.19908
0.19908
0.198126
0.19908
0.19908
0.19908
0.19908
0.198841
0.198841
0.199795
0.197887
0.197887
0.198841
0.19908
0.19908
0.19908
0.19908
0.19908
0.19908
0.19908
0.19908
0.19908
0.203848
0.198841
0.198841
0.197887
0.200033
0.19908
0.19908
0.19908
0.19908
0.19908
0.19908
0.198841
0.198841
0.198841
0.198841
0.200033
0.19908
0.19908
0.198126
0.19908
0.19908
0.19908
0.19908
0.19908
0.19908
0.19908
0.19908
0.19908
0.200987
0.200033
0.200987
0.200987
0.200033
0.198126
0.200033
0.197887
0.198841
0.197887
0.199795
0.198841
0.200033
0.200033
0.19908
0.19908
0.19908
0.198841
0.198841
0.198841
0.197887
0.198841
0.198841
0.198841
0.19908
0.19908
0.19908
0.19908
0.19908
0.198841
0.198841
0.198841
0.198841
0.198841
0.198841
0.19908
0.19908
0.19908
0.19908
0.19908
0.19908
0.200033
0.200033
0.198841
0.198841
0.198841
0.19908
0.19908
0.19908
0.198126
0.19908
0.19908
0.19908
0.19908
0.19908
0.19908
0.198126
0.19908
0.19908
0.19908
0.198126
0.200033
0.198841
0.197887
0.200033
0.19908
0.19908
0.200033
0.198841
0.198841
0.198841
0.198841
0.19908
0.19908
0.19908
0.200033
0.200033
0.198841
0.19908
0.19908
0.19908
0.19908
0.19908
0.19908
0.200033
0.198841
0.198841
0.198841
0.198841
0.198841
0.200033
0.200033
0.19908
0.19908
0.19908
0.199795
0.200033
0.19908
0.19908
0.19908
0.19908
0.200033
0.19908
0.198841
0.198841
0.200033
0.19908
0.19908
0.19908
0.19908
0.19908
0.200033
0.198841
0.200033
0.19908
0.19908
0.19908
0.19908
0.19908
0.19908
0.19908
0.200033
0.198841
0.198841
0.19908
0.19908
0.202894
0.198841
0.19908
0.19908
0.200033
0.19908
0.200033
0.19908
0.19908
0.19908
0.19908
0.19908
0.19908
0.19908
0.19908
0.199795
0.198841
0.19908
0.19908
0.19908
0.19908
0.19908
0.198126
0.19908
0.19908
0.200033
0.198841
0.197887
0.197887
0.198841
0.19908
0.19908
0.19908
0.198126
0.19908
0.19908
0.19908
0.19908
0.19908
0.19908
0.198841
0.198841
0.198841
0.19908
0.19908
0.19908
0.19908
0.19908
0.19908
0.19908
0.19908
0.19908
0.198841
0.197887
0.19908
0.198841
0.198841
0.198841
0.19908
0.200033
0.200033
0.19908
0.19908
0.198841
0.198841
0.198841
0.198841
0.198841
0.198841
0.200033
0.200033
0.198841
0.198841
0.198841
0.198841
0.198841
0.19908
0.197887
0.198841
0.198841
0.19908
0.19908
0.19908
0.19908
0.200033
0.200033
0.198841
0.198841
0.198841
0.198841
0.198841
0.197887
0.197887
0.198841
0.19908
0.19908
0.19908
0.19908
0.19908
0.200033
0.198126
0.19908
0.19908
0.19908
0.198841
0.198841
0.198841
0.198841
0.198841
0.19908
0.19908
0.19908
0.19908
0.19908
0.198126
0.19908
0.19908
0.19908
0.19908
0.198841
0.198841
0.198841
0.198841
0.198841
0.19908
0.19908
0.19908
0.19908
0.19908
0.200033
0.19908
0.19908
0.198841
0.198841
0.199795
0.19908
0.19908
0.19908
0.19908
0.200033
0.198841
0.198841
0.198841
0.198841
0.200033
0.19908
0.198126
0.19908
0.19908
0.200033
0.19908
0.198126
0.19908
0.19908
0.19908
0.19908
0.19908
0.19908
0.19908
0.199795
0.198841
0.19908
0.19908
0.19908
0.200033
0.203133
0.19908
0.198126
0.19908
0.19908
0.19908
0.19908
0.19908
0.19908
0.19908
0.200033
0.198841
0.198841
0.198841
0.198841
0.19908
0.19908
0.19908
0.19908
0.19908
0.19908
0.19908
0.19908
0.19908
0.19908
0.19908
0.19908
0.198841
0.198841
0.199795
0.200987
0.200033
0.200987
0.19908
0.19908
0.19908
0.19908
0.19908
0.19908
0.199795
0.198841
0.19908
0.19908
0.19908
0.19908
0.19908
0.19908
0.19908
0.19908
0.200033
0.198841
0.198841
0.197887
0.200033
0.200033
0.19908
0.19908
0.19908
0.198126
0.19908
0.19908
0.19908
0.19908
0.19908
0.19908
0.198841
0.198841
0.198841
0.200033
