0.00000000000000000000000000000000
0.00000000000000000101010105846632
0.00000000000000000202020211693264
0.00000000000000000303030317539896
0.00000000000000000404040423386528
0.00000000000000000505050508553645
0.00000000000000000606060635079792
0.00000000000000000707070678887878
0.00000000000000000808080846773056
0.00000000000000000909090931940172
0.00000000000000001010101017107289
0.00000000000000001111111102274406
0.00000000000000001212121270159584
0.00000000000000001313131355326700
0.00000000000000001414141357775756
0.00000000000000001515151525660934
0.00000000000000001616161693546112
0.00000000000000001717171695995167
0.00000000000000001818181863880345
0.00000000000000001919191866329400
0.00000000000000002020202034214578
0.00000000000000002121212202099756
0.00000000000000002222222204548811
0.00000000000000002323232372433989
0.00000000000000002424242540319167
0.00000000000000002525252542768223
0.00000000000000002626262710653401
0.00000000000000002727272878538578
0.00000000000000002828282715551511
0.00000000000000002929293048872812
0.00000000000000003030303051321867
0.00000000000000003131313053770923
0.00000000000000003232323387092223
0.00000000000000003333333389541278
0.00000000000000003434343391990334
0.00000000000000003535353725311634
0.00000000000000003636363727760690
0.00000000000000003737373730209745
0.00000000000000003838383732658800
0.00000000000000003939394065980101
0.00000000000000004040404068429156
0.00000000000000004141414070878212
0.00000000000000004242424404199512
0.00000000000000004343434406648567
0.00000000000000004444444409097623
0.00000000000000004545454742418923
0.00000000000000004646464744867979
0.00000000000000004747474747317034
0.00000000000000004848485080638335
0.00000000000000004949495083087390
0.00000000000000005050505085536445
0.00000000000000005151515418857746
0.00000000000000005252525421306801
0.00000000000000005353535423755857
0.00000000000000005454545757077157
0.00000000000000005555555428653967
0.00000000000000005656565431103023
0.00000000000000005757576095296568
0.00000000000000005858586097745624
0.00000000000000005959596100194679
0.00000000000000006060606102643734
0.00000000000000006161616105092790
0.00000000000000006262626107541845
0.00000000000000006363636771735391
0.00000000000000006464646774184446
0.00000000000000006565656776633501
0.00000000000000006666666779082557
0.00000000000000006767676781531612
0.00000000000000006868686783980668
0.00000000000000006969697448174213
0.00000000000000007070707450623268
0.00000000000000007171717453072324
0.00000000000000007272727455521379
0.00000000000000007373737457970435
0.00000000000000007474747460419490
0.00000000000000007575757462868545
0.00000000000000007676767465317601
0.00000000000000007777778129511146
0.00000000000000007878788131960202
0.00000000000000007979798134409257
0.00000000000000008080808136858313
0.00000000000000008181818139307368
0.00000000000000008282828141756423
0.00000000000000008383838805949969
0.00000000000000008484848808399024
0.00000000000000008585858810848080
0.00000000000000008686868813297135
0.00000000000000008787878815746190
0.00000000000000008888888818195246
0.00000000000000008989899482388791
0.00000000000000009090909484837847
0.00000000000000009191919487286902
0.00000000000000009292929489735957
0.00000000000000009393939492185013
0.00000000000000009494949494634068
0.00000000000000009595960158827614
0.00000000000000009696970161276669
0.00000000000000009797980163725724
0.00000000000000009898990166174780
0.00000000000000010000000168623835
0.00000000000000010101010171072891
