226.937
199.037
199.081
199.062
199.296
198.729
198.957
199.421
198.416
198.953
198.14
197.782
197.425
197.109
197.018
196.496
196.31
195.523
195.726
195.214
194.736
194.283
193.858
194.33
193.802
194.184
193.735
193.2
192.819
193.169
192.975
193.27
193.542
193.794
194.065
193.501
193.567
193.901
194.963
193.731
193.91
194.609
193.952
194.567
194.15
194.748
195.083
193.911
193.891
194.463
194.186
194.05
193.865
193.785
194.279
194.225
194.511
194.292
193.963
194.017
193.633
193.789
193.977
194.457
194.195
193.398
193.981
194.866
193.922
194.373
194.067
193.282
194.137
193.228
193.78
194.398
193.941
193.619
194.337
193.735
193.615
193.362
193.826
194.049
193.524
194.47
193.305
193.767
193.812
194.241
193.888
193.688
193.627
194.194
193.698
193.395
194.827
193.975
194.088
194.04
