190.394
133.187
133.898
134.343
134.646
135.47
135.428
135.318
143.782
135.565
135.864
136.199
136.118
136.276
136.227
136.008
136.129
136.032
136.477
135.769
136.342
136.24
135.818
136.006
136.201
135.729
136.314
136.322
136.188
137.627
136.56
135.977
138.23
135.784
136.423
136.044
136.361
136.438
136.114
136.076
135.937
135.906
136.341
136.488
136.098
135.708
136.131
135.84
136.181
136.701
136.075
136.289
135.607
136.142
136.055
135.939
136.685
136.123
136.161
135.866
135.948
136.241
135.989
135.784
136.808
135.929
136.211
135.626
135.964
135.743
137.323
136.167
136.009
136.364
138.626
136.154
135.926
136.555
135.88
136.156
136.134
144.193
135.951
135.782
136.382
135.743
136.451
136.065
135.909
135.996
135.565
135.861
136.301
135.967
135.874
135.913
135.997
136.14
135.904
136.142
