188.853
178.162
180.387
176.015
175.68
174.642
170.766
164.01
160.509
160.546
156.8
156.15
161.126
158.401
162.119
163.043
160.35
165.133
165.511
162.072
162.24
162.12
157.323
157.244
157.315
156.915
152.52
150.345
150.226
144.126
141.982
142.025
138.346
135.974
143.115
144.288
143.588
138.771
145.236
146.093
146.607
140.965
145.312
144.575
141.314
146.995
147.565
147.293
147.618
147.834
147.734
147.756
147.71
147.792
147.809
148.668
147.764
147.663
147.67
147.771
147.782
147.684
147.839
148.928
147.841
147.757
147.738
147.723
147.763
147.79
147.89
147.68
147.652
147.859
147.679
147.814
148.518
147.811
147.651
147.668
147.679
147.764
147.759
147.629
147.7
147.581
147.682
147.706
147.803
149.064
147.89
147.856
147.747
147.688
148.37
147.867
147.76
147.603
147.713
147.583
