156.539
146.162
146.359
146.302
146.3
146.278
146.341
146.395
146.347
146.235
146.283
146.359
146.318
146.354
146.276
146.34
146.309
146.349
146.301
146.296
146.33
146.204
146.376
146.339
146.311
146.397
146.355
146.437
146.318
146.331
146.339
146.323
146.385
146.276
146.293
147.378
146.291
146.303
146.25
146.377
146.385
146.25
146.382
146.261
146.345
146.34
146.313
146.351
146.361
146.308
146.289
146.273
146.385
146.402
146.301
146.389
146.495
146.326
146.334
146.415
146.353
146.409
146.409
146.377
146.296
146.466
146.253
146.275
146.296
146.364
146.335
146.271
146.344
146.397
146.294
146.393
146.38
146.353
146.373
146.386
146.413
146.514
146.204
146.355
146.381
146.362
146.232
146.307
146.346
146.337
146.359
146.411
146.286
146.215
146.419
146.42
146.406
146.329
146.444
146.47
