45.0351
36.375
36.4239
36.5279
36.3069
36.036
36.3081
36.521
36.8011
36.6349
36.2821
36.0351
36.495
36.0138
36.634
36.5672
36.8779
36.8609
35.996
35.7702
36.438
36.468
36.361
36.0641
36.129
36.2849
36.902
36.5829
36.2868
35.9468
36.252
36.608
36.5012
36.7191
36.0451
35.9838
36.505
36.315
36.119
36.2451
36.2999
36.3698
36.1011
36.4301
36.7231
36.078
36.3312
36.3309
36.617
36.093
36.4051
36.453
36.4828
36.0451
36.417
36.478
36.8841
36.0439
36.4251
36.629
36.6151
36.5598
36.2029
36.685
36.499
36.459
35.9869
36.4881
36.052
36.7301
36.0222
36.5942
36.2899
36.3262
36.613
36.3081
36.4771
36.1691
36.258
36.7842
36.1691
36.6058
36.556
36.139
36.032
35.9879
36.387
36.257
36.2959
36.232
36.7088
35.8961
36.5229
36.7348
36.2959
36.1481
36.1619
36.71
36.2899
36.1209
35.7361
36.917
36.3989
36.2771
36.53
36.202
36.1261
35.989
36.5551
36.1779
36.335
36.5059
36.3331
36.1919
36.1481
36.5162
36.3071
36.5741
36.7358
36.1121
36.654
36.3781
36.623
36.5691
36.2279
36.3629
35.9719
36.1938
36.2461
36.783
36.4799
36.4571
36.3531
36.4561
36.6292
36.1171
36.1671
36.0439
36.6008
36.2
36.6311
36.2091
36.6862
36.2279
36.3109
35.9831
36.6821
36.6051
36.428
36.196
36.7041
36.5319
36.52
36.8381
36.083
36.772
36.7348
36.5961
36.427
36.639
36.3171
36.1962
36.2849
36.3529
36.1688
36.5319
36.675
36.3491
36.1419
36.021
36.5908
36.3231
36.459
36.3581
35.851
36.0191
36.2749
36.8619
36.3178
36.165
36.0301
36.5949
36.3588
36.094
36.1819
36.5338
35.7409
36.0188
36.588
36.3228
36.0031
36.149
36.396
36.71
36.55
36.7279
36.0448
36.2539
36.5808
35.845
36.1691
36.5059
36.0298
36.36
36.6371
36.3412
36.3081
36.3829
36.175
36.4921
36.454
36.432
36.5701
36.2082
36.7682
36.2439
36.068
36.1629
36.2959
36.165
36.6099
36.1688
36.305
35.7549
36.2411
36.248
36.479
36.0501
35.8231
36.3472
36.525
36.4609
36.3002
35.902
36.5238
36.567
36.165
36.1609
36.339
36.371
36.2742
36.278
36.216
36.437
36.6261
36.8309
36.252
36.6781
36.15
36.092
36.6201
36.5989
35.852
36.226
36.1319
36.191
36.3491
36.4389
35.9869
36.2129
36.854
35.851
36.4969
36.2051
36.2182
36.3331
36.243
36.478
36.0351
35.9001
36.3479
36.2649
36.0329
36.3469
36.103
36.0701
36.7641
36.4549
36.5889
36.0959
36.279
36.4139
36.485
36.2401
36.6521
36.0429
35.9688
36.3619
36.5419
36.2511
36.027
36.4962
36.1111
36.489
36.237
36.3109
36.5751
36.447
36.8168
35.924
36.516
35.7502
36.1099
35.9359
36.0088
36.346
36.341
36.514
36.1118
36.479
36.5531
36.0219
36.0429
36.4881
36.6631
36.0849
36.4051
36.5641
36.2911
35.913
36.5369
36.5129
36.3789
36.4521
36.37
36.52
36.2761
36.1581
36.5109
36.6468
36.252
36.123
36.3121
36.3801
36.8178
36.144
36.5751
36.109
36.2291
36.3262
36.1259
36.027
36.5479
35.9581
36.8149
36.1209
36.1168
36.7279
36.5541
36.2821
36.5171
36.212
36.5419
35.603
36.1969
36.463
35.84
36.7329
36.3848
36.4809
36.314
36.2659
36.2151
36.0179
36.0479
36.2639
36.1922
35.923
36.5372
36.4721
36.484
36.402
36.618
36.1209
36.339
36.402
36.2601
36.7591
36.628
35.8829
36.0219
36.088
36.2759
36.516
36.725
36.4058
36.2959
36.2539
36.2029
36.14
36.283
36.592
35.8548
36.5469
36.4208
36.834
36.3231
36.2718
36.1369
35.9709
36.2949
35.98
35.9881
35.9149
36.1478
36.7
36.1469
36.5698
36.428
36.2852
36.546
36.0918
36.185
35.9921
36.6671
36.7091
36.3359
36.2031
36.304
36.382
36.0019
36.0498
36.3009
36.2029
36.2
36.35
36.243
36.283
36.5598
36.5801
36.345
36.2971
36.5829
36.2298
36.4909
35.959
36.6609
36.164
36.3851
36.0799
36.3328
36.005
36.5021
36.0329
36.7501
36.0041
36.3951
36.509
36.3181
36.1061
36.2511
36.4299
36.1481
36.082
36.35
36.509
36.9351
36.289
36.1741
36.447
36.4389
36.464
36.0632
36.2239
36.6671
36.1209
36.7019
36.279
36.1421
36.092
36.1121
36.4151
36.454
36.3309
36.499
36.082
36.869
36.088
36.3839
36.3879
36.176
36.4771
36.4468
36.1171
36.1249
36.2799
36.5319
36.742
36.0458
35.9881
36.4749
36.464
36.546
36.6089
36.134
36.0861
36.5429
36.176
36.1271
36.489
36.6499
36.3111
36.093
35.9859
36.453
36.247
36.3429
35.944
35.9261
36.468
36.2949
36.3178
36.0999
36.411
36.3631
36.3421
36.4099
36.7169
36.2871
36.418
36.2079
36.3922
36.5582
36.3779
36.2971
36.14
36.1269
36.4439
36.2868
36.4759
36.37
36.3641
36.2709
36.2799
36.69
36.047
36.253
35.9862
36.6251
36.1741
36.5329
35.8748
36.448
35.888
36.2039
36.2389
35.9609
36.1631
36.4699
37.1492
36.1969
35.8849
36.0279
36.299
35.985
36.4468
36.4001
36.3011
36.2701
36.4549
36.123
36.1381
36.221
36.3672
36.7219
36.823
36.715
35.8799
36.458
35.954
36.4079
36.2659
35.8438
35.928
36.5589
35.8639
36.304
36.072
36.489
36.7131
36.561
36.782
36.1631
35.8832
35.9609
36.0799
36.3121
36.5481
36.0069
35.9149
36.1559
36.1819
36.515
36.1791
36.1931
36.2601
36.0761
36.7172
36.1731
35.943
36.2942
36.618
36.644
35.9702
36.3529
35.9879
36.159
36.334
36.4511
36.7098
36.1481
36.2279
35.8231
36.092
36.428
36.366
36.5832
36.0081
35.821
36.3061
36.839
35.9609
36.221
36.1719
36.68
36.2339
36.366
36.629
36.4349
36.361
36.0451
36.3152
36.4451
36.3982
36.4158
36.3851
36.638
36.382
36.2549
36.237
36.3081
36.4559
36.607
36.0188
36.412
36.392
36.8001
36.5689
36.1018
36.4881
36.7908
36.063
36.4499
36.7739
36.5539
36.304
36.3629
36.135
36.1679
36.54
36.557
35.9728
36.3209
36.13
36.164
37.2231
36.1691
36.258
36.607
36.2
36.2821
36.633
36.3338
36.1841
36.293
36.974
36.1331
36.2358
36.3851
35.9991
36.52
36.3309
36.253
36.1021
36.0579
36.1578
36.0692
36.1462
36.299
36.2051
36.2411
36.0689
35.877
36.674
36.3169
36.2809
36.454
36.1359
36.5319
36.1519
36.171
36.1722
36.1381
36.4509
36.469
36.2189
36.943
36.2842
35.985
35.8231
36.1581
36.211
36.3491
35.984
36.1791
36.3529
36.526
36.402
36.4451
36.222
36.6411
36.135
36.0708
36.1099
35.8801
36.35
36.305
36.6468
36.0811
36.396
36.4239
36.2518
36.262
36.0332
36.4878
36.36
36.0792
35.8601
36.092
36.581
36.164
36.1741
36.0179
36.243
36.221
36.3059
35.7461
36.6361
36.2339
36.083
36.2289
36.3231
36.1159
36.1569
36.325
36.4211
36.454
36.0191
36.4461
36.658
36.4301
36.0181
36.3491
36.19
36.535
36.2692
36.289
36.968
36.479
36.418
36.432
36.052
36.1619
35.918
36.252
36.597
36.402
36.206
36.6318
36.37
36.407
36.2871
36.2871
36.6302
36.335
36.2661
36.5691
36.1612
36.8471
36.015
36.422
36.3209
36.1369
35.9619
36.5651
36.15
36.186
35.8362
36.5839
36.083
36.325
36.01
36.5851
36.268
36.5429
36.1369
36.345
36.315
36.52
36.3822
36.391
36.2501
36.3131
36.4141
36.8571
36.0761
36.144
36.1731
36.3841
37.0491
36.6192
36.6631
35.9302
36.418
36.5429
36.7751
35.9759
36.1969
36.4389
36.248
36.505
36.3212
35.8632
36.2091
35.9139
36.015
36.2301
36.6352
36.495
35.9969
36.2289
36.2251
36.5598
36.093
35.9619
36.5288
36.298
36.3731
36.952
36.1791
35.8691
36.1018
36.972
36.3221
36.6311
36.4351
36.5262
36.37
36.021
36.5181
36.0441
36.1772
36.7739
36.288
36.1369
36.356
36.7589
36.3178
36.526
36.164
36.3441
36.6621
36.68
36.118
36.3901
36.968
36.773
36.473
36.315
36.299
36.366
36.1469
35.9888
36.5181
35.9881
36.4051
35.969
36.5479
35.9991
36.3212
36.1531
36.407
36.2511
36.032
36.6299
36.5229
35.8829
36.243
36.0899
36.1178
36.5
35.862
36.402
36.644
36.068
36.6411
36.5269
36.299
36.2239
36.1972
36.1941
36.309
36.19
36.5481
35.9931
36.0551
36.0391
36.011
36.4361
36.0301
36.5
35.9631
36.4339
36.304
36.041
36.2771
36.2618
36.1271
36.4001
36.4492
36.4439
36.1819
36.3562
36.4521
36.104
36.0599
36.3519
36.37
35.881
36.7548
36.833
36.263
36.7529
36.119
36.1412
36.1199
36.854
36.531
36.3529
35.8939
36.3719
36.602
36.135
36.3588
36.1309
36.6559
36.288
35.99
36.2961
36.2661
36.6559
36.088
35.938
36.288
36.562
36.4182
36.449
36.304
36.1681
36.361
36.406
36.262
36.237
36.768
36.094
36.118
36.4101
36.1619
36.824
35.9671
36.1509
36.3469
36.5238
36.546
36.17
36.546
36.4678
36.346
36.144
35.955
36.593
36.1519
36.1099
35.9631
36.3159
35.96
36.4969
36.19
37.1361
36.263
