11.975
5.26381
5.27
5.26118
5.24688
5.24187
5.24902
5.25594
5.25808
5.26905
5.26619
5.24402
5.265
5.25212
5.26214
5.23996
5.25999
5.25379
5.2669
5.25618
5.24497
5.23901
5.24592
5.27096
5.25498
5.24211
5.25308
5.23901
5.24902
5.26285
5.24783
5.25379
5.24902
5.265
5.25594
5.25284
5.20182
4.31108
4.28104
4.28891
4.29392
4.27508
4.282
4.28081
4.28987
4.26197
4.25696
4.26102
4.26388
4.27508
4.26507
4.282
4.25887
4.26698
4.26197
4.25911
4.26507
4.27008
4.25816
4.24504
4.26102
4.25911
4.25816
4.25196
4.24504
4.25696
4.246
4.25696
4.26984
4.26102
4.25506
4.246
4.25601
4.24099
4.24194
4.251
4.26388
4.25816
4.25005
4.26507
4.2491
4.26412
4.246
4.25005
4.25482
4.24004
4.25696
4.246
4.2479
4.2479
4.25696
4.25386
4.25482
4.25005
4.25506
4.27604
4.2491
4.26197
4.24385
4.2479
4.246
4.25386
4.246
4.25601
4.24814
4.25005
4.2491
4.26102
4.251
4.25196
4.2491
4.24886
4.25482
4.25196
4.26292
4.25386
4.25792
4.26102
4.2572
4.25196
4.2522
4.2479
4.25982
4.2448
4.25696
4.25315
4.25601
4.24218
4.24695
4.25005
4.26483
4.26698
4.24886
4.26888
4.246
4.26102
4.2541
4.25005
4.2429
4.2448
4.24504
4.23408
4.24194
4.246
4.25291
4.251
4.25291
4.26507
4.246
4.24385
4.24385
4.2448
4.25005
4.25005
4.25005
4.24194
4.26197
4.26102
4.26316
4.26793
4.2479
4.24814
4.2491
4.24814
4.24004
4.2491
4.25816
4.25291
4.251
4.251
4.24409
4.24695
4.24218
4.24194
4.25982
4.25386
4.26984
4.2429
4.2479
4.25005
4.25601
4.246
4.25601
4.25315
4.24695
4.24981
4.25386
4.2491
4.251
4.2448
4.24814
4.24504
4.246
4.24719
4.251
4.25315
4.24695
4.25982
4.24886
4.24695
4.25005
4.25696
4.26388
4.26078
4.24385
4.25196
4.25601
4.23288
4.2572
4.246
4.25601
4.24385
4.25291
4.25601
4.25386
4.25982
4.251
4.246
4.2448
4.246
4.24194
4.24695
4.26006
4.26912
4.26316
4.25386
4.2479
4.25005
4.25315
4.25315
4.2479
4.2479
4.2522
4.25196
4.246
4.25601
4.25696
4.25291
4.25315
4.26102
4.24695
4.24218
4.24194
4.2479
4.24504
4.24886
4.25291
4.27008
4.25696
4.2479
4.26006
4.25005
4.25315
4.2541
4.25601
4.25601
4.24814
4.246
4.2522
4.246
4.25696
4.25291
4.26221
4.24695
4.24695
4.26602
4.2522
4.25005
4.2491
4.24695
4.25196
4.25196
4.25005
4.2522
4.251
4.25005
4.25005
4.251
4.24814
4.25291
4.25506
4.25291
4.25005
4.24099
4.25291
4.24385
4.2479
4.24695
4.25196
4.2479
4.24814
4.25196
4.25315
4.2541
4.251
4.26292
4.24504
4.25696
4.2522
4.251
4.2491
4.25005
4.25601
4.25005
4.24218
4.25196
4.24004
4.2541
4.2491
4.25506
4.246
4.25601
4.251
4.27818
4.26197
4.2541
4.25005
4.24814
4.2541
4.24194
4.2758
4.2479
4.23884
4.246
4.25696
4.26412
4.24695
4.25005
4.24695
4.24719
4.25196
4.25005
4.251
4.25315
4.25005
4.251
4.24385
4.25196
4.25005
4.24814
4.25601
4.24218
4.24504
4.25315
4.24194
4.2448
4.23694
4.24814
4.251
4.2448
4.24504
4.26507
4.25291
4.24981
4.246
4.2491
4.23813
4.25696
4.24886
4.25506
4.2491
4.26006
4.2541
4.26102
4.24314
4.24194
4.2479
4.24409
4.2491
4.24314
4.251
4.26197
4.25601
4.23789
4.24504
4.24194
4.246
4.25005
4.25792
4.2491
4.24314
4.25291
4.2479
4.26507
4.23908
4.251
4.23789
4.24194
4.24504
4.26316
4.25506
4.2541
4.24504
4.25911
4.24504
4.2429
4.24886
4.26507
4.25386
4.24886
4.2491
4.24695
4.23908
4.25291
4.25005
4.26316
4.246
4.2572
4.25005
4.26006
4.25291
4.25291
4.24314
4.2541
4.24504
4.25005
4.25005
4.24314
4.27008
4.25816
4.25196
4.24814
4.2491
4.251
4.25506
4.25315
4.25291
4.2479
4.25291
4.2541
4.24504
4.24194
4.24695
4.25196
4.2491
4.25601
4.25196
4.24695
4.25196
4.25315
4.25196
4.2491
4.24719
4.26197
4.2491
4.24504
4.26102
4.26888
4.26102
4.25386
4.25792
4.2541
4.25005
4.26102
4.26412
4.251
4.24218
4.24504
4.2491
4.25696
4.25005
4.24218
4.251
4.25911
4.25005
4.251
4.2479
4.24814
4.24504
4.251
4.24886
4.25506
4.2479
4.246
4.2448
4.25601
4.25291
4.24385
4.246
4.25506
4.2429
4.25005
4.24099
4.25506
4.24504
4.24218
4.25792
4.25291
4.2491
4.2479
4.25792
4.24814
4.26006
4.25196
4.24695
4.2479
4.24695
4.24194
4.26292
4.2522
4.2479
4.24886
4.25005
4.23908
4.26579
4.26197
4.25196
4.25506
4.2522
4.26197
4.246
4.2429
4.26292
4.24504
4.2491
4.24314
4.25887
4.26197
4.251
4.251
4.25005
4.246
4.2491
4.24504
4.25506
4.24504
4.24194
4.24695
4.25601
4.25005
4.24814
4.24504
4.24504
4.2522
4.25696
4.26197
4.24385
4.25506
4.251
4.23694
4.25005
4.2522
4.25506
4.2491
4.25506
4.24004
4.23908
4.25911
4.24385
4.25386
4.24981
4.25506
4.25291
4.2429
4.24504
4.24719
4.2479
4.246
4.25386
4.26006
4.25506
4.25696
4.2541
4.2491
4.25315
4.2479
4.24194
4.24314
4.2491
4.2429
4.25386
4.25506
4.25005
4.24695
4.24409
4.24314
4.25911
4.24194
4.24695
4.25601
4.25005
4.25696
4.25315
4.25005
4.2491
4.25506
4.24886
4.2479
4.25911
4.24695
4.24886
4.24886
4.24695
4.24814
4.251
4.2572
4.2429
4.2479
4.246
4.24099
4.24695
4.25005
4.24695
4.24504
4.25005
4.25601
4.24504
4.26412
4.246
4.246
4.25506
4.26412
4.25696
4.25887
4.251
4.251
4.24314
4.25291
4.25601
4.25601
4.25506
4.251
4.24194
4.2522
4.25291
4.25482
4.25887
4.2491
4.26507
4.24504
4.25196
4.25696
4.2522
4.251
4.251
4.25506
4.25506
4.25315
4.25196
4.25696
4.25291
4.24409
4.24099
4.25696
4.2491
4.25816
4.24194
4.25887
4.24886
4.2522
4.26292
4.24004
4.25506
4.25005
4.24981
4.251
4.25005
4.25005
4.26292
4.26102
4.251
4.2491
4.25601
4.25291
4.24409
4.25005
4.24409
4.24814
4.25601
4.27198
4.26006
4.24981
4.24504
4.26102
4.25696
4.26006
4.251
4.25386
4.24981
4.24194
4.26698
4.2448
4.24504
4.24385
4.24504
4.24886
4.246
4.24314
4.23503
4.2491
4.25792
4.24886
4.2429
4.2448
4.25506
4.25506
4.24695
4.24504
4.24695
4.251
4.25005
4.25696
4.26912
4.25196
4.2479
4.25792
4.2479
4.24385
4.2572
4.24504
4.25506
4.23408
4.24695
4.25982
4.24886
4.24981
4.23694
4.25291
4.246
4.26388
4.2429
4.25291
4.25315
4.2479
4.24385
4.25482
4.25291
4.25816
4.25792
4.25196
4.24099
4.25196
4.24695
4.246
4.251
4.24099
4.24886
4.24695
4.25196
4.23598
4.24695
4.24695
4.246
4.24314
4.251
4.24695
4.25005
4.2491
4.24695
4.25291
4.25911
4.2491
4.25196
4.2572
4.2541
4.25005
4.24099
4.2491
4.24814
4.25005
4.25601
4.251
4.25196
4.24886
4.251
4.25196
4.26698
4.25506
4.2479
4.2448
4.25696
4.25601
4.246
4.2479
4.25196
4.24099
4.251
4.2491
4.23694
4.24719
4.251
4.25601
4.25696
4.26006
4.24504
4.24504
4.24719
4.251
4.25315
4.2541
4.25601
4.2491
4.26102
4.25291
4.2448
4.25601
4.25291
4.24695
4.251
4.24695
4.24099
4.24194
4.25315
4.2522
4.27008
4.26102
4.24814
4.24194
4.24886
4.25291
4.2491
4.25315
4.25696
4.25196
4.25315
4.26412
4.251
4.26817
4.25005
4.23813
4.24504
4.25005
4.24504
4.251
4.246
4.2491
4.2491
4.25005
4.25506
4.251
4.26912
4.23503
4.24194
4.25601
4.246
4.2522
4.26888
4.25291
4.251
4.26388
4.24981
4.246
4.25005
4.251
4.2572
4.2479
4.24695
4.25506
4.26102
4.25291
4.2522
4.25506
4.24504
4.25792
4.27103
4.251
4.24099
4.23598
4.24695
4.25982
4.25792
4.24886
4.25315
4.25315
4.251
4.25696
4.24504
4.25291
4.23884
4.25291
4.25196
4.2479
4.2479
4.2448
4.24695
4.25601
4.246
4.25291
4.251
4.24695
4.26507
4.26221
4.24099
4.25005
4.2541
4.246
4.24004
4.24981
4.25482
4.251
4.23694
4.25196
4.246
4.25816
4.24099
4.25005
4.25506
4.24314
4.25911
4.2541
4.2429
4.24981
4.25005
4.25005
4.25005
4.24314
4.246
4.25506
4.26102
4.246
4.25601
4.25291
4.25315
4.2541
4.251
4.2541
4.24719
4.2491
4.26602
4.25005
4.24194
4.26197
4.25196
4.2479
4.25196
4.24099
4.25005
4.2491
4.26221
4.25005
4.24695
4.25291
4.25005
4.2448
4.24695
4.26102
4.25005
4.25291
4.2522
4.2491
4.24409
4.24409
4.24695
4.24695
4.2491
4.2491
4.26197
4.26316
4.246
4.26197
4.24409
4.25792
4.24194
4.2491
4.26006
4.24314
4.24814
4.24409
4.251
4.2479
4.2398
4.25887
4.25005
4.26388
4.25005
4.246
4.2541
4.24504
4.25291
4.25196
4.24695
4.25196
4.24385
4.25506
4.25386
4.2429
4.26006
4.25792
4.24099
4.26102
4.25005
4.25816
4.25196
4.24814
4.2479
4.25482
4.251
4.24504
4.25601
4.2479
4.24314
4.2541
4.25005
4.25696
4.25601
4.2429
4.26102
4.25196
4.246
4.2479
