0.0579357
0.025034
0.0228882
0.0200272
0.0200272
0.0197887
0.0190735
0.0200272
0.0190735
0.0197887
0.0200272
0.0200272
0.0209808
0.0200272
0.0200272
0.0200272
0.0212193
0.0200272
0.0200272
0.0200272
0.0200272
0.0209808
0.0200272
0.0200272
0.0200272
0.0329018
0.0209808
0.0200272
0.0200272
0.0200272
0.0190735
0.0200272
0.0197887
0.0190735
0.0190735
0.0200272
0.0209808
0.0200272
0.0200272
0.0197887
0.0200272
0.0209808
0.0200272
0.0200272
0.0200272
0.0200272
0.0209808
0.0200272
0.0200272
0.0190735
0.0200272
0.0188351
0.0200272
0.0200272
0.0197887
0.0200272
0.0200272
0.0190735
0.0197887
0.0190735
0.0200272
0.0200272
0.0200272
0.0200272
0.0200272
0.0281334
0.0200272
0.0200272
0.0200272
0.0200272
0.0212193
0.0190735
0.0200272
0.0200272
0.0200272
0.0200272
0.0190735
0.0190735
0.0200272
0.0200272
0.0200272
0.0190735
0.0190735
0.0188351
0.0200272
0.0190735
0.0200272
0.0197887
0.0200272
0.0209808
0.0200272
0.0200272
0.0200272
0.0200272
0.0209808
0.0200272
0.0190735
0.0200272
0.0190735
0.0200272
0.0190735
0.0197887
0.0200272
0.0200272
0.0209808
0.0200272
0.0269413
0.0200272
0.0200272
0.0212193
0.0200272
0.0200272
0.0200272
0.0200272
0.0200272
0.0200272
0.0200272
0.0200272
0.0209808
0.0200272
0.0200272
0.0190735
0.0190735
0.0200272
0.0200272
0.0190735
0.0188351
0.0200272
0.0209808
0.0200272
0.0200272
0.0200272
0.0200272
0.0200272
0.0190735
0.0200272
0.0200272
0.0200272
0.0200272
0.0200272
0.0188351
0.0200272
0.0200272
0.0197887
0.0190735
0.0200272
0.0200272
0.0231266
0.0209808
0.0200272
0.0200272
0.0200272
0.0209808
0.0197887
0.0200272
0.0200272
0.0200272
0.0209808
0.0200272
0.0200272
0.0200272
0.0200272
0.0200272
0.0197887
0.0200272
0.0200272
0.0188351
0.0200272
0.0190735
0.0200272
0.0200272
0.0200272
0.0209808
0.0197887
0.0200272
0.0200272
0.0197887
0.0209808
0.0200272
0.0200272
0.0200272
0.0200272
0.0200272
0.0197887
0.0200272
0.0209808
0.0209808
0.0197887
0.0197887
0.0200272
0.0190735
0.0209808
0.0197887
0.0200272
0.0190735
0.0188351
0.0200272
0.0190735
0.0200272
0.0200272
0.0200272
0.0200272
0.0190735
0.0188351
0.0200272
0.0200272
0.0200272
0.0197887
0.0190735
0.0200272
0.0200272
0.0209808
0.0200272
0.0200272
0.0188351
0.0200272
0.0200272
0.0200272
0.0197887
0.0190735
0.0200272
0.0200272
0.0200272
0.0200272
0.0200272
0.0209808
0.0200272
0.0200272
0.0269413
0.0200272
0.0200272
0.0188351
0.0200272
0.0200272
0.0200272
0.0200272
0.0200272
0.0200272
0.0197887
0.0200272
0.0209808
0.0200272
0.0188351
0.0190735
0.0169277
0.0128746
0.0138283
0.0128746
0.0128746
0.013113
0.0140667
0.0128746
0.013113
0.013113
0.0140667
0.0140667
0.0140667
0.0138283
0.0128746
0.0138283
0.013113
0.013113
0.013113
0.013113
0.013113
0.013113
0.0140667
0.013113
0.0128746
0.0140667
0.013113
0.0128746
0.0128746
0.0128746
0.0150204
0.0128746
0.0119209
0.0119209
0.0128746
0.0128746
0.0128746
0.0128746
0.0138283
0.0138283
0.0128746
0.0138283
0.0140667
0.0128746
0.0128746
0.0138283
0.0128746
0.0128746
0.0119209
0.014782
0.0128746
0.0140667
0.0128746
0.0140667
0.0140667
0.013113
0.0128746
0.0128746
0.0128746
0.0138283
0.0128746
0.0128746
0.0128746
0.0128746
0.0140667
0.0128746
0.0140667
0.0119209
0.0119209
0.0140667
0.013113
0.013113
0.013113
0.0140667
0.013113
0.0121593
0.013113
0.0119209
0.0140667
0.013113
0.0119209
0.0140667
0.0140667
0.013113
0.0128746
0.0128746
0.0138283
0.0128746
0.0138283
0.0119209
0.0128746
0.0128746
0.0128746
0.0128746
0.0128746
0.0138283
0.0128746
0.0128746
0.0138283
0.0128746
0.0128746
0.0121593
0.0140667
0.013113
0.0171661
0.013113
0.013113
0.0140667
0.013113
0.013113
0.013113
0.013113
0.0140667
0.0119209
0.013113
0.013113
0.0128746
0.0128746
0.0138283
0.0128746
0.0128746
0.0128746
0.0138283
0.0138283
0.0128746
0.0128746
0.0138283
0.0128746
0.0128746
0.0128746
0.013113
0.013113
0.0140667
0.013113
0.013113
0.013113
0.0140667
0.013113
0.013113
0.013113
0.013113
0.0140667
0.0140667
0.013113
0.013113
0.013113
0.0140667
0.013113
0.0128746
0.0119209
0.0138283
0.0138283
0.0128746
0.0128746
0.0128746
0.0128746
0.0128746
0.0128746
0.0140667
0.0128746
0.013113
0.0140667
0.0138283
0.0128746
0.0128746
0.013113
0.0150204
0.0128746
0.0128746
0.0150204
0.0140667
0.0128746
0.0128746
0.0128746
0.0140667
0.0128746
0.013113
0.013113
0.0140667
0.013113
0.0140667
0.013113
0.013113
0.013113
0.013113
0.0140667
0.0140667
0.0121593
0.013113
0.0119209
0.0140667
0.0119209
0.013113
0.0128746
0.013113
0.0140667
0.013113
0.013113
0.0140667
0.0140667
0.0140667
0.013113
0.0140667
0.013113
0.0140667
0.013113
0.013113
0.0121593
0.0121593
0.013113
0.0140667
0.013113
0.013113
0.013113
0.0128746
0.0119209
0.0128746
0.0119209
0.0128746
0.0138283
0.0128746
0.0128746
0.0138283
0.0128746
0.0128746
0.0128746
0.0140667
0.0128746
0.0140667
0.0128746
0.0138283
0.0138283
0.0128746
0.0128746
0.0138283
0.0128746
0.0128746
0.0138283
0.0140667
0.0128746
0.0140667
0.0140667
0.013113
0.0140667
0.013113
0.013113
0.013113
0.0121593
0.0140667
0.013113
0.0128746
0.0128746
0.0128746
0.0138283
0.0128746
0.0128746
0.0128746
0.0128746
0.0150204
0.0128746
0.0128746
0.0128746
0.0138283
0.0128746
0.0128746
0.013113
0.013113
0.0140667
0.013113
0.013113
0.0140667
0.013113
0.013113
0.0121593
0.013113
0.013113
0.013113
0.0140667
0.0140667
0.0121593
0.013113
0.013113
0.0140667
0.0140667
0.013113
0.013113
0.013113
0.0140667
0.013113
0.0128746
0.0140667
0.0128746
0.0128746
0.0128746
0.0138283
0.0140667
0.0128746
0.0140667
0.0140667
0.0169277
0.0128746
0.0128746
0.0138283
0.0140667
0.0128746
0.013113
0.0140667
0.0140667
0.013113
0.0140667
0.013113
0.0140667
0.013113
0.0140667
0.013113
0.0119209
0.0128746
0.013113
0.0140667
0.013113
0.013113
0.013113
0.0140667
0.013113
0.013113
0.013113
0.0140667
0.0121593
0.0121593
0.0119209
0.013113
0.0140667
0.013113
0.013113
0.0140667
0.013113
0.0128746
0.0128746
0.0140667
0.0128746
0.0128746
0.0128746
0.0128746
0.0128746
0.0119209
0.0128746
0.0138283
0.0128746
0.0128746
0.0128746
0.0138283
0.0128746
0.0119209
0.0128746
0.0138283
0.0128746
0.0119209
0.0138283
0.0138283
0.0138283
0.0140667
0.0128746
0.0140667
0.0140667
0.0140667
0.0140667
0.0140667
0.013113
0.013113
0.0140667
0.0140667
0.013113
0.013113
0.0140667
0.0140667
0.0128746
0.013113
0.013113
0.013113
0.013113
0.013113
0.013113
0.013113
0.0121593
0.0140667
0.0121593
0.013113
0.0140667
0.013113
0.013113
0.013113
0.0140667
0.013113
0.013113
0.0140667
0.013113
0.013113
0.013113
0.0128746
0.0140667
0.013113
0.0140667
0.013113
0.0140667
0.013113
0.013113
0.013113
0.0128746
0.013113
0.0128746
0.0128746
0.0119209
0.0109673
0.0119209
0.0121593
0.0119209
0.0109673
0.0109673
0.0119209
0.0121593
0.0109673
0.0121593
0.0119209
0.0121593
0.0109673
0.0109673
0.0121593
0.0119209
0.0121593
0.0109673
0.0119209
0.0119209
0.0119209
0.0121593
0.0119209
0.0109673
0.0109673
0.0119209
0.013113
0.0119209
0.0121593
0.0119209
0.0121593
0.0109673
0.0119209
0.0121593
0.0119209
0.0121593
0.0109673
0.0119209
0.0109673
0.0109673
0.0121593
0.0119209
0.0121593
0.0109673
0.0109673
0.0119209
0.0128746
0.0121593
0.0119209
0.0119209
0.013113
0.0119209
0.0121593
0.0119209
0.0119209
0.0119209
0.0119209
0.013113
0.0119209
0.0119209
0.0119209
0.0119209
0.0121593
0.0109673
0.0121593
0.0119209
0.0119209
0.0119209
0.0119209
0.0119209
0.0119209
0.0109673
0.0119209
0.0121593
0.0119209
0.0119209
0.0119209
0.0109673
0.0112057
0.0119209
0.0121593
0.0109673
0.0109673
0.0109673
0.0119209
0.0112057
0.0119209
0.0109673
0.0121593
0.0119209
0.0121593
0.0109673
0.0109673
0.0119209
0.0138283
0.0119209
0.0109673
0.0119209
0.0121593
0.0109673
0.0119209
0.0119209
0.0119209
0.0119209
0.0109673
0.0121593
0.0109673
0.0109673
0.0119209
0.0109673
0.0121593
0.0119209
0.0109673
0.0119209
0.0119209
0.0121593
0.0121593
0.013113
0.0119209
0.0112057
0.0109673
0.0119209
0.0119209
0.0109673
0.0109673
0.0119209
0.0121593
0.0119209
0.0119209
0.0119209
0.0119209
0.0119209
0.0119209
0.0121593
0.0119209
0.013113
0.0121593
0.0119209
0.0112057
0.0119209
0.0121593
0.0119209
0.0119209
0.0112057
0.0109673
0.0121593
0.0119209
0.0119209
0.0109673
0.0109673
0.0121593
0.0119209
0.0121593
0.0109673
0.0119209
0.0119209
0.0119209
0.0112057
0.0109673
0.0121593
0.0119209
0.0121593
0.0121593
0.0109673
0.0112057
0.0109673
0.0119209
0.0109673
0.0119209
0.013113
0.0119209
0.0119209
0.0109673
0.0109673
0.0121593
0.0119209
0.0121593
0.0121593
0.0119209
0.0109673
0.0109673
0.0119209
0.0121593
0.0109673
0.0109673
0.0119209
0.0119209
0.0119209
0.0109673
0.0109673
0.0119209
0.0121593
0.0109673
0.0119209
0.0121593
0.0119209
0.0121593
0.0119209
0.0119209
0.0121593
0.0119209
0.0112057
0.0109673
0.0112057
0.0119209
0.0119209
0.0109673
0.0109673
0.0121593
0.0119209
0.0119209
0.0119209
0.0119209
0.0119209
0.0128746
0.0121593
0.0119209
0.0119209
0.0109673
0.0119209
0.0109673
0.0119209
0.0119209
0.0121593
0.0119209
0.0121593
0.0119209
0.0109673
0.0119209
0.0119209
0.0121593
0.0119209
0.0121593
0.0119209
0.0119209
0.0121593
0.0119209
0.0121593
0.0109673
0.0119209
0.0119209
0.0119209
0.0121593
0.0109673
0.0119209
0.0119209
0.0119209
0.0121593
0.0119209
0.0121593
0.0109673
0.0119209
0.0121593
0.0119209
0.0112057
0.0119209
0.0121593
0.0119209
0.0119209
0.0121593
0.0109673
0.0109673
0.0119209
0.0121593
0.0119209
0.0119209
0.013113
0.0119209
0.0121593
0.0109673
0.0119209
0.0119209
0.0119209
0.0121593
0.0109673
0.0121593
0.0119209
0.0109673
0.0121593
0.0128746
0.0121593
0.0119209
0.0119209
0.0121593
0.0119209
0.0121593
0.0119209
0.0119209
0.0109673
0.0119209
0.0109673
0.0109673
0.013113
0.0119209
0.0109673
0.0121593
0.0119209
0.0119209
0.0121593
0.0119209
0.0119209
0.0119209
0.0128746
0.0121593
0.0109673
0.0119209
0.0119209
0.0119209
0.0121593
0.0119209
0.0109673
0.0121593
0.0119209
0.0119209
0.0121593
0.0119209
0.0119209
0.0121593
0.0119209
0.013113
0.0121593
0.0119209
0.0109673
0.0109673
0.0119209
0.0109673
0.0119209
0.0121593
0.0119209
0.0109673
0.0109673
0.0119209
0.0121593
0.0119209
0.0119209
0.0109673
0.0109673
0.0109673
0.0109673
0.0121593
0.0119209
0.0121593
0.0109673
0.0119209
