56.2279
56.1371
55.9969
55.9289
55.5792
55.315
55.388
55.4252
55.305
55.6428
55.3911
55.4681
55.5329
55.6059
55.994
55.4628
55.521
55.526
55.4469
55.295
55.5031
55.5131
55.3582
55.1791
55.3679
55.557
55.6238
55.14
55.5799
55.8119
55.758
55.346
55.233
55.86
55.9351
55.2261
55.613
55.331
55.341
55.223
55.5131
55.3992
55.2871
55.187
55.495
55.2042
55.3601
55.3942
55.6381
55.0902
55.4261
55.418
55.5689
55.774
55.33
55.3982
55.6791
54.98
55.4838
55.279
55.1901
55.48
55.495
55.4788
55.1059
55.1119
55.7821
55.536
55.491
55.8259
55.4149
55.795
55.6228
55.0079
55.2249
55.125
55.295
55.449
55.3441
55.6171
55.392
55.3319
55.4118
55.4619
55.4481
55.0389
55.3439
55.0671
55.3861
55.64
55.4509
55.1081
55.6381
55.233
55.4399
55.3548
55.284
55.86
55.5089
55.542
55.2881
55.274
55.2261
55.5811
55.429
55.6371
55.773
55.7671
55.8279
55.1889
55.0539
55.5129
55.243
55.8429
55.6581
55.439
55.6939
55.1889
55.2251
55.5439
55.212
55.434
55.501
55.2869
55.7599
55.542
55.5391
55.218
55.7618
55.8929
55.716
55.4411
55.5329
55.4242
55.4581
55.5489
55.7609
55.548
55.3648
55.7189
55.8569
55.8929
55.5041
55.3799
55.7001
55.124
55.778
55.5961
55.4299
55.3989
55.6061
55.4111
55.8491
55.5232
55.465
55.5391
55.4039
55.485
55.3701
55.7158
55.1569
55.536
55.675
55.424
55.3641
55.769
55.104
55.4051
55.7501
55.6731
55.31
55.413
55.5592
55.505
55.3908
55.656
55.0919
55.3939
55.439
55.268
55.4779
55.3
55.0051
55.6049
55.7208
55.681
55.2349
55.223
55.639
55.2769
55.1538
55.7959
55.3968
55.5351
55.4061
55.2502
55.7389
55.2959
55.5818
55.2959
55.5608
55.3491
55.7351
55.5592
55.3291
55.1841
55.3761
55.6591
55.9919
55.6738
55.6579
55.6149
55.392
55.33
55.398
55.5291
55.3291
55.7258
55.151
54.822
55.4271
55.866
55.3498
55.254
55.825
55.171
55.727
55.3641
55.3541
55.3281
55.5701
55.6021
55.5232
55.254
55.413
55.4771
55.8391
55.3708
55.6118
55.8109
55.5069
55.563
55.4318
55.7339
55.3889
55.249
55.203
55.3858
55.2869
55.696
55.1181
55.1641
54.9848
55.413
55.0292
55.403
55.6231
55.7239
55.4869
55.3682
55.3799
55.341
54.9772
55.2931
55.4581
55.5749
55.722
55.737
55.383
55.578
54.7481
55.4881
55.136
55.1751
55.5441
55.5031
55.2502
55.2311
55.475
55.099
55.0809
55.392
55.4371
55.6841
55.4509
55.4061
55.2199
55.429
55.347
55.6209
55.2249
55.3038
55.3761
55.4891
55.2309
55.31
55.7551
55.2111
55.3439
55.362
54.8611
55.6412
55.7911
55.9211
55.8381
55.0952
55.7401
55.371
55.4309
55.5868
55.7621
55.371
55.5508
55.3951
55.3801
55.4991
55.069
55.2371
55.2602
55.7461
55.4242
55.3629
55.1951
55.3069
55.67
55.5582
55.32
55.4531
55.4419
55.7559
55.8469
55.4578
55.3629
55.2258
55.2931
55.3241
55.444
55.7001
55.042
55.2158
55.819
55.4302
55.547
55.568
55.3441
55.3031
55.5961
55.4521
55.516
55.11
55.3279
55.6579
55.5289
55.5899
55.5789
55.3339
55.5639
55.7909
55.3429
55.1279
55.496
55.4061
55.3901
55.588
55.553
55.3539
55.232
55.856
55.881
55.5339
55.3629
55.594
55.299
55.68
55.378
55.2619
55.5589
55.6529
55.3961
55.3651
55.362
55.3489
55.2418
55.474
55.748
55.269
55.577
55.228
55.3882
55.2001
55.481
56.0279
55.1651
55.4812
55.5561
55.675
55.588
55.1381
54.888
55.172
55.15
55.162
55.2561
55.4202
55.455
55.872
55.5198
55.5279
55.12
55.279
55.1281
55.5041
55.5701
56.0009
55.6281
54.975
55.5789
55.5971
55.2979
55.5739
55.4328
55.084
55.4192
55.253
55.5971
55.3889
55.5701
55.2812
55.6252
55.3851
55.7342
55.3939
55.305
55.7089
55.5401
55.418
55.5699
55.589
55.1529
55.3319
55.7551
55.1541
55.1109
55.7349
55.048
55.2962
55.367
55.306
55.7332
55.649
55.3651
55.2092
55.4712
55.3608
55.2061
55.4731
55.4612
55.6221
55.4361
55.7201
55.5682
55.9859
55.1178
55.4829
55.182
55.7082
55.5229
55.361
55.0032
55.479
55.7809
55.661
55.4671
55.3432
55.3901
55.613
55.6788
55.3019
55.196
55.5019
55.5298
55.0339
55.4299
55.5558
55.479
56.0169
55.218
55.6359
55.3961
55.5339
55.227
55.495
55.423
55.264
55.685
55.5508
55.3141
55.2042
55.361
55.4788
55.2769
55.069
55.0458
55.5079
55.4168
55.9819
55.1848
55.2289
55.614
55.649
55.2499
55.5739
55.1901
55.474
55.3062
55.481
55.3691
55.3479
55.4719
55.402
55.3422
55.428
55.6829
55.3749
55.46
55.2499
55.176
55.3579
55.5632
55.4371
55.402
56.041
55.8369
54.919
55.4562
55.5172
55.5701
55.994
55.5871
55.5439
55.732
55.141
54.9681
55.4061
55.8331
55.2258
55.3482
55.907
55.4938
55.2158
55.249
55.2011
55.7079
55.6259
55.3238
55.337
55.258
55.398
55.546
55.4941
55.2831
55.666
55.408
55.2239
55.156
55.3272
55.8071
55.578
55.239
55.0559
55.4638
55.3479
55.419
55.7139
55.6529
55.131
55.7132
55.392
55.541
55.6109
55.1932
55.512
55.5191
55.351
55.6331
55.2812
55.5332
55.4709
55.27
55.011
55.6049
55.5401
55.2518
55.2869
55.6679
55.371
55.167
55.4221
55.4872
55.9421
55.3608
55.346
55.5282
55.546
55.7311
55.3069
55.2719
55.4578
55.2969
55.589
55.645
55.3081
55.3071
55.742
55.687
55.5902
55.305
55.212
55.3071
55.3861
55.9092
55.584
55.244
55.815
55.373
54.8499
55.3389
55.6502
55.6509
55.469
55.5482
55.5429
55.1829
55.1589
55.7301
55.5639
55.625
55.8238
55.3851
55.4552
55.346
55.707
55.6121
55.15
55.737
55.387
55.3792
55.398
55.311
55.563
55.1081
55.589
55.6872
55.4979
55.1951
55.3241
55.886
55.161
55.6161
55.548
55.5561
55.3391
54.9481
55.2011
55.4919
55.6982
55.424
55.562
55.6159
55.393
55.1379
55.227
55.67
55.424
55.3842
55.3761
55.0492
55.0489
55.5849
55.567
55.7981
56.0138
55.1679
55.2039
55.3169
55.3761
55.1519
54.9839
55.202
55.12
55.269
55.2452
55.5861
55.1131
55.1512
55.4841
55.362
55.6121
55.46
55.562
55.4261
55.222
55.377
55.568
55.213
55.3768
55.2721
55.196
55.5968
55.3451
55.764
55.6591
55.3651
55.444
55.4659
55.438
55.15
55.5072
55.2511
55.747
55.6309
54.9269
55.6669
55.8259
55.521
55.7439
55.4118
55.6929
55.635
55.172
55.212
55.357
55.5689
55.3851
55.9442
55.4271
55.865
55.6209
55.4278
55.527
55.681
55.5921
55.6102
55.568
55.511
55.5391
55.742
55.3811
55.8169
55.6512
55.707
55.6121
55.6731
55.3482
55.2781
55.6531
55.4769
55.485
55.0499
54.94
55.6171
55.582
55.439
54.9331
55.486
55.5041
55.655
55.809
55.7179
55.4881
55.83
55.753
55.414
55.6109
55.552
55.155
55.428
56.0238
55.3551
55.238
55.8119
55.4609
55.5921
55.49
55.3341
55.7251
55.2652
55.707
55.2919
55.337
55.6149
55.305
55.217
55.378
55.3849
55.4109
55.125
55.1622
55.331
55.3129
55.3329
55.62
55.685
55.4998
55.577
55.4659
55.727
55.5122
55.016
55.4559
55.5949
55.573
55.542
55.326
55.372
55.7699
56.17
55.3961
55.3529
55.181
55.5508
55.532
55.3279
55.213
55.5689
55.491
55.2311
55.599
54.945
55.285
55.624
55.258
55.4352
55.351
55.5451
55.5079
55.3
55.166
55.49
55.342
55.558
55.3901
55.3751
55.6331
55.4571
55.8031
55.5289
55.6259
55.706
55.8341
55.5191
54.9891
55.8269
55.4328
55.7721
55.4621
55.511
55.3789
55.0039
55.311
55.336
55.295
55.3079
55.5749
55.557
55.16
55.696
55.5921
55.1739
55.135
55.8372
55.2599
55.738
55.145
55.6619
55.85
55.8951
55.634
55.6359
55.856
55.397
55.6931
55.5451
55.016
55.511
55.423
55.4869
55.4559
55.0802
55.275
55.527
55.4929
55.4738
55.6171
55.4972
55.377
55.629
55.794
55.635
55.548
55.3281
55.4821
55.496
55.5949
55.321
55.4872
55.2659
55.1119
55.0079
55.6879
55.5308
55.1939
55.094
55.2061
55.5689
55.66
55.9242
55.3119
55.048
55.6428
55.501
55.1081
55.4609
55.115
55.5871
55.3331
55.3181
55.5861
55.6831
55.548
55.568
55.4998
55.2061
55.3629
55.0148
55.4471
55.666
56.011
55.3648
55.2778
55.675
55.4061
55.2599
55.2051
55.5799
55.553
55.2289
55.649
55.6152
55.6509
55.32
55.4242
54.8341
55.474
55.4969
55.4152
55.809
55.475
54.8532
55.598
55.7702
55.8882
55.474
55.12
55.676
55.4669
55.531
55.3861
55.8622
55.3861
55.275
55.495
55.6221
55.7408
55.4481
55.5182
55.372
55.3479
55.3069
55.6109
55.7389
55.2368
55.3501
55.588
54.9328
55.289
55.428
55.393
55.5341
55.3141
55.125
55.876
55.6428
55.5999
55.3539
55.4779
55.526
55.119
55.248
55.619
