19.522
14.761
14.7769
14.7421
14.7541
14.7529
14.76
14.776
14.7698
14.771
14.7789
14.7629
14.7669
14.7579
14.792
14.7588
14.7479
14.76
14.802
14.771
14.775
14.7991
14.775
14.786
14.7731
14.7409
14.766
14.744
14.7791
14.7791
14.7731
14.7831
14.761
14.7641
14.787
14.745
14.7491
14.7772
14.7672
14.786
14.7479
14.7729
14.77
14.7591
14.7681
14.7729
14.7831
14.755
14.7491
14.7572
14.7681
14.765
14.776
14.78
14.7948
14.7641
14.7681
14.7622
14.7679
14.7719
14.7619
14.7748
14.775
14.7662
14.7791
14.7631
14.797
14.7648
14.7719
14.7629
14.7898
14.7638
14.756
14.7638
14.76
14.7431
14.756
14.76
14.76
14.7471
14.77
14.739
14.77
14.7681
14.7681
14.7848
14.77
14.7729
14.766
14.7722
14.7462
14.771
14.7729
14.7738
14.765
14.76
14.7641
14.7572
14.776
14.7319
14.755
14.7681
14.765
14.766
14.78
14.765
14.786
14.771
14.781
14.78
14.7569
14.7641
14.744
14.7629
14.7519
14.7898
14.782
14.765
14.7781
14.756
14.766
14.7419
14.77
14.7538
14.7481
14.7769
14.756
14.7731
14.7622
14.7719
14.756
14.7669
14.756
14.7469
14.771
14.751
14.7541
14.755
14.761
14.7769
14.745
14.7691
14.7941
14.7598
14.751
14.7789
14.7538
14.75
14.791
14.766
14.7669
14.7469
14.7529
14.7688
14.7738
14.7631
14.7569
14.7579
14.77
14.7791
14.776
14.7469
14.7641
14.782
14.7681
14.7901
14.77
14.77
14.7791
14.76
14.7829
14.7698
14.7541
14.755
14.776
14.766
14.77
14.766
14.766
14.7791
14.745
14.771
14.7681
14.756
14.766
14.755
14.766
14.766
14.775
14.765
14.7829
14.7629
14.7569
14.7891
14.775
14.7698
14.7929
14.776
14.776
14.7531
14.787
14.7679
14.771
14.7781
14.76
14.7669
14.765
14.7638
14.7619
14.755
14.77
14.7419
14.7521
14.7731
14.7481
14.786
14.766
14.7409
14.7851
14.7641
14.775
14.7562
14.7629
14.761
14.7772
14.755
14.7712
14.7569
14.7381
14.7629
14.7679
14.781
14.765
14.7629
14.7738
14.729
14.7481
14.766
14.7519
14.776
14.756
14.765
14.766
14.7841
14.7691
14.7939
14.7719
14.746
14.7669
14.7691
14.7591
14.744
14.7769
14.75
14.745
14.771
14.812
14.7769
14.771
14.7521
14.751
14.7409
14.7569
14.766
14.77
14.7479
14.7641
14.796
14.7662
14.7631
14.7791
14.755
14.7638
14.7779
14.756
14.76
14.7769
14.7679
14.7512
14.745
14.7769
14.7429
14.7591
14.7541
14.751
14.7741
14.7681
14.7669
14.786
14.761
14.775
14.7541
14.7879
14.7748
14.7729
14.7529
14.766
14.7722
14.7491
14.771
14.7829
14.7688
14.7429
14.7641
14.76
14.7681
14.787
14.7679
14.7829
14.7469
14.775
14.78
14.7681
14.797
14.7851
14.771
14.7591
14.7619
14.7598
14.7619
14.782
14.7629
14.7519
14.7629
14.7748
14.7569
14.765
14.7769
14.734
14.7591
14.7831
14.771
14.786
14.7521
14.7691
14.755
14.7531
14.7791
14.7941
14.76
14.7579
14.765
14.766
14.77
14.766
14.7741
14.7882
14.791
14.7779
14.7669
14.765
14.7769
14.7572
14.77
14.7548
14.7579
14.75
14.7581
14.7841
14.745
14.7369
14.7669
14.771
14.76
14.7779
14.7569
14.7741
14.761
14.7581
14.7569
14.7691
14.7719
14.7619
14.7581
14.766
14.782
14.7722
14.7641
14.76
14.7579
14.7369
14.771
14.787
14.74
14.744
14.7679
14.7722
14.766
14.7841
14.7722
14.7791
14.761
14.76
14.766
14.765
14.765
14.7581
14.76
14.7531
14.7612
14.766
14.7748
14.755
14.7791
14.7731
14.7669
14.7641
14.756
14.7829
14.7662
14.745
14.771
14.7481
14.7829
14.775
14.776
14.7519
14.7669
14.7729
14.7779
14.7779
14.7779
14.771
14.787
14.7588
14.7779
14.7519
14.7719
14.77
14.739
14.7729
14.7429
14.7619
14.7779
14.761
14.7681
14.771
14.7481
14.7481
14.7791
14.756
14.7848
14.771
14.7481
14.7541
14.765
14.7569
14.7929
14.7579
14.755
14.78
14.7572
14.7519
14.7519
14.7851
14.7798
14.766
14.745
14.7719
14.7779
14.7562
14.7719
14.7789
14.7669
14.7901
14.756
14.7591
14.8001
14.7512
14.7569
14.7579
14.761
14.7879
14.7638
14.7729
14.766
14.7731
14.781
14.765
14.7631
14.745
14.7381
14.739
14.776
14.7829
14.7669
14.796
14.7719
14.751
14.771
14.7638
14.7688
14.7719
14.782
14.76
14.7591
14.765
14.755
14.7469
14.75
14.766
14.7719
14.7922
14.766
14.7641
14.7591
14.755
14.7769
14.7741
14.7781
14.781
14.76
14.786
14.77
14.7779
14.7688
14.7431
14.755
14.771
14.7588
14.7638
14.766
14.755
14.771
14.7662
14.77
14.7669
14.74
14.7831
14.78
14.7481
14.7729
14.7638
14.7729
14.7588
14.751
14.766
14.7679
14.775
14.7731
14.771
14.765
14.7822
14.761
14.776
14.7512
14.761
14.77
14.786
14.7669
14.7839
14.751
14.7679
14.76
14.7381
14.7541
14.7491
14.7781
14.786
14.7698
14.745
14.775
14.7579
14.7989
14.7588
14.791
14.7669
14.7879
14.7519
14.7719
14.7719
14.776
14.7848
14.7679
14.7779
14.766
14.766
14.7781
14.7369
14.7381
14.7541
14.7791
14.7641
14.7722
14.7669
14.76
14.7479
14.7738
14.7779
14.7719
14.751
14.7531
14.7572
14.7719
14.7729
14.7529
14.771
14.7431
14.765
14.7529
14.7619
14.7741
14.7669
14.7529
14.7779
14.802
14.7588
14.7829
14.7929
14.76
14.7769
14.7941
14.751
14.76
14.7729
14.776
14.7462
14.751
14.7729
14.7491
14.7901
14.761
14.775
14.7622
14.7831
14.75
14.7941
14.7901
14.765
14.7691
14.791
14.7681
14.7641
14.7531
14.7791
14.7562
14.7359
14.7619
14.7879
14.745
14.7791
14.7951
14.7529
14.771
14.7519
14.7479
14.7829
14.775
14.765
14.787
14.766
14.7631
14.7851
14.751
14.7429
14.766
14.7529
14.77
14.7619
14.7679
14.756
14.751
14.7679
14.756
14.776
14.766
14.7688
14.766
14.7791
14.755
14.776
14.7588
14.756
14.7791
14.7731
14.7419
14.7581
14.7612
14.7891
14.7681
14.7781
14.766
14.7789
14.7679
14.7901
14.76
14.792
14.7488
14.7719
14.7679
14.7839
14.7839
14.781
14.755
14.7569
14.8029
14.7772
14.7729
14.7491
14.7519
14.766
14.7789
14.7579
14.77
14.766
14.756
14.7781
14.7541
14.7889
14.76
14.765
14.766
14.7622
14.7822
14.77
14.7541
14.7669
14.791
14.7631
14.7481
14.765
14.7741
14.7722
14.7619
14.7519
14.756
14.744
14.75
14.756
14.7741
14.7648
14.771
14.7741
14.776
14.7779
14.755
14.75
14.74
14.7681
14.7431
14.7531
14.7748
14.7829
14.7479
14.8039
14.7851
14.761
14.801
14.792
14.76
14.775
14.7562
14.761
14.786
14.7491
14.7772
14.7769
14.761
14.755
14.7591
14.7622
14.7541
14.7581
14.7731
14.76
14.781
14.7882
14.77
14.7738
14.7729
14.7822
14.7491
14.761
14.7641
14.781
14.756
14.755
14.7641
14.7672
14.766
14.7591
14.7619
14.7619
14.7839
14.766
14.76
14.765
14.776
14.76
14.7598
14.761
14.77
14.7619
14.7669
14.7738
14.7688
14.7638
14.7569
14.75
14.77
14.775
14.751
14.7519
14.7872
14.7641
14.7831
14.7851
14.7691
14.765
14.7879
14.7588
14.7769
14.7462
14.776
14.761
14.7741
14.751
14.77
14.775
14.7672
14.766
14.755
14.7791
14.7481
14.776
14.761
14.7469
14.7588
14.771
14.77
14.751
14.786
14.765
14.77
14.7829
14.7371
14.776
14.775
14.766
14.7541
14.756
14.7638
14.7519
14.7738
14.7719
14.797
14.751
14.78
14.765
14.7469
14.7662
14.751
14.7901
14.7841
14.76
14.766
14.7691
14.7591
14.75
14.7429
14.75
14.765
14.7741
14.7569
14.755
14.7469
14.7729
14.7491
14.771
14.7798
14.761
14.761
14.7631
14.786
14.7648
14.76
14.7631
14.765
14.7688
14.751
14.7638
14.77
14.775
14.77
14.766
14.7662
14.78
14.771
14.755
14.7481
14.755
14.7588
14.776
14.7531
14.7402
14.7729
14.776
14.7588
14.7591
14.7691
14.7712
14.7851
14.7681
14.7591
14.782
14.77
14.786
14.7691
14.7731
14.756
14.786
14.76
14.7719
14.765
14.802
14.7562
14.802
14.7629
14.7629
14.7679
14.7741
14.796
14.7681
14.7879
14.7581
14.7769
14.756
14.751
14.745
14.7631
14.7791
14.787
14.7641
14.77
14.776
14.7791
14.786
14.7669
14.7769
14.75
14.7691
14.7829
14.7529
14.766
14.7562
14.765
14.7531
14.781
14.761
14.7762
14.775
14.746
14.744
14.781
14.7419
14.7638
14.7538
14.7531
14.7939
14.7519
14.76
14.7631
14.7591
14.7839
14.77
14.782
14.751
14.7471
14.7741
14.776
14.7769
14.7531
14.7431
14.7741
14.7741
14.7679
14.775
14.7719
14.74
14.7579
14.7672
14.7722
14.751
14.7629
14.7579
14.7541
14.76
14.7769
14.7581
14.7738
14.7929
14.781
14.761
14.771
14.7669
14.7891
14.7591
14.7519
14.7738
14.78
