0.00000000000000000000000000000000
0.01706572435796260833740234375000
0.03413144871592521667480468750000
0.05119717866182327270507812500000
0.06826289743185043334960937500000
0.08532862365245819091796875000000
0.10239435732364654541015625000000
0.11946007609367370605468750000000
0.13652579486370086669921875000000
0.15359152853488922119140625000000
0.17065724730491638183593750000000
0.18772296607494354248046875000000
0.20478871464729309082031250000000
0.22185443341732025146484375000000
0.23892015218734741210937500000000
0.25598588585853576660156250000000
0.27305158972740173339843750000000
0.29011732339859008789062500000000
0.30718305706977844238281250000000
0.32424876093864440917968750000000
0.34131449460983276367187500000000
0.35838019847869873046875000000000
0.37544593214988708496093750000000
0.39251166582107543945312500000000
0.40957742929458618164062500000000
0.42664313316345214843750000000000
0.44370886683464050292968750000000
0.46077457070350646972656250000000
0.47784030437469482421875000000000
0.49490603804588317871093750000000
0.51197177171707153320312500000000
0.52903747558593750000000000000000
0.54610317945480346679687500000000
0.56316894292831420898437500000000
0.58023464679718017578125000000000
0.59730035066604614257812500000000
0.61436611413955688476562500000000
0.63143181800842285156250000000000
0.64849752187728881835937500000000
0.66556328535079956054687500000000
0.68262898921966552734375000000000
0.69969469308853149414062500000000
0.71676039695739746093750000000000
0.73382616043090820312500000000000
0.75089186429977416992187500000000
0.76795756816864013671875000000000
0.78502333164215087890625000000000
0.80208903551101684570312500000000
0.81915485858917236328125000000000
0.83622056245803833007812500000000
0.85328626632690429687500000000000
0.87035202980041503906250000000000
0.88741773366928100585937500000000
0.90448343753814697265625000000000
0.92154914140701293945312500000000
0.93861490488052368164062500000000
0.95568060874938964843750000000000
0.97274631261825561523437500000000
0.98981207609176635742187500000000
1.00687777996063232421875000000000
1.02394354343414306640625000000000
1.04100918769836425781250000000000
1.05807495117187500000000000000000
1.07514071464538574218750000000000
1.09220635890960693359375000000000
1.10927212238311767578125000000000
1.12633788585662841796875000000000
1.14340353012084960937500000000000
1.16046929359436035156250000000000
1.17753505706787109375000000000000
1.19460070133209228515625000000000
1.21166646480560302734375000000000
1.22873222827911376953125000000000
1.24579787254333496093750000000000
1.26286363601684570312500000000000
1.27992939949035644531250000000000
1.29699504375457763671875000000000
1.31406080722808837890625000000000
1.33112657070159912109375000000000
1.34819233417510986328125000000000
1.36525797843933105468750000000000
1.38232374191284179687500000000000
1.39938938617706298828125000000000
1.41645514965057373046875000000000
1.43352079391479492187500000000000
1.45058667659759521484375000000000
1.46765232086181640625000000000000
1.48471808433532714843750000000000
1.50178372859954833984375000000000
1.51884949207305908203125000000000
1.53591513633728027343750000000000
1.55298101902008056640625000000000
1.57004666328430175781250000000000
1.58711242675781250000000000000000
1.60417807102203369140625000000000
1.62124383449554443359375000000000
1.63830971717834472656250000000000
1.65537536144256591796875000000000
1.67244112491607666015625000000000
1.68950676918029785156250000000000
1.70657253265380859375000000000000
