130.49
123.527
126.037
126.308
126.126
122.539
125.189
127.012
126.783
122.408
122.136
113.109
113.043
112.938
110.95
111.544
113.515
113.541
113.045
112.086
113.337
115.421
113.384
112.86
115.209
116.103
116.077
114.311
114.451
114.917
114.092
114.099
111.176
111.063
112.157
112.387
112.483
109.627
111.122
112.501
112.634
113.515
113.343
113.129
113.045
113.164
113.218
111.415
109.787
105.968
105.475
105.602
105.628
101.487
101.81
101.802
103.688
103.464
102.783
101.57
106.105
105.971
106.356
103.832
103.979
104.164
105.068
104.183
103.805
104.576
105.727
106.063
106.497
104.571
105.337
103.567
103.733
105.045
104.79
104.779
104.373
104.39
105.359
104.749
104.685
102.964
102.778
104.16
104.087
105.63
106.418
106.364
105.207
104.706
106.136
106.223
105.92
104.302
104.265
106.663
