15.4212
15.2779
15.3
15.3079
15.3041
15.2912
15.281
15.2841
15.2731
15.2941
15.2888
15.2869
15.2829
15.3
15.2988
15.296
15.275
15.29
15.2938
15.291
15.2848
15.321
15.305
15.281
15.305
15.3081
15.31
15.3022
15.29
15.285
15.2922
15.2781
15.286
15.286
15.3069
15.2762
15.3019
15.2981
15.276
15.29
15.3151
15.2941
15.2979
15.3139
15.2769
15.295
15.3019
15.2922
15.306
15.3081
15.326
15.274
15.2879
15.275
15.2941
15.285
15.3151
15.3039
15.2981
15.2671
15.3
15.2919
15.2969
15.2872
15.2872
15.286
15.2891
15.306
15.2988
15.2869
15.2941
15.295
15.2779
15.285
15.2891
15.2872
15.2831
15.28
15.2919
15.28
15.2829
15.2919
15.3129
15.2912
15.2988
15.301
15.2879
15.3
15.2922
15.2969
15.2869
15.316
15.286
15.296
15.2991
15.281
15.2872
15.2869
15.286
15.28
15.2872
15.2831
15.2891
15.312
15.2829
15.2781
15.301
15.2831
15.296
15.3069
15.3069
15.2969
15.321
15.286
15.3151
15.2881
15.2841
15.3091
15.2781
15.296
15.2891
15.286
15.2948
15.305
15.285
15.2872
15.2938
15.2981
15.2881
15.2869
15.3041
15.2891
15.2841
15.2891
15.2879
15.291
15.2979
15.2969
15.2881
15.286
15.2791
15.2922
15.3031
15.28
15.281
15.2929
15.2862
15.2919
15.2872
15.2881
15.2872
15.291
15.295
15.2938
15.306
15.286
15.27
15.3012
15.2929
15.3139
15.27
15.2931
15.275
15.2781
15.2931
15.274
15.291
15.2872
15.3031
15.2929
15.2819
15.2791
15.285
15.2819
15.296
15.296
15.29
15.3022
15.2769
15.28
15.2841
15.286
15.291
15.2988
15.2819
15.301
15.2938
15.2841
15.2819
15.301
15.3069
15.275
15.2879
15.2671
15.28
15.2769
15.2998
15.2991
15.285
15.2841
15.295
15.3
15.3031
15.2862
15.3019
15.2938
15.3131
15.2838
15.2919
15.2729
15.2979
15.2929
15.274
15.301
15.2929
15.2771
15.3019
15.2879
15.2831
15.296
15.2929
15.2862
15.2771
15.2931
15.291
15.2271
15.2869
15.2941
15.2922
15.2919
15.3
15.31
15.3
15.3
15.2969
15.301
15.3172
15.2929
15.3089
15.291
15.2791
15.2731
15.3
15.2869
15.2881
15.2869
15.285
15.2771
15.312
15.276
15.274
15.291
15.296
15.3
15.2912
15.2919
15.281
15.286
15.2819
15.2819
15.3
15.2822
15.276
15.28
15.2872
15.2891
15.296
15.312
15.285
15.3
15.2771
15.276
15.285
15.2841
15.295
15.301
15.2941
15.295
15.295
15.2962
15.31
15.2869
15.311
15.285
15.3
15.275
15.285
15.29
15.31
15.291
15.3151
15.2891
15.2881
15.28
15.3029
15.2872
15.2912
15.296
15.3029
15.2991
15.296
15.2819
15.2891
15.275
15.2988
15.3029
15.301
15.2719
15.305
15.2929
15.2919
15.296
15.2769
15.2819
15.296
15.2841
15.2879
15.2841
15.295
15.269
15.2972
15.2969
15.285
15.275
15.28
15.301
15.2938
15.2962
15.28
15.2791
15.2969
15.2812
15.296
15.29
15.3029
15.3029
15.29
15.2941
15.301
15.31
15.305
15.301
15.3081
15.2822
15.2831
15.286
15.3031
15.3031
15.2991
15.2941
15.2841
15.2841
15.2929
15.295
15.296
15.29
15.291
15.3091
15.2969
15.2948
15.2979
15.2879
15.2769
15.2922
15.2879
15.2819
15.2979
15.291
15.281
15.3069
15.2969
15.301
15.28
15.2998
15.305
15.2891
15.2888
15.3031
15.2979
15.3098
15.311
15.3041
15.275
15.2731
15.2891
15.29
15.2872
15.2931
15.2991
15.2829
15.29
15.2919
15.29
15.29
15.29
15.2822
15.286
15.2969
15.2669
15.2869
15.2829
15.301
15.306
15.2869
15.2841
15.305
15.3079
15.2881
15.291
15.291
15.264
15.2819
15.2822
15.301
15.2769
15.2929
15.274
15.281
15.296
15.2972
15.2881
15.3
15.2891
15.2841
15.2941
15.276
15.286
15.2931
15.3129
15.2941
15.2879
15.2929
15.3089
15.281
15.2719
15.2819
15.2881
15.29
15.301
15.285
15.2941
15.305
15.306
15.286
15.29
15.296
15.2891
15.3041
15.3029
15.286
15.2712
15.2931
15.3
15.2841
15.2841
15.28
15.291
15.2872
15.3041
15.301
15.29
15.291
15.2791
15.2929
15.2831
15.2938
15.28
15.281
15.2969
15.29
15.312
15.327
15.2781
15.2991
15.2781
15.295
15.3022
15.2919
15.2929
15.2929
15.29
15.2969
15.2781
15.2791
15.2941
15.2888
15.2991
15.296
15.2879
15.3039
15.311
15.2872
15.285
15.3182
15.276
15.3
15.27
15.2888
15.29
15.2881
