26.273
26.9351
26.824
28.3182
26.3951
26.69
26.788
26.8681
26.336
26.4781
26.119
25.578
26.4249
26.5019
25.9931
26.5491
26.3991
26.2201
26.1071
26.5269
26.86
26.381
26.3441
26.4578
25.923
26.623
26.216
26.298
26.593
26.495
26.14
25.7299
26.001
26.4089
26.9048
26.2949
26.8869
25.6672
26.3591
26.896
26.618
25.3968
26.3729
26.736
26.345
26.4242
26.844
26.062
26.593
26.4101
26.747
26.6409
26.824
26.371
26.5019
26.5641
26.2449
26.484
26.5889
26.1629
26.876
25.712
26.171
25.6341
25.399
26.2971
25.8391
26.5751
26.495
25.6991
26.366
26.4168
26.7661
25.502
26.1018
26.403
26.7379
25.12
26.7761
26.741
25.8279
26.325
25.4869
26.9229
26.1419
26.9861
26.9108
26.135
26.5958
26.547
25.6979
25.43
26.6559
26.134
26.8412
26.3791
26.1052
26.078
26.4821
27.1859
25.6131
26.0739
25.928
26.5498
26.273
26.2542
25.6569
26.8502
26.6192
26.0081
25.7728
25.861
26.041
26.526
26.5729
25.907
26.5322
26.607
26.4258
26.3829
26.4518
26.5551
25.7452
26.078
25.806
26.459
26.4871
26.4878
26.2349
25.984
27.6148
26.8021
26.1929
25.8889
25.9299
26.226
26.8581
25.4021
26.624
26.2289
25.4071
26.546
26.4771
26.9692
26.4249
26.3319
26.3009
26.804
26.288
25.5458
26.1941
26.5691
25.739
26.273
25.651
26.603
26.835
25.929
26.264
26.381
25.6581
26.973
26.1838
25.249
25.867
26.5679
26.3691
26.5422
26.3731
27.4849
26.3441
26.3011
26.439
26.1738
26.402
25.84
26.4592
26.408
25.9759
26.603
26.5701
26.155
26.71
26.9339
26.8409
26.6879
26.1929
26.448
25.569
25.81
26.839
25.8489
26.788
25.902
26.6709
26.515
26.5069
26.309
25.9371
26.1111
26.2139
26.638
25.928
26.511
25.6789
26.248
26.3329
26.469
27.302
26.325
26.7611
26.026
26.221
26.6221
25.6338
27.0419
26.5968
26.3381
25.8951
26.4049
26.9139
26.51
26.588
26.6359
26.6659
26.8869
26.6061
25.784
25.6879
25.2938
25.8069
26.7398
27.0069
26.2659
25.2769
26.696
26.443
26.037
26.5541
26.8102
26.9079
26.763
26.6631
26.5472
26.5329
25.924
26.2399
26.0968
26.274
26.6109
26.3019
26.6559
26.2339
26.572
26.818
26.125
25.7058
26.099
26.1841
25.6691
26.5281
26.114
26.4111
26.592
26.0792
26.2558
26.9558
25.8901
26.1259
26.1018
26.324
26.1722
26.305
26.634
26.8569
26.423
26.7859
26.6821
26.787
26.9821
25.9161
26.072
26.484
25.8579
26.5892
26.849
26.818
26.6161
26.639
26.3581
26.4189
25.991
25.9831
26.876
26.8719
26.572
26.3021
25.9681
26.83
26.438
26.0792
26.474
26.871
25.6829
26.7282
26.8641
26.474
25.701
25.562
25.2199
25.805
25.8961
26.1421
26.5419
26.484
26.0129
25.9039
24.9529
26.232
26.454
26.685
26.746
26.7682
26.891
25.8009
25.809
26.3679
26.7329
26.4831
26.7589
26.3951
26.216
26.3629
25.8901
26.2182
26.1402
26.1681
26.4521
26.8569
26.341
26.046
26.6609
26.6681
26.4831
26.4561
26.6891
26.6991
25.8369
26.4161
26.8781
26.14
25.491
26.17
25.1851
26.1221
26.546
26.5701
26.7532
26.66
26.7699
26.021
26.6359
26.6638
26.0239
26.4759
26.274
25.8961
25.8961
26.648
26.8049
26.3579
26.01
27.3762
26.3271
26.089
25.8019
26.7169
26.3121
26.3309
25.8789
26.763
26.912
26.2861
26.0282
26.5732
26.4459
26.0532
25.959
26.4299
25.754
26.2201
26.3581
26.8431
26.6261
26.232
26.8149
26.392
26.144
26.618
26.4602
26.5679
26.335
26.4559
26.8891
26.3891
26.649
26.2949
26.2311
26.4549
26.31
26.161
26.372
26.2952
25.883
26.628
26.4452
26.412
26.1621
26.2921
26.7141
26.787
26.458
26.9351
25.5551
25.8241
25.815
26.3448
25.836
26.813
26.2032
26.4552
27.292
26.6979
26.3619
26.8881
26.3999
26.907
26.473
26.5191
27.0581
28.348
26.72
26.6869
26.4161
26.248
26.252
26.2289
26.2141
26.1102
25.9011
25.569
26.6411
26.448
25.557
26.8879
25.779
25.789
26.5131
26.3121
26.2151
27.2841
26.9339
26.2899
26.3159
26.8509
25.589
26.6979
26.5121
26.2361
26.34
26.566
25.8422
27.7071
26.037
25.8489
26.3491
26.2079
26.257
26.783
26.8102
26.7069
26.5899
26.298
26.4449
26.351
27.065
26.7069
26.6562
26.4361
26.5901
25.7618
26.423
26.2671
26.54
26.4571
26.335
26.1378
26.2492
26.572
26.6309
