11.0579
11.1761
11.1189
10.9961
11.0049
11.1971
10.8118
11.2102
10.9081
10.9539
11.2269
11.111
11.2829
11.0812
11.0519
11.21
11.1589
11.0478
10.946
11.153
11.142
11.1899
11.224
11.0002
11.2941
11.0171
11.2982
11.0431
11.127
11.286
10.9708
11.1401
11.0521
11.0481
11.2331
11.0021
11.0319
11.0679
11.097
11.245
11.3311
11.0419
10.968
11.0829
11.116
11.1129
10.8981
11.0559
11.0381
11.286
11.0819
11.354
11.163
11.0879
11.0779
11.322
11.2221
11.1501
11.0321
11.0948
10.9279
11.3049
11.0712
11.2519
11.055
11.054
11.2541
11.075
11.225
10.9999
11.2569
11.184
11.158
11.122
10.987
11.0972
11.282
11.3189
11.2739
10.9129
11.272
11.0438
11.059
11.126
11.2939
11.312
11.004
11.215
11.2171
11.3151
10.8781
10.9251
10.8211
11.0991
10.828
11.194
11.158
11.2462
11.03
11.2021
11.1191
11.138
11.076
11.0121
11.3211
10.9792
11.167
10.9689
11.152
10.7832
11.0521
11.0521
11.0309
11.08
11.157
10.9191
11.0941
11.0571
11.107
11.2479
11.035
11.158
11.1811
10.9758
11.2009
11.065
11.1639
11.0002
11.3089
11.1821
11.302
11.3471
11.3089
10.8049
11.2839
11.157
11.1749
10.993
11.1752
11.194
11.3001
11.2979
11.287
11.0831
11.06
10.989
10.9999
11.1892
11.081
11.0428
10.967
11.1411
11.2669
11.0209
11.1909
11.2529
11.039
11.272
10.915
11.245
10.9661
11.236
11.2898
11.1771
11.183
10.9742
11.2939
11.2209
11.0419
11.2481
11.0712
10.782
11.061
11.169
11.0419
11.3258
11.2801
11.0211
11.0209
11.2569
10.8471
11.2739
11.2481
11.1129
10.9181
11.117
11.0641
11.2789
11.1461
10.9541
11.2021
10.8881
11.2002
11.1518
11.2779
11.07
11.0319
11.1361
11.107
11.2109
11.097
10.9439
11.101
10.977
11.1561
10.9351
11.23
11.0378
11.1029
11.0109
11.1542
11.189
11.096
10.9451
11.1711
11.0531
11.004
10.926
10.9029
11.3449
10.8111
10.946
11.3301
11.2329
11.06
10.8011
11.127
11.2488
10.9849
11.097
11.3769
11.2288
11.2019
11.2431
11.2619
11.0369
11.045
11.2782
11.1279
11.301
11.0321
11.1041
11.023
10.792
10.9789
10.859
11.158
11.0841
11.198
11.169
10.9751
11.2591
10.8871
10.993
11.1849
11.2841
11.0731
11.023
11.0409
11.1182
11.343
10.999
11.2591
11.142
11.225
11.2681
11.1401
11.1001
11.3242
11.2879
11.019
11.029
11.3418
11.3001
11.039
10.8891
10.987
11.2741
11.0099
11.0559
10.977
10.9761
11.0819
11.174
11.2271
11.2162
11.0819
11.2112
11.2309
11.22
11.127
11.292
11.246
11.2541
10.7999
11.0872
11.0281
10.993
10.9499
11.1539
11.198
11.2729
11.1361
10.9749
11.2479
11.2939
11.0559
11.0421
11.225
10.9899
11.2312
11.2379
11.1389
11.076
11.209
11.035
11.1389
11.0691
11.1589
11.342
11.1458
11.0991
11.2321
11.132
10.8531
10.7749
11.045
11.1308
11.3101
11.152
11.0831
11.03
11.023
11.096
11.0741
10.7889
11.0829
11.0569
10.7489
11.1871
11.0211
11.307
11.0729
11.198
11.1001
11.034
10.9551
11.013
11.1129
11.302
11.0021
11.2112
10.9041
10.8011
11.111
11.066
11.2669
11.2102
11.07
11.039
10.9921
11.142
11.1251
11.116
10.9632
11.174
11.0159
10.8211
11.0779
11.0478
11.1749
10.973
11.0402
11.0769
11.1721
11.0531
11.332
10.9689
11.1191
11.255
10.9248
11.1089
11.219
11.2121
11.0981
11.0869
11.024
10.864
11.2939
11.2798
11.0681
10.8058
11.1179
10.988
11.277
11.3292
11.0998
11.219
11.373
11.0281
11.071
11.2159
11.034
11.054
11.097
11.1771
11.0052
10.8099
11.0779
11.2
11.071
10.865
11.194
11.0512
11.0719
10.8991
10.9971
11.091
11.0569
10.962
11.0781
11.0202
11.3931
11.327
11.065
11.2381
11.0669
10.776
10.9761
11.0972
11.174
11.297
11.2112
11.1871
11.0271
11.23
11.2309
11.2689
11.0259
10.9379
11.0509
11.3509
11.2121
11.0519
11.2531
11.25
11.168
11.081
11.0281
10.972
11.261
11.2259
11.2929
11.1442
10.7491
11.2472
10.8271
11.235
11.0998
11.2269
11.081
11.0581
11.07
11.205
10.9632
11.1601
10.9489
11.302
11.3149
11.271
11.272
11.3192
11.0929
10.9439
11.1279
10.9451
11.0049
10.8569
11.0781
11.0779
11.183
11.0459
11.024
10.771
11.194
11.265
10.9839
11.199
10.8609
10.7932
11.133
11.4331
11.0641
11.2481
11.1389
11.147
11.08
11.1439
10.946
11.255
