10.7951
11.189
10.89
11.0629
10.884
10.8688
11.0121
10.8409
10.89
10.813
10.922
10.9172
10.9921
11.0731
11.0071
11.1101
11.0679
11.035
10.8991
10.7861
10.8988
11.0919
11.1349
11.0459
10.9148
11.008
11.153
10.936
11.0271
11.2009
10.875
10.9739
11.0869
11.0478
10.9301
11.1809
10.9549
10.9499
11.133
10.849
10.695
10.88
11.1439
10.8809
10.8609
11.066
11.0641
10.776
11.112
10.9229
10.74
10.848
10.906
11.179
10.905
11.0519
10.8449
10.8559
11.147
11.0071
11.045
10.9348
11.003
11.061
11.065
11.0588
10.6549
10.9141
10.911
10.9339
11.0879
10.874
10.9072
10.952
10.963
10.9069
10.968
11.1921
10.956
10.9489
11.018
10.6711
10.865
10.7379
10.895
10.807
11.061
10.88
10.8111
10.627
10.9682
11.142
11.0679
10.788
10.8459
10.6652
11.065
10.9029
10.8769
10.6709
11.1439
10.9949
10.8991
10.6571
10.916
10.982
11.1291
11.0111
11.0872
10.849
11.081
11.2221
10.9119
10.988
11.0509
10.936
10.86
11.1001
11.0469
10.8688
11.1389
11.097
10.977
10.8411
10.9491
11.019
10.9589
10.8731
10.756
10.9761
10.9639
10.7269
10.778
11.096
11.23
10.8879
10.9241
10.9601
11.096
10.9282
10.833
10.973
10.798
11.076
11.0159
10.8781
10.952
11.09
10.9251
11.0679
10.9351
11.0841
11.199
11.0171
11.1771
11.0068
10.839
11.0309
10.915
10.8109
11.2021
11.1449
10.931
11.0369
11.0679
11.1761
11.003
10.8199
10.7379
10.6668
10.911
10.8061
11.0641
11.0559
10.9041
10.8161
10.859
10.9239
11.1649
10.8728
10.9611
10.8781
11.126
10.8349
10.9251
10.6311
11.1601
10.854
10.859
10.9639
10.8581
10.8311
11.1282
11.1799
10.9808
10.963
10.8249
10.977
10.848
11.137
10.875
11.076
10.982
11.1239
10.901
10.972
11.0478
11.034
11.0002
10.973
11.163
10.8831
11.0412
10.6761
11.131
10.7882
10.9041
11.1079
11.0469
11.0331
11.1048
10.8171
11.0629
10.849
11.0071
10.972
10.947
10.9599
11.1229
10.968
11.2209
10.8428
11.1651
10.8931
11.0011
11.0571
10.838
10.9019
10.926
11.07
10.6401
10.9851
10.967
10.8418
10.752
11.2441
11.0989
11.0879
10.9739
11.0462
11.0128
11.1179
10.8609
10.8259
11.0638
10.87
11.066
11.025
10.8721
10.9289
10.653
11.04
10.9899
10.8922
10.664
11.1349
10.7338
10.839
10.982
10.946
10.885
11.0328
10.9341
10.8552
10.972
11.0028
10.922
10.9608
10.905
11.2031
10.813
11.1001
10.844
10.8788
10.7288
10.978
11.132
11.066
10.937
10.9801
10.7841
11.0021
10.9422
10.884
11.1282
10.977
11.018
10.808
10.8788
11.008
10.9551
11.1649
10.9391
11.1032
10.8659
10.91
10.983
11.066
11.024
10.7529
11.0989
11.0559
11.097
10.9429
11.0681
11.0841
10.9301
10.931
11.05
10.9169
11.1139
11.0369
11.018
11.0159
11.2469
10.9379
10.9251
10.8659
10.9069
10.9251
11.044
10.9529
10.972
11.0121
10.8929
11.101
11.121
10.9608
10.8292
11.1129
11.0409
10.973
10.8461
11.055
10.993
10.85
10.7889
10.6368
10.7388
10.8361
10.9639
10.988
10.8681
10.8101
10.906
11.1241
11.1201
11.0412
10.824
10.8941
11.081
10.879
10.8829
10.88
11.0819
10.956
10.8821
10.824
10.957
10.9749
10.8719
10.8879
10.9179
10.7839
11.116
10.653
10.663
11.1389
11.1179
10.6509
11.0669
11.153
11.0741
11.081
11.049
10.905
11.0531
10.896
10.9801
10.998
10.9758
10.6258
11.0261
10.8681
11.044
10.87
11.0691
10.9942
10.8681
11.1561
10.7892
10.915
10.8049
11.1189
10.9639
11.0331
11.024
11.0662
10.8781
11.076
11.1492
10.8421
11.1451
10.711
10.956
10.993
10.772
10.983
11.0781
11.1251
11.1501
10.9861
10.8101
10.89
11.05
10.6621
11.143
10.8931
10.6518
10.6809
11.054
10.9699
10.91
11.061
10.901
11.008
10.916
11.085
10.8581
10.962
10.9539
11.0788
10.9341
10.896
10.8719
11.132
10.86
11.169
10.7729
11.0581
11.1291
10.88
11.0662
10.9949
11.0421
10.8271
10.9029
11.1139
11.1201
11.0891
10.8941
10.8938
10.7639
10.8249
11.076
11.0471
11.065
10.952
10.7839
10.8838
11.023
10.891
11.2791
11.086
11.2219
10.9341
10.879
11.0788
10.9222
10.8249
11.224
11.1279
11.0221
10.9601
10.8089
10.9861
11.2212
10.849
10.9658
10.8519
11.219
10.8449
10.9351
11.0281
10.6151
11.167
11.0691
11.1051
11.0519
11.194
