208.468
200.176
201.043
201.136
193.635
188.571
188.317
187.936
190.873
187.321
188.607
189.63
189.36
188.273
189.899
189.736
188.005
190.362
189.507
189.766
189.44
188.517
189.291
188.298
185.346
183.951
179.172
179.662
178.277
179.604
180.148
179.48
179.248
179.03
179.667
178.382
178.73
179.051
178.493
179.277
179.535
179.247
179.121
178.837
179.105
179.153
179.549
179.143
179.079
179.38
179.552
179.19
179.252
178.942
179.248
179.332
179.52
178.954
178.886
179.257
178.944
179.415
179.28
178.722
179.002
179.168
179.547
179.687
179.242
179.017
179.224
178.851
179.235
179.325
179.224
179.23
179.26
178.273
179.18
178.831
179.38
179.102
178.427
178.606
179.316
178.586
179.169
178.662
179.098
179.17
178.99
178.845
178.885
179.421
178.943
179.134
178.719
178.778
179.246
179.036
