174.026
150.346
149.165
149.111
148.701
148.794
148.368
149.281
148.891
148.584
148.767
148.476
148.639
149.111
148.158
148.34
147.747
147.995
148.997
148.761
148.582
148.499
148.237
148.409
148.078
148.164
148.19
148.356
148.469
148.715
148.79
148.336
148.599
148.052
148.42
148.539
148.308
148.291
148.467
148.383
147.927
148.14
148.383
148.14
148.31
148.309
148.43
148.538
148.762
148.527
148.543
148.916
149.344
149.382
148.585
148.145
149.033
148.252
148.56
148.633
148.474
147.923
148.91
148.837
148.863
149.015
148.373
148.871
147.97
148.474
148.209
148.838
148.077
148.275
148.299
148.709
148.661
148.478
148.11
148.588
148.538
149.101
149.168
148.512
148.265
148.624
148.524
148.35
148.715
148.579
148.637
148.699
148.489
148.26
148.712
148.953
148.695
148.327
148.649
148.99
