1.01569616794586181640625000000000
1.04084515571594238281250000000000
1.06717395782470703125000000000000
1.09476149082183837890625000000000
1.12369918823242187500000000000000
1.15408587455749511718750000000000
1.18603014945983886718750000000000
1.21965420246124267578125000000000
1.25508666038513183593750000000000
1.29247331619262695312500000000000
1.33198308944702148437500000000000
1.37378966808319091796875000000000
1.41809892654418945312500000000000
1.46513724327087402343750000000000
1.51516008377075195312500000000000
1.56846094131469726562500000000000
1.62535417079925537109375000000000
1.68622028827667236328125000000000
1.75148367881774902343750000000000
1.82162320613861083984375000000000
1.89720332622528076171875000000000
1.97887420654296875000000000000000
2.06739401817321777343750000000000
2.16365885734558105468750000000000
2.26870560646057128906250000000000
2.38378572463989257812500000000000
2.51040983200073242187500000000000
2.65036487579345703125000000000000
2.80587077140808105468750000000000
2.97965073585510253906250000000000
3.17510318756103515625000000000000
3.39654850959777832031250000000000
3.64946126937866210937500000000000
3.94106245040893554687500000000000
4.28094339370727539062500000000000
4.68206310272216796875000000000000
5.16258859634399414062500000000000
5.74861812591552734375000000000000
6.47908401489257812500000000000000
7.41484069824218750000000000000000
8.65620708465576171875000000000000
10.38199043273925781250000000000000
12.94437980651855468750000000000000
17.14475822448730468750000000000000
25.29103469848632812500000000000000
47.86311721801757812500000000000000
418.88589477539062500000000000000000
-62.58663558959960937500000000000000
-29.24068641662597656250000000000000
-19.12902450561523437500000000000000
-14.24265861511230468750000000000000
-11.36357021331787109375000000000000
-9.46575069427490234375000000000000
-8.12074184417724609375000000000000
-7.11782693862915039062500000000000
-6.34126472473144531250000000000000
-5.72236537933349609375000000000000
-5.21756172180175781250000000000000
-4.79800319671630859375000000000000
-4.44387197494506835937500000000000
-4.14099216461181640625000000000000
-3.87902688980102539062500000000000
-3.65024352073669433593750000000000
-3.44873070716857910156250000000000
-3.26993393898010253906250000000000
-3.11023974418640136718750000000000
-2.96674513816833496093750000000000
-2.83714914321899414062500000000000
-2.71953368186950683593750000000000
-2.61233043670654296875000000000000
-2.51423168182373046875000000000000
-2.42413210868835449218750000000000
-2.34112238883972167968750000000000
-2.26440048217773437500000000000000
-2.19328927993774414062500000000000
-2.12721610069274902343750000000000
-2.06567049026489257812500000000000
-2.00821447372436523437500000000000
-1.95446312427520751953125000000000
-1.90407681465148925781250000000000
-1.85676336288452148437500000000000
-1.81226027011871337890625000000000
-1.77032554149627685546875000000000
-1.73076045513153076171875000000000
-1.69337415695190429687500000000000
-1.65799951553344726562500000000000
-1.62448680400848388671875000000000
-1.59269618988037109375000000000000
-1.56251323223114013671875000000000
-1.53381967544555664062500000000000
-1.50651657581329345703125000000000
-1.48051309585571289062500000000000
-1.45572495460510253906250000000000
-1.43207395076751708984375000000000
-1.40949094295501708984375000000000
-1.38790905475616455078125000000000
-1.36727106571197509765625000000000
-1.34752357006072998046875000000000
-1.32861137390136718750000000000000
-1.31049251556396484375000000000000
-1.29312229156494140625000000000000
-1.27646017074584960937500000000000
-1.26046919822692871093750000000000
-1.24511325359344482421875000000000
-1.23036420345306396484375000000000
-1.21618795394897460937500000000000
-1.20255887508392333984375000000000
-1.18945109844207763671875000000000
-1.17683947086334228515625000000000
-1.16470122337341308593750000000000
-1.15301525592803955078125000000000
-1.14176130294799804687500000000000
-1.13091981410980224609375000000000
-1.12047576904296875000000000000000
-1.11040902137756347656250000000000
-1.10070681571960449218750000000000
-1.09135329723358154296875000000000
-1.08233487606048583984375000000000
-1.07363843917846679687500000000000
-1.06525027751922607421875000000000
-1.05716156959533691406250000000000
-1.04935836791992187500000000000000
-1.04183220863342285156250000000000
-1.03457295894622802734375000000000
-1.02757048606872558593750000000000
-1.02081644535064697265625000000000
-1.01430284976959228515625000000000
-1.00802052021026611328125000000000
-1.00196242332458496093750000000000
-0.99612301588058471679687500000000
-0.99049252271652221679687500000000
-0.98506677150726318359375000000000
-0.97983890771865844726562500000000
-0.97480309009552001953125000000000
-0.96995353698730468750000000000000
-0.96528452634811401367187500000000
-0.96079260110855102539062500000000
-0.95647090673446655273437500000000
-0.95231634378433227539062500000000
-0.94832414388656616210937500000000
-0.94449037313461303710937500000000
-0.94081032276153564453125000000000
-0.93728089332580566406250000000000
-0.93389844894409179687500000000000
-0.93065816164016723632812500000000
-0.92755973339080810546875000000000
-0.92459678649902343750000000000000
-0.92176812887191772460937500000000
-0.91907078027725219726562500000000
-0.91650182008743286132812500000000
-0.91405868530273437500000000000000
-0.91173827648162841796875000000000
-0.90953999757766723632812500000000
-0.90745925903320312500000000000000
-0.90549582242965698242187500000000
-0.90364676713943481445312500000000
-0.90191030502319335937500000000000
-0.90028429031372070312500000000000
-0.89876753091812133789062500000000
-0.89735835790634155273437500000000
-0.89605385065078735351562500000000
-0.89485526084899902343750000000000
-0.89375782012939453125000000000000
-0.89276242256164550781250000000000
-0.89186745882034301757812500000000
-0.89107114076614379882812500000000
-0.89037239551544189453125000000000
-0.88977020978927612304687500000000
-0.88926476240158081054687500000000
-0.88885241746902465820312500000000
-0.88853508234024047851562500000000
-0.88831019401550292968750000000000
-0.88817745447158813476562500000000
-0.88813632726669311523437500000000
-0.88818597793579101562500000000000
-0.88832581043243408203125000000000
-0.88855451345443725585937500000000
-0.88887345790863037109375000000000
-0.88927990198135375976562500000000
-0.88977468013763427734375000000000
-0.89035731554031372070312500000000
-0.89102703332901000976562500000000
-0.89178419113159179687500000000000
-0.89262795448303222656250000000000
-0.89355903863906860351562500000000
-0.89457541704177856445312500000000
-0.89567935466766357421875000000000
-0.89686882495880126953125000000000
-0.89814472198486328125000000000000
-0.89950680732727050781250000000000
-0.90095520019531250000000000000000
-0.90249037742614746093750000000000
-0.90411108732223510742187500000000
-0.90581977367401123046875000000000
-0.90761440992355346679687500000000
-0.90949624776840209960937500000000
-0.91146594285964965820312500000000
-0.91352307796478271484375000000000
-0.91566824913024902343750000000000
-0.91790205240249633789062500000000
-0.92022526264190673828125000000000
-0.92263686656951904296875000000000
-0.92513978481292724609375000000000
-0.92773294448852539062500000000000
-0.93041694164276123046875000000000
-0.93319255113601684570312500000000
-0.93606114387512207031250000000000
-0.93902361392974853515625000000000
-0.94207870960235595703125000000000
-0.94523018598556518554687500000000
-0.94847667217254638671875000000000
-0.95181989669799804687500000000000
-0.95526075363159179687500000000000
-0.95880037546157836914062500000000
-0.96243953704833984375000000000000
-0.96617954969406127929687500000000
-0.97002238035202026367187500000000
-0.97396713495254516601562500000000
-0.97801750898361206054687500000000
-0.98217290639877319335937500000000
-0.98643577098846435546875000000000
-0.99080687761306762695312500000000
-0.99528801441192626953125000000000
-0.99988198280334472656250000000000
-1.00458705425262451171875000000000
-1.00940835475921630859375000000000
-1.01434552669525146484375000000000
-1.01940107345581054687500000000000
-1.02457666397094726562500000000000
-1.02987492084503173828125000000000
-1.03529644012451171875000000000000
-1.04084444046020507812500000000000
-1.04652106761932373046875000000000
-1.05232715606689453125000000000000
-1.05826687812805175781250000000000
-1.06434118747711181640625000000000
-1.07055294513702392578125000000000
-1.07690477371215820312500000000000
-1.08339929580688476562500000000000
-1.09004008769989013671875000000000
-1.09682703018188476562500000000000
-1.10376703739166259765625000000000
-1.11086034774780273437500000000000
-1.11811053752899169921875000000000
-1.12552165985107421875000000000000
-1.13309586048126220703125000000000
-1.14083802700042724609375000000000
-1.14875090122222900390625000000000
-1.15683889389038085937500000000000
-1.16510391235351562500000000000000
-1.17355239391326904296875000000000
-1.18218731880187988281250000000000
-1.19101238250732421875000000000000
-1.20003247261047363281250000000000
-1.20925211906433105468750000000000
-1.21867811679840087890625000000000
-1.22831106185913085937500000000000
-1.23816013336181640625000000000000
-1.24822890758514404296875000000000
-1.25852227210998535156250000000000
-1.26904654502868652343750000000000
-1.27980816364288330078125000000000
-1.29081296920776367187500000000000
-1.30206692218780517578125000000000
-1.31357812881469726562500000000000
-1.32535028457641601562500000000000
-1.33739471435546875000000000000000
-1.34971523284912109375000000000000
-1.36232113838195800781250000000000
-1.37522029876708984375000000000000
-1.38842082023620605468750000000000
-1.40193378925323486328125000000000
-1.41576361656188964843750000000000
-1.42992377281188964843750000000000
-1.44442236423492431640625000000000
-1.45926964282989501953125000000000
-1.47447621822357177734375000000000
-1.49005377292633056640625000000000
-1.50601327419281005859375000000000
-1.52236831188201904296875000000000
-1.53913056850433349609375000000000
-1.55631148815155029296875000000000
-1.57392930984497070312500000000000
-1.59199428558349609375000000000000
-1.61052262783050537109375000000000
-1.62953090667724609375000000000000
-1.64903533458709716796875000000000
-1.66905534267425537109375000000000
-1.68960416316986083984375000000000
-1.71070611476898193359375000000000
-1.73237884044647216796875000000000
-1.75464260578155517578125000000000
-1.77752029895782470703125000000000
-1.80103516578674316406250000000000
-1.82521176338195800781250000000000
-1.85007703304290771484375000000000
-1.87565660476684570312500000000000
-1.90197694301605224609375000000000
-1.92907404899597167968750000000000
-1.95697343349456787109375000000000
-1.98571133613586425781250000000000
-2.01532220840454101562500000000000
-2.04584455490112304687500000000000
-2.07732105255126953125000000000000
-2.10978555679321289062500000000000
-2.14328956604003906250000000000000
-2.17787933349609375000000000000000
-2.21360135078430175781250000000000
-2.25051069259643554687500000000000
-2.28866434097290039062500000000000
-2.32812261581420898437500000000000
-2.36895275115966796875000000000000
-2.41121864318847656250000000000000
-2.45499300956726074218750000000000
-2.50036168098449707031250000000000
-2.54739999771118164062500000000000
-2.59619951248168945312500000000000
-2.64685916900634765625000000000000
-2.69948124885559082031250000000000
-2.75418233871459960937500000000000
-2.81107068061828613281250000000000
-2.87028574943542480468750000000000
-2.93196630477905273437500000000000
-2.99625778198242187500000000000000
-3.06332683563232421875000000000000
-3.13335227966308593750000000000000
-3.20652818679809570312500000000000
-3.28306722640991210937500000000000
-3.36319589614868164062500000000000
-3.44715952873229980468750000000000
-3.53525018692016601562500000000000
-3.62775158882141113281250000000000
-3.72500395774841308593750000000000
-3.82737350463867187500000000000000
-3.93526411056518554687500000000000
-4.04913997650146484375000000000000
-4.16947126388549804687500000000000
-4.29683732986450195312500000000000
-4.43185806274414062500000000000000
-4.57521820068359375000000000000000
-4.72770977020263671875000000000000
-4.89022111892700195312500000000000
-5.06375694274902343750000000000000
-5.24947214126586914062500000000000
-5.44865655899047851562500000000000
-5.66281366348266601562500000000000
-5.89370822906494140625000000000000
-6.14331054687500000000000000000000
-6.41398954391479492187500000000000
-6.70850706100463867187500000000000
-7.03012228012084960937500000000000
-7.38275575637817382812500000000000
-7.77101325988769531250000000000000
-8.20059013366699218750000000000000
-8.67842960357666015625000000000000
-9.21301460266113281250000000000000
-9.81508159637451171875000000000000
-10.49820804595947265625000000000000
-11.27986049652099609375000000000000
-12.18298339843750000000000000000000
-13.23801994323730468750000000000000
-14.48676109313964843750000000000000
-15.98795032501220703125000000000000
-17.82619857788085937500000000000000
-20.12934112548828125000000000000000
-23.09894943237304687500000000000000
-27.07273674011230468750000000000000
-32.66360855102539062500000000000000
-41.10796737670898437500000000000000
-55.33860015869140625000000000000000
-84.40091705322265625000000000000000
-176.66554260253906250000000000000000
2028.65478515625000000000000000000000
151.25195312500000000000000000000000
78.77044677734375000000000000000000
53.35255050659179687500000000000000
40.39543151855468750000000000000000
32.54025650024414062500000000000000
27.26970100402832031250000000000000
23.48879051208496093750000000000000
20.64457511901855468750000000000000
18.42747688293457031250000000000000
16.65081405639648437500000000000000
15.19540596008300781250000000000000
13.98150634765625000000000000000000
12.95370769500732421875000000000000
12.07230472564697265625000000000000
11.30822467803955078125000000000000
10.63960647583007812500000000000000
10.04965782165527343750000000000000
9.52531051635742187500000000000000
9.05627250671386718750000000000000
8.63430786132812500000000000000000
8.25268554687500000000000000000000
7.90593242645263671875000000000000
7.58951902389526367187500000000000
7.29968452453613281250000000000000
7.03324222564697265625000000000000
6.78748989105224609375000000000000
6.56015634536743164062500000000000
6.34926939010620117187500000000000
6.15314149856567382812500000000000
5.97028732299804687500000000000000
5.79943513870239257812500000000000
5.63947296142578125000000000000000
5.48940992355346679687500000000000
5.34836959838867187500000000000000
5.21558570861816406250000000000000
5.09038972854614257812500000000000
4.97214746475219726562500000000000
4.86032485961914062500000000000000
4.75442552566528320312500000000000
4.65401458740234375000000000000000
4.55869007110595703125000000000000
4.46808671951293945312500000000000
4.38188505172729492187500000000000
4.29978322982788085937500000000000
4.22151660919189453125000000000000
4.14682531356811523437500000000000
4.07549047470092773437500000000000
4.00730800628662109375000000000000
3.94208312034606933593750000000000
3.87963652610778808593750000000000
3.81981396675109863281250000000000
3.76246666908264160156250000000000
3.70744943618774414062500000000000
3.65464067459106445312500000000000
3.60391783714294433593750000000000
3.55517530441284179687500000000000
3.50830936431884765625000000000000
3.46322202682495117187500000000000
3.41982936859130859375000000000000
3.37804436683654785156250000000000
3.33779597282409667968750000000000
3.29900360107421875000000000000000
3.26160478591918945312500000000000
3.22553801536560058593750000000000
3.19073891639709472656250000000000
3.15715360641479492187500000000000
3.12472987174987792968750000000000
3.09342193603515625000000000000000
3.06317567825317382812500000000000
3.03395438194274902343750000000000
3.00571179389953613281250000000000
2.97841334342956542968750000000000
2.95201945304870605468750000000000
2.92649412155151367187500000000000
2.90180873870849609375000000000000
2.87792801856994628906250000000000
2.85482740402221679687500000000000
2.83247137069702148437500000000000
2.81083917617797851562500000000000
2.78990530967712402343750000000000
2.76964497566223144531250000000000
2.75003480911254882812500000000000
2.73105382919311523437500000000000
2.71268343925476074218750000000000
2.69490003585815429687500000000000
2.67768955230712890625000000000000
2.66103100776672363281250000000000
2.64491033554077148437500000000000
2.62930870056152343750000000000000
2.61421108245849609375000000000000
2.59960699081420898437500000000000
2.58547711372375488281250000000000
2.57181310653686523437500000000000
2.55859756469726562500000000000000
2.54582047462463378906250000000000
2.53347158432006835937500000000000
2.52153944969177246093750000000000
2.51001071929931640625000000000000
2.49887824058532714843750000000000
2.48813390731811523437500000000000
2.47776317596435546875000000000000
2.46776270866394042968750000000000
2.45811986923217773437500000000000
2.44882917404174804687500000000000
2.43988251686096191406250000000000
2.43127083778381347656250000000000
2.42298984527587890625000000000000
2.41502976417541503906250000000000
2.40738844871520996093750000000000
2.40005469322204589843750000000000
2.39302468299865722656250000000000
2.38629436492919921875000000000000
2.37985610961914062500000000000000
2.37370610237121582031250000000000
2.36783838272094726562500000000000
2.36225080490112304687500000000000
2.35693430900573730468750000000000
2.35188913345336914062500000000000
2.34710788726806640625000000000000
2.34258890151977539062500000000000
2.33832764625549316406250000000000
2.33431935310363769531250000000000
2.33056426048278808593750000000000
2.32705259323120117187500000000000
2.32379031181335449218750000000000
2.32076740264892578125000000000000
2.31798243522644042968750000000000
2.31543564796447753906250000000000
2.31312179565429687500000000000000
2.31103968620300292968750000000000
2.30918645858764648437500000000000
2.30756330490112304687500000000000
2.30616164207458496093750000000000
2.30498647689819335937500000000000
2.30403232574462890625000000000000
2.30329918861389160156250000000000
2.30278515815734863281250000000000
2.30248808860778808593750000000000
2.30240941047668457031250000000000
2.30254387855529785156250000000000
2.30289554595947265625000000000000
2.30345940589904785156250000000000
2.30423569679260253906250000000000
2.30522489547729492187500000000000
2.30642533302307128906250000000000
2.30783796310424804687500000000000
2.30946040153503417968750000000000
2.31129527091979980468750000000000
2.31333780288696289062500000000000
2.31559467315673828125000000000000
2.31805920600891113281250000000000
2.32073545455932617187500000000000
2.32362294197082519531250000000000
2.32672095298767089843750000000000
2.33003211021423339843750000000000
2.33355331420898437500000000000000
2.33729004859924316406250000000000
2.34123802185058593750000000000000
2.34540152549743652343750000000000
2.34978055953979492187500000000000
2.35437560081481933593750000000000
2.35918807983398437500000000000000
2.36421942710876464843750000000000
2.36947274208068847656250000000000
2.37494397163391113281250000000000
2.38064146041870117187500000000000
2.38656234741210937500000000000000
2.39270973205566406250000000000000
2.39908552169799804687500000000000
2.40569067001342773437500000000000
2.41253089904785156250000000000000
2.41960215568542480468750000000000
2.42691278457641601562500000000000
2.43446254730224609375000000000000
2.44225263595581054687500000000000
2.45028805732727050781250000000000
2.45856952667236328125000000000000
2.46710133552551269531250000000000
2.47588706016540527343750000000000
2.48493075370788574218750000000000
2.49423027038574218750000000000000
2.50379586219787597656250000000000
2.51362705230712890625000000000000
2.52372860908508300781250000000000
2.53410339355468750000000000000000
2.54475784301757812500000000000000
2.55569601058959960937500000000000
2.56691741943359375000000000000000
2.57843375205993652343750000000000
2.59024453163146972656250000000000
2.60235643386840820312500000000000
2.61477422714233398437500000000000
2.62750196456909179687500000000000
2.64054870605468750000000000000000
2.65391683578491210937500000000000
2.66761493682861328125000000000000
2.68164443969726562500000000000000
2.69601702690124511718750000000000
2.71073675155639648437500000000000
2.72580981254577636718750000000000
2.74124431610107421875000000000000
2.75704622268676757812500000000000
2.77322649955749511718750000000000
2.78978729248046875000000000000000
2.80674290657043457031250000000000
2.82409811019897460937500000000000
2.84186196327209472656250000000000
2.86004471778869628906250000000000
2.87865495681762695312500000000000
2.89770245552062988281250000000000
2.91719770431518554687500000000000
2.93715429306030273437500000000000
2.95757460594177246093750000000000
2.97848057746887207031250000000000
2.99987745285034179687500000000000
3.02177715301513671875000000000000
3.04419565200805664062500000000000
3.06714415550231933593750000000000
3.09064030647277832031250000000000
3.11469030380249023437500000000000
3.13931751251220703125000000000000
3.16453313827514648437500000000000
3.19035387039184570312500000000000
3.21679615974426269531250000000000
3.24387741088867187500000000000000
3.27161717414855957031250000000000
3.30003452301025390625000000000000
3.32914853096008300781250000000000
3.35897684097290039062500000000000
3.38954734802246093750000000000000
3.42087721824645996093750000000000
3.45299053192138671875000000000000
3.48591256141662597656250000000000
3.51966977119445800781250000000000
3.55429077148437500000000000000000
3.58979439735412597656250000000000
3.62621998786926269531250000000000
3.66359305381774902343750000000000
3.70194768905639648437500000000000
3.74131441116333007812500000000000
3.78172945976257324218750000000000
3.82323193550109863281250000000000
3.86585760116577148437500000000000
3.90964913368225097656250000000000
3.95464372634887695312500000000000
4.00089550018310546875000000000000
4.04844331741333007812500000000000
4.09733772277832031250000000000000
4.14763307571411132812500000000000
4.19938278198242187500000000000000
4.25264739990234375000000000000000
4.30747985839843750000000000000000
4.36395215988159179687500000000000
4.42213058471679687500000000000000
4.48208427429199218750000000000000
4.54388904571533203125000000000000
4.60762739181518554687500000000000
4.67338228225708007812500000000000
4.74124670028686523437500000000000
4.81131505966186523437500000000000
4.88368129730224609375000000000000
4.95846748352050781250000000000000
5.03577899932861328125000000000000
5.11573648452758789062500000000000
5.19847488403320312500000000000000
5.28413295745849609375000000000000
5.37286233901977539062500000000000
5.46480846405029296875000000000000
5.56015777587890625000000000000000
5.65908527374267578125000000000000
5.76178741455078125000000000000000
5.86847019195556640625000000000000
5.97936344146728515625000000000000
6.09471559524536132812500000000000
6.21478652954101562500000000000000
6.33985805511474609375000000000000
6.47023296356201171875000000000000
6.60625982284545898437500000000000
6.74829006195068359375000000000000
6.89671230316162109375000000000000
7.05196475982666015625000000000000
7.21451711654663085937500000000000
7.38488101959228515625000000000000
7.56359958648681640625000000000000
7.75131464004516601562500000000000
7.94869470596313476562500000000000
8.15648746490478515625000000000000
8.37551403045654296875000000000000
8.60669708251953125000000000000000
8.85107040405273437500000000000000
9.10976600646972656250000000000000
9.38404560089111328125000000000000
9.67534160614013671875000000000000
9.98529434204101562500000000000000
10.31569385528564453125000000000000
10.66859912872314453125000000000000
11.04638290405273437500000000000000
11.45174026489257812500000000000000
11.88776683807373046875000000000000
12.35800457000732421875000000000000
12.86665058135986328125000000000000
13.41856670379638671875000000000000
14.01944828033447265625000000000000
14.67604637145996093750000000000000
15.39645862579345703125000000000000
16.19041442871093750000000000000000
17.06968498229980468750000000000000
18.04869461059570312500000000000000
19.14536857604980468750000000000000
20.38224411010742187500000000000000
21.78785514831542968750000000000000
23.39906311035156250000000000000000
25.26446723937988281250000000000000
27.44926452636718750000000000000000
30.04287338256835937500000000000000
33.17142486572265625000000000000000
37.01935577392578125000000000000000
41.86672973632812500000000000000000
48.16026306152343750000000000000000
56.65940475463867187500000000000000
68.76934814453125000000000000000000
87.41089630126953125000000000000000
119.81427001953125000000000000000000
190.12219238281250000000000000000000
458.52578735351562500000000000000000
-1123.24694824218750000000000000000000
-252.94895935058593750000000000000000
-142.68963623046875000000000000000000
-99.45684814453125000000000000000000
-76.38050079345703125000000000000000
-62.03010559082031250000000000000000
-52.24392318725585937500000000000000
-45.14371109008789062500000000000000
-39.75751495361328125000000000000000
-35.53182220458984375000000000000000
-32.12830734252929687500000000000000
-29.32850837707519531250000000000000
-26.98505592346191406250000000000000
-24.99496459960937500000000000000000
-23.28403091430664062500000000000000
-21.79749679565429687500000000000000
-20.49403381347656250000000000000000
-19.34188270568847656250000000000000
-18.31622886657714843750000000000000
-17.39739418029785156250000000000000
-16.56959533691406250000000000000000
-15.82001399993896484375000000000000
-15.13810729980468750000000000000000
-14.51517200469970703125000000000000
-13.94392299652099609375000000000000
-13.41823387145996093750000000000000
-12.93290615081787109375000000000000
-12.48350143432617187500000000000000
-12.06621646881103515625000000000000
-11.67777061462402343750000000000000
-11.31529808044433593750000000000000
-10.97631072998046875000000000000000
-10.65863895416259765625000000000000
-10.36035633087158203125000000000000
-10.07976436614990234375000000000000
-9.81537246704101562500000000000000
-9.56583499908447265625000000000000
-9.32996368408203125000000000000000
-9.10668659210205078125000000000000
-8.89504241943359375000000000000000
-8.69417190551757812500000000000000
-8.50328922271728515625000000000000
-8.32169151306152343750000000000000
-8.14873313903808593750000000000000
-7.98383378982543945312500000000000
-7.82646369934082031250000000000000
-7.67613029479980468750000000000000
-7.53239536285400390625000000000000
-7.39484691619873046875000000000000
-7.26310968399047851562500000000000
-7.13684129714965820312500000000000
-7.01572465896606445312500000000000
-6.89946126937866210937500000000000
-6.78778648376464843750000000000000
-6.68044090270996093750000000000000
-6.57719802856445312500000000000000
-6.47783899307250976562500000000000
-6.38215923309326171875000000000000
-6.28997516632080078125000000000000
-6.20110893249511718750000000000000
-6.11539888381958007812500000000000
-6.03269386291503906250000000000000
-5.95284700393676757812500000000000
-5.87572717666625976562500000000000
-5.80120944976806640625000000000000
-5.72917461395263671875000000000000
-5.65951299667358398437500000000000
-5.59211969375610351562500000000000
-5.52689933776855468750000000000000
-5.46375799179077148437500000000000
-5.40260791778564453125000000000000
-5.34336757659912109375000000000000
-5.28596210479736328125000000000000
-5.23031473159790039062500000000000
-5.17635774612426757812500000000000
-5.12402915954589843750000000000000
-5.07325983047485351562500000000000
-5.02399778366088867187500000000000
-4.97618436813354492187500000000000
-4.92976474761962890625000000000000
-4.88469457626342773437500000000000
-4.84091949462890625000000000000000
-4.79839944839477539062500000000000
-4.75708675384521484375000000000000
-4.71694326400756835937500000000000
-4.67793178558349609375000000000000
-4.64001035690307617187500000000000
-4.60314750671386718750000000000000
-4.56730699539184570312500000000000
-4.53245735168457031250000000000000
-4.49856615066528320312500000000000
-4.46560668945312500000000000000000
-4.43354940414428710937500000000000
-4.40236949920654296875000000000000
-4.37203788757324218750000000000000
-4.34253025054931640625000000000000
-4.31382846832275390625000000000000
-4.28590250015258789062500000000000
-4.25873565673828125000000000000000
-4.23230600357055664062500000000000
-4.20659255981445312500000000000000
-4.18157958984375000000000000000000
-4.15724658966064453125000000000000
-4.13357496261596679687500000000000
-4.11055135726928710937500000000000
-4.08815670013427734375000000000000
-4.06637763977050781250000000000000
-4.04519891738891601562500000000000
-4.02460432052612304687500000000000
-4.00458431243896484375000000000000
-3.98512244224548339843750000000000
-3.96620750427246093750000000000000
-3.94782853126525878906250000000000
-3.92997074127197265625000000000000
-3.91262578964233398437500000000000
-3.89578175544738769531250000000000
-3.87942886352539062500000000000000
-3.86355900764465332031250000000000
-3.84816002845764160156250000000000
-3.83322191238403320312500000000000
-3.81874084472656250000000000000000
-3.80470299720764160156250000000000
-3.79110407829284667968750000000000
-3.77793407440185546875000000000000
-3.76518630981445312500000000000000
-3.75285625457763671875000000000000
-3.74093151092529296875000000000000
-3.72941064834594726562500000000000
-3.71828508377075195312500000000000
-3.70754790306091308593750000000000
-3.69719505310058593750000000000000
-3.68722033500671386718750000000000
-3.67761874198913574218750000000000
-3.66838550567626953125000000000000
-3.65951514244079589843750000000000
-3.65100193023681640625000000000000
-3.64284467697143554687500000000000
-3.63503503799438476562500000000000
-3.62757086753845214843750000000000
-3.62044930458068847656250000000000
-3.61366558074951171875000000000000
-3.60721731185913085937500000000000
-3.60110020637512207031250000000000
-3.59531068801879882812500000000000
-3.58984708786010742187500000000000
-3.58470535278320312500000000000000
-3.57988405227661132812500000000000
-3.57538008689880371093750000000000
-3.57119202613830566406250000000000
-3.56731605529785156250000000000000
-3.56375193595886230468750000000000
-3.56049680709838867187500000000000
-3.55754876136779785156250000000000
-3.55490756034851074218750000000000
-3.55257010459899902343750000000000
-3.55053567886352539062500000000000
-3.54880452156066894531250000000000
-3.54737544059753417968750000000000
-3.54624557495117187500000000000000
-3.54541587829589843750000000000000
-3.54488587379455566406250000000000
-3.54465484619140625000000000000000
-3.54472136497497558593750000000000
-3.54508709907531738281250000000000
-3.54575109481811523437500000000000
-3.54671549797058105468750000000000
-3.54797625541687011718750000000000
-3.54953718185424804687500000000000
-3.55139827728271484375000000000000
-3.55356001853942871093750000000000
-3.55602216720581054687500000000000
-3.55878758430480957031250000000000
-3.56185579299926757812500000000000
-3.56522989273071289062500000000000
-3.56890845298767089843750000000000
-3.57289505004882812500000000000000
-3.57719159126281738281250000000000
-3.58179879188537597656250000000000
-3.58671855926513671875000000000000
-3.59195446968078613281250000000000
-3.59750723838806152343750000000000
-3.60338091850280761718750000000000
-3.60957598686218261718750000000000
-3.61609721183776855468750000000000
-3.62294578552246093750000000000000
-3.63012671470642089843750000000000
-3.63764190673828125000000000000000
-3.64549493789672851562500000000000
-3.65368914604187011718750000000000
-3.66223001480102539062500000000000
-3.67112088203430175781250000000000
-3.68036460876464843750000000000000
-3.68996715545654296875000000000000
-3.69993233680725097656250000000000
-3.71026420593261718750000000000000
-3.72097015380859375000000000000000
-3.73205423355102539062500000000000
-3.74352049827575683593750000000000
-3.75537753105163574218750000000000
-3.76762938499450683593750000000000
-3.78028368949890136718750000000000
-3.79334592819213867187500000000000
-3.80682158470153808593750000000000
-3.82072067260742187500000000000000
-3.83504962921142578125000000000000
-3.84981560707092285156250000000000
-3.86502599716186523437500000000000
-3.88069152832031250000000000000000
-3.89681935310363769531250000000000
-3.91341662406921386718750000000000
-3.93049597740173339843750000000000
-3.94806504249572753906250000000000
-3.96613502502441406250000000000000
-3.98471713066101074218750000000000
-4.00382137298583984375000000000000
-4.02345752716064453125000000000000
-4.04364252090454101562500000000000
-4.06438541412353515625000000000000
-4.08569765090942382812500000000000
-4.10759639739990234375000000000000
-4.13009262084960937500000000000000
-4.15320444107055664062500000000000
-4.17694282531738281250000000000000
-4.20132732391357421875000000000000
-4.22637367248535156250000000000000
-4.25209712982177734375000000000000
-4.27851819992065429687500000000000
-4.30565309524536132812500000000000
-4.33352518081665039062500000000000
-4.36215353012084960937500000000000
-4.39155578613281250000000000000000
-4.42175817489624023437500000000000
-4.45278549194335937500000000000000
-4.48465585708618164062500000000000
-4.51740264892578125000000000000000
-4.55104637145996093750000000000000
-4.58561706542968750000000000000000
-4.62114524841308593750000000000000
-4.65766048431396484375000000000000
-4.69519042968750000000000000000000
-4.73377656936645507812500000000000
-4.77344894409179687500000000000000
-4.81424474716186523437500000000000
-4.85620498657226562500000000000000
-4.89936828613281250000000000000000
-4.94377708435058593750000000000000
-4.98947906494140625000000000000000
-5.03651809692382812500000000000000
-5.08494615554809570312500000000000
-5.13481330871582031250000000000000
-5.18617630004882812500000000000000
-5.23909425735473632812500000000000
-5.29362535476684570312500000000000
-5.34983825683593750000000000000000
-5.40779876708984375000000000000000
-5.46757936477661132812500000000000
-5.52925825119018554687500000000000
-5.59291315078735351562500000000000
-5.65863084793090820312500000000000
-5.72650718688964843750000000000000
-5.79663133621215820312500000000000
-5.86911344528198242187500000000000
-5.94405555725097656250000000000000
-6.02157783508300781250000000000000
-6.10180616378784179687500000000000
-6.18486547470092773437500000000000
-6.27090215682983398437500000000000
-6.36006593704223632812500000000000
-6.45251846313476562500000000000000
-6.54843187332153320312500000000000
-6.64798593521118164062500000000000
-6.75138568878173828125000000000000
-6.85884666442871093750000000000000
-6.97059059143066406250000000000000
-7.08686828613281250000000000000000
-7.20794868469238281250000000000000
-7.33412265777587890625000000000000
-7.46569538116455078125000000000000
-7.60301303863525390625000000000000
-7.74643993377685546875000000000000
-7.89638233184814453125000000000000
-8.05326747894287109375000000000000
-8.21757888793945312500000000000000
-8.38983917236328125000000000000000
-8.57061862945556640625000000000000
-8.76054763793945312500000000000000
-8.96031475067138671875000000000000
-9.17068862915039062500000000000000
-9.39251422882080078125000000000000
-9.62672901153564453125000000000000
-9.87437438964843750000000000000000
-10.13662433624267578125000000000000
-10.41477966308593750000000000000000
-10.71030616760253906250000000000000
-11.02485656738281250000000000000000
-11.36029243469238281250000000000000
-11.71874809265136718750000000000000
-12.10263252258300781250000000000000
-12.51472663879394531250000000000000
-12.95820999145507812500000000000000
-13.43677902221679687500000000000000
-13.95473480224609375000000000000000
-14.51708793640136718750000000000000
-15.12975406646728515625000000000000
-15.79977130889892578125000000000000
-16.53550720214843750000000000000000
-17.34707069396972656250000000000000
-18.24677085876464843750000000000000
-19.24969673156738281250000000000000
-20.37461853027343750000000000000000
-21.64514732360839843750000000000000
-23.09139442443847656250000000000000
-24.75242424011230468750000000000000
-26.67975807189941406250000000000000
-28.94285964965820312500000000000000
-31.63767623901367187500000000000000
-34.90052032470703125000000000000000
-38.93188095092773437500000000000000
-44.03911590576171875000000000000000
-50.71880722045898437500000000000000
-59.82865905761718750000000000000000
-72.98870849609375000000000000000000
-93.67058563232421875000000000000000
-130.90040588378906250000000000000000
-217.77381896972656250000000000000000
-652.14642333984375000000000000000000
651.01727294921875000000000000000000
216.62216186523437500000000000000000
129.74690246582031250000000000000000
92.51646423339843750000000000000000
71.83424377441406250000000000000000
58.67388534545898437500000000000000
49.56379318237304687500000000000000
42.88382720947265625000000000000000
37.77627944946289062500000000000000
33.74460220336914062500000000000000
30.48141670227050781250000000000000
27.78621101379394531250000000000000
25.52267265319824218750000000000000
23.59489250183105468750000000000000
21.93338775634765625000000000000000
20.48661613464355468750000000000000
19.21553802490234375000000000000000
18.09002494812011718750000000000000
17.08647727966308593750000000000000
16.18612480163574218750000000000000
15.37386035919189453125000000000000
14.63740348815917968750000000000000
13.96663379669189453125000000000000
13.35316371917724609375000000000000
12.78998088836669921875000000000000
12.27116298675537109375000000000000
11.79169464111328125000000000000000
11.34726715087890625000000000000000
10.93420219421386718750000000000000
10.54930686950683593750000000000000
10.18980598449707031250000000000000
9.85328483581542968750000000000000
9.53762054443359375000000000000000
9.24093914031982421875000000000000
8.96159648895263671875000000000000
8.69811725616455078125000000000000
8.44920444488525390625000000000000
8.21368694305419921875000000000000
7.99052381515502929687500000000000
7.77877521514892578125000000000000
7.57759380340576171875000000000000
7.38621425628662109375000000000000
7.20394754409790039062500000000000
7.03015899658203125000000000000000
6.86427927017211914062500000000000
6.70578670501708984375000000000000
6.55420303344726562500000000000000
6.40909433364868164062500000000000
6.27005577087402343750000000000000
6.13671922683715820312500000000000
6.00874948501586914062500000000000
5.88582801818847656250000000000000
5.76766872406005859375000000000000
5.65400266647338867187500000000000
5.54458284378051757812500000000000
5.43918180465698242187500000000000
5.33757972717285156250000000000000
5.23958444595336914062500000000000
5.14500570297241210937500000000000
5.05367374420166015625000000000000
4.96542549133300781250000000000000
4.88011074066162109375000000000000
4.79758930206298828125000000000000
4.71772766113281250000000000000000
4.64040088653564453125000000000000
4.56549453735351562500000000000000
4.49289655685424804687500000000000
4.42250823974609375000000000000000
4.35422754287719726562500000000000
4.28796577453613281250000000000000
4.22363710403442382812500000000000
4.16115951538085937500000000000000
4.10045576095581054687500000000000
4.04145431518554687500000000000000
3.98408436775207519531250000000000
3.92828369140625000000000000000000
3.87398600578308105468750000000000
3.82113695144653320312500000000000
3.76967930793762207031250000000000
3.71956181526184082031250000000000
3.67073273658752441406250000000000
3.62314343452453613281250000000000
3.57675147056579589843750000000000
3.53151178359985351562500000000000
3.48738241195678710937500000000000
3.44432640075683593750000000000000
3.40230464935302734375000000000000
3.36128211021423339843750000000000
3.32122492790222167968750000000000
3.28209972381591796875000000000000
3.24387764930725097656250000000000
3.20652627944946289062500000000000
3.17001867294311523437500000000000
3.13432550430297851562500000000000
3.09942293167114257812500000000000
3.06528687477111816406250000000000
3.03189039230346679687500000000000
2.99921226501464843750000000000000
2.96723103523254394531250000000000
2.93592405319213867187500000000000
2.90527129173278808593750000000000
2.87525391578674316406250000000000
2.84585332870483398437500000000000
2.81705164909362792968750000000000
2.78882980346679687500000000000000
2.76117324829101562500000000000000
2.73406481742858886718750000000000
2.70748949050903320312500000000000
2.68143224716186523437500000000000
2.65587878227233886718750000000000
2.63081479072570800781250000000000
2.60622811317443847656250000000000
2.58210492134094238281250000000000
2.55843400955200195312500000000000
2.53520250320434570312500000000000
2.51239848136901855468750000000000
2.49001193046569824218750000000000
2.46803116798400878906250000000000
2.44644641876220703125000000000000
2.42524719238281250000000000000000
2.40442442893981933593750000000000
2.38396787643432617187500000000000
2.36386942863464355468750000000000
2.34411954879760742187500000000000
2.32470941543579101562500000000000
2.30563235282897949218750000000000
2.28687882423400878906250000000000
2.26844191551208496093750000000000
2.25031471252441406250000000000000
2.23248815536499023437500000000000
2.21495723724365234375000000000000
2.19771361351013183593750000000000
2.18075156211853027343750000000000
2.16406440734863281250000000000000
2.14764571189880371093750000000000
2.13149046897888183593750000000000
2.11559176445007324218750000000000
2.09994363784790039062500000000000
2.08454227447509765625000000000000
2.06938052177429199218750000000000
2.05445456504821777343750000000000
2.03975844383239746093750000000000
2.02528738975524902343750000000000
2.01103687286376953125000000000000
1.99700212478637695312500000000000
1.98317897319793701171875000000000
1.96956241130828857421875000000000
1.95614874362945556640625000000000
1.94293308258056640625000000000000
1.92991220951080322265625000000000
1.91708207130432128906250000000000
1.90443873405456542968750000000000
1.89197778701782226562500000000000
1.87969696521759033203125000000000
1.86759185791015625000000000000000
1.85565900802612304687500000000000
1.84389531612396240234375000000000
1.83229708671569824218750000000000
1.82086181640625000000000000000000
1.80958616733551025390625000000000
1.79846644401550292968750000000000
1.78750097751617431640625000000000
1.77668619155883789062500000000000
1.76601886749267578125000000000000
1.75549697875976562500000000000000
1.74511730670928955078125000000000
1.73487746715545654296875000000000
1.72477531433105468750000000000000
1.71480798721313476562500000000000
1.70497250556945800781250000000000
1.69526827335357666015625000000000
1.68569099903106689453125000000000
1.67623901367187500000000000000000
1.66691064834594726562500000000000
1.65770363807678222656250000000000
1.64861595630645751953125000000000
1.63964474201202392578125000000000
1.63078844547271728515625000000000
1.62204587459564208984375000000000
1.61341392993927001953125000000000
1.60489118099212646484375000000000
1.59647595882415771484375000000000
1.58816647529602050781250000000000
1.57996094226837158203125000000000
1.57185769081115722656250000000000
1.56385421752929687500000000000000
1.55595099925994873046875000000000
1.54814398288726806640625000000000
1.54043269157409667968750000000000
1.53281557559967041015625000000000
1.52529132366180419921875000000000
1.51785874366760253906250000000000
1.51051545143127441406250000000000
1.50326049327850341796875000000000
1.49609279632568359375000000000000
1.48901045322418212890625000000000
1.48201227188110351562500000000000
1.47509670257568359375000000000000
1.46826338768005371093750000000000
1.46151077747344970703125000000000
1.45483684539794921875000000000000
1.44824147224426269531250000000000
1.44172310829162597656250000000000
1.43527984619140625000000000000000
1.42891168594360351562500000000000
1.42261672019958496093750000000000
1.41639435291290283203125000000000
1.41024339199066162109375000000000
1.40416288375854492187500000000000
1.39815163612365722656250000000000
1.39220905303955078125000000000000
1.38633298873901367187500000000000
1.38052392005920410156250000000000
1.37478017807006835937500000000000
1.36910068988800048828125000000000
1.36348533630371093750000000000000
1.35793232917785644531250000000000
1.35244143009185791015625000000000
1.34701132774353027343750000000000
1.34164154529571533203125000000000
1.33633100986480712890625000000000
1.33107888698577880859375000000000
1.32588434219360351562500000000000
1.32074725627899169921875000000000
1.31566619873046875000000000000000
1.31064057350158691406250000000000
1.30566930770874023437500000000000
1.30075228214263916015625000000000
1.29588854312896728515625000000000
1.29107725620269775390625000000000
1.28631758689880371093750000000000
1.28160953521728515625000000000000
1.27695214748382568359375000000000
1.27234411239624023437500000000000
1.26778578758239746093750000000000
1.26327574253082275390625000000000
1.25881361961364746093750000000000
1.25439894199371337890625000000000
1.25003111362457275390625000000000
1.24570965766906738281250000000000
1.24143373966217041015625000000000
1.23720264434814453125000000000000
1.23301637172698974609375000000000
1.22887372970581054687500000000000
1.22477483749389648437500000000000
1.22071826457977294921875000000000
1.21670460700988769531250000000000
1.21273243427276611328125000000000
1.20880186557769775390625000000000
1.20491206645965576171875000000000
1.20106256008148193359375000000000
1.19725334644317626953125000000000
1.19348263740539550781250000000000
1.18975138664245605468750000000000
1.18605875968933105468750000000000
1.18240416049957275390625000000000
1.17878675460815429687500000000000
1.17520701885223388671875000000000
1.17166388034820556640625000000000
1.16815674304962158203125000000000
1.16468584537506103515625000000000
1.16125023365020751953125000000000
1.15784978866577148437500000000000
1.15448439121246337890625000000000
1.15115296840667724609375000000000
1.14785516262054443359375000000000
1.14459133148193359375000000000000
1.14136052131652832031250000000000
1.13816261291503906250000000000000
1.13499677181243896484375000000000
1.13186347484588623046875000000000
1.12876188755035400390625000000000
1.12569141387939453125000000000000
1.12265241146087646484375000000000
1.11964392662048339843750000000000
1.11666584014892578125000000000000
1.11371791362762451171875000000000
1.11079978942871093750000000000000
1.10791087150573730468750000000000
1.10505163669586181640625000000000
1.10222041606903076171875000000000
1.09941816329956054687500000000000
1.09664452075958251953125000000000
1.09389829635620117187500000000000
1.09117996692657470703125000000000
1.08848893642425537109375000000000
1.08582484722137451171875000000000
1.08318817615509033203125000000000
1.08057761192321777343750000000000
1.07799351215362548828125000000000
1.07543551921844482421875000000000
1.07290327548980712890625000000000
1.07039630413055419921875000000000
1.06791460514068603515625000000000
1.06545794010162353515625000000000
1.06302654743194580078125000000000
1.06061911582946777343750000000000
1.05823600292205810546875000000000
1.05587744712829589843750000000000
1.05354225635528564453125000000000
1.05123090744018554687500000000000
1.04894292354583740234375000000000
1.04667782783508300781250000000000
1.04443633556365966796875000000000
1.04221701622009277343750000000000
1.04002010822296142578125000000000
1.03784644603729248046875000000000
1.03569388389587402343750000000000
1.03356361389160156250000000000000
1.03145492076873779296875000000000
1.02936756610870361328125000000000
1.02730202674865722656250000000000
1.02525722980499267578125000000000
1.02323341369628906250000000000000
1.02123045921325683593750000000000
1.01924788951873779296875000000000
1.01728594303131103515625000000000
1.01534390449523925781250000000000
1.01342201232910156250000000000000
1.01151990890502929687500000000000
1.00963771343231201171875000000000
1.00777471065521240234375000000000
1.00593137741088867187500000000000
1.00410711765289306640625000000000
1.00230145454406738281250000000000
1.00051498413085937500000000000000
0.99874675273895263671875000000000
0.99699747562408447265625000000000
0.99526661634445190429687500000000
0.99355381727218627929687500000000
0.99185919761657714843750000000000
0.99018251895904541015625000000000
0.98852354288101196289062500000000
0.98688209056854248046875000000000
0.98525822162628173828125000000000
0.98365169763565063476562500000000
0.98206251859664916992187500000000
0.98049020767211914062500000000000
0.97893500328063964843750000000000
0.97739648818969726562500000000000
0.97587448358535766601562500000000
0.97436904907226562500000000000000
0.97288018465042114257812500000000
0.97140735387802124023437500000000
0.96995121240615844726562500000000
0.96851062774658203125000000000000
0.96708619594573974609375000000000
0.96567708253860473632812500000000
0.96428424119949340820312500000000
0.96290653944015502929687500000000
0.96154427528381347656250000000000
0.96019750833511352539062500000000
0.95886582136154174804687500000000
0.95754939317703247070312500000000
0.95624768733978271484375000000000
0.95496106147766113281250000000000
0.95368909835815429687500000000000
0.95243185758590698242187500000000
0.95118868350982666015625000000000
0.94996052980422973632812500000000
0.94874650239944458007812500000000
0.94754678010940551757812500000000
0.94636136293411254882812500000000
0.94518965482711791992187500000000
0.94403201341629028320312500000000
0.94288814067840576171875000000000
0.94175827503204345703125000000000
0.94064164161682128906250000000000
0.93953889608383178710937500000000
0.93844974040985107421875000000000
0.93737387657165527343750000000000
0.93631118535995483398437500000000
0.93526184558868408203125000000000
0.93422538042068481445312500000000
0.93320196866989135742187500000000
0.93219172954559326171875000000000
0.93119436502456665039062500000000
0.93020939826965332031250000000000
0.92923760414123535156250000000000
0.92827808856964111328125000000000
0.92733114957809448242187500000000
0.92639684677124023437500000000000
0.92547482252120971679687500000000
0.92456501722335815429687500000000
0.92366755008697509765625000000000
0.92278212308883666992187500000000
0.92190873622894287109375000000000
0.92104756832122802734375000000000
0.92019808292388916015625000000000
0.91936045885086059570312500000000
0.91853481531143188476562500000000
0.91772103309631347656250000000000
0.91691851615905761718750000000000
0.91612792015075683593750000000000
0.91534876823425292968750000000000
0.91458076238632202148437500000000
0.91382443904876708984375000000000
0.91307938098907470703125000000000
0.91234523057937622070312500000000
0.91162276268005371093750000000000
0.91091132164001464843750000000000
0.91021054983139038085937500000000
0.90952134132385253906250000000000
0.90884274244308471679687500000000
0.90817511081695556640625000000000
0.90751826763153076171875000000000
0.90687221288681030273437500000000
0.90623676776885986328125000000000
0.90561211109161376953125000000000
0.90499782562255859375000000000000
0.90439450740814208984375000000000
0.90380126237869262695312500000000
0.90321898460388183593750000000000
0.90264648199081420898437500000000
0.90208423137664794921875000000000
0.90153288841247558593750000000000
0.90099149942398071289062500000000
0.90046018362045288085937500000000
0.89993923902511596679687500000000
0.89942795038223266601562500000000
0.89892709255218505859375000000000
0.89843583106994628906250000000000
0.89795446395874023437500000000000
0.89748322963714599609375000000000
0.89702194929122924804687500000000
0.89657038450241088867187500000000
0.89612853527069091796875000000000
0.89569622278213500976562500000000
0.89527350664138793945312500000000
0.89486062526702880859375000000000
0.89445722103118896484375000000000
0.89406347274780273437500000000000
0.89367896318435668945312500000000
0.89330416917800903320312500000000
0.89293867349624633789062500000000
0.89258241653442382812500000000000
0.89223575592041015625000000000000
0.89189791679382324218750000000000
0.89156955480575561523437500000000
0.89125066995620727539062500000000
0.89094054698944091796875000000000
0.89063972234725952148437500000000
0.89034813642501831054687500000000
0.89006543159484863281250000000000
0.88979178667068481445312500000000
0.88952708244323730468750000000000
0.88927125930786132812500000000000
0.88902455568313598632812500000000
0.88878661394119262695312500000000
0.88855743408203125000000000000000
0.88833725452423095703125000000000
0.88812559843063354492187500000000
0.88792300224304199218750000000000
0.88772886991500854492187500000000
0.88754338026046752929687500000000
0.88736689090728759765625000000000
0.88719880580902099609375000000000
0.88703918457031250000000000000000
0.88688826560974121093750000000000
0.88674592971801757812500000000000
0.88661193847656250000000000000000
0.88648641109466552734375000000000
0.88636928796768188476562500000000
0.88626098632812500000000000000000
0.88616061210632324218750000000000
0.88606894016265869140625000000000
0.88598549365997314453125000000000
0.88591033220291137695312500000000
0.88584351539611816406250000000000
0.88578486442565917968750000000000
0.88573449850082397460937500000000
0.88569229841232299804687500000000
0.88565844297409057617187500000000
0.88563239574432373046875000000000
0.88561487197875976562500000000000
0.88560515642166137695312500000000
0.88560372591018676757812500000000
0.88561022281646728515625000000000
0.88562476634979248046875000000000
0.88564747571945190429687500000000
0.88567811250686645507812500000000
0.88571667671203613281250000000000
0.88576346635818481445312500000000
0.88581782579421997070312500000000
0.88588029146194458007812500000000
0.88595068454742431640625000000000
0.88602864742279052734375000000000
0.88611459732055664062500000000000
0.88620865345001220703125000000000
0.88631045818328857421875000000000
0.88642013072967529296875000000000
0.88653731346130371093750000000000
0.88666236400604248046875000000000
0.88679516315460205078125000000000
0.88693553209304809570312500000000
0.88708406686782836914062500000000
0.88723999261856079101562500000000
0.88740366697311401367187500000000
0.88757497072219848632812500000000
0.88775378465652465820312500000000
0.88794034719467163085937500000000
0.88813459873199462890625000000000
0.88833630084991455078125000000000
0.88854569196701049804687500000000
0.88876283168792724609375000000000
0.88898730278015136718750000000000
0.88921958208084106445312500000000
0.88945883512496948242187500000000
0.88970601558685302734375000000000
0.88996076583862304687500000000000
0.89022272825241088867187500000000
0.89049249887466430664062500000000
0.89076942205429077148437500000000
0.89105385541915893554687500000000
0.89134627580642700195312500000000
0.89164537191390991210937500000000
0.89195203781127929687500000000000
0.89226639270782470703125000000000
0.89258784055709838867187500000000
0.89291697740554809570312500000000
0.89325338602066040039062500000000
0.89359706640243530273437500000000
0.89394837617874145507812500000000
0.89430665969848632812500000000000
0.89467257261276245117187500000000
0.89504563808441162109375000000000
0.89542597532272338867187500000000
0.89581376314163208007812500000000
0.89620906114578247070312500000000
0.89661115407943725585937500000000
0.89702105522155761718750000000000
0.89743787050247192382812500000000
0.89786201715469360351562500000000
0.89829355478286743164062500000000
0.89873212575912475585937500000000
0.89917832612991333007812500000000
0.89963138103485107421875000000000
0.90009188652038574218750000000000
0.90055984258651733398437500000000
0.90103471279144287109375000000000
0.90151673555374145507812500000000
0.90200608968734741210937500000000
0.90250247716903686523437500000000
0.90300631523132324218750000000000
0.90351748466491699218750000000000
0.90403556823730468750000000000000
0.90456110239028930664062500000000
0.90509355068206787109375000000000
0.90563309192657470703125000000000
0.90618026256561279296875000000000
0.90673410892486572265625000000000
0.90729564428329467773437500000000
0.90786409378051757812500000000000
0.90843945741653442382812500000000
0.90902251005172729492187500000000
0.90961223840713500976562500000000
0.91020941734313964843750000000000
0.91081368923187255859375000000000
0.91142499446868896484375000000000
0.91204351186752319335937500000000
0.91266912221908569335937500000000
0.91330212354660034179687500000000
0.91394215822219848632812500000000
0.91458910703659057617187500000000
0.91524368524551391601562500000000
0.91590499877929687500000000000000
0.91657352447509765625000000000000
0.91724944114685058593750000000000
0.91793227195739746093750000000000
0.91862207651138305664062500000000
0.91931962966918945312500000000000
0.92002403736114501953125000000000
0.92073547840118408203125000000000
0.92145401239395141601562500000000
0.92217957973480224609375000000000
0.92291247844696044921875000000000
0.92365258932113647460937500000000
0.92440009117126464843750000000000
0.92515432834625244140625000000000
0.92591577768325805664062500000000
0.92668449878692626953125000000000
0.92746025323867797851562500000000
0.92824321985244750976562500000000
0.92903369665145874023437500000000
0.92983102798461914062500000000000
0.93063539266586303710937500000000
0.93144732713699340820312500000000
0.93226617574691772460937500000000
0.93309211730957031250000000000000
0.93392556905746459960937500000000
0.93476587533950805664062500000000
0.93561351299285888671875000000000
0.93646854162216186523437500000000
0.93733060359954833984375000000000
0.93819993734359741210937500000000
0.93907612562179565429687500000000
0.93996000289916992187500000000000
0.94085085391998291015625000000000
0.94174885749816894531250000000000
0.94265425205230712890625000000000
0.94356697797775268554687500000000
0.94448691606521606445312500000000
0.94541394710540771484375000000000
0.94634842872619628906250000000000
0.94729012250900268554687500000000
0.94823914766311645507812500000000
0.94919496774673461914062500000000
0.95015871524810791015625000000000
0.95112949609756469726562500000000
0.95210748910903930664062500000000
0.95309299230575561523437500000000
0.95408535003662109375000000000000
0.95508551597595214843750000000000
0.95609283447265625000000000000000
0.95710742473602294921875000000000
0.95812952518463134765625000000000
0.95915889739990234375000000000000
0.96019572019577026367187500000000
0.96123987436294555664062500000000
0.96229135990142822265625000000000
0.96335017681121826171875000000000
0.96441638469696044921875000000000
0.96548992395401000976562500000000
0.96657127141952514648437500000000
0.96765959262847900390625000000000
0.96875542402267456054687500000000
0.96985936164855957031250000000000
0.97096985578536987304687500000000
0.97208815813064575195312500000000
0.97321385145187377929687500000000
0.97434699535369873046875000000000
0.97548812627792358398437500000000
0.97663623094558715820312500000000
0.97779190540313720703125000000000
0.97895550727844238281250000000000
0.98012650012969970703125000000000
0.98130488395690917968750000000000
0.98249065876007080078125000000000
0.98368412256240844726562500000000
0.98488545417785644531250000000000
0.98609447479248046875000000000000
0.98731064796447753906250000000000
0.98853468894958496093750000000000
0.98976629972457885742187500000000
0.99100559949874877929687500000000
0.99225258827209472656250000000000
0.99350696802139282226562500000000
0.99476957321166992187500000000000
0.99603939056396484375000000000000
0.99731719493865966796875000000000
0.99860286712646484375000000000000
0.99989593029022216796875000000000
1.00119650363922119140625000000000
1.00250518321990966796875000000000
1.00382173061370849609375000000000
1.00514626502990722656250000000000
1.00647830963134765625000000000000
1.00781822204589843750000000000000
1.00916635990142822265625000000000
1.01052188873291015625000000000000
1.01188540458679199218750000000000
1.01325690746307373046875000000000
1.01463615894317626953125000000000
1.01602351665496826171875000000000
1.01741886138916015625000000000000
1.01882195472717285156250000000000
1.02023327350616455078125000000000
1.02165234088897705078125000000000
1.02307951450347900390625000000000
1.02451467514038085937500000000000
1.02595782279968261718750000000000
1.02740943431854248046875000000000
1.02886903285980224609375000000000
1.03033626079559326171875000000000
1.03181195259094238281250000000000
1.03329563140869140625000000000000
1.03478693962097167968750000000000
1.03628706932067871093750000000000
1.03779518604278564453125000000000
1.03931200504302978515625000000000
1.04083633422851562500000000000000
1.04236888885498046875000000000000
1.04391014575958251953125000000000
1.04545986652374267578125000000000
1.04701709747314453125000000000000
1.04858314990997314453125000000000
1.05015718936920166015625000000000
1.05174016952514648437500000000000
1.05333137512207031250000000000000
1.05493068695068359375000000000000
1.05653870105743408203125000000000
1.05815458297729492187500000000000
1.05977952480316162109375000000000
1.06141257286071777343750000000000
1.06305396556854248046875000000000
1.06470441818237304687500000000000
1.06636309623718261718750000000000
1.06803023815155029296875000000000
1.06970632076263427734375000000000
1.07139086723327636718750000000000
1.07308363914489746093750000000000
1.07478535175323486328125000000000
1.07649564743041992187500000000000
1.07821500301361083984375000000000
1.07994282245635986328125000000000
1.08167922496795654296875000000000
1.08342468738555908203125000000000
1.08517873287200927734375000000000
1.08694136142730712890625000000000
1.08871316909790039062500000000000
1.09049367904663085937500000000000
1.09228301048278808593750000000000
1.09408128261566162109375000000000
1.09588837623596191406250000000000
1.09770464897155761718750000000000
1.09952974319458007812500000000000
1.10136401653289794921875000000000
1.10320687294006347656250000000000
1.10505890846252441406250000000000
1.10692059993743896484375000000000
1.10879075527191162109375000000000
1.11067020893096923828125000000000
1.11255908012390136718750000000000
1.11445641517639160156250000000000
1.11636364459991455078125000000000
1.11827969551086425781250000000000
1.12020480632781982421875000000000
1.12213969230651855468750000000000
1.12408387660980224609375000000000
1.12603700160980224609375000000000
1.12799990177154541015625000000000
1.12997186183929443359375000000000
1.13195312023162841796875000000000
1.13394415378570556640625000000000
1.13594436645507812500000000000000
1.13795435428619384765625000000000
1.13997364044189453125000000000000
1.14200270175933837890625000000000
1.14404118061065673828125000000000
1.14608919620513916015625000000000
1.14814686775207519531250000000000
1.15021431446075439453125000000000
1.15229117870330810546875000000000
1.15437805652618408203125000000000
1.15647447109222412109375000000000
1.15858089923858642578125000000000
1.16069698333740234375000000000000
1.16282308101654052734375000000000
1.16495871543884277343750000000000
1.16710448265075683593750000000000
1.16926002502441406250000000000000
1.17142593860626220703125000000000
1.17360115051269531250000000000000
1.17578685283660888671875000000000
1.17798244953155517578125000000000
1.18018829822540283203125000000000
1.18240427970886230468750000000000
1.18463027477264404296875000000000
1.18686616420745849609375000000000
1.18911278247833251953125000000000
1.19136917591094970703125000000000
1.19363594055175781250000000000000
1.19591331481933593750000000000000
1.19820094108581542968750000000000
1.20049881935119628906250000000000
1.20280718803405761718750000000000
1.20512580871582031250000000000000
1.20745515823364257812500000000000
1.20979475975036621093750000000000
1.21214497089385986328125000000000
1.21450626850128173828125000000000
1.21687746047973632812500000000000
1.21925973892211914062500000000000
1.22165238857269287109375000000000
1.22405564785003662109375000000000
1.22647023200988769531250000000000
1.22889518737792968750000000000000
1.23133099079132080078125000000000
1.23377788066864013671875000000000
1.23623514175415039062500000000000
1.23870372772216796875000000000000
1.24118340015411376953125000000000
1.24367392063140869140625000000000
1.24617576599121093750000000000000
1.24868834018707275390625000000000
1.25121200084686279296875000000000
1.25374698638916015625000000000000
1.25629281997680664062500000000000
1.25885021686553955078125000000000
1.26141881942749023437500000000000
1.26399838924407958984375000000000
1.26658999919891357421875000000000
1.26919233798980712890625000000000
1.27180647850036621093750000000000
1.27443242073059082031250000000000
1.27706897258758544921875000000000
1.27971756458282470703125000000000
1.28237783908843994140625000000000
1.28504955768585205078125000000000
1.28773307800292968750000000000000
1.29042792320251464843750000000000
1.29313492774963378906250000000000
1.29585349559783935546875000000000
1.29858410358428955078125000000000
1.30132615566253662109375000000000
1.30408024787902832031250000000000
1.30684661865234375000000000000000
1.30962455272674560546875000000000
1.31241488456726074218750000000000
1.31521701812744140625000000000000
1.31803166866302490234375000000000
1.32085800170898437500000000000000
1.32369685173034667968750000000000
1.32654762268066406250000000000000
1.32941091060638427734375000000000
1.33228659629821777343750000000000
1.33517467975616455078125000000000
1.33807504177093505859375000000000
1.34098803997039794921875000000000
1.34391331672668457031250000000000
1.34685134887695312500000000000000
1.34980177879333496093750000000000
1.35276496410369873046875000000000
1.35574102401733398437500000000000
1.35872960090637207031250000000000
1.36173117160797119140625000000000
1.36474514007568359375000000000000
1.36777234077453613281250000000000
1.37081253528594970703125000000000
1.37386536598205566406250000000000
1.37693130970001220703125000000000
1.38001096248626708984375000000000
1.38310313224792480468750000000000
1.38620841503143310546875000000000
1.38932728767395019531250000000000
1.39245927333831787109375000000000
1.39560413360595703125000000000000
1.39876258373260498046875000000000
1.40193450450897216796875000000000
1.40512037277221679687500000000000
1.40831911563873291015625000000000
1.41153168678283691406250000000000
1.41475784778594970703125000000000
1.41799771785736083984375000000000
1.42125105857849121093750000000000
1.42451846599578857421875000000000
1.42779934406280517578125000000000
1.43109464645385742187500000000000
1.43440341949462890625000000000000
1.43772614002227783203125000000000
1.44106328487396240234375000000000
1.44441401958465576171875000000000
1.44777929782867431640625000000000
1.45115852355957031250000000000000
1.45455181598663330078125000000000
1.45796024799346923828125000000000
1.46138226985931396484375000000000
1.46481859683990478515625000000000
1.46827018260955810546875000000000
1.47173535823822021484375000000000
1.47521555423736572265625000000000
1.47871029376983642578125000000000
1.48221945762634277343750000000000
1.48574388027191162109375000000000
1.48928272724151611328125000000000
1.49283671379089355468750000000000
1.49640548229217529296875000000000
1.49998915195465087890625000000000
1.50358796119689941406250000000000
1.50720155239105224609375000000000
1.51083040237426757812500000000000
1.51447474956512451171875000000000
1.51813423633575439453125000000000
1.52180874347686767578125000000000
1.52549886703491210937500000000000
1.52920436859130859375000000000000
1.53292536735534667968750000000000
1.53666198253631591796875000000000
1.54041397571563720703125000000000
1.54418230056762695312500000000000
1.54796552658081054687500000000000
1.55176484584808349609375000000000
1.55558049678802490234375000000000
1.55941140651702880859375000000000
1.56325888633728027343750000000000
1.56712186336517333984375000000000
1.57100093364715576171875000000000
1.57489657402038574218750000000000
1.57880878448486328125000000000000
1.58273661136627197265625000000000
1.58668124675750732421875000000000
1.59064233303070068359375000000000
1.59461915493011474609375000000000
1.59861350059509277343750000000000
1.60262382030487060546875000000000
1.60665118694305419921875000000000
1.61069548130035400390625000000000
1.61475598812103271484375000000000
1.61883401870727539062500000000000
1.62292861938476562500000000000000
1.62704050540924072265625000000000
1.63116955757141113281250000000000
1.63531529903411865234375000000000
1.63947856426239013671875000000000
1.64365923404693603515625000000000
1.64785718917846679687500000000000
1.65207278728485107421875000000000
1.65630543231964111328125000000000
1.66055595874786376953125000000000
1.66482436656951904296875000000000
1.66910982131958007812500000000000
1.67341399192810058593750000000000
1.67773520946502685546875000000000
1.68207478523254394531250000000000
1.68643271923065185546875000000000
1.69080829620361328125000000000000
1.69520175457000732421875000000000
1.69961392879486083984375000000000
1.70404410362243652343750000000000
1.70849347114562988281250000000000
1.71296024322509765625000000000000
1.71744608879089355468750000000000
1.72195076942443847656250000000000
1.72647321224212646484375000000000
1.73101556301116943359375000000000
1.73557591438293457031250000000000
1.74015498161315917968750000000000
1.74475407600402832031250000000000
1.74937176704406738281250000000000
1.75400829315185546875000000000000
1.75866472721099853515625000000000
1.76333999633789062500000000000000
1.76803457736968994140625000000000
1.77274882793426513671875000000000
1.77748250961303710937500000000000
1.78223609924316406250000000000000
1.78700900077819824218750000000000
1.79180204868316650390625000000000
1.79661488533020019531250000000000
1.80144739151000976562500000000000
1.80630040168762207031250000000000
1.81117296218872070312500000000000
1.81606614589691162109375000000000
1.82097947597503662109375000000000
1.82591354846954345703125000000000
1.83086752891540527343750000000000
1.83584237098693847656250000000000
1.84083795547485351562500000000000
1.84585404396057128906250000000000
1.85089051723480224609375000000000
1.85594856739044189453125000000000
1.86102700233459472656250000000000
1.86612737178802490234375000000000
1.87124812602996826171875000000000
1.87639045715332031250000000000000
1.88155400753021240234375000000000
1.88673877716064453125000000000000
1.89194512367248535156250000000000
1.89717280864715576171875000000000
1.90242326259613037109375000000000
1.90769493579864501953125000000000
1.91298782825469970703125000000000
1.91830384731292724609375000000000
1.92364096641540527343750000000000
1.92900061607360839843750000000000
1.93438231945037841796875000000000
1.93978655338287353515625000000000
1.94521319866180419921875000000000
1.95066225528717041015625000000000
1.95613372325897216796875000000000
1.96162867546081542968750000000000
1.96714615821838378906250000000000
1.97268617153167724609375000000000
1.97824907302856445312500000000000
1.98383498191833496093750000000000
1.98944520950317382812500000000000
1.99507808685302734375000000000000
2.00073337554931640625000000000000
2.00641322135925292968750000000000
2.01211667060852050781250000000000
2.01784324645996093750000000000000
2.02359390258789062500000000000000
2.02936840057373046875000000000000
2.03516769409179687500000000000000
2.04099059104919433593750000000000
2.04683732986450195312500000000000
2.05270910263061523437500000000000
2.05860447883605957031250000000000
2.06452465057373046875000000000000
2.07046985626220703125000000000000
2.07643938064575195312500000000000
2.08243417739868164062500000000000
2.08845376968383789062500000000000
2.09449815750122070312500000000000
2.10056757926940917968750000000000
2.10666275024414062500000000000000
2.11278319358825683593750000000000
2.11892914772033691406250000000000
2.12510013580322265625000000000000
2.13129758834838867187500000000000
2.13752031326293945312500000000000
2.14376926422119140625000000000000
2.15004420280456542968750000000000
2.15634536743164062500000000000000
2.16267228126525878906250000000000
2.16902637481689453125000000000000
2.17540574073791503906250000000000
2.18181324005126953125000000000000
2.18824696540832519531250000000000
2.19470715522766113281250000000000
2.20119500160217285156250000000000
2.20770907402038574218750000000000
2.21425056457519531250000000000000
2.22081947326660156250000000000000
2.22741580009460449218750000000000
2.23403930664062500000000000000000
2.24069166183471679687500000000000
2.24737048149108886718750000000000
2.25407838821411132812500000000000
2.26081323623657226562500000000000
2.26757693290710449218750000000000
2.27436876296997070312500000000000
2.28118872642517089843750000000000
2.28803777694702148437500000000000
