0.0789165
0.0319481
0.0269413
0.025034
0.025034
0.0240803
0.0460148
0.0231266
0.0240803
0.025034
0.0238419
0.0240803
0.0238419
0.025034
0.0240803
0.0240803
0.0238419
0.0231266
0.025034
0.0228882
0.0240803
0.0240803
0.0228882
0.025034
0.0231266
0.0228882
0.0231266
0.0231266
0.0138283
0.0140667
0.0128746
0.0128746
0.0128746
0.0138283
0.0140667
0.0138283
0.0128746
0.0138283
0.0140667
0.0138283
0.0138283
0.0138283
0.014782
0.0138283
0.0138283
0.0128746
0.013113
0.0140667
0.0140667
0.0140667
0.0181198
0.013113
0.0140667
0.013113
0.0140667
0.0140667
0.0140667
0.013113
0.013113
0.013113
0.0140667
0.0140667
0.0128746
0.0128746
0.0128746
0.013113
0.0140667
0.0128746
0.0140667
0.0140667
0.0140667
0.0140667
0.0140667
0.0140667
0.013113
0.0140667
0.0140667
0.013113
0.0128746
0.0128746
0.0140667
0.0128746
0.0140667
0.0138283
0.0128746
0.0138283
0.0138283
0.0138283
0.0128746
0.0128746
0.0138283
0.0128746
0.0138283
0.0140667
0.0138283
0.0128746
0.0128746
0.0138283
0.0140667
0.0138283
0.0140667
0.0128746
0.013113
0.0140667
0.0150204
0.0140667
0.0128746
0.013113
0.013113
0.0140667
0.0140667
0.0140667
0.0140667
0.0140667
0.0140667
0.0140667
0.0140667
0.013113
0.0140667
0.0140667
0.0140667
0.0140667
0.0128746
0.0150204
0.0138283
0.0140667
0.0138283
0.0138283
0.0150204
0.0138283
0.0128746
0.0128746
0.0140667
0.013113
0.013113
0.013113
0.013113
0.0140667
0.013113
0.013113
0.0128746
0.0128746
0.0138283
0.0128746
0.0140667
0.0138283
0.0138283
0.0138283
0.0128746
0.0128746
0.013113
0.0140667
0.0140667
0.0140667
0.0140667
0.013113
0.0140667
0.013113
0.0140667
0.013113
0.013113
0.0140667
0.0140667
0.0140667
0.0140667
0.0138283
0.0140667
0.0140667
0.0128746
0.0128746
0.0138283
0.0150204
0.0138283
0.0140667
0.0140667
0.0140667
0.0140667
0.0140667
0.0140667
0.0138283
0.015974
0.013113
0.013113
0.013113
0.0128746
0.0150204
0.0140667
0.0128746
0.0128746
0.0138283
0.0138283
0.0138283
0.0138283
0.0128746
0.0138283
0.0128746
0.0128746
0.0138283
0.0140667
0.0150204
0.0138283
0.0138283
0.0128746
0.0140667
0.0138283
0.0140667
0.0128746
0.013113
0.013113
0.0140667
0.0140667
0.0140667
0.013113
0.013113
0.0140667
0.013113
0.013113
0.013113
0.0140667
0.013113
0.0140667
0.0140667
0.013113
0.0150204
0.013113
0.0140667
0.0140667
0.0128746
0.0140667
0.0128746
0.0128746
0.0138283
0.0128746
0.0140667
0.0128746
0.013113
0.013113
0.0150204
0.0140667
0.0138283
0.0140667
0.0128746
0.0140667
0.013113
0.0140667
0.0200272
0.0140667
0.0140667
0.0140667
0.0140667
0.0138283
0.013113
0.0140667
0.0140667
0.013113
0.0140667
0.0150204
0.0128746
0.0138283
0.0138283
0.0140667
0.0140667
0.013113
0.0140667
0.0140667
0.013113
0.0140667
0.013113
0.013113
0.013113
0.013113
0.013113
0.0128746
0.0140667
0.0138283
0.0140667
0.013113
0.0128746
0.0140667
0.0128746
0.0140667
0.0128746
0.0140667
0.0128746
0.0140667
0.0150204
0.0140667
0.013113
0.0140667
0.0140667
0.0140667
0.0140667
0.013113
0.0128746
0.0140667
0.0138283
0.0140667
0.0138283
0.0128746
0.0150204
0.0140667
0.013113
0.0140667
0.013113
0.0150204
0.013113
0.0128746
0.0128746
0.0138283
0.0188351
0.0128746
0.0138283
0.0138283
0.0138283
0.0138283
0.0138283
0.0138283
0.0128746
0.0138283
0.0128746
0.0140667
0.0140667
0.0140667
0.0140667
0.0128746
0.0140667
0.0140667
0.013113
0.013113
0.0150204
0.0128746
0.0128746
0.013113
0.0140667
0.013113
0.0140667
0.013113
0.0140667
0.013113
0.013113
0.013113
0.0140667
0.0150204
0.013113
0.013113
0.013113
0.013113
0.0140667
0.0140667
0.0140667
0.013113
0.0140667
0.0140667
0.0140667
0.0140667
0.0140667
0.0150204
0.013113
0.0128746
0.0128746
0.0128746
0.0138283
0.0128746
0.0138283
0.0138283
0.0138283
0.0150204
0.0128746
0.0138283
0.0140667
0.0140667
0.0140667
0.0140667
0.0140667
0.0181198
0.0140667
0.013113
0.013113
0.0121593
0.0128746
0.0138283
0.0128746
0.013113
0.013113
0.013113
0.013113
0.013113
0.0128746
0.0128746
0.0119209
0.013113
0.013113
0.0140667
0.0128746
0.0128746
0.0138283
0.0138283
0.013113
0.013113
0.0140667
0.013113
0.013113
0.0128746
0.0128746
0.0140667
0.013113
0.013113
0.013113
0.0138283
0.0138283
0.0128746
0.013113
0.0140667
0.013113
0.013113
0.0128746
0.0138283
0.0138283
0.0150204
0.0128746
0.013113
0.013113
0.0119209
0.0128746
0.0138283
0.013113
0.013113
0.013113
0.0140667
0.0128746
0.0128746
0.0128746
0.013113
0.013113
0.013113
0.0140667
0.0140667
0.0140667
0.0128746
0.0128746
0.0140667
0.0181198
0.013113
0.0119209
0.0140667
0.0128746
0.0128746
0.013113
0.013113
0.013113
0.0128746
0.0128746
0.0138283
0.0138283
0.0128746
0.013113
0.0140667
0.013113
0.013113
0.0128746
0.0128746
0.0128746
0.0128746
0.0140667
0.0140667
0.0121593
0.0140667
0.0128746
0.0128746
0.0128746
0.013113
0.013113
0.013113
0.013113
0.0128746
0.0138283
0.0128746
0.0128746
0.0140667
0.013113
0.0150204
0.013113
0.013113
0.0128746
0.0128746
0.0128746
0.013113
0.013113
0.0140667
0.0140667
0.0140667
0.0128746
0.0128746
0.0128746
0.013113
0.0140667
0.0140667
0.013113
0.013113
0.013113
0.0128746
0.0128746
0.0128746
0.013113
0.0140667
0.013113
0.013113
0.0128746
0.013113
0.0190735
0.0140667
0.013113
0.013113
0.0121593
0.0140667
0.0128746
0.0128746
0.0128746
0.0140667
0.013113
0.013113
0.0128746
0.0128746
0.0138283
0.0128746
0.0128746
0.0121593
0.013113
0.0140667
0.013113
0.0138283
0.0119209
0.0138283
0.0140667
0.013113
0.013113
0.013113
0.0140667
0.0128746
0.0138283
0.0140667
0.013113
0.013113
0.013113
0.0128746
0.0119209
0.0128746
0.0140667
0.0140667
0.013113
0.013113
0.0128746
0.0138283
0.0128746
0.0128746
0.013113
0.0140667
0.013113
0.0119209
0.0128746
0.0128746
0.0138283
0.013113
0.013113
0.013113
0.013113
0.0150204
0.0128746
0.0138283
0.0128746
0.0119209
0.0140667
0.0140667
0.013113
0.013113
0.0138283
0.0200272
0.0138283
0.0128746
0.0128746
0.0140667
0.013113
0.013113
0.013113
0.0140667
0.0140667
0.0119209
0.0128746
0.0140667
0.013113
0.013113
0.0140667
0.0140667
0.0119209
0.0128746
0.0128746
0.0128746
0.013113
0.0121593
0.0140667
0.013113
0.0119209
0.0128746
0.013113
0.0140667
0.013113
0.0140667
0.0128746
0.0128746
0.0140667
0.013113
0.0121593
0.013113
0.0128746
0.0138283
0.0128746
0.013113
0.013113
0.0140667
0.013113
0.0128746
0.0128746
0.0128746
0.013113
0.013113
0.013113
0.013113
0.0128746
0.0138283
0.0128746
0.013113
0.0121593
0.0140667
0.0140667
0.0128746
0.0128746
0.0128746
0.0128746
0.0128746
0.013113
0.013113
0.0128746
0.0128746
0.0140667
0.0128746
0.0128746
0.0128746
0.0140667
0.0140667
0.013113
0.0119209
0.0128746
0.0128746
0.0128746
0.0140667
0.013113
0.0150204
0.013113
0.0128746
0.0119209
0.0128746
0.013113
0.013113
0.013113
0.013113
0.0128746
0.0128746
0.0128746
0.0140667
0.013113
0.013113
0.0150204
0.0140667
0.013113
0.013113
0.0128746
0.0138283
0.0128746
0.0128746
0.013113
0.0140667
0.0140667
0.013113
0.0128746
0.0128746
0.0140667
0.0128746
0.013113
0.013113
0.0128746
0.0138283
0.0128746
0.013113
0.013113
0.013113
0.0140667
0.0140667
0.0128746
0.0128746
0.013113
0.013113
0.013113
0.013113
0.0119209
0.0140667
0.0128746
0.0128746
0.013113
0.013113
0.013113
0.0140667
0.0140667
0.0140667
0.0138283
0.0128746
0.0128746
0.0140667
0.0121593
0.0140667
0.013113
0.0128746
0.0128746
0.0128746
0.0140667
0.0140667
0.013113
0.013113
0.0128746
0.0138283
0.0138283
0.013113
0.013113
0.0140667
0.0140667
0.0128746
0.0119209
0.0128746
0.0140667
0.013113
0.013113
0.0140667
0.0128746
0.0128746
0.0128746
0.013113
0.013113
0.0119209
0.0140667
0.0138283
0.0138283
0.0128746
0.0128746
0.0140667
0.013113
0.013113
0.013113
0.0140667
0.0128746
0.0138283
0.0138283
0.0138283
0.0140667
0.0119209
0.013113
0.013113
0.013113
0.0140667
0.0128746
0.0128746
0.0140667
0.013113
0.0140667
0.0140667
0.0140667
0.013113
0.0140667
0.0138283
0.0128746
0.0140667
0.0128746
0.0138283
0.0128746
0.0128746
0.013113
0.013113
0.013113
0.013113
0.0128746
0.0138283
0.013113
0.013113
0.013113
0.0140667
0.0128746
0.0128746
0.0138283
0.0140667
0.013113
0.013113
0.0140667
0.0140667
0.0128746
0.0128746
0.013113
0.0140667
0.013113
0.013113
0.0128746
0.0128746
0.0138283
0.0128746
0.0128746
0.0140667
0.013113
0.013113
0.013113
0.0140667
0.0128746
0.0128746
0.0128746
0.0140667
0.013113
0.0119209
0.0140667
0.0128746
0.0128746
0.0119209
0.013113
0.0140667
0.0119209
0.0140667
0.0128746
0.0140667
0.0128746
0.013113
0.013113
0.0140667
0.0140667
0.0128746
0.0119209
0.013113
0.013113
0.0140667
0.013113
0.0140667
0.013113
0.0140667
0.0140667
0.013113
0.013113
0.0128746
0.0119209
0.0138283
0.0128746
0.013113
0.013113
0.013113
0.0140667
0.0128746
0.0119209
0.013113
0.0140667
0.013113
0.013113
0.0128746
0.0128746
0.0138283
0.013113
0.013113
0.013113
0.0119209
0.0128746
0.0138283
0.0138283
0.0138283
0.013113
0.0140667
0.013113
0.0140667
0.013113
0.0140667
0.0128746
0.0128746
0.013113
0.013113
0.013113
0.0119209
0.0128746
0.0128746
0.0119209
0.013113
0.013113
0.0140667
0.0119209
0.0128746
0.0128746
0.0140667
0.0128746
0.013113
0.0140667
0.013113
0.013113
0.0128746
0.0128746
0.0140667
0.013113
0.0121593
0.0128746
0.0138283
0.0138283
0.013113
0.013113
0.0140667
0.013113
0.013113
0.013113
0.013113
0.013113
0.0140667
0.0128746
0.0128746
0.0128746
0.013113
0.0140667
0.013113
0.013113
0.0138283
0.0128746
0.0150204
0.013113
0.013113
0.0121593
0.013113
0.0128746
0.0128746
0.0128746
0.013113
0.013113
0.013113
0.013113
0.0138283
0.0128746
0.0128746
0.0128746
0.013113
0.013113
0.0128746
0.0138283
0.0138283
0.0138283
0.0128746
0.013113
0.0140667
0.013113
0.013113
0.0128746
0.0138283
0.0138283
0.013113
0.013113
0.0140667
0.0140667
0.0128746
0.0128746
0.0128746
0.0121593
0.0140667
0.013113
0.013113
0.0128746
0.0119209
0.0140667
0.0140667
0.0140667
0.013113
0.013113
0.0150204
0.0140667
0.0128746
0.0128746
0.0140667
0.0138283
0.0128746
0.013113
0.013113
0.013113
0.0128746
0.0128746
0.0138283
0.013113
0.0140667
0.013113
0.013113
0.0128746
0.0128746
0.0138283
0.0140667
0.0140667
0.013113
0.013113
