11.7872
11.6901
11.7521
11.719
11.7049
11.6601
11.7462
11.761
11.7359
11.7261
11.74
10.2088
6.917
6.9201
6.89101
6.86908
6.83403
6.77514
6.76394
6.7718
6.76894
6.75607
6.75392
6.76107
6.74605
6.77395
6.74915
6.76513
6.76012
6.80089
6.76894
6.77896
6.80804
6.82306
6.80304
6.80399
6.79708
6.82878
6.80995
6.78802
6.79708
6.78897
6.79898
6.79994
6.78587
6.80494
6.83308
6.80709
6.80995
6.80995
6.79994
6.79111
6.8109
6.81376
6.82807
6.83498
6.83117
6.81901
6.81496
6.82282
6.85
6.83403
6.82998
6.79278
6.82402
6.75511
6.76489
6.76703
6.75702
6.7749
6.77204
6.78611
6.76584
6.77085
6.77586
6.76489
6.78015
6.77705
6.78611
6.75893
6.76703
6.75702
6.77299
6.76298
6.75988
6.77514
6.75702
6.77299
6.75607
6.76608
6.76513
6.75797
6.74701
6.76298
6.78897
6.77419
6.74486
6.79898
6.82402
6.83498
6.82402
6.82688
6.80804
6.81996
6.81496
6.82902
6.81996
6.83403
6.8419
6.82116
6.82211
6.82998
6.84595
6.8469
6.85
6.85096
6.84905
6.85501
6.83689
6.83212
6.85191
6.85096
6.85716
6.84905
6.84404
6.85692
6.84905
6.8562
6.8059
6.85406
6.86598
6.83808
6.84381
6.8419
6.82688
6.814
6.85287
6.75392
6.82712
6.82807
6.84214
6.80995
6.82807
6.83594
6.84214
6.93417
6.91485
6.91199
6.9201
6.95705
7.01213
6.98996
7.00808
7.01499
7.00903
6.99806
6.99091
7.00188
7.00617
6.99091
6.95801
6.90579
6.95896
6.99496
6.88386
6.90603
6.90007
6.85906
6.90103
6.92201
6.92797
6.85716
6.90198
6.90103
6.84214
6.85096
6.8469
6.845
6.83689
6.83689
6.82211
6.82998
6.80423
6.83498
6.82902
6.84118
6.80399
6.81901
6.82306
6.82306
6.83999
6.82998
6.83093
6.83284
6.84881
6.82998
6.81806
6.82402
6.84404
6.85096
6.82902
6.82402
6.8171
6.82497
6.81686
6.81901
6.83093
6.82211
6.82306
6.83594
6.8121
6.82092
6.82902
6.809
6.8171
6.83904
6.82998
6.83904
6.82688
6.82592
6.83117
6.84309
6.82592
6.82998
6.82902
6.82187
6.83093
6.81806
6.814
6.82116
6.81806
6.81591
6.80709
6.81615
6.82902
6.814
6.82592
6.83594
6.82688
6.83212
6.81901
6.82783
6.84786
6.82402
6.80995
6.83498
6.83188
6.81782
6.81591
6.84214
6.83093
6.82092
6.84214
6.82592
6.82092
6.83904
6.81496
6.82592
6.82282
6.8059
6.84595
6.82807
6.81305
6.83498
6.82592
6.81996
6.8469
6.809
6.83212
6.83618
6.83999
6.83713
6.81806
6.83808
6.83594
6.82592
6.80709
6.8121
6.82402
6.80113
6.84309
6.81996
6.82902
6.83689
6.83784
6.8152
6.82497
6.81186
6.81806
6.814
6.82521
6.80804
6.85406
6.82902
6.91009
6.88505
6.84214
6.90103
6.96707
6.93107
6.96898
6.90913
6.96993
6.92701
6.92201
6.92105
6.93011
6.92415
6.91986
6.92177
6.91581
6.94704
6.93583
6.99496
6.93202
6.94013
6.94299
6.91199
6.90794
6.91605
6.84905
6.91485
6.87003
6.91581
6.89888
6.90484
6.83904
6.81782
6.8078
6.83498
6.80494
6.82878
6.82783
6.84786
6.82521
6.83689
6.82902
6.845
6.82998
6.8531
6.83093
6.83594
6.81996
6.82616
6.8171
6.82592
6.83308
6.75797
6.82998
6.80113
6.84905
6.83308
6.82712
6.845
6.8419
6.85215
6.80304
6.83498
6.83284
6.82688
6.81496
6.82998
6.79922
6.83999
6.82712
6.79994
6.80113
6.83808
6.82211
6.83904
6.82306
6.80017
6.83999
6.82187
6.742
6.80685
6.81901
6.83498
6.82998
6.83904
6.86693
6.8121
6.84309
6.82998
6.82902
6.83403
6.83188
6.83403
6.84214
6.81591
6.82616
6.8109
6.84905
6.85406
6.845
6.83999
6.83784
6.81782
6.83594
6.84214
6.82712
6.82497
6.81806
6.82712
6.83308
6.83403
6.82688
6.85501
6.79493
6.83713
6.83308
6.83308
6.81996
6.84023
6.845
6.80995
6.83498
6.82807
6.82211
6.82306
6.77705
6.75106
6.76703
6.75797
6.77299
6.79302
6.7749
6.76203
6.75392
6.75797
6.77991
6.78086
6.83904
6.82712
6.87003
6.88696
6.89006
6.87909
6.90007
6.88314
6.96707
6.96611
6.91199
6.97207
6.91605
6.90699
6.91605
6.93297
6.90293
6.90889
6.91915
6.93107
6.91819
6.90198
6.91104
6.88601
6.97899
6.91485
6.92105
6.95896
6.96421
6.9139
6.89578
6.96301
6.91795
6.89697
6.89793
6.91199
6.87695
6.91199
6.90699
6.89912
6.89197
6.90389
6.92201
6.93297
6.91891
6.85
6.88004
6.85716
6.84595
6.85215
6.83308
6.82592
6.85501
6.84786
6.86002
6.86502
6.8469
6.82497
6.84094
6.83212
6.82998
6.83284
6.83594
6.81496
6.76107
6.81901
6.80399
6.80804
6.81901
6.82807
6.79612
6.83594
6.82688
6.82902
6.81782
6.82902
6.81686
6.82497
6.82616
6.809
6.83618
6.814
6.83093
6.83594
6.83522
6.81496
6.85
6.83522
6.81996
6.82902
6.82902
6.82211
6.84214
6.80709
6.77299
6.76894
6.778
6.77299
6.76513
6.78802
6.75511
6.76703
6.76203
6.78086
6.73819
6.78897
6.84094
6.83808
6.81496
6.82783
6.84595
6.82998
6.82187
6.82592
6.82902
6.81114
6.83188
6.82187
6.80208
6.82211
6.81496
6.82306
6.83904
6.82282
6.82998
6.81496
6.778
6.81996
6.8171
6.82592
6.83188
6.81591
6.83808
6.82998
6.80304
6.87003
6.83284
6.92391
6.83904
6.89793
6.83618
6.82497
6.881
6.87194
6.89697
6.83594
6.91819
6.85
6.92201
6.91319
6.92606
6.917
6.85906
6.84309
6.83999
6.93417
6.90794
6.92296
6.93703
6.8891
6.89101
6.88791
6.85096
6.87885
6.87599
6.83618
6.88887
6.88815
6.88004
6.845
6.93321
6.92391
6.92177
6.99091
6.90913
6.91891
6.917
6.97207
6.91319
6.91295
6.9778
6.95705
6.97398
6.90103
6.92081
6.91414
6.91319
6.95682
6.86407
6.90198
6.8891
6.88815
6.90198
6.89101
6.91009
6.83999
6.88386
6.82187
6.86193
6.87099
6.82211
6.83713
6.83808
6.82807
6.809
6.80208
6.83403
6.84094
6.81996
6.83093
6.83117
6.81806
6.77705
6.7718
6.75583
6.76298
6.76703
6.75511
6.78706
6.79708
6.82807
6.84786
6.84285
6.85
6.845
6.83403
6.85
6.81877
6.85883
6.84595
6.83498
6.86884
6.8388
6.81901
6.82092
6.83117
6.82998
6.82902
6.82092
6.83403
6.814
6.82211
6.86789
6.82592
6.83212
6.80685
6.85
6.82306
6.83308
6.82497
6.814
6.81901
6.8481
6.83904
6.82211
6.75797
6.82497
6.83403
6.80518
6.80304
6.83093
6.79684
6.82497
6.81305
6.83212
6.82306
6.83904
6.83713
6.80089
6.81901
6.85096
6.84905
6.80804
6.81686
6.84285
6.82616
6.83212
6.83188
6.82878
6.80685
6.82187
6.83093
6.845
6.8171
6.84118
6.82807
6.81782
6.8469
6.84714
6.89101
6.90198
6.90389
6.86598
6.88791
6.86502
6.92916
6.91199
6.90913
6.91104
6.9561
6.91199
6.96802
6.90603
6.92105
6.96492
6.91605
6.91915
6.93512
6.94704
6.92797
6.92701
6.96206
6.92606
6.90389
6.91605
6.90484
6.92296
6.92892
6.83594
6.90699
6.90007
6.89602
6.90913
6.81901
6.83808
6.81782
6.83904
6.83594
6.82998
6.82211
6.82402
6.82998
6.82807
6.81806
6.83403
6.80995
6.82497
6.82187
6.85501
6.90889
6.83999
6.83498
6.88696
6.87504
6.89006
6.82521
6.88887
6.881
6.90508
6.83403
6.87599
6.91319
6.91795
6.84404
6.92081
6.90794
6.92511
6.92415
6.90699
6.93607
6.92415
6.94609
6.88004
6.91605
6.90794
6.82807
6.91915
6.87408
6.81901
6.79398
6.79803
6.83498
6.8028
6.80995
6.83117
6.81496
6.81114
6.845
6.83999
6.83999
6.82592
6.82306
6.82807
6.8109
6.82783
6.83093
6.85215
6.82402
6.84381
6.85
6.82902
6.80399
6.81901
6.79493
6.81901
6.83188
6.79898
6.83498
6.83808
6.83713
6.8121
6.83093
6.81806
6.82712
6.809
6.8481
6.81305
6.82712
6.82306
6.83618
6.82497
6.81996
6.82402
6.83403
6.83498
6.82712
6.82902
6.83594
6.79588
6.82998
6.79994
6.809
6.845
6.81806
6.814
6.82998
6.84595
6.83498
6.8512
6.83808
6.84094
6.82521
6.82592
6.82306
6.83403
6.82402
6.809
6.83308
6.83403
6.87194
6.90389
6.89101
6.82497
6.87909
6.88601
6.87695
6.91509
6.90389
6.93083
6.95896
6.97207
6.91223
6.89507
6.97112
6.98805
6.95109
6.93297
6.99306
6.94585
6.9499
6.94919
6.93893
6.93417
7.00903
6.95109
6.88791
6.85382
6.90889
6.88219
6.90794
6.8891
6.8891
6.90413
6.90198
6.86407
6.82902
6.89101
6.83904
6.84905
6.845
6.83808
6.81305
6.83093
6.80709
6.83284
6.85406
6.83188
6.83808
6.81901
6.80804
6.82306
6.83308
6.83093
6.82902
6.8202
6.82092
6.82998
6.79588
6.82712
6.84309
6.85501
6.88815
6.88195
6.89816
6.91295
6.87814
6.84094
6.90889
6.88696
6.83594
6.83212
6.89507
6.91819
6.94895
6.83999
6.93297
6.90603
6.92201
6.84905
6.90198
6.9201
6.91199
6.85406
6.91009
6.90985
6.91104
6.92606
6.90603
6.91795
6.83522
6.82902
6.80995
6.84118
6.8109
6.80614
6.84595
6.83093
6.83212
6.83403
6.82092
6.83498
6.82497
6.81186
6.83999
6.82402
6.8419
6.8078
6.83689
6.81114
6.82497
6.79183
6.82521
6.82998
6.8121
6.83713
6.83904
6.8121
6.83689
6.82902
6.83498
6.82807
6.83212
6.81806
6.82592
6.809
6.83904
6.83188
6.82282
