4.64082
4.59409
4.58789
4.61006
4.59409
4.60196
4.59599
4.59599
4.59099
4.59003
4.61197
4.59099
4.5979
4.61507
4.60196
4.62389
4.60291
4.60005
4.61006
4.58598
4.59099
4.59909
4.61102
4.57907
4.58384
4.61698
4.59099
4.5979
4.58288
4.59194
4.58884
4.59194
4.59099
4.60196
4.61006
4.59504
4.5929
4.58407
4.63295
4.59218
4.61197
4.61197
4.59194
4.58407
4.60196
4.60005
4.61698
4.5929
4.60792
4.5929
4.59814
4.58097
4.59313
4.60196
4.5979
4.61102
4.5898
4.58503
4.59194
4.58598
4.59886
4.61102
4.59599
4.601
4.58813
4.61102
4.60315
4.59695
4.59003
4.59814
4.6041
4.59695
4.61292
4.59409
4.60982
4.60005
4.61221
4.60887
4.60505
4.59599
4.58813
4.60911
4.59599
4.59194
4.59385
4.6041
4.60911
4.5979
4.59409
4.59814
4.60601
4.59003
4.61197
4.58789
4.60196
4.62103
4.60315
4.58598
4.60005
4.601
4.61292
4.58288
4.59099
4.60505
4.60887
4.61793
4.60601
4.601
4.60505
4.60505
4.57597
4.59814
4.58503
4.57907
4.58598
4.601
4.57811
4.5898
4.59003
4.58598
4.59599
4.59719
4.58503
4.59003
4.60005
4.61006
4.60315
4.61483
4.58097
4.59695
4.59003
4.60792
4.59194
4.59695
4.59886
4.61698
4.61102
4.59504
4.62222
4.58598
4.62198
4.60505
4.58884
4.60505
4.61292
4.59194
4.61388
4.59003
4.5948
4.60196
4.60696
4.59599
4.59003
4.601
4.62413
4.60386
4.59695
4.61388
4.60005
4.59385
4.58789
4.59504
4.59385
4.60696
4.61102
4.59504
4.59313
4.59719
4.58312
4.58789
4.58503
4.58503
4.59409
4.61698
4.57716
4.59194
4.59194
4.60196
4.59194
4.58384
4.59099
4.61292
4.61102
4.58407
4.59409
4.57382
4.6041
4.59981
4.59504
4.60887
4.57907
4.58288
4.60505
4.59695
4.58908
4.60792
4.57692
4.60005
4.59194
4.58884
4.60792
4.60196
4.57311
4.60482
4.61507
4.58479
4.61102
4.61698
4.60291
4.58694
4.60005
4.58121
4.59814
4.59814
4.59194
4.62198
4.5948
4.59909
4.61483
4.58813
4.6041
4.60601
4.59385
4.58598
4.59909
4.58503
4.60696
4.62008
4.601
4.58908
4.61698
4.61793
4.60196
4.59599
4.61102
4.60601
4.58908
4.58622
4.59599
4.64296
4.601
4.59886
4.60505
4.61698
4.5898
4.59003
4.61388
4.61316
4.60005
4.60887
4.60505
4.60386
4.61006
4.60601
4.59003
4.60601
4.5979
4.61292
4.59003
4.5979
4.62103
4.58097
4.61411
4.61102
4.60219
4.58908
4.5979
4.58908
4.632
4.60505
4.60601
4.60911
4.57597
4.59099
4.60505
4.60792
4.59099
4.59504
4.58884
4.58002
4.61602
4.57883
4.59099
4.61602
4.5929
4.59385
4.6041
4.59599
4.60505
4.61984
4.59695
4.59313
4.57716
4.60792
4.59695
4.5929
4.59599
4.58694
4.60005
4.60196
4.62008
4.58789
4.58312
4.61411
4.60887
4.5979
4.61793
4.59194
4.58908
4.58288
4.60196
4.58407
4.58908
4.59504
4.61006
4.59313
4.60696
4.5979
4.60291
4.60291
4.59599
4.59695
4.60196
4.5929
4.59504
4.58598
4.61197
4.61793
4.59099
4.60196
4.60219
4.58097
4.5898
4.58503
4.58884
4.61292
4.60696
4.61912
4.6041
4.5929
4.60887
4.59909
4.60196
4.58884
4.59504
4.60386
4.58598
4.6351
4.59909
4.59981
4.59409
4.59504
4.58789
4.59409
4.5929
4.59695
4.59886
4.60005
4.60386
4.59003
4.5948
4.58598
4.61102
4.59886
4.60005
4.59599
4.58694
4.59504
4.58598
4.59719
4.5948
4.58908
4.59981
4.6041
4.59194
4.57001
4.59719
4.58097
4.59909
4.59981
4.60315
4.61197
4.61507
4.58598
4.61102
4.60482
4.59599
4.5979
4.57907
4.59099
4.60792
4.58789
4.58503
4.62103
4.59218
4.61602
4.57716
4.59194
4.58694
4.58097
4.60291
4.59886
4.59099
4.58908
4.60792
4.58503
4.60219
4.62508
4.60196
4.59886
4.601
4.60291
4.61197
4.58193
4.59194
4.59909
4.60792
4.59695
4.59099
4.5979
4.59409
4.60505
4.58598
4.62794
4.59599
4.6258
4.58407
4.59003
4.58598
4.59218
4.60219
4.60911
4.60482
4.62508
4.61602
4.58598
4.59003
4.601
4.58717
4.63414
4.601
4.60005
4.58598
4.59886
4.59814
4.60792
4.59695
4.59695
4.58384
4.59719
4.59218
4.58813
4.60482
4.60005
4.58384
4.59909
4.60196
4.5929
4.59695
4.59385
4.57811
4.59814
4.61388
4.59909
4.60196
4.59313
4.59099
4.60982
4.59099
4.59194
4.59909
4.61984
4.62103
4.59504
4.60815
4.60792
4.58503
4.601
4.58694
4.59194
4.59313
4.59194
4.60291
4.59599
4.62079
4.59909
4.59099
4.5979
4.59099
4.61984
4.58407
4.59099
4.62008
4.5979
4.60911
4.601
4.59313
4.59909
4.59504
4.5929
4.60792
4.62389
4.61006
4.60291
4.60505
4.57692
4.58312
4.59218
4.58598
4.58717
4.58312
4.59504
4.60911
4.60291
4.59599
4.60505
4.60815
4.59218
4.601
4.60911
4.60696
4.59218
4.5948
4.62914
4.57406
4.59194
4.5929
4.59313
4.59313
4.57096
4.59504
4.59409
4.58503
4.58908
4.57692
4.60005
4.58694
4.58193
4.59123
4.61817
4.63104
4.5979
4.5979
4.58407
4.5929
4.57501
4.60482
4.601
4.59695
4.57597
4.60696
4.60005
4.601
4.59313
4.61602
4.57811
4.60005
4.60196
4.59909
4.59099
4.58407
4.58288
4.58407
4.5979
4.58789
4.5929
4.58503
4.57907
4.60601
4.6072
4.58813
4.59099
4.60005
4.60291
4.601
4.59695
4.58407
4.58384
4.58503
4.59886
4.60196
4.62699
4.60911
4.59814
4.61793
4.60196
4.60386
4.59695
4.59099
4.58598
4.59599
4.5948
4.61197
4.57501
4.58908
4.60291
4.61602
4.59099
4.57382
4.60005
4.60601
4.58288
4.601
4.5929
4.59886
4.58407
4.60982
4.58598
4.59504
4.60482
4.61411
4.59814
4.62103
4.61411
4.60505
4.59003
4.62389
4.59886
4.59814
4.61912
4.59814
4.58622
4.59814
4.59099
4.6258
4.58813
4.60482
4.60005
4.61102
4.59599
4.60601
4.58288
4.58598
4.58407
4.59981
4.59194
4.58694
4.601
4.58598
4.59504
4.60601
4.62389
4.59385
4.63414
4.601
4.5898
4.58908
4.60386
4.58789
4.59313
4.5898
4.61102
4.5929
4.601
4.59409
4.59385
4.59504
4.59194
4.59099
4.59003
4.59909
4.59695
4.59599
4.57907
4.59599
4.58288
4.62198
4.5979
4.58813
4.57621
4.58717
4.59719
4.60792
4.58598
4.58193
4.59886
4.59909
4.6041
4.6289
4.61102
4.601
4.62103
4.60196
4.61507
4.60386
4.59504
4.61483
4.59003
4.59886
4.59695
4.60792
4.58908
4.62103
4.58407
4.5929
4.6041
4.59313
4.58789
4.58002
4.59194
4.59409
4.601
4.59099
4.6041
4.59409
4.57907
4.59003
4.5929
4.58789
4.61507
4.59194
4.59099
4.58097
4.60601
4.59099
4.59504
4.59981
4.58097
4.60792
4.601
4.58407
4.60911
4.58193
4.61888
4.58407
4.59695
4.59981
4.59099
4.57978
4.58598
4.59695
4.59099
4.61102
4.58598
4.60005
4.62508
4.60696
4.57406
4.59003
4.58789
4.58884
4.59409
4.58503
4.59719
4.58217
4.601
4.63295
4.60505
4.601
4.6041
4.58288
4.59599
4.58598
4.59886
4.61793
4.61411
4.58789
4.5929
4.60005
4.61078
4.58407
4.5929
4.59886
4.58813
4.59981
4.60291
4.58884
4.58598
4.61006
4.60196
4.58884
4.58503
4.59003
4.59504
4.60982
4.60196
4.59003
4.59695
4.59194
4.59003
4.6041
4.58622
4.59003
4.60601
4.60386
4.59814
4.61316
4.57978
4.58789
4.61507
4.60505
4.59409
4.60482
4.58813
4.61006
4.60887
4.58503
4.61507
4.61698
4.59599
4.59599
4.57096
4.60196
4.57215
4.60196
4.57597
4.60219
4.61888
4.58789
4.59909
4.61102
4.61006
4.60815
4.58193
4.58479
4.59909
4.59099
4.59218
4.59909
4.58384
4.59909
4.59194
4.59194
4.58598
4.61292
4.59003
4.6289
4.58884
4.61698
4.601
4.59886
4.58694
4.59099
4.58479
4.60315
4.59099
4.59599
4.60911
4.60315
4.59695
4.59981
4.59194
4.58503
4.58288
4.60196
4.62103
4.60696
4.57883
4.601
4.59909
4.58908
4.60196
4.59886
4.5979
4.61912
4.58479
4.59099
4.62699
4.59099
4.60386
4.60696
4.60505
4.59409
4.59385
4.59504
4.60696
4.59599
4.58384
4.61888
4.59695
4.59099
4.60601
4.59099
4.601
4.601
4.60601
4.601
4.61411
4.6072
4.58717
4.60219
4.59099
4.601
4.59695
4.61507
4.5929
4.60005
4.59886
4.601
4.59695
4.62389
4.58097
4.61102
4.59385
4.59099
4.59909
4.58813
4.59981
4.60696
4.60911
4.59194
4.58503
4.59313
4.58884
4.5929
4.59409
4.57287
4.59599
4.59599
4.59385
4.60696
4.58193
4.60005
4.59099
4.60505
4.59599
4.6041
4.59003
4.60005
4.59409
4.601
4.61912
4.58908
4.59385
4.59313
4.60386
4.57692
4.58789
4.58217
4.6041
4.601
4.59123
4.60601
4.62008
4.60219
4.60386
4.58288
4.58598
4.58908
4.58479
4.60005
4.59003
4.6072
4.60601
4.59909
4.58312
4.5979
4.60792
4.59099
4.60601
4.58288
4.60291
4.59909
4.64892
4.58789
4.5979
4.58503
4.60196
4.59099
4.60386
4.5979
4.58193
4.58908
4.58694
4.61292
4.57692
4.60792
4.58097
4.59599
4.58503
4.57692
4.60196
4.59003
4.60005
4.58407
4.59719
4.59409
4.58503
4.62413
4.58598
4.5898
4.59504
4.59886
4.58407
4.60386
4.59385
4.61602
4.58598
4.58288
4.60005
4.60196
4.59003
4.60005
4.59981
4.59194
4.59409
4.59599
4.57692
4.5979
4.58884
