0.00000000000000000000000000000000
0.00000000060206711838262094715901
0.00000000120413423676524189431802
0.00000000180620141065901407273486
0.00000000240826847353048378863605
0.00000000301033553640195350453723
0.00000000361240282131802814546973
0.00000000421446966214489293633960
0.00000000481653694706096757727209
0.00000000541860423197704221820459
0.00000000602067107280390700907446
0.00000000662273835771998165000696
0.00000000722480564263605629093945
0.00000000782687248346292108180933
0.00000000842893932428978587267920
0.00000000903100705329507036367431
0.00000000963307389412193515454419
0.00000001023514073494879994541407
0.00000001083720846395408443640918
0.00000001143927530478094922727905
0.00000001204134214560781401814893
0.00000001264340987461309850914404
0.00000001324547671543996330001391
0.00000001384754355626682809088379
0.00000001444961128527211258187890
0.00000001505167723792055767262354
0.00000001565374496692584216361865
0.00000001625581269593112665461376
0.00000001685787864857957174535841
0.00000001745994637758485623635352
0.00000001806201410659014072734863
0.00000001866408005923858581809327
0.00000001926614778824387030908838
0.00000001986821551724915480008349
0.00000002047028146989759989082813
0.00000002107234919890288438182324
0.00000002167441692790816887281835
0.00000002227648288055661396356300
0.00000002287855060956189845455810
0.00000002348061833856718294555321
0.00000002408268429121562803629786
0.00000002468475202022091252729297
0.00000002528681974922619701828808
0.00000002588888570187464210903272
0.00000002649095343087992660002783
0.00000002709302115988521109102294
0.00000002769508711253365618176758
0.00000002829715484153894067276269
0.00000002889922257054422516375780
0.00000002950128852319267025450245
0.00000003010335447584111534524709
0.00000003070542220484639983624220
0.00000003130748993385168432723731
0.00000003190955766285696881823242
0.00000003251162539186225330922753
0.00000003311369312086753780022264
0.00000003371575729715914349071681
0.00000003431782502616442798171192
0.00000003491989275516971247270703
0.00000003552196048417499696370214
0.00000003612402821318028145469725
0.00000003672609594218556594569236
0.00000003732816011847717163618654
0.00000003793022784748245612718165
0.00000003853229557648774061817676
0.00000003913436330549302510917187
0.00000003973643103449830960016698
0.00000004033849521078991529066116
0.00000004094056293979519978165627
0.00000004154263066880048427265137
0.00000004214469839780576876364648
0.00000004274676612681105325464159
0.00000004334883385581633774563670
0.00000004395089803210794343613088
0.00000004455296576111322792712599
0.00000004515503349011851241812110
0.00000004575710121912379690911621
0.00000004635916894812908140011132
0.00000004696123667713436589110643
0.00000004756330085342597158160061
0.00000004816536858243125607259572
0.00000004876743631143654056359082
0.00000004936950404044182505458593
0.00000004997157176944710954558104
0.00000005057363949845239403657615
0.00000005117570367474399972707033
0.00000005177777140374928421806544
0.00000005237983913275456870906055
0.00000005298190686175985320005566
0.00000005358397459076513769105077
0.00000005418604231977042218204588
0.00000005478810649606202787254006
0.00000005539017422506731236353517
0.00000005599224195407259685453027
0.00000005659430968307788134552538
0.00000005719637741208316583652049
0.00000005779844514108845032751560
0.00000005840050931738005601800978
0.00000005900257704638534050900489
0.00000005960464477539062500000000
0.00000006020670895168223069049418
