46.5519
45.6939
45.068
45.073
45.0981
45.0921
45.2688
45.4221
45.4938
45.3219
45.121
45.197
45.0599
44.9281
45.0561
45.155
45.294
45.27
44.878
45.347
44.7781
45.2571
44.7209
45.0351
45.0552
45.099
45.6829
45.3489
45.0549
45.2919
45.0668
44.805
45.1331
44.709
44.992
45.1629
45.3472
45.1081
45.2089
45.2299
45.4252
45.1269
45.027
44.903
45.3298
45.208
44.7419
45.3088
44.9951
45.1531
45.0261
45.687
44.8821
44.9128
44.8179
45.1009
45.4259
45.2979
45.198
45.1241
45.4228
44.9991
44.8771
45.2991
45.1231
44.939
44.9321
44.9331
45.1169
45.346
45.1391
45.3811
45.006
44.9381
45.1059
44.92
45.3629
45.362
45.33
45.2521
45.3641
45.0521
45.2068
45.2039
45.0299
45.079
45.0091
45.5191
45.1541
45.161
44.898
45.3551
45.0251
45.1491
45.5532
44.955
45.2602
45.095
45.135
45.167
45.0859
45.3651
45.4731
45.064
44.951
45.3548
44.8201
44.96
45.186
44.9228
45.397
45.2311
45.1832
44.9359
45.3429
44.5681
45.2831
45.4321
45.0652
44.8279
45.078
45.0702
44.909
44.9982
45.0361
45.1422
44.93
44.651
45.3532
45.167
45.265
45.3191
45.1531
44.806
45.0499
45.1102
44.9431
45.357
45.1388
44.893
45.3351
45.4922
45.356
45.068
44.9181
45.568
44.96
45.2931
45.46
45.254
45.3548
44.8699
45.1069
45.3641
45.2571
45.1548
45.155
45.1479
44.7681
45.1779
45.0749
45.073
44.862
45.2721
45.449
45.3529
45.145
45.126
45.4979
45.1121
44.96
45.377
45.398
45.1329
45.2878
45.2731
44.7481
45.676
44.919
44.9841
45.2819
44.9879
45.5251
45.0189
45.2049
44.903
44.8771
45.2459
45.4249
45.2199
45.2058
45.182
45.1312
45.306
45.33
45.0799
45.8012
45.197
45.1059
44.9989
45.367
45.0501
44.9769
45.2459
44.9939
44.935
44.9998
44.9829
45.2089
44.975
44.8058
45.28
44.9548
45.13
45.047
45.352
45.6171
45.4051
44.9991
45.0981
45.033
44.8608
45.1598
44.879
44.878
45.1829
45.619
45.3501
45.0051
44.92
44.9719
45.0249
45.3439
45.1961
44.9579
45.0449
45.141
45.0938
45.012
45.131
44.8511
45.1021
45.0752
44.9369
45.1179
44.8589
45.11
45.1081
45.3122
45.1021
44.7521
44.986
44.966
45.4171
45.0089
44.904
45.006
45.4061
45.341
44.625
44.8689
44.847
45.1479
45.0912
45.486
45.1069
44.7631
45.125
45.0509
45.0962
44.909
45.1579
45.0041
45.0039
45.078
45.1469
45.4321
45.3501
44.6699
44.9779
45.243
45.3529
45.1419
45.2139
45.013
44.9591
45.0239
45.6209
44.8501
44.704
44.9431
44.8811
45.172
45.1319
45.1632
45.696
45.2368
45.2259
44.9359
45.254
44.9691
45.269
45.604
45.2991
45.3241
44.975
45.14
45.3091
45.198
45.0549
45.1369
44.97
44.9941
45.0161
44.8508
45.382
45.2731
45.1851
45.1891
45.2571
44.9851
45.2011
45.3548
44.9281
45.265
45.48
45.0521
45.074
44.724
45.0039
45.1519
45.537
44.8689
44.975
45.3029
44.872
44.857
44.7569
44.9381
45.208
45.0461
44.8642
44.745
45.1839
45.0089
44.9371
45.0752
45.0389
45.433
45.3629
45.2139
45.0351
45.119
44.8942
45.027
44.9872
44.9741
44.92
44.8818
45.4919
44.9009
44.8179
45.2311
45.3112
44.8401
45.4719
45.095
45.3379
44.987
45.135
45.0521
44.9131
45.013
45.373
45.1169
45.0349
45.228
45.0602
45.1491
45.321
45.141
44.8868
45.608
45.3451
45.1488
45.1529
45.1269
44.8458
45.162
45.4829
44.765
44.9569
44.92
44.9989
44.93
45.2271
45.289
45.0399
45.1069
45.1069
45.2471
45.1231
44.8961
45.0451
45.4001
45.197
45.316
44.8329
45.352
45.2511
45.1441
45.186
45.238
44.996
44.9991
45.33
45.0039
44.838
45.4402
45.2352
44.8179
45.455
45.1741
45.2271
45.1469
44.7712
45.1751
44.858
45.032
44.934
45.1639
45.3558
45.2471
45.0859
45.1989
45.002
45.0971
44.9748
44.9889
45.0299
45.239
45.069
45.0389
44.9848
45.094
44.78
44.8239
45.1548
45.0261
44.8141
45.3081
45.0749
45.042
44.976
45.157
45.0032
45.218
44.8709
45.4049
45.3379
45.336
44.9419
45.1009
45.501
45.0952
44.9071
45.1429
44.975
45.2602
45.3629
45.177
45.413
45.3188
45.0411
44.909
45.073
45.0082
45.1009
45.1989
45.0559
45.224
45.0201
45.4409
44.744
45.2681
45.2511
44.714
45.3949
45.3408
45.12
45.1832
45.5
44.8971
44.9619
45.1529
45.0289
45.1088
44.802
44.7729
44.939
45.1071
44.991
45.2988
45.362
44.8
45.223
44.7929
44.812
45.342
45.079
44.97
44.6839
45.511
45.3181
44.9071
44.832
44.9839
45.0811
44.939
45.2218
45.284
45.2802
45.155
45.249
44.8589
45.4299
44.9541
45.47
45.4261
45.145
44.9429
45.378
45.0721
45.177
44.858
45.2752
45.1829
45.4171
45.2919
45.366
45.083
45.2261
45.212
44.7381
45.177
44.755
45.439
45.069
44.847
45.1078
45.032
45.264
45.181
45.2051
44.9901
44.873
45.2521
44.8282
45.2991
45.0671
45.0752
45.0151
44.7791
45.032
44.9979
44.9638
45.079
44.9831
45.2859
45.155
45.187
45.1941
45.0542
44.934
45.151
45.2149
44.9519
45.064
45.5132
45.2361
44.8411
45.2161
44.8682
45.2471
45.0411
45.135
44.8549
45.1238
45.0361
45.1109
44.9829
45.311
45.0962
45.13
44.6641
45.0261
44.9409
45.3248
44.9829
44.9939
45.0099
45.217
45.0261
45.521
45.2201
45.2521
45.058
44.991
44.9159
45.3179
44.8239
45.3169
45.2199
44.7578
45.068
44.909
45.223
44.7619
45.1109
45.2328
44.775
45.207
45.2828
45.1338
45.053
45.3732
44.9321
45.0981
44.7412
45.2609
45.5489
44.975
45.5899
45.6779
44.8189
45.3849
45.161
45.366
44.904
45.568
45.4819
45.095
45.3441
45.5091
45.095
45.104
44.965
44.992
44.9729
44.9879
45.45
45.2759
45.4421
44.6091
45.4051
45.387
44.9851
45.337
45.094
44.7922
45.109
45.0912
45.1319
45.114
44.9541
45.0501
45.2371
44.9879
45.099
45.2991
45.1
45.2061
45.0168
45.1031
44.956
45.1891
45.4421
45.4278
45.0389
45.465
44.9979
45.006
45.3012
45.048
45.325
45.084
44.6451
44.7631
45.1639
45.1009
45.392
45.0001
44.745
45.094
44.95
45.4371
45.069
45.0211
45.234
44.9841
44.735
44.924
45.5651
45.068
44.9719
45.114
45.2359
45.2039
44.9438
45.0718
45.171
44.7872
44.9669
44.8339
45.2158
45.4769
44.9378
45.2249
45.347
45.0191
45.5661
44.7741
45.0721
44.8701
45.0842
45.1121
45.0039
45.3689
45.146
45.4872
45.373
45.198
45.1961
44.754
45.2919
45.418
45.3432
45.068
45.2828
44.6339
45.2828
45.2521
45.269
45.166
45.2809
45.2242
45.114
44.9409
45.207
45.4149
44.806
45.2659
45.1119
45.691
44.951
44.8499
45.1128
45.0449
45.0768
45.4171
45.285
44.904
45.244
45.3689
45.289
45.193
44.7822
45.3041
45.414
44.8399
44.8101
45.3901
45.3
45.3541
45.224
45.3651
45.31
45.114
44.8709
45.0928
44.6959
45.372
44.9831
45.66
45.2101
44.836
45.48
45.177
44.9481
44.92
44.9259
44.7249
44.867
45.5458
45.557
44.9731
45.0151
44.8611
44.9932
45.2931
45.2611
45.0401
44.919
45.0039
44.9018
45.5289
45.3289
45.2249
45.1641
45.4249
45.4009
45.048
45.126
45.083
45.047
45.1028
45.053
45.2502
45.2328
45.208
45.418
45.001
45.191
45.141
45.0358
45.6309
44.862
45.2669
45.0809
45.537
45.13
45.433
45.109
45.316
45.1379
45.418
45.2611
45.0971
45.2781
44.899
45.099
45.321
44.8911
45.424
44.9409
45.1839
45.2979
45.2549
45.3639
44.951
45.1701
45.1012
45.3482
45.294
45.1522
45.0339
44.8039
44.955
45.049
45.2209
45.1241
45.332
45.0411
44.7421
44.796
45.3351
45.4991
45.068
45.09
45.2251
45.29
45.212
45.104
45.14
45.0199
44.836
44.9159
45.1319
45.0599
45.059
44.8492
44.831
45.109
45.222
45.4211
44.7931
45.3041
45.3029
45.0408
45.0499
45.2671
45.4872
45.0611
45.0339
45.795
45.079
45.069
45.115
44.8751
45.1381
44.843
45.1598
45.347
44.8968
45.254
45.5561
45.239
44.7731
44.6801
45.032
45.1701
44.8802
45.5222
45.1751
45.378
44.898
45.1269
45.3389
44.9669
45.2728
44.966
45.0981
45.4168
45.162
45.3119
45.2752
44.996
44.9791
44.9011
45.1
45.3761
45.4891
45.6531
45.022
44.9309
45.193
45.3091
44.9729
44.9688
45.336
44.9531
45.1901
45.687
45.155
45.1238
45.2271
45.0702
45.5341
44.9419
44.997
45.1269
45.3041
44.9212
45.0141
45.5091
45.373
44.847
45.0292
45.2931
44.955
45.1162
45.2571
45.0611
44.987
45.1519
45.104
45.0549
45.3191
45.7029
45.0182
45.3041
45.4469
44.8532
45.1269
45.1269
45.3451
45.176
45.0141
44.8411
44.939
45.208
44.8551
45.3382
45.0721
45.387
45.1732
44.965
44.632
45.445
44.668
45.2571
44.9131
45.486
45.4659
45.084
45.233
45.136
45.0232
45.104
45.157
