11.78
11.6959
11.761
11.826
11.7159
11.7941
11.6968
11.8539
11.755
11.7972
11.7781
11.673
11.492
11.411
11.4119
11.389
11.3361
11.3499
11.3471
11.4
11.4219
11.446
11.4069
11.452
11.3971
11.43
11.3702
11.411
11.374
11.3239
11.3149
11.4229
11.343
11.3659
11.3351
11.373
11.261
11.3409
11.3709
11.3671
11.3242
11.3001
11.3161
11.364
11.2011
11.374
11.313
11.3029
11.291
11.3189
11.2569
11.359
11.282
11.3652
11.3249
11.2119
11.2901
11.224
11.3778
11.2751
11.2858
11.3502
11.3192
11.359
11.2879
11.415
11.3411
11.301
11.322
11.291
11.313
11.3518
11.2991
11.344
11.2891
11.287
11.3649
11.281
11.3029
11.3158
11.3411
11.3151
11.2901
11.3349
11.3628
11.286
11.3029
11.2379
11.3449
11.271
11.373
11.4119
11.369
11.3161
11.333
11.3339
11.272
11.277
11.2371
11.2889
11.287
11.3599
11.3292
11.368
11.328
11.2541
11.3652
11.3368
11.3361
11.282
11.276
11.3029
11.3401
11.3389
11.3611
11.3142
11.2541
11.3952
11.389
11.343
11.2288
11.261
11.276
11.3149
11.4739
11.375
11.368
11.2882
11.287
11.3471
11.3189
11.3521
11.343
11.3251
11.354
11.302
11.2729
11.24
11.308
11.2889
11.306
11.3881
11.3232
11.318
11.2882
11.282
11.235
11.2641
11.426
11.3759
11.3721
11.2131
11.348
11.3339
11.2982
11.3709
11.2901
11.2922
11.3611
11.292
11.236
11.2789
11.3618
11.265
11.296
11.338
11.3339
11.4141
11.3111
11.3049
11.349
11.322
11.256
11.3189
11.2951
11.2979
11.3261
11.3828
11.2922
11.3611
11.2848
11.359
11.3411
11.3828
11.3001
11.3409
11.21
11.3931
11.4262
11.3351
11.348
11.3609
11.2929
11.2638
11.2751
11.4491
11.3039
11.322
11.4028
11.313
11.286
11.3492
11.282
11.348
11.312
11.482
11.3289
11.204
11.399
11.3521
11.2698
11.2891
11.3091
11.328
11.3049
11.2669
11.3208
11.2729
11.343
11.261
11.3091
11.323
11.322
11.322
11.3358
11.348
11.23
11.301
11.312
11.2669
11.2979
11.337
11.3301
11.3292
11.3361
11.5011
11.301
11.3311
11.2581
11.276
11.2672
11.389
11.261
11.364
11.297
11.3161
11.3101
11.2848
11.342
11.302
11.286
11.328
11.2391
11.282
11.43
11.333
11.277
11.291
11.373
11.3242
11.378
11.3511
11.2829
11.2371
11.3878
11.2629
11.3051
11.348
11.3449
11.353
11.3161
11.2979
11.3769
11.3471
11.2901
11.2159
11.3621
11.2221
11.287
11.2958
11.246
11.2441
11.312
11.255
11.3559
11.2619
11.282
11.287
11.2991
11.373
11.338
11.344
11.3752
11.292
11.241
11.3561
11.3521
11.3339
11.3311
11.3151
11.3101
11.2822
11.3971
11.3451
11.302
11.317
11.333
11.363
11.4028
11.354
11.2672
11.4012
11.2882
11.2941
11.3111
11.286
11.333
11.425
11.3318
11.4372
11.3041
11.312
11.215
11.2989
11.312
11.266
11.2991
11.3628
11.3621
11.337
11.3299
11.3029
11.3039
11.2798
11.2748
11.3511
11.3208
11.271
11.317
11.369
11.3981
11.348
11.2441
11.3111
11.318
11.2481
11.3208
11.378
11.312
11.3139
11.245
11.327
11.337
11.3142
11.3461
11.317
11.343
11.38
11.3621
11.312
11.276
11.3001
11.301
11.348
11.2512
11.3392
11.3561
11.3032
11.2309
11.348
11.2982
11.3602
11.3449
11.2669
11.3258
11.3649
11.395
11.354
11.2839
11.266
11.3049
11.394
11.282
11.2581
11.353
11.3361
11.348
11.354
11.3809
11.3082
11.3389
11.3988
11.4489
11.297
11.322
11.313
11.3239
11.3881
11.282
11.328
11.282
11.338
11.2562
11.312
11.245
11.3258
11.4121
11.394
11.2929
11.292
11.3721
11.3008
11.317
11.3211
11.4131
11.3299
11.3351
11.2202
11.3821
11.3442
11.2669
11.333
11.3049
11.348
11.3041
11.297
11.378
11.3761
11.322
11.39
11.277
11.3051
11.2588
11.287
11.261
11.255
11.3692
11.384
11.379
11.3039
11.272
11.2939
11.3389
11.2879
11.328
11.287
11.3339
11.241
11.277
11.265
11.297
11.333
11.342
11.3518
11.3111
11.2741
11.374
11.3049
11.265
11.2178
11.43
11.373
11.2591
11.3099
11.2741
11.3242
11.3082
11.2951
11.2989
11.3192
11.3862
11.318
11.2698
11.5821
11.374
11.411
11.348
11.328
11.3201
11.3049
11.3211
11.2569
11.296
11.3468
11.363
11.3211
11.2989
11.2729
11.2801
11.323
11.3001
11.323
11.3609
11.2901
11.358
11.317
11.353
11.2858
11.3831
11.313
11.2791
11.333
11.348
11.354
11.3559
11.3308
11.265
11.3041
11.256
11.281
11.3251
11.3668
11.348
11.2932
11.3289
11.3158
11.3249
11.2591
11.3189
11.2739
11.301
11.3039
11.4172
11.389
11.3759
11.3349
11.3649
11.2939
11.364
11.2319
11.2731
11.2941
11.2469
11.3039
11.342
11.373
11.338
11.2889
11.338
11.409
11.2791
11.2751
11.3969
11.2619
11.349
11.333
11.4229
11.2641
11.306
11.2879
11.342
11.3389
11.4009
11.287
11.2979
11.328
11.272
11.3411
11.2982
11.306
11.3549
11.2581
11.2739
11.3189
11.2338
11.3199
11.308
11.3671
11.3499
11.359
11.3111
11.4379
11.296
11.3461
11.353
11.3349
11.2629
11.301
11.3049
11.4861
11.2722
11.3041
11.306
11.3888
11.359
11.322
11.2779
11.3721
11.3099
11.307
11.409
11.338
11.322
11.3459
11.3289
11.3051
11.271
11.2741
11.2438
11.3568
11.265
11.3211
11.354
11.4069
11.3292
11.3091
11.2789
11.2741
11.3308
11.359
11.327
11.318
11.306
11.306
11.2801
11.246
11.472
11.3089
11.307
11.3709
11.3039
11.2741
11.435
11.3029
11.3211
11.323
11.276
11.2741
11.2121
11.2691
11.358
11.24
11.2679
11.375
11.327
11.369
11.4059
11.2391
11.291
11.27
11.3389
11.301
11.2469
11.3809
11.251
11.3099
11.3311
11.3239
11.2751
11.4212
11.3199
11.353
11.27
11.271
11.3699
11.282
11.3862
11.323
11.4081
11.332
11.2979
11.2619
11.4491
11.3051
11.2479
11.2951
11.338
11.2989
11.271
11.3039
11.2991
11.385
11.3358
11.271
11.38
11.2872
11.3001
11.2319
11.2579
11.3311
11.425
11.322
11.3878
11.327
11.255
11.317
11.323
11.333
11.2669
11.2891
11.3618
11.245
11.2898
11.3411
11.2109
11.281
11.4069
11.2939
11.3041
11.3149
11.2841
11.3502
11.395
11.3351
11.322
11.3242
11.312
11.2579
11.3361
11.364
11.3752
11.2612
11.385
11.4081
11.3502
11.4112
11.344
11.23
11.4532
11.349
11.3139
11.3242
11.3399
11.2839
11.277
11.266
11.229
11.2979
11.451
11.2901
11.2822
11.26
11.2731
11.409
11.337
11.302
11.245
11.3549
11.3289
11.3068
11.2982
11.3349
11.3239
11.3401
11.3339
11.292
11.4572
11.2231
11.368
11.3492
11.323
11.308
11.4
11.3912
11.3649
11.292
11.3342
11.2982
11.2829
11.374
11.306
11.3761
11.307
11.2679
11.3492
11.306
11.3399
11.3239
11.2748
11.2319
11.2879
11.344
11.3161
11.2369
11.2681
11.3411
11.2591
11.2219
11.348
11.2689
11.3909
11.3189
11.281
11.4169
11.3599
11.2052
11.2591
11.2879
11.296
11.276
11.3978
11.2958
11.2751
11.3859
11.2569
11.3339
11.2669
11.307
11.4059
11.3239
11.2128
11.3909
11.337
11.2751
11.3862
11.2839
11.3261
11.2669
11.2779
11.2541
11.2669
11.3661
11.297
11.384
11.2789
11.2431
11.2638
11.308
11.364
11.348
11.3909
11.2641
11.2739
11.225
11.3289
11.2491
11.436
11.333
11.358
11.256
11.251
11.3349
11.3208
11.3249
11.317
11.2491
11.3032
11.343
11.333
11.2412
11.245
11.3919
11.2889
11.375
11.368
11.343
11.3149
11.3039
11.318
11.4141
11.328
11.2889
11.3831
11.3151
11.379
11.3358
11.2839
11.241
11.266
11.2619
11.287
11.369
11.3029
11.359
11.2801
11.342
11.3211
11.348
11.3502
11.3599
11.349
11.3358
11.3051
11.3189
11.3189
11.4081
11.493
11.344
11.302
11.2801
11.2782
11.3471
11.312
11.3971
11.291
11.317
11.2541
11.281
11.328
11.296
11.3041
11.363
11.296
11.3659
11.3399
11.2751
11.313
11.3301
11.281
11.385
11.322
11.3602
11.3461
11.3261
11.337
11.2941
11.405
11.25
11.3311
11.2789
11.353
11.364
11.4429
11.3449
11.2851
11.373
11.312
11.2851
11.2848
11.3659
11.2801
11.26
11.2991
11.3509
11.338
11.3258
11.2929
11.2669
11.312
11.292
11.322
11.348
11.3411
11.3492
11.2722
11.3201
11.3389
11.2741
11.4219
11.323
11.2908
11.2929
11.343
11.3151
11.3339
11.338
11.3521
11.3389
11.3978
11.276
11.2779
11.3471
11.2841
11.399
11.2729
11.3008
11.3242
11.328
11.2751
11.236
11.3411
11.2619
11.3111
11.3721
11.3771
11.342
11.3239
11.368
11.291
11.272
11.302
11.3451
11.3599
11.337
11.301
11.296
11.2679
11.318
11.261
11.4431
11.363
11.2472
11.2741
11.3149
11.3451
11.3459
11.3111
11.3909
11.3389
11.2572
11.3339
11.2798
11.3502
11.3189
11.3709
11.2841
11.3218
11.317
11.2629
11.3311
