10.7701
10.716
10.771
10.7419
10.772
10.7381
10.7501
10.735
10.73
10.7498
10.7529
10.797
10.7789
10.762
10.7088
10.7799
10.767
10.751
10.752
10.7369
10.73
10.7639
10.7598
10.735
10.746
10.7439
10.7698
10.7419
10.7491
10.7601
10.776
10.7541
10.7601
10.7281
10.7541
10.767
10.757
10.741
10.7799
10.7439
10.7379
10.7698
10.7739
10.767
10.7288
10.767
10.778
10.7739
10.7501
10.761
10.767
10.736
10.741
10.7388
10.7658
10.7388
10.7501
10.7279
10.736
10.7911
10.735
10.7601
10.7698
10.736
10.7789
10.7388
10.7601
10.7181
10.7529
10.7648
10.752
10.7291
10.7501
10.751
10.7341
10.762
10.7529
10.741
10.7629
10.7572
10.7601
10.7651
10.7419
10.7839
10.736
10.7639
10.7419
10.7551
10.7331
10.757
10.761
10.7422
10.7529
10.7529
10.7498
10.7651
10.7532
10.736
10.746
10.7539
10.761
10.772
10.7541
10.745
10.7679
10.7648
10.7758
10.7739
10.7501
10.7782
10.756
10.7579
10.782
10.7629
10.7558
10.781
10.7749
10.7529
10.721
10.7739
10.751
10.7899
10.741
10.7381
10.767
10.7329
10.7601
10.7322
10.745
10.766
10.757
10.7541
10.7651
10.704
10.7658
10.7548
10.752
10.74
10.781
10.7732
10.736
10.7379
10.721
10.782
10.7501
10.7429
10.731
10.7479
10.756
10.7501
10.7539
10.7419
10.7741
10.782
10.746
10.783
10.7732
10.731
10.762
10.7701
10.745
10.741
10.776
10.7589
10.7641
10.735
10.735
10.746
10.766
10.72
10.7601
10.7651
10.762
10.747
10.73
10.7291
10.783
10.766
10.7591
10.7419
10.762
10.726
10.7582
10.7219
10.7632
10.741
10.7238
10.7539
10.777
10.751
10.761
10.756
10.783
10.73
10.7331
10.767
10.7388
10.7589
10.7162
10.7639
10.7639
10.7248
10.756
10.761
10.74
10.7691
10.7839
10.7291
10.7441
10.781
10.7741
10.7629
10.7479
10.7591
10.7729
10.781
10.7419
10.761
10.8092
10.735
10.7541
10.766
10.735
10.7391
10.731
10.787
10.7732
10.751
10.7851
10.752
10.771
10.7419
10.7861
10.751
10.7381
10.7579
10.7472
10.7541
10.7789
10.752
10.7369
10.756
10.761
10.761
10.7589
10.7229
10.7458
10.736
10.7901
10.766
10.7551
10.7691
10.756
10.7419
10.7441
10.766
10.7648
10.7639
10.7629
10.757
10.7648
10.7338
10.7219
10.757
10.7388
10.731
10.7579
10.7112
10.7729
10.7481
10.777
10.747
10.7539
10.7341
10.7419
10.746
10.741
10.731
10.7501
10.751
10.7629
10.757
10.751
10.767
10.735
10.7799
10.7501
10.7341
10.745
10.757
10.7639
10.7269
10.772
10.7691
10.7582
10.7579
10.7648
10.7589
10.7441
10.741
10.9348
10.735
10.762
10.745
10.7551
10.7229
10.7901
10.7572
10.7241
10.745
10.735
10.716
10.7439
10.757
10.7579
10.7341
10.7672
10.771
10.7729
10.751
10.7372
10.7288
10.7698
10.7501
10.7312
10.752
10.752
10.752
10.7601
10.7529
10.7479
10.751
10.7558
10.7539
10.7539
10.7422
10.7439
10.757
10.7501
10.7689
10.7262
10.73
10.7551
10.767
10.7419
10.766
10.767
10.7551
10.745
10.771
10.725
10.767
10.757
10.725
10.7691
10.7601
10.7129
10.783
10.7579
10.7608
10.761
10.757
10.8001
10.757
10.7071
10.7479
10.7489
10.7648
10.7698
10.778
10.7481
10.735
10.7229
10.736
10.778
10.74
10.7749
10.778
10.7341
10.778
10.7729
10.7679
10.7722
10.7379
10.741
10.7551
10.7641
10.7601
10.746
10.7422
10.767
10.747
10.7338
10.7379
10.7591
10.7331
10.7179
10.803
10.762
10.7281
10.793
10.741
10.7419
10.761
10.7641
10.752
10.7429
10.7591
10.726
10.7701
10.751
10.7532
10.7911
10.741
10.747
10.7431
10.716
10.741
10.777
10.761
10.781
10.746
10.771
10.7539
10.777
10.7589
10.7529
10.7651
10.74
10.746
10.7729
10.8061
10.771
10.7551
10.7441
10.781
10.777
10.7291
10.7481
10.7551
10.757
10.735
10.7269
10.7529
10.767
10.761
10.776
10.761
10.7541
10.757
10.7818
10.767
10.7391
10.7429
10.715
10.7429
10.7331
10.7219
10.746
10.7439
10.7551
10.721
10.7689
10.7419
10.7379
10.7489
10.781
10.772
10.767
10.7501
10.7479
10.7422
10.7379
10.7582
10.771
10.757
10.745
10.7479
10.777
10.7579
10.73
10.771
10.751
10.7708
10.7648
10.7191
10.7551
10.7672
10.783
10.7939
10.776
10.756
10.7388
10.7429
10.7601
10.787
10.777
10.747
10.7491
10.7441
10.7491
10.7579
10.7481
10.757
10.74
10.7331
10.745
10.7582
10.7689
10.7579
10.781
10.74
10.756
10.7448
10.766
10.7269
10.787
10.747
10.74
10.7701
10.716
10.7591
10.751
10.7729
10.7489
10.7388
10.771
10.736
10.7858
10.7398
10.7448
10.7589
10.7629
10.7481
10.7529
10.7348
10.726
10.7601
10.7491
10.752
10.7529
10.7598
10.7398
10.751
10.7558
10.715
10.741
10.7429
10.808
10.7911
10.7689
10.7491
10.7381
10.762
10.7501
10.7729
10.792
10.741
10.756
10.7439
10.7372
10.735
10.7729
10.7679
10.781
10.7551
10.7729
10.7749
10.7439
10.7431
10.751
10.7582
10.782
10.745
10.7632
10.7698
10.7338
10.7579
10.7591
10.7379
10.7439
10.7679
10.7682
10.7679
10.751
10.772
10.745
10.7751
10.745
10.762
10.7291
10.7622
10.7548
10.7689
10.7532
10.7429
10.7601
10.7939
10.766
10.8051
10.766
10.6971
10.7419
10.741
10.7498
10.8011
10.7481
10.74
10.746
10.7548
10.7751
10.725
10.7422
10.7288
10.7419
10.7541
10.709
10.74
10.7422
10.7629
10.7651
10.7791
10.725
10.777
10.767
10.735
10.73
10.7279
10.7589
10.751
10.736
10.7589
10.731
10.7429
10.7341
10.7532
10.747
10.7532
10.772
10.747
10.7648
10.752
10.941
10.731
10.736
10.752
10.7682
10.7489
10.7689
10.772
10.7391
10.7291
10.751
10.767
10.745
10.7698
10.767
10.745
10.7589
10.7489
10.7279
10.7501
10.7601
10.777
10.7489
10.7629
10.741
10.7608
10.766
10.757
10.7691
10.726
10.7741
10.7629
10.7698
10.7799
10.741
10.778
10.766
10.776
10.7708
10.761
10.7291
10.7679
10.751
10.745
10.7431
10.7379
10.777
10.745
10.747
10.756
10.7379
10.7381
10.761
10.741
10.7739
10.7551
10.74
10.762
10.777
10.7369
10.7121
10.7641
10.741
10.745
10.7372
10.7751
10.787
10.7441
10.735
10.7369
10.7942
10.7479
10.7739
10.731
10.9279
10.7648
10.777
10.7629
10.7701
10.7362
10.7229
10.7441
10.726
10.7279
10.782
10.7348
10.7179
10.767
10.7629
10.7801
10.756
10.7331
10.735
10.74
10.741
10.7532
10.7219
10.699
10.7501
10.772
10.745
10.7732
10.7479
10.756
10.7639
10.7949
10.7481
10.783
10.757
10.7429
10.735
10.7529
10.7191
10.745
10.7331
10.772
10.7591
10.782
10.6931
10.745
10.7391
10.72
10.7751
10.762
10.7648
10.7501
10.757
10.7241
10.766
10.7861
10.7431
10.7858
10.7808
10.7429
10.7431
10.73
10.7522
10.766
10.7541
10.721
10.7319
10.735
10.761
10.757
10.7191
10.7312
10.74
10.741
10.7679
10.7441
10.7431
10.752
10.7582
10.767
10.7689
10.7629
10.746
10.7551
10.725
10.783
10.7651
10.7381
10.7591
10.771
10.7889
10.762
10.7608
10.7288
10.782
10.751
10.7582
10.7429
10.8969
10.7682
10.7491
10.771
10.7529
10.741
10.7341
10.746
10.7641
10.761
10.7532
10.74
10.7341
10.7789
10.7632
10.761
10.752
10.745
10.761
10.745
10.762
10.7691
10.7479
10.7532
10.7601
10.7422
10.721
10.725
10.7481
10.7281
10.7069
10.7651
10.7741
10.7529
10.7651
10.7589
10.7429
10.7472
10.7319
10.746
10.772
10.7529
10.777
10.7651
10.788
10.7751
10.7729
10.767
10.7541
10.7579
10.7651
10.7241
10.7291
10.7381
10.7629
10.7269
10.7751
10.751
10.7641
10.7551
10.705
10.7272
10.747
10.7958
10.7491
10.7682
10.7419
10.741
10.7501
10.7489
10.7691
10.782
10.7481
10.7601
10.7539
10.7529
10.7801
10.761
10.7381
10.7441
10.746
10.7429
10.747
10.757
10.741
10.694
10.7591
10.751
10.726
10.7381
10.7501
10.7429
10.74
10.7319
10.766
10.7601
10.7541
10.792
10.7551
10.7431
10.7501
10.747
10.751
10.747
10.7331
10.771
10.7729
10.7331
10.757
10.756
10.735
10.7219
10.7172
10.7479
10.7729
10.747
10.756
10.751
10.757
10.731
10.7679
10.7901
10.787
10.7539
10.7219
10.7601
10.7479
10.7498
10.746
10.745
10.756
10.757
10.7749
10.7481
10.751
10.7801
10.776
10.7541
10.7629
10.7839
10.7372
10.7579
10.761
10.7729
10.751
10.7791
10.7679
10.73
10.7601
10.7749
10.776
10.7698
10.7591
10.751
10.7751
10.7431
10.756
10.777
10.7541
10.7441
10.711
10.7539
10.745
10.751
10.7319
10.7741
10.776
10.7479
10.757
10.7801
10.7911
10.7429
10.7689
10.7539
10.9301
10.7751
10.747
10.72
10.745
10.747
10.7579
10.7691
10.757
10.772
10.7698
10.74
