12.4919
12.923
12.8829
12.8889
12.898
12.9101
12.8839
12.8789
12.893
12.866
12.9111
12.907
12.9039
12.903
12.8841
12.9192
12.9089
12.9101
12.8829
12.888
12.8949
12.9011
12.8798
12.8789
12.897
12.8798
12.903
12.8891
12.888
12.903
12.892
12.8882
12.872
12.871
12.8911
12.887
12.912
12.892
12.902
12.876
12.912
12.8741
12.8741
12.8829
12.856
12.8891
12.892
12.886
12.8999
12.8829
12.903
12.8961
12.8841
12.9089
12.8829
12.8601
12.8822
12.907
12.8739
12.8579
12.893
12.871
12.888
12.9089
12.8911
12.8801
12.9168
12.908
12.8911
12.9111
12.8679
12.8751
12.9089
12.8698
12.8729
12.8851
12.8899
12.8701
12.8651
12.8829
12.9118
12.8789
12.8639
12.887
12.8882
12.8982
12.8958
12.8899
12.8829
12.8641
12.8841
12.8942
12.8782
12.886
12.8779
12.8832
12.8961
12.9089
12.8579
12.8701
12.8958
12.923
12.888
12.9309
12.9192
12.908
12.8899
12.8808
12.872
12.876
12.8739
12.8839
12.8829
12.908
12.8679
12.9051
12.8801
12.8539
12.8911
12.907
12.8729
12.918
12.8992
12.8798
12.8939
12.9189
12.8961
12.893
12.9108
12.9421
12.8942
12.903
12.9209
12.898
12.8841
12.902
12.877
12.8829
12.8858
12.8911
12.8751
12.876
12.8782
12.9011
12.9058
12.8689
12.8729
12.9039
12.8989
12.8672
12.892
12.8889
12.8829
12.881
12.876
12.887
12.893
12.9101
12.8839
12.8691
12.902
12.897
12.9108
12.8601
12.8949
12.9092
12.8789
12.902
12.887
12.8889
12.8891
12.913
12.882
12.897
12.867
12.845
12.908
12.8899
12.8849
12.8949
12.881
12.8779
12.876
12.898
12.8639
12.9089
12.8791
12.893
12.8882
12.9149
12.902
12.8839
12.886
12.912
12.8901
12.8582
12.876
12.892
12.8798
12.8889
12.913
12.8961
12.897
12.9039
12.8751
12.887
12.872
12.8961
12.893
12.8701
12.867
12.881
12.924
12.871
12.8889
12.8698
12.923
12.9161
12.9089
12.892
12.876
12.881
12.8839
12.8748
12.907
12.9068
12.893
12.8849
12.8729
12.8829
12.9061
12.8479
12.8849
12.892
12.866
12.887
12.867
12.8839
12.8858
12.882
12.8639
12.8829
12.867
12.886
12.9261
12.892
12.8989
12.8639
12.8891
12.8911
12.8658
12.9139
12.913
12.8889
12.887
12.8839
12.8882
12.902
12.877
12.9058
12.8942
12.8701
12.8639
12.8901
12.8779
12.877
12.9271
12.8908
12.908
12.8741
12.8582
12.892
12.888
12.886
12.888
12.8798
12.8989
12.8889
12.9111
12.866
12.892
12.897
12.8739
12.876
12.886
12.872
12.9011
12.887
12.8748
12.867
12.8899
12.9001
12.882
12.9011
12.892
12.8779
12.912
12.866
12.8939
12.8989
12.913
12.8801
12.893
12.9051
12.9099
12.8999
12.867
12.8851
12.9139
12.893
12.8889
12.872
12.861
12.9061
12.908
12.877
12.857
12.8851
12.9011
12.892
12.8839
12.9011
12.9249
12.8832
12.8801
12.8829
12.886
12.8751
12.8779
12.8691
12.8911
12.866
12.8732
12.8789
12.8899
12.9011
12.9271
12.877
12.9032
12.887
12.8739
12.8968
12.8839
12.8789
12.8908
12.861
12.9032
12.897
12.866
12.871
12.8942
12.8939
12.8779
12.877
12.887
12.9099
12.918
12.9058
12.867
12.886
12.8529
12.8751
12.8589
12.8751
12.897
12.9082
12.918
12.892
12.912
12.8751
12.8849
12.8939
12.887
12.8858
12.882
12.8949
12.8841
12.893
12.8782
12.887
12.8899
12.8789
12.8939
12.9118
12.8951
12.881
12.8751
12.924
12.8741
12.8989
12.887
12.8901
12.881
12.8849
12.9061
12.9039
12.903
12.876
12.8629
12.898
12.8939
12.8791
12.913
12.8882
12.887
12.8989
12.8808
12.8679
12.903
12.8832
12.8651
12.867
12.8961
12.913
12.867
12.876
12.8882
12.908
12.867
12.866
12.876
12.8841
12.8839
12.9089
12.861
12.882
12.8798
12.8899
12.8951
12.892
12.8841
12.903
12.888
12.8939
12.9039
12.8732
12.903
12.8801
12.877
12.907
12.8801
12.887
12.893
12.9001
12.9201
12.903
12.871
12.9089
12.8741
12.8841
12.9199
12.857
12.8939
12.897
12.8839
12.8748
12.8889
12.8832
12.887
12.8901
12.9001
12.9051
12.9192
12.898
12.8858
12.9011
12.8829
12.897
12.9049
12.9139
12.8901
12.887
12.912
12.871
12.8729
12.8839
12.8798
12.887
12.887
12.9089
12.8789
12.9139
12.8789
12.8939
12.9111
12.8841
12.9142
12.898
12.8651
12.96
12.8801
12.902
12.8679
12.845
12.8949
12.877
12.877
12.897
12.902
12.892
