13.4642
8.9221
9.04417
8.93998
8.8439
8.96692
8.97884
8.92305
8.84199
8.95
8.93998
8.87489
8.95619
8.93903
8.93402
8.93688
8.9581
8.92591
8.89087
8.94594
8.97312
8.91399
8.89301
8.89397
8.86011
8.90279
8.86393
8.90207
8.96096
8.94308
8.89993
8.99005
8.90303
8.90493
8.90803
8.85296
8.91089
8.92115
8.92806
8.93402
8.91709
8.90303
8.90088
8.98409
8.919
8.97408
8.87513
8.94213
8.91614
8.90899
8.92901
8.97121
8.87299
8.86083
8.85201
8.84795
8.92806
8.85701
8.90994
8.9829
8.99696
8.90803
8.89206
8.91805
8.87203
8.88491
8.89397
8.91113
8.86202
8.90994
8.89611
8.91304
8.96883
8.93283
8.96382
8.88395
8.90708
8.93521
8.88515
8.89111
8.94499
8.85701
8.9128
8.91805
9.00817
8.86798
8.90303
8.93593
8.93688
8.9581
8.90994
8.94904
8.91495
8.88896
8.94094
8.90017
8.93617
8.90803
8.92687
8.93712
8.86512
8.92305
9.04703
8.90088
8.92186
8.94213
8.92591
8.86989
8.97002
8.93021
8.94189
8.97312
9.00006
8.95715
8.847
8.97503
8.91495
8.87203
8.99315
8.93092
8.86893
8.90398
8.84891
8.86202
8.90708
8.97598
8.97503
8.95786
8.93593
8.90207
8.87704
8.87418
8.87704
8.87203
8.92019
8.92401
9.01484
8.95905
8.86297
8.95596
8.9488
8.93116
8.84509
8.90398
8.96287
8.91805
8.92997
8.90303
8.89301
8.88801
8.97789
8.97694
8.90899
8.94499
9.04894
8.88395
8.955
8.99601
8.86297
8.94499
8.89993
8.90589
8.92186
8.87895
8.95
9.03702
8.919
8.87108
8.92997
8.98194
8.86607
9.0251
8.87918
8.92806
8.94809
8.86512
8.95405
8.9252
8.85296
8.96311
8.8768
8.93402
8.89087
8.91495
8.93593
8.955
8.93307
8.92901
8.90589
8.90207
8.90207
8.93211
8.88801
8.85582
8.94785
8.9469
8.94189
8.95905
8.9581
8.94308
8.90112
8.9581
8.85296
8.87108
8.93188
8.88586
8.92401
8.91709
8.91399
8.91185
8.89015
8.92806
8.92401
8.88896
8.92305
8.88014
8.89611
8.89611
8.92401
8.93593
8.88205
8.919
8.83603
8.91113
8.87203
8.85606
8.87489
8.86703
8.85797
8.93497
8.90684
8.92305
8.89707
8.86989
8.93688
8.90708
8.89206
8.87609
8.92711
8.89015
8.90017
8.9581
8.90303
8.83198
8.89897
8.89611
8.93807
8.96001
8.88991
8.99291
8.88705
8.89206
8.93903
8.89587
8.91995
8.88896
8.88014
8.89397
8.84914
8.95715
8.95691
8.96978
8.94189
8.9612
8.85892
8.94308
8.88681
8.88205
8.87394
8.94499
8.95882
8.97002
8.87489
8.92997
8.88801
8.98695
8.95596
8.91685
8.87489
8.95786
8.86798
8.93712
8.89802
8.92091
8.88419
8.95596
8.88586
8.91495
8.93092
8.991
8.99291
8.88205
8.90303
8.93021
8.88705
9.02796
8.95405
8.91209
8.89182
8.93593
8.98886
8.88801
8.99506
8.89492
8.85987
8.94499
8.89802
8.93092
8.89802
8.88586
8.84509
8.89802
8.87704
8.88801
8.88395
8.86297
8.99911
8.95
8.90088
8.92997
8.90303
8.91304
8.88395
9.04489
8.98504
8.883
8.91304
8.96692
8.95
8.92997
8.9221
8.88681
8.94499
8.93307
8.94785
8.97217
8.86798
8.88705
8.88681
8.94308
8.89206
8.9221
8.93092
8.99911
8.97408
8.99005
9.03201
8.93807
8.90708
8.90613
8.92019
8.88801
8.88491
8.96192
8.92782
9.03106
8.91995
8.87299
9.00197
8.89516
8.87489
8.95095
8.84008
8.86798
8.93116
8.91709
8.93116
8.95214
8.90303
9.01604
8.86011
8.93593
9.02295
8.92401
8.95715
8.92711
8.93998
8.91495
8.9438
8.96287
8.92901
8.97503
8.96215
8.919
8.87012
8.92806
8.986
8.89206
8.90088
8.90613
8.98123
8.88896
8.93497
8.94499
8.955
8.86893
8.94308
8.90517
8.99696
8.8861
8.94403
8.85415
8.92282
8.85606
8.93998
8.955
8.81386
8.86416
8.847
8.93807
8.86416
9.0189
8.90493
8.85797
8.88109
8.89516
9.0189
8.919
8.95715
8.93593
8.93617
8.94713
8.90398
8.88395
8.93998
8.95596
8.93807
8.91805
8.91185
8.93402
8.93784
8.88801
8.89492
8.93402
8.95309
8.95214
8.91018
8.96597
8.90112
8.87012
9.02009
8.9469
8.93593
8.89802
8.97884
8.9829
8.92186
8.99696
8.89802
8.93402
8.92997
8.991
8.88801
8.9221
8.89587
8.91304
8.87299
8.87203
8.89301
8.86798
8.93998
9.00793
9.01294
8.94213
8.91781
8.92901
8.87203
8.90493
8.89802
8.88991
8.89707
8.90899
8.94594
8.95786
8.87513
8.90422
8.91709
8.9891
8.91089
8.95405
8.99506
8.90899
8.93188
8.89301
8.90207
8.95
8.97288
8.85797
8.86202
8.97002
9.00507
8.95786
8.91495
8.90493
8.89683
8.83007
8.98194
9.00388
8.96192
8.86893
8.90398
8.91709
8.94308
8.83579
8.85391
8.89492
8.96311
8.99911
8.91614
8.90398
8.93092
8.97789
8.95691
8.86202
8.8551
8.85987
8.89111
8.90183
8.90493
8.919
8.88491
8.92091
8.9159
8.95286
8.94189
8.88109
8.93307
8.91399
8.89492
8.99196
8.89182
8.97312
9.01103
8.9159
8.88181
9.00602
8.955
8.94403
8.92091
8.92305
8.9128
8.91113
8.94785
8.93688
8.92615
8.9798
8.88395
8.86989
8.95786
8.90899
8.94022
8.91209
8.98099
8.88085
8.9519
8.92687
8.95286
8.90899
8.89683
8.87299
8.88109
8.91805
8.89015
8.84581
8.90994
8.92186
8.84104
8.85415
8.97813
8.83698
8.86202
8.95
8.93092
8.97694
8.98409
8.94499
8.95691
8.94594
8.84604
8.95405
8.88681
8.88991
9.00006
8.97717
8.90398
9.00602
8.90708
8.90803
8.95596
8.90088
8.94189
8.94499
8.87895
8.91614
8.89707
8.94785
8.87895
8.94308
8.95691
8.90708
8.84104
8.8861
8.88896
8.91995
8.90684
8.97694
8.93807
8.88896
8.93807
8.87704
8.90899
8.94904
8.89421
8.8799
8.86011
8.95
8.90589
8.85487
8.87084
9.0189
8.9159
8.88491
8.92806
9.00102
8.97098
8.91614
8.91519
8.92091
8.95905
8.93402
8.94809
8.92401
8.89397
8.97384
8.98099
8.88419
8.86798
8.92091
9.0189
8.96311
8.89802
8.90112
8.97598
8.93903
8.89611
8.91495
8.91209
8.91995
8.91709
8.97098
9.01318
8.99792
8.95095
8.89397
8.89611
8.9221
8.93021
8.89611
8.88109
8.94022
8.883
8.90589
8.86202
8.85701
8.91519
8.91805
8.96883
8.96788
8.92401
9.04012
8.93497
8.90398
9.00412
8.92115
8.90112
9.02605
8.96692
8.91185
8.91209
8.9221
8.93617
8.85892
8.92997
8.9469
9.00412
8.99696
8.94785
8.97598
8.89301
8.95405
8.89301
8.91399
8.87299
8.97384
8.97908
8.93283
8.92806
8.90112
8.91113
8.91209
8.84795
8.93307
8.87299
8.92806
8.99506
8.92186
8.95691
9.00984
8.91995
8.88395
8.90899
8.85201
8.88395
8.95596
8.90303
8.90899
8.88991
8.91685
8.97598
8.89897
8.86297
8.97884
9.01508
8.95381
8.89516
8.955
8.91709
8.87108
8.94308
8.92687
8.85987
8.91781
8.8439
8.95214
8.93116
8.94594
8.87084
8.93712
8.85916
8.97002
8.96811
8.92711
8.97908
8.94213
8.91805
8.99005
8.90708
8.90613
8.91399
8.85296
8.88395
8.95715
8.93307
8.87299
8.89993
9.02605
8.98004
8.88801
8.89206
8.98194
8.88681
8.91995
8.9128
8.93402
8.91685
8.89802
8.93593
8.90899
8.8861
8.92401
8.955
8.94904
8.87704
8.87203
8.90088
8.94308
8.92806
8.93116
8.89397
8.96502
8.90398
8.92711
8.87203
8.96788
8.85892
8.96502
8.8501
8.91995
8.90994
8.8439
8.94904
8.90708
8.91399
8.89397
8.97717
8.89993
8.95309
8.89206
8.9488
8.89802
8.93998
8.92305
8.92496
8.92401
8.96692
8.93211
8.90803
8.91495
8.95405
8.95405
8.98004
8.84891
8.9159
8.93307
8.94809
8.91709
8.95691
8.88205
8.9519
8.92496
8.90493
8.94308
8.92806
8.83603
8.97908
8.87299
8.87799
8.94094
8.88896
9.00793
8.919
8.86321
8.87489
8.95
8.88801
8.99196
8.97694
9.01413
8.89802
8.92711
8.86202
8.88491
8.89301
8.91781
8.92091
8.97694
8.9438
8.91495
8.92997
8.94189
8.97694
8.93402
8.85797
8.96001
8.9469
8.87585
8.98814
8.98409
9.00197
9.02414
8.91995
9.00602
8.87299
8.86011
8.92615
8.87012
8.87418
8.92711
8.86011
9.03916
8.90923
8.90493
8.88705
8.9941
8.88491
9.03893
8.98194
8.86393
8.94094
8.96287
8.8799
8.93307
8.87799
8.97002
8.87108
8.91995
8.91709
8.88896
8.92401
8.89087
8.93998
8.90398
8.8861
8.91304
8.90613
8.89301
8.919
8.92687
8.88085
8.96907
8.94094
8.88085
8.90994
8.95596
8.89611
8.89277
8.8799
8.90207
8.86917
8.91113
8.96692
8.88491
8.89993
8.8551
8.93712
8.94308
8.81195
8.96287
8.90684
8.97598
8.88491
8.96215
8.986
8.92591
8.93998
8.88586
8.90207
8.90517
8.88896
8.98194
8.94308
8.90112
8.95286
8.93807
8.90899
8.91495
8.87918
8.95095
8.89802
8.97694
8.94403
8.9891
8.88586
8.91781
8.92901
8.96883
8.90803
8.88586
8.90398
8.91781
8.94499
8.94403
8.95405
8.91399
8.87394
8.91113
8.85892
8.93998
8.88395
8.94499
9.03916
8.95405
8.99601
8.91399
8.91995
8.92305
8.91304
8.94403
8.95214
8.847
8.92711
8.92901
8.91209
8.95619
8.9221
8.97098
8.95905
8.91709
8.87012
8.94308
8.85415
8.98004
8.94117
8.87418
8.92806
8.95119
8.93807
8.9488
8.96502
8.93903
8.92591
8.919
8.90803
8.89397
8.92591
8.87203
8.93021
8.94308
8.86011
8.92901
