10.7551
10.705
10.7031
10.709
10.6978
10.6988
10.689
10.709
10.709
10.7331
10.715
10.6862
10.735
10.7272
10.699
10.7169
10.7141
10.7031
10.695
10.705
10.6781
10.704
10.6931
10.6971
10.6859
10.7079
10.7419
10.715
10.6809
10.71
10.6938
10.7169
10.7231
10.7191
10.7081
10.6959
10.7119
10.7219
10.7071
10.7191
10.7269
10.6971
10.699
10.6988
10.6859
10.716
10.7179
10.7279
10.736
10.721
10.6981
10.7272
10.69
10.6938
10.7028
10.7119
10.911
10.7348
10.69
10.699
10.711
10.747
10.7069
10.725
10.6778
10.7229
10.6862
10.7229
10.7119
10.7062
10.694
10.7381
10.7191
10.6821
10.7369
10.7319
10.695
10.71
10.8659
10.715
10.6821
10.7231
10.711
10.6962
10.699
10.896
10.7162
10.6921
10.8809
10.711
10.7191
10.7
10.6969
10.6709
10.7181
10.7
10.7112
10.721
10.711
10.726
10.685
10.71
10.71
10.7
10.726
10.7131
10.7291
10.6809
10.7
10.7031
10.6871
10.7
10.7071
10.72
10.7019
10.685
10.7031
10.6609
10.7069
10.74
10.6988
10.71
10.6599
10.7028
10.7288
10.71
10.906
10.725
10.7019
10.6809
10.689
10.699
10.7088
10.699
10.72
10.726
10.7119
10.7121
10.736
10.6788
10.6668
10.87
10.7059
10.7219
10.7381
10.69
10.7262
10.71
10.69
10.71
10.7169
10.7181
10.72
10.704
10.736
10.7241
10.72
10.7172
10.6831
10.6969
10.7329
10.7069
10.8819
10.6871
10.7059
10.695
10.7269
10.7009
10.705
10.658
10.6931
10.73
10.7009
10.7169
10.7131
10.699
10.7238
10.7
10.72
10.8829
10.7062
10.6959
10.7129
10.7129
10.7279
10.6912
10.705
10.6928
10.684
10.715
10.6869
10.7129
10.7079
10.709
10.704
10.6981
10.7281
10.7441
10.9079
10.705
10.6921
10.7329
10.6869
10.736
10.673
10.6599
10.7181
10.721
10.73
10.71
10.7231
10.7138
10.695
10.6919
10.7288
10.6831
10.668
10.6809
10.6919
10.684
10.7179
10.721
10.7219
10.7388
10.6819
10.7219
10.72
10.6978
10.731
10.735
10.6699
10.726
10.6821
10.7169
10.7129
10.6759
10.705
10.7188
10.7059
10.6962
10.689
10.6881
10.6981
10.705
10.6719
10.6769
10.7291
10.709
10.684
10.731
10.715
10.6709
10.709
10.6981
10.704
10.7172
10.7131
10.721
10.721
10.7181
10.711
10.685
10.6771
10.7319
10.7279
10.731
10.7059
10.6959
10.7391
10.705
10.6721
10.7141
10.716
10.6978
10.7079
10.7248
10.715
10.7131
10.699
10.885
10.7229
10.7179
10.664
10.7069
10.6981
10.6769
10.699
10.7169
10.6621
10.711
10.705
10.6981
10.7069
10.7009
10.685
10.685
10.7009
10.726
10.73
10.7071
10.674
10.7172
10.709
10.745
10.7079
10.7291
10.704
10.6931
10.699
10.709
10.69
10.7381
10.735
10.725
10.7071
10.716
10.689
10.6781
10.6928
10.7021
10.6912
10.685
10.7381
10.915
10.6549
10.7129
10.7079
10.6752
10.741
10.709
10.7272
10.7071
10.721
10.7262
10.71
10.7062
10.7179
10.6921
10.7009
10.7
10.694
10.8988
10.7012
10.716
10.7222
10.7241
10.9019
10.689
10.7391
10.7069
10.7172
10.7
10.7021
10.673
10.7131
10.7
10.6888
10.7138
10.6919
10.7088
10.704
10.7169
10.6809
10.73
10.7138
10.6928
10.7281
10.731
10.6802
10.7169
10.721
10.74
10.6971
10.715
10.71
10.6981
10.7322
10.699
10.7241
10.7319
10.725
10.705
10.7131
10.7141
10.7191
10.6871
10.6881
10.6759
10.6819
10.7119
10.709
10.7198
10.7238
10.715
10.7028
10.715
10.675
10.73
10.7031
10.716
10.7589
10.685
10.69
10.699
10.6959
10.711
10.72
10.711
10.6919
10.7009
10.6981
10.7279
10.6921
10.741
10.699
10.7
10.7319
10.7241
10.896
10.6928
10.679
10.71
10.7071
10.7019
10.6959
10.716
10.68
10.741
10.865
10.709
10.6971
10.6828
10.7069
10.8781
10.7141
10.6881
10.731
10.7279
10.7069
10.7069
10.7071
10.884
10.6869
10.7319
10.6981
10.6809
10.7179
10.7281
10.7069
10.6819
10.7241
10.7331
10.694
10.6831
10.7222
10.7431
10.679
10.699
10.7
10.7262
10.6978
10.7219
10.7062
10.6959
10.9022
10.721
10.6971
10.716
10.7138
10.7119
10.689
10.7148
10.7
10.726
10.6921
10.886
10.6719
10.7069
10.711
10.7009
10.7
10.7019
10.6771
10.6971
10.7
10.689
10.6919
10.751
10.7019
10.726
10.6931
10.6971
10.684
10.7071
10.7479
10.7262
10.6709
10.669
10.7238
10.674
10.7219
10.704
10.7162
10.7141
10.7188
10.7219
10.689
10.7479
10.7331
10.694
10.6962
10.6921
10.689
10.7291
10.699
10.7241
10.705
10.716
10.69
10.711
10.6971
10.6959
10.72
10.715
10.7021
10.6752
10.7069
10.7
10.726
10.6752
10.705
10.7059
10.6878
10.7419
10.6871
10.7031
10.705
10.7021
10.7481
10.7191
10.6969
10.705
10.705
10.6919
10.6809
10.715
10.7119
10.7131
10.7219
10.7141
10.6821
10.694
10.7231
10.7141
10.886
10.715
10.6881
10.6909
10.7269
10.7188
10.6881
10.715
10.6938
10.7219
10.6881
10.6921
10.6881
10.6781
10.679
10.6778
10.721
10.7169
10.69
10.7081
10.699
10.6771
10.7238
10.711
10.711
10.6828
10.7388
10.679
10.715
10.7369
10.663
10.715
10.7269
10.7062
10.7429
10.6621
10.7069
10.694
10.7212
10.6881
10.705
10.689
10.7219
10.6671
10.6859
10.7088
10.6978
10.7169
10.879
10.674
10.6921
10.7191
10.731
10.705
10.7169
10.715
10.6859
10.684
10.6921
10.7141
10.7181
10.704
10.715
10.7
10.69
10.7021
10.7119
10.6769
10.6981
10.71
10.6778
10.7019
10.6978
10.7222
10.7441
10.685
10.74
10.7191
10.7031
10.869
10.6959
10.7188
10.721
10.725
10.731
10.705
10.6978
10.7009
10.716
10.7019
10.6978
10.6568
10.7028
10.68
10.716
10.695
10.695
10.7331
10.69
10.7021
10.859
10.7141
10.71
10.7009
10.7379
10.7241
10.675
10.72
10.7062
10.7031
10.689
10.7059
10.7079
10.705
10.7129
10.7179
10.7229
10.6592
10.916
10.7081
10.68
10.709
10.6969
10.7059
10.695
10.704
10.9129
10.6978
10.6678
10.7169
10.741
10.6869
10.7119
10.7071
10.7501
10.721
10.71
10.699
10.685
10.7141
10.711
10.7329
10.7
10.7038
10.7119
10.6881
10.7181
10.7162
10.6928
10.705
10.7019
10.699
10.7229
10.6728
10.6649
10.6971
10.7081
10.7329
10.695
10.7121
10.741
10.7031
10.725
10.711
10.7269
10.704
10.6931
10.745
10.725
10.7012
10.726
10.735
10.6971
10.711
10.7219
10.72
10.6821
10.6859
10.705
10.689
10.654
10.8821
10.735
10.7191
10.7131
10.7119
10.6831
10.7129
10.7019
10.7031
10.7141
10.7012
10.7269
10.7131
10.7012
10.736
10.7341
10.725
10.669
10.7031
10.7071
10.7031
10.684
10.716
10.7069
10.6981
10.7172
10.7219
10.7162
10.896
10.725
10.7131
10.704
10.6988
10.7059
10.695
10.7031
10.71
10.7429
10.7138
10.704
10.7141
10.7241
10.7269
10.6859
10.684
10.69
10.7319
10.7501
10.721
10.9189
10.694
10.6831
10.6909
10.7288
10.7052
10.7031
10.705
10.6781
10.715
10.674
10.716
10.735
10.699
10.7069
10.704
10.711
10.694
10.7381
10.7031
10.7319
10.6981
10.715
10.6719
10.689
10.709
10.7131
10.7441
10.69
10.709
10.71
10.7028
10.71
10.6881
10.71
10.7231
10.7219
10.684
10.6981
10.7219
10.6862
10.7241
10.6781
10.6771
10.7119
10.715
10.7169
10.6909
10.7379
10.72
10.6978
10.726
10.7222
10.699
10.7269
10.7062
10.7179
10.7129
10.709
10.6781
10.7162
10.7059
10.716
10.7181
10.705
10.689
10.6881
10.6769
10.699
10.7081
10.699
10.6699
10.7291
10.7121
10.689
10.7
10.69
10.7229
10.684
10.709
10.71
10.6761
10.9019
10.685
10.6909
10.6759
10.7191
10.7071
10.7129
10.6819
10.7112
10.704
10.704
10.69
10.71
10.7169
10.7
10.901
10.7131
10.674
10.6871
10.6919
10.7088
10.7238
10.7121
10.72
10.705
10.6871
10.7119
10.72
10.6769
10.6831
10.685
10.6981
10.7191
10.6981
10.6959
10.7191
10.7119
10.7002
10.6809
10.6771
10.7169
10.7019
10.7141
10.7291
10.6871
10.6859
10.7279
10.6921
10.6959
10.6678
10.7079
10.73
10.7169
10.6919
10.73
10.7112
10.684
10.694
10.675
10.7229
10.7188
10.7059
10.69
10.71
10.7269
10.695
10.7138
10.7229
10.746
10.71
10.69
10.6969
10.7131
10.704
10.9172
10.7021
10.7
10.731
10.6778
10.9129
10.709
10.74
10.689
10.7028
10.6938
10.7229
10.705
10.7179
10.716
10.6909
10.7012
10.6969
10.7038
10.6878
10.6859
10.716
10.716
10.685
10.679
10.6878
10.745
10.6761
10.685
10.6912
10.6869
10.7188
10.6938
10.726
10.704
10.705
10.6959
10.6959
10.6878
10.7288
10.704
10.6709
10.741
10.725
10.711
10.711
10.6881
10.6769
10.731
10.7231
10.695
10.7
10.725
10.689
10.725
10.6909
10.679
10.694
10.69
10.7272
