19.7458
15.0261
14.982
14.9479
14.9992
15.0321
15.049
15.039
15.0211
14.9798
14.9999
15.0561
15.003
14.9419
15.017
15.012
15.0828
14.9901
15.0502
15.054
15.0249
15.034
15.0321
15.0509
14.9651
15.029
15.058
14.9901
15.0378
15.0089
15.0111
15.0149
14.9958
15.0139
15.0149
15.0189
15.074
15.0981
14.961
15.0061
15.0368
15.028
15.0449
15.0251
15.003
14.9729
14.9651
15.0311
15.0089
15.0609
15.0292
15.002
15.044
14.9801
15.0211
14.9941
15.1391
15.0349
15.065
14.971
14.9632
14.9791
15.0568
14.9798
15.0049
14.992
14.9741
15.0161
14.9772
15.0139
14.9939
14.9641
14.9539
15.0509
15.0359
15.012
15.034
15.0089
15.018
15.018
15.008
15.064
14.9908
15.028
14.9992
14.971
14.9651
15.0409
15.0099
15.017
15.028
15.064
14.9519
15.049
15.044
14.9651
15.018
14.9999
15.0559
14.9879
14.9701
15.0208
14.9701
14.986
15.0352
14.967
15.029
15.027
15.0578
14.9901
15.0061
15.0771
15.0552
14.9541
15.0199
15.0189
14.9822
15.013
14.991
14.9579
15.0151
15.018
15.034
15.0452
15.017
15.0318
15.018
14.9982
14.935
15.0051
15.0108
15.0309
14.9741
14.986
15.0218
15.017
14.9879
15.018
14.9741
15.0051
14.9951
15.0342
15.0561
14.997
14.991
15.094
14.993
14.9791
15.0011
15.0352
14.9989
15.0192
15.054
15.0001
14.987
14.9748
14.9779
15.0199
14.9708
14.9879
15.012
15.044
15.0089
15.0301
15.0571
14.9651
14.9791
15.029
14.9879
14.981
15.043
14.966
14.982
15.0259
15.039
15.0671
15.0361
14.9701
14.992
15.039
15.0242
14.9841
14.961
15.027
14.9779
15.0409
14.9469
15.0061
15.012
14.9798
14.9939
15.018
15.0139
15.0061
14.9708
15.0659
14.9999
15.017
15.018
15.003
15.023
15.063
15.0199
14.9779
15.0239
15.0301
14.9882
14.9581
15.0139
14.992
14.997
15.065
15.0371
14.9732
14.992
14.9651
15.034
15.0521
15.053
15.033
15.0092
15.039
15.0471
14.971
15.0988
15.029
15.012
14.9951
15.058
15.029
15.033
15.0092
15.0092
15.0499
15.0509
15.0058
14.987
14.981
14.9488
14.9989
14.925
15.043
15.0399
15.033
15.0211
15.0452
14.971
14.9622
14.962
15.002
15.0139
15.039
15.0931
15.0011
15.007
15.038
14.9949
14.9889
14.9889
15.0468
15.0139
14.9958
15.018
15.044
15.008
14.9882
15.0201
14.9729
14.9829
14.9949
14.9961
14.9961
15.075
15.0039
14.9949
14.9579
14.992
15.017
14.9989
14.9961
15.0599
15.0018
14.998
15.0042
15.003
15.0499
14.9689
14.9581
14.9951
15.003
15.0731
14.9889
15.0208
15.002
15.0111
15.013
14.9961
14.9651
14.9899
14.9729
14.971
15.0111
14.966
14.966
15.008
15.022
15.0299
14.9932
14.9851
15.0402
14.9541
14.9891
15.0249
14.9541
15.0371
14.9899
15.029
15.0352
15.0239
15.034
15.0039
14.956
14.992
15.0058
15.0568
15.0292
15.0661
14.987
15.053
15.028
14.961
15.0051
15.0502
15.003
15.008
14.951
15.0208
15.0139
15.0559
14.9779
14.9691
15.0521
15.0158
15.0249
14.9801
14.998
14.993
15.0011
14.9951
15.007
15.008
14.962
15.028
14.9591
15.084
14.982
15.0211
14.9369
15.0039
15.0318
14.981
14.9992
15.0001
15.0251
15.029
14.9879
14.977
15.0011
14.981
14.9939
15.0089
14.9999
14.9679
15.0011
15.0449
15.0139
15.0871
15.0518
15.029
15.0309
14.9629
15.0039
15.0368
14.9739
14.967
15.053
14.9698
14.9839
15.007
15.022
15.0189
15.0118
15.017
15.008
15.0468
15.0208
15.018
15.0108
14.9689
14.9958
14.981
15.0602
15.048
15.0089
14.9708
15.0189
15.022
15.084
15.002
14.981
14.976
15.0311
15.003
15.0759
14.991
14.9901
14.9992
15.0239
14.9789
14.9989
15.0199
15.0211
14.9541
14.9729
15.0118
15.033
15.022
14.987
15.0299
14.9848
14.998
14.9879
15.0211
14.9741
15.0151
15.0151
15.012
15.039
14.9901
15.043
14.9899
14.9579
14.991
14.9641
15.0239
14.9679
15.0192
15.008
15.0249
15.0189
15.0189
15.003
14.9951
15.0418
14.967
15.0259
15.0158
14.951
15.033
14.9801
15.059
15.017
14.9641
15.0111
14.997
14.993
15.058
15.0349
15.027
15.0249
15.0259
14.9901
14.9949
15.0151
15.034
15.0259
15.043
15.0428
15.013
14.9848
15.003
14.94
15.039
15.034
14.9829
15.0402
15.0471
14.9891
15.0592
15.007
15.0418
14.9729
14.992
15.012
14.924
14.993
15.0352
14.9682
15.003
14.9748
15.0399
14.9689
15.0321
15.0239
15.023
15.0101
15.0001
14.93
15.0101
14.998
15.0108
15.063
14.992
15.0568
14.997
14.9691
15.0311
15.059
14.9939
15.0151
15.0311
14.961
14.9949
14.9689
15.0468
14.9589
15.0731
14.997
15.0239
15.022
15.0039
15.0411
15.0011
14.9908
15.002
14.993
15.033
15.018
14.9879
14.9822
14.9541
15.0471
14.9901
15.0011
15.0099
14.9739
15.0368
15.022
15.034
15.027
14.9751
14.941
15.079
14.9879
15.0099
15.0039
14.961
15.038
14.982
14.9961
15.0161
15.0101
15.1331
15.0168
15.0149
15.0101
15.0311
15.0151
15.0521
15.003
14.9601
14.972
15.0049
15.0528
15.038
15.075
14.9899
15.038
14.9982
14.981
15.0461
14.981
15.044
15.0039
15.0108
15.044
14.9989
15.0442
14.9779
15.064
14.976
15.0719
15.002
14.986
14.9741
15.0521
15.0301
14.993
15.023
15.0042
15.0261
15.0559
15.048
15.063
14.9319
14.956
15.0039
15.0142
15.0239
14.9539
15.028
15.0261
15.0259
15.039
14.9961
14.9639
14.9829
14.9832
15.0549
15.0011
14.9629
15.0061
15.0549
14.9689
14.9541
15.0721
14.9901
14.9891
14.9961
14.997
15.075
15.039
15.0239
15.0661
14.956
14.9651
14.9829
15.0549
15.0452
15.002
15.0261
15.022
15.0301
15.023
15.08
14.9899
15.018
14.9882
15.017
15.008
14.986
14.977
14.9961
14.956
14.981
15.0399
15.017
14.9939
15.053
15.008
15.0311
15.0201
15.0251
15.028
15.023
15.012
15.0239
15.0018
15.0001
14.9701
15.0199
15.1091
14.9779
15.0361
14.992
15.0671
15.0299
15.022
14.982
14.9958
15.048
15.0428
15.003
15.0151
15.0471
15.0199
15.007
15.0151
14.9751
15.048
15.0089
14.9949
15.013
14.9782
14.95
15.0499
15.012
14.986
15.0461
15.0058
14.9961
14.9701
15.0352
14.9732
15.0101
15.0521
14.9601
15.0292
14.9782
15.013
14.9939
15.034
15.101
14.9851
14.998
15.008
15.0211
14.997
14.997
15.003
15.0311
14.946
14.9901
15.029
15.0039
15.033
14.977
14.972
15.0099
14.992
15.0111
15.0092
15.027
15.0158
15.018
14.9791
15.017
15.0208
15.0199
15.0268
15.0371
15.002
15.0149
14.9992
14.9992
15.007
14.997
15.0011
14.9989
15.0759
15.028
15.007
15.0359
15.007
15.033
14.9741
15.017
15.0089
14.9579
15.0158
15.0199
14.9939
15.008
15.0709
15.0249
15.003
15.0611
15.0001
14.9801
14.981
15.0609
15.0158
15.0471
14.981
15.0082
15.0001
14.976
15.0201
14.981
15.027
15.0239
15.0349
14.9541
15.0142
14.998
14.962
15.0149
15.043
15.012
15.0461
15.029
15.007
14.967
15.0702
15.0251
15.0239
14.982
15.018
14.9999
14.9958
15.0309
15.0158
15.0249
14.9429
14.9961
15.065
15.0239
15.029
15.0368
15.0239
15.0139
14.9891
15.0399
15.0411
15.0321
14.9579
14.9891
15.0509
15.0189
15.0342
15.0261
15.0402
15.0049
14.992
14.9601
15.0089
15.0089
14.992
14.991
14.9519
15.0359
14.997
14.9941
14.9839
15.07
14.9472
14.966
15.058
14.9989
15.0371
14.9729
14.997
14.9732
15.0251
15.034
15.0542
15.0039
14.9829
15.0418
15.048
14.9832
15.008
15.017
15.039
14.971
15.044
14.9832
14.9992
15.0261
14.9901
15.0211
15.0311
15.0061
15.0399
15.0101
15.018
14.956
14.9429
15.0111
15.065
15.002
15.0132
14.966
14.9729
15.0108
14.9601
15.0349
14.991
15.0039
14.971
15.0051
15.0051
15.008
15.023
15.017
14.9889
14.9739
14.9882
15.0001
14.9801
15.0251
15.012
15.0042
15.002
15.0242
15.039
15.0399
15.0232
15.0239
15.0268
15.0049
14.9939
14.9698
14.9419
15.0142
14.951
15.0189
14.9932
14.982
14.9958
15.0049
15.0239
15.018
14.993
15.0709
15.027
14.9639
14.9848
14.997
14.986
15.0502
15.007
15.0318
15.049
15.0099
15.0309
15.069
15.0161
15.033
14.9839
14.992
15.054
15.0058
15.0208
15.018
15.0032
15.007
15.0101
14.9951
15.079
14.945
14.981
14.9741
15.0521
15.0368
15.007
15.0621
15.013
14.9698
15.027
14.9889
15.0011
15.0261
15.0349
15.023
15.002
14.987
14.9941
15.0101
15.0611
15.0201
15.0089
15.038
15.0142
15.0421
15.0111
15.0082
14.976
14.9879
14.9751
15.0061
15.063
15.0261
15.033
14.9989
15.0368
15.012
15.0061
14.981
15.002
15.0161
14.9682
15.053
15.0468
14.998
15.0321
15.0239
14.9651
15.013
14.971
15.0442
15.058
15.0151
15.012
15.023
15.0471
15.0211
15.0101
14.9889
14.998
