61.909
56.201
56.618
56.469
56.401
56.69
56.437
56.7341
56.994
56.5732
56.91
56.3259
56.531
57.025
56.7579
56.1988
56.35
56.411
56.164
56.4151
57.1752
56.6509
56.2971
56.318
56.5219
57.1849
57.1239
56.8841
56.6142
56.294
56.571
56.7431
56.91
56.3951
56.3841
57.029
56.669
56.1101
56.4549
56.5488
57.0431
56.6332
56.576
57.0881
56.4601
56.875
56.6142
56.277
56.8941
56.6959
56.865
56.792
56.4389
56.5579
56.622
57.008
56.5979
56.638
56.9561
56.3881
56.2069
56.6871
56.452
56.5789
56.5841
56.664
57.363
56.2718
56.2539
56.9489
56.9351
56.5312
56.4611
56.643
56.844
56.9701
56.8781
56.6242
56.6189
56.144
56.3169
56.5741
56.6201
56.596
57.035
56.8209
56.8979
56.6599
56.036
56.8101
56.586
56.4799
57.219
57.0219
57.0049
56.4549
57.0278
57.776
56.668
56.7069
56.618
56.4001
56.5631
56.622
56.9868
56.0739
57.0309
57.9062
56.88
56.7291
56.756
56.9141
57.0471
56.8841
56.6678
56.2859
56.7729
56.659
56.453
56.8302
57.2679
56.8259
56.5188
56.4611
56.7632
56.9191
56.4749
56.73
56.9181
56.596
56.668
56.4952
56.797
56.2901
57.0071
56.4601
56.6761
57.1501
56.5588
56.586
56.757
56.5729
56.4151
56.88
55.9859
56.9351
56.684
56.5538
56.159
56.5889
56.324
56.4051
56.4981
56.716
56.3691
56.9088
56.529
56.499
56.3171
56.6051
56.72
56.3991
57.008
56.9751
57.281
56.4699
56.0379
56.746
56.7548
56.6189
56.7589
56.7541
56.8039
56.1521
56.5398
56.37
56.6149
56.3738
56.2539
56.3631
56.5019
56.3891
56.7441
56.253
56.7541
56.6101
56.3998
56.772
56.8111
56.9499
56.8368
56.6349
56.2279
56.504
57.338
56.612
56.906
56.622
56.545
56.5629
56.7808
56.4961
56.566
56.8631
56.3769
56.9341
57.2281
56.4489
56.7591
56.5429
57.4961
56.5569
56.3219
56.684
56.309
56.9141
56.4492
56.5162
56.807
56.4358
56.875
56.993
57.059
56.767
56.706
56.56
57.0049
56.7989
56.684
56.9701
56.3781
56.5851
56.5538
57.234
56.967
56.637
56.556
56.638
57.4009
56.596
56.7179
56.2749
56.016
56.8869
56.5009
56.3059
56.7999
56.6881
57.5018
56.2501
56.6301
56.519
56.6862
56.4611
56.8678
57.575
56.675
57.22
57.2221
56.401
56.807
56.9971
56.103
56.8631
56.9792
56.4811
56.5939
56.617
56.334
56.711
56.9129
56.721
56.623
56.7012
56.5569
56.797
56.4492
56.838
56.756
56.38
56.4489
56.6649
57.21
56.3319
56.627
56.453
56.1569
56.1571
56.3741
56.6599
56.751
57.241
56.8261
56.1728
56.572
56.53
57.1442
56.86
57.188
56.0842
56.6761
57.204
56.9429
56.5059
56.8159
57.308
56.603
57.1961
56.4671
56.6459
56.6211
57.0118
56.7429
56.4029
56.622
56.658
56.7901
56.165
57.4501
56.0699
57.1549
56.972
57.2462
56.5381
56.3371
56.057
56.4089
57.0321
56.6189
56.4101
56.339
56.6349
56.644
56.7088
56.978
56.4089
56.6781
56.4609
56.5579
56.576
56.8051
57.3711
56.246
56.5441
56.6599
56.277
56.19
57.1182
56.407
56.7322
56.7391
56.905
57.318
56.5391
56.6061
57.245
57.133
56.838
56.8869
56.6311
56.4702
56.705
56.51
56.3009
56.185
56.4311
56.8929
56.422
56.344
57.03
56.8709
56.5629
57.0529
56.4661
56.591
56.561
56.659
56.4802
56.7191
56.9341
57.142
56.5581
56.524
56.6058
56.5071
55.9671
56.8581
57.0931
57.4219
56.9129
56.5021
56.8371
56.601
56.2539
56.4919
56.6299
57.1921
57.0459
56.7369
56.5159
56.8478
56.4599
56.4041
56.7281
56.149
56.603
56.2401
56.6831
56.602
56.5362
56.3409
56.7341
56.5012
56.5801
56.716
56.7641
57.1041
56.4401
56.9651
56.4668
57.0779
56.6499
56.4721
56.5639
56.0892
56.5021
56.8812
56.602
56.726
56.848
56.2348
56.766
56.586
57.3189
56.5619
56.5598
57.07
56.4458
57.112
56.3562
56.2382
56.4291
56.313
56.571
57.3409
57.0531
56.3431
56.957
56.895
56.1299
57.291
57.3881
56.7009
55.903
56.9479
56.5219
56.7708
56.5
56.673
56.762
56.6449
57.0371
57.3452
56.4721
56.5722
57.1432
56.3412
56.3381
56.4339
56.4039
56.885
56.9031
56.638
56.9508
56.4611
57.0071
56.731
56.216
56.4141
56.551
56.5698
57.23
56.638
56.545
56.7541
56.366
56.8161
56.6719
56.601
56.818
56.3569
56.3648
56.916
56.535
56.917
56.2701
56.4661
57.225
56.8209
56.4179
56.282
56.8449
56.6411
56.421
57.0891
56.7868
56.1509
57.128
57.0099
56.4768
56.411
57.147
56.5119
57.3499
56.4749
57.343
56.1821
56.659
57.173
57.2441
56.3159
56.2248
56.736
57.1959
56.695
56.9892
56.8061
57.013
56.349
57.1971
56.813
56.5779
56.582
56.6418
56.6919
56.4179
56.4799
56.2658
56.4151
56.2181
56.761
56.3819
56.515
56.7451
57.122
55.9721
56.2861
56.9692
56.4351
56.7808
56.3869
57.3249
56.705
56.545
56.7031
56.6711
56.6571
56.4559
56.5579
57.071
56.9439
56.488
56.5059
56.3471
56.67
56.952
56.0741
56.8192
56.6871
56.4239
56.396
56.5379
57.1558
56.9
56.957
56.632
56.5741
56.7119
57.1489
56.6208
56.8039
56.643
57.0159
56.6959
56.7629
57.656
56.668
56.0298
56.5071
57.0991
57.1659
56.469
56.772
56.2091
56.4291
56.7501
56.591
56.7131
56.4811
56.5562
56.782
56.3989
56.6659
56.484
56.457
56.5989
56.524
56.4699
57.2729
55.8419
56.282
56.2179
56.7091
56.5531
56.402
57.0662
56.484
56.9241
56.813
57.029
56.6471
56.705
56.8299
57.1022
56.726
56.7281
56.6101
56.468
56.7539
56.6399
56.5319
56.747
56.3412
56.2651
56.2711
56.8478
56.3121
57.3161
57.565
56.7062
56.814
56.3171
56.4249
57.209
56.3262
56.633
56.401
56.5941
57.0581
56.9751
56.643
56.685
56.731
56.565
56.7131
56.4661
56.6499
57.0979
56.7169
56.495
56.7551
56.6139
56.427
56.5572
56.716
56.4539
56.8378
57.2641
57.018
56.7551
56.565
56.5741
56.1609
56.741
56.227
56.3638
56.9012
56.613
56.823
56.2029
57.014
56.886
56.391
57.157
56.5379
56.416
57.1101
56.3622
56.5782
57.0121
56.7529
56.4902
56.9611
56.587
56.3421
56.3021
56.3951
56.5481
56.4342
56.6931
56.628
57.034
56.293
56.9432
56.9131
56.1898
56.613
57.044
57.178
56.9079
57.2748
56.5219
57.0779
56.6871
56.107
56.931
56.906
56.669
56.1311
56.9699
56.3619
56.6938
56.6461
56.4291
56.4401
57.2131
56.6232
57.3189
56.607
56.613
56.478
56.5851
56.6611
56.771
56.4659
57.4231
56.834
56.8018
55.939
56.9229
56.5019
56.72
56.6511
56.55
56.1519
56.9019
56.2339
56.747
56.6239
56.5391
56.829
56.525
56.1101
56.7601
56.479
57.1592
57.0841
56.319
56.556
56.742
56.1168
56.3941
56.278
56.38
57.3699
56.4909
56.8261
56.5979
56.8159
56.8519
56.499
56.6461
56.829
56.53
56.3538
56.9689
56.8449
56.5538
57.0719
56.18
56.807
56.7188
56.73
56.9441
56.4201
57.276
56.736
57.349
56.5281
56.298
56.349
57.0979
56.941
56.746
56.946
56.5472
56.3412
56.3841
56.4001
56.3869
56.0641
56.6301
57.2929
56.7701
56.926
57.138
56.1819
56.7069
56.716
56.726
56.205
56.324
56.7501
56.7892
56.85
57.0509
56.952
56.3388
56.4699
56.215
56.8731
56.9761
56.4671
56.16
56.6471
56.7479
56.4768
56.5851
56.565
56.639
56.7589
57.3599
56.5419
56.726
56.7088
56.313
56.3259
57.3602
56.8039
56.994
56.9911
57.0261
56.7701
57.229
57.107
56.812
56.7749
56.7379
56.962
56.525
56.3979
56.381
56.9918
56.7589
56.7
56.4389
56.36
57.0819
56.1311
56.9088
56.8941
56.7291
57.6892
56.303
57.364
56.536
56.5391
56.5131
56.2711
57.06
56.5469
56.108
56.7851
56.6339
56.3989
56.977
56.705
56.6621
56.6769
57.24
55.984
56.7989
56.87
56.962
56.8039
57.137
56.19
57.4989
56.864
57.1342
56.7501
56.602
56.618
56.3519
56.4899
56.3891
56.8829
55.7849
56.19
56.453
57.0569
56.519
56.392
56.679
56.3889
56.5939
56.7808
56.597
57.0352
56.705
57.024
56.716
56.649
56.2019
56.664
56.6621
57.272
56.581
56.8519
56.848
56.577
56.1521
57.0271
56.6008
57.086
56.875
56.879
56.9069
56.469
56.6871
56.097
57.1918
56.7698
56.5789
56.0601
56.1998
56.951
56.617
57.3781
56.459
56.751
56.5062
56.7551
57.0581
56.5419
57.2591
56.726
56.9119
56.2561
56.8709
57.1461
56.3991
56.864
57.297
56.689
56.2091
56.9248
57.044
56.6411
57.0848
57.039
56.6978
56.695
56.8841
56.808
56.8368
57.116
56.3831
56.5469
56.55
56.658
56.3791
56.4821
56.1531
56.355
56.3591
56.8311
56.3099
56.257
56.8089
56.4959
56.565
56.633
56.6151
56.9358
57.235
56.4711
56.9441
56.5381
56.3569
56.7441
57.1148
56.3719
56.6339
56.3612
57.2751
56.731
56.258
57.411
57.1048
