4.47702
4.39692
4.40598
4.39596
4.40288
4.41098
4.40812
4.39787
4.41599
4.40788
4.39405
4.39095
4.40407
4.40812
4.40001
4.40788
4.40192
4.40788
4.41694
4.40097
4.41504
4.41098
4.40097
4.40097
4.426
4.41289
4.41885
4.39906
4.40788
4.40001
4.39501
4.41909
4.40288
4.40812
4.43196
4.41122
4.40192
4.4179
4.3931
4.40502
4.40812
4.40502
4.40598
4.41003
4.39787
4.40001
4.39715
4.40812
4.40001
4.4148
4.40812
4.41194
4.40097
4.40001
4.40907
4.40001
4.39405
4.39882
4.41599
4.40097
4.40812
4.39692
4.41408
4.40192
4.41098
4.40598
4.39501
4.421
4.40097
4.41289
4.41194
4.39692
4.39906
4.41313
4.40884
4.40598
4.41098
4.40884
4.41003
4.39882
4.40502
4.39882
4.39811
4.40192
4.41003
4.40192
4.39
4.39787
4.40407
4.4198
4.39215
4.39596
4.4241
4.40216
4.41289
4.40907
4.39596
4.39715
4.40598
4.41217
4.40216
4.40311
4.4229
4.42004
4.41003
4.41909
4.39787
4.40407
4.41313
4.39882
4.41098
4.40097
4.39596
4.39692
4.41694
4.3931
4.40001
4.39787
4.39906
4.39095
4.3931
4.39596
4.4229
4.41003
4.41408
4.4148
4.42195
4.40693
4.42195
4.39906
4.41909
4.41003
4.40598
4.40311
4.40621
4.40407
4.39501
4.39596
4.40192
4.40192
4.40907
4.4198
4.39811
4.41504
4.40407
4.40502
4.40502
4.39286
4.41599
4.39382
4.3931
4.40812
4.39811
4.40907
4.39596
4.40812
4.40812
4.41098
4.40979
4.40407
4.39787
4.39692
4.40788
4.40812
4.40788
4.421
4.39405
4.40478
4.41098
4.40407
4.41098
4.41694
4.40192
4.39787
4.421
4.39692
4.41408
4.42481
4.41098
4.41003
4.43101
4.42004
4.41003
4.39596
4.38499
4.41003
4.4229
4.40502
4.39501
4.40288
4.41313
4.41289
4.41599
4.40598
4.40216
4.41098
4.40907
4.40788
4.40288
4.44508
4.4198
4.40812
4.40717
4.40502
4.40407
4.40383
4.39811
4.40407
4.40097
4.421
4.40216
4.40812
4.42481
4.43602
4.41599
4.4179
4.40907
4.40288
4.38595
4.43697
4.40717
4.39215
4.39405
4.40884
4.38809
4.40311
4.40097
4.40502
4.39811
4.40907
4.39382
4.41313
4.40407
4.42004
4.39501
4.3931
4.40598
4.421
4.40216
4.4148
4.41694
4.41384
4.39501
4.40907
4.41885
4.41194
4.41384
4.41194
4.3962
4.40407
4.40192
4.4179
4.39692
4.40812
4.41003
4.39596
4.40788
4.40502
4.40907
4.40717
4.40598
4.40001
4.41098
4.41694
4.39906
4.40693
4.39191
4.40598
4.41098
4.40407
4.40407
4.38786
4.43006
4.41289
4.40502
4.40097
4.39
4.41813
4.41003
4.39215
4.44102
4.40812
4.39095
4.41194
4.40693
4.39811
4.40884
4.40812
4.40216
4.40216
4.42815
4.40502
4.41599
4.40598
4.41599
4.41194
4.41909
4.3931
4.39906
4.41408
4.41623
4.40216
4.39882
4.40311
4.40121
4.40502
4.40311
4.41408
4.41384
4.40598
4.39811
4.40907
4.39715
4.39382
4.40001
4.40502
4.40598
4.40097
4.40502
4.40788
4.41408
4.41289
4.40598
4.40407
4.42791
4.41408
4.39191
4.40097
4.41194
4.41813
4.41194
4.3931
4.40907
4.40478
4.40097
4.41313
4.40383
4.41003
4.39
4.40907
4.41504
4.38786
4.40407
4.40407
4.39787
4.41313
4.39787
4.3931
4.41504
4.41599
4.40693
4.40192
4.40121
4.41813
4.40788
4.40001
4.40693
4.40621
4.40717
4.40907
4.39692
4.40001
4.40598
4.40502
4.41313
4.39906
4.39906
4.40478
4.41313
4.42386
4.39715
4.39501
4.41003
4.40216
4.41003
4.3931
4.40693
4.43006
4.43006
4.41504
4.40311
4.39095
4.39215
4.39501
4.42719
4.4179
4.39501
4.40216
4.40311
4.40288
4.40407
4.41098
4.40407
4.41098
4.40693
4.40812
4.40717
4.40216
4.40812
4.40192
4.41504
4.41909
4.41313
4.39286
4.41098
4.41098
4.41599
4.42696
4.39906
4.39811
4.39882
4.42195
4.39501
4.39692
4.40097
4.42791
4.41194
4.40216
4.38809
4.40812
4.39787
4.42791
4.40717
4.41003
4.40502
4.41599
4.39811
4.40502
4.40097
4.41408
4.39
4.41098
4.40192
4.39382
4.39095
4.40907
4.41289
4.42791
4.42314
4.41313
4.40216
4.41313
4.40001
4.40288
4.39811
4.41194
4.42696
4.41098
4.40502
4.40598
4.41098
4.40192
4.3962
4.40097
4.39
4.4229
4.41194
4.43101
4.45104
4.40383
4.41909
4.40812
4.41599
4.40311
4.42886
4.39906
4.40478
4.40717
4.40788
4.40192
4.40907
4.38595
4.39882
4.42696
4.42815
4.39
4.43387
4.421
4.41408
4.39787
4.39692
4.40001
4.40502
4.42004
4.40288
4.38809
4.40311
4.40788
4.40192
4.426
4.38595
4.40192
4.41098
4.41384
4.41813
4.40192
4.42505
4.42815
4.40311
4.41313
