60.092
56.0009
55.896
55.866
55.896
56.272
56.4599
56.4289
56.113
55.6581
56.895
55.7921
56.2699
55.9449
55.968
56.674
56.082
56.4098
56.1979
56.3998
56.242
56.2301
55.913
56.1399
56.3872
56.1841
55.7718
55.9351
56.3359
56.407
56.3889
56.6499
56.484
56.1831
56.1121
56.0122
56.1109
56.391
55.6741
56.268
55.932
56.016
56.426
56.1209
56.247
56.2899
56.031
55.9289
55.902
56.5209
56.735
56.4461
56.3881
56.7269
56.015
55.62
56.2959
56.4179
56.572
56.232
56.385
56.201
56.16
56.51
56.699
56.3579
56.123
56.139
56.771
55.7649
56.1969
55.8889
56.2439
56.314
55.918
55.7721
55.9561
55.8801
56.114
56.3502
55.5949
56.263
56.3648
56.324
56.5102
56.268
56.5748
56.8619
56.7131
56.833
56.1991
56.102
56.0369
55.99
56.3581
56.2861
56.3288
56.453
56.5901
56.186
56.0601
56.0138
55.584
55.877
55.9251
56.211
55.578
55.846
55.8519
55.9881
55.548
56.2382
56.7901
56.2501
55.423
56.257
56.8399
55.795
56.3562
56.545
56.1411
56.0551
56.38
56.2849
56.2649
56.067
56.4299
56.0489
56.9999
56.721
56.4921
56.3071
55.9151
56.1969
56.5341
56.5901
55.6381
56.2382
55.8109
55.712
55.8619
56.102
56.3161
56.0291
55.8801
56.7169
56.196
56.4079
56.7431
55.8012
56.0429
55.6879
55.742
56.2961
55.6931
56.2
55.8388
55.794
56.891
56.535
56.6609
56.1459
56.1938
56.6189
56.257
55.902
56.169
56.1051
56.0579
56.551
55.8841
55.9671
56.2479
56.314
55.8729
56.0739
56.6771
56.1471
56.0341
56.9091
56.668
56.6061
56.128
55.9189
56.128
55.8908
56.0961
55.855
56.6778
56.3691
56.1759
55.9289
55.7401
55.764
56.3641
56.3052
57.0819
56.0999
56.179
56.7188
56.3629
56.3719
56.2999
56.7291
55.846
56.643
55.5329
56.1719
56.3512
55.887
55.9628
55.7849
56.066
55.6569
55.9361
56.303
56.1039
56.4811
55.634
56.2949
56.586
56.6239
56.5238
56.0279
55.8109
56.113
56.236
56.1588
56.1929
55.553
56.288
56.356
56.1841
55.8529
56.6049
55.835
56.149
56.3719
56.272
56.3591
56.2901
55.9862
56.04
56.133
55.8698
56.5259
56.1259
56.299
56.4241
55.959
55.557
56.215
56.4489
56.1769
56.8759
56.3161
56.1841
56.258
56.4952
56.607
55.9108
56.402
56.457
57.0052
56.3171
56.4842
56.1619
55.867
56.3719
55.692
56.1111
55.6841
55.7339
56.2048
56.066
55.8741
56.3772
56.3459
56.246
56.5121
56.643
55.891
56.432
56.4561
56.7601
55.9061
56.2401
55.8078
55.742
55.8801
56.488
56.458
56.0911
55.999
55.8469
56.1092
56.6931
56.7579
56.345
56.6571
56.9379
56.5832
56.2861
56.1161
55.3541
56.1361
56.2761
56.2589
55.8989
55.917
55.474
56.711
56.1261
57.2481
56.3831
56.0961
56.185
55.934
55.7861
55.9521
56.3791
56.2649
56.4961
56.221
56.2091
56.179
55.9962
56.294
55.9649
55.8479
56.005
56.9279
56.752
56.4082
56.5219
55.5689
56.129
56.0641
56.2789
56.1779
56.118
56.2711
56.9351
56.4601
56.2141
56.4179
56.582
56.5491
56.0439
56.0989
56.0942
55.9621
56.1211
55.547
56.1569
56.1659
55.949
56.215
55.9711
55.82
55.927
56.0241
56.494
56.288
56.669
56.6819
56.8659
56.3009
56.299
55.84
56.4039
55.8879
55.768
56.021
55.687
55.9571
55.8341
56.0069
56.1302
56.5341
56.2141
56.0591
55.9301
56.515
56.0241
55.804
55.8951
55.6228
56.1831
56.2491
56.036
55.7399
55.8741
56.5639
56.654
55.7361
55.9518
55.6479
56.2799
56.2561
56.4899
56.1399
55.608
56.1411
56.016
56.2241
56.247
55.9509
55.7039
55.9468
55.8238
56.334
56.5071
56.294
55.8071
55.9511
55.6281
56.6521
56.21
55.9709
55.584
56.1321
56.4458
56.1759
55.896
56.1531
55.8381
56.318
55.795
56.076
56.334
56.1559
55.9819
56.2148
56.138
55.686
55.9878
56.5729
56.515
55.7442
56.0851
55.795
56.109
56.1769
56.0451
56.1109
55.6509
56.0572
55.989
56.097
56.2191
56.3731
56.2282
55.8541
55.964
56.2279
56.386
55.9201
56.4101
55.968
56.7331
56.617
56.3838
56.4349
55.9559
55.445
56.2279
56.0069
56.2611
56.097
56.2859
56.473
56.4501
56.4311
56.536
55.6641
56.56
56.9861
56.3459
55.723
56.1249
56.416
56.232
55.8898
55.891
56.3891
56.0601
56.186
56.2501
55.8481
55.68
56.159
56.252
56.355
56.236
56.524
56.3622
56.3781
55.9142
55.7771
56.247
55.8779
56.273
56.0291
56.247
56.1249
56.186
56.2541
55.804
56.2029
55.836
56.304
56.3009
56.397
56.015
55.918
56.1099
56.2279
56.968
56.6092
56.5801
56.5469
55.7601
56.0751
56.1862
56.102
56.103
56.051
56.0272
56.447
56.2022
56.3829
56.1571
56.262
56.2911
55.8031
56.1969
56.1061
55.783
56.5438
55.691
55.9802
56.241
55.784
55.9349
56.061
55.8901
56.7181
55.8441
55.8832
55.912
55.7339
56.2179
56.0479
55.8431
56.288
55.881
56.2551
55.8591
56.4022
56.4561
56.69
56.3262
56.674
56.4699
56.5479
56.252
55.6369
55.8279
56.18
56.3362
55.5689
56.1669
56.37
56.1512
56.458
56.0639
56.036
56.298
55.7849
55.9011
55.9871
56.2179
56.165
56.1371
56.2351
56.257
56.463
56.3929
56.0319
56.2031
56.32
56.324
55.9959
56.164
56.3109
56.185
55.9978
56.3252
57.1311
55.9959
56.766
55.954
56.1409
55.6459
56.432
56.3841
55.9621
56.56
55.8031
55.872
56.298
56.2329
56.2711
55.855
56.3431
56.7341
55.9802
55.9649
56.5729
55.974
56.16
56.0908
56.407
55.9671
56.4718
56.2699
56.0548
56.5
56.3529
55.64
56.7222
56.2651
56.2429
56.0029
55.97
56.546
56.0851
56.762
56.145
56.181
56.159
56.4802
55.9521
56.1011
56.392
56.0832
56.1411
56.0069
55.9449
56.8678
56.201
55.6412
56.7801
56.119
55.985
56.4179
56.536
55.928
55.8369
56.421
56.0169
57.055
56.3152
56.324
56.3579
56.2661
56.0501
56.1471
55.788
55.9862
56.4241
56.5801
56.2429
56.3681
55.835
56.6592
56.3982
56.3831
56.294
55.815
55.98
56.3321
56.4101
56.222
55.9449
56.0398
55.9869
56.577
56.16
55.774
56.1271
55.758
56.4241
55.943
56.2029
56.354
56.3359
55.891
56.0901
56.1681
56.1452
56.211
56.0331
56.2091
55.8999
55.7919
56.237
56.7081
56.102
56.2861
56.035
56.37
55.7179
56.247
56.066
56.39
56.515
56.5898
55.6459
56.319
55.8729
55.969
56.402
56.0141
56.0329
55.7599
55.964
55.7389
55.9142
56.705
56.1008
56.1769
56.0799
56.4539
56.4311
56.5698
56.267
55.908
56.107
55.949
56.1531
56.0021
56.011
56.2189
55.702
56.2201
56.1719
55.974
55.9862
56.5219
55.9461
56.2639
55.922
56.108
56.1478
56.138
56.4849
56.4721
56.3111
56.18
56.1211
56.025
56.5338
55.8529
56.721
56.3581
55.5999
56.0172
56.386
55.7969
56.4179
56.3669
56.0989
56.0288
56.056
56.0992
56.211
56.504
55.768
56.3149
55.861
55.804
56.669
55.9168
55.9599
56.0131
56.4201
56.0131
56.3009
55.7239
56.164
56.4129
56.5569
56.262
56.03
56.3719
56.1571
56.2501
56.2141
56.587
56.34
55.9862
56.2279
55.886
56.2141
55.8829
56.1311
55.865
56.299
56.509
56.0882
56.376
55.948
55.6588
56.191
55.9461
56.3521
56.37
55.9239
55.583
56.53
56.4051
56.6511
56.109
56.0799
56.0501
56.205
55.7799
56.159
55.9599
56.2401
56.546
56.2689
56.3791
55.9862
56.3111
56.3271
56.438
55.9409
55.9969
56.216
55.958
56.155
56.03
55.8982
56.371
56.2799
56.4911
56.288
56.0338
56.3989
56.144
56.3262
57.1032
56.267
56.6561
55.9909
55.6629
56.1299
56.5619
56.3362
56.5579
55.9781
56.015
56.392
56.134
56.669
56.4301
56.4871
55.649
55.934
56.0811
56.1771
55.9909
56.2201
56.4511
55.9421
56.097
56.2069
56.6051
55.9969
56.1159
56.812
55.66
55.9549
56.556
56.839
55.82
55.8839
55.7771
56.103
56.396
56.1769
55.9449
56.2699
56.2561
56.0601
56.0751
56.7901
56.3228
56.495
56.86
56.2601
56.1662
55.9521
56.381
55.7282
56.2849
56.778
56.484
56.349
56.0591
56.37
56.3359
56.4308
56.169
56.1159
56.742
56.0858
56.2959
56.071
56.447
56.8101
56.1399
56.447
56.0641
56.046
56.0322
56.469
55.6319
56.4189
56.411
55.922
56.5028
56.8678
55.9061
55.7921
55.9871
56.0601
56.118
56.5319
56.365
55.8791
55.9361
55.8522
56.0431
56.1321
55.8221
55.9869
56.325
56.0842
56.4551
56.093
56.3319
56.284
56.0279
56.3381
56.3118
56.0229
56.19
56.987
56.0062
56.242
55.851
56.123
56.0999
55.98
56.2661
56.421
56.3622
55.758
55.654
56.1721
56.4849
56.1569
56.056
56.062
56.484
56.2081
56.3209
56.03
56.6809
56.1869
56.4179
56.2241
56.0889
56.973
56.4859
55.7449
56.2758
56.0489
56.1609
56.4239
56.196
56.0191
56.0641
55.9239
55.9239
55.934
