-0.00000008742277657347585773095489
0.00306932302191853523254394531250
0.00613902974873781204223632812500
0.00920861307531595230102539062500
0.01227837055921554565429687500000
0.01534835994243621826171875000000
0.01841863803565502166748046875000
0.02148950099945068359375000000000
0.02456053160130977630615234375000
0.02763202600181102752685546875000
0.03070427849888801574707031250000
0.03377687558531761169433593750000
0.03685010597109794616699218750000
0.03992403298616409301757812500000
0.04299871250987052917480468750000
0.04607444256544113159179687500000
0.04915080219507217407226562500000
0.05222809314727783203125000000000
0.05530660971999168395996093750000
0.05838593095541000366210937500000
0.06146635487675666809082031250000
0.06454794108867645263671875000000
0.06763075292110443115234375000000
0.07071507722139358520507812500000
0.07380051165819168090820312500000
0.07688733935356140136718750000000
0.07997585833072662353515625000000
0.08306565880775451660156250000000
0.08615703880786895751953125000000
0.08925005048513412475585937500000
0.09234476089477539062500000000000
0.09544146060943603515625000000000
0.09853973984718322753906250000000
0.10163989663124084472656250000000
0.10474222153425216674804687500000
0.10784630477428436279296875000000
0.11095244437456130981445312500000
0.11406069993972778320312500000000
0.11717113107442855834960937500000
0.12028404325246810913085937500000
0.12339901179075241088867187500000
0.12651634216308593750000000000000
0.12963633239269256591796875000000
0.13275857269763946533203125000000
0.13588334619998931884765625000000
0.13901074230670928955078125000000
0.14214080572128295898437500000000
0.14527383446693420410156250000000
0.14840942621231079101562500000000
0.15154786407947540283203125000000
0.15468947589397430419921875000000
0.15783382952213287353515625000000
0.16098122298717498779296875000000
0.16413174569606781005859375000000
0.16728542745113372802734375000000
0.17044259607791900634765625000000
0.17360283434391021728515625000000
0.17676642537117004394531250000000
0.17993371188640594482421875000000
0.18310424685478210449218750000000
0.18627835810184478759765625000000
0.18945609033107757568359375000000
0.19263751804828643798828125000000
0.19582296907901763916015625000000
0.19901199638843536376953125000000
0.20220492780208587646484375000000
0.20540206134319305419921875000000
0.20860299468040466308593750000000
0.21180802583694458007812500000000
0.21501721441745758056640625000000
0.21823064982891082763671875000000
0.22144864499568939208984375000000
0.22467076778411865234375000000000
0.22789734601974487304687500000000
0.23112867772579193115234375000000
0.23436436057090759277343750000000
0.23760469257831573486328125000000
0.24084976315498352050781250000000
0.24409961700439453125000000000000
0.24735461175441741943359375000000
0.25061428546905517578125000000000
0.25387901067733764648437500000000
0.25714904069900512695312500000000
0.26042401790618896484375000000000
0.26370421051979064941406250000000
0.26698973774909973144531250000000
0.27028062939643859863281250000000
0.27357727289199829101562500000000
0.27687916159629821777343750000000
0.28018671274185180664062500000000
0.28350019454956054687500000000000
0.28681918978691101074218750000000
0.29014402627944946289062500000000
0.29347479343414306640625000000000
0.29681158065795898437500000000000
0.30015468597412109375000000000000
0.30350372195243835449218750000000
0.30685898661613464355468750000000
0.31022086739540100097656250000000
0.31358885765075683593750000000000
0.31696337461471557617187500000000
0.32034441828727722167968750000000
0.32373216748237609863281250000000
0.32712689042091369628906250000000
0.33052816987037658691406250000000
0.33393636345863342285156250000000
0.33735182881355285644531250000000
0.34077408909797668457031250000000
0.34420353174209594726562500000000
0.34764024615287780761718750000000
0.35108426213264465332031250000000
0.35453599691390991210937500000000
0.35799500346183776855468750000000
0.36146157979965209960937500000000
0.36493614315986633300781250000000
0.36841824650764465332031250000000
0.37190821766853332519531250000000
0.37540617585182189941406250000000
0.37891218066215515136718750000000
0.38242664933204650878906250000000
0.38594910502433776855468750000000
0.38947990536689758300781250000000
0.39301943778991699218750000000000
0.39656722545623779296875000000000
0.40012368559837341308593750000000
0.40368887782096862792968750000000
0.40726292133331298828125000000000
0.41084620356559753417968750000000
0.41443824768066406250000000000000
0.41803944110870361328125000000000
0.42165017127990722656250000000000
0.42526996135711669921875000000000
0.42889922857284545898437500000000
0.43253806233406066894531250000000
0.43618655204772949218750000000000
0.43984514474868774414062500000000
0.44351330399513244628906250000000
0.44719150662422180175781250000000
0.45088008046150207519531250000000
0.45457860827445983886718750000000
0.45828744769096374511718750000000
0.46200674772262573242187500000000
0.46573662757873535156250000000000
0.46947747468948364257812500000000
0.47322881221771240234375000000000
0.47699105739593505859375000000000
0.48076465725898742675781250000000
0.48454907536506652832031250000000
0.48834478855133056640625000000000
0.49215191602706909179687500000000
0.49597054719924926757812500000000
0.49980109930038452148437500000000
0.50364315509796142578125000000000
0.50749713182449340820312500000000
0.51136338710784912109375000000000
0.51524150371551513671875000000000
0.51913189888000488281250000000000
0.52303475141525268554687500000000
0.52695012092590332031250000000000
0.53087848424911499023437500000000
0.53481936454772949218750000000000
0.53877323865890502929687500000000
0.54274052381515502929687500000000
0.54672074317932128906250000000000
0.55071431398391723632812500000000
0.55472141504287719726562500000000
0.55874216556549072265625000000000
0.56277704238891601562500000000000
0.56682556867599487304687500000000
0.57088822126388549804687500000000
0.57496547698974609375000000000000
0.57905679941177368164062500000000
0.58316272497177124023437500000000
0.58728331327438354492187500000000
0.59141886234283447265625000000000
0.59556972980499267578125000000000
0.59973549842834472656250000000000
0.60391658544540405273437500000000
0.60811358690261840820312500000000
0.61232590675354003906250000000000
0.61655414104461669921875000000000
0.62079834938049316406250000000000
0.62505882978439331054687500000000
0.62933599948883056640625000000000
0.63362938165664672851562500000000
0.63793951272964477539062500000000
0.64226686954498291015625000000000
0.64661097526550292968750000000000
0.65097236633300781250000000000000
0.65535128116607666015625000000000
0.65974777936935424804687500000000
0.66416251659393310546875000000000
0.66859489679336547851562500000000
0.67304551601409912109375000000000
0.67751491069793701171875000000000
0.68200260400772094726562500000000
0.68650913238525390625000000000000
0.69103467464447021484375000000000
0.69557946920394897460937500000000
0.70014405250549316406250000000000
0.70472788810729980468750000000000
0.70933169126510620117187500000000
0.71395587921142578125000000000000
0.71860003471374511718750000000000
0.72326475381851196289062500000000
0.72795021533966064453125000000000
0.73265665769577026367187500000000
0.73738467693328857421875000000000
0.74213379621505737304687500000000
0.74690461158752441406250000000000
0.75169771909713745117187500000000
0.75651258230209350585937500000000
0.76134985685348510742187500000000
0.76620984077453613281250000000000
0.77109271287918090820312500000000
0.77599912881851196289062500000000
0.78092861175537109375000000000000
0.78588175773620605468750000000000
0.79085928201675415039062500000000
0.79586058855056762695312500000000
0.80088645219802856445312500000000
0.80593705177307128906250000000000
0.81101268529891967773437500000000
0.81611406803131103515625000000000
0.82124072313308715820312500000000
0.82639324665069580078125000000000
0.83157235383987426757812500000000
0.83677756786346435546875000000000
0.84200966358184814453125000000000
0.84726876020431518554687500000000
0.85255533456802368164062500000000
0.85787010192871093750000000000000
0.86321246623992919921875000000000
0.86858326196670532226562500000000
0.87398314476013183593750000000000
0.87941169738769531250000000000000
0.88486957550048828125000000000000
0.89035725593566894531250000000000
0.89587497711181640625000000000000
0.90142357349395751953125000000000
0.90700244903564453125000000000000
0.91261261701583862304687500000000
0.91825461387634277343750000000000
0.92392808198928833007812500000000
0.92963391542434692382812500000000
0.93537235260009765625000000000000
0.94114381074905395507812500000000
0.94694918394088745117187500000000
0.95278793573379516601562500000000
0.95866096019744873046875000000000
0.96456909179687500000000000000000
0.97051185369491577148437500000000
0.97649013996124267578125000000000
0.98250436782836914062500000000000
0.98855501413345336914062500000000
0.99464285373687744140625000000000
1.00076746940612792968750000000000
1.00692999362945556640625000000000
1.01313114166259765625000000000000
1.01937043666839599609375000000000
1.02564895153045654296875000000000
1.03196716308593750000000000000000
1.03832554817199707031250000000000
1.04472506046295166015625000000000
1.05116522312164306640625000000000
1.05764698982238769531250000000000
1.06417167186737060546875000000000
1.07073843479156494140625000000000
1.07734858989715576171875000000000
1.08400261402130126953125000000000
1.09070110321044921875000000000000
1.09744501113891601562500000000000
1.10423409938812255859375000000000
1.11106932163238525390625000000000
1.11795186996459960937500000000000
1.12488126754760742187500000000000
1.13185858726501464843750000000000
1.13888466358184814453125000000000
1.14596009254455566406250000000000
1.15308594703674316406250000000000
1.16026175022125244140625000000000
1.16748905181884765625000000000000
1.17476880550384521484375000000000
1.18210065364837646484375000000000
1.18948602676391601562500000000000
1.19692540168762207031250000000000
1.20441961288452148437500000000000
1.21197009086608886718750000000000
1.21957635879516601562500000000000
1.22723984718322753906250000000000
1.23496186733245849609375000000000
1.24274194240570068359375000000000
1.25058174133300781250000000000000
1.25848186016082763671875000000000
1.26644325256347656250000000000000
1.27446746826171875000000000000000
1.28255403041839599609375000000000
1.29070460796356201171875000000000
1.29892051219940185546875000000000
1.30720162391662597656250000000000
1.31554949283599853515625000000000
1.32396507263183593750000000000000
1.33244919776916503906250000000000
1.34100377559661865234375000000000
1.34962844848632812500000000000000
1.35832476615905761718750000000000
1.36709463596343994140625000000000
1.37593770027160644531250000000000
1.38485586643218994140625000000000
1.39385008811950683593750000000000
1.40292155742645263671875000000000
1.41207230091094970703125000000000
1.42130196094512939453125000000000
1.43061244487762451171875000000000
1.44000589847564697265625000000000
1.44948196411132812500000000000000
1.45904266834259033203125000000000
1.46868956089019775390625000000000
1.47842371463775634765625000000000
1.48824739456176757812500000000000
1.49816048145294189453125000000000
1.50816512107849121093750000000000
1.51826357841491699218750000000000
1.52845585346221923828125000000000
1.53874421119689941406250000000000
1.54913020133972167968750000000000
1.55961549282073974609375000000000
1.57020246982574462890625000000000
1.58089113235473632812500000000000
1.59168398380279541015625000000000
1.60258376598358154296875000000000
1.61359035968780517578125000000000
1.62470662593841552734375000000000
1.63593423366546630859375000000000
1.64727520942687988281250000000000
1.65873229503631591796875000000000
1.67030584812164306640625000000000
1.68199861049652099609375000000000
1.69381368160247802734375000000000
1.70575129985809326171875000000000
1.71781456470489501953125000000000
1.73000574111938476562500000000000
1.74232709407806396484375000000000
1.75478184223175048828125000000000
1.76737058162689208984375000000000
1.78009665012359619140625000000000
1.79296350479125976562500000000000
1.80597186088562011718750000000000
1.81912517547607421875000000000000
1.83242630958557128906250000000000
1.84587776660919189453125000000000
1.85948359966278076171875000000000
1.87324464321136474609375000000000
1.88716471195220947265625000000000
1.90124821662902832031250000000000
1.91549587249755859375000000000000
1.92991209030151367187500000000000
1.94450020790100097656250000000000
1.95926344394683837890625000000000
1.97420644760131835937500000000000
1.98933041095733642578125000000000
2.00464034080505371093750000000000
2.02014112472534179687500000000000
2.03583383560180664062500000000000
2.05172419548034667968750000000000
2.06781578063964843750000000000000
2.08411312103271484375000000000000
2.10062146186828613281250000000000
2.11734271049499511718750000000000
2.13428282737731933593750000000000
2.15144777297973632812500000000000
2.16883945465087890625000000000000
2.18646430969238281250000000000000
2.20432734489440917968750000000000
2.22243428230285644531250000000000
2.24079012870788574218750000000000
2.25939941406250000000000000000000
2.27826881408691406250000000000000
2.29740452766418457031250000000000
2.31681203842163085937500000000000
2.33649682998657226562500000000000
2.35646605491638183593750000000000
2.37672710418701171875000000000000
2.39728593826293945312500000000000
2.41814851760864257812500000000000
2.43932342529296875000000000000000
2.46081852912902832031250000000000
2.48264074325561523437500000000000
2.50479722023010253906250000000000
2.52729725837707519531250000000000
2.55014991760253906250000000000000
2.57336306571960449218750000000000
2.59694504737854003906250000000000
2.62090587615966796875000000000000
2.64525628089904785156250000000000
2.67000555992126464843750000000000
2.69516277313232421875000000000000
2.72073960304260253906250000000000
2.74674820899963378906250000000000
2.77319931983947753906250000000000
2.80010342597961425781250000000000
2.82747411727905273437500000000000
2.85532498359680175781250000000000
2.88366842269897460937500000000000
2.91251707077026367187500000000000
2.94188594818115234375000000000000
2.97179150581359863281250000000000
3.00224733352661132812500000000000
3.03326892852783203125000000000000
3.06487321853637695312500000000000
3.09707927703857421875000000000000
3.12990355491638183593750000000000
3.16336321830749511718750000000000
3.19747900962829589843750000000000
3.23227238655090332031250000000000
3.26776337623596191406250000000000
3.30397200584411621093750000000000
3.34092235565185546875000000000000
3.37864017486572265625000000000000
3.41714835166931152343750000000000
3.45647144317626953125000000000000
3.49663782119750976562500000000000
3.53767728805541992187500000000000
3.57961797714233398437500000000000
3.62248873710632324218750000000000
3.66632366180419921875000000000000
3.71115827560424804687500000000000
3.75702595710754394531250000000000
3.80396199226379394531250000000000
3.85200715065002441406250000000000
3.90120410919189453125000000000000
3.95159316062927246093750000000000
4.00321769714355468750000000000000
4.05612707138061523437500000000000
4.11037206649780273437500000000000
4.16600370407104492187500000000000
4.22307443618774414062500000000000
4.28164386749267578125000000000000
4.34177589416503906250000000000000
4.40353202819824218750000000000000
4.46697854995727539062500000000000
4.53218841552734375000000000000000
4.59924125671386718750000000000000
4.66821432113647460937500000000000
4.73919010162353515625000000000000
4.81226110458374023437500000000000
4.88752603530883789062500000000000
4.96508407592773437500000000000000
5.04503917694091796875000000000000
5.12750959396362304687500000000000
5.21262073516845703125000000000000
5.30049991607666015625000000000000
5.39128208160400390625000000000000
5.48511981964111328125000000000000
5.58217477798461914062500000000000
5.68261384963989257812500000000000
5.78661537170410156250000000000000
5.89437770843505859375000000000000
6.00611543655395507812500000000000
6.12205076217651367187500000000000
6.24242210388183593750000000000000
6.36749649047851562500000000000000
6.49756240844726562500000000000000
6.63292169570922851562500000000000
6.77390193939208984375000000000000
6.92086935043334960937500000000000
7.07422256469726562500000000000000
7.23438310623168945312500000000000
7.40181207656860351562500000000000
7.57702541351318359375000000000000
7.76059007644653320312500000000000
7.95311355590820312500000000000000
8.15526390075683593750000000000000
8.36779499053955078125000000000000
8.59154033660888671875000000000000
8.82740592956542968750000000000000
9.07639980316162109375000000000000
9.33966445922851562500000000000000
9.61847972869873046875000000000000
9.91425991058349609375000000000000
10.22859573364257812500000000000000
10.56330776214599609375000000000000
10.92046737670898437500000000000000
11.30240058898925781250000000000000
11.71177196502685546875000000000000
12.15167236328125000000000000000000
12.62567806243896484375000000000000
13.13790607452392578125000000000000
13.69316101074218750000000000000000
14.29713821411132812500000000000000
14.95658397674560546875000000000000
15.67949485778808593750000000000000
16.47547531127929687500000000000000
17.35625076293945312500000000000000
18.33619117736816406250000000000000
19.43301773071289062500000000000000
20.66894721984863281250000000000000
22.07231712341308593750000000000000
23.67972564697265625000000000000000
25.53912353515625000000000000000000
27.71475410461425781250000000000000
30.29495239257812500000000000000000
33.40433502197265625000000000000000
37.22421264648437500000000000000000
42.02940750122070312500000000000000
48.25802993774414062500000000000000
56.65309143066406250000000000000000
68.58255004882812500000000000000000
86.87310028076171875000000000000000
118.46467590332031250000000000000000
186.16198730468750000000000000000000
434.38629150390625000000000000000000
-1303.25988769531250000000000000000000
-260.63888549804687500000000000000000
-144.79455566406250000000000000000000
-100.23979187011718750000000000000000
-76.65250396728515625000000000000000
-62.05035018920898437500000000000000
-52.12018966674804687500000000000000
-44.92915344238281250000000000000000
-39.48136520385742187500000000000000
-35.21123886108398437500000000000000
-31.77397918701171875000000000000000
-28.94761466979980468750000000000000
-26.58262252807617187500000000000000
-24.57445144653320312500000000000000
-22.84791755676269531250000000000000
-21.34768486022949218750000000000000
-20.03202056884765625000000000000000
-18.86877632141113281250000000000000
-17.83285903930664062500000000000000
-16.90446472167968750000000000000000
-16.06769371032714843750000000000000
-15.30958175659179687500000000000000
-14.61949539184570312500000000000000
-13.98868370056152343750000000000000
-13.40983581542968750000000000000000
-12.87675571441650390625000000000000
-12.38419342041015625000000000000000
-11.92770862579345703125000000000000
-11.50348472595214843750000000000000
-11.10819625854492187500000000000000
-10.73896121978759765625000000000000
-10.39329242706298828125000000000000
-10.06900882720947265625000000000000
-9.76416873931884765625000000000000
-9.47705841064453125000000000000000
-9.20617961883544921875000000000000
-8.95020008087158203125000000000000
-8.70790767669677734375000000000000
-8.47822284698486328125000000000000
-8.26018905639648437500000000000000
-8.05294513702392578125000000000000
-7.85570049285888671875000000000000
-7.66773653030395507812500000000000
-7.48841714859008789062500000000000
-7.31716251373291015625000000000000
-7.15343141555786132812500000000000
-6.99672985076904296875000000000000
-6.84661817550659179687500000000000
-6.70269107818603515625000000000000
-6.56456661224365234375000000000000
-6.43189382553100585937500000000000
-6.30435800552368164062500000000000
-6.18166923522949218750000000000000
-6.06354951858520507812500000000000
-5.94974184036254882812500000000000
-5.84001684188842773437500000000000
-5.73415994644165039062500000000000
-5.63196516036987304687500000000000
-5.53323984146118164062500000000000
-5.43781232833862304687500000000000
-5.34552145004272460937500000000000
-5.25621032714843750000000000000000
-5.16973161697387695312500000000000
-5.08595514297485351562500000000000
-5.00475692749023437500000000000000
-4.92601585388183593750000000000000
-4.84961748123168945312500000000000
-4.77546024322509765625000000000000
-4.70344829559326171875000000000000
-4.63348627090454101562500000000000
-4.56548357009887695312500000000000
-4.49936008453369140625000000000000
-4.43504142761230468750000000000000
-4.37244987487792968750000000000000
-4.31151390075683593750000000000000
-4.25216960906982421875000000000000
-4.19435691833496093750000000000000
-4.13801431655883789062500000000000
-4.08308219909667968750000000000000
-4.02951049804687500000000000000000
-3.97724938392639160156250000000000
-3.92624902725219726562500000000000
-3.87646126747131347656250000000000
-3.82784438133239746093750000000000
-3.78035879135131835937500000000000
-3.73396253585815429687500000000000
-3.68861579895019531250000000000000
-3.64428448677062988281250000000000
-3.60093569755554199218750000000000
-3.55853486061096191406250000000000
-3.51704835891723632812500000000000
-3.47644829750061035156250000000000
-3.43670701980590820312500000000000
-3.39779543876647949218750000000000
-3.35968542098999023437500000000000
-3.32235360145568847656250000000000
-3.28577709197998046875000000000000
-3.24993085861206054687500000000000
-3.21479129791259765625000000000000
-3.18033838272094726562500000000000
-3.14655303955078125000000000000000
-3.11341428756713867187500000000000
-3.08090138435363769531250000000000
-3.04899764060974121093750000000000
-3.01768684387207031250000000000000
-2.98695087432861328125000000000000
-2.95677208900451660156250000000000
-2.92713618278503417968750000000000
-2.89802908897399902343750000000000
-2.86943531036376953125000000000000
-2.84133982658386230468750000000000
-2.81373023986816406250000000000000
-2.78659439086914062500000000000000
-2.75991868972778320312500000000000
-2.73369026184082031250000000000000
-2.70789837837219238281250000000000
-2.68253278732299804687500000000000
-2.65758132934570312500000000000000
-2.63303279876708984375000000000000
-2.60887789726257324218750000000000
-2.58510756492614746093750000000000
-2.56171178817749023437500000000000
-2.53867983818054199218750000000000
-2.51600432395935058593750000000000
-2.49367713928222656250000000000000
-2.47168898582458496093750000000000
-2.45003128051757812500000000000000
-2.42869687080383300781250000000000
-2.40767908096313476562500000000000
-2.38696956634521484375000000000000
-2.36656069755554199218750000000000
-2.34644579887390136718750000000000
-2.32661962509155273437500000000000
-2.30707478523254394531250000000000
-2.28780388832092285156250000000000
-2.26880168914794921875000000000000
-2.25006294250488281250000000000000
-2.23158144950866699218750000000000
-2.21335077285766601562500000000000
-2.19536590576171875000000000000000
-2.17762279510498046875000000000000
-2.16011500358581542968750000000000
-2.14283728599548339843750000000000
-2.12578558921813964843750000000000
-2.10895538330078125000000000000000
-2.09234166145324707031250000000000
-2.07593941688537597656250000000000
-2.05974483489990234375000000000000
-2.04375433921813964843750000000000
-2.02796339988708496093750000000000
-2.01236701011657714843750000000000
-1.99696218967437744140625000000000
-1.98174571990966796875000000000000
-1.96671319007873535156250000000000
-1.95186054706573486328125000000000
-1.93718469142913818359375000000000
-1.92268300056457519531250000000000
-1.90835142135620117187500000000000
-1.89418625831604003906250000000000
-1.88018488883972167968750000000000
-1.86634469032287597656250000000000
-1.85266220569610595703125000000000
-1.83913385868072509765625000000000
-1.82575750350952148437500000000000
-1.81253075599670410156250000000000
-1.79945027828216552734375000000000
-1.78651297092437744140625000000000
-1.77371680736541748046875000000000
-1.76105976104736328125000000000000
-1.74853873252868652343750000000000
-1.73615097999572753906250000000000
-1.72389447689056396484375000000000
-1.71176755428314208984375000000000
-1.69976735115051269531250000000000
-1.68789124488830566406250000000000
-1.67613756656646728515625000000000
-1.66450476646423339843750000000000
-1.65299010276794433593750000000000
-1.64159131050109863281250000000000
-1.63030683994293212890625000000000
-1.61913514137268066406250000000000
-1.60807394981384277343750000000000
-1.59712100028991699218750000000000
-1.58627486228942871093750000000000
-1.57553434371948242187500000000000
-1.56489706039428710937500000000000
-1.55436122417449951171875000000000
-1.54392552375793457031250000000000
-1.53358829021453857421875000000000
-1.52334797382354736328125000000000
-1.51320302486419677734375000000000
-1.50315177440643310546875000000000
-1.49319291114807128906250000000000
-1.48332488536834716796875000000000
-1.47354638576507568359375000000000
-1.46385586261749267578125000000000
-1.45425200462341308593750000000000
-1.44473361968994140625000000000000
-1.43529915809631347656250000000000
-1.42594754695892333984375000000000
-1.41667747497558593750000000000000
-1.40748751163482666015625000000000
-1.39837682247161865234375000000000
-1.38934385776519775390625000000000
-1.38038766384124755859375000000000
-1.37150704860687255859375000000000
-1.36270081996917724609375000000000
-1.35396814346313476562500000000000
-1.34530758857727050781250000000000
-1.33671820163726806640625000000000
-1.32819914817810058593750000000000
-1.31974923610687255859375000000000
-1.31136751174926757812500000000000
-1.30305302143096923828125000000000
-1.29480469226837158203125000000000
-1.28662180900573730468750000000000
-1.27850317955017089843750000000000
-1.27044796943664550781250000000000
-1.26245546340942382812500000000000
-1.25452470779418945312500000000000
-1.24665462970733642578125000000000
-1.23884463310241699218750000000000
-1.23109388351440429687500000000000
-1.22340130805969238281250000000000
-1.21576642990112304687500000000000
-1.20818829536437988281250000000000
-1.20066618919372558593750000000000
-1.19319927692413330078125000000000
-1.18578684329986572265625000000000
-1.17842829227447509765625000000000
-1.17112267017364501953125000000000
-1.16386938095092773437500000000000
-1.15666770935058593750000000000000
-1.14951705932617187500000000000000
-1.14241671562194824218750000000000
-1.13536596298217773437500000000000
-1.12836408615112304687500000000000
-1.12141072750091552734375000000000
-1.11450493335723876953125000000000
-1.10764622688293457031250000000000
-1.10083413124084472656250000000000
-1.09406781196594238281250000000000
-1.08734679222106933593750000000000
-1.08067047595977783203125000000000
-1.07403838634490966796875000000000
-1.06744980812072753906250000000000
-1.06090426445007324218750000000000
-1.05440127849578857421875000000000
-1.04794013500213623046875000000000
-1.04152047634124755859375000000000
-1.03514182567596435546875000000000
-1.02880346775054931640625000000000
-1.02250504493713378906250000000000
-1.01624608039855957031250000000000
-1.01002597808837890625000000000000
-1.00384438037872314453125000000000
-0.99770063161849975585937500000000
-0.99159449338912963867187500000000
-0.98552542924880981445312500000000
-0.97949296236038208007812500000000
-0.97349661588668823242187500000000
-0.96753603219985961914062500000000
-0.96161079406738281250000000000000
-0.95572036504745483398437500000000
-0.94986438751220703125000000000000
-0.94404250383377075195312500000000
-0.93825423717498779296875000000000
-0.93249922990798950195312500000000
-0.92677706480026245117187500000000
-0.92108732461929321289062500000000
-0.91542971134185791015625000000000
-0.90980380773544311523437500000000
-0.90420925617218017578125000000000
-0.89864563941955566406250000000000
-0.89311265945434570312500000000000
-0.88760989904403686523437500000000
-0.88213706016540527343750000000000
-0.87669378519058227539062500000000
-0.87127971649169921875000000000000
-0.86589449644088745117187500000000
-0.86053788661956787109375000000000
-0.85520946979522705078125000000000
-0.84990894794464111328125000000000
-0.84463596343994140625000000000000
-0.83939033746719360351562500000000
-0.83417165279388427734375000000000
-0.82897961139678955078125000000000
-0.82381391525268554687500000000000
-0.81867426633834838867187500000000
-0.81356042623519897460937500000000
-0.80847203731536865234375000000000
-0.80340886116027832031250000000000
-0.79837054014205932617187500000000
-0.79335689544677734375000000000000
-0.78836762905120849609375000000000
-0.78340238332748413085937500000000
-0.77846103906631469726562500000000
-0.77354317903518676757812500000000
-0.76864868402481079101562500000000
-0.76377719640731811523437500000000
-0.75892853736877441406250000000000
-0.75410234928131103515625000000000
-0.74929845333099365234375000000000
-0.74451667070388793945312500000000
-0.73975664377212524414062500000000
-0.73501819372177124023437500000000
-0.73030108213424682617187500000000
-0.72560507059097290039062500000000
-0.72092992067337036132812500000000
-0.71627539396286010742187500000000
-0.71164137125015258789062500000000
-0.70702749490737915039062500000000
-0.70243358612060546875000000000000
-0.69785946607589721679687500000000
-0.69330489635467529296875000000000
-0.68876969814300537109375000000000
-0.68425357341766357421875000000000
-0.67975640296936035156250000000000
-0.67527794837951660156250000000000
-0.67081809043884277343750000000000
-0.66637653112411499023437500000000
-0.66195309162139892578125000000000
-0.65754753351211547851562500000000
-0.65315979719161987304687500000000
-0.64878958463668823242187500000000
-0.64443677663803100585937500000000
-0.64010113477706909179687500000000
-0.63578248023986816406250000000000
-0.63148069381713867187500000000000
-0.62719553709030151367187500000000
-0.62292677164077758789062500000000
-0.61867439746856689453125000000000
-0.61443811655044555664062500000000
-0.61021775007247924804687500000000
-0.60601323843002319335937500000000
-0.60182428359985351562500000000000
-0.59765076637268066406250000000000
-0.59349256753921508789062500000000
-0.58934944868087768554687500000000
-0.58522135019302368164062500000000
-0.58110797405242919921875000000000
-0.57700932025909423828125000000000
-0.57292515039443969726562500000000
-0.56885528564453125000000000000000
-0.56479960680007934570312500000000
-0.56075799465179443359375000000000
-0.55673027038574218750000000000000
-0.55271631479263305664062500000000
-0.54871588945388793945312500000000
-0.54472893476486206054687500000000
-0.54075533151626586914062500000000
-0.53679490089416503906250000000000
-0.53284746408462524414062500000000
-0.52891290187835693359375000000000
-0.52499109506607055664062500000000
-0.52108198404312133789062500000000
-0.51718527078628540039062500000000
-0.51330095529556274414062500000000
-0.50942885875701904296875000000000
-0.50556880235671997070312500000000
-0.50172078609466552734375000000000
-0.49788454174995422363281250000000
-0.49406003952026367187500000000000
-0.49024710059165954589843750000000
-0.48644563555717468261718750000000
-0.48265549540519714355468750000000
-0.47887656092643737792968750000000
-0.47510874271392822265625000000000
-0.47135189175605773925781250000000
-0.46760588884353637695312500000000
-0.46387061476707458496093750000000
-0.46014598011970520019531250000000
-0.45643183588981628417968750000000
-0.45272809267044067382812500000000
-0.44903463125228881835937500000000
-0.44535133242607116699218750000000
-0.44167810678482055664062500000000
-0.43801480531692504882812500000000
-0.43436133861541748046875000000000
-0.43071761727333068847656250000000
-0.42708349227905273437500000000000
-0.42345890402793884277343750000000
-0.41984373331069946289062500000000
-0.41623786091804504394531250000000
-0.41264119744300842285156250000000
-0.40905362367630004882812500000000
-0.40547505021095275878906250000000
-0.40190535783767700195312500000000
-0.39834448695182800292968750000000
-0.39479228854179382324218750000000
-0.39124870300292968750000000000000
-0.38771361112594604492187500000000
-0.38418695330619812011718750000000
-0.38066855072975158691406250000000
-0.37715840339660644531250000000000
-0.37365636229515075683593750000000
-0.37016233801841735839843750000000
-0.36667624115943908691406250000000
-0.36319801211357116699218750000000
-0.35972750186920166015625000000000
-0.35626465082168579101562500000000
-0.35280936956405639648437500000000
-0.34936156868934631347656250000000
-0.34592112898826599121093750000000
-0.34248802065849304199218750000000
-0.33906212449073791503906250000000
-0.33564332127571105957031250000000
-0.33223158121109008789062500000000
-0.32882678508758544921875000000000
-0.32542884349822998046875000000000
-0.32203769683837890625000000000000
-0.31865322589874267578125000000000
-0.31527540087699890136718750000000
-0.31190407276153564453125000000000
-0.30853921175003051757812500000000
-0.30518072843551635742187500000000
-0.30182853341102600097656250000000
-0.29848253726959228515625000000000
-0.29514265060424804687500000000000
-0.29180881381034851074218750000000
-0.28848096728324890136718750000000
-0.28515899181365966796875000000000
-0.28184282779693603515625000000000
-0.27853238582611083984375000000000
-0.27522760629653930664062500000000
-0.27192842960357666015625000000000
-0.26863473653793334960937500000000
-0.26534646749496459960937500000000
-0.26206356287002563476562500000000
-0.25878590345382690429687500000000
-0.25551348924636840820312500000000
-0.25224617123603820800781250000000
-0.24898393452167510986328125000000
-0.24572665989398956298828125000000
-0.24247430264949798583984375000000
-0.23922678828239440917968750000000
-0.23598402738571166992187500000000
-0.23274597525596618652343750000000
-0.22951254248619079589843750000000
-0.22628365457057952880859375000000
-0.22305925190448760986328125000000
-0.21983925998210906982421875000000
-0.21662361919879913330078125000000
-0.21341225504875183105468750000000
-0.21020507812500000000000000000000
-0.20700204372406005859375000000000
-0.20380309224128723144531250000000
-0.20060811936855316162109375000000
-0.19741709530353546142578125000000
-0.19422993063926696777343750000000
-0.19104655086994171142578125000000
-0.18786691129207611083984375000000
-0.18469095230102539062500000000000
-0.18151856958866119384765625000000
-0.17834973335266113281250000000000
-0.17518435418605804443359375000000
-0.17202238738536834716796875000000
-0.16886375844478607177734375000000
-0.16570839285850524902343750000000
-0.16255624592304229736328125000000
-0.15940722823143005371093750000000
-0.15626130998134613037109375000000
-0.15311840176582336425781250000000
-0.14997844398021697998046875000000
-0.14684136211872100830078125000000
-0.14370712637901306152343750000000
-0.14057564735412597656250000000000
-0.13744686543941497802734375000000
-0.13432073593139648437500000000000
-0.13119716942310333251953125000000
-0.12807612121105194091796875000000
-0.12495753169059753417968750000000
-0.12184132635593414306640625000000
-0.11872745305299758911132812500000
-0.11561585217714309692382812500000
-0.11250644922256469726562500000000
-0.10939919948577880859375000000000
-0.10629403591156005859375000000000
-0.10319089889526367187500000000000
-0.10008972883224487304687500000000
-0.09699045866727828979492187500000
-0.09389303624629974365234375000000
-0.09079740196466445922851562500000
-0.08770348876714706420898437500000
-0.08461123704910278320312500000000
-0.08152059465646743774414062500000
-0.07843150198459625244140625000000
-0.07534389197826385498046875000000
-0.07225771248340606689453125000000
-0.06917290389537811279296875000000
-0.06608939915895462036132812500000
-0.06300714612007141113281250000000
-0.05992608889937400817871093750000
-0.05684616044163703918457031250000
-0.05376730859279632568359375000000
-0.05068947374820709228515625000000
-0.04761259630322456359863281250000
-0.04453661665320396423339843750000
-0.04146147891879081726074218750000
-0.03838712349534034729003906250000
-0.03531349077820777893066406250000
-0.03224052861332893371582031250000
-0.02916817180812358856201171875000
-0.02609636448323726654052734375000
-0.02302505075931549072265625000000
-0.01995416916906833648681640625000
-0.01688366569578647613525390625000
-0.01381347980350255966186523437500
-0.01074355468153953552246093750000
-0.00767383119091391563415527343750
-0.00460425298660993576049804687500
-0.00153476116247475147247314453125
0.00153470155782997608184814453125
0.00460419338196516036987304687500
0.00767377158626914024353027343750
0.01074349507689476013183593750000
0.01381342019885778427124023437500
0.01688360609114170074462890625000
0.01995410956442356109619140625000
0.02302499115467071533203125000000
0.02609630487859249114990234375000
0.02916811220347881317138671875000
0.03224046900868415832519531250000
0.03531343117356300354003906250000
0.03838706389069557189941406250000
0.04146141931414604187011718750000
0.04453655704855918884277343750000
0.04761253669857978820800781250000
0.05068941414356231689453125000000
0.05376724898815155029296875000000
0.05684610083699226379394531250000
0.05992602929472923278808593750000
0.06300708651542663574218750000000
0.06608933955430984497070312500000
0.06917284429073333740234375000000
0.07225765287876129150390625000000
0.07534383237361907958984375000000
0.07843144237995147705078125000000
0.08152053505182266235351562500000
0.08461117744445800781250000000000
0.08770342916250228881835937500000
0.09079734236001968383789062500000
0.09389297664165496826171875000000
0.09699039906263351440429687500000
0.10008966922760009765625000000000
0.10319083929061889648437500000000
0.10629397630691528320312500000000
0.10939913988113403320312500000000
0.11250638961791992187500000000000
0.11561578512191772460937500000000
0.11872739344835281372070312500000
0.12184126675128936767578125000000
0.12495746463537216186523437500000
0.12807606160640716552734375000000
0.13119710981845855712890625000000
0.13432067632675170898437500000000
0.13744680583477020263671875000000
0.14057558774948120117187500000000
0.14370706677436828613281250000000
0.14684130251407623291015625000000
0.14997836947441101074218750000000
0.15311832726001739501953125000000
0.15626125037670135498046875000000
0.15940716862678527832031250000000
0.16255618631839752197265625000000
0.16570833325386047363281250000000
0.16886369884014129638671875000000
0.17202232778072357177734375000000
0.17518429458141326904296875000000
0.17834967374801635742187500000000
0.18151850998401641845703125000000
0.18469087779521942138671875000000
0.18786685168743133544921875000000
0.19104649126529693603515625000000
0.19422985613346099853515625000000
0.19741703569889068603515625000000
0.20060805976390838623046875000000
0.20380301773548126220703125000000
0.20700198411941528320312500000000
0.21020501852035522460937500000000
0.21341218054294586181640625000000
0.21662355959415435791015625000000
0.21983920037746429443359375000000
0.22305919229984283447265625000000
0.22628359496593475341796875000000
0.22951248288154602050781250000000
0.23274591565132141113281250000000
0.23598396778106689453125000000000
0.23922672867774963378906250000000
0.24247424304485321044921875000000
0.24572660028934478759765625000000
0.24898386001586914062500000000000
0.25224611163139343261718750000000
0.25551342964172363281250000000000
0.25878584384918212890625000000000
0.26206347346305847167968750000000
0.26534640789031982421875000000000
0.26863467693328857421875000000000
0.27192836999893188476562500000000
0.27522754669189453125000000000000
0.27853232622146606445312500000000
0.28184276819229125976562500000000
0.28515893220901489257812500000000
0.28848090767860412597656250000000
0.29180875420570373535156250000000
0.29514259099960327148437500000000
0.29848244786262512207031250000000
0.30182847380638122558593750000000
0.30518066883087158203125000000000
0.30853915214538574218750000000000
0.31190401315689086914062500000000
0.31527534127235412597656250000000
0.31865316629409790039062500000000
0.32203760743141174316406250000000
0.32542878389358520507812500000000
0.32882669568061828613281250000000
0.33223149180412292480468750000000
0.33564326167106628417968750000000
0.33906203508377075195312500000000
0.34248796105384826660156250000000
0.34592106938362121582031250000000
0.34936150908470153808593750000000
0.35280930995941162109375000000000
0.35626459121704101562500000000000
0.35972744226455688476562500000000
0.36319792270660400390625000000000
0.36667618155479431152343750000000
0.37016227841377258300781250000000
0.37365630269050598144531250000000
0.37715834379196166992187500000000
0.38066849112510681152343750000000
0.38418686389923095703125000000000
0.38771355152130126953125000000000
0.39124864339828491210937500000000
0.39479222893714904785156250000000
0.39834439754486083984375000000000
0.40190529823303222656250000000000
0.40547496080398559570312500000000
0.40905353426933288574218750000000
0.41264110803604125976562500000000
0.41623780131340026855468750000000
0.41984367370605468750000000000000
0.42345884442329406738281250000000
0.42708343267440795898437500000000
0.43071755766868591308593750000000
0.43436127901077270507812500000000
0.43801471590995788574218750000000
0.44167801737785339355468750000000
0.44535127282142639160156250000000
0.44903457164764404296875000000000
0.45272803306579589843750000000000
0.45643177628517150878906250000000
0.46014589071273803710937500000000
0.46387055516242980957031250000000
0.46760579943656921386718750000000
0.47135180234909057617187500000000
0.47510865330696105957031250000000
0.47887650132179260253906250000000
0.48265543580055236816406250000000
0.48644557595252990722656250000000
0.49024704098701477050781250000000
0.49405997991561889648437500000000
0.49788448214530944824218750000000
0.50172072649002075195312500000000
0.50556874275207519531250000000000
0.50942873954772949218750000000000
0.51330089569091796875000000000000
0.51718521118164062500000000000000
0.52108186483383178710937500000000
0.52499103546142578125000000000000
0.52891284227371215820312500000000
0.53284734487533569335937500000000
0.53679478168487548828125000000000
0.54075527191162109375000000000000
0.54472887516021728515625000000000
0.54871582984924316406250000000000
0.55271619558334350585937500000000
0.55673021078109741210937500000000
0.56075793504714965820312500000000
0.56479954719543457031250000000000
0.56885522603988647460937500000000
0.57292503118515014648437500000000
0.57700926065444946289062500000000
0.58110791444778442382812500000000
0.58522123098373413085937500000000
0.58934938907623291015625000000000
0.59349244832992553710937500000000
0.59765070676803588867187500000000
0.60182416439056396484375000000000
0.60601311922073364257812500000000
0.61021769046783447265625000000000
0.61443805694580078125000000000000
0.61867433786392211914062500000000
0.62292671203613281250000000000000
0.62719541788101196289062500000000
0.63148057460784912109375000000000
0.63578242063522338867187500000000
0.64010107517242431640625000000000
0.64443665742874145507812500000000
0.64878952503204345703125000000000
0.65315973758697509765625000000000
0.65754747390747070312500000000000
0.66195297241210937500000000000000
0.66637641191482543945312500000000
0.67081797122955322265625000000000
0.67527788877487182617187500000000
0.67975634336471557617187500000000
0.68425351381301879882812500000000
0.68876957893371582031250000000000
0.69330483675003051757812500000000
0.69785940647125244140625000000000
0.70243352651596069335937500000000
0.70702737569808959960937500000000
0.71164125204086303710937500000000
0.71627533435821533203125000000000
0.72092986106872558593750000000000
0.72560501098632812500000000000000
0.73030096292495727539062500000000
0.73501807451248168945312500000000
0.73975658416748046875000000000000
0.74451655149459838867187500000000
0.74929839372634887695312500000000
0.75410223007202148437500000000000
0.75892841815948486328125000000000
0.76377707719802856445312500000000
0.76864856481552124023437500000000
0.77354311943054199218750000000000
0.77846091985702514648437500000000
0.78340232372283935546875000000000
0.78836750984191894531250000000000
0.79335677623748779296875000000000
0.79837048053741455078125000000000
0.80340874195098876953125000000000
0.80847191810607910156250000000000
0.81356030702590942382812500000000
0.81867420673370361328125000000000
0.82381379604339599609375000000000
0.82897949218750000000000000000000
0.83417153358459472656250000000000
0.83939021825790405273437500000000
0.84463590383529663085937500000000
0.84990882873535156250000000000000
0.85520935058593750000000000000000
0.86053776741027832031250000000000
0.86589437723159790039062500000000
0.87127959728240966796875000000000
0.87669366598129272460937500000000
0.88213694095611572265625000000000
0.88760977983474731445312500000000
0.89311254024505615234375000000000
0.89864552021026611328125000000000
0.90420913696289062500000000000000
0.90980374813079833984375000000000
0.91542965173721313476562500000000
0.92108726501464843750000000000000
0.92677694559097290039062500000000
0.93249911069869995117187500000000
0.93825411796569824218750000000000
0.94404244422912597656250000000000
0.94986426830291748046875000000000
0.95572024583816528320312500000000
0.96161067485809326171875000000000
0.96753591299057006835937500000000
0.97349649667739868164062500000000
0.97949284315109252929687500000000
0.98552531003952026367187500000000
0.99159437417984008789062500000000
0.99770057201385498046875000000000
1.00384414196014404296875000000000
1.01002585887908935546875000000000
1.01624584197998046875000000000000
1.02250492572784423828125000000000
1.02880334854125976562500000000000
1.03514170646667480468750000000000
1.04152035713195800781250000000000
1.04794001579284667968750000000000
1.05440115928649902343750000000000
1.06090414524078369140625000000000
1.06744968891143798828125000000000
1.07403826713562011718750000000000
1.08067035675048828125000000000000
1.08734667301177978515625000000000
1.09406769275665283203125000000000
1.10083401203155517578125000000000
1.10764622688293457031250000000000
1.11450481414794921875000000000000
1.12141060829162597656250000000000
1.12836396694183349609375000000000
1.13536584377288818359375000000000
1.14241659641265869140625000000000
1.14951694011688232421875000000000
1.15666759014129638671875000000000
1.16386926174163818359375000000000
1.17112255096435546875000000000000
1.17842805385589599609375000000000
1.18578672409057617187500000000000
1.19319915771484375000000000000000
1.20066606998443603515625000000000
1.20818817615509033203125000000000
1.21576631069183349609375000000000
1.22340118885040283203125000000000
1.23109364509582519531250000000000
1.23884451389312744140625000000000
1.24665451049804687500000000000000
1.25452446937561035156250000000000
1.26245534420013427734375000000000
1.27044785022735595703125000000000
1.27850294113159179687500000000000
1.28662157058715820312500000000000
1.29480457305908203125000000000000
1.30305278301239013671875000000000
1.31136739253997802734375000000000
1.31974911689758300781250000000000
1.32819902896881103515625000000000
1.33671808242797851562500000000000
1.34530735015869140625000000000000
1.35396790504455566406250000000000
1.36270070075988769531250000000000
1.37150692939758300781250000000000
1.38038742542266845703125000000000
1.38934373855590820312500000000000
1.39837658405303955078125000000000
1.40748739242553710937500000000000
1.41667723655700683593750000000000
1.42594742774963378906250000000000
1.43529903888702392578125000000000
1.44473338127136230468750000000000
1.45425188541412353515625000000000
1.46385562419891357421875000000000
1.47354614734649658203125000000000
1.48332476615905761718750000000000
1.49319279193878173828125000000000
1.50315165519714355468750000000000
1.51320278644561767578125000000000
1.52334785461425781250000000000000
1.53358817100524902343750000000000
1.54392528533935546875000000000000
1.55436098575592041015625000000000
1.56489670276641845703125000000000
1.57553434371948242187500000000000
1.58627486228942871093750000000000
1.59712052345275878906250000000000
1.60807347297668457031250000000000
1.61913514137268066406250000000000
1.63030683994293212890625000000000
1.64159083366394042968750000000000
1.65298962593078613281250000000000
1.66450476646423339843750000000000
1.67613756656646728515625000000000
1.68789076805114746093750000000000
1.69976687431335449218750000000000
1.71176755428314208984375000000000
1.72389447689056396484375000000000
1.73615050315856933593750000000000
1.74853825569152832031250000000000
1.76105976104736328125000000000000
1.77371680736541748046875000000000
1.78651249408721923828125000000000
1.79944968223571777343750000000000
1.81253075599670410156250000000000
1.82575750350952148437500000000000
1.83913326263427734375000000000000
1.85266160964965820312500000000000
1.86634469032287597656250000000000
1.88018488883972167968750000000000
1.89418578147888183593750000000000
1.90835094451904296875000000000000
1.92268300056457519531250000000000
1.93718469142913818359375000000000
1.95185995101928710937500000000000
1.96671259403228759765625000000000
1.98174571990966796875000000000000
1.99696218967437744140625000000000
2.01236653327941894531250000000000
2.02796268463134765625000000000000
2.04375433921813964843750000000000
2.05974483489990234375000000000000
2.07593870162963867187500000000000
2.09234094619750976562500000000000
2.10895538330078125000000000000000
2.12578558921813964843750000000000
2.14283680915832519531250000000000
2.16011428833007812500000000000000
2.17762279510498046875000000000000
2.19536590576171875000000000000000
2.21335005760192871093750000000000
2.23158073425292968750000000000000
2.25006294250488281250000000000000
2.26880168914794921875000000000000
2.28780293464660644531250000000000
2.30707383155822753906250000000000
2.32661962509155273437500000000000
2.34644579887390136718750000000000
2.36655974388122558593750000000000
2.38696885108947753906250000000000
2.40767908096313476562500000000000
2.42869687080383300781250000000000
2.45003056526184082031250000000000
2.47168827056884765625000000000000
2.49367713928222656250000000000000
2.51600432395935058593750000000000
2.53867912292480468750000000000000
2.56171083450317382812500000000000
2.58510756492614746093750000000000
2.60887789726257324218750000000000
2.63303184509277343750000000000000
2.65758037567138671875000000000000
2.68253278732299804687500000000000
2.70789837837219238281250000000000
2.73368930816650390625000000000000
2.75991773605346679687500000000000
2.78659439086914062500000000000000
2.81373023986816406250000000000000
2.84133887290954589843750000000000
2.86943435668945312500000000000000
2.89802908897399902343750000000000
2.92713618278503417968750000000000
2.95677089691162109375000000000000
2.98694968223571777343750000000000
3.01768684387207031250000000000000
3.04899764060974121093750000000000
3.08090019226074218750000000000000
3.11341285705566406250000000000000
3.14655303955078125000000000000000
3.18033838272094726562500000000000
3.21478986740112304687500000000000
3.24992942810058593750000000000000
3.28577709197998046875000000000000
3.32235360145568847656250000000000
3.35968399047851562500000000000000
3.39779376983642578125000000000000
3.43670701980590820312500000000000
3.47644829750061035156250000000000
3.51704668998718261718750000000000
3.55853319168090820312500000000000
3.60093569755554199218750000000000
3.64428448677062988281250000000000
3.68861413002014160156250000000000
3.73396062850952148437500000000000
3.78035879135131835937500000000000
3.82784438133239746093750000000000
3.87645936012268066406250000000000
3.92624711990356445312500000000000
3.97724938392639160156250000000000
4.02951049804687500000000000000000
4.08308029174804687500000000000000
4.13801193237304687500000000000000
4.19435691833496093750000000000000
4.25216960906982421875000000000000
4.31151151657104492187500000000000
4.37244749069213867187500000000000
4.43504142761230468750000000000000
4.49936008453369140625000000000000
4.56548070907592773437500000000000
4.63348340988159179687500000000000
4.70344829559326171875000000000000
4.77546024322509765625000000000000
4.84961414337158203125000000000000
4.92601251602172851562500000000000
5.00475692749023437500000000000000
5.08595514297485351562500000000000
5.16972827911376953125000000000000
5.25620651245117187500000000000000
5.34552145004272460937500000000000
5.43781232833862304687500000000000
5.53323602676391601562500000000000
5.63196134567260742187500000000000
5.73415994644165039062500000000000
5.84001684188842773437500000000000
5.94973754882812500000000000000000
6.06354475021362304687500000000000
6.18166923522949218750000000000000
6.30435800552368164062500000000000
6.43188858032226562500000000000000
6.56456136703491210937500000000000
6.70269107818603515625000000000000
6.84661817550659179687500000000000
6.99672412872314453125000000000000
7.15342521667480468750000000000000
7.31716251373291015625000000000000
7.48841714859008789062500000000000
7.66772937774658203125000000000000
7.85569286346435546875000000000000
8.05294513702392578125000000000000
8.26018905639648437500000000000000
8.47821426391601562500000000000000
8.70789909362792968750000000000000
8.95020008087158203125000000000000
9.20617961883544921875000000000000
9.47704696655273437500000000000000
9.76415729522705078125000000000000
10.06900882720947265625000000000000
10.39329242706298828125000000000000
10.73894786834716796875000000000000
11.10818195343017578125000000000000
11.50348472595214843750000000000000
11.92770862579345703125000000000000
12.38417530059814453125000000000000
12.87673568725585937500000000000000
13.40983581542968750000000000000000
13.98868370056152343750000000000000
14.61946964263916015625000000000000
15.30955314636230468750000000000000
16.06769371032714843750000000000000
16.90446472167968750000000000000000
17.83282089233398437500000000000000
18.86873435974121093750000000000000
20.03202056884765625000000000000000
21.34768486022949218750000000000000
22.84785461425781250000000000000000
24.57437896728515625000000000000000
26.58262252807617187500000000000000
28.94761466979980468750000000000000
31.77385711669921875000000000000000
35.21109008789062500000000000000000
39.48136520385742187500000000000000
44.92915344238281250000000000000000
52.11986541748046875000000000000000
62.04988861083984375000000000000000
76.65250396728515625000000000000000
100.23979187011718750000000000000000
144.79205322265625000000000000000000
260.63079833984375000000000000000000
1303.25988769531250000000000000000000
-434.38629150390625000000000000000000
-186.16610717773437500000000000000000
-118.46634674072265625000000000000000
-86.87310028076171875000000000000000
-68.58255004882812500000000000000000
-56.65347290039062500000000000000000
-48.25830841064453125000000000000000
-42.02940750122070312500000000000000
-37.22421264648437500000000000000000
-33.40446853637695312500000000000000
-30.29506111145019531250000000000000
-27.71475410461425781250000000000000
-25.53912353515625000000000000000000
-23.67979431152343750000000000000000
-22.07237434387207031250000000000000
-20.66894721984863281250000000000000
-19.43301773071289062500000000000000
-18.33623123168945312500000000000000
-17.35628700256347656250000000000000
-16.47547531127929687500000000000000
-15.67949485778808593750000000000000
-14.95661163330078125000000000000000
-14.29716205596923828125000000000000
-13.69316101074218750000000000000000
-13.13790607452392578125000000000000
-12.62569713592529296875000000000000
-12.15168952941894531250000000000000
-11.71177196502685546875000000000000
-11.30240058898925781250000000000000
-10.92048168182373046875000000000000
-10.56332111358642578125000000000000
-10.22859573364257812500000000000000
-9.91425991058349609375000000000000
-9.61849117279052734375000000000000
-9.33967494964599609375000000000000
-9.07639980316162109375000000000000
-8.82740592956542968750000000000000
-8.59154891967773437500000000000000
-8.36780357360839843750000000000000
-8.15526390075683593750000000000000
-7.95311355590820312500000000000000
-7.76059722900390625000000000000000
-7.57703256607055664062500000000000
-7.40181207656860351562500000000000
-7.23438310623168945312500000000000
-7.07422876358032226562500000000000
-6.92087507247924804687500000000000
-6.77390193939208984375000000000000
-6.63292169570922851562500000000000
-6.49756717681884765625000000000000
-6.36750125885009765625000000000000
-6.24242210388183593750000000000000
-6.12205076217651367187500000000000
-6.00612020492553710937500000000000
-5.89438199996948242187500000000000
-5.78661537170410156250000000000000
-5.68261384963989257812500000000000
-5.58217859268188476562500000000000
-5.48512363433837890625000000000000
-5.39128208160400390625000000000000
-5.30049991607666015625000000000000
-5.21262407302856445312500000000000
-5.12751293182373046875000000000000
-5.04503917694091796875000000000000
-4.96508407592773437500000000000000
-4.88752937316894531250000000000000
-4.81226396560668945312500000000000
-4.73919010162353515625000000000000
-4.66821432113647460937500000000000
-4.59924411773681640625000000000000
-4.53219127655029296875000000000000
-4.46697854995727539062500000000000
-4.40353202819824218750000000000000
-4.34177827835083007812500000000000
-4.28164625167846679687500000000000
-4.22307443618774414062500000000000
-4.16600370407104492187500000000000
-4.11037445068359375000000000000000
-4.05612897872924804687500000000000
-4.00321769714355468750000000000000
-3.95159316062927246093750000000000
-3.90120601654052734375000000000000
-3.85200905799865722656250000000000
-3.80396199226379394531250000000000
-3.75702595710754394531250000000000
-3.71115994453430175781250000000000
-3.66632556915283203125000000000000
-3.62248873710632324218750000000000
-3.57961797714233398437500000000000
-3.53767895698547363281250000000000
-3.49663949012756347656250000000000
-3.45647144317626953125000000000000
-3.41714835166931152343750000000000
-3.37864160537719726562500000000000
-3.34092378616333007812500000000000
-3.30397200584411621093750000000000
-3.26776337623596191406250000000000
-3.23227381706237792968750000000000
-3.19748044013977050781250000000000
-3.16336321830749511718750000000000
-3.12990355491638183593750000000000
-3.09708046913146972656250000000000
-3.06487441062927246093750000000000
-3.03326892852783203125000000000000
-3.00224733352661132812500000000000
-2.97179269790649414062500000000000
-2.94188714027404785156250000000000
-2.91251707077026367187500000000000
-2.88366842269897460937500000000000
-2.85532593727111816406250000000000
-2.82747507095336914062500000000000
-2.80010342597961425781250000000000
-2.77319931983947753906250000000000
-2.74674940109252929687500000000000
-2.72074055671691894531250000000000
-2.69516277313232421875000000000000
-2.67000555992126464843750000000000
-2.64525723457336425781250000000000
-2.62090682983398437500000000000000
-2.59694504737854003906250000000000
-2.57336306571960449218750000000000
-2.55015063285827636718750000000000
-2.52729821205139160156250000000000
-2.50479722023010253906250000000000
-2.48264074325561523437500000000000
-2.46081924438476562500000000000000
-2.43932414054870605468750000000000
-2.41814851760864257812500000000000
-2.39728593826293945312500000000000
-2.37672781944274902343750000000000
-2.35646677017211914062500000000000
-2.33649682998657226562500000000000
-2.31681203842163085937500000000000
-2.29740524291992187500000000000000
-2.27826952934265136718750000000000
-2.25939941406250000000000000000000
-2.24079012870788574218750000000000
-2.22243499755859375000000000000000
-2.20432782173156738281250000000000
-2.18646430969238281250000000000000
-2.16883945465087890625000000000000
-2.15144777297973632812500000000000
-2.13428425788879394531250000000000
-2.11734271049499511718750000000000
-2.10062146186828613281250000000000
-2.08411431312561035156250000000000
-2.06781578063964843750000000000000
-2.05172419548034667968750000000000
-2.03583383560180664062500000000000
-2.02014112472534179687500000000000
-2.00464153289794921875000000000000
-1.98933041095733642578125000000000
-1.97420644760131835937500000000000
-1.95926451683044433593750000000000
-1.94450020790100097656250000000000
-1.92991209030151367187500000000000
-1.91549587249755859375000000000000
-1.90124821662902832031250000000000
-1.88716590404510498046875000000000
-1.87324464321136474609375000000000
-1.85948359966278076171875000000000
-1.84587883949279785156250000000000
-1.83242630958557128906250000000000
-1.81912517547607421875000000000000
-1.80597186088562011718750000000000
-1.79296350479125976562500000000000
-1.78009760379791259765625000000000
-1.76737058162689208984375000000000
-1.75478184223175048828125000000000
-1.74232804775238037109375000000000
-1.73000574111938476562500000000000
-1.71781456470489501953125000000000
-1.70575129985809326171875000000000
-1.69381368160247802734375000000000
-1.68199956417083740234375000000000
-1.67030584812164306640625000000000
-1.65873229503631591796875000000000
-1.64727604389190673828125000000000
-1.63593423366546630859375000000000
-1.62470662593841552734375000000000
-1.61359035968780517578125000000000
-1.60258376598358154296875000000000
-1.59168481826782226562500000000000
-1.58089113235473632812500000000000
-1.57020246982574462890625000000000
-1.55961632728576660156250000000000
-1.54913020133972167968750000000000
-1.53874421119689941406250000000000
-1.52845585346221923828125000000000
-1.51826357841491699218750000000000
-1.50816583633422851562500000000000
-1.49816048145294189453125000000000
-1.48824739456176757812500000000000
-1.47842442989349365234375000000000
-1.46868956089019775390625000000000
-1.45904266834259033203125000000000
-1.44948196411132812500000000000000
-1.44000589847564697265625000000000
-1.43061327934265136718750000000000
-1.42130196094512939453125000000000
-1.41207230091094970703125000000000
-1.40292227268218994140625000000000
-1.39385008811950683593750000000000
-1.38485586643218994140625000000000
-1.37593770027160644531250000000000
-1.36709463596343994140625000000000
-1.35832548141479492187500000000000
-1.34962844848632812500000000000000
-1.34100377559661865234375000000000
-1.33244991302490234375000000000000
-1.32396507263183593750000000000000
-1.31554949283599853515625000000000
-1.30720162391662597656250000000000
-1.29892051219940185546875000000000
-1.29070520401000976562500000000000
-1.28255403041839599609375000000000
-1.27446746826171875000000000000000
-1.26644396781921386718750000000000
-1.25848186016082763671875000000000
-1.25058174133300781250000000000000
-1.24274194240570068359375000000000
-1.23496186733245849609375000000000
-1.22724044322967529296875000000000
-1.21957635879516601562500000000000
-1.21197009086608886718750000000000
-1.20442020893096923828125000000000
-1.19692540168762207031250000000000
-1.18948602676391601562500000000000
-1.18210065364837646484375000000000
-1.17476880550384521484375000000000
-1.16748964786529541015625000000000
-1.16026175022125244140625000000000
-1.15308594703674316406250000000000
-1.14596056938171386718750000000000
-1.13888466358184814453125000000000
-1.13185858726501464843750000000000
-1.12488126754760742187500000000000
-1.11795186996459960937500000000000
-1.11106979846954345703125000000000
-1.10423409938812255859375000000000
-1.09744501113891601562500000000000
-1.09070158004760742187500000000000
-1.08400261402130126953125000000000
-1.07734858989715576171875000000000
-1.07073843479156494140625000000000
-1.06417167186737060546875000000000
-1.05764758586883544921875000000000
-1.05116522312164306640625000000000
-1.04472506046295166015625000000000
-1.03832602500915527343750000000000
-1.03196716308593750000000000000000
-1.02564895153045654296875000000000
-1.01937043666839599609375000000000
-1.01313114166259765625000000000000
-1.00693047046661376953125000000000
-1.00076746940612792968750000000000
-0.99464285373687744140625000000000
-0.98855543136596679687500000000000
-0.98250436782836914062500000000000
-0.97649013996124267578125000000000
-0.97051185369491577148437500000000
-0.96456909179687500000000000000000
-0.95866137742996215820312500000000
-0.95278793573379516601562500000000
-0.94694918394088745117187500000000
-0.94114428758621215820312500000000
-0.93537235260009765625000000000000
-0.92963391542434692382812500000000
-0.92392808198928833007812500000000
-0.91825461387634277343750000000000
-0.91261303424835205078125000000000
-0.90700244903564453125000000000000
-0.90142357349395751953125000000000
-0.89587539434432983398437500000000
-0.89035725593566894531250000000000
-0.88486957550048828125000000000000
-0.87941169738769531250000000000000
-0.87398314476013183593750000000000
-0.86858367919921875000000000000000
-0.86321246623992919921875000000000
-0.85787010192871093750000000000000
-0.85255575180053710937500000000000
-0.84726876020431518554687500000000
-0.84200966358184814453125000000000
-0.83677756786346435546875000000000
-0.83157235383987426757812500000000
-0.82639366388320922851562500000000
-0.82124072313308715820312500000000
-0.81611406803131103515625000000000
-0.81101310253143310546875000000000
-0.80593705177307128906250000000000
-0.80088645219802856445312500000000
-0.79586058855056762695312500000000
-0.79085928201675415039062500000000
-0.78588217496871948242187500000000
-0.78092861175537109375000000000000
-0.77599912881851196289062500000000
-0.77109307050704956054687500000000
-0.76620984077453613281250000000000
-0.76134985685348510742187500000000
-0.75651258230209350585937500000000
-0.75169771909713745117187500000000
-0.74690496921539306640625000000000
-0.74213379621505737304687500000000
-0.73738467693328857421875000000000
-0.73265701532363891601562500000000
-0.72795021533966064453125000000000
-0.72326475381851196289062500000000
-0.71860003471374511718750000000000
-0.71395587921142578125000000000000
-0.70933204889297485351562500000000
-0.70472788810729980468750000000000
-0.70014405250549316406250000000000
-0.69557976722717285156250000000000
-0.69103467464447021484375000000000
-0.68650913238525390625000000000000
-0.68200260400772094726562500000000
-0.67751491069793701171875000000000
-0.67304587364196777343750000000000
-0.66859489679336547851562500000000
-0.66416251659393310546875000000000
-0.65974813699722290039062500000000
-0.65535128116607666015625000000000
-0.65097236633300781250000000000000
-0.64661097526550292968750000000000
-0.64226686954498291015625000000000
-0.63793981075286865234375000000000
-0.63362938165664672851562500000000
-0.62933599948883056640625000000000
-0.62505912780761718750000000000000
-0.62079834938049316406250000000000
-0.61655414104461669921875000000000
-0.61232590675354003906250000000000
-0.60811358690261840820312500000000
-0.60391694307327270507812500000000
-0.59973549842834472656250000000000
-0.59556972980499267578125000000000
-0.59141916036605834960937500000000
-0.58728331327438354492187500000000
-0.58316272497177124023437500000000
-0.57905679941177368164062500000000
-0.57496547698974609375000000000000
-0.57088857889175415039062500000000
-0.56682556867599487304687500000000
-0.56277704238891601562500000000000
-0.55874246358871459960937500000000
-0.55472141504287719726562500000000
-0.55071431398391723632812500000000
-0.54672074317932128906250000000000
-0.54274052381515502929687500000000
-0.53877353668212890625000000000000
-0.53481936454772949218750000000000
-0.53087848424911499023437500000000
-0.52695041894912719726562500000000
-0.52303475141525268554687500000000
-0.51913189888000488281250000000000
-0.51524150371551513671875000000000
-0.51136338710784912109375000000000
-0.50749742984771728515625000000000
-0.50364315509796142578125000000000
-0.49980109930038452148437500000000
-0.49597084522247314453125000000000
-0.49215191602706909179687500000000
-0.48834478855133056640625000000000
-0.48454907536506652832031250000000
-0.48076465725898742675781250000000
-0.47699135541915893554687500000000
-0.47322881221771240234375000000000
-0.46947747468948364257812500000000
-0.46573692560195922851562500000000
-0.46200674772262573242187500000000
-0.45828744769096374511718750000000
-0.45457860827445983886718750000000
-0.45088008046150207519531250000000
-0.44719180464744567871093750000000
-0.44351330399513244628906250000000
-0.43984514474868774414062500000000
-0.43618685007095336914062500000000
-0.43253806233406066894531250000000
-0.42889922857284545898437500000000
-0.42526996135711669921875000000000
-0.42165017127990722656250000000000
-0.41803970932960510253906250000000
-0.41443824768066406250000000000000
-0.41084620356559753417968750000000
-0.40726321935653686523437500000000
-0.40368887782096862792968750000000
-0.40012368559837341308593750000000
-0.39656722545623779296875000000000
-0.39301943778991699218750000000000
-0.38948017358779907226562500000000
-0.38594910502433776855468750000000
-0.38242664933204650878906250000000
-0.37891244888305664062500000000000
-0.37540617585182189941406250000000
-0.37190821766853332519531250000000
-0.36841824650764465332031250000000
-0.36493614315986633300781250000000
-0.36146184802055358886718750000000
-0.35799500346183776855468750000000
-0.35453599691390991210937500000000
-0.35108453035354614257812500000000
-0.34764024615287780761718750000000
-0.34420353174209594726562500000000
-0.34077408909797668457031250000000
-0.33735182881355285644531250000000
-0.33393663167953491210937500000000
-0.33052816987037658691406250000000
-0.32712689042091369628906250000000
-0.32373243570327758789062500000000
-0.32034441828727722167968750000000
-0.31696337461471557617187500000000
-0.31358885765075683593750000000000
-0.31022086739540100097656250000000
-0.30685925483703613281250000000000
-0.30350372195243835449218750000000
-0.30015468597412109375000000000000
-0.29681181907653808593750000000000
-0.29347479343414306640625000000000
-0.29014402627944946289062500000000
-0.28681918978691101074218750000000
-0.28350019454956054687500000000000
-0.28018695116043090820312500000000
-0.27687916159629821777343750000000
-0.27357727289199829101562500000000
-0.27028089761734008789062500000000
-0.26698973774909973144531250000000
-0.26370421051979064941406250000000
-0.26042401790618896484375000000000
-0.25714904069900512695312500000000
-0.25387924909591674804687500000000
-0.25061428546905517578125000000000
-0.24735461175441741943359375000000
-0.24409987032413482666015625000000
-0.24084976315498352050781250000000
-0.23760469257831573486328125000000
-0.23436436057090759277343750000000
-0.23112867772579193115234375000000
-0.22789759933948516845703125000000
-0.22467076778411865234375000000000
-0.22144864499568939208984375000000
-0.21823090314865112304687500000000
-0.21501721441745758056640625000000
-0.21180802583694458007812500000000
-0.20860299468040466308593750000000
-0.20540206134319305419921875000000
-0.20220516622066497802734375000000
-0.19901199638843536376953125000000
-0.19582296907901763916015625000000
-0.19263777136802673339843750000000
-0.18945609033107757568359375000000
-0.18627835810184478759765625000000
-0.18310424685478210449218750000000
-0.17993371188640594482421875000000
-0.17676667869091033935546875000000
-0.17360283434391021728515625000000
-0.17044259607791900634765625000000
-0.16728566586971282958984375000000
-0.16413174569606781005859375000000
-0.16098122298717498779296875000000
-0.15783382952213287353515625000000
-0.15468947589397430419921875000000
-0.15154811739921569824218750000000
-0.14840942621231079101562500000000
-0.14527383446693420410156250000000
-0.14214104413986206054687500000000
-0.13901074230670928955078125000000
-0.13588334619998931884765625000000
-0.13275857269763946533203125000000
-0.12963633239269256591796875000000
-0.12651658058166503906250000000000
-0.12339901179075241088867187500000
-0.12028404325246810913085937500000
-0.11717136949300765991210937500000
-0.11406069993972778320312500000000
-0.11095244437456130981445312500000
-0.10784630477428436279296875000000
-0.10474222153425216674804687500000
-0.10164013504981994628906250000000
-0.09853973984718322753906250000000
-0.09544146060943603515625000000000
-0.09234499931335449218750000000000
-0.08925005048513412475585937500000
-0.08615703880786895751953125000000
-0.08306565880775451660156250000000
-0.07997585833072662353515625000000
-0.07688757777214050292968750000000
-0.07380051165819168090820312500000
-0.07071507722139358520507812500000
-0.06763099133968353271484375000000
-0.06454794108867645263671875000000
-0.06146635487675666809082031250000
-0.05838593095541000366210937500000
-0.05530660971999168395996093750000
-0.05222833156585693359375000000000
-0.04915080219507217407226562500000
-0.04607444256544113159179687500000
-0.04299895092844963073730468750000
-0.03992403298616409301757812500000
-0.03685010597109794616699218750000
-0.03377687558531761169433593750000
-0.03070427849888801574707031250000
-0.02763226442039012908935546875000
-0.02456053160130977630615234375000
-0.02148950099945068359375000000000
-0.01841887645423412322998046875000
-0.01534835994243621826171875000000
-0.01227837055921554565429687500000
-0.00920861307531595230102539062500
-0.00613902974873781204223632812500
-0.00306956144049763679504394531250
0.00000008742277657347585773095489
