14.571
14.5159
14.502
14.5361
14.513
14.5271
14.492
14.5328
14.478
14.5102
14.56
14.4739
14.5211
14.549
14.5202
14.5619
14.5121
14.5099
14.5049
14.5371
14.5431
14.5402
14.5159
14.538
14.482
14.5371
14.514
14.535
14.559
14.5011
14.538
14.4999
14.5001
14.5261
14.54
14.5121
14.487
14.5369
14.5509
14.5121
14.5221
14.555
14.519
14.5421
14.5261
14.5221
14.535
14.508
14.523
14.5121
14.5161
14.5211
14.513
14.5252
14.5559
14.5259
14.545
14.529
14.5268
14.524
14.5659
14.5221
14.539
14.5049
14.5211
14.5221
14.5421
14.5211
14.519
14.5111
14.533
14.518
14.5199
14.5319
14.4999
14.5621
14.483
14.529
14.5459
14.5452
14.5171
14.534
14.4861
14.5409
14.5001
14.5609
14.4851
14.493
14.504
14.483
14.5199
14.5202
14.473
14.518
14.5309
14.5249
14.4839
14.555
14.5211
14.504
14.5428
14.5121
14.554
14.461
14.5361
14.528
14.4849
14.5299
14.523
14.523
14.493
14.509
14.533
14.5168
14.549
14.514
14.5252
14.5421
14.5321
14.4742
14.514
14.509
14.518
14.5321
14.518
14.5299
14.497
14.5218
14.5369
14.5452
14.5271
14.4999
14.524
14.535
14.5118
14.5168
14.523
14.5099
14.529
14.5171
14.4911
14.529
14.5009
14.4849
14.5452
14.523
14.5271
14.504
14.5099
14.477
14.4901
14.5121
14.5209
14.4889
14.5359
14.5171
14.524
14.5102
14.5431
14.5171
14.534
14.5059
14.4658
14.5249
14.503
14.467
14.497
14.5478
14.518
14.544
14.5121
14.534
14.509
14.5161
14.571
14.5068
14.514
14.5361
14.519
14.5469
14.5299
14.5221
14.5321
14.534
14.4911
14.5662
14.498
14.5321
14.544
14.498
14.528
14.5149
14.5121
14.538
14.5199
14.513
14.518
14.5211
14.533
14.5159
14.5309
14.4892
14.534
14.5271
14.5092
14.4889
14.513
14.524
14.5292
14.5268
14.5299
14.5049
14.5042
14.5659
14.5109
14.5252
14.5481
14.4792
14.524
14.4999
14.5102
14.519
14.5559
14.5369
14.5521
14.555
14.5569
14.5049
14.514
14.5111
14.539
14.523
14.488
14.528
14.498
14.4739
14.523
14.508
14.508
14.508
14.5149
14.4911
14.468
14.534
14.5299
14.513
14.5159
14.5071
14.5278
14.528
14.523
14.528
14.5278
14.5218
14.5111
14.523
14.5152
14.5061
14.5199
14.5268
14.5359
14.509
14.5242
14.5209
14.5519
14.519
14.5071
14.518
14.4861
14.5111
14.514
14.528
14.4951
14.482
14.5149
14.5211
14.5221
14.502
14.5252
14.509
14.524
14.4949
14.5109
14.529
14.4761
14.5161
14.5359
14.5509
14.5001
14.5321
14.5221
14.5411
14.4861
14.5152
14.54
14.5071
14.5481
14.5061
14.544
14.498
14.5001
14.523
14.5352
14.535
14.5559
14.5359
14.5309
14.5209
14.5159
14.503
14.5309
14.5459
14.5361
14.4889
14.503
14.5102
14.5011
14.5271
14.498
14.559
14.519
14.5171
14.5199
14.524
14.5149
14.534
14.5149
14.513
14.529
14.5121
14.5049
14.4989
14.513
14.528
14.4682
14.4889
14.528
14.5438
14.504
14.545
14.5481
14.5068
14.477
14.493
14.4892
14.534
14.509
14.5111
14.513
14.535
14.533
14.503
14.4992
14.5049
14.5509
14.524
14.5218
14.504
14.5299
14.514
14.538
14.5321
14.5259
14.518
14.5259
14.534
14.5109
14.54
14.544
14.524
14.5109
14.534
14.4989
14.5149
14.5152
14.569
14.4939
14.5409
14.514
14.5271
14.5321
14.5562
14.523
14.5462
14.524
14.5221
14.5268
14.5581
14.4939
14.4911
14.5111
14.5152
14.4949
14.5159
14.5149
14.5271
14.5061
14.538
14.502
14.4792
14.5199
14.4811
14.528
14.5059
14.5011
14.538
14.5428
14.5171
14.5211
14.55
14.518
14.5321
14.533
14.5211
14.5071
14.529
14.528
14.535
14.493
14.503
14.5051
14.5259
14.55
14.5059
14.514
14.5252
14.508
14.5411
14.5409
14.524
14.5421
14.508
14.5051
14.5419
14.5309
14.518
14.533
14.5199
14.514
14.513
14.5371
14.513
14.5171
14.539
14.5471
14.5009
14.5319
14.498
14.524
14.513
14.504
14.4899
14.5431
14.4951
14.544
14.5199
14.5109
14.5152
14.5309
14.539
14.473
14.4911
14.509
14.5319
14.5502
14.493
14.533
14.523
14.513
14.488
14.524
14.5059
14.5159
14.498
14.514
14.488
14.4711
14.5161
14.5361
14.5209
14.493
14.5109
14.545
14.5011
14.5211
14.523
14.528
14.502
14.5462
14.5319
14.539
14.493
14.529
14.5309
14.5161
14.4789
14.4958
14.5009
14.529
14.5049
14.533
14.5121
14.5199
14.5431
14.4889
14.535
14.554
14.477
14.534
14.519
14.523
14.5199
14.518
14.504
14.5428
14.5252
14.559
14.498
14.5261
14.353
14.5071
14.5051
14.5051
14.5299
14.4939
14.5319
14.5109
14.533
14.5352
14.509
14.503
14.4989
14.508
14.5202
14.5009
14.498
14.4689
14.488
14.5009
14.5459
14.524
14.5118
14.5118
14.5299
14.5249
14.5171
14.5159
14.535
14.508
14.5731
14.508
14.5092
14.508
14.5299
14.488
14.534
14.5102
14.502
14.504
14.5428
14.4899
14.4942
14.504
14.5149
14.5121
14.5292
14.533
14.538
14.4939
14.5478
14.5118
14.478
14.4942
14.5321
14.5299
14.4951
14.5051
14.514
14.5102
14.5421
14.545
14.549
14.493
14.5221
14.5159
14.4892
14.509
14.503
14.523
14.518
14.5421
14.529
14.5371
14.549
14.518
14.508
14.4901
14.518
14.54
14.5538
14.508
14.523
14.497
14.4601
14.5192
14.5309
14.5369
14.504
14.5559
14.5521
14.5161
14.518
14.4858
14.4899
14.518
14.5278
14.5869
14.5071
14.5311
14.5149
14.5209
14.5271
14.5268
14.4849
14.519
14.4758
14.545
14.544
14.5271
14.5411
14.5459
14.4999
14.5102
14.524
14.4889
14.5011
14.5741
14.545
14.4882
14.5259
14.4839
14.5271
14.523
14.503
14.5319
14.524
14.538
14.528
14.4999
14.5118
14.513
14.488
14.5431
14.524
14.5059
14.529
14.487
14.5421
14.5199
14.5209
14.509
14.5209
14.5259
14.5059
14.5519
14.5359
14.524
14.529
14.5319
14.5409
14.5042
14.538
14.5109
14.5679
14.5259
14.533
14.508
14.5509
14.5199
14.513
14.5702
14.498
14.5209
14.5099
14.529
14.5168
14.503
14.513
14.5152
14.5581
14.5109
14.5099
14.5299
14.503
14.5261
14.5071
14.5221
14.4989
14.5359
14.498
14.5152
14.539
14.5299
14.5462
14.4889
14.4999
14.5142
14.5271
14.508
14.5199
14.5302
14.503
14.529
14.5261
14.5061
14.5299
14.5142
14.513
14.493
14.5252
14.5218
14.508
14.5168
14.518
14.4651
14.529
14.5371
14.539
14.5359
14.5409
14.518
14.5521
14.5321
14.5099
14.5199
14.5411
14.528
14.5171
14.483
14.514
14.478
14.466
14.5328
14.528
14.5209
14.478
14.502
14.55
14.5121
14.5261
14.4849
14.4749
14.498
14.5118
14.5099
14.5011
14.5361
14.5061
14.5011
14.498
14.5261
14.514
14.529
14.509
14.5168
14.4982
14.5359
14.4999
14.5321
14.5178
14.5559
14.5211
14.5292
14.508
14.5102
14.5509
14.5159
14.4789
14.57
14.5099
14.5359
14.4989
14.5311
14.4739
14.534
14.4899
14.5299
14.5161
14.502
14.493
14.4892
14.5469
14.5459
14.539
14.5211
14.5481
14.5321
14.5299
14.503
14.5528
14.524
14.5159
14.545
14.5271
14.5252
14.5071
14.5111
14.504
14.488
14.4801
14.5299
14.504
14.5261
14.5149
14.4892
14.5011
14.5359
14.4858
14.482
14.5459
14.523
14.5218
14.523
14.5168
14.5268
14.529
14.503
14.5528
14.5249
14.528
14.5462
14.5111
14.5159
14.508
14.5009
14.518
14.524
14.5361
14.5071
14.571
14.5459
14.529
14.5068
14.5359
14.5121
14.498
14.4839
14.4801
14.519
14.5159
14.513
14.5109
14.559
14.488
14.5309
14.513
14.56
14.519
14.5161
14.5111
14.5531
14.523
14.504
14.5619
14.5159
14.5261
14.4851
14.5371
14.528
14.509
14.5071
14.5271
14.5149
14.5299
14.5099
14.503
14.523
14.5352
14.534
14.4989
14.5159
14.4701
14.545
14.488
14.5581
14.5409
14.513
14.534
14.508
14.513
14.5221
14.5211
14.4889
14.4989
14.4839
14.5171
14.5102
14.535
14.5378
14.5109
14.5192
14.533
14.5121
14.5321
14.5199
14.509
14.385
14.5309
14.5121
14.5011
14.545
14.4939
14.5271
14.5061
14.488
14.544
14.5249
14.493
14.4758
14.509
14.5092
14.488
14.5299
14.5068
14.5488
14.5149
14.544
14.54
14.514
14.4708
14.5121
14.5249
14.5321
14.5199
14.5209
14.478
14.5321
14.54
14.5292
14.524
14.5199
14.5249
14.509
14.4949
14.5209
14.5278
14.5099
14.523
14.509
14.4899
14.503
14.5071
14.5509
14.483
14.554
14.5402
14.5419
14.5149
14.497
14.503
14.4079
14.4968
14.4849
14.5278
14.5099
14.5061
14.5462
14.5111
14.5011
14.4911
14.509
14.555
14.5011
14.5171
14.5259
14.5121
14.5371
14.492
14.5309
14.5109
14.5371
14.5371
14.519
14.534
14.478
14.504
14.5099
14.5531
14.5192
14.5099
14.5109
14.5559
14.5562
14.5309
14.4999
14.4961
14.5531
14.5481
14.5459
14.5149
