23.2482
15.7919
15.9121
15.826
15.759
15.7871
15.8031
15.8591
15.7499
15.7599
9.85813
9.80401
9.74417
9.79996
9.73201
9.77802
9.76896
9.76205
9.73821
9.72891
9.78613
9.78208
9.88102
9.84406
9.87005
9.89604
9.88698
9.87411
9.85312
9.86385
9.83882
9.92894
9.92203
9.83906
9.77921
9.72891
9.72199
9.794
9.8021
9.7692
9.81998
9.80115
9.81402
9.8412
9.80997
9.77588
9.74512
9.78398
9.78184
9.7909
9.74607
9.73511
9.74512
9.82308
9.91607
9.91106
9.88722
9.91988
9.90295
9.85909
9.87506
9.94611
10.0222
10.0441
10.0851
10.02
10.0551
10.042
9.96494
9.93204
9.82499
9.88793
9.8381
9.85217
9.91106
9.84907
9.74703
9.78684
9.80091
9.73606
9.78017
9.7599
9.82881
9.78398
9.72104
9.8269
9.758
9.80997
9.77492
9.78589
9.90391
9.8362
9.91297
9.91917
9.83286
9.83286
9.89699
9.87196
9.88293
9.91893
10.0579
10.1192
10.139
10.217
10.134
10.1571
10.1771
10.201
10.118
10.1461
10.164
10.1259
10.0882
10.025
10.0319
9.99093
10.036
9.96494
10.0369
9.95588
9.86481
9.75299
9.75394
9.70888
9.73892
9.78017
9.76706
9.74393
9.79304
9.79686
9.80306
9.74679
9.77993
9.87792
9.91201
9.91702
9.86505
9.89914
9.88913
9.83405
9.92799
9.90796
9.87601
9.92918
9.88603
9.902
9.95111
9.88603
9.92012
9.90915
9.84502
9.82714
9.82594
9.92417
9.86004
9.87792
9.88102
9.80783
9.92084
9.82189
9.78518
9.74298
9.7971
9.72605
9.75204
9.794
9.79519
9.73296
9.74607
9.6972
9.77802
9.83405
9.81808
9.82499
9.92084
9.87601
9.87911
9.91106
9.84597
9.87577
9.84502
9.84216
9.87697
9.8629
9.88913
9.83
9.97496
9.97901
10.005
9.99498
10.0241
9.969
10.015
9.9659
10.0338
10.031
9.93299
9.95302
9.96995
9.96113
9.95207
10.0138
10.0079
10.015
10.0391
10.0532
9.96804
9.969
10.016
10.0238
10.0069
9.8772
9.78088
9.71699
9.7301
9.78899
9.77421
9.92298
9.86004
9.85098
9.92203
9.94301
9.82404
9.88793
9.90915
9.92393
9.93204
10.112
10.056
10.0539
10.066
10.093
10.0341
10.112
10.021
10.0791
10.076
9.96995
9.94802
9.86791
9.84693
9.83119
9.90295
9.90701
9.90796
9.89223
9.90105
9.85503
9.8021
9.84716
9.89103
9.85408
9.91392
9.91201
9.88007
9.84597
9.84693
9.91321
9.87792
9.87196
9.84597
9.86004
9.9051
9.89008
9.92393
9.84597
9.92608
9.86195
9.88793
9.8381
9.78303
9.76801
9.7878
9.76801
9.91201
9.84097
9.902
9.90701
9.90701
9.87911
9.89199
9.89485
9.95803
9.93299
10.02
10.1008
10.0269
10.0231
10.0729
10.0279
10.0658
10.0379
10.0701
10.0091
10.047
10.021
10.0219
9.96113
9.96304
9.94802
10.0129
10.0269
10.0319
9.97901
10.0141
9.99618
9.96208
9.92799
9.83596
9.86791
9.87816
9.8691
9.83
9.89103
9.90796
9.91607
9.86099
9.77516
9.72199
9.70316
9.73701
9.76014
9.74703
9.77397
9.93299
10.0141
10.0441
10.0079
10.0179
9.97114
10.0582
10.0629
10.0429
10.057
10.03
9.99403
10.04
10.0021
10.0119
9.98783
10.0288
9.85694
9.83715
9.938
9.87411
9.94205
9.88483
9.90987
9.85003
9.91893
9.88102
9.82094
9.90915
9.86409
9.88293
9.89795
9.91297
9.91201
9.91297
9.77516
9.73606
9.75013
9.79996
9.73916
9.7549
9.8269
9.71293
9.799
9.77588
9.74917
9.72199
9.76396
9.87291
9.87911
9.83405
9.86314
9.98306
10.0181
10.0121
10.0579
10.0288
10.0079
10.0439
10.0498
10.077
10.016
10.0849
10.1008
10.036
10.092
10.0491
10.0231
10.0911
10.0429
10.0169
9.96184
9.97019
9.99594
9.98878
9.94992
10.0288
9.98187
9.92584
9.86791
9.87411
9.83095
9.94587
10.0129
10.041
9.96804
9.95302
9.95922
10.047
10.0062
10.0281
9.94611
9.82594
9.75204
9.7301
9.727
9.78494
9.7611
9.76706
9.73201
9.79114
9.78398
9.902
10.0279
10.0908
10.0329
10.1049
10.0021
10.0482
9.98783
10.0448
9.99689
9.97615
10.0181
9.9721
9.88293
9.8629
9.91416
9.82714
9.83906
9.90605
9.89294
9.85599
9.88507
9.85503
9.81188
9.87601
10.0031
10.0181
9.95898
9.9771
10.0172
10.0179
10.0338
10.1008
10.0658
10.0501
10.108
10.0651
10.072
10.061
9.98688
9.9771
10.004
9.93299
9.79304
9.76801
9.79114
9.69911
9.74703
9.77111
9.75204
9.81402
9.76014
9.72509
9.77492
9.88984
9.88889
9.8691
9.866
9.83691
9.92393
9.86004
9.90915
9.87506
9.91893
9.83715
9.87411
9.88793
9.85885
9.86004
9.81498
9.96709
9.96804
9.98402
10.015
10.0291
9.95612
10.051
10.0079
10.0038
9.99403
9.9659
9.89604
9.94802
9.98592
9.94682
9.82904
9.81212
9.75895
9.67312
9.80711
9.75204
9.80711
9.80711
9.83
9.8691
9.88913
9.90105
9.94301
9.96614
9.97901
9.9771
10.0651
10.072
10.052
10.0591
10.0491
10.006
10.0489
10.062
10.0741
10.046
9.97305
9.86099
9.91297
9.86791
9.88913
9.88913
9.88197
9.90105
9.88603
9.85909
9.80806
9.96614
10.016
9.98998
10.01
10.062
10.0241
9.98902
10.0281
10.016
10.0212
9.98211
10.078
10.0431
10.0789
10.0489
10.0238
10.0529
10.0901
10.035
9.95803
9.95898
10.0291
9.99594
10.0439
10.01
9.95207
10.035
10.042
10.031
9.969
9.85098
9.93204
9.91201
9.866
9.80592
9.82213
9.78994
9.73797
9.78303
9.77302
9.87601
9.92084
9.88102
9.84406
9.85909
9.86695
9.82094
9.84406
9.89008
9.84406
9.90891
9.86385
9.9349
9.89103
9.90915
9.93896
10.0601
10.0148
10.046
10.0901
10.025
9.95207
9.85694
9.93514
9.89103
9.90105
10.021
9.98902
9.95493
10.102
9.99784
9.97281
9.98306
9.98187
9.96685
9.99784
10.041
10.057
10.0391
10.0141
9.88698
9.84097
9.91201
9.90415
9.85909
9.80592
9.89389
9.9051
9.902
9.87196
9.89699
9.85694
9.92012
9.87506
9.90105
9.85718
9.87792
9.84788
9.90486
9.87792
9.89413
9.88102
9.87816
9.8691
9.8691
9.85503
9.90987
9.81903
9.89699
9.90987
9.90987
10.03
10.042
9.95612
9.98092
10.031
10.025
9.98998
9.98998
10.0009
9.97114
9.97806
9.92298
9.88197
9.91893
9.85003
9.83906
9.99093
9.98306
9.98092
10.0141
9.97806
9.98116
10.011
9.97114
10.021
10.0279
9.97901
9.95493
9.96709
9.99904
9.98092
9.8381
9.89604
9.85813
9.81712
9.87506
9.85503
9.92107
9.85408
9.73797
9.76896
9.83715
9.94682
9.80401
9.87005
9.84788
9.8989
9.83381
9.87291
9.91011
9.90319
9.94897
9.98306
9.99379
10.0269
10.041
9.97686
10.0121
9.96995
10.016
10.0062
9.89199
9.8412
9.83286
9.7909
9.94992
10.011
10.0119
9.99904
9.97782
10.0648
10.087
10.0651
10.051
10.066
10.0451
10.0639
10.0241
10.0799
10.0698
10.0958
9.93919
10.0551
9.98497
10.0341
10.031
10.02
10.0441
10.004
10.0451
9.98306
9.98306
9.9721
10.0241
9.95111
9.96113
10.0019
9.96494
10.0441
10.0162
9.99188
9.91893
9.85408
9.86695
9.88293
9.87291
9.8629
9.90701
9.88197
9.78708
9.69505
9.70602
9.97114
9.95898
10.01
9.98306
9.98402
9.99808
10.0191
9.88603
9.87196
9.90105
9.86004
9.85694
9.85289
9.90319
9.8989
9.83882
9.87887
9.85408
9.85909
9.94611
9.90295
9.81593
9.85193
9.85003
9.90891
9.85289
9.87983
9.88507
9.97996
10.0229
9.99594
10.0091
10.035
9.98116
9.98211
10.016
9.95207
10.0288
10.0598
10.0229
9.94515
9.91511
9.86695
9.88221
9.93109
9.88698
9.89008
9.90915
9.88007
9.85003
9.87601
9.90009
9.87005
9.89699
9.88817
9.86195
9.83095
9.83906
9.87196
9.88388
9.92513
9.85312
9.93085
9.88603
9.91488
9.95803
10.0331
10.036
10.0322
9.9721
10.0501
10.0491
10.0269
10.0968
10.0451
10.071
10.0541
10.0331
10.061
10.088
10.0842
9.97901
9.97686
9.98712
9.92894
9.91297
9.90915
9.82809
9.90295
9.91297
9.8691
9.89389
9.83691
9.94921
10.0269
10.0031
10.0262
10.0439
10.0441
9.938
10.0231
10.0219
10.1049
10.0999
10.0379
10.0451
10.0889
10.067
10.0839
10.04
10.0541
9.9721
10.0131
9.95302
10.0119
9.98807
9.99522
9.95588
9.84597
9.82809
9.76896
9.76586
9.82499
9.90105
9.835
9.866
9.90391
9.90605
9.93896
9.90987
9.84287
9.83906
9.92393
9.91702
9.84097
9.87315
9.88197
9.90415
9.87196
9.85694
9.89604
9.88317
9.89795
9.87601
9.82809
9.89795
9.87697
9.82308
9.90295
9.86385
9.90582
9.86791
9.9659
9.9721
10.04
9.99308
10.0029
9.974
10.0119
9.9709
10.0281
10.0131
10.0431
9.97591
9.95612
10.0071
10.016
10.0429
10.0262
10.005
9.974
9.95493
9.98306
9.9721
9.99308
10.04
9.97901
9.95398
9.95708
9.97019
9.9709
9.86314
9.90415
9.89008
9.88483
9.90701
9.90391
9.87005
9.89389
9.78398
9.73797
9.74178
9.77802
9.95803
10.041
9.99022
9.98998
9.97305
10.015
10.0269
10.0062
10.0009
10.041
10.1221
10.041
9.99999
10.035
10.036
10.035
10.0641
10.03
10.0269
9.99403
9.97996
10.0222
9.99594
10.0279
9.99093
10.0191
9.9628
9.95398
9.91797
9.86099
9.88293
9.85813
9.86505
9.87196
9.83214
9.88412
