11.735
5.08595
5.07307
5.07689
5.09214
5.07402
5.07617
5.08189
4.26102
4.26888
4.26984
4.26793
4.25982
4.25792
4.26912
4.26292
4.25982
4.26388
4.28009
4.26316
4.26197
4.26888
4.26197
4.25291
4.27079
4.25696
4.26602
4.27389
4.26698
4.27198
4.26912
4.26912
4.27103
4.26602
4.25601
4.26388
4.26602
4.27318
4.26507
4.26793
4.25911
4.26412
4.27699
4.26602
4.26888
4.26316
4.27008
4.26292
4.26388
4.25601
4.27103
4.27294
4.26602
4.25696
4.26102
3.65686
3.41892
3.42393
3.40986
3.40986
3.4101
3.40819
3.41105
3.40605
3.35312
3.35407
3.35884
3.35789
3.35598
3.35503
3.35908
3.35813
3.35908
3.36099
3.35622
3.35693
3.35217
3.35789
3.35979
3.36003
3.36003
3.35503
3.35693
3.35217
3.35407
3.35789
3.35789
3.35312
3.34311
3.34001
3.34382
3.34001
3.34001
3.34215
3.35097
3.34096
3.34096
3.34001
3.34597
3.34406
3.34096
3.34501
3.34597
3.34001
3.34501
3.34001
3.34501
3.34191
3.34382
3.34501
3.34883
3.35288
3.34191
3.34716
3.34191
3.34382
3.34287
3.34001
3.33881
3.34382
3.34287
3.34191
3.34287
3.34311
3.34215
3.35288
3.34597
3.3381
3.34597
3.34096
3.34501
3.34501
3.34287
3.34191
3.34001
3.33905
3.34406
3.34096
3.34311
3.34311
3.34406
3.34597
3.34096
3.33905
3.34501
3.34096
3.34096
3.34883
3.34501
3.34287
3.34501
3.34096
3.34406
3.34191
3.34406
3.34406
3.34501
3.34096
3.34001
3.34287
3.34096
3.34501
3.34311
3.3462
3.34191
3.34096
3.34096
3.34716
3.34215
3.34501
3.34597
3.34001
3.34287
3.34287
3.34501
3.34406
3.34597
3.34311
3.34311
3.3412
3.34501
3.34406
3.34096
3.34191
3.34716
3.34096
3.34096
3.34215
3.34287
3.34597
3.34716
3.34597
3.34811
3.34501
3.33786
3.34287
3.34311
3.34907
3.34191
3.33786
3.34191
3.34215
3.34191
3.34501
3.34692
3.34191
3.34311
3.3412
3.34406
3.34501
3.34406
3.34501
3.33881
3.34692
3.34001
3.34382
3.34501
3.34287
3.34001
3.34597
3.34716
3.34406
3.34215
3.34191
3.33905
3.34287
3.34501
3.34501
3.34597
3.34597
3.34001
3.34907
3.34215
3.34096
3.34191
3.34501
3.34215
3.34096
3.34001
3.34096
3.34191
3.34501
3.34501
3.34191
3.34501
3.34406
3.34406
3.34811
3.33905
3.34597
3.34382
3.34787
3.35002
3.34287
3.34406
3.34215
3.34692
3.33881
3.34477
3.34287
3.34501
3.34382
3.34001
3.34716
3.34191
3.3381
3.35217
3.34001
3.34406
3.34907
3.34215
3.34287
3.34382
3.34501
3.34597
3.3412
3.34501
3.35193
3.34907
3.335
3.34406
3.34311
3.34501
3.34096
3.34287
3.34001
3.34692
3.34406
3.34382
3.34382
3.34597
3.34311
3.34001
3.34597
3.34883
3.34191
3.34811
3.34311
3.34501
3.34501
3.34001
3.34096
3.34692
3.34382
3.34287
3.34811
3.34311
3.34406
3.34406
3.34501
3.34406
3.34597
3.34501
3.34597
3.34215
3.34406
3.34501
3.34501
3.34096
3.34883
3.34978
3.33905
3.34311
3.35503
3.37696
3.37315
3.37291
3.37195
3.37005
3.38697
3.39699
3.39007
3.39413
3.39484
3.38602
3.38697
3.39293
3.38984
3.39103
3.38888
3.39389
3.38817
3.38912
3.39293
3.38984
3.39007
3.39103
3.38817
3.39007
3.39913
3.39603
3.39198
3.39699
3.39293
3.38221
3.38197
3.38316
3.37911
3.37601
3.38006
3.37911
3.38006
3.37911
3.38006
3.38006
3.37601
3.37791
3.38006
3.38006
3.37815
3.38101
3.37815
3.37887
3.38101
3.37505
3.38101
3.37505
3.36123
3.35908
3.35693
3.35503
3.35288
3.35479
3.36099
3.35407
3.35002
3.35693
3.35693
3.35693
3.35407
3.35693
3.35693
3.35884
3.36003
3.35097
3.35503
3.35503
3.35813
3.35312
3.35598
3.35312
3.35312
3.34597
3.34907
3.34811
3.34001
3.35312
3.34811
3.34597
3.35217
3.34692
3.34597
3.35097
3.35002
3.34883
3.35002
3.34787
3.35002
3.34597
3.34692
3.35312
3.34907
3.35002
3.34716
3.34787
3.35097
3.35002
3.3462
3.35193
3.35002
3.35193
3.34811
3.35002
3.35217
3.35312
3.35503
3.35002
3.34907
3.35002
3.34597
3.34406
3.34406
3.35097
3.34716
3.34096
3.34501
3.34692
3.34001
3.34096
3.34215
3.34382
3.34501
3.34191
3.34382
3.34597
3.34501
3.3412
3.34096
3.34406
3.34406
3.34501
3.34382
3.34382
3.34597
3.34191
3.34907
3.35598
3.3462
3.34501
3.34406
3.35097
3.34191
3.33977
3.34501
3.34406
3.34311
3.34096
3.34597
3.34907
3.34501
3.35097
3.34191
3.34501
3.34406
3.34001
3.33905
3.34406
3.34215
3.34501
3.34001
3.34215
3.34096
3.3462
3.34501
3.34191
3.34597
3.34311
3.34215
3.34501
3.34406
3.34716
3.34096
3.3462
3.34597
3.34215
3.34501
3.34406
3.34287
3.34477
3.34191
3.3412
3.34406
3.34096
3.34501
3.34501
3.34501
3.34692
3.33905
3.34287
3.33905
3.34311
3.34311
3.34191
3.34287
3.34811
3.34191
3.34287
3.34001
3.34597
3.34501
3.34501
3.33905
3.34406
3.34287
3.34191
3.3412
3.34406
3.34501
3.34191
3.35288
3.34811
3.34191
3.34096
3.34001
3.34501
3.34501
3.34215
3.33714
3.34692
3.34406
3.34191
3.33905
3.3462
3.33905
3.34501
3.34406
3.34907
3.34406
3.34692
3.34406
3.34597
3.35097
3.33905
3.34215
3.34406
3.34311
3.34311
3.34406
3.34001
3.34501
3.34501
3.34311
3.35002
3.34001
3.34406
3.34406
3.34501
3.34001
3.34406
3.34311
3.34907
3.34406
3.33905
3.34382
3.34287
3.34215
3.35002
3.34501
3.34597
3.35693
3.35813
3.36003
3.35288
3.35407
3.35383
3.35503
3.35312
3.36099
3.35598
3.35598
3.35312
3.35503
3.35407
3.35813
3.35503
3.35693
3.35503
3.35598
3.36099
3.35908
3.35598
3.35503
3.35813
3.371
3.37195
3.37481
3.371
3.37601
3.37505
3.37505
3.37601
3.37195
3.3741
3.371
3.37291
3.37601
3.371
3.37505
3.37505
3.36909
3.36909
3.36885
3.37505
3.37505
3.38101
3.38101
3.37195
3.39293
3.39007
3.38888
3.39198
3.39389
3.39103
3.39389
3.39103
3.39198
3.38888
3.39317
3.38984
3.39389
3.39389
3.39484
3.3958
3.3989
3.39508
3.39603
3.39794
3.39699
3.39603
3.39484
3.38793
3.37601
3.37815
3.37815
3.37696
3.37601
3.38221
3.37696
3.37911
3.37887
3.37601
3.37791
3.37696
3.38101
3.37315
3.37696
3.38078
3.38197
3.37315
3.37791
3.37601
3.38101
3.38197
3.37791
3.37005
3.36194
3.36409
3.36289
3.36504
3.36003
3.36218
3.35908
3.36099
3.36218
3.36695
3.36194
3.36099
3.35884
3.36218
3.36289
3.36289
3.35813
3.35789
3.36099
3.36313
3.35884
3.36003
3.36194
3.35813
3.35598
3.34287
3.3462
3.34287
3.34191
3.34311
3.34501
3.34382
3.35002
3.34311
3.34501
3.34287
3.34597
3.34406
3.34311
3.34406
3.34215
3.34597
3.34692
3.34096
3.34692
3.35288
3.34597
3.34191
3.34001
3.34191
3.34191
3.34191
3.34191
3.34215
3.34406
3.34001
3.34406
3.3381
3.34001
3.34501
3.34787
3.34597
3.34907
3.34191
3.34096
3.34001
3.3412
3.34883
3.34001
3.3381
3.33905
3.34215
3.34287
3.34501
3.34501
3.33905
3.33977
3.34287
3.34287
3.34001
3.34787
3.34406
3.34215
3.34311
3.34406
3.34406
3.34287
3.34501
3.34191
3.34191
3.34311
3.34406
3.34406
3.34311
3.34501
3.34597
3.34597
3.34311
3.34692
3.34191
3.34311
3.34597
3.34501
3.34597
3.34311
3.35097
3.34501
3.3381
3.34287
3.34787
3.34287
3.34382
3.34716
3.34191
3.34287
3.34382
3.34215
3.34001
3.34406
3.34501
3.34215
3.34597
3.34406
3.33786
3.34382
3.34597
3.34215
3.34191
3.34716
3.34096
3.34096
3.34501
3.34597
3.34406
3.34501
3.34096
3.34501
3.34501
3.34406
3.34406
3.3381
3.34311
3.34597
3.34001
3.34287
3.34597
3.34692
3.34501
3.34096
3.34287
3.34597
3.34287
3.3412
3.34597
3.34501
3.33905
3.34501
3.34096
3.34215
3.34692
3.34477
3.34597
3.33905
3.34191
3.34311
3.34692
3.34287
3.34096
3.34096
3.34883
3.35407
3.34597
3.34501
3.34287
3.34501
3.35002
3.34096
3.34001
3.34501
3.34811
3.34692
3.35717
3.35908
3.35598
3.35598
3.35503
3.35908
3.36099
3.35598
3.35693
3.35598
3.35479
3.35789
3.35503
3.35693
3.36003
3.35693
3.35097
3.35717
3.35503
3.36003
3.35097
3.35598
3.35598
3.35288
3.35598
3.35288
3.35908
3.35908
3.35503
3.35789
3.35503
3.35598
3.36003
3.35312
3.36099
3.36003
3.35503
3.35813
3.35908
3.35598
3.35598
3.35598
3.35503
3.35813
3.35598
3.36623
3.35598
3.35312
3.35503
3.35217
3.35598
3.35383
3.35288
3.371
3.37791
3.37005
3.3741
3.371
3.36885
3.36695
3.371
3.36885
3.3679
3.37315
3.37791
3.37696
3.3679
3.37505
3.37005
3.37195
3.36981
3.37696
3.37005
3.37005
3.37195
3.37195
3.37005
3.37601
3.37195
3.371
3.371
3.36885
3.37481
3.371
3.36909
3.36599
3.36599
3.36885
3.37315
3.3679
3.37195
3.37315
3.371
3.37005
3.36981
3.37386
3.37005
3.37219
3.3679
3.37195
3.37195
3.36885
3.37791
3.3772
3.37195
3.36909
3.3772
3.37005
3.371
3.3741
3.36504
3.37386
3.37791
3.3741
3.371
3.37005
3.37219
3.371
3.371
3.37291
3.37601
3.36909
3.371
3.37005
3.37601
3.3741
3.36909
3.37386
3.37291
3.3772
3.37291
3.35979
3.35789
3.35503
