11.929
11.8821
11.898
11.9071
11.883
11.883
11.889
11.889
11.9009
11.879
11.863
11.8549
11.8859
11.8589
11.8802
11.9081
11.9059
11.904
11.919
11.8721
11.893
11.898
11.909
11.868
11.8589
11.8639
11.8752
11.874
11.9071
11.857
11.905
11.8868
11.8809
11.8589
11.8871
11.8921
11.9011
11.883
11.8821
11.873
11.9231
11.8859
11.8878
11.905
11.8942
11.909
11.8921
11.9362
11.869
11.9181
11.9309
11.9081
11.888
11.9481
11.8709
11.9259
11.9262
11.941
11.8661
11.884
11.9488
11.899
11.8871
11.8501
11.8918
11.951
11.8971
11.8952
11.8821
11.924
11.9171
11.8721
11.951
11.8802
11.8799
11.884
11.915
11.945
11.8959
11.888
11.9152
11.868
11.9281
11.8589
11.9019
11.8279
11.852
11.8911
11.8971
11.9159
11.8721
11.8921
11.9131
11.889
11.9181
11.889
11.8809
11.8992
11.9159
11.8921
11.9011
11.8451
11.8761
11.8921
11.9259
11.9028
11.8511
11.883
11.868
11.8601
11.919
11.9011
11.8949
11.8952
11.899
11.8921
11.8852
11.981
11.8749
11.914
11.8849
11.8861
11.904
11.8568
11.837
11.8761
11.894
11.8868
11.884
11.8771
11.893
11.8961
11.8928
11.898
11.9081
11.9081
11.8721
11.8661
11.9359
11.8752
11.8799
11.9078
11.9169
11.9052
11.883
11.8761
11.8911
11.903
11.915
11.883
11.9219
11.914
11.8909
11.8721
11.8968
11.8952
11.8661
11.8968
11.8759
11.873
11.863
11.8821
11.9598
11.884
11.9009
11.8639
11.9181
11.9121
11.9009
11.929
11.8608
11.874
11.8861
11.898
11.879
11.867
11.8852
11.8959
11.925
11.8661
11.903
11.9131
11.863
11.904
11.941
11.8861
11.8921
11.914
11.8821
11.8971
11.847
11.838
11.883
11.893
11.905
11.9162
11.8711
11.8959
11.899
11.9021
11.9169
11.883
11.8978
11.889
11.8651
11.878
11.91
11.8709
11.9381
11.878
11.894
11.9169
11.9061
11.863
11.904
11.8601
11.903
11.904
11.8771
11.8642
11.898
11.905
11.9519
11.8959
11.8892
11.893
11.9019
11.8799
11.8718
11.8978
11.9228
11.8861
11.873
11.888
11.8649
11.884
11.8971
11.8692
11.893
11.873
11.8282
11.9059
11.8642
11.8771
11.903
11.8771
11.91
11.9021
11.8811
11.9059
11.9081
11.9259
11.903
11.8861
11.945
11.8799
11.903
11.8711
11.893
11.899
11.9212
11.904
11.9231
11.8971
11.951
11.9002
11.8601
11.93
11.894
11.8899
11.924
11.8771
11.888
11.9052
11.883
11.9059
11.869
11.8921
11.8899
11.9009
11.8701
11.884
11.9271
11.858
11.8971
11.8811
11.924
11.9262
11.873
11.914
11.8892
11.8561
11.905
11.9381
11.9131
11.858
11.884
11.812
11.9061
11.8639
11.8811
11.888
11.9321
11.827
11.889
11.8868
11.9011
11.8752
11.8458
11.8508
11.9429
11.8928
11.8899
11.8639
11.8401
11.8752
11.8639
11.857
11.8971
11.9221
11.9009
11.9219
11.857
11.8821
11.9231
11.9369
11.914
11.857
11.941
11.8818
11.8849
11.9011
11.8511
11.8771
11.8279
11.8968
11.91
11.9109
11.9011
11.9009
11.909
11.8709
11.8809
11.8971
11.9231
11.9009
11.9069
11.9061
11.9319
11.9078
11.9379
11.8799
11.924
11.889
11.8868
11.894
11.9381
11.9071
11.909
11.868
11.8961
11.9159
11.919
11.8968
11.8639
11.9309
11.9069
11.9281
11.914
11.8821
11.8811
11.929
11.8709
11.8649
11.8721
11.862
11.8902
11.8968
11.888
11.889
11.899
11.869
11.8971
11.852
11.9181
11.879
11.9169
11.8811
11.914
11.889
11.9021
11.93
11.8721
11.8999
11.873
11.8821
11.9309
11.905
11.8599
11.9112
11.903
11.905
11.869
11.8871
11.9028
11.894
11.905
11.903
11.8902
11.904
11.8649
11.8799
11.9011
11.893
11.903
11.8821
11.9071
11.879
11.9102
11.884
11.8961
11.8971
11.869
11.884
11.898
11.8811
11.867
11.9002
11.909
11.873
11.867
11.848
11.9109
11.899
11.8611
11.8752
11.893
11.9321
11.867
11.869
11.924
11.8992
11.9019
11.9138
11.8959
11.9281
11.853
11.91
11.8761
11.8608
11.898
11.8871
11.8918
11.914
11.8608
11.8959
11.8692
11.8968
11.8799
11.8461
11.894
11.8959
11.9081
11.8971
11.9281
11.909
11.878
11.905
11.8761
11.8999
11.8909
11.903
11.873
11.8668
11.9278
11.9019
11.8818
11.8592
11.9009
11.9212
11.893
11.91
11.8911
11.8971
11.905
11.909
11.8709
11.8661
11.8871
11.9102
11.8859
11.91
11.873
11.935
11.8721
11.8959
11.878
11.9119
11.9431
11.8902
11.879
11.8721
11.8861
11.8711
11.8511
11.904
11.9371
11.9281
11.8759
11.868
11.9059
11.9588
11.862
11.914
11.889
11.8802
11.971
11.8959
11.91
11.9181
11.899
11.9202
11.9119
11.9138
11.9019
11.8952
11.8799
11.8809
11.914
11.8642
11.8909
11.8709
11.8752
11.9009
11.8871
11.8899
11.9059
11.889
11.8949
11.899
11.8799
11.8699
11.8999
11.9359
11.92
11.862
11.894
11.904
11.8799
11.884
11.8821
11.858
11.826
11.879
11.889
11.888
11.9061
11.878
11.9231
11.8909
11.8849
11.878
11.8968
11.9328
11.8871
11.883
11.8802
11.8649
11.8959
11.9009
11.893
11.904
11.909
11.831
11.91
11.8639
11.8799
11.9328
11.8561
11.9209
11.8802
11.9081
11.9281
11.924
11.894
11.8971
11.8721
11.888
11.903
11.904
11.903
11.903
11.8859
11.9328
11.8639
11.939
11.8601
11.8999
11.903
11.8911
11.8611
11.929
11.914
11.8761
11.8861
11.874
11.8392
11.899
11.8661
11.8861
11.8809
11.9259
11.9431
11.9011
11.899
11.8959
11.9119
11.8852
11.8721
11.8771
11.905
11.9009
11.8611
11.9431
11.9021
11.9209
11.8601
11.8711
11.9181
11.857
11.889
11.8971
11.8721
11.91
11.883
11.899
11.843
11.9369
11.8892
11.8809
11.9262
11.8849
11.8561
11.914
11.899
11.8608
11.9061
11.9131
11.858
11.8842
11.8859
11.9021
11.894
11.879
11.8861
11.8949
11.904
11.9119
11.894
11.8721
11.8799
11.904
11.92
11.8971
11.9328
11.8718
11.8899
11.894
11.893
11.8771
11.8911
11.884
11.8949
11.8771
11.9181
11.899
11.8711
11.8861
11.8661
11.889
11.905
11.904
11.8659
11.8618
11.9388
11.9078
11.904
11.8649
11.9209
11.8971
11.9021
11.8799
11.8818
11.8608
11.9119
11.888
11.9061
11.9309
11.863
11.879
11.8639
11.8818
11.9231
11.8709
11.8399
11.9131
11.893
11.9252
11.914
11.8639
11.862
11.9441
11.878
11.909
11.863
11.8811
11.8759
11.8659
11.878
11.8878
11.8799
11.9381
11.8752
11.904
11.8899
11.894
11.9338
11.8668
11.843
11.9159
11.9228
11.867
11.852
11.9109
11.8692
11.9281
11.8799
11.888
11.8909
11.9061
11.869
11.8611
11.9011
11.9281
11.903
11.858
11.888
11.8949
11.8949
11.899
11.8899
11.9262
11.8909
11.9259
11.888
11.8728
11.8809
11.9002
11.8909
11.893
11.862
11.8968
11.8859
11.9081
11.8711
11.935
11.857
11.8811
11.838
11.8802
11.909
11.857
11.9019
11.8902
11.8911
11.924
11.847
11.8761
11.8642
11.8499
11.9228
11.8809
11.8611
11.8959
11.889
11.8439
11.9019
11.8911
11.9109
11.914
11.9019
11.8909
11.8968
11.9069
11.91
11.852
11.903
11.8871
11.9081
11.883
11.9171
11.874
11.8818
11.867
11.893
11.9071
11.8852
11.8799
11.9212
11.8599
11.91
11.925
11.8771
11.893
11.879
11.8811
11.8709
11.9078
11.8608
11.867
11.8859
11.8461
11.843
11.8949
11.894
11.9159
11.8642
11.8859
11.8871
11.8971
11.924
11.8639
11.8799
11.889
11.92
11.8999
11.8699
11.874
11.9119
11.8921
11.9071
11.909
11.903
11.8592
11.869
11.8821
11.8949
11.8859
11.91
11.8849
11.8811
11.9071
11.9109
11.904
11.9009
11.858
11.904
11.8871
11.8861
11.904
11.946
11.8489
11.8752
11.8649
11.8899
11.8849
11.914
11.878
11.878
11.9019
11.8721
11.894
11.8599
11.8902
11.8921
11.9209
11.9221
11.8821
11.8849
11.9162
11.8911
11.9159
11.9061
11.91
11.8821
11.816
11.9309
11.893
11.8911
11.903
11.9169
11.884
11.8871
11.905
11.8549
11.8971
11.8821
11.898
11.903
11.8871
11.914
11.8749
11.903
11.914
11.893
11.904
11.8821
11.919
11.868
11.867
11.9281
11.9081
11.9081
11.92
11.8868
11.878
11.883
11.8639
11.889
11.945
11.8859
11.8999
11.9121
11.8709
11.8959
11.9109
11.904
11.8799
11.9281
11.8859
11.879
11.879
11.8659
11.8961
11.8411
11.8771
11.8561
11.8971
11.924
11.863
11.869
11.9529
11.9121
11.9061
11.884
11.888
11.9162
11.867
11.8861
11.914
11.9419
11.868
11.899
11.889
11.8859
11.857
11.9028
11.9121
11.9081
11.894
11.9269
11.905
11.8659
11.869
11.8999
11.9002
11.915
11.898
11.8701
11.898
11.9281
11.878
11.8601
11.8611
11.8899
11.8878
11.924
11.8611
11.9169
11.868
11.879
11.925
11.9109
11.8902
11.904
11.899
11.8711
11.9252
11.879
11.889
11.9028
11.8692
11.883
11.8351
11.903
11.8561
11.8821
11.9169
11.91
11.8959
