120.335
115.923
115.983
116.153
115.8
116.323
115.772
116.252
115.846
115.881
116.315
116.363
115.884
115.963
115.897
116.031
116.042
116.188
115.84
115.89
115.985
116.003
116.081
116.406
116.094
115.793
116.454
115.882
115.949
116.004
116.347
115.911
116.067
115.8
115.846
116.007
116.056
116.254
115.992
115.851
115.854
115.925
115.641
116.302
115.775
115.955
116.078
116.641
116.262
116.093
115.818
116.226
116.079
116.321
115.714
115.827
115.965
116.174
115.674
115.839
115.732
116.069
115.953
116.449
116.011
116.004
116.366
116.073
115.918
116.134
116.198
115.974
115.975
115.689
116.26
115.967
116.283
116.17
115.957
116.399
116
116.235
116.066
115.932
116.062
116.213
116.051
115.964
115.994
116.072
116.244
115.769
115.616
116.096
115.8
115.939
116.631
116.179
115.936
116.079
116.322
116.573
116.179
116.287
116.107
116.306
115.534
115.966
116.006
116.537
116.046
116.006
115.852
116.103
116.341
116.083
116.435
115.971
116.1
116.087
116.068
116.193
116.066
115.933
116.213
116
115.897
116.246
116.124
115.773
116.018
116.012
116.102
116.085
116.17
115.883
116.139
115.997
116.111
115.96
116.015
116.226
116.043
115.757
115.891
116.075
115.961
116.01
115.995
115.989
116.179
115.916
115.843
116.089
116.126
115.739
116.038
116.222
116.179
116.542
116.024
115.827
116.05
116.298
115.692
115.988
116.017
115.922
115.963
116.274
115.861
116.115
116.179
116.393
116.027
115.686
116.122
115.942
115.915
115.819
115.992
115.81
115.867
116.053
115.744
115.655
116.094
116.011
115.616
116.286
116.164
116.366
115.96
116.327
115.688
116.222
115.939
116.229
115.633
115.877
115.791
116.366
116.468
116.218
115.608
116.172
116.348
115.762
115.764
115.727
116.032
116.243
116.06
116.093
115.831
116.059
116.646
115.776
116.187
116.536
115.662
116.126
116.118
115.99
116.2
115.395
115.735
115.928
116.412
115.979
115.946
115.842
116.038
116.294
116.071
115.67
115.962
116.192
115.875
115.93
116.304
116.042
115.778
115.947
116.457
115.628
115.83
115.99
116.077
116.054
115.974
115.951
115.812
115.986
115.595
115.885
116.346
115.964
116.407
115.79
115.979
116.287
116.055
115.973
115.751
115.892
115.922
116.341
116.025
116.271
115.917
115.98
116.04
116.053
115.939
116.103
116.077
115.817
115.925
115.955
116.31
115.946
115.941
116.144
115.8
116.384
116.197
116.22
115.623
115.625
115.922
115.674
116.288
115.931
115.944
115.832
115.988
116.031
116.005
116.179
116.321
116.103
116.069
116.112
116.457
116.075
116.002
116.174
115.852
115.92
116.216
116.162
115.983
116.315
115.758
116.214
116.038
115.782
116.151
115.8
116.066
116.343
116.317
116.106
115.708
116.1
115.821
116.163
115.827
115.89
116.057
116.214
116.156
116.165
115.921
115.995
115.772
115.999
116.231
115.743
115.701
115.991
115.834
115.892
116.238
115.892
115.81
116.123
116.254
115.99
116.161
116.311
115.95
115.939
115.684
116.332
116.209
115.902
115.752
116.013
115.904
116.214
115.8
116.204
115.851
115.7
116.053
116.48
115.865
116.301
116.204
116.203
115.981
115.937
116.134
116.012
116.327
115.757
115.883
116.042
116.205
115.745
115.96
115.821
116.161
116.236
115.929
116.064
116.216
115.789
116.188
116.269
115.925
115.745
115.874
115.872
115.631
115.81
116.464
115.952
116.264
115.96
115.729
116.153
116.265
116.348
115.793
116.234
116.195
116.048
115.801
116.01
115.823
115.71
116.126
115.96
116.266
116.152
116.635
116.087
115.883
115.975
116.02
115.963
115.728
116.139
115.784
116.08
115.937
115.915
115.96
115.516
116.135
116.034
115.481
116.822
115.478
116.031
115.789
115.843
116.069
116.175
116.026
115.519
115.914
115.997
116.191
116.255
115.963
115.947
115.726
116.208
116.118
115.999
115.569
115.822
115.761
115.892
116.12
116.014
116.201
115.922
116.079
115.887
116.273
116.084
116.056
116.008
116.233
115.92
115.788
116.224
116.772
116.082
115.837
115.936
115.634
115.972
116.319
115.963
116.143
116.147
116.543
116.113
116.039
116.255
115.82
115.897
115.993
115.806
116.162
115.968
116.025
115.989
115.63
116.169
116.032
116.123
116.28
115.785
115.952
115.826
116.259
116.242
116.478
116.073
116.057
116.29
116.167
116.07
116.048
116.259
116.189
116.013
116.02
116.07
116.048
115.985
116.13
115.827
115.968
115.856
115.928
116.181
115.974
115.784
115.902
116.187
115.816
116.333
116.043
115.822
115.589
116.234
116.219
115.691
115.992
115.871
116.046
116.153
115.842
115.979
116.075
115.982
115.949
115.677
116.155
115.935
116.348
115.554
116.323
115.825
115.916
116.324
116.475
116.002
115.737
116.022
116.269
116.736
116.207
115.902
116.183
116.326
116.082
115.796
115.593
115.93
116.077
116.038
116.042
116.064
116.182
115.969
116.13
115.99
116.271
115.96
116.268
115.912
116.077
115.879
115.694
115.777
116.425
116.025
116.047
115.923
116.443
115.467
116.129
116.059
115.759
115.677
115.897
115.971
116.198
115.957
116.231
116.142
115.894
116.054
116.044
116.163
116.021
115.745
116.052
116.195
115.985
115.956
115.861
116.123
116.02
115.699
115.842
115.99
115.687
116.012
116.017
116.071
115.847
115.738
115.903
116.598
115.742
116.14
116.161
115.874
116.317
115.719
116.364
116.022
115.795
116.249
116.203
116.408
116.115
116.147
115.904
116.174
116.159
116.299
116.252
115.89
116.274
116.124
116.023
115.786
115.82
116.23
116.14
115.78
115.752
116.563
116.346
116.017
116.043
115.971
115.904
115.685
115.924
116.088
116.218
116.162
116.197
115.938
116.151
116.028
116.457
116.34
116.231
116.128
116.418
116.052
116.093
116.095
116.287
116.226
115.93
116.063
116.116
116.574
116.015
115.801
115.916
116.011
115.898
116.191
116.571
116.014
116.153
116.049
115.81
115.935
116.157
116.007
116.009
115.889
115.969
116.173
116.09
115.83
115.974
115.776
116.172
115.964
115.757
116.317
116.24
115.964
115.913
115.963
116.057
116.008
116.047
115.881
116.727
116.15
116.022
115.921
116.12
115.933
116.334
116.362
116.132
115.861
115.978
116.072
116.025
116.264
116.033
116.234
115.889
116.083
116.206
116.071
115.853
116.2
116.208
116.067
116.27
116.006
116.099
116.396
116.353
116.134
116.14
115.825
116.336
115.814
115.986
116.136
115.853
116.494
115.754
115.695
116.208
116.114
115.949
116.224
115.86
116.36
116.636
116.32
115.864
116.092
115.925
116.328
116.281
115.928
116.183
115.948
115.664
115.457
116.002
115.886
116.169
116.091
116.274
116.177
116.099
115.721
116.2
116.149
115.806
115.915
116.199
116.229
116.497
116.404
116.144
115.831
116.397
116.374
115.959
116.105
115.645
116.48
116.089
115.953
116.438
116.313
116.198
115.939
116.124
115.857
116.301
116.457
116.296
116.546
115.932
116.168
116.13
115.758
116.172
115.957
116.289
115.876
115.845
115.84
116.067
115.849
115.813
115.839
116.064
116.002
115.979
116.431
116.495
116.351
116.014
115.907
116.228
115.77
116.102
115.965
116.027
116.042
116.062
116.251
115.853
116.351
115.898
115.671
116.078
116.309
115.602
116.055
116.273
115.891
115.756
116.349
115.675
116.522
115.662
116.081
116.247
116.415
116.16
116.04
116.215
116.158
116.128
116.199
115.987
116.005
115.971
116.075
116.063
115.913
116.225
115.821
116.134
116.09
116.202
116.554
116.114
115.755
116.034
116.422
115.989
115.769
116.392
116.206
116.243
116.125
116.676
116.105
116.44
116.052
115.796
116.063
116.111
116.377
115.983
116.74
116.353
115.734
116.198
115.672
116.197
115.853
116.347
115.921
116.492
115.847
116.164
115.989
115.608
116.082
116
116.004
116.408
116.267
116.38
115.851
116.073
116.046
116.002
116.081
116.321
115.755
115.964
116.084
116.357
116.096
116.436
115.476
116.024
115.963
115.904
115.941
116.248
115.998
116.534
115.898
116.048
116.243
116.203
116.049
115.962
115.988
116.095
116.171
115.958
116.108
116.024
116.013
116.498
116.316
116.062
115.883
116.279
116.053
116.077
116.164
116.009
116.107
115.904
116.049
116.449
115.98
116.181
115.926
116.168
116.105
116.181
115.931
116.11
115.803
116.29
116.376
116.275
116.088
116.213
116.313
116.371
116.187
116.053
116.41
116.07
116.138
115.88
116.471
115.998
115.922
115.584
116.425
115.926
116.283
116.133
116.111
115.817
116.179
116.178
116.136
116.048
116.249
116.033
115.803
