117.886
116.429
116.271
116.009
116.214
116.261
116.077
116.176
116.157
115.955
115.85
116.072
116.066
115.713
115.828
116.045
116.21
115.806
115.609
115.957
116.039
116.088
115.969
115.927
116.156
115.853
115.961
115.87
115.696
116.177
116.294
116.009
116.074
115.775
116.015
115.756
116.236
115.674
116.145
115.853
116.268
115.659
116.002
115.916
115.702
115.863
115.73
115.991
115.985
115.99
115.72
115.616
115.925
115.776
116.123
116.142
116.213
116.109
116.078
116.261
115.732
116.143
116.571
115.804
115.676
116.279
116.303
115.827
116.072
116.356
116.274
116.425
116.197
115.779
116.123
116.053
116.229
115.952
116.088
116.304
115.752
115.918
116.156
116.136
116.401
116.343
115.893
115.626
115.857
115.989
115.807
115.969
115.963
116.184
115.538
115.788
116.248
115.665
116.052
116.005
115.97
116.626
115.904
115.901
115.832
115.975
115.915
116.792
116.602
116.504
115.918
115.625
116.339
116.121
116.169
115.881
115.942
115.853
116.819
116.012
116.243
115.832
116.422
115.634
115.878
115.897
115.794
115.815
115.884
116.02
116.096
116.06
115.781
115.914
116.024
116.138
116.1
115.892
115.835
116.266
116.125
116.204
116.006
116.219
116.103
116.059
116.146
116.068
115.837
116.04
116.277
116.086
115.714
116.18
115.658
116.346
116.118
115.564
116.016
115.647
115.895
115.8
116.19
116.039
115.699
115.897
115.829
116.036
116.248
116.107
116.24
116.218
115.715
115.812
116.014
116.116
116.143
116.369
116.047
115.975
116.249
116.504
116.187
115.92
116.179
116.056
116.2
116.008
116.543
116.294
116.268
116.247
115.776
115.97
116.355
115.855
116.05
116.315
115.563
116.101
115.975
116.019
115.903
116.197
115.634
116.066
115.817
116.128
115.976
115.81
116.547
115.964
115.929
116.219
115.876
115.75
115.752
116.338
116.021
116.5
116.034
116.09
115.849
115.966
115.939
116.152
116.653
116.24
116.087
115.998
116.169
115.994
116.382
116.133
116.283
115.956
116.232
116.433
115.847
115.974
116.727
115.821
116.132
115.983
115.93
115.958
115.752
115.825
116.035
115.999
115.898
116.248
116.082
116.336
116.014
115.913
116.036
116.139
116.103
115.816
115.791
115.541
115.939
115.958
115.766
116.084
116.076
116.292
116.572
116.285
116.37
115.742
116.344
115.804
115.8
116.399
115.869
116.306
116.103
116.036
115.829
115.911
115.801
115.869
116.191
115.88
116.417
116.208
115.753
116.043
116.543
116.042
116.196
116.183
116.018
115.959
116.226
116.081
116.222
116.034
115.758
116.774
115.863
116.228
115.8
115.996
115.998
115.905
115.939
115.812
115.914
116.184
116.344
116.104
116.08
116.329
116.161
115.893
116.011
115.896
115.826
115.802
116.389
115.685
115.664
116.361
116.198
116.032
116.014
115.99
115.956
115.731
115.746
116.163
115.81
116.006
116.008
115.88
115.845
115.66
115.956
115.709
115.821
116.159
115.972
116.293
116.114
116.232
116.148
116.252
116.181
116.038
116.075
116.227
115.918
116.187
116.353
115.819
116.062
116.493
116.206
116.6
115.767
116.029
115.853
115.784
116.027
116.15
116.156
115.997
115.659
116.26
115.919
116.094
116.302
115.829
115.95
115.645
116.071
116.046
115.909
115.768
115.753
116.325
116.072
116.202
116.081
115.988
116.014
115.78
116.427
116.083
115.999
116.625
116.238
116.303
115.99
115.964
115.913
115.697
115.662
115.908
115.798
116.203
115.752
115.831
115.971
115.907
116.418
115.997
115.667
116.108
116.086
115.868
116.193
115.667
115.774
116.346
116.198
116.138
116.013
115.747
115.655
116.297
115.785
115.755
115.936
115.696
116.197
115.575
116.347
116.131
116.015
116.142
115.931
116.082
115.8
115.946
115.775
116.063
116.039
115.891
116.122
116.353
115.765
116.041
115.735
116.283
116.082
115.985
115.914
116.298
116.568
115.694
116.016
116.049
116.168
116.084
115.881
116.015
116.173
115.757
116.354
115.84
115.659
115.927
115.819
116.439
116.069
115.916
115.829
115.898
116.169
116.057
116.02
115.92
115.844
115.953
116.255
115.779
115.948
116.162
116.077
115.972
115.826
116.562
115.843
116.26
116.044
115.711
116.307
116.118
115.994
116.279
116.002
115.834
115.865
115.911
115.729
116.017
116.514
116.105
115.975
115.824
115.897
116.298
116.125
116.001
115.716
116.249
116.23
116.162
115.849
116.019
115.587
115.72
115.911
115.939
115.881
116.027
116.014
115.931
115.779
116.596
115.857
115.668
116.073
116.049
115.926
115.958
116.511
115.947
116.066
115.854
116.115
116.256
115.708
116.421
116.072
116.054
116.183
116.22
115.793
116.051
116.37
116.23
116.376
116.023
116.788
116.482
115.843
116.032
115.586
116.164
115.847
115.997
116.157
116.005
116.304
116.147
115.825
115.796
115.752
115.58
116.254
116.016
116.193
115.962
115.741
116.187
116.239
116.281
115.942
115.851
115.988
116.048
115.586
116.2
115.671
115.739
115.977
116.57
116.014
115.959
116.37
116.573
116.394
116.503
115.974
115.834
116.212
115.765
116.2
115.854
116.308
115.89
115.657
116.313
116.391
116.456
115.842
115.826
116.057
115.955
116.267
116.112
116.328
116.172
115.974
115.805
115.899
116.042
116.117
115.983
115.659
116.585
116.162
116.055
116.153
116.091
116.016
115.779
116.453
116.427
116.1
116.108
116.244
116.092
116.272
116.073
115.996
116.006
116.1
116.054
116.69
115.763
116.039
115.814
115.643
115.747
116.123
116.414
116.019
116.06
115.637
115.898
115.73
116.199
115.68
116.403
116.835
116.119
116.057
115.85
116.145
116.112
115.913
115.984
115.925
115.85
116.265
115.846
115.56
115.988
116.191
115.936
116.257
115.926
116.241
115.638
115.811
115.958
115.579
115.752
116.265
116.428
116.088
115.893
116.481
116.072
115.959
115.9
116.298
116.046
116.031
115.996
115.99
116.109
116.111
115.578
116.472
115.699
116.276
115.684
115.826
115.578
116.082
116.024
115.963
116.125
116.292
115.804
116.044
116.13
116.342
116.035
115.79
115.813
115.945
116.01
116.037
115.945
116.227
115.861
115.879
115.975
115.862
115.842
115.87
115.862
115.984
116.143
116.191
116.068
115.873
116.297
115.708
116.016
116.372
115.833
115.98
116.14
115.953
116.125
116.095
115.932
115.927
115.897
115.96
116.339
116.26
116.144
115.803
115.742
115.605
115.739
116.156
115.934
115.786
116.242
115.957
116.259
116.164
116.477
116.021
116.026
116.257
116.037
116.031
115.564
115.796
115.946
115.432
116.142
116.574
115.723
115.842
115.694
115.808
116.431
115.982
116.063
116.195
115.749
116.386
116.014
115.794
115.85
116.289
115.788
116.243
116.047
115.752
116.715
116.133
115.909
115.971
115.841
115.977
115.762
116.08
116.434
116.332
116.071
116.001
116.057
115.707
116.323
115.703
115.915
116.257
116.576
115.97
116.057
116.071
116.241
116.111
115.84
115.811
116.061
115.796
115.762
116.2
116.172
116.232
116.225
116.072
116.064
116.153
116.028
116.11
116.296
115.816
116.205
116.173
116.107
116.29
116.229
116.104
116.242
115.87
116.06
115.581
116.133
116.108
116.126
116.068
115.992
116.051
115.839
116.251
116.26
116.128
116.123
116.255
116.158
116.046
115.708
115.978
115.938
115.977
115.688
115.867
115.823
116.242
116.064
115.875
115.986
115.994
115.942
116.47
115.92
115.824
116.002
115.88
116.019
116.136
115.85
116.065
116.023
116.217
115.9
116.041
116.193
115.788
115.951
115.801
116.01
115.978
116.005
115.972
115.868
115.89
116.145
115.43
115.977
116.004
115.678
116.118
116.243
115.7
116.038
116.131
116.029
116.109
115.964
115.774
115.984
115.988
115.721
116.229
115.839
116.166
116.042
116.047
115.74
115.93
115.795
116.215
115.801
116.216
116.124
116.152
115.967
115.796
115.875
115.843
116.194
116.443
115.934
116.189
116.335
115.957
115.933
115.625
115.934
115.948
115.861
116.641
116.066
116.077
115.797
116.03
116.153
115.904
116.008
115.742
115.995
116.071
116.396
115.875
115.803
116.288
116.482
116.376
115.784
115.989
116.245
115.887
116.048
116.227
115.978
116.127
116.004
115.902
116.462
116.331
116.075
115.944
115.972
115.972
116.092
116.328
116.083
116.129
116.205
115.595
116.024
115.793
116.097
116.16
116.053
116.425
115.746
115.884
115.722
116.418
115.976
116.26
116.113
116.049
116.02
116.004
115.838
116.258
116.024
115.839
116.128
115.861
116.126
116.212
115.871
115.802
115.828
115.892
115.799
115.786
115.982
116.394
116.069
