0.19908
0.139952
0.137806
0.137091
0.138044
0.137806
0.137091
0.138044
0.137806
0.137091
0.138044
0.137091
0.137091
0.138044
0.138044
0.137091
0.138044
0.137091
0.137091
0.137091
0.138044
0.137091
0.138044
0.137091
0.137091
0.136852
0.137091
0.137806
0.138044
0.137091
0.136852
0.137091
0.137806
0.138044
0.138044
0.138044
0.137091
0.136852
0.137091
0.136852
0.137091
0.136852
0.138044
0.138044
0.138044
0.138044
0.138044
0.137091
0.137091
0.138044
0.137091
0.137091
0.138044
0.137091
0.136852
0.138044
0.137806
0.138044
0.137091
0.136852
0.138044
0.136852
0.137091
0.137806
0.136852
0.138044
0.137091
0.138044
0.137091
0.137091
0.136852
0.138044
0.138044
0.136852
0.137091
0.136852
0.138044
0.136852
0.137091
0.137091
0.136852
0.137091
0.135899
0.137091
0.138044
0.136852
0.137091
0.136852
0.138044
0.136852
0.137091
0.138044
0.136852
0.138044
0.136852
0.137091
0.136852
0.138044
0.136852
0.138044
0.138044
0.136852
0.137091
0.136852
0.137091
0.136852
0.144005
0.137091
0.137091
0.137091
0.136852
0.137091
0.136852
0.139952
0.137091
0.136852
0.137091
0.136852
0.138044
0.136852
0.138044
0.137091
0.137091
0.137091
0.137091
0.136852
0.137091
0.138044
0.136852
0.137091
0.135899
0.137091
0.138044
0.138044
0.137806
0.138044
0.138044
0.136852
0.137091
0.137806
0.137091
0.136852
0.136137
0.136852
0.137091
0.136852
0.135899
0.136852
0.137091
0.137091
0.136852
0.137091
0.137091
0.137091
0.137091
0.136852
0.136852
0.137091
0.137091
0.137091
0.137091
0.136852
0.137091
0.137091
0.137091
0.136852
0.137091
0.136852
0.137091
0.136852
0.137091
0.136852
0.138044
0.138044
0.137091
0.137091
0.138044
0.137091
0.136852
0.138044
0.136852
0.137091
0.137091
0.137091
0.137091
0.136852
0.137091
0.137806
0.137091
0.136852
0.138044
0.138044
0.137806
0.137091
0.137806
0.137091
0.136852
0.138044
0.137091
0.136852
0.137091
0.136852
0.137091
0.136852
0.137091
0.138044
0.137091
0.137091
0.137091
0.136852
0.135899
0.137091
0.136852
0.137091
0.137091
0.138044
0.137091
0.137091
0.138044
0.138044
0.138044
0.136852
0.138044
0.136852
0.137091
0.138044
0.137091
0.136852
0.137091
0.136852
0.137091
0.136852
0.137091
0.136852
0.137091
0.136852
0.137091
0.136852
0.137091
0.136852
0.136852
0.137091
0.136852
0.138044
0.136852
0.137091
0.137091
0.137091
0.137091
0.137091
0.137091
0.136852
0.137091
0.135899
0.137091
0.136852
0.137091
0.136852
0.137091
0.135899
0.136137
0.136852
0.137091
0.136852
0.137091
0.136852
0.137091
0.136852
0.138044
0.137091
0.136852
0.137091
0.136852
0.137091
0.135899
0.137091
0.137806
0.137091
0.135899
0.137091
0.136852
0.137091
0.136852
0.137091
0.135899
0.137091
0.136852
0.137091
0.137091
0.137091
0.136852
0.137091
0.137091
0.136852
0.136137
0.136852
0.137091
0.136852
0.137091
0.136852
0.136137
0.136852
0.137091
0.136852
0.137091
0.136852
0.137091
0.136852
0.137091
0.136137
0.137091
0.137091
0.137806
0.137091
0.137806
0.137091
0.136852
0.138044
0.136852
0.138044
0.137091
0.137091
0.136852
0.137091
0.136852
0.138044
0.136852
0.137091
0.136852
0.137091
0.136852
0.137091
0.137091
0.137091
0.137091
0.137091
0.136852
0.137091
0.136137
0.136852
0.137091
0.136852
0.137091
0.136852
0.137091
0.136852
0.137091
0.136852
0.136137
0.136852
0.137091
0.136852
0.137091
0.14019
0.136852
0.137091
0.136852
0.137091
0.136852
0.137091
0.136852
0.137091
0.135899
0.137091
0.137091
0.136852
0.137091
0.137806
0.137091
0.136852
0.137091
0.136852
0.137091
0.137091
0.135899
0.137091
0.136852
0.136137
0.136852
0.137091
0.138044
0.137091
0.136852
0.137091
0.136852
0.137091
0.137091
0.137091
0.137091
0.138044
0.137091
0.136852
0.137091
0.136852
0.137091
0.135899
0.137091
0.136852
0.137091
0.136852
0.138044
0.138044
0.136137
0.137091
0.137091
0.137091
0.136852
0.137091
0.136852
0.137091
0.136852
0.137091
0.136852
0.136137
0.136852
0.137091
0.135899
0.137091
0.137091
0.136852
0.136137
0.136852
0.136137
0.136852
0.137091
0.136852
0.138044
0.136852
0.137091
0.136852
0.137091
0.137806
0.137091
0.136852
0.137091
0.136852
0.137091
0.136852
0.137091
0.137091
0.137091
0.137091
0.136852
0.137091
0.136852
0.137091
0.136852
0.137091
0.136852
0.136137
0.136852
0.137091
0.136852
0.137091
0.136852
0.137091
0.136137
0.136852
0.137091
0.135899
0.137091
0.136852
0.137091
0.137091
0.135899
0.136137
0.136137
0.137091
0.137091
0.137091
0.136852
0.137091
0.136852
0.137091
0.136852
0.137091
0.138044
0.137091
0.137091
0.136852
0.137091
0.135899
0.137091
0.136852
0.137091
0.136852
0.136137
0.136852
0.137091
0.137806
0.137091
0.136852
0.137091
0.137091
0.137091
0.136852
0.137091
0.137091
0.137091
0.137091
