4.89497
4.848
4.83704
4.83704
4.84705
4.83799
4.83489
4.843
4.83704
4.83108
4.82917
4.83179
4.84705
4.85086
4.86207
4.85086
4.83918
4.83918
4.82798
4.83394
4.83298
4.83799
4.8399
4.83513
4.83799
4.85015
4.83704
4.843
4.83704
4.83418
4.82821
4.84705
4.82488
4.82917
4.84395
4.82607
4.84419
4.82416
4.83799
4.82416
4.8461
4.83799
4.83108
4.84109
4.83513
4.8449
4.84395
4.83584
4.84014
4.84419
4.85206
4.83203
4.83298
4.83108
4.82297
4.85396
4.843
4.84681
4.82512
4.83513
4.85492
4.83084
4.84896
4.84395
4.84395
4.83012
4.85206
4.84204
4.82583
4.82893
4.83298
4.84204
4.83203
4.8511
4.848
4.83608
4.82988
4.85396
4.83608
4.83012
4.82082
4.85587
4.85206
4.82988
4.83298
4.86088
4.85516
4.83418
4.8542
4.85516
4.84204
4.8399
4.84204
4.84395
4.8449
4.84109
4.84514
4.85396
4.82297
4.84705
4.82297
4.84395
4.8449
4.85706
4.83418
4.83298
4.85206
4.83394
4.83513
4.83799
4.83012
4.85086
4.8399
4.8461
4.82893
4.82702
4.83799
4.84395
4.83489
4.82297
4.84395
4.848
4.84109
4.84586
4.83608
4.84395
4.84991
4.84395
4.84085
4.86016
4.84204
4.8399
4.83608
4.83704
4.84014
4.83489
4.83203
4.84586
4.84109
4.84586
4.82202
4.81987
4.83394
4.84204
4.83799
4.82893
4.85396
4.85492
4.85492
4.83394
4.84204
4.83584
4.83489
4.83513
4.83108
4.84395
4.848
4.83489
4.83704
4.848
4.82297
4.82392
4.84085
4.84204
4.84586
4.84514
4.83012
4.83203
4.84395
4.83179
4.84014
4.83608
4.84204
4.85015
4.86994
4.83489
4.83298
4.84085
4.84109
4.82702
4.8449
4.83513
4.83704
4.82893
4.84991
4.84705
4.83489
4.84109
4.84705
4.84109
4.8511
4.83298
4.85802
4.83418
4.83799
4.84014
4.85206
4.8449
4.8449
4.8461
4.85301
4.83799
4.83012
4.84991
4.84896
4.84395
4.83394
4.84705
4.83799
4.84419
4.8542
4.83298
4.843
4.83203
4.82988
4.83108
4.8511
4.84586
4.843
4.83704
4.84085
4.843
4.82893
4.82893
4.83298
4.83704
4.84109
4.83608
4.85015
4.85182
4.83203
4.83704
4.83418
4.83823
4.84395
4.83823
4.82297
4.82798
4.8399
4.86088
4.83513
4.83394
4.84586
4.848
4.83799
4.83489
4.8399
4.84896
4.85706
4.84991
4.82893
4.84991
4.83513
4.84514
4.843
4.83918
4.83513
4.85182
4.843
4.82893
4.85587
4.83704
4.83203
4.82702
4.83704
4.83894
4.84085
4.83203
4.84991
4.85802
4.83084
4.83584
4.84204
4.84586
4.83704
4.85992
4.83704
4.84419
4.83203
4.8461
4.848
4.85897
4.8511
4.82917
4.83418
4.83298
4.83298
4.81915
4.83298
4.85706
4.83894
4.86302
4.83918
4.84014
4.83084
4.848
4.848
4.85182
4.84395
4.84514
4.83799
4.82893
4.83608
4.83584
4.82297
4.83203
4.82917
4.82416
4.83584
4.82512
4.83799
4.82893
4.83513
4.85301
4.82893
4.82798
4.86112
4.8461
4.83704
4.86016
4.84514
4.843
4.84395
4.83799
4.83418
4.84204
4.82607
4.83298
4.8399
4.83894
4.83799
4.83823
4.84419
4.843
4.83608
4.84085
4.83394
4.82798
4.83298
4.85396
4.86207
4.83823
4.84419
4.85611
4.8399
4.84109
4.84896
4.83203
4.83394
4.8461
4.86183
4.83298
4.8399
4.84204
4.84705
4.8492
4.85897
4.83894
4.84395
4.83394
4.84896
4.848
4.8399
4.85897
4.84395
4.83799
4.83203
4.82893
4.83584
4.83298
4.84395
4.83799
4.83394
4.83298
4.85897
4.83823
4.8461
4.8511
4.83298
4.83298
4.84395
4.83894
4.83489
4.84705
4.83012
4.843
4.82798
4.83918
4.83298
4.82392
4.82917
4.83918
4.87018
4.86898
4.83799
4.84109
4.83608
4.83894
4.82893
4.84204
4.84109
4.84109
4.8449
4.84109
4.86517
4.83489
4.82893
4.84586
4.848
4.84109
4.843
4.83203
4.84109
4.83608
4.84896
4.83894
4.85301
4.82678
4.848
4.8399
4.83608
4.85396
4.84085
4.8449
4.84514
4.85015
4.8492
4.83704
4.84991
4.83608
4.8368
4.82798
4.82798
4.84896
4.8399
4.85611
4.82392
4.84705
4.82702
4.84395
4.83894
4.83799
4.83894
4.83894
4.83894
4.83513
4.83704
4.83298
4.82297
4.8449
4.85396
4.8449
4.83799
4.84395
4.84705
4.843
4.8418
4.84014
4.83799
4.83203
4.83394
4.83394
4.82702
4.83084
4.83298
4.848
4.84586
4.84514
4.84586
4.8449
4.843
4.84204
4.84395
4.84085
4.84705
4.83799
4.8418
4.83513
4.82798
4.84109
4.84395
4.85992
4.82583
4.85206
4.84395
4.84586
4.83608
4.84681
4.86207
4.84085
4.83894
4.85396
4.84204
4.83012
4.83298
4.83608
4.83704
4.83799
4.82893
4.83704
