6.23202
6.26993
6.23703
6.22606
6.20699
6.21009
6.26898
6.217
6.24394
6.23083
6.20699
6.27208
6.25682
6.18505
6.17409
6.212
6.17599
6.21605
6.19793
6.17003
6.25801
6.248
6.19912
6.18219
6.19507
6.19507
6.24108
6.27089
6.23512
6.35815
6.2058
6.17504
6.29401
6.32405
6.19912
6.23107
6.27017
6.21486
6.217
6.18792
6.21796
6.26302
6.21796
6.181
6.25992
6.23608
6.20818
6.24514
6.25205
6.21414
6.17409
6.25491
6.22511
6.22296
6.24108
6.21104
6.20008
6.2449
6.32596
6.24514
6.387
6.25992
6.21796
6.29306
6.19102
6.23918
6.387
6.17504
6.20008
6.20604
6.19102
6.2139
6.19006
6.18982
6.22201
6.23989
6.22702
6.20103
6.2151
6.18196
6.25205
6.20008
6.21891
6.26707
6.23202
6.24704
6.19388
6.22797
6.23798
6.22892
6.18196
6.20198
6.17385
6.24013
6.25491
6.181
6.26302
6.15215
6.22702
6.22106
6.25086
6.26802
6.19388
6.28996
6.24895
6.26493
6.21605
6.253
6.26087
6.17003
6.24299
6.23703
6.16908
6.18601
6.2449
6.20294
6.19912
6.19102
6.32906
6.26683
6.22392
6.24299
6.25396
6.22892
6.24013
6.27899
6.22582
6.21915
6.24585
6.23393
6.28304
6.21986
6.19793
6.24704
6.181
6.17909
6.23298
6.20794
6.212
6.26516
6.29401
6.20508
6.16789
6.18291
6.24204
6.23488
6.20198
6.33001
6.1841
6.18601
6.21486
6.19316
6.21319
6.27017
6.19507
6.24895
6.26397
6.25587
6.19006
6.26087
6.23798
6.23894
6.17099
6.217
6.1841
6.25706
6.23107
6.18601
6.24585
6.27112
6.22082
6.17695
6.28114
6.29687
6.28996
6.20794
6.23703
6.16598
6.17981
6.26707
6.24204
6.21414
6.2592
6.23298
6.25205
6.29187
6.23608
6.21796
6.28877
6.30403
6.24108
6.24299
6.22797
6.26302
6.19888
6.21796
6.19912
6.22606
6.22606
6.24394
6.28614
6.27613
6.20389
6.24609
6.21796
6.23178
6.18911
6.16908
6.22606
6.25992
6.15191
6.25205
6.38604
6.23298
6.26612
6.2232
6.18219
6.23298
6.212
6.27494
6.26111
6.18982
6.28495
6.27208
6.20222
6.18219
6.22916
6.21915
6.30283
6.27398
6.20794
6.21104
6.23918
6.22296
6.23703
6.30999
6.24394
6.23608
6.18911
6.32596
6.28185
6.217
6.31189
6.23512
6.15811
6.19602
6.13713
6.2778
6.20198
6.16908
6.26016
6.2499
6.31094
6.30689
6.22511
6.2499
6.24394
6.21486
6.19793
6.20914
6.29091
6.20484
6.18696
6.22392
6.25014
6.16813
6.20008
6.21104
6.16789
6.22296
6.18601
6.22702
6.27685
6.32095
6.217
6.253
6.22702
6.1481
6.23393
6.26397
6.21295
6.25181
6.21915
6.22916
6.21009
6.19793
6.17313
6.24824
6.22916
6.43992
6.33407
6.18601
6.23298
6.248
6.2201
6.22988
6.21295
6.31309
6.18005
6.20103
6.27089
6.22106
6.22416
6.22988
6.22606
6.15597
6.15788
6.27804
6.33597
6.21891
6.18696
6.21796
6.27089
6.22106
6.19984
6.19292
6.23298
6.18005
6.18291
6.2139
6.23107
6.18482
6.217
6.25587
6.19507
6.31595
6.18505
6.20317
6.212
6.25896
6.25896
6.24108
6.26397
6.27398
6.387
6.20818
6.18601
6.212
6.24895
6.21104
6.15191
6.26588
6.20508
6.26898
6.26588
6.2201
6.22082
6.21009
6.23298
6.20508
6.21796
6.20484
6.21009
6.19984
6.22296
6.20604
6.16598
6.16884
6.18196
6.2151
6.18601
6.19602
6.18911
6.21104
6.18601
6.24299
6.20484
6.20604
6.33192
6.217
6.20389
6.253
6.26802
6.19292
6.23894
6.20198
6.18792
6.24895
6.24204
6.22296
6.3498
6.27398
6.27208
6.18291
6.22797
6.20484
6.29592
6.30093
6.20604
6.29687
6.20008
6.27398
6.24895
6.19602
6.30999
6.19078
6.23608
6.2449
6.22797
6.21891
6.28304
6.23703
6.212
6.20198
6.27398
6.2139
6.19793
6.25801
6.19102
6.29377
6.28901
6.18792
6.23393
6.18505
6.29187
6.16813
6.18005
6.20103
6.212
6.23083
6.16312
6.28686
6.21796
6.217
6.25491
6.23107
6.23202
6.22201
6.22892
6.18601
6.19793
6.21295
6.23798
6.23989
6.21605
6.24013
6.19292
6.20604
6.212
6.16813
6.17385
6.18291
6.20699
6.16097
6.20008
6.16789
6.22106
6.34193
6.23488
6.22296
6.23679
6.19912
6.18815
6.21796
6.17385
6.28114
6.21295
6.24084
6.30903
6.20699
6.23107
6.16693
6.1729
6.23202
6.2871
6.21819
6.248
6.20604
6.19006
6.21581
6.24013
6.18505
6.27995
6.28304
6.21796
6.17099
6.28591
6.23798
6.1779
6.33097
6.23584
6.26016
6.25205
6.22892
6.16193
6.21295
6.28901
6.21104
6.29091
6.26493
6.22988
6.25396
6.20794
6.22606
6.17981
6.20008
6.22702
6.19316
6.23822
6.26421
