16.3651
15.733
15.7249
15.713
15.717
15.7371
15.733
15.7239
15.722
15.739
15.7371
15.728
15.7201
15.732
15.7449
15.743
15.7359
15.7309
15.7151
15.7359
15.758
15.7251
15.7292
15.7299
15.7518
15.712
15.7549
15.718
15.7351
15.7268
15.7259
15.734
15.7108
15.728
15.739
15.722
15.7259
15.728
15.723
15.712
15.7318
15.7452
15.7101
15.7351
15.729
15.7249
15.718
15.758
15.7421
15.744
15.722
15.754
15.723
15.718
15.728
15.7299
15.7509
15.7208
15.7299
15.7239
15.7402
15.7442
15.7242
15.713
15.729
15.7259
15.739
15.7211
15.722
15.7261
15.733
15.7299
15.728
15.739
15.7261
15.7151
15.758
15.7392
15.727
15.7299
15.7559
15.733
15.7361
15.7421
15.7518
15.7189
15.7292
15.708
15.732
15.732
15.7099
15.713
15.718
15.7578
15.717
15.7299
15.732
15.7442
15.7421
15.7292
15.7299
15.713
15.7182
15.7061
15.733
15.738
15.729
15.718
15.7299
15.7239
15.7421
15.7361
15.7061
15.7311
15.7299
15.7239
15.738
15.723
15.7309
15.7211
15.7499
15.7182
15.7421
15.7261
15.727
15.7309
15.7318
15.734
15.7471
15.7189
15.7309
15.723
15.723
15.7521
15.759
15.739
15.7371
15.7251
15.7301
15.738
15.738
15.728
15.7249
15.759
15.7301
15.717
15.727
15.7239
15.722
15.7259
15.7189
15.7249
15.7259
15.732
15.7139
15.7311
15.734
15.7301
15.7378
15.729
15.7449
15.739
15.739
15.7149
15.7368
15.7251
15.7471
15.7301
15.7232
15.7359
15.7359
15.722
15.7301
15.7251
15.7511
15.759
15.728
15.7249
15.717
15.7299
15.739
15.7351
15.7411
15.732
15.7318
15.7561
15.7421
15.7259
15.732
15.712
15.7251
15.7418
15.749
15.733
15.7139
15.733
15.722
15.7299
15.7259
15.722
15.734
15.7292
15.7371
15.7208
15.7149
15.7311
15.7301
15.7459
15.7568
15.7301
15.728
15.7299
15.7351
15.7211
15.723
15.7261
15.748
15.7139
15.7418
15.7359
15.732
15.7218
15.749
15.729
15.7421
15.727
15.723
15.7409
15.743
15.722
15.7249
15.728
15.7371
15.7239
15.7239
15.723
15.7371
15.7199
15.7309
15.723
15.713
15.7151
15.7411
15.718
15.7199
15.7239
15.727
15.739
15.7218
15.7409
15.7211
15.7351
15.732
15.7242
15.7251
15.7201
15.7301
15.7301
15.7151
15.7261
15.727
15.7189
15.7151
15.7399
15.7371
15.7242
15.744
15.7261
15.729
15.7208
15.7359
15.733
15.7311
15.7309
15.723
15.7108
15.717
15.7199
15.739
15.7261
15.7518
15.7359
15.7299
15.738
15.728
15.7251
15.732
15.738
15.7301
15.7299
15.7309
15.732
15.717
15.743
15.723
15.7361
15.7471
15.713
15.7251
15.738
15.7349
15.769
15.7199
15.729
15.732
15.7349
15.722
15.7349
15.7111
15.729
15.7409
15.7559
15.728
15.7208
15.7309
15.7361
15.739
15.732
15.7242
15.712
15.733
15.733
15.7239
15.7111
15.7239
15.7351
15.7499
15.7239
15.738
15.744
15.7411
15.734
15.7371
15.743
15.7108
15.728
15.723
15.7309
15.7239
15.728
15.7301
15.7261
15.7242
15.7239
15.759
15.754
15.7239
15.7239
15.7261
15.7239
15.7099
15.7189
15.722
15.7421
15.7342
15.722
15.727
15.738
15.722
15.753
15.738
15.733
15.7371
15.7161
15.7199
15.7559
15.728
15.7249
15.7318
15.712
15.7318
15.7189
15.7309
15.732
15.7411
15.7259
15.7259
15.733
15.7239
15.7182
15.727
15.744
15.7211
15.7251
15.7182
15.7411
15.7218
15.728
15.732
15.7549
15.7218
15.739
15.733
15.7342
15.7471
15.7309
15.753
15.754
15.7371
15.723
15.7351
15.7309
15.7239
15.7249
15.7168
15.7371
15.7261
15.723
15.7399
15.728
15.7149
15.7111
15.7411
15.7201
15.7301
15.733
15.723
15.727
15.728
15.7311
15.7311
15.7549
15.7411
15.7261
15.7089
15.718
15.718
15.7371
15.7249
15.7199
15.7249
15.713
15.7361
15.7371
15.718
15.718
15.722
15.722
15.7139
15.7359
15.7778
15.7449
15.738
15.718
15.7208
15.7249
15.7459
15.7261
15.7371
15.7242
15.7161
15.753
15.7421
15.7721
15.7492
15.7392
15.732
15.7368
15.7139
15.7239
15.7132
15.723
15.7139
15.7249
15.6991
15.7342
15.732
15.7349
15.7151
15.718
15.7411
15.727
15.7359
15.754
15.7242
15.734
15.7361
15.743
15.7251
15.738
15.7371
15.728
15.7471
15.7361
15.744
15.7351
15.728
15.7449
15.718
15.7511
15.749
15.7371
15.763
15.7421
15.7239
15.7449
15.728
15.7149
15.7468
15.7251
