10.1559
8.55088
8.50487
8.708
8.52299
8.57186
8.44598
8.43501
8.53086
8.43811
8.55112
8.50701
8.54802
8.54492
8.50391
8.564
8.533
8.48699
8.50821
8.76403
8.53086
8.67414
8.54301
8.45504
8.56495
8.46696
8.61692
8.53586
8.49009
8.69417
8.48913
8.52299
8.38614
8.51011
8.60906
8.425
8.53109
8.82292
8.811
8.43191
8.51202
8.51107
8.45695
8.55398
8.46291
8.56185
8.44598
8.50892
8.45814
8.61812
8.4269
8.52489
8.46601
8.66604
8.53181
8.46195
8.62002
8.55994
8.43596
8.52489
8.59094
8.70204
8.54087
8.39901
8.43692
8.60691
8.51393
8.54802
8.50081
8.62408
8.50701
8.56709
8.57782
8.48699
8.58808
8.45003
8.46887
8.48198
8.47101
8.48699
8.55088
8.5299
8.54516
8.56113
8.71611
8.58402
8.66699
8.55184
8.44908
8.51703
8.64196
8.79812
8.50487
8.43692
8.68201
8.47602
8.48699
8.69298
8.51607
8.58879
8.59404
8.44598
8.49295
8.64792
8.62002
8.61502
8.59904
8.51107
8.48794
8.45194
8.45289
8.64792
8.45408
8.70514
8.45981
8.56209
8.5659
8.66294
8.50487
8.44002
8.54993
8.44908
8.46314
8.70895
8.533
8.48818
8.74114
8.47816
8.49891
8.7719
8.56495
8.60596
8.54492
8.4579
8.63409
8.51011
8.47697
8.54778
8.47912
8.61907
8.41498
8.43787
8.50105
8.50415
8.47697
8.64482
8.53992
8.49915
8.54897
8.44908
8.50892
8.50606
8.5721
8.41713
8.49295
8.53777
8.50916
8.57019
8.55088
8.48103
8.56709
8.62503
8.46577
8.56495
8.43596
8.45408
8.53682
8.55494
8.53205
8.58784
8.56614
8.52203
8.63409
8.59523
9.05108
8.64291
8.50487
8.54111
8.42977
8.47816
8.49509
8.48293
8.53896
8.48985
8.54397
8.44407
8.4908
8.64601
8.49009
8.58998
8.53705
8.5218
8.50701
8.39496
8.54921
8.58998
8.46505
8.67891
8.50987
8.47101
8.811
8.69203
8.95095
8.48198
8.56614
8.56805
8.533
8.62789
8.64911
8.71015
8.62312
8.5609
8.43096
8.49009
8.49104
8.53109
8.62408
8.61001
8.67009
8.4939
8.41999
8.59904
8.65221
8.62217
8.59618
8.42595
8.44812
8.48818
8.54707
8.58593
8.57687
8.44097
8.52609
8.71396
8.4641
8.4939
8.46601
8.52585
8.55398
8.65507
8.605
8.66389
8.54802
8.42094
8.48198
8.5299
8.43883
8.47697
8.54802
8.49581
8.45909
8.62384
8.66199
8.47888
8.4641
8.47912
8.43692
8.52704
8.56709
8.52799
8.47101
8.56805
8.46195
8.43287
8.39996
8.44908
8.64196
8.61883
8.67605
8.47983
8.672
8.62885
8.45909
8.48508
8.58092
8.55994
8.62598
8.66508
8.58998
8.45814
8.57711
8.45504
8.85916
8.44312
8.80098
8.59785
8.54897
8.72588
8.77094
8.47006
8.53395
8.53896
8.49986
8.55088
8.57806
8.59785
8.54492
8.71706
8.41904
8.55899
8.57615
8.54707
8.48293
8.5659
8.51703
8.55684
8.52585
8.6019
8.53896
8.58307
8.65912
8.53419
8.55422
8.44502
8.55899
8.48794
8.51607
8.54516
8.45909
8.7769
8.41188
8.50511
8.45098
8.51011
8.72087
8.50797
8.48889
8.61907
8.5628
8.52394
8.672
8.59594
8.43692
8.50105
8.40688
8.36802
8.533
8.53896
8.38995
8.47316
8.44502
8.48413
8.52013
8.47411
8.48198
8.64482
8.49509
8.497
8.5969
8.50797
8.45695
8.51703
8.46291
8.50105
8.67605
8.50296
8.46887
8.53801
8.57687
8.58998
8.46696
8.48293
8.53801
8.52299
8.66795
8.68988
8.55589
8.56709
8.533
8.49795
8.63099
8.64196
8.46601
8.63886
8.5299
8.48794
8.65698
8.605
8.48103
8.73184
8.77404
8.67486
8.48198
8.71706
8.497
8.64911
8.56209
8.54087
8.84199
8.52394
8.50606
8.45885
8.48198
8.75688
8.55112
8.46601
8.533
8.47006
8.48389
8.56209
8.57401
8.57806
8.48007
8.65316
8.62908
8.46291
8.48198
8.44193
8.61692
8.50201
8.43406
8.7142
8.49915
8.6298
8.44908
8.46386
8.44097
8.48889
8.49795
8.48889
8.497
8.461
8.51703
8.74615
8.55708
8.54492
8.54707
8.45885
8.49295
8.52203
8.5721
8.51703
8.57806
8.47697
8.3909
8.82697
8.461
8.52585
8.43096
8.45599
8.54182
8.49295
8.45504
8.78406
8.51512
8.58188
8.74901
8.48794
8.89301
8.65197
8.57615
8.74019
8.50415
8.69679
8.47006
8.74591
8.45814
8.49199
8.42905
8.51989
8.45909
8.45218
8.60906
8.49414
8.54897
8.55517
8.49104
8.74805
8.49986
8.63504
8.50105
8.52394
8.46505
8.7049
8.47983
8.61001
8.564
8.69393
8.61382
8.44598
8.68106
8.44407
8.43692
8.56495
8.53086
8.48889
8.50701
8.63504
8.5938
8.41999
8.42905
8.47387
8.48007
8.43906
8.50296
8.55303
8.55613
8.56709
8.85391
8.74209
8.47602
8.63409
8.48413
8.50201
8.48413
8.57496
8.672
8.58998
8.636
8.51202
8.52489
8.50105
8.44502
8.50606
8.59809
8.48007
8.47316
8.57401
8.60214
8.73709
8.49795
9.08685
8.57091
8.54897
8.45814
8.57115
8.56495
8.63624
8.48508
8.50701
8.67009
8.47292
8.58402
8.80003
8.4641
8.50582
8.50415
8.569
8.50511
8.63004
8.54707
8.45599
8.54206
8.47197
8.50391
8.50391
8.48699
8.50797
8.57091
8.62694
8.4219
8.52013
8.45408
8.47006
8.41784
8.61597
8.51798
8.425
8.5299
8.47197
8.67677
8.51917
8.42309
8.51107
8.69989
8.49605
8.57496
8.45385
8.38304
8.65984
8.50511
8.51917
8.5392
8.63314
8.59499
8.51417
8.44288
8.72684
8.61812
8.6298
8.47602
8.48198
8.63791
8.50701
8.51202
8.48985
8.45504
8.47292
8.41498
8.49795
8.67009
8.54588
8.45408
8.48103
8.59714
8.68297
8.42404
8.47888
8.45599
8.65388
8.5361
8.5218
8.45504
8.43596
8.57496
8.50701
8.56495
8.45408
8.65579
8.59404
8.53491
8.51607
8.55398
8.45289
8.66604
8.5609
8.55398
8.67105
8.58903
8.59094
8.49199
8.45504
8.54087
8.5609
8.48913
8.76498
8.47602
8.53205
8.55303
8.65793
8.66008
8.47006
8.54492
8.47602
8.52799
8.5299
8.47101
8.38995
8.51583
8.65293
8.61311
8.50105
8.79502
8.55184
8.53491
8.66795
8.47006
8.52799
8.48198
8.44693
8.43811
8.47578
8.54111
8.56781
8.4691
8.6
8.46505
8.44502
8.55207
8.461
8.4188
8.66199
8.51512
8.56304
8.57997
8.58998
8.57592
8.43287
8.47006
8.45814
8.52799
8.57306
8.49104
8.5628
8.47101
8.54301
8.57282
8.53014
8.62813
8.60381
8.44002
8.52084
8.48293
8.51107
8.50201
8.89015
8.48913
8.51107
8.75592
8.41188
8.6081
8.62408
8.61788
8.60906
8.44002
8.55112
8.55899
8.5032
8.55112
8.56495
8.79192
8.67081
8.45504
8.47507
8.54802
8.6751
8.57711
8.41904
8.49199
8.52489
8.60906
8.60786
8.42905
8.47483
8.72111
8.45909
8.41808
8.46195
8.53992
8.744
8.49509
8.48818
8.74114
8.50081
8.57306
8.69608
8.52895
8.60906
8.85415
8.45599
8.40402
8.43906
8.49104
8.55494
8.59594
8.48198
8.533
8.51393
8.43
8.51798
8.61406
8.4641
8.58903
8.53395
8.54492
8.54301
8.46601
8.49295
8.66199
8.49605
8.63385
8.636
8.4939
8.4331
8.48603
8.50105
8.44407
8.56805
8.50296
8.49009
8.53801
8.41904
8.50987
8.51488
8.55398
8.4331
8.47912
8.51703
8.4722
8.7831
8.65793
8.59594
8.46219
8.51393
8.44789
8.636
8.59189
8.65602
8.52704
8.45194
8.54301
8.65602
8.54778
8.47411
8.42595
8.497
8.4281
8.394
8.53491
8.55994
8.61716
8.45504
8.50797
8.49104
8.66008
8.4269
8.75401
8.56495
8.45695
8.48103
8.50987
8.61502
8.52585
8.51011
8.4672
8.52299
8.47912
8.44502
8.54993
8.48699
8.46195
8.52394
8.50892
8.64506
8.53992
8.46791
8.56996
8.46696
8.44908
8.50511
8.52799
8.72517
8.64077
8.51417
8.47507
8.45599
8.63886
8.48198
8.63004
8.70514
8.42881
8.51202
8.55899
8.65412
8.54206
8.50487
8.56185
8.49509
8.74281
8.66604
8.48103
8.47602
8.52394
8.50391
8.6329
8.63004
8.57306
8.62312
8.4579
8.45885
8.56495
8.50797
8.57091
8.45098
8.47387
8.55494
8.50296
8.47197
8.72302
8.50797
8.47507
8.46004
8.533
8.50201
8.57711
8.65817
8.62002
8.45909
8.54588
8.55088
8.61287
8.49509
8.57997
8.41093
8.46887
8.53896
8.50201
8.45194
8.54206
8.51488
8.41188
8.59809
8.62503
8.56113
8.51512
8.43215
8.42881
8.533
8.53586
8.55303
8.51989
8.52299
8.58212
8.60214
8.72707
8.57782
8.48198
8.45814
8.55803
8.497
8.672
8.70705
8.61001
8.59094
8.59404
8.47602
8.51297
8.56113
8.65483
8.41999
8.48603
8.49199
8.51583
8.63504
8.54087
8.43811
8.46601
8.44193
8.63004
8.58998
8.46219
8.55517
8.65412
8.84891
8.55994
8.58808
8.44502
8.52704
8.49581
8.41308
8.50296
8.48198
8.53491
8.74496
8.5609
8.50201
8.67915
8.56709
8.75401
8.4641
8.59404
8.57306
8.569
8.40187
8.50201
8.41093
8.63886
8.48103
8.53705
8.66222
8.62002
8.56209
8.55207
8.49605
8.54611
8.54778
8.53014
8.45814
8.54421
8.58712
8.47697
8.60476
8.74305
8.65006
8.47006
8.47697
8.5299
8.45098
8.5578
8.48103
8.57592
8.49891
8.52108
8.65793
8.67796
8.66294
8.49581
8.49795
8.47697
8.56709
8.47578
8.51011
8.641
8.58116
8.72803
8.53801
8.48198
8.55803
8.78
8.58212
8.49104
8.48603
8.56185
8.49509
8.50105
8.71301
8.51893
8.54802
8.50511
8.64887
