8.54921
8.47697
8.48699
8.65293
8.47316
8.43883
8.52013
8.38399
8.44598
8.45909
8.63886
8.43811
8.45695
8.43883
8.45718
8.56304
8.40497
8.47602
8.49509
8.47602
8.54301
8.41713
8.45194
8.44288
8.48794
8.55207
8.48889
8.46004
8.54206
8.49104
8.43
8.51202
8.54111
8.4269
8.46505
8.43382
8.44502
8.49104
8.53801
8.50201
8.54087
8.44908
8.48699
8.49199
8.48222
8.4331
8.51083
8.45003
8.54588
8.42905
8.55088
8.50606
8.39281
8.52394
8.46195
8.43215
8.45408
8.50797
8.52299
8.49581
8.45194
8.47197
8.45003
8.53992
8.46004
8.53086
8.51107
8.62908
8.51798
8.56495
8.45695
8.45981
8.44216
8.48508
8.564
8.69393
8.79502
8.50081
8.45313
8.54707
8.51798
8.49891
8.54802
8.44479
8.5361
8.45599
8.461
8.42905
8.47292
8.42404
8.43
8.52203
8.51798
8.90517
8.49581
8.45909
8.50201
8.53515
8.41904
8.48508
8.43215
8.46386
8.66294
8.57902
8.51202
8.51512
8.48794
8.49986
8.46505
8.57186
8.50606
8.39686
8.51297
8.47292
8.41689
8.39901
8.52799
8.461
8.55017
8.58784
8.58593
8.45504
8.49199
8.43501
8.49509
8.54397
8.82602
8.50797
8.40902
8.51607
8.52799
8.50105
8.41904
8.46004
8.49795
8.4219
8.48794
8.46219
8.47888
8.57806
8.55803
8.52203
8.4939
8.52394
8.46696
8.44789
8.67796
8.43215
8.47507
8.52203
8.47483
8.461
8.37207
8.44097
8.50821
8.50081
8.51011
8.41117
8.86488
8.41284
8.49295
8.43906
8.53992
8.44598
8.55684
8.54897
8.62098
8.41308
8.65102
8.54802
8.60977
8.43215
8.49199
8.39686
8.43501
8.41093
8.41618
8.5392
8.59213
8.52799
8.46601
8.52513
8.44884
8.51011
8.41022
8.50487
8.43287
8.42905
8.43596
8.45408
8.49891
8.54993
8.63791
8.65602
8.50892
8.8191
8.5721
8.44193
8.394
8.425
8.57997
8.51107
8.44097
8.41999
8.42118
8.57115
8.44193
8.40902
8.53515
8.52203
8.47006
8.47483
8.41594
8.41713
8.39114
8.53491
8.58688
8.49891
8.41999
8.57997
8.45313
8.48198
8.44312
8.48818
8.43382
8.44502
8.55684
8.60715
8.50797
8.51011
8.45289
8.45385
8.61597
8.569
8.46601
8.42881
8.40497
8.47316
8.60906
8.37708
8.641
8.39615
8.47602
8.533
8.52799
8.44789
8.45695
8.42786
8.43096
8.70609
8.47888
8.70585
8.50916
8.38304
8.40807
8.49414
8.605
8.87179
8.43811
8.4188
8.40306
8.41498
8.46219
8.52299
8.47006
8.40092
8.67891
8.461
8.46004
8.47101
8.49986
8.52895
8.44598
8.47006
8.533
8.61716
8.7502
8.52013
8.44193
8.47888
8.43406
8.41784
8.41093
8.55303
8.64697
8.54897
8.53205
8.5299
8.50296
8.4641
8.45981
8.45814
8.53205
8.44193
8.63504
8.55088
8.50201
8.66294
8.41594
8.51893
8.51297
8.5299
8.40402
8.58188
8.461
8.77905
8.39281
8.51202
8.41403
8.45313
8.46791
8.4579
8.44193
8.48913
8.41618
8.46219
8.52704
8.44693
8.46195
8.44693
8.40712
8.48579
8.4331
8.45385
8.57306
8.48579
8.52799
8.62193
8.6081
8.49581
8.43406
8.49986
8.67796
8.51703
8.497
8.51989
8.44502
8.5609
8.52203
8.51512
8.43191
8.62598
8.63194
8.65388
8.4641
8.48484
8.44193
8.45408
8.51297
8.44097
8.45385
8.43501
8.43501
8.66485
8.8079
8.5001
8.48079
8.3921
8.57592
8.47983
8.44812
8.41904
8.46291
8.42094
8.41117
8.43716
8.71301
8.4331
8.4269
8.50487
8.41904
8.41093
8.42404
8.74877
8.49795
8.4362
8.41618
8.48508
8.46004
8.41308
8.45504
8.61907
8.48103
8.47888
8.49295
8.54707
8.46815
8.45695
8.40998
8.641
8.40187
8.69417
8.51202
8.48293
8.47197
8.42404
8.40497
8.51202
8.45098
8.42404
8.3909
8.5721
8.42619
8.56519
8.43811
8.46195
8.39901
8.49009
8.5299
8.69799
8.55589
8.44908
8.48389
8.46291
8.46004
8.48985
8.48103
8.65197
8.54301
8.4641
8.38184
8.51512
8.55923
8.44812
8.42381
8.59499
8.52609
8.55398
8.51417
8.43287
8.5299
8.64792
8.44598
8.41212
8.55303
8.641
8.48699
8.45194
8.44002
8.41904
8.42595
8.52799
8.51583
8.52799
8.43501
8.53395
8.37302
8.55494
8.56304
8.50296
8.4579
8.47387
8.63099
8.41308
8.62312
8.53205
8.47316
8.51703
8.52013
8.47793
8.50701
8.42285
8.59904
8.53395
8.46791
8.77404
8.44789
8.37493
8.61502
8.46601
8.48985
8.51202
8.46601
8.49414
8.45504
8.59308
8.53801
8.44693
8.53801
8.49605
8.48699
8.4579
8.41808
8.636
8.45098
8.54993
8.47411
8.41498
8.55708
8.60405
8.42786
8.66294
8.49199
8.50701
8.52108
8.58378
8.6081
8.53086
8.48603
8.40187
8.54588
8.64387
8.50606
8.48985
8.461
8.40688
8.49605
8.46982
8.4672
8.43906
8.42094
8.50487
8.51202
8.58808
8.48103
8.56304
8.57306
8.45194
8.54492
8.47912
8.51703
8.62193
8.51989
8.45814
8.41498
8.44002
8.46601
8.43596
8.38089
8.61001
8.42595
8.74281
8.44812
8.50892
8.43883
8.49199
8.39901
8.45504
8.57401
8.45814
8.54087
8.52108
8.38113
8.55899
8.45695
8.55494
8.497
8.47316
8.41284
8.41594
8.46291
8.42714
8.51607
8.51297
8.55398
8.55088
8.51917
8.47793
8.57997
8.4939
8.44193
8.48699
8.4691
8.40521
8.53205
8.57592
8.53515
8.8048
8.59404
8.50201
8.53586
8.51488
8.47912
8.44502
8.40116
8.46815
8.53205
8.49509
8.49319
8.4579
8.44288
8.44216
8.43501
8.45504
8.49104
8.50296
8.43906
8.52394
8.61001
8.54278
8.43596
8.42714
8.54182
8.39996
8.45504
8.73685
8.42094
8.605
8.41594
8.44598
8.62002
8.46195
8.48389
8.5299
8.48007
8.48198
8.49295
8.5361
8.49199
8.45695
8.48794
8.45194
8.4331
8.64196
8.64291
8.58784
8.52704
8.48413
8.53419
8.44812
8.43978
8.62598
8.42595
8.49509
8.44216
8.68297
8.5361
8.48389
8.43906
8.44979
8.46505
8.45599
8.45695
8.41284
8.43096
8.46195
8.48293
8.6751
8.51893
8.44502
8.49295
8.46505
8.49414
8.52919
8.38995
8.45313
8.57186
8.50797
8.3921
8.46696
8.56185
8.46505
8.46791
8.43096
8.5299
8.55613
8.93903
8.57401
8.56113
8.54611
8.44598
8.41713
8.3909
8.47507
8.54301
8.49509
8.40187
8.43906
8.39496
8.47411
8.52585
8.46314
8.51607
8.50296
8.44312
8.63409
8.73899
8.51989
8.43
8.40902
8.48317
8.65221
8.47411
8.41284
8.59499
8.51297
8.44908
8.44097
8.43596
8.46004
8.51798
8.44288
8.42905
8.43787
8.43716
8.46601
8.58283
8.61406
8.50296
8.59618
8.47507
8.49891
8.50892
8.38709
8.49295
8.47292
8.45408
8.68082
8.4641
8.4722
8.55184
8.43
8.43692
8.44407
8.51822
8.43501
8.46505
8.65102
8.6
8.569
8.40592
8.48103
8.57997
8.69489
8.497
8.40998
8.55684
8.3909
8.50296
8.55398
8.46791
8.46195
8.47602
8.57592
8.4281
8.55279
8.57711
8.42285
8.46601
8.55708
8.45504
8.41689
8.42094
8.44407
8.53801
8.71301
8.46195
8.533
8.5721
8.5361
8.44693
8.57902
8.46791
8.45003
8.497
8.44789
8.52704
8.50606
8.76808
8.54015
8.6031
8.45885
8.5361
8.50582
8.54397
8.42595
8.50105
8.6019
8.43787
8.54921
8.50701
8.46791
8.58903
8.54015
8.45003
8.44693
8.43596
8.71301
8.42595
8.56185
8.49605
8.42881
8.36897
8.43596
8.497
8.47793
8.40807
8.67701
8.49605
8.41784
8.64005
8.48293
8.54897
8.65602
8.38208
8.4219
8.47101
8.5721
8.54111
8.55803
8.57615
8.52895
8.53491
8.44383
8.51011
8.42619
8.42404
8.48913
8.59499
8.45909
8.48603
8.41498
8.59904
8.58307
8.54087
8.44693
8.44693
8.49414
8.50606
8.64506
8.41498
8.48103
8.45599
8.66008
8.48913
8.36492
8.71992
8.48508
8.40116
8.51178
8.57806
8.60786
8.69012
8.48985
8.55112
8.48603
8.48794
8.53801
8.4939
8.52203
8.40497
8.40306
8.85987
8.4641
8.43883
8.48818
8.43716
8.52108
8.41999
8.50892
8.44908
8.46314
8.51893
8.40497
8.53586
8.46696
8.41093
8.46291
8.72111
8.48508
8.54516
8.54897
8.43501
8.47006
8.44884
8.43906
8.40807
8.50105
8.41689
8.75902
8.461
8.53014
8.49009
8.425
8.43191
8.40616
8.50987
8.44789
8.41713
8.37302
8.55803
8.55589
8.44598
8.41594
8.62002
8.55994
8.49795
8.4281
8.45408
8.44383
8.51607
8.68106
8.77118
8.44002
8.44097
8.4939
8.52609
8.42094
8.73995
8.53491
8.45408
8.48198
8.43406
8.48508
8.51297
8.41689
8.57592
8.4331
8.56209
8.54897
8.59785
8.45695
8.46195
8.41808
8.43096
8.50487
8.62312
8.59284
8.55613
8.51703
8.64005
8.72278
8.54802
8.44288
8.41498
8.73303
8.60095
8.47793
8.62789
8.46386
8.56113
8.43406
8.53515
8.41403
8.69799
8.39305
8.61883
8.41594
8.44407
8.46386
8.60596
8.48699
8.47507
8.47101
8.53205
8.49509
8.62813
8.56781
8.63314
8.44908
8.43406
8.48103
8.68106
8.46481
8.47912
8.74496
8.52919
8.44908
8.4939
8.45814
8.51107
8.46004
8.53705
8.47197
8.61287
8.47912
8.55303
8.46696
8.44407
8.48985
8.66508
8.47197
8.4579
8.4219
8.40497
8.5721
8.46291
8.58593
8.68797
8.40306
8.63791
8.49986
8.49414
8.46815
8.50821
8.54111
8.42285
8.54897
8.48413
8.43787
8.44502
8.42094
8.49891
8.44193
8.59809
8.60095
8.56495
8.45289
8.39901
8.48889
