17.992
17.9229
17.9489
17.93
17.8869
17.9589
17.9238
17.9429
18.0042
17.947
17.9272
17.93
17.9062
17.9379
17.9188
17.9579
18.038
17.9319
17.9579
17.9298
17.962
17.94
17.9601
17.936
17.9429
17.9241
17.9191
17.9081
17.9811
17.931
17.9451
17.9219
17.941
17.91
17.967
17.931
17.9601
17.9179
17.8962
17.9021
17.911
17.971
17.94
17.8988
17.931
17.942
17.9379
17.915
17.9701
17.9431
17.904
17.9482
17.9141
17.9892
17.9579
17.9498
17.9439
17.9501
17.904
17.9429
17.9
17.9801
17.9341
17.9601
17.9489
17.9679
17.961
17.9441
17.966
17.9541
17.9131
17.8921
17.9679
17.9129
17.9379
17.982
17.977
17.941
17.957
17.9501
17.9
17.9551
17.915
17.9191
17.9191
17.946
17.9758
17.9758
17.9558
17.951
17.962
17.9279
17.9691
17.9639
17.9141
17.9651
17.9729
17.9069
17.961
17.977
17.9081
17.9369
17.946
17.9889
17.951
17.9589
17.9398
17.8888
17.971
17.967
17.966
17.9029
17.9501
17.9589
17.9679
17.92
17.9851
17.9172
17.9231
17.971
17.9369
17.9782
17.967
17.9472
17.9529
17.9749
17.925
17.931
17.972
17.9489
17.9281
17.9691
17.966
17.952
17.9331
17.8959
17.9629
17.9632
17.9269
17.9281
17.9601
17.94
17.9582
17.952
17.9422
17.9551
17.9389
17.976
17.9629
17.9431
17.9591
17.936
17.9758
17.905
17.9551
17.971
17.9381
17.9269
17.8931
17.899
17.9791
17.966
17.8909
17.972
17.8881
17.956
17.9679
17.961
17.9799
17.905
17.8809
18.0001
17.9319
17.9179
17.977
17.9269
17.9191
17.879
17.9658
17.9129
17.935
17.884
17.9021
17.9379
17.8938
17.9579
17.9729
17.9839
17.8981
17.931
17.9701
17.9372
17.9491
18.0099
17.9999
17.9129
17.9491
18.0001
17.9319
17.9119
17.9002
17.9729
17.9341
17.911
17.9479
17.977
17.9639
17.8452
17.858
17.926
17.966
17.869
17.92
17.936
17.8449
17.961
17.9639
17.8988
17.9589
17.9641
17.966
17.874
17.9701
17.961
17.9911
17.9501
17.9291
17.94
17.9501
17.9482
17.9019
17.926
17.9169
17.931
17.9541
17.9551
17.94
17.966
17.9112
17.9601
17.9341
17.9479
17.9338
17.9229
17.91
17.9169
17.926
17.987
17.956
17.9601
17.946
17.9241
17.9181
17.9291
17.9629
17.9119
17.9181
17.8959
17.977
17.935
18.0628
17.961
17.9529
17.9598
17.9212
17.951
17.93
17.9782
17.9169
17.952
17.9629
17.9379
17.9081
17.9701
17.869
17.9071
17.9479
17.9222
17.962
17.9501
17.911
17.9529
17.946
17.9429
17.91
17.9079
17.967
17.9179
17.9808
17.9739
17.9601
17.93
17.926
17.946
17.838
17.909
17.9701
17.9732
17.92
17.916
17.9691
17.925
17.9651
17.94
17.9341
17.921
17.93
17.9658
17.915
17.9219
18.0151
17.9629
17.9648
17.8878
17.9439
17.9541
17.9501
17.9501
17.9551
17.952
17.9322
17.909
17.947
18.003
17.915
17.997
17.9579
17.916
17.9169
17.8571
17.9522
17.9379
17.9639
17.951
17.936
17.9429
17.971
17.9529
17.9811
17.9319
17.9498
17.983
17.961
17.9188
17.9842
17.9451
17.9381
17.9069
17.9288
17.935
17.942
17.9491
17.957
17.9329
17.9
17.9641
17.972
17.9529
17.967
17.9069
17.9691
17.9839
17.9088
17.9682
17.926
17.9591
17.9579
17.8878
17.9749
17.8988
17.8978
17.926
17.9429
17.9439
17.9422
17.925
17.977
17.9381
17.9291
17.9479
17.9369
17.909
17.9021
17.947
17.9601
17.9451
17.9482
17.915
17.9319
17.9169
17.909
17.9582
17.935
17.9751
17.9541
17.9069
17.935
17.93
17.9541
17.9629
17.9219
17.9782
17.9319
17.9751
17.9641
17.915
17.9491
17.946
17.9541
17.9849
17.9439
17.971
17.875
17.9541
17.889
17.9241
17.9601
17.925
17.9949
17.9601
17.9291
17.9071
17.9579
17.9801
17.9601
17.9532
17.9889
17.9689
17.946
17.9591
17.9961
17.9079
17.9889
17.9369
17.8909
17.9319
17.9629
17.92
17.921
17.9789
17.957
17.9319
17.9591
17.9031
17.8919
17.9648
17.9491
17.9641
17.911
17.9172
17.9629
17.941
17.956
17.9031
17.905
17.9589
17.9648
17.9069
17.9598
18.0049
17.9422
17.8709
17.976
17.9632
17.966
17.967
17.9451
17.884
17.915
17.931
17.9
17.8971
17.956
17.982
17.9441
17.9601
17.9279
17.889
17.935
17.905
17.9341
17.9942
17.951
17.9791
17.9842
17.921
17.961
17.9172
17.9899
17.936
17.906
17.9448
17.9539
17.962
17.905
17.9451
17.9482
17.9269
17.9021
17.9331
17.947
17.9281
17.9269
17.9939
17.966
17.9739
17.895
17.9441
17.9641
17.9431
17.9739
17.9238
17.91
17.951
17.9689
17.9229
17.9431
17.9589
17.9598
17.9498
17.9698
17.9601
17.978
17.9431
17.935
17.931
17.9121
17.9338
17.925
17.9191
17.9479
17.9641
18.0051
17.9169
17.9582
17.9379
17.957
17.9629
17.9389
17.9472
17.9338
17.9348
17.9648
17.9381
17.9451
17.823
17.8981
18.0311
17.9229
17.9079
17.952
17.935
17.9629
17.8959
17.9501
17.9381
17.9651
17.9589
17.9589
17.9551
17.9319
17.9319
17.9641
17.9279
17.9038
17.9451
17.9811
17.9479
17.951
17.91
17.925
17.982
17.935
17.9069
17.967
17.9319
17.936
17.9391
17.869
17.957
17.9229
17.9348
17.906
17.971
17.9012
17.9451
17.9079
17.957
17.9539
17.8919
17.884
17.9672
17.9808
17.9398
17.9369
17.9369
17.956
17.942
17.9689
17.9121
17.9679
17.9851
17.9482
17.9391
17.94
17.9489
17.9451
17.956
17.9949
17.9758
17.952
17.925
17.9441
17.916
17.8871
17.9601
17.9429
17.941
17.9
17.9169
17.9009
17.9839
17.9749
17.9331
17.935
17.931
17.905
17.936
17.915
17.9729
17.9501
17.9739
17.9422
17.88
17.9181
17.9901
17.9141
17.9529
17.9858
17.976
17.94
17.9579
17.966
17.915
17.93
17.962
17.947
17.9389
17.9279
17.935
17.906
17.9801
17.9589
17.9398
17.946
17.9811
17.9391
17.946
17.9281
17.962
17.9341
17.9281
17.961
17.899
17.9
17.9369
17.9739
17.92
17.9629
17.9791
17.9799
17.972
17.9749
17.93
17.9069
17.8878
17.942
17.916
17.909
17.9598
17.966
17.905
17.92
17.9319
17.9179
17.899
17.91
17.9579
17.9329
17.8878
17.9682
17.9229
17.947
17.9551
17.91
17.947
17.9529
17.931
17.931
17.9679
17.915
17.9141
17.951
17.936
17.9949
17.9639
17.93
17.9491
17.9391
17.983
17.9281
17.9691
17.909
17.8931
17.9269
17.9379
17.9491
17.915
17.987
17.935
17.941
17.879
17.9541
17.92
17.9429
17.961
17.972
17.951
17.982
17.9088
17.951
17.9679
17.966
17.9791
17.947
17.9472
17.9551
17.9691
17.9429
17.946
17.957
17.899
17.92
17.9539
17.9701
17.9441
17.926
17.956
17.9391
17.966
17.966
17.947
17.9482
17.9429
17.946
17.9
17.9
17.905
17.976
17.9489
17.93
17.9129
17.9639
17.8461
17.9541
17.823
17.9632
17.9839
17.988
17.9639
17.9429
17.983
17.976
17.9739
17.9911
17.9272
17.9679
17.9491
17.9181
17.8921
17.909
17.905
17.9071
17.9
17.992
17.947
17.9379
17.9651
17.9579
17.9369
17.9451
17.915
17.9341
17.9329
17.956
17.947
17.9579
17.9191
17.906
17.957
17.982
17.9369
17.9379
17.9541
17.9381
17.9648
17.941
17.925
17.9651
17.966
17.9691
17.956
17.941
17.9501
17.993
17.9219
17.94
17.9231
17.91
17.9
17.935
17.966
17.941
17.988
17.9791
17.9541
17.9079
17.9479
17.9272
17.8821
17.921
17.9791
17.9648
17.9238
17.9229
17.935
17.947
17.8671
17.92
17.9648
17.956
17.9248
17.9429
17.961
18.0001
17.9951
17.946
17.9391
17.9279
17.9648
17.9389
17.916
17.9291
17.9
17.916
17.967
17.9551
17.9279
17.8699
17.9729
17.9789
17.9389
17.9451
17.9939
17.9291
17.9541
17.9439
17.9439
17.982
17.9341
17.9751
17.89
17.8831
17.9272
17.9689
17.9298
17.9579
17.9629
17.916
17.9601
17.941
17.971
17.9129
17.9942
17.962
17.9479
17.925
17.8902
17.936
17.9429
17.93
17.9369
17.956
17.9729
17.9529
17.962
17.9121
17.9439
17.9539
17.951
17.904
17.9369
17.9791
17.889
17.9579
17.9331
17.9601
18.0051
17.94
17.9539
17.9729
17.982
17.921
17.92
17.9451
17.957
17.9892
17.904
17.9529
17.9222
17.9329
17.9658
17.91
17.9601
17.921
17.931
17.9889
17.9451
17.9238
17.8728
17.9369
17.9701
17.935
17.9901
17.9691
17.9639
17.9529
17.9131
17.9009
17.94
17.9529
17.9081
17.9691
17.9391
17.9279
17.9489
17.9682
17.9501
17.925
17.947
18.0342
18.1279
18.049
17.9129
17.946
17.9
17.947
17.9071
17.9801
17.9479
17.9608
17.9689
17.9241
17.9482
17.894
17.9391
17.9551
17.952
17.9682
17.9751
17.9498
17.9629
17.9601
17.8871
17.9238
17.9319
17.9741
17.8881
17.935
17.977
17.9782
17.947
17.91
17.962
17.889
17.967
17.926
17.9448
17.9038
17.9138
17.9219
17.9231
17.916
17.921
17.952
17.9491
17.8802
17.9279
17.936
17.9529
