20.9
15.6538
15.6789
15.6889
15.624
15.6481
15.636
15.7182
15.661
15.6181
15.6279
15.6538
15.6848
15.6782
15.6651
15.6331
15.6519
15.6329
15.686
15.6891
15.6631
15.65
15.6231
15.671
15.6641
15.6951
15.671
15.6808
15.6639
15.6758
15.6338
15.609
15.63
15.682
15.636
15.6341
15.6369
15.6579
15.6431
15.656
15.6889
15.6431
15.6701
15.6121
15.6109
15.6889
15.624
15.6801
15.6152
15.6059
15.656
15.6538
15.63
15.6059
15.6221
15.6279
15.5969
15.6639
15.646
15.6529
15.645
15.64
15.6591
15.6538
15.6589
15.6691
15.6231
15.6169
15.6369
15.6481
15.6689
15.6319
15.6691
15.686
15.6531
15.6569
15.6751
15.6829
15.6929
15.6388
15.636
15.6729
15.6178
15.62
15.6798
15.62
15.6591
15.624
15.6319
15.6269
15.65
15.6851
15.6751
15.66
15.6522
15.6479
15.6879
15.754
15.6691
15.666
15.6898
15.6951
15.6591
15.6479
15.6229
15.6519
15.687
15.64
15.671
15.636
15.661
15.6369
15.61
15.6651
15.6591
15.6519
15.6369
15.6028
15.6908
15.661
15.6891
15.6531
15.682
15.6369
15.6579
15.661
15.6462
15.697
15.6829
15.6498
15.6829
15.62
15.6469
15.5821
15.6221
15.677
15.7068
15.662
15.6791
15.614
15.6951
15.696
15.625
15.641
15.6548
15.65
15.62
15.6281
15.6319
15.6131
15.6119
15.6178
15.677
15.6441
15.6529
15.6848
15.6882
15.6331
15.641
15.6331
15.7011
15.6541
15.7001
15.62
15.64
15.6
15.626
15.676
15.6481
15.645
15.646
15.6102
15.6989
15.6271
15.6989
15.6422
15.681
15.6581
15.6169
15.6381
15.63
15.651
15.66
15.5809
15.6691
15.696
15.651
15.64
15.687
15.6472
15.6519
15.6741
15.6531
15.6438
15.676
15.6169
15.609
15.646
15.6629
15.6438
15.6488
15.6739
15.6732
15.6789
15.65
15.624
15.682
15.667
15.6841
15.605
15.6879
15.6958
15.6479
15.6362
15.6529
15.6999
15.6698
15.6138
15.698
15.6679
15.681
15.6519
15.6591
15.6672
15.6429
15.7192
15.6631
15.6319
15.6512
15.6181
15.646
15.636
15.66
15.677
15.6929
15.6639
15.641
15.6591
15.6491
15.6388
15.6789
15.6441
15.6701
15.662
15.6689
15.6469
15.6801
15.671
15.6531
15.6798
15.651
15.651
15.6398
15.6779
15.6541
15.6269
15.692
15.697
15.6281
15.6839
15.749
15.661
15.6479
15.661
15.6438
15.646
15.6569
15.6229
15.6381
15.662
15.6159
15.6841
15.671
15.636
15.6372
15.609
15.6591
15.6839
15.687
15.65
15.619
15.645
15.6682
15.6691
15.6679
15.6631
15.707
15.626
15.626
15.646
15.635
15.6679
15.6519
15.6312
15.6438
15.6679
15.687
15.681
15.6081
15.6469
15.6469
15.66
15.6372
15.6441
15.6429
15.682
15.6319
15.6591
15.6381
15.66
15.619
15.6269
15.614
15.6739
15.6648
15.6469
15.651
15.646
15.6591
15.6901
15.6729
15.6171
15.6541
15.641
15.6679
15.6622
15.6381
15.6119
15.6579
15.6739
15.6572
15.5768
15.6989
15.6009
15.671
15.6841
15.584
15.6932
15.6429
15.656
15.6231
15.609
15.6231
15.6541
15.6639
15.63
15.641
15.6031
15.6071
15.6331
15.7139
15.626
15.635
15.6798
15.636
15.645
15.7199
15.641
15.6531
15.6479
15.6379
15.687
15.6491
15.6901
15.6829
15.6751
15.681
15.6469
15.615
15.6569
15.6169
15.7051
15.6291
15.6548
15.692
15.672
15.6622
15.6491
15.66
15.641
15.6062
15.6519
15.66
15.6589
15.676
15.6059
15.6472
15.667
15.6109
15.5981
15.6682
15.6479
15.626
15.712
15.65
15.6519
15.717
15.6231
15.6541
15.6319
15.666
15.6939
15.6548
15.6388
15.6229
15.6589
15.676
15.6529
15.6429
15.656
15.6
15.6682
15.6779
15.6391
15.661
15.6648
15.6679
15.6512
15.63
15.6431
15.703
15.641
15.6889
15.703
15.6748
15.65
15.66
15.6331
15.615
15.6832
15.6209
15.6622
15.6229
15.6689
15.66
15.6288
15.6519
15.6431
15.6109
15.61
15.6488
15.6159
15.696
15.6891
15.6751
15.6569
15.6481
15.666
15.6879
15.6929
15.656
15.6579
15.6431
15.62
15.6682
15.6519
15.6019
15.6481
15.692
15.6391
15.6631
15.6841
15.6479
15.6369
15.667
15.717
15.6739
15.6231
15.6851
15.651
15.6732
15.604
15.6529
15.6479
15.651
15.6579
15.6381
15.6419
15.631
15.661
15.62
15.6441
15.6751
15.6341
15.6701
15.6829
15.662
15.636
15.636
15.599
15.614
15.6422
15.63
15.6262
15.692
15.6522
15.636
15.6372
15.6479
15.666
15.6329
15.6341
15.6379
15.646
15.6178
15.6419
15.66
15.6651
15.6841
15.6419
15.6481
15.676
15.6221
15.6469
15.696
15.646
15.7239
15.6779
15.702
15.6291
15.6169
15.6231
15.655
15.6391
15.6291
15.6541
15.641
15.6412
15.672
15.7242
15.6469
15.631
15.6579
15.6131
15.6541
15.7132
15.6209
15.6829
15.5828
15.661
15.6219
15.64
15.6631
15.651
15.6591
15.6181
15.645
15.66
15.6541
15.65
15.6851
15.6372
15.6009
15.655
15.619
15.6701
15.6631
15.656
15.65
15.6372
15.6171
15.6128
15.662
15.64
15.6641
15.6431
15.6901
15.631
15.6891
15.662
15.6469
15.681
15.656
15.6491
15.6319
15.655
15.681
15.676
15.702
15.6329
15.6729
15.6541
15.7032
15.676
15.698
15.6622
15.661
15.645
15.6581
15.691
15.65
15.6081
15.6791
15.666
15.651
15.686
15.6641
15.615
15.6279
15.6288
15.6219
15.672
15.6469
15.6741
15.6441
15.65
15.6729
15.6019
15.6088
15.6529
15.6882
15.6701
15.6341
15.6691
15.6379
15.6419
15.6782
15.6219
15.667
15.656
15.63
15.6651
15.6019
15.6791
15.682
15.6322
15.6691
15.697
15.6741
15.6441
15.6429
15.672
15.609
15.6221
15.692
15.6231
15.645
15.6379
15.666
15.6569
15.6682
15.6801
15.6779
15.656
15.6419
15.6469
15.672
15.6221
15.6231
15.662
15.6672
15.595
15.7051
15.6281
15.6929
15.646
15.662
15.6221
15.646
15.6841
15.6751
15.6341
15.614
15.6431
15.677
15.66
15.6729
15.651
15.604
15.6441
15.671
15.676
15.641
15.6419
15.6569
15.6338
15.671
15.6529
15.681
15.708
15.696
15.6701
15.6519
15.641
15.6679
15.609
15.7979
15.8141
15.64
15.6422
15.6701
15.672
15.646
15.6879
15.646
15.599
15.6529
15.6431
15.6951
15.687
15.66
15.6782
15.6541
15.63
15.6369
15.6481
15.6569
15.6648
15.6291
15.599
15.6729
15.624
15.6229
15.6238
15.6689
15.687
15.6519
15.6231
15.636
15.64
15.651
15.666
15.6519
15.6832
15.6279
15.6589
15.6481
15.635
15.661
15.6591
15.6472
15.63
15.6591
15.687
15.672
15.6329
15.6608
15.6479
15.64
15.615
15.671
15.6279
15.666
15.6519
15.6841
15.6469
15.723
15.6529
15.6682
15.6209
15.6648
15.7118
15.692
15.6431
15.6209
15.6181
15.666
15.61
15.6589
15.6839
15.6851
15.6112
15.6379
15.655
15.7089
15.661
15.6591
15.6779
15.656
15.631
15.667
15.6772
15.7099
15.7008
15.6059
15.6631
15.6829
15.6219
15.7011
15.6531
15.6269
15.6791
15.7061
15.6441
15.6221
15.671
15.5952
15.6729
15.6629
15.698
15.6751
15.697
15.656
15.605
15.64
15.6209
15.6589
15.651
15.6019
15.6538
15.708
15.6391
15.63
15.6381
15.6879
15.6741
15.6701
15.6579
15.7039
15.6791
15.66
15.6901
15.6329
15.6829
15.667
15.6651
15.6848
15.6908
15.656
15.6779
15.7108
15.6639
15.6331
15.6791
15.6081
15.6929
15.6991
15.64
15.676
15.6331
15.589
15.6322
15.6829
15.6672
15.6589
15.6159
15.6491
15.677
15.6481
15.6491
15.646
15.6381
15.6531
15.651
15.6388
15.6858
15.7089
15.6791
15.671
15.6631
15.708
15.615
15.656
15.6209
15.6548
15.651
15.6541
15.6839
15.636
15.712
15.661
15.6651
15.6491
15.578
15.6391
15.6891
15.686
15.645
15.6271
15.6279
15.6529
15.6078
15.7032
15.6322
15.646
15.6801
15.6629
15.6479
15.6758
15.6369
15.6791
15.6431
15.6479
15.635
15.6
15.651
15.6572
15.676
15.6791
15.635
15.6851
15.6829
15.6991
15.614
15.6379
15.6529
15.6598
15.7189
15.662
15.631
15.671
15.6338
15.676
15.6131
15.6519
15.568
15.595
15.6469
15.6541
15.651
15.676
15.6798
15.6858
15.6
15.64
15.6531
15.65
15.64
15.6801
15.6288
15.6801
15.6758
15.7061
15.6519
15.64
15.65
15.6832
15.6641
15.6589
15.671
15.7099
15.6798
15.666
15.682
15.646
15.6629
15.656
15.6462
15.6209
15.692
15.6229
15.6219
15.698
15.6729
15.6391
15.625
15.6498
15.671
15.681
15.6441
15.667
15.687
15.645
15.6708
15.655
15.6169
15.6739
15.6431
15.661
15.65
15.7218
15.7399
15.6779
15.6701
15.676
15.6531
15.671
15.6801
15.66
15.6891
15.609
15.6689
15.62
15.6801
15.655
15.6209
15.6598
15.6062
15.6879
15.64
15.6438
15.6479
15.6951
15.64
15.6171
15.656
15.6782
15.682
15.718
15.6689
15.656
15.6648
15.6999
15.6939
15.681
15.671
15.6672
15.641
15.6469
15.6631
