5.75399
5.70893
5.70202
5.69797
5.69797
5.70893
5.73993
5.70393
5.72109
5.69415
5.72181
5.70917
5.71799
5.68795
5.68914
5.68509
5.69797
5.70393
5.68986
5.71203
5.69582
5.75995
5.74398
5.75495
5.75209
5.67508
5.7199
5.67698
5.75209
5.71585
5.68914
5.69916
5.71108
5.67508
5.77021
5.6951
5.70107
5.69701
5.70488
5.68604
5.69892
5.69105
5.73421
5.69415
5.69105
5.70393
5.75209
5.71418
5.70011
5.7199
5.71084
5.69701
5.71203
5.723
5.68509
5.70011
5.70393
5.74708
5.71108
5.70011
5.71299
5.72085
5.72896
5.73897
5.723
5.70297
5.69201
5.69105
5.70393
5.71895
5.7559
5.69797
5.72801
5.70107
5.74088
5.68604
5.6839
5.70703
5.70083
5.70512
5.71108
5.69391
5.72395
5.70202
5.67794
5.6982
5.70011
5.69201
5.68604
5.7199
5.7261
5.71895
5.70083
5.69105
5.67889
5.71084
5.70202
5.69606
5.70107
5.74589
5.72109
5.70703
5.73897
5.72395
5.68104
5.69081
5.71108
5.70488
5.70297
5.71203
5.72109
5.69487
5.71203
5.71489
5.68604
5.69892
5.70703
5.71108
5.71799
5.69105
5.71299
5.72395
5.67603
5.73301
5.74994
5.6982
5.79715
5.73707
5.74398
5.69892
5.70798
5.6951
5.71823
5.72014
5.71704
5.67698
5.759
5.69296
5.6839
5.70488
5.70798
5.67508
5.75304
5.723
5.71299
5.74398
5.71609
5.73397
5.69892
5.69487
5.72491
5.71012
5.71513
5.69701
5.69987
5.70917
5.71513
5.74183
5.72205
5.71585
5.723
5.71299
5.74803
5.72705
5.73206
5.70703
5.68318
5.71918
5.71704
5.68604
5.71084
5.70798
5.68509
5.70416
5.6932
5.70107
5.71585
5.73206
5.72896
5.71585
5.74803
5.72896
5.74279
5.6951
5.74279
5.6951
5.69677
5.69606
5.70202
5.74398
5.7292
5.72205
5.7199
5.70202
5.70107
5.69916
5.70798
5.68604
5.72109
5.70107
5.687
5.67102
5.73111
5.69391
5.73301
5.7199
5.67794
5.70989
5.74398
5.73397
5.71609
5.74303
5.71394
5.72896
5.70607
5.71108
5.71203
5.68509
5.69296
5.70297
5.71799
5.6951
5.71513
5.69487
5.70893
5.7199
5.70202
5.71299
5.71585
5.72801
5.72395
5.74899
5.70202
5.70416
5.73301
5.6901
5.71823
5.71203
5.69797
5.70893
5.71394
5.70893
5.70798
5.71609
5.68199
5.67603
5.69797
5.70393
5.68604
5.69105
5.69892
5.67198
5.70607
5.68891
5.72085
5.72014
5.72705
5.70607
5.70607
5.70583
5.72181
5.71895
5.71203
5.75089
5.70798
5.72991
5.7261
5.74112
5.70083
5.69201
5.70202
5.69987
5.70297
5.69892
5.70798
5.70416
5.70989
5.71203
5.72205
5.68008
5.72705
5.68891
5.71394
5.72395
5.69892
5.72014
5.70512
5.70297
5.72586
5.70512
5.7292
5.73611
5.72181
5.70011
5.69415
5.69081
5.69201
5.66888
5.71394
5.69296
5.6951
5.66697
5.71704
5.71108
5.69987
5.71895
5.72205
5.74517
5.71203
5.72395
5.69105
5.69487
5.70297
5.71609
5.72801
5.69797
5.72395
5.69892
5.70512
5.70297
5.69892
5.71609
5.70679
5.7261
5.71084
5.73492
5.67603
5.67293
5.73587
5.70703
5.71489
5.71418
5.71108
5.69892
5.70607
5.70011
5.7478
5.70297
5.69701
5.71799
5.70488
5.70488
5.7261
5.73087
5.6901
5.72205
5.70393
5.72705
5.71108
5.7199
5.68604
5.69701
5.72109
5.73301
5.70703
5.76305
5.70202
5.74207
5.6951
5.70583
5.70107
5.687
5.71012
5.69201
5.68819
5.72515
5.71513
5.69987
5.70393
5.72014
5.69701
5.68104
5.6951
5.73802
5.7292
5.72014
5.73802
5.70107
5.70488
5.72014
5.71585
5.68795
5.71704
5.71179
5.68199
5.68891
5.6901
5.67412
5.6901
5.69701
5.70822
5.69296
5.72801
5.7621
5.70703
5.72991
5.72801
5.70297
5.70893
5.69582
5.69606
5.68986
5.71012
5.69201
5.72014
5.70011
5.70202
5.72181
5.68795
5.71704
5.73182
5.69415
5.69606
5.69701
5.72085
5.72205
5.70297
5.69701
5.70893
5.73611
5.6839
5.70798
5.71108
5.66792
5.69701
5.66792
5.69582
5.69701
5.71489
5.73611
5.73516
5.73802
5.70393
5.71394
5.74088
5.67412
5.69415
5.72181
5.71299
5.69606
5.7199
5.71585
5.69391
5.71299
5.68485
5.71203
5.69701
5.70083
5.73897
5.71108
5.70512
5.72586
5.70202
5.723
5.68604
5.68891
5.71299
5.723
5.69081
5.73111
5.69081
5.70297
5.71299
5.72586
5.70416
5.69606
5.69201
5.69105
5.70297
5.72801
5.73897
5.70416
5.72181
5.66912
5.70822
5.71799
5.71108
5.69701
5.70512
5.72681
5.70893
5.70202
5.71895
5.74183
5.71799
5.67889
5.66792
5.70011
5.68819
5.73111
5.70703
5.723
5.69296
5.70107
5.70703
5.73611
5.70011
5.71299
5.71084
5.71299
5.71299
5.70488
5.72395
5.72014
5.71799
5.69892
5.73707
5.75185
5.69296
5.71895
5.69606
5.70393
5.723
5.68914
5.68199
5.7261
5.68485
5.73206
5.71299
5.71203
5.73993
5.7621
5.70798
5.71513
5.69105
5.71394
5.70583
5.70607
5.68986
5.68295
5.73897
5.71203
5.70989
5.69797
5.723
5.68199
5.69415
5.67794
5.74589
5.76806
5.71918
5.70607
5.71704
5.71084
5.72491
5.70297
5.70297
5.71299
5.71394
5.74303
5.70512
5.70798
5.73087
5.74207
5.71203
5.73707
5.74684
5.6901
5.72681
5.69892
5.72109
5.73421
5.72705
5.69105
5.71299
5.73897
5.69797
5.68104
5.73087
5.70607
5.69415
5.68914
5.70083
5.68795
5.68795
5.70393
5.74088
5.70917
5.68008
5.71704
5.71203
5.70393
5.70893
5.69701
5.70107
5.7292
5.72801
5.70202
5.70202
5.70321
5.70107
5.69606
5.6951
5.72205
5.71299
5.69606
5.74398
5.70607
5.70703
5.70798
5.70703
5.69105
5.73301
5.6901
5.68008
5.72705
5.70202
5.73301
5.75686
5.71513
5.69677
5.70202
5.70297
5.72801
5.68986
5.72109
5.69415
5.73516
5.73421
5.71394
5.74493
5.70202
5.71108
5.71895
5.70893
5.70703
5.72491
5.70989
5.70798
5.70202
5.70488
5.71084
5.68914
5.73206
5.70703
5.72419
5.70416
5.70512
5.75185
5.68295
5.72109
5.70202
5.70297
5.73802
5.7261
5.73778
5.70512
5.70297
5.70011
5.71704
5.68986
5.71394
5.76806
5.69582
5.72705
5.69487
5.71108
5.66387
5.71799
5.70607
5.69415
5.687
5.69916
5.72109
5.73397
5.67603
5.70703
5.70798
5.71012
5.70297
5.73611
5.69296
5.72085
5.70703
5.70703
5.67412
5.71084
5.71012
5.70607
5.73301
5.69081
5.70011
5.687
5.7261
5.70583
5.69892
5.70703
5.70989
5.69296
5.71609
5.67913
5.72896
5.74088
5.72205
5.70107
5.72395
5.7199
5.6901
5.70679
5.70107
5.72085
5.70798
5.71108
5.71108
5.73492
5.71895
5.73587
5.73111
5.71489
5.69701
5.70512
5.70202
5.71299
5.75304
5.71918
5.70607
5.71799
5.69296
5.72681
5.74613
5.71609
5.71084
5.69296
5.72705
5.70393
5.687
5.75089
5.70703
5.70893
5.70703
5.69701
5.69606
5.71585
5.70107
5.69487
5.73111
5.74112
5.76687
5.69391
5.73897
5.74112
5.70107
5.69892
5.723
5.68986
5.70107
5.72181
5.73897
5.73611
5.70416
5.73683
5.71895
5.69296
5.68509
5.71513
5.71489
5.71704
5.76019
5.70917
5.71918
5.72705
5.70393
5.70202
5.71489
5.69105
5.68604
5.72109
5.70607
5.72491
5.69606
5.69987
5.72109
5.6982
5.74589
5.71704
5.68318
5.69606
5.68295
5.69201
5.75089
5.70893
5.70393
5.70512
5.71203
5.7559
5.69201
5.69201
5.70202
5.72205
5.77784
5.71108
5.70989
5.68891
5.69606
5.74899
5.69201
5.69606
5.72491
5.70488
5.72705
5.68295
5.69987
5.70107
5.6839
5.70393
5.70703
5.67889
5.70488
5.69701
5.70679
5.70416
5.70011
5.68008
5.72801
5.7261
5.70798
5.69201
5.73206
5.75686
5.70607
5.70798
5.70011
5.69797
5.68986
5.71394
5.70798
5.73897
5.71394
5.71394
5.68604
5.68795
5.69415
5.72085
5.70107
5.69487
5.70989
5.74708
5.687
5.73897
5.70512
5.69201
5.68295
5.70202
5.74398
5.72991
5.72491
5.71108
5.71012
5.69201
5.69606
5.6901
5.72014
5.69606
5.70011
5.76401
5.6901
5.75614
5.68199
5.71609
5.71418
5.72515
5.723
5.70488
5.687
5.73182
5.73611
5.72109
5.70297
5.71299
5.71609
5.71609
5.70703
5.72109
5.72705
5.71895
5.69391
5.6901
5.687
5.73516
5.70202
5.73397
5.70488
5.71704
5.70107
5.72395
5.73587
5.72109
5.71012
5.71895
5.71799
5.70583
5.69797
5.69105
5.72801
5.72205
5.69701
5.70512
5.69201
5.70107
5.75686
5.723
5.72991
5.73492
5.71299
5.72395
5.73611
5.69606
5.6839
5.70202
5.70297
5.71299
5.71704
5.69391
5.70798
5.72991
5.73921
5.73516
5.71203
5.73492
5.70893
5.71012
5.73301
5.71704
5.723
5.73182
5.68891
5.71012
5.71394
5.69797
5.71203
5.6951
5.69892
5.69797
5.71918
5.73111
5.68891
5.73111
5.69296
5.70917
5.74112
5.71799
5.70011
5.723
5.71513
5.71799
5.68318
5.70202
5.71203
5.72801
5.72515
5.723
5.70798
5.69105
5.70083
5.69391
5.74994
5.70416
5.72014
5.69701
5.70107
5.69582
5.73492
5.70917
5.71203
5.70202
5.687
5.69606
5.73993
5.68509
5.70011
5.69105
5.70011
5.74803
5.72991
5.67412
5.687
5.72681
5.73993
5.67317
5.71609
5.71203
5.74017
5.74613
5.73897
5.69296
5.70893
5.7168
5.70798
5.71108
5.72896
5.76615
5.69391
5.68295
5.70798
5.70488
5.7199
5.68604
5.72586
5.73301
5.69296
