13.562
13.4931
13.4668
13.5269
13.4869
13.4292
13.4799
13.489
13.4211
13.4621
13.438
13.4292
13.4649
13.52
13.504
13.519
13.5012
13.4959
13.4592
13.474
13.447
13.489
13.5128
13.5138
13.5059
13.479
13.4718
13.514
13.4809
13.4699
13.5379
13.5128
13.5119
13.52
13.454
13.4919
13.4761
13.4971
13.5
13.4819
13.4881
13.4819
13.4878
13.4079
13.4711
13.4981
13.4451
13.4921
13.489
13.4671
13.4859
13.4931
13.4561
13.5331
13.4931
13.4881
13.484
13.53
13.5159
13.4549
13.4909
13.4451
13.4881
13.5
13.4809
13.4959
13.459
13.5591
13.5162
13.5031
13.4931
13.4449
13.4919
13.4652
13.51
13.49
13.505
13.5128
13.5312
13.4511
13.536
13.4652
13.5241
13.478
13.4721
13.495
13.509
13.494
13.4799
13.494
13.4819
13.5179
13.509
13.4718
13.5109
13.453
13.499
13.526
13.49
13.4969
13.4802
13.5059
13.5031
13.5088
13.4721
13.443
13.4702
13.485
13.4649
13.447
13.4809
13.4909
13.4971
13.469
13.5221
13.479
13.5388
13.438
13.4721
13.5131
13.5109
13.4542
13.4969
13.5069
13.4552
13.536
13.4871
13.4761
13.4659
13.4828
13.505
13.4501
13.505
13.5109
13.4821
13.4661
13.4981
13.4401
13.555
13.489
13.8831
13.4561
13.495
13.5052
13.4821
13.454
13.4511
13.5272
13.49
13.478
13.4778
13.4969
13.4778
13.473
13.5028
13.5169
13.5128
13.5009
13.53
13.5422
13.5109
13.536
13.489
13.474
13.499
13.505
13.4981
13.5062
13.5081
13.4859
13.449
13.468
13.5162
13.5
13.4678
13.458
13.526
13.474
13.4699
13.438
13.5019
13.4349
13.4521
13.4521
13.484
13.4959
13.4261
13.505
13.5171
13.5159
13.463
13.509
13.509
13.525
13.5169
13.504
13.5102
13.515
13.474
13.4852
13.458
13.5019
13.4189
13.485
13.4718
13.5009
13.5219
13.4919
13.515
13.483
13.474
13.469
13.5
13.5081
13.4561
13.504
13.454
13.4768
13.5229
13.4962
13.521
13.536
13.469
13.504
13.4311
13.525
13.4919
13.4919
13.5131
13.5031
13.4921
13.459
13.5272
13.4721
13.4571
13.4931
13.494
13.5012
13.49
13.4661
13.4659
13.4659
13.4931
13.4821
13.504
13.5329
13.4501
13.4649
13.428
13.479
13.4752
13.495
13.4981
13.5021
13.473
13.468
13.4971
13.4659
13.4859
13.4659
13.55
13.4959
13.4988
13.473
13.427
13.484
13.4728
13.459
13.453
13.5121
13.468
13.4671
13.525
13.5119
13.555
13.4802
13.489
13.437
13.5031
13.4902
13.4449
13.4799
13.5379
13.4299
13.5028
13.525
13.4928
13.4358
13.504
13.4661
13.5109
13.526
13.4561
13.469
13.4618
13.4761
13.4439
13.4399
13.4602
13.4351
13.453
13.469
13.4611
13.411
13.489
13.4881
13.499
13.4912
13.4449
13.473
13.5
13.521
13.4442
13.474
13.4542
13.509
13.504
13.4552
13.432
13.5081
13.52
13.526
13.428
13.4919
13.4752
13.5031
13.4661
13.5369
13.4912
13.515
13.5031
13.4952
13.4499
13.5131
13.4451
13.4981
13.432
13.505
13.4811
13.485
13.5062
13.519
13.4571
13.49
13.443
13.4451
13.505
13.5131
13.5081
13.5221
13.5159
13.505
13.4971
13.5491
13.4809
13.5088
13.464
13.4411
13.521
13.4611
13.442
13.464
13.5281
13.4771
13.495
13.5169
13.504
13.494
13.4559
13.4761
13.469
13.4828
13.5038
13.4859
13.5081
13.4861
13.463
13.5131
13.484
13.4981
13.3982
13.4668
13.479
13.4621
13.4079
13.5009
13.4339
13.4451
13.5
13.5062
13.468
13.4912
13.5031
13.449
13.4802
13.5159
13.4311
13.4652
13.464
13.4432
13.5019
13.4602
13.5021
13.4759
13.5021
13.4671
13.49
13.4702
13.447
13.51
13.519
13.514
13.536
13.4449
13.504
13.447
13.442
13.494
13.4611
13.4878
13.5069
13.499
13.55
13.519
13.4571
13.5059
13.4242
13.514
13.4771
13.479
13.479
13.4978
13.4869
13.495
13.442
13.4809
13.4711
13.5009
13.5379
13.4621
13.4461
13.4861
13.454
13.453
13.4778
13.4618
13.4978
13.4399
13.4902
13.5179
13.5388
13.4308
13.4528
13.463
13.5269
13.4399
13.442
13.4771
13.4611
13.4671
13.4389
13.5288
13.453
13.478
13.4768
13.4299
13.478
13.505
13.5
13.504
13.4962
13.4799
13.4678
13.4978
13.474
13.454
13.5071
13.4759
13.4768
13.4561
13.5081
13.479
13.4392
13.4919
13.4649
13.459
13.4439
13.474
13.4802
13.495
13.5
13.4549
13.4902
13.4649
13.495
13.4649
13.4931
13.5052
13.459
13.5059
13.4928
13.5128
13.4928
13.454
13.4349
13.499
13.4699
13.479
13.4449
13.5019
13.5162
13.52
13.4761
13.4959
13.509
13.5009
13.51
13.52
13.4811
13.525
13.4552
13.4881
13.4521
13.468
13.5231
13.4871
13.541
13.473
13.485
13.4618
13.4609
13.4559
13.4728
13.521
13.5
13.459
13.4811
13.5241
13.4549
13.5069
13.4549
13.454
13.4809
13.5341
13.478
13.5169
13.4919
13.5379
13.478
13.5369
13.4521
13.4811
13.484
13.5522
13.535
13.505
13.473
13.4978
13.5059
13.489
13.5288
13.4449
13.4971
13.484
13.484
13.4881
13.4568
13.509
13.509
13.4389
13.5112
13.4768
13.4799
13.412
13.4881
13.504
13.495
13.474
13.454
13.5639
13.4768
13.4919
13.5069
13.51
13.4778
13.5119
13.4571
13.4702
13.4919
13.5159
13.4902
13.5279
13.5298
13.4709
13.4869
13.4561
13.4592
13.473
13.5159
13.525
13.4709
13.4652
13.4649
13.427
13.5021
13.484
13.5009
13.5021
13.443
13.4921
13.459
13.423
13.4361
13.494
13.52
13.5272
13.483
13.4809
13.5009
13.4859
13.4718
13.5021
13.4611
13.495
13.4931
13.5171
13.4821
13.4439
13.4912
13.504
13.525
13.4921
13.4151
13.4971
13.505
13.5059
13.4919
13.4621
13.463
13.52
13.459
13.4521
13.4611
13.509
13.483
13.5031
13.5031
13.5121
13.5
13.463
13.4571
13.5241
13.4871
13.4871
13.464
13.4881
13.495
13.469
13.4721
13.4859
13.4439
13.5031
13.515
13.5162
13.4389
13.5179
13.438
13.5119
13.479
13.463
13.5241
13.4411
13.4661
13.4931
13.5369
13.402
13.4702
13.5181
13.4799
13.5119
13.4702
13.5109
13.5031
13.4928
13.4542
13.433
13.505
13.4249
13.5448
13.4919
13.4902
13.4599
13.5031
13.4702
13.458
13.519
13.5021
13.5241
13.464
13.489
13.5062
13.4611
13.49
13.4871
13.4759
13.494
13.489
13.417
13.433
13.4909
13.4602
13.4549
13.468
13.4628
13.5179
13.5069
13.468
13.4909
13.4861
13.494
13.4871
13.479
13.51
13.525
13.4549
13.4728
13.499
13.5028
13.489
13.468
13.4931
13.504
13.4652
13.4809
13.5009
13.489
13.453
13.5078
13.5231
13.53
13.468
13.4571
13.504
13.483
13.474
13.5119
13.458
13.5078
13.4611
13.468
13.5031
13.4859
13.4959
13.4931
13.489
13.4258
13.49
13.509
13.4931
13.4761
13.4771
13.52
13.515
13.519
13.4399
13.4881
13.505
13.54
13.5031
13.5009
13.4571
13.495
13.5641
13.5231
13.5169
13.4871
13.484
13.4611
13.4799
13.4499
13.5131
13.5131
13.485
13.442
13.5009
13.515
13.494
13.5059
13.4959
13.4671
13.5
13.531
13.5059
13.4351
13.5071
13.505
13.4802
13.454
13.4759
13.5231
13.5331
13.504
13.521
13.4912
13.453
13.4919
13.505
13.4799
13.5469
13.4351
13.4292
13.525
13.418
13.4161
13.474
13.443
13.489
13.4361
13.4509
13.459
13.4971
13.5119
13.4511
13.4671
13.453
13.4759
13.4981
13.546
13.479
13.4699
13.5031
13.4802
13.4599
13.521
13.53
13.5231
13.519
13.489
13.5269
13.4718
13.448
13.495
13.5531
13.4439
13.4571
13.453
13.478
13.4459
13.4578
13.4559
13.4499
13.4592
13.453
13.4859
13.495
13.5069
13.4919
13.4521
13.4931
13.4962
13.5109
13.473
13.438
13.4909
13.5119
13.459
13.4549
13.4969
13.5069
13.51
13.463
13.4718
13.4048
13.483
13.4728
13.5031
13.499
13.4809
13.4439
13.4981
13.4881
13.4971
13.453
13.4602
13.464
13.443
13.4959
13.5212
13.514
13.4559
13.459
13.489
13.4768
13.474
13.4909
13.442
13.4721
13.4389
13.526
13.5272
13.4661
13.4649
13.4771
13.509
13.4761
13.489
13.4652
13.469
13.4811
13.4881
13.4931
13.484
13.5231
13.4401
13.4549
13.4518
13.478
13.473
13.443
13.4871
13.515
13.4628
13.5009
13.473
13.4709
13.4602
13.5291
13.4919
13.49
13.495
13.4549
13.4652
13.4931
13.494
13.4912
13.4709
13.4389
13.4881
13.473
13.5219
13.4339
13.4492
13.509
13.453
13.4921
13.468
13.464
13.474
13.4819
13.4389
13.469
13.5119
13.483
13.4501
13.489
13.495
13.453
13.489
13.505
13.484
13.4799
13.4761
13.4091
13.514
13.4718
13.572
13.4671
13.4969
13.469
13.5069
13.4728
13.505
13.483
13.5329
13.4959
13.433
13.448
13.505
13.484
13.474
13.5171
13.423
13.468
13.4358
13.4912
13.4799
13.5422
13.4969
13.53
13.478
13.4981
13.5241
13.4931
13.5131
13.5131
13.473
13.5019
13.4828
13.5138
13.4549
