12.1341
11.7939
11.78
11.7788
11.7669
11.7769
11.775
11.781
11.7741
11.7671
11.78
11.786
11.771
11.7741
11.7691
11.7691
11.801
11.801
11.7869
11.7719
11.7769
11.765
11.786
11.796
11.8029
11.771
11.7931
11.7781
11.7831
11.766
11.8022
11.78
11.7831
11.765
11.7891
11.7741
11.8001
11.7888
11.7619
11.79
11.797
11.781
11.7822
11.785
11.8001
11.765
11.771
11.7722
11.7888
11.7741
11.7931
11.781
11.797
11.796
11.775
11.7691
11.7812
11.775
11.7929
11.7669
11.7772
11.7669
11.7819
11.786
11.7788
11.7891
11.7719
11.7939
11.771
11.771
11.7831
11.7869
11.7919
11.7831
11.7722
11.786
11.776
11.78
11.7838
11.812
11.7741
11.8001
11.791
11.771
11.796
11.7729
11.796
11.79
11.7919
11.7841
11.7688
11.7788
11.7872
11.7791
11.7819
11.7679
11.796
11.7841
11.812
11.7691
11.796
11.8041
11.7819
11.7941
11.7931
11.7679
11.7891
11.7731
11.786
11.786
11.7841
11.7731
11.791
11.797
11.7869
11.7731
11.7891
11.7929
11.7919
11.7948
11.7769
11.7779
11.7872
11.786
11.801
11.7741
11.785
11.7919
11.7621
11.7772
11.775
11.7891
11.8001
11.7741
11.77
11.7841
11.7981
11.7819
11.7679
11.7879
11.781
11.7922
11.7838
11.775
11.776
11.781
11.785
11.7719
11.7948
11.7781
11.786
11.7781
11.7741
11.785
11.7729
11.7741
11.7929
11.786
11.7841
11.786
11.7941
11.6589
11.7781
11.7841
11.7891
11.791
11.7772
11.781
11.7779
11.7669
11.786
11.7681
11.7748
11.776
11.7862
11.7991
11.775
11.811
11.7819
11.79
11.7741
11.7869
11.785
11.7791
11.78
11.76
11.7979
11.7788
11.7779
11.816
11.77
11.76
11.797
11.7879
11.7679
11.7829
11.791
11.7869
11.8029
11.7829
11.7779
11.7919
11.7881
11.7731
11.786
11.7888
11.795
11.7731
11.7729
11.776
11.802
11.7869
11.7819
11.7671
11.78
11.7931
11.7791
11.7731
11.77
11.8001
11.7888
11.7819
11.786
11.7831
11.7781
11.791
11.7781
11.7719
11.77
11.7939
11.7841
11.7922
11.7869
11.802
11.7891
11.7769
11.7939
11.7691
11.796
11.7791
11.797
11.7831
11.7729
11.7691
11.7931
11.78
11.812
11.781
11.8041
11.7841
11.771
11.817
11.7981
11.802
11.7788
11.8132
11.7741
11.775
11.7939
11.7841
11.807
11.781
11.785
11.7872
11.7869
11.7729
11.786
11.785
11.7979
11.7781
11.7931
11.77
11.7879
11.7669
11.796
11.791
11.8189
11.7831
11.791
11.7991
11.7881
11.796
11.8001
11.817
11.7712
11.797
11.806
11.7741
11.7872
11.776
11.8139
11.802
11.791
11.781
11.8129
11.766
11.8032
11.7941
11.776
11.811
11.8101
11.771
11.79
11.7769
11.811
11.7822
11.7941
11.765
11.796
11.7939
11.797
11.791
11.807
11.775
11.812
11.807
11.7831
11.7891
11.8129
11.7719
11.7822
11.7731
11.797
11.7919
11.785
11.8129
11.7671
11.8022
11.806
11.766
11.785
11.8048
11.7919
11.807
11.8129
11.796
11.785
11.7991
11.8098
11.797
11.796
11.8001
11.7922
11.786
11.7919
11.7781
11.795
11.786
11.7979
11.8189
11.8041
11.8079
11.7879
11.8101
11.8001
11.7981
11.8041
11.7691
11.8132
11.802
11.786
11.7991
11.7772
11.807
11.8141
11.7712
11.7929
11.7879
11.776
11.8032
11.7919
11.781
11.8229
11.806
11.807
11.7931
11.801
11.7779
11.807
11.8132
11.8041
11.791
11.8089
11.7679
11.8179
11.816
11.791
11.8032
11.776
11.7981
11.7941
11.7989
11.781
11.801
11.8029
11.8229
11.8051
11.7881
11.8082
11.8151
11.8051
11.796
11.7869
11.807
11.7991
11.811
11.801
11.78
11.8039
11.8051
11.795
11.7791
11.7841
11.7948
11.806
11.8151
11.6501
11.801
11.8179
11.795
11.801
11.812
11.8122
11.7679
11.8089
11.7869
11.791
11.807
11.7738
11.801
11.8101
11.7991
11.786
11.7991
11.796
11.7922
11.785
11.8001
11.775
11.812
11.8072
11.797
11.8148
11.802
11.8029
11.796
11.8041
11.7779
11.801
11.817
11.8022
11.7881
11.776
11.8048
11.8051
11.7998
11.7838
11.7919
11.7979
11.807
11.8082
11.806
11.79
11.8079
11.7991
11.7972
11.8048
11.7989
11.8079
11.801
11.8229
11.7929
11.7919
11.8001
11.8001
11.8051
11.7912
11.795
11.802
11.8151
11.8029
11.7981
11.7769
11.7929
11.822
11.7891
11.7931
11.786
11.7972
11.796
11.8151
11.8051
11.796
11.79
11.806
11.7998
11.795
11.795
11.7741
11.8079
