71.5652
71.192
71.0499
71.1739
71.0979
71.089
71.0752
71.1081
71.0981
71.094
71.0919
71.0959
71.0809
71.0962
71.0971
71.0959
71.0959
71.095
71.099
71.0921
71.099
71.0981
71.1069
71.0919
71.0888
71.099
71.1029
71.099
71.1
71.106
71.0938
71.136
71.106
71.1029
71.104
71.1071
71.111
71.1012
71.0921
71.1031
71.137
71.099
71.111
71.111
71.116
71.1288
71.0919
71.1081
71.1231
71.1031
71.094
71.104
71.11
71.1269
71.1071
71.1122
71.1229
71.126
71.1031
71.1172
71.1222
71.115
71.105
71.099
71.1088
71.094
71.0931
71.1129
71.11
71.106
71.106
71.105
71.1112
71.13
71.1079
71.11
71.099
71.115
71.1141
71.125
71.111
71.1062
71.1179
71.1169
71.11
71.1129
71.1071
71.125
71.1088
71.105
71.105
71.1091
71.1169
71.116
71.115
71.105
71.115
71.1069
71.12
71.1019
71.125
71.136
71.125
71.1031
71.1231
71.1231
71.1071
71.125
71.136
71.1238
71.1281
71.1181
71.116
71.1231
71.1071
71.105
71.12
71.125
71.1269
71.1229
71.1291
71.1291
71.1451
71.1222
71.1429
71.1319
71.115
71.12
71.1091
71.147
71.1582
71.1141
71.1331
71.116
71.1241
71.142
71.12
71.106
71.1172
71.142
71.1319
71.1288
71.116
71.1441
71.125
71.1269
71.126
71.1219
71.111
71.116
71.111
71.135
71.1131
71.1288
71.115
71.1119
71.116
71.1489
71.1162
71.13
71.115
71.125
71.1219
71.13
71.1219
71.121
71.12
71.1191
71.1179
71.1291
71.1191
71.1348
71.1179
71.1141
71.116
71.126
71.12
71.13
71.1238
71.1091
71.1231
71.1181
71.111
71.1179
71.1191
71.125
71.137
71.121
71.1148
71.1141
71.111
71.1071
71.0912
71.106
71.1131
71.106
71.1119
71.1219
71.105
71.151
71.126
71.125
71.137
71.1162
71.105
71.115
71.1122
71.1219
71.0979
71.1029
71.094
71.099
71.1112
71.1219
71.1231
71.121
71.1191
71.106
71.1131
71.1112
71.1162
71.1069
71.0988
71.1169
71.116
71.1188
71.106
71.1279
71.152
71.1229
71.126
71.1229
71.1241
71.115
71.1079
71.1181
71.0962
71.1169
71.121
71.1169
71.099
70.9491
71.1241
71.111
71.0981
71.0831
71.1019
71.09
71.106
71.11
71.101
71.1
71.1081
71.12
71.0981
71.1071
71.1169
71.131
71.0981
71.1131
71.1122
71.1122
71.1279
71.1191
71.1229
71.1129
71.1269
71.1291
70.9698
71.105
71.12
71.131
71.116
71.1238
71.101
71.1062
71.0969
71.0969
71.1031
71.1119
71.11
71.125
71.1141
71.115
71.126
71.1031
71.1129
71.1119
71.1119
71.11
71.12
71.1119
71.121
71.1029
71.1169
71.0959
71.1112
71.125
71.157
71.1191
71.1138
71.11
71.1172
71.1079
71.1069
71.1129
71.0959
71.1219
71.1119
71.105
71.1129
71.1219
71.1341
71.1119
71.1179
71.121
71.1222
71.1141
71.11
71.1179
71.1091
71.125
71.126
71.1281
71.1191
71.111
71.1429
71.1119
71.1112
71.101
71.12
71.1231
71.101
71.115
71.116
71.09
71.1141
71.101
71.1
71.0971
70.961
71.1229
71.1122
71.1079
71.11
71.135
71.1219
71.1339
71.1169
71.106
71.11
71.1219
71.1222
71.1129
71.1131
71.1021
71.094
71.1219
71.1141
71.115
71.1062
71.1081
71.1119
71.1081
71.11
71.121
71.106
71.1019
71.121
71.11
71.1062
71.1131
71.115
71.1241
71.1141
71.1181
71.1081
71.1291
71.1179
71.121
71.1119
71.11
71.1291
71.1172
71.1231
71.13
71.1319
71.121
71.1129
71.1141
71.1229
71.1131
71.1119
71.105
71.1081
71.1169
71.1279
71.0959
71.1141
71.1122
71.13
71.1019
71.105
71.0959
71.105
71.1181
71.1279
71.1148
71.1081
71.1188
71.135
71.1381
71.1141
71.0959
71.1069
71.1131
71.1172
71.12
71.1069
71.1138
71.1169
71.11
71.1129
71.105
71.1319
71.095
71.105
71.1191
71.1179
71.101
71.1229
71.1091
71.1088
71.1062
71.0821
71.1098
71.1191
71.105
71.111
71.131
71.0959
71.1112
71.116
71.1219
71.116
71.1169
71.1222
71.0988
71.1091
71.125
71.099
71.089
71.099
71.116
71.106
71.101
71.1069
71.1191
71.11
71.1169
71.106
71.1071
71.115
71.121
71.1191
71.0959
71.1198
71.1229
71.11
71.1119
71.1181
71.125
71.1081
71.1088
71.12
71.1079
71.1091
71.1031
71.1069
71.1091
71.1179
71.1288
71.1179
71.094
71.116
71.0878
71.1
71.0921
71.105
71.115
71.1122
71.1081
71.11
71.1079
71.131
71.1081
71.115
71.1219
71.125
71.1191
71.141
71.131
71.121
71.12
71.131
71.1272
71.126
71.12
71.1279
71.1179
71.1379
71.1219
71.1331
71.126
71.116
71.1341
71.1312
71.105
71.1079
71.1091
71.1
71.1222
71.1091
71.135
71.121
71.1222
71.116
71.11
71.1112
71.1012
71.126
71.105
71.1069
71.121
71.1331
71.1181
71.1091
71.1322
71.121
71.116
71.11
71.1031
71.115
71.111
71.1179
71.099
71.1122
71.0909
71.1088
71.1062
71.1291
71.1331
71.131
71.131
71.13
71.1269
71.126
71.1188
71.105
71.1241
71.1269
71.1279
71.1331
71.1279
71.1291
71.1389
71.1219
71.1281
71.1319
71.1281
71.126
71.1281
71.1191
71.1329
71.1169
71.1241
71.106
71.101
71.1172
71.131
71.1019
71.111
71.115
71.1219
71.105
71.1181
71.115
71.0938
71.1062
71.104
71.1
71.1179
71.1031
71.125
71.1038
71.11
71.121
71.1079
71.0959
71.0959
71.135
71.131
71.1329
71.1191
71.1191
71.1179
71.1069
71.1269
71.1231
71.1319
71.126
71.1279
71.1279
71.12
71.1291
71.1312
71.126
71.1231
71.1269
71.1319
71.1219
71.1398
71.1231
71.13
71.12
71.1291
71.1339
71.121
71.1319
71.135
71.1439
71.1229
71.1141
71.121
71.1191
71.1401
71.1491
71.1129
71.1341
71.1331
71.1331
71.1381
71.1269
71.1439
71.146
71.121
71.1079
71.1141
71.1169
71.142
71.126
71.142
71.1169
71.1441
71.1439
71.1341
71.1229
71.116
71.1219
71.1031
71.1291
71.126
71.136
71.1329
71.141
71.1181
71.1319
71.1172
71.137
71.1138
71.115
71.131
71.1219
71.1021
71.1212
71.1069
71.1091
71.1272
71.141
71.1131
71.1091
71.1281
71.125
71.111
71.1219
71.1279
71.111
71.1331
71.135
71.1138
71.126
71.1451
71.131
71.151
71.146
71.1281
71.1231
71.1179
71.1288
71.1381
71.1222
71.1231
71.1291
71.146
71.1322
71.1329
71.161
71.137
71.1441
71.1451
71.141
71.1529
71.1329
71.1319
71.146
71.136
71.1551
71.137
71.1448
71.1551
71.1331
71.1141
71.1191
71.136
71.1331
71.142
71.1241
71.1331
71.135
71.1432
71.141
71.1372
71.1341
71.1219
71.1341
71.1181
71.1238
71.1229
71.137
71.1389
71.131
71.141
71.1489
71.1479
71.1479
71.1439
71.151
71.1491
71.167
71.142
71.1439
71.1339
71.1482
71.1241
71.1322
71.1288
71.1339
71.1501
71.1432
71.1401
71.151
71.146
71.1482
71.1331
71.146
71.1241
71.1288
71.1269
71.1329
71.1279
71.1339
71.137
71.146
71.131
71.136
71.1238
71.1439
71.116
71.1281
71.1391
71.1319
71.1181
71.1272
71.12
71.1372
71.1229
71.1191
71.11
71.1381
71.13
71.1551
71.1219
71.1172
71.121
71.131
71.1288
71.12
71.1112
71.1319
71.1429
71.1329
71.13
71.1551
71.1401
71.141
71.1069
71.111
71.135
71.1231
71.131
71.1441
71.1401
71.137
71.1319
71.1451
71.1391
71.1281
71.1272
71.1398
71.1229
71.136
71.135
71.1491
71.137
71.1401
71.1439
71.1482
71.1291
71.1381
71.1279
71.1141
71.13
71.1479
71.136
71.1179
71.125
71.121
71.1241
71.126
71.1441
71.1348
71.1229
71.1339
71.1391
71.1172
71.1291
71.1541
71.142
71.1582
71.142
71.1532
71.1548
71.1291
71.1391
71.1401
71.1529
71.1522
71.1641
71.1548
71.136
71.1238
71.1651
71.147
71.1381
71.147
71.1529
71.142
71.157
71.142
71.1339
71.1319
71.1401
71.142
71.1539
71.1679
71.1448
71.13
71.151
71.13
71.152
71.1331
71.1489
71.1529
71.1348
71.1291
71.1441
71.1439
71.1389
71.1439
71.135
71.1319
71.1501
71.1439
71.136
71.1219
71.137
71.1229
71.1291
71.137
71.1279
71.1429
71.1272
71.1381
71.1589
71.1329
71.13
71.1272
71.1322
71.1348
71.13
71.1379
71.13
71.1331
71.131
71.1398
71.1401
71.1601
71.141
71.147
71.125
71.121
71.1319
71.1648
71.1279
71.141
71.142
71.1441
71.1441
71.1401
71.1401
71.1331
71.173
71.1551
71.1629
71.151
71.136
71.1441
71.131
71.1441
71.1482
71.1579
71.131
71.126
71.1331
71.1591
71.1479
71.135
71.131
71.1432
71.1381
71.1391
71.131
71.1381
71.131
71.137
71.125
71.1348
71.1229
71.1241
71.141
71.1172
71.1288
71.1381
71.1331
71.121
71.1341
71.1281
71.1288
71.1329
71.1269
71.1081
71.12
71.1319
71.136
71.1181
71.13
71.1191
71.1238
71.116
71.125
71.1339
71.1319
71.141
71.137
71.1319
71.1329
71.1389
71.126
71.136
71.1391
71.1269
71.1341
71.1331
71.1379
71.12
71.1319
71.13
71.121
71.1231
71.1458
