0.213146
0.203848
0.19908
0.198126
0.198126
0.351191
0.19908
0.19908
0.19908
0.19908
0.202894
0.197887
0.197887
0.19908
0.371933
0.202894
0.198841
0.198841
0.19908
0.19908
0.19908
0.198841
0.198841
0.200033
0.198126
0.19908
0.198126
0.19908
0.199795
0.198841
0.19908
0.19908
0.19908
0.349998
0.200033
0.200033
0.200033
0.198841
0.202894
0.198841
0.199795
0.19908
0.203133
0.19908
0.19908
0.200033
0.200987
0.200033
0.198841
0.200033
0.19908
0.19908
0.199795
0.200033
0.200033
0.200033
0.199795
0.200033
0.19908
0.198841
0.199795
0.200033
0.200033
0.200987
0.200987
0.200987
0.200987
0.200033
0.19908
0.200033
0.200033
0.19908
0.200033
0.200033
0.199795
0.200033
0.200033
0.200033
0.200033
0.19908
0.200033
0.199795
0.200033
0.200033
0.200033
0.200033
0.200033
0.200033
0.200033
0.200033
0.200033
0.200987
0.200033
0.200033
0.200033
0.200033
0.200033
0.200987
0.200033
0.200033
0.200033
0.200987
0.200033
0.200987
0.200033
0.199795
0.200987
0.200987
0.200033
0.200987
0.200033
0.200033
0.205994
0.200033
0.199795
0.200033
0.200987
0.200987
0.200033
0.199795
0.19908
0.200987
0.200033
0.200033
0.199795
0.200987
0.200033
0.201941
0.200987
0.200987
0.200987
0.201225
0.205994
0.200033
0.200033
0.200033
0.200987
0.200033
0.200033
0.200987
0.200033
0.200987
0.200033
0.200987
0.199795
0.200987
0.199795
0.200033
0.199795
0.200033
0.200033
0.200987
0.200033
0.199795
0.200033
0.200987
0.20504
0.200033
0.199795
0.200987
0.200987
0.200987
0.200987
0.200987
0.200033
0.200033
0.200033
0.200033
0.200987
0.200987
0.201225
0.200987
0.200033
0.200033
0.200987
0.200987
0.200987
0.200987
0.200033
0.200033
0.200033
0.200033
0.199795
0.200033
0.200033
0.200033
0.200033
0.200033
0.200033
0.200033
0.200987
0.200987
0.200033
0.200033
0.200033
0.200987
0.200987
0.200033
0.200033
0.200987
0.200987
0.200033
0.200033
0.200987
0.200987
0.200987
0.201225
0.200033
0.200033
0.200987
0.200033
0.199795
0.200033
0.200987
0.200033
0.200987
0.199795
0.200033
0.200987
0.200033
0.200033
0.199795
0.200033
0.200987
0.200033
0.205994
0.200987
0.200033
0.200033
0.200987
0.200033
0.200987
0.200987
0.201225
0.200987
0.199795
0.200033
0.200033
0.200033
0.200987
0.199795
0.200033
0.200987
0.200033
0.200987
0.199795
0.200033
0.200987
0.200033
0.200033
0.199795
0.200987
0.200033
0.200033
0.200987
0.200033
0.200987
0.200033
0.200033
0.200987
0.205994
0.200033
0.200033
0.200033
0.199795
0.200033
0.200033
0.200987
0.204086
0.200987
0.200033
0.200033
0.200033
0.200033
0.200033
0.200033
0.200987
0.200987
0.200987
0.200033
0.200033
0.200033
0.200033
0.200987
0.200033
0.200987
0.200033
0.200033
0.200987
0.200987
0.199795
0.200033
0.200033
0.200033
0.200033
0.200033
0.200987
0.200033
0.200987
0.200033
0.200033
0.200033
0.201225
0.200987
0.200987
0.200033
0.200033
0.200033
0.200987
0.200987
0.200033
0.200987
0.200987
0.200033
0.200033
0.200033
0.200033
0.199795
0.200987
0.202179
0.200987
0.200987
0.200987
0.200033
0.200033
0.200033
0.200033
0.200033
0.199795
0.200033
0.200033
0.198841
0.200033
0.200987
0.200033
0.200033
0.200033
0.207901
0.203848
0.200033
0.200033
0.200033
0.199795
0.200033
0.200033
0.200033
0.200033
0.200987
0.200033
0.19908
0.200033
0.200033
0.200033
0.199795
0.200033
0.200033
0.200033
0.200987
0.200033
0.198841
0.200033
0.200033
0.200987
0.200033
0.200033
0.200033
0.200033
0.200987
0.199795
0.200033
0.19908
0.199795
0.200033
0.200033
0.199795
0.200033
0.19908
0.200033
0.19908
0.19908
0.200033
0.200033
0.200033
0.200033
0.200033
0.200033
0.200033
0.200987
0.20504
0.199795
0.200033
0.200033
0.200033
0.200033
0.200033
0.200033
0.200033
0.198841
0.200033
0.19908
0.200033
0.200033
0.200033
0.200033
0.200033
0.200033
0.199795
0.19908
0.200033
0.199795
0.19908
0.200033
0.198841
0.200033
0.200033
0.200033
0.200987
0.200033
0.199795
0.200033
0.200033
0.200033
0.200033
0.200033
0.200033
0.200033
0.200033
0.200987
0.200033
0.200033
0.200033
0.200033
0.200033
0.199795
0.200033
0.200033
0.199795
0.19908
0.200033
0.199795
0.200033
0.200033
0.200033
0.200033
0.19908
0.199795
0.200033
0.202179
0.201941
0.201941
0.201941
0.200987
0.200033
0.200987
0.200033
0.200987
0.200033
0.200033
0.200033
0.200033
0.203848
0.200033
0.200033
0.199795
0.200033
0.200987
0.200033
0.200033
0.200033
0.199795
0.200987
0.200987
0.200033
0.200987
0.200033
0.200033
0.200033
0.200033
0.200033
0.200033
0.200987
0.200033
0.199795
0.200033
0.200033
0.200987
0.200987
0.200033
0.200033
0.200033
0.199795
0.200033
0.200033
0.200033
0.19908
0.200033
0.200033
0.200033
0.200033
0.200033
0.200033
0.200033
0.200033
0.200033
0.200033
0.200987
0.200033
0.199795
0.200033
0.200987
0.200033
0.201941
0.201941
0.201941
0.201941
0.200033
0.205994
0.200033
0.200033
0.200987
0.200033
0.200033
0.200033
0.200987
0.200987
0.200987
0.200987
0.200033
0.200033
0.201225
0.200987
0.200033
0.200033
0.200033
0.20504
0.19908
0.200033
0.200033
0.200033
0.198841
0.19908
0.200033
0.200033
0.199795
0.200033
0.19908
0.200033
0.200033
0.199795
0.200033
0.200033
0.200033
0.198841
0.199795
0.200033
0.200033
0.19908
0.200033
0.200033
0.200033
0.19908
0.19908
0.200033
0.200033
0.200033
0.200033
0.19908
0.199795
0.200033
0.200033
0.200033
0.198841
0.199795
0.200033
0.200033
0.200987
0.200987
0.201941
0.200987
0.19908
0.199795
0.200033
0.200033
0.200033
0.199795
0.198841
0.200033
0.200033
0.19908
0.198841
0.200033
0.200033
0.19908
0.200033
0.200033
0.200033
0.19908
0.200033
0.200033
0.199795
0.198841
0.200033
0.200033
0.200033
0.198841
0.199795
0.200033
0.19908
0.200033
0.198841
0.200033
0.200033
0.19908
0.200033
0.19908
0.199795
0.200033
0.200033
0.19908
0.200033
0.199795
0.200033
0.19908
0.200987
0.200033
0.200033
0.200033
0.200033
0.200033
0.19908
0.200033
0.200033
0.200033
0.19908
0.19908
0.199795
0.200033
0.204086
0.200033
0.200987
0.200987
0.201941
0.200987
0.200033
0.20504
0.200033
0.200033
0.199795
0.200033
0.19908
0.200033
0.200033
0.199795
0.200033
0.19908
0.200033
0.199795
0.19908
0.200033
0.200033
0.200033
0.200033
0.200987
0.200033
0.198841
0.200033
0.200033
0.200033
0.200033
0.200033
0.19908
0.200033
0.19908
0.200033
0.199795
0.200033
0.19908
0.200033
0.200033
0.199795
0.200033
0.200033
0.200033
0.199795
0.19908
0.200033
0.200033
0.19908
0.200033
0.200033
0.200033
0.200033
0.19908
0.198841
0.199795
0.200033
0.19908
0.200033
0.200033
0.198841
0.200033
0.200987
0.200033
0.199795
0.200033
0.200033
0.200987
0.198841
0.19908
0.200033
0.19908
0.200033
0.200033
0.19908
0.200033
0.200033
0.201225
0.200033
0.200033
0.200033
0.198841
0.200033
0.200033
0.200033
0.198841
0.200033
0.200033
0.200033
0.200033
0.198841
0.199795
0.200033
0.19908
0.198841
0.199795
0.200033
0.200033
0.200033
0.199795
0.198841
0.200033
0.200033
0.199795
0.198841
0.200033
0.200033
0.19908
0.199795
0.19908
0.200033
0.200033
0.19908
0.200033
0.200033
0.19908
0.200033
0.200033
0.198841
0.199795
0.200033
0.19908
0.200033
0.198841
0.200033
0.200033
0.19908
0.200033
0.199795
0.200033
0.200033
0.200033
0.200987
0.20504
0.200033
0.200033
0.200033
0.200987
0.200033
0.19908
0.200033
0.200033
0.200033
0.200033
0.200033
0.200033
0.200033
0.200033
0.200033
0.19908
0.200033
0.200033
0.200033
0.19908
0.200033
0.200033
0.19908
0.200033
0.19908
0.200033
0.199795
0.200987
0.200033
0.200033
0.200033
0.19908
0.200033
0.200033
0.198841
0.200033
0.200033
0.19908
0.200033
0.199795
0.19908
0.200033
0.200033
0.200033
0.200033
0.19908
0.200033
0.200987
0.200033
0.200033
0.200033
0.19908
0.200033
0.200033
0.19908
0.200033
0.19908
0.199795
0.200987
0.200987
0.200987
0.200987
0.199795
0.200033
0.19908
0.200033
0.200033
0.200033
0.199795
0.19908
0.19908
0.19908
0.19908
0.200033
0.198841
0.198841
0.198841
0.200033
0.19908
0.200033
0.19908
0.198841
0.200033
0.19908
0.19908
0.19908
0.19908
0.200033
0.198841
0.198841
0.200033
0.19908
0.200033
0.198841
0.198841
0.198841
0.200033
0.200033
0.200033
0.19908
0.199795
0.198841
0.198841
0.19908
0.200033
0.19908
0.19908
0.200033
0.198841
0.200033
0.19908
0.19908
0.19908
0.200033
0.198841
0.198841
0.200033
0.19908
0.19908
0.200033
0.19908
0.19908
0.200033
0.19908
0.19908
0.200033
0.200033
0.200033
0.19908
0.200033
0.19908
0.200033
0.199795
0.198841
0.200033
0.19908
0.200033
0.200033
0.200033
0.19908
0.200033
0.19908
0.200033
0.198841
0.199795
0.198841
0.19908
0.200033
0.19908
0.19908
0.200033
0.200033
0.198841
0.198841
0.19908
0.200033
0.19908
0.19908
0.200033
0.198841
0.198841
0.200033
0.200987
0.198841
0.199795
0.199795
0.200033
0.19908
0.19908
0.200033
0.198841
0.198841
0.200033
0.19908
0.19908
0.200033
0.19908
0.19908
0.198841
0.199795
0.198841
0.200033
0.203133
0.19908
0.19908
0.200033
0.200987
0.200987
0.200987
0.200987
0.200033
0.200987
0.198841
0.200033
0.19908
0.200033
0.200033
0.198841
0.200033
0.19908
0.200033
0.19908
0.200033
0.198841
0.198841
0.19908
0.200033
0.19908
0.200033
0.198841
0.200033
0.200033
0.200033
0.19908
0.199795
0.198841
0.198841
0.19908
0.19908
0.200033
0.19908
0.200033
0.198841
0.200033
0.19908
0.200033
0.200033
