81.995
73.092
73.127
73.0929
73.0269
82.011
73.112
73.0891
73.133
73.1671
73.0469
72.9711
72.999
73.0412
73.9088
73.169
73.1289
73.0062
73.117
73.18
73.0851
73.117
72.9549
73.1599
73.22
73.0939
73.1809
73.1161
74.0678
73.0202
73.247
73.0679
73.092
73.0259
73.045
73.0059
73.179
73.107
73.019
73.0529
73.2031
73.37
73.03
73.0772
73.0841
73.056
73.0309
73
73.072
73.0269
73.077
73.1719
73.0371
73.118
73.0648
73.432
73.133
73.0178
73.041
73.0128
73.081
73.01
73.0519
73.0531
73.0178
73.055
73.118
73.035
72.9918
74.038
73.0431
73.0929
73.148
73.154
73.113
73.112
73.065
72.9411
73.0081
73.0669
73.0321
73.0872
74.1091
73.0391
73.0929
73.163
72.9721
73.097
73.0121
73.1761
73.0419
73.112
73.005
73.05
73.1721
73.0851
73.9141
73.1502
73.1158
73.0569
