91.46
84.4519
84.373
86.4868
86.71
85.1691
84.1441
84.8808
84.883
84.877
84.8341
82.6001
82.5601
81.5969
80.96
80.9469
80.9579
81.002
77.9338
78.81
78.7039
82.0048
82.026
82.037
79.926
79.9181
79.9499
80.2221
81.6028
82.7918
82.8571
82.773
82.7689
82.772
81.008
80.673
81.2521
83.2429
83.24
83.252
81.161
80.7302
78.064
77.2872
77.338
77.3351
77.24
77.2738
75.1171
74.7981
74.753
74.8808
75.1021
75.093
75.0489
75.011
71.4781
71.3041
71.3811
72.053
72.0861
72.1309
72.0739
72.0739
69.881
69.6199
69.6342
71.6691
72.114
72.1459
72.1409
72.087
72.1462
69.71
69.663
71.4731
72.1281
72.6309
72.6469
72.695
72.6812
72.6569
70.8539
70.2801
70.1778
71.7101
73.0681
73.2009
73.1499
73.1189
73.1261
71.8699
70.6439
70.7581
72.7532
74.002
74.1329
73.967
74.019
74.476
