7.10106
0.0350475
0.0269413
0.0259876
0.025034
0.0238419
0.0240803
0.025034
0.0247955
0.0240803
0.0240803
0.0238419
0.0309944
0.025034
0.025034
0.0228882
0.0240803
0.0240803
0.0247955
0.0240803
0.0290871
0.0169277
0.0169277
0.0181198
0.0169277
0.0169277
0.0169277
0.0171661
0.0169277
0.0169277
0.0171661
0.0181198
0.0169277
0.0169277
0.0171661
0.0169277
0.0169277
0.0171661
0.0169277
0.0169277
0.0162125
0.0169277
0.0169277
0.0171661
0.0169277
0.0169277
0.0171661
0.0181198
0.0169277
0.0169277
0.0171661
0.0169277
0.0188351
0.0169277
0.0169277
0.0171661
0.0169277
0.0169277
0.0171661
0.0169277
0.0169277
0.0169277
0.0171661
0.0169277
0.0178814
0.0169277
0.0171661
0.0169277
0.0169277
0.0171661
0.0169277
0.0178814
0.015974
0.0181198
0.0169277
0.0169277
0.0190735
0.0171661
0.0169277
0.0169277
0.0171661
0.0169277
0.0169277
0.0178814
0.0171661
0.0169277
0.0169277
0.0178814
0.015974
0.0169277
0.0169277
0.0171661
0.0178814
0.015974
0.0171661
0.0181198
0.0169277
0.0169277
0.0171661
0.0169277
0.0178814
0.0169277
0.0171661
0.0169277
0.0169277
0.0171661
0.0169277
0.0169277
0.0171661
0.0169277
0.0169277
0.0181198
0.0171661
0.0169277
0.0169277
0.0171661
0.0200272
0.0169277
0.0178814
0.0171661
0.0171661
0.0169277
0.0178814
0.0178814
0.0169277
0.0178814
0.0169277
0.0181198
0.0181198
0.0181198
0.0169277
0.0178814
0.0181198
0.0171661
0.0181198
0.0169277
0.0178814
0.0169277
0.0181198
0.0190735
0.0171661
0.0169277
0.0178814
0.0169277
0.0178814
0.0169277
0.0171661
0.0181198
0.0169277
0.0178814
0.0178814
0.0178814
0.0169277
0.0169277
0.0190735
0.0181198
0.0181198
0.0169277
0.0169277
0.0178814
0.0169277
0.0190735
0.0181198
0.0181198
0.0171661
0.0169277
0.0169277
0.0169277
0.0169277
0.0181198
0.0169277
0.0178814
0.0178814
0.0169277
0.0178814
0.0181198
0.0171661
0.0169277
0.0188351
0.0178814
0.0169277
0.0181198
0.0171661
0.0181198
0.0169277
0.0169277
0.0169277
0.0171661
0.0181198
0.0171661
0.0169277
0.0169277
0.0169277
0.0178814
0.0171661
0.0181198
0.0181198
0.0178814
0.0181198
0.0181198
0.0169277
0.0169277
0.0181198
0.0181198
0.0181198
0.0169277
0.0169277
0.0178814
0.0169277
0.0181198
0.0169277
0.0178814
0.0209808
0.0178814
0.0171661
0.0181198
0.0169277
0.0178814
0.0169277
0.0181198
0.0171661
0.0181198
0.0181198
0.0169277
0.0178814
0.0169277
0.0178814
0.0178814
0.0178814
0.0171661
0.0181198
0.0190735
0.0169277
0.0169277
0.0169277
0.0181198
0.0181198
0.0171661
0.0181198
0.0178814
0.0169277
0.0178814
0.0171661
0.0190735
0.0171661
0.0178814
0.0178814
0.0178814
0.0169277
0.0171661
0.0169277
0.0181198
0.0178814
0.0178814
0.0188351
0.0178814
0.0178814
0.0169277
0.0171661
0.0181198
0.0178814
0.0200272
0.0181198
0.0178814
0.0169277
0.0178814
0.0171661
0.0181198
0.0181198
0.0169277
0.0178814
0.0190735
0.0178814
0.0171661
0.0181198
0.0181198
0.0178814
0.0169277
0.0181198
0.0181198
0.0181198
0.0169277
0.0169277
0.0169277
0.0169277
0.0181198
0.0171661
0.0178814
0.0178814
0.0169277
0.0181198
0.0181198
0.0169277
0.0169277
0.0169277
0.0169277
0.0181198
0.0169277
0.0178814
0.0178814
0.0178814
0.0178814
0.0171661
0.0181198
0.0178814
0.0169277
0.0169277
0.0171661
0.0181198
0.0181198
0.0169277
0.0169277
0.0169277
0.0171661
0.0181198
0.0181198
0.0181198
0.0178814
0.0169277
0.0178814
0.0169277
0.0181198
0.0169277
0.0178814
0.0178814
0.0169277
0.0181198
0.0181198
0.0169277
0.0169277
0.0178814
0.0178814
0.0169277
0.0181198
0.0171661
0.0181198
0.0178814
0.0169277
0.0178814
0.0181198
0.0181198
0.0181198
0.0169277
0.0178814
0.0178814
0.0178814
0.0169277
0.0181198
0.0181198
0.0181198
0.0178814
0.0181198
0.0169277
0.0178814
0.0269413
0.015974
0.0162125
0.015974
0.015974
0.015974
0.015974
0.014782
0.015974
0.0169277
0.025034
0.015974
0.015974
0.0169277
0.015974
0.015974
0.015974
0.015974
0.015974
0.0171661
0.015974
0.015974
0.015974
0.015974
0.0169277
0.015974
0.015974
0.0169277
0.015974
0.015974
0.0162125
0.015974
0.015974
0.015974
0.015974
0.015974
0.015974
0.0162125
0.015974
0.015974
0.0169277
0.015974
0.0169277
0.015974
0.015974
0.015974
0.0162125
0.0169277
0.015974
0.015974
0.015974
0.0169277
0.0169277
0.015974
0.0150204
0.0162125
0.015974
0.015974
0.015974
0.015974
0.015974
0.0162125
0.015974
0.0150204
0.015974
0.0190735
0.015974
0.015974
0.015974
0.015974
0.015974
0.015974
0.0150204
0.0162125
0.015974
0.015974
0.015974
0.0259876
0.0162125
0.015974
0.015974
0.015974
0.015974
0.015974
0.015974
0.015974
0.015974
0.015974
0.015974
0.0169277
0.015974
0.015974
0.015974
0.015974
0.015974
0.015974
0.0171661
0.015974
0.015974
0.0150204
0.015974
0.0171661
0.015974
0.015974
0.015974
0.015974
0.015974
0.015974
0.015974
0.0162125
0.015974
0.0150204
0.015974
0.015974
0.015974
0.015974
0.015974
0.0150204
0.015974
0.015974
0.015974
0.015974
0.015974
0.0162125
0.015974
0.0171661
0.015974
0.015974
0.014782
0.015974
0.015974
0.0162125
0.015974
0.015974
0.015974
0.015974
0.015974
0.015974
0.0150204
0.0162125
0.0150204
0.015974
0.015974
0.015974
0.015974
0.015974
0.015974
0.015974
0.015974
0.015974
0.015974
0.015974
0.015974
0.015974
0.0169277
0.0162125
0.015974
0.0150204
0.015974
0.0169277
0.015974
0.0169277
0.015974
0.0162125
0.0169277
0.015974
0.015974
0.015974
0.015974
0.015974
0.015974
0.0162125
0.015974
0.0171661
0.015974
0.0150204
0.015974
0.0150204
0.0190735
0.015974
0.015974
0.015974
0.015974
0.015974
0.015974
0.015974
0.015974
0.0162125
0.015974
0.015974
0.015974
0.0169277
0.015974
0.015974
0.0169277
0.0169277
0.015974
0.0162125
0.0169277
0.0162125
0.015974
0.015974
0.015974
0.015974
0.015974
0.015974
0.015974
0.015974
0.015974
0.0150204
0.015974
0.015974
0.0169277
0.015974
0.015974
0.015974
0.015974
0.015974
0.015974
0.0169277
0.015974
0.0162125
0.015974
0.015974
0.015974
0.015974
0.015974
0.015974
0.015974
0.0171661
0.015974
0.0162125
0.0169277
0.015974
0.015974
0.015974
0.015974
0.015974
0.015974
0.015974
0.015974
0.0169277
0.015974
0.0162125
0.015974
0.015974
0.015974
0.015974
0.015974
0.015974
0.015974
0.015974
0.015974
0.015974
0.015974
0.0150204
0.015974
0.0169277
0.014782
0.015974
0.015974
0.015974
0.015974
0.0162125
0.0169277
0.0171661
0.0169277
0.015974
0.0169277
0.015974
0.015974
0.015974
0.014782
0.015974
0.015974
0.015974
0.015974
0.015974
0.015974
0.0162125
0.015974
0.0150204
0.015974
0.015974
0.015974
0.015974
0.015974
0.015974
0.015974
0.0150204
0.0169277
0.0162125
0.0169277
0.0162125
0.015974
0.015974
0.015974
0.0169277
0.015974
0.015974
0.015974
0.015974
0.015974
0.0162125
0.015974
0.0162125
0.015974
0.0150204
0.015974
0.0169277
0.0150204
0.015974
0.015974
0.015974
0.015974
0.0150204
0.015974
0.0162125
0.0150204
0.015974
0.015974
0.0169277
0.0171661
0.015974
0.0169277
0.015974
0.015974
0.015974
0.015974
0.0169277
0.015974
0.0150204
0.015974
0.0162125
0.015974
0.015974
0.0150204
0.015974
0.0171661
0.015974
0.0150204
0.0150204
0.015974
0.0171661
0.015974
0.0150204
0.015974
0.0169277
0.015974
0.0150204
0.015974
0.0171661
0.015974
0.0162125
0.015974
0.015974
0.015974
0.015974
0.0171661
0.015974
0.015974
0.015974
0.0169277
0.0162125
0.0150204
0.015974
0.015974
0.015974
0.015974
0.015974
0.015974
0.0150204
0.015974
0.0150204
0.015974
0.0169277
0.015974
0.015974
0.015974
0.015974
0.015974
0.0162125
0.015974
0.015974
0.0150204
0.015974
0.015974
0.0169277
0.015974
0.0169277
0.0169277
0.015974
0.0169277
0.0150204
0.015974
0.015974
0.015974
0.015974
0.014782
0.015974
0.015974
0.0171661
0.015974
0.015974
0.0150204
0.015974
0.0181198
0.015974
0.015974
0.015974
0.0150204
0.015974
0.015974
0.0162125
0.015974
0.015974
0.0150204
0.015974
0.015974
0.015974
0.015974
0.015974
0.015974
0.0162125
0.015974
0.0150204
0.015974
0.015974
0.015974
0.0169277
0.0288486
0.015974
0.015974
0.015974
0.015974
0.015974
0.015974
0.0169277
0.015974
0.015974
0.0171661
0.0169277
0.0162125
0.015974
0.0162125
0.0169277
0.0171661
0.0169277
0.015974
0.015974
0.0169277
0.015974
0.015974
0.0171661
0.015974
0.015974
0.015974
0.0169277
0.015974
0.015974
0.015974
0.015974
0.0162125
0.015974
0.0162125
0.0169277
0.0162125
0.015974
0.0171661
0.0169277
0.015974
0.0169277
0.015974
0.015974
0.0169277
0.0162125
0.015974
0.0171661
0.015974
0.015974
0.015974
0.015974
0.015974
0.0169277
0.015974
0.015974
0.015974
0.015974
0.015974
0.015974
0.015974
0.015974
0.015974
0.015974
0.0169277
0.015974
0.015974
0.015974
0.0169277
0.026226
0.015974
0.0162125
0.0169277
0.0169277
0.015974
0.015974
0.015974
0.0150204
0.0228882
0.015974
0.015974
0.0171661
0.015974
0.015974
0.015974
0.015974
0.0169277
0.015974
0.0169277
0.0169277
0.015974
0.015974
0.0169277
0.0169277
0.015974
0.015974
0.015974
0.015974
0.0162125
0.015974
0.0162125
0.0169277
0.0171661
0.0169277
0.015974
0.015974
0.0169277
0.0169277
0.0169277
0.015974
0.015974
0.0162125
0.015974
0.0162125
0.015974
0.0171661
0.015974
0.015974
0.0169277
0.0169277
0.015974
0.0169277
0.0171661
0.015974
0.015974
0.015974
0.015974
0.0169277
0.015974
0.0169277
0.015974
0.015974
0.0169277
0.015974
0.0169277
0.0171661
0.0169277
0.0162125
0.015974
0.015974
0.015974
0.015974
0.015974
0.015974
0.015974
0.015974
0.0169277
0.0169277
0.0169277
0.015974
0.015974
0.0259876
0.015974
0.015974
0.015974
0.015974
0.015974
0.015974
0.015974
0.015974
0.0150204
0.015974
0.015974
0.015974
0.0169277
0.015974
0.015974
0.015974
0.0162125
0.015974
0.0171661
0.015974
0.015974
0.0150204
0.015974
0.0169277
0.015974
0.0150204
0.0162125
0.015974
0.0169277
0.015974
0.015974
0.0171661
0.015974
0.0162125
0.0169277
0.015974
0.0162125
0.015974
0.015974
0.015974
0.015974
0.0162125
0.015974
0.015974
0.015974
0.015974
0.015974
0.015974
0.0190735
0.015974
0.0162125
0.0150204
0.015974
0.0150204
0.015974
0.0162125
0.015974
0.0169277
0.015974
0.0150204
0.0162125
0.015974
0.015974
0.0150204
