7.65705
7.28202
7.22504
7.07197
7.303
7.22003
7.14803
7.33209
7.24792
7.31611
7.47681
7.28297
7.21598
7.40194
7.303
7.23314
7.29084
7.29322
7.21383
7.22408
7.24196
7.17711
7.34782
7.37405
7.17211
7.14993
7.21788
7.3719
7.32493
7.23815
7.30991
7.22814
7.15089
7.267
7.42292
7.36308
7.23791
7.23219
7.25293
7.32994
7.32207
7.26795
7.3061
7.10082
7.24506
7.18594
7.42722
7.16281
7.2248
7.35402
7.11679
7.22003
7.14207
7.25198
7.26986
7.24602
7.36094
7.28512
7.36785
7.38096
7.13897
7.092
7.24196
7.3061
7.29704
7.1671
7.18498
7.25985
7.28798
7.14016
7.32517
7.26295
7.31707
7.2248
7.35211
7.29394
7.21192
7.236
7.19905
7.42388
7.16305
7.24888
7.16805
7.23791
7.28106
7.25293
7.33018
7.22885
7.18403
7.24292
7.25794
7.18999
7.12609
7.20692
7.36499
7.27701
7.35211
7.19786
7.35116
7.2391
7.3359
7.39813
7.21288
7.24101
7.44987
7.31397
7.19714
7.27797
7.34186
7.447
7.11417
7.31683
7.22003
7.20406
7.27797
7.1969
7.30014
7.32803
7.2639
7.32112
7.14779
7.15709
7.31707
7.13205
7.34186
7.21788
7.267
7.17688
7.21478
7.24721
7.28106
7.32398
7.34019
7.23195
7.19309
7.35283
7.26318
7.21288
7.17092
7.39694
7.21812
7.43604
7.15184
7.24411
7.1609
7.33805
7.33399
7.236
7.09105
7.21288
7.20406
7.39884
7.19905
7.26604
7.24792
7.27391
7.41601
7.16901
7.19905
7.18403
7.13921
7.24483
7.29108
7.43103
7.27487
7.17688
7.20811
7.24792
7.15494
7.22504
7.22098
7.29203
7.23886
7.27916
7.24387
7.14803
7.21407
7.37
7.1559
7.32803
7.23791
7.17187
7.18212
7.20596
7.24196
7.33805
7.21002
7.22599
7.25293
7.10416
7.38406
7.30181
7.15518
7.30801
7.21097
7.10511
7.33304
7.46894
7.2
7.21121
7.26914
7.28202
7.25794
7.23696
7.16305
7.31397
7.26104
7.18904
7.31802
7.231
7.26795
7.24792
7.45606
7.19094
7.27701
7.29799
7.34615
7.35188
7.23195
7.20096
7.24101
7.2341
7.18999
7.21812
7.29895
7.24792
7.21002
7.25198
7.28202
7.21097
7.31802
7.18307
7.303
7.18403
7.28512
7.30491
7.17306
7.27487
7.18999
7.16305
7.26295
7.29799
7.2
7.195
7.31301
7.23481
7.21908
7.38883
7.21407
7.27606
7.39598
7.2329
7.44605
7.3719
7.46298
7.22814
7.18594
7.22504
7.195
7.24697
7.24387
7.27201
7.58886
7.33995
7.4141
7.28202
7.17592
7.31301
7.41196
7.18904
7.30896
7.1311
7.27797
7.2329
7.28488
7.35903
7.14588
7.3781
7.17497
7.26986
7.31397
7.29609
7.2999
7.24792
7.21002
7.26008
7.29203
7.30395
7.28917
7.1969
7.1609
7.20811
7.27701
7.3421
7.24697
7.26485
7.31301
7.16209
7.25603
7.231
7.31683
7.11608
7.06005
7.17688
7.22194
7.14493
7.28297
7.25889
7.33805
7.10392
7.26318
7.17902
7.33995
7.128
7.2751
7.28703
7.13301
7.29799
7.28416
7.52592
7.13897
7.35903
7.27701
7.24101
7.11203
7.24888
7.30109
7.195
7.17306
7.22408
7.22599
7.39002
7.18689
7.29489
7.267
7.22909
7.39408
7.27296
7.23886
7.27296
7.18904
7.14087
7.17902
7.23886
7.164
7.22003
7.25913
7.19118
7.23004
7.20906
7.23982
7.195
7.19714
7.30586
7.18307
7.32589
7.25317
7.22504
7.26914
7.27892
7.32493
7.32899
7.31111
7.22384
7.16901
7.24411
7.23386
7.33519
7.31301
7.12085
7.45702
7.2639
7.23791
7.40814
7.13897
7.19404
7.15995
7.195
7.21908
7.1671
7.35497
7.2279
7.30705
7.28202
7.34401
7.20286
7.19714
7.25317
7.25102
7.32708
7.29299
7.18594
7.24101
7.25198
7.29799
7.24292
7.26604
7.27296
7.16805
7.14111
7.2999
7.26509
7.22003
7.09391
7.27487
7.29895
7.18498
7.17998
7.15804
7.26604
7.13301
7.30705
7.24506
7.2279
7.30801
7.23004
7.18689
7.38811
7.21383
7.2
7.34305
7.18689
7.19094
7.22599
7.24196
7.17807
7.41696
7.17306
7.28703
7.27296
7.20406
7.303
7.25102
7.22694
7.18808
7.23696
7.37286
7.28512
7.24006
7.39813
7.28393
7.31611
7.33018
7.21693
7.34901
7.3328
7.32517
7.21812
7.24292
7.2391
7.53498
7.25484
7.26104
7.18784
7.24101
7.231
7.28798
7.40981
7.15017
7.48301
7.31087
7.32899
7.22003
7.29108
7.195
7.37906
7.25412
7.10797
7.28202
7.20501
7.2298
7.17807
7.20096
7.20501
7.26795
7.2751
7.15518
7.28798
7.15089
7.17497
7.17998
7.20215
7.17092
7.24101
7.16305
7.32708
7.19881
7.35998
7.12204
7.22504
7.42888
7.16209
7.29895
7.32589
7.18808
7.22194
7.19404
7.2031
7.24816
7.25412
7.24697
7.267
7.26509
7.21693
7.26986
7.19404
7.28512
7.25484
7.11894
7.13301
7.31206
7.26104
7.31587
7.16591
7.22194
7.24006
7.31921
7.50685
7.19714
7.39384
7.303
7.36094
7.2999
7.32112
7.21002
7.31111
7.20906
7.33185
7.18999
7.24006
7.41601
7.28083
7.21812
7.26295
7.28297
7.27487
7.25293
7.21502
7.24101
7.27677
7.22408
7.15613
7.22408
7.29895
7.24196
7.21407
7.28393
7.22098
7.36403
7.38692
7.27606
7.22098
7.16805
7.17783
7.22694
7.13992
7.31897
7.17211
7.25007
7.23886
7.36713
7.12991
7.22098
7.26295
7.28416
7.38001
7.17282
7.24196
7.40194
7.24316
7.14612
7.33304
7.21979
7.30109
7.22408
7.28297
7.25102
7.17402
7.13897
7.38502
7.4451
7.28893
7.36094
7.49707
7.22003
7.27177
7.12109
7.12299
7.32589
7.26104
7.27797
7.13611
7.31182
7.28106
7.28083
7.2341
7.45106
7.20596
7.32493
7.16591
7.15995
7.16805
7.21598
7.32183
7.18117
7.31611
7.32899
7.26891
7.18307
7.28297
7.24792
7.32899
7.26604
7.26604
7.18784
7.25317
7.16615
7.24006
7.40981
7.13897
7.18522
7.30085
7.17497
7.4749
7.24411
7.32398
7.39789
7.29299
7.1969
7.2062
7.20596
7.18594
7.18594
7.25007
7.18498
7.39598
7.2279
7.18713
7.30991
7.2329
7.28703
7.22504
7.38597
7.29609
7.24196
7.29609
7.29394
7.31111
7.18498
7.2
7.14707
7.24792
7.25198
7.29918
7.36904
7.23004
7.23004
7.25293
7.36189
7.2732
7.32088
7.29799
7.19404
7.40719
7.22384
7.29299
7.20406
7.303
7.25794
7.21598
7.32112
7.18307
7.28297
7.28488
7.12609
7.31397
7.231
7.24483
7.24697
7.15613
7.34282
7.27701
7.11489
7.11894
7.42698
7.31611
7.10988
7.18403
7.25603
7.34091
7.14993
7.31897
7.2391
7.25698
7.34687
7.30014
7.21812
7.22289
7.16209
7.13396
7.21598
7.31111
7.36117
7.30395
7.2279
7.23505
7.26199
7.12585
7.29322
7.19213
7.19309
7.32088
7.28106
7.18021
7.21192
7.30395
7.17497
7.1981
7.19619
7.22814
7.27892
7.36904
7.33495
7.29513
7.16686
7.2701
7.31993
7.25603
7.22599
7.15685
7.28393
7.27606
7.24506
7.35903
7.33399
7.26295
7.44796
7.25198
7.32994
7.25007
7.22814
7.17211
7.2
7.19905
7.21192
7.32303
7.16805
7.24792
7.18093
7.31611
7.19905
7.19213
7.32684
7.19118
7.29179
7.25698
7.25698
7.25412
7.22098
7.26199
7.2298
7.34115
7.31802
7.13587
7.34401
7.16805
7.28106
7.33304
7.21788
7.24506
7.31206
7.2031
7.29084
7.10511
7.30801
7.20811
7.14803
7.2279
7.4029
7.36094
7.28703
7.20596
7.16782
7.27797
7.2
7.19213
7.28798
7.26199
7.33495
7.21693
7.33995
7.28512
7.3359
7.15899
7.21192
7.32899
7.13205
7.24697
7.1919
7.31993
7.20119
7.231
7.27916
7.23481
7.30705
7.19905
7.2279
7.26199
7.35617
7.40886
7.18093
7.1671
7.29394
7.16901
7.231
7.21598
7.20692
7.22694
7.22623
7.26604
7.22599
7.41291
7.18403
7.31301
7.19905
7.35593
7.20406
7.16209
7.17783
7.32303
7.25389
7.17592
7.31421
7.18999
7.28798
7.40099
7.38883
7.12419
7.22694
7.35497
7.32493
7.20382
7.22408
7.33709
7.32803
7.28106
7.13706
7.22218
7.28083
7.26509
7.21002
7.14588
7.21312
7.29299
7.40099
7.27701
7.28798
7.32517
7.12585
7.40695
7.28297
7.20119
7.31182
7.24697
7.29299
7.18594
7.303
7.28512
7.17592
7.15184
7.236
7.67589
7.23505
7.24816
7.27487
7.24602
7.22694
7.19714
7.39598
7.3328
7.24316
7.22289
7.36403
7.19094
7.29203
7.19404
7.15494
7.24292
7.28011
7.32088
7.24602
7.2279
7.25818
7.20716
7.1919
7.16996
7.18808
7.20382
7.14803
7.21407
7.17306
7.26199
7.18093
7.2031
7.26891
7.35402
7.27081
7.2
7.25007
7.28607
7.39884
7.35307
7.14111
7.375
7.21383
7.19905
7.19404
7.27701
7.17998
7.33495
7.22289
7.13992
7.14517
7.23982
7.12299
7.20596
7.13205
7.20501
7.37095
7.18713
7.30801
7.24101
7.2031
7.31802
7.17998
7.14707
7.35211
7.303
7.25603
7.21288
7.22313
7.25985
7.30991
7.13515
7.18093
7.24006
7.32684
7.23004
7.24196
7.24506
7.18498
7.32994
7.26795
7.33614
7.3421
7.23505
7.31087
7.16805
7.24506
7.28893
7.25889
7.27606
7.22289
7.19118
7.06005
7.1981
7.28393
7.23004
7.2639
7.27391
7.27105
7.18594
7.09105
7.25698
7.33089
7.20501
7.17306
7.13515
7.231
7.25389
7.28512
7.28083
7.31707
7.35903
7.3781
7.27391
7.15899
7.10487
7.18594
7.13515
7.19976
7.31802
7.27582
7.24101
7.25889
7.2341
7.30085
7.21407
7.22504
7.22814
