4.498
4.44317
4.43697
4.45294
4.44698
4.44889
4.462
4.45199
4.47893
4.462
4.44913
4.45414
4.45104
4.4601
4.44007
4.46987
4.43792
4.44293
4.45104
4.45008
4.45294
4.44603
4.44484
4.46081
4.46296
4.45914
4.457
4.44794
4.44412
4.4558
4.47297
4.46296
4.44889
4.45199
4.47679
4.43602
4.457
4.45509
4.4601
4.45199
4.4558
4.4539
4.44508
4.44794
4.43602
4.44388
4.45199
4.457
4.45008
4.45104
4.48704
4.44913
4.45414
4.45986
4.46987
4.43912
4.43888
4.43697
4.47106
4.47202
4.462
4.46582
4.43697
4.43888
4.44293
4.43602
4.46916
4.47297
4.45604
4.45008
4.45294
4.4539
4.4589
4.45008
4.45318
4.47011
4.44698
4.47392
4.44794
4.44889
4.44412
4.47392
4.45104
4.48203
4.44794
4.45986
4.44293
4.45294
4.45294
4.45104
4.45318
4.45604
4.44388
4.457
4.44198
4.44794
4.46987
4.44698
4.45104
4.44102
4.44984
4.45199
4.44412
4.43888
4.4539
4.46105
4.45986
4.45104
4.44484
4.462
4.44102
4.45795
4.44508
4.44102
4.46296
4.43697
4.45294
4.47607
4.43602
4.44508
4.46296
4.4558
4.44913
4.48418
4.43912
4.43792
4.45104
4.46081
4.45509
4.43411
4.44484
4.44794
4.45795
4.43792
4.45294
4.44102
4.45008
4.45104
4.44007
4.43983
4.45604
4.44794
4.44698
4.44484
4.44102
4.4539
4.46701
4.45795
4.45008
4.44698
4.45104
4.47202
4.47106
4.44603
4.45509
4.47702
4.457
4.45008
4.44913
4.46582
4.46391
4.47106
4.45294
4.44603
4.45414
4.45104
4.46796
4.43792
4.43888
4.44508
4.45199
4.44603
4.47106
4.4539
4.46415
4.4601
4.46582
4.45294
4.47607
4.4508
4.45104
4.4539
4.4651
4.45199
4.43602
4.47702
4.45104
4.45819
4.43697
4.4651
4.44913
4.44984
4.46296
4.45795
4.45604
4.46391
4.45008
4.44508
4.45008
4.45008
4.43983
4.45008
4.43912
4.44603
4.44317
4.45414
4.45104
4.44388
4.45414
4.44889
4.44388
4.47106
4.43792
4.48394
4.46105
4.44698
4.45104
4.43912
4.44484
4.43602
4.43387
4.45008
4.45199
4.45604
4.44484
4.45294
4.47297
4.46391
4.4539
4.46296
4.45199
4.45008
4.44913
4.46486
4.46796
4.4558
4.44317
4.45294
4.44007
4.4601
4.44984
4.45294
4.45414
4.43912
4.4508
4.45294
4.45104
4.44317
4.44722
4.45509
4.44889
4.45294
4.4651
4.43912
4.44508
4.4539
4.45604
4.44913
4.4539
4.45104
4.46391
4.43888
4.462
4.4539
4.45485
4.45914
4.44913
4.45485
4.46796
4.45294
4.44913
4.45318
4.46796
4.45008
4.44913
4.43506
4.44794
4.46606
4.45604
4.45294
4.45008
4.42982
4.44388
4.4601
4.44913
4.44722
4.46105
4.47106
4.44412
4.44794
4.44603
4.462
4.46796
4.45104
4.45008
4.43888
4.44293
4.46701
4.45199
4.44293
4.46105
4.44198
4.457
4.44603
4.44889
4.45509
4.44698
4.4539
4.45509
4.46701
4.457
4.44412
4.44508
4.44603
4.44198
4.4601
4.44007
4.47202
4.44603
4.46987
4.44102
4.4589
4.43697
4.44484
4.44984
4.43697
4.48298
4.45008
4.4632
4.44889
4.44293
4.44794
4.47202
4.45104
4.4539
4.47202
4.46701
4.462
4.44007
4.43697
4.46701
4.44698
4.44603
4.45104
4.46081
4.44317
4.44603
4.4601
4.4558
4.45294
4.4651
4.44007
4.46415
4.44794
4.45294
4.46892
4.45294
4.45986
4.45509
4.44102
4.45008
4.45104
4.46892
4.45294
4.45294
4.44603
4.46105
4.43482
4.44293
4.45795
4.44484
4.43792
4.45104
4.46296
4.4539
4.44293
4.43316
4.46916
4.45604
4.45986
4.44603
4.46105
4.44913
4.45604
4.46796
4.48298
4.45795
4.46701
4.46987
4.46892
4.46105
4.44102
4.462
4.43602
4.46296
4.44508
4.46415
4.45604
4.45795
4.43912
4.44794
4.44317
4.47512
4.44984
4.44698
4.45509
4.46916
4.45986
4.45199
4.44794
4.44388
4.45199
4.46701
4.4632
4.43816
4.44317
4.44388
4.4539
4.44102
4.44293
4.46987
4.43912
4.44508
4.44293
4.45104
4.45604
4.43792
4.45104
4.43387
4.45199
4.45104
4.45509
4.47416
4.45914
4.44889
4.46391
4.46701
4.44603
4.45414
4.44102
4.45795
4.46916
4.462
4.46415
4.44889
4.457
4.44603
4.44794
4.457
4.44007
4.45199
4.43602
10.057
4.462
4.46391
4.45294
4.44913
4.44198
4.46391
4.44484
4.457
4.44102
4.45819
4.45199
4.44508
4.45199
4.44484
4.4601
4.462
4.45795
4.46081
4.45199
4.44794
4.457
4.44293
4.44007
4.46296
4.457
4.44412
4.45104
4.46796
4.4589
4.44603
4.44508
4.45509
4.47178
4.4651
4.42791
4.4539
4.45485
4.44794
4.45509
4.45199
4.48298
4.45414
4.45414
4.44889
4.44102
4.45509
4.46105
