6.62899
3.31283
3.335
3.32618
3.32284
3.32999
3.33095
3.31998
3.31783
3.335
3.31283
3.31998
3.34096
3.30997
3.34597
3.31807
3.31807
3.31306
3.33214
3.32308
3.31807
3.32785
3.31497
3.32189
3.32284
3.32189
3.33285
3.30997
3.32117
3.32308
3.3381
3.31593
3.32189
3.32689
3.32189
3.31783
3.32093
3.32594
3.32022
3.32904
3.31998
3.34597
3.31306
3.31712
3.31712
3.32594
3.32308
3.31712
3.31402
3.31688
3.32999
3.31211
3.31998
3.31903
3.33381
3.32308
3.31807
3.32308
3.32308
3.32117
3.33595
3.31998
3.31497
3.32093
3.32499
3.33309
3.33214
3.3381
3.32403
3.32189
3.32308
3.33214
3.31306
3.32403
3.32808
3.32212
3.32904
3.32117
3.33595
3.31402
3.33405
3.33381
3.32284
3.32594
3.33285
3.31402
3.32212
3.32117
3.33905
3.34001
3.31807
3.32618
3.32808
3.31616
3.32999
3.34287
3.32594
3.32522
3.33095
3.32594
3.33905
3.32785
3.32594
3.31903
3.31998
3.30997
3.31903
3.31497
3.335
3.34215
3.31306
3.31879
3.32189
3.32999
3.32212
3.32808
3.31402
3.31998
3.335
3.32594
3.32284
3.32189
3.32284
3.32284
3.31998
3.33619
3.31306
3.31616
3.31306
3.31306
3.32689
3.31712
3.32403
3.31187
3.31903
3.33095
3.31187
3.30591
3.31903
3.32808
3.34501
3.32093
3.31688
3.31879
3.31807
3.32618
3.32212
3.33405
3.32093
3.32904
3.32212
3.31998
3.33285
3.32093
3.32904
3.33381
3.31807
3.31712
3.32499
3.32499
3.32093
3.31402
3.32904
3.32785
3.31497
3.32713
3.31616
3.33214
3.30806
3.32308
3.3381
3.31521
3.31211
3.31807
3.31903
3.31593
3.31998
3.32785
3.31211
3.32999
3.32189
3.33095
3.33118
3.32499
3.32594
3.31593
3.31998
3.31092
3.31807
3.31903
3.32212
3.31998
3.30782
3.31783
3.33595
3.32999
3.33595
3.32403
3.335
3.32189
3.32403
3.32212
3.32594
3.32499
3.32403
3.32594
3.32189
3.32308
3.32594
3.31998
3.32212
3.34191
3.31593
3.32189
3.32618
3.34215
3.32999
3.32689
3.32308
3.31998
3.31879
3.34001
3.32403
3.32999
3.335
3.32284
3.32403
3.33095
3.32093
3.34382
3.32594
3.31807
3.31903
3.32308
3.32022
3.31998
3.33405
3.32594
3.33381
3.32713
3.31187
3.32689
3.33691
3.31783
3.34382
3.32308
3.31593
3.32594
3.32522
3.32308
3.31712
3.32117
3.31998
3.31283
3.32999
3.31807
3.3102
3.3381
3.33095
3.33881
3.33095
3.32403
3.31593
3.31998
3.31497
3.33595
3.31807
3.33309
3.32499
3.31306
3.33095
3.32212
3.33214
3.32117
3.32212
3.31712
3.31712
3.32904
3.32189
3.32785
3.32379
3.31402
3.31306
3.32785
3.32093
3.31378
3.3319
3.32403
3.32904
3.31616
3.32403
3.34215
3.32308
3.32499
3.32284
3.31998
3.32618
3.31807
3.31092
3.32904
3.31783
3.31712
3.33405
3.32904
3.32618
3.32499
3.31783
3.31497
3.32117
3.31807
3.32904
3.33095
3.31998
3.31998
3.32594
3.31497
3.32403
3.33595
3.32403
3.32189
3.32212
3.31688
3.34597
3.33309
3.31712
3.31998
3.32499
3.32999
3.31497
3.32522
3.32689
3.32999
3.34501
3.33095
3.32284
3.32689
3.32594
3.32999
3.32594
3.33095
3.32212
3.32403
3.32594
3.33309
3.32594
3.34215
3.34096
3.32689
3.33405
3.32308
3.32189
3.31998
3.33595
3.32403
3.31998
3.31879
3.3381
3.31712
3.32713
3.32093
3.33309
3.32713
3.32999
3.31712
3.31688
3.32189
3.31593
3.30997
3.31903
3.32189
3.31903
3.32713
3.32403
3.32499
3.33405
3.31712
3.31378
3.31807
3.32999
3.33691
3.33095
3.33405
3.32785
3.32499
3.33214
3.31903
3.33786
3.32284
3.31593
3.33405
3.32189
3.32308
3.32785
3.32904
3.31712
3.31807
3.3288
3.32189
3.31998
3.32189
3.31497
3.32189
3.33405
3.31903
3.32403
3.32022
3.32999
3.31616
3.33095
3.3319
3.31092
3.335
3.33285
3.31211
3.31807
3.32093
3.32808
3.32499
3.32904
3.32689
3.31998
3.32499
3.335
3.32117
3.31807
3.31712
3.32308
3.31998
3.32808
3.33405
3.31211
3.32713
3.34501
3.30901
3.31998
3.32308
3.31998
3.31903
3.34001
3.32403
3.31306
3.32618
3.32808
3.32499
3.32904
3.30901
3.32522
3.32904
3.32999
3.32999
3.32308
3.32117
3.32308
3.32093
3.33285
3.32189
3.33786
3.32594
3.32689
3.32308
3.32403
3.34501
3.31998
3.31283
3.32093
3.32499
3.32403
3.31402
3.33881
3.32594
3.32904
3.3381
3.32189
3.31306
3.31593
3.31402
3.32212
3.32308
3.31903
3.32689
3.34287
3.31903
3.31688
3.32499
3.32403
3.3288
3.31807
3.31807
3.31998
3.32499
3.32499
3.31306
3.31998
3.31783
3.31306
3.32308
3.335
3.3319
3.31998
3.31688
3.31807
3.31497
3.31402
3.31903
3.32689
3.32189
3.32999
3.32594
3.32689
3.32689
3.31497
3.32403
3.33405
3.32689
3.31783
3.31497
3.31998
3.31998
3.31187
3.31283
3.32308
3.31712
3.32594
3.31688
3.32284
3.32308
3.32594
3.30901
3.31116
3.31712
3.32212
3.31306
3.32499
3.32093
3.33095
3.33214
3.31116
3.32904
3.32689
3.31712
3.32808
3.335
3.32499
3.3288
3.31092
3.31688
3.32499
3.31998
3.34096
3.32785
3.31593
3.32093
3.32212
3.32117
3.30901
3.31998
3.31402
3.31521
3.31402
3.31879
3.33309
3.32594
3.32689
3.32713
3.32808
3.34501
3.31593
3.31688
3.32999
3.31998
3.31998
3.31306
3.32212
3.32999
3.31712
3.32284
3.32499
3.32808
3.32022
3.33405
3.32499
3.32999
3.32689
3.31211
3.32499
3.32093
3.33309
3.32117
3.31593
3.31688
3.31903
3.32308
3.32093
3.32499
3.32904
3.32022
3.32499
3.33285
3.32284
3.32189
3.32713
3.32189
3.33095
3.33786
3.31402
3.31497
3.32785
3.33691
3.32594
3.31903
3.32379
3.34096
3.31306
3.32904
3.32284
3.32308
3.30806
3.32403
3.32403
3.32499
3.31211
3.32093
3.30806
3.3381
3.32093
3.32189
3.335
3.31879
3.32594
3.31998
3.31497
3.31593
3.33714
3.31211
3.32117
3.31306
3.31306
3.3288
3.32999
3.32713
3.34406
3.31402
3.32212
3.33309
3.31903
3.32308
3.32093
3.32904
3.33786
3.32403
3.34096
3.31807
3.31903
3.31903
3.33595
3.32594
3.32689
3.31688
3.32689
3.31187
3.32904
3.32785
3.31402
3.32713
3.31807
3.32999
3.32403
3.31688
3.33309
3.32499
3.32093
3.32999
3.32999
3.32308
3.31998
3.32618
3.34501
3.33714
3.32618
3.33095
3.33691
3.31903
3.33095
3.33905
3.34191
3.32499
3.32808
3.31807
3.3319
3.31879
3.31998
3.31283
3.32999
3.31616
3.31497
3.33691
3.32379
3.33095
3.32189
3.3288
3.32594
3.31688
3.32403
3.31593
3.31402
3.32093
3.32904
3.33214
3.31306
3.32594
3.32093
3.31998
3.32308
3.34597
3.31807
3.32117
3.31688
3.32403
3.32117
3.3319
3.31998
3.32403
3.31688
3.32403
3.31998
3.32189
3.33309
3.33595
3.33405
3.32308
3.32093
3.31998
3.32093
3.32713
3.335
3.32499
3.31807
3.31807
3.31712
3.31593
3.34692
3.31593
3.31998
3.32904
3.33691
3.31187
3.33118
3.31712
3.33095
3.34001
3.31998
3.32499
3.32403
3.32403
3.32403
3.31712
3.32499
3.31998
3.32499
3.32808
3.30901
3.31283
3.32189
3.33285
3.31402
3.31283
3.30901
3.32212
3.31712
3.31903
3.32999
3.31593
3.31521
3.32999
3.31497
3.33405
3.32403
3.32499
3.3102
3.32594
3.31998
3.32618
3.31998
3.32499
3.33214
3.33691
3.31807
3.3319
3.32189
3.31903
3.32808
3.31306
3.31807
3.32022
3.32189
3.32308
3.34096
3.32499
3.31521
3.32499
3.33595
3.32594
3.32308
3.34096
3.31998
3.32904
3.31283
3.31593
3.31187
3.32689
3.34191
3.32189
3.33595
3.31402
3.3319
3.32022
3.32308
3.31807
3.32618
3.32594
3.31903
3.32403
3.31187
3.32499
3.31998
3.31187
3.33309
3.31402
3.31283
3.32403
3.31903
3.31807
3.31616
3.31998
3.32618
3.31712
3.34001
3.31688
3.31903
3.32499
3.32808
3.33595
3.31306
3.31402
3.32093
3.31998
3.31998
3.32308
3.32403
3.32904
3.32403
3.32403
3.31593
3.32689
3.32308
3.32189
3.32594
3.32284
3.31688
3.31998
3.31116
3.34311
3.31998
3.33405
3.3381
3.31187
3.32999
3.32499
3.32284
3.31903
3.32022
3.34311
3.31712
3.32808
3.32093
3.31998
3.32308
3.33214
3.32999
3.31402
3.31903
3.32689
3.31593
3.32785
3.31688
3.32594
3.32212
3.31306
3.335
3.32999
3.33595
3.31521
3.32713
3.32594
3.31593
3.32284
3.31402
3.31998
3.32403
3.31211
3.31998
3.31092
3.32999
3.33095
3.31783
3.31593
3.32093
3.33381
3.32189
3.31998
3.31378
3.32999
3.31807
3.31879
3.32308
3.32403
3.32499
3.30806
3.33214
3.31593
3.31497
3.32093
3.32093
3.33405
3.32499
3.34001
3.31402
3.31807
3.31807
3.31879
3.31402
3.33095
3.32499
3.33118
3.32093
3.32403
3.33214
3.31807
3.32117
3.32999
3.31688
3.32022
3.32904
3.32713
3.32308
3.32689
3.32808
3.32594
3.32403
3.31998
3.33285
3.31807
3.31593
3.33786
3.31593
3.31783
3.32189
3.33405
3.32522
3.31807
3.31211
3.31903
3.32117
3.32212
3.32999
3.33285
3.32093
3.32212
3.335
3.31903
3.32618
3.3319
3.31688
3.32785
3.32785
3.31402
3.32999
3.31783
3.32189
3.31807
3.33309
3.33309
3.32403
3.31402
3.32689
3.32189
3.32093
3.32189
3.32189
3.33714
3.34406
3.31497
3.31807
3.33285
3.32999
3.335
3.30806
3.31712
3.31116
3.31807
