14.3368
14.2858
14.2591
14.267
14.2651
14.3168
14.256
14.298
14.298
14.2579
14.323
14.3609
14.2829
14.2879
14.2879
14.2622
14.257
14.2982
14.3449
14.2419
14.2541
14.262
14.2691
14.2741
14.287
14.2882
14.292
14.3211
14.3759
14.2679
14.2939
14.2832
14.272
14.2772
14.2181
14.298
14.257
14.287
14.2879
14.255
14.22
14.292
14.266
14.25
14.271
14.2858
14.2429
14.327
14.3199
14.2751
14.281
14.323
14.261
14.245
14.255
14.2808
14.2789
14.3349
14.2672
14.276
14.3731
14.3049
14.2779
14.3242
14.261
14.3731
14.2908
14.2999
14.2989
14.3261
14.318
14.2782
14.328
14.3442
14.3609
14.303
14.2791
14.293
14.267
14.2772
14.2879
14.3428
14.3309
14.3261
14.2832
14.287
14.3101
14.2782
14.3049
14.3089
14.272
14.2961
14.3042
14.3399
14.2288
14.287
14.2992
14.307
14.236
14.2641
14.36
14.3139
14.2658
14.2779
14.291
14.303
14.2469
14.2672
14.297
14.339
14.271
14.267
14.2491
14.2329
14.251
14.298
14.2901
14.298
14.257
14.3361
14.303
14.281
14.2572
14.2601
14.2739
14.2689
14.365
14.3051
14.2441
14.2589
14.2279
14.322
14.2889
14.2622
14.2419
14.2522
14.272
14.282
14.3049
14.3051
14.293
14.2829
14.2851
14.36
14.2572
14.293
14.2679
14.3399
14.292
14.292
14.3239
14.2679
14.2729
14.3318
14.2429
14.2722
14.2639
14.2679
14.2729
14.2989
14.2541
14.3359
14.359
14.2839
14.2598
14.23
14.2488
14.287
14.2789
14.271
14.256
14.25
14.287
14.2879
14.3449
14.292
14.2779
14.2622
14.277
14.3461
14.2691
14.323
14.293
14.2758
14.2829
14.3321
14.3061
14.3511
14.2651
14.287
14.276
14.287
14.256
14.241
14.2632
14.303
14.3192
14.24
14.266
14.272
14.3089
14.3499
14.2329
14.2348
14.2839
14.2882
14.2801
14.318
14.272
14.2932
14.2589
14.36
14.2469
14.2539
14.2312
14.3249
14.2581
14.2641
14.292
14.2629
14.266
14.291
14.3421
14.2829
14.317
14.3352
14.257
14.25
14.2491
14.3201
14.303
14.257
14.3251
14.297
14.307
14.348
14.293
14.3161
14.277
14.2331
14.2269
14.353
14.246
14.281
14.3421
14.317
14.3261
14.3311
14.2641
14.255
14.2541
14.271
14.3101
14.2601
14.3731
14.3101
14.317
14.2281
14.2939
14.2751
14.3559
14.2961
14.251
14.3061
14.308
14.2798
14.2622
14.2601
14.339
14.3502
14.3158
14.2958
14.3569
14.3118
14.272
14.308
14.3421
14.251
14.267
14.2109
14.396
14.257
14.286
14.2729
14.272
14.2848
14.2591
14.302
14.2961
14.2791
14.333
14.3301
14.343
14.2219
14.297
14.307
14.2798
14.3099
14.3421
14.293
14.2901
14.369
14.251
14.2322
14.293
14.2651
14.235
14.308
14.272
14.2779
14.2808
14.2488
14.241
14.2891
14.2839
14.2918
14.281
14.2779
14.251
14.2841
14.292
14.25
14.276
14.3068
14.2789
14.241
14.313
14.185
14.235
14.2801
14.3061
14.3061
14.364
14.235
14.2689
14.3061
14.287
14.292
14.2629
14.292
14.2858
14.25
14.2999
14.282
14.2441
14.2851
14.2891
14.3189
14.307
14.303
14.2529
14.262
14.2879
14.3099
14.282
14.245
14.3089
14.3571
14.297
14.3218
14.2751
14.2629
14.2531
14.2939
14.343
14.255
14.2379
14.318
14.271
14.261
14.255
14.3089
14.3058
14.281
14.291
14.236
14.3201
14.2641
14.2369
14.287
14.3049
14.329
14.282
14.2999
14.2341
14.281
14.3149
14.2488
14.2722
14.2648
14.3158
14.2698
14.256
14.286
14.287
14.3609
14.287
14.298
14.3111
14.266
14.281
14.291
14.2679
14.287
14.312
14.2789
14.3089
14.261
14.25
14.2989
14.282
14.2999
14.255
14.338
14.2961
14.308
14.277
14.287
14.2739
14.2839
14.2601
14.2891
14.2279
14.251
14.3051
14.2591
14.2839
14.272
14.328
14.292
14.3311
14.2679
14.297
14.3409
14.303
14.308
14.2961
14.2901
14.2581
14.2648
14.2589
14.2601
14.276
14.2429
14.2131
14.3039
14.2479
14.2601
14.302
14.3502
14.2939
14.3061
14.282
14.2882
14.2829
14.2748
14.3549
14.2939
14.281
14.312
14.3051
14.308
14.2939
14.272
14.2801
14.2629
14.2639
14.2958
14.2772
14.3039
14.3001
14.2891
14.2689
14.2779
14.282
14.302
14.329
14.3189
14.225
14.2601
14.327
14.292
14.2622
14.245
14.292
14.2729
14.2658
14.329
14.24
14.2951
14.256
14.2941
14.2651
14.2682
14.2748
14.3139
14.2601
14.3239
14.266
14.2829
14.2751
14.2572
14.302
14.3352
14.297
14.276
14.302
14.2701
14.3108
14.302
14.2469
14.2829
14.292
14.2701
14.3142
14.307
14.3161
14.267
14.2949
14.2598
14.261
14.2779
14.2479
14.2469
14.2899
14.2672
14.282
14.2469
14.2782
14.276
14.2419
14.3359
14.2801
14.2441
14.272
14.2839
14.2789
14.2941
14.2789
14.328
14.323
14.3082
14.303
14.2949
14.266
14.3139
14.3151
14.286
14.2682
14.2889
14.2879
14.313
14.2872
14.257
14.291
14.2548
14.307
14.38
14.303
14.3259
14.302
14.2469
14.2782
14.257
14.2791
14.2219
14.3509
14.2682
14.2529
14.3149
14.2851
14.36
14.3218
14.317
14.276
14.2798
14.293
14.3549
14.2839
14.343
14.2891
14.246
14.2791
14.302
14.3461
14.3211
14.302
14.308
14.2779
14.2641
14.2479
14.3049
14.2431
14.2879
14.3201
14.2801
14.2579
14.2999
14.2832
14.2779
14.267
14.2789
14.2791
14.286
14.286
14.2879
14.3061
14.303
14.3301
14.312
14.2901
14.2679
14.2789
14.2732
14.2651
14.2889
14.307
14.2798
14.297
14.272
14.251
14.2689
14.2598
14.2589
14.2529
14.2932
14.245
14.277
14.2879
14.276
14.2469
14.271
14.2682
14.267
14.267
14.2639
14.3218
14.3118
14.2639
14.2448
14.276
14.2989
14.2772
14.313
14.261
14.2701
14.2598
14.2982
14.2801
14.313
14.2782
14.3559
14.3039
14.3061
14.3449
14.2748
14.2748
14.276
14.2779
14.303
14.25
14.2479
14.276
14.2651
14.292
14.2851
14.2229
14.338
14.2519
14.3111
14.2341
14.255
14.277
14.2698
14.3168
14.2648
14.2908
14.2598
14.262
14.3001
14.322
14.2572
14.2629
14.2272
14.3099
14.2729
14.3139
14.2848
14.2832
14.302
14.267
14.235
14.2679
14.339
14.2601
14.2951
14.322
14.3111
14.2641
14.291
14.246
14.3931
14.2369
14.2512
14.2839
14.2698
14.2782
14.293
14.271
14.3218
14.297
14.3011
14.3061
14.3149
14.2901
14.2491
14.2801
14.3321
14.2541
14.2372
14.2729
14.3371
14.2632
14.2701
14.2379
14.2388
14.2639
14.3039
14.3001
14.3301
14.276
14.255
14.3459
14.2739
14.2782
14.3089
14.2801
14.2651
14.2992
14.293
14.2801
14.2341
14.276
14.281
14.2791
14.2639
14.2829
14.282
14.313
14.2479
14.2839
14.2951
14.2801
14.2879
14.2941
14.24
14.282
14.2441
14.3042
14.2889
14.3259
14.255
14.3039
14.2422
14.282
14.2369
14.287
14.281
14.2429
14.2469
14.3001
14.262
14.37
14.312
14.2469
14.2651
14.312
14.2732
14.317
14.2741
14.255
14.272
14.2682
14.2989
14.2782
14.271
14.2601
14.24
14.277
14.3509
14.25
14.2179
14.2541
14.2941
14.3099
14.277
14.2801
14.261
14.2472
14.2848
14.2739
14.2982
14.241
14.272
14.2479
14.2741
14.3371
14.3209
14.2858
14.277
14.277
14.317
14.281
14.251
14.2641
14.266
14.3118
14.2958
14.313
14.297
14.2519
14.282
14.307
14.2479
14.3139
14.3371
14.2941
14.291
14.262
14.3099
14.2992
14.2541
14.226
14.2941
14.2639
14.276
14.2579
14.271
14.3111
14.2832
14.2601
14.2889
14.2539
14.3261
14.2381
14.327
14.308
14.3199
14.3032
14.2539
14.2529
14.2791
14.317
14.276
14.287
14.3058
14.297
14.2879
14.257
14.277
14.2751
14.3292
14.2989
14.3032
14.3049
14.246
14.2319
14.2751
14.2779
14.291
14.2632
14.266
14.2651
14.24
14.2701
14.2779
14.3239
14.241
14.2801
14.2801
14.246
14.2949
14.2732
14.246
14.2801
14.277
14.3061
14.2741
14.394
14.2441
14.2801
14.312
14.308
14.2901
14.251
14.236
14.3039
14.277
14.2698
14.3049
14.2992
14.287
14.2531
14.3299
14.303
14.3111
14.2331
14.2829
14.276
14.307
14.2789
14.2519
14.282
14.2841
14.3042
14.2801
14.328
14.2961
14.313
14.3042
14.24
14.277
14.297
14.2889
14.2539
14.292
14.2579
14.2832
14.246
14.297
14.3082
14.257
14.2751
14.21
14.3201
14.256
14.2882
14.287
14.271
14.2891
14.369
14.225
14.317
14.2858
14.2679
14.292
14.276
14.291
14.2908
14.2448
14.2708
14.3139
14.302
14.3092
14.241
14.2829
14.2841
14.312
14.3051
14.2591
14.3249
14.3352
14.257
14.344
14.312
14.3199
14.2651
14.221
14.2791
14.3049
14.286
14.24
14.2708
14.235
14.246
14.2891
14.2851
14.3149
14.2579
14.298
14.262
14.2469
14.2689
14.2848
14.2431
14.2992
14.276
14.287
14.3371
14.3092
14.25
14.2829
14.318
14.2539
14.2262
14.308
14.3919
14.2798
14.312
14.2851
