262.506
252.158
252.473
251.789
251.1
251.607
251.244
251.661
251.04
250.791
250.017
250.285
249.574
249.344
249.253
248.643
248.514
250.438
248.66
248.592
247.878
248.27
247.67
247.665
250.886
247.085
247.02
251.407
247.165
253.385
246.324
247.659
247.191
247.627
246.705
247.27
247.299
248.068
247.239
247.47
247.686
247.187
246.57
246.848
247.403
247.722
246.929
246.789
247.941
248.156
247.498
247.19
247.189
248.023
247.006
246.849
247.529
246.964
247.831
247.337
247.443
247.393
247.771
246.909
247.308
247.358
247.151
247.115
247.084
247.049
247.255
247.182
246.934
246.448
247.58
247.163
247.104
246.983
246.737
247.825
247.103
247.001
247.192
247.698
247.502
247.016
247.246
247.201
247.293
247.259
247.363
247.148
247.357
247.272
247.283
246.968
247.152
247.444
246.917
247.723
