30.992
30.736
30.982
31.3151
31.0631
31.255
31.3289
31.3239
31.142
30.9689
30.6239
31.065
30.8669
30.8099
31.2951
30.827
31.3611
30.8249
31.106
31.0051
31.1451
31.3592
30.9241
31.266
30.787
31.7891
30.9758
30.9479
31.292
30.7038
30.8681
31.1971
31.291
30.8721
30.8092
30.8781
31.0421
31.039
31.1329
31.0738
30.9341
31.2901
30.642
31.1968
30.9451
31.5831
30.8039
31.42
30.9401
30.6208
31.39
30.8208
30.91
31.3051
31.239
31.1759
31.11
30.7591
30.8609
30.817
30.802
30.6931
31.111
31.2181
30.982
31.148
30.9851
30.9162
31.2619
31.0838
30.931
30.9398
30.616
30.9911
30.828
31.2109
31.359
31.0051
30.781
30.8342
31.1229
31.059
31.0571
31.0621
31.3902
31.0471
31.1589
31.3659
30.9551
31.0662
30.859
31.0459
31.2591
30.9598
31.029
30.9758
31.0709
30.9989
31.194
30.9942
30.875
30.977
30.6442
31.251
31.0349
30.8158
30.9429
31.5089
31.069
30.5929
31.0299
30.92
31.1801
31.013
31.08
31.0111
31.1999
31.1279
30.807
30.827
30.617
31.0371
31.5721
31.1959
30.674
31.261
30.9949
30.894
31.0502
30.6141
30.715
31.199
30.767
30.9281
30.9272
31.2161
30.7112
31.3249
31.0969
31.0559
31.076
31.0991
30.7748
30.993
31.1708
31.1289
30.8189
30.9489
30.9091
31.6589
31.08
31.4999
30.9818
30.848
31.0721
31.0311
31.338
31.1289
31.383
31.0721
30.798
31.132
31.0919
31.08
31.0881
31.0092
30.7581
30.854
30.72
30.791
30.829
31.044
31.1289
31.3742
30.8051
31.0659
31.426
30.9808
31.1289
30.7829
30.709
31.179
30.797
31.1141
31.3311
31.332
31.0371
31.4071
31.256
30.8769
30.956
31.2901
31.0318
30.7829
31.4469
31.126
30.7429
30.859
31.121
31.378
30.7829
31.24
31.1949
31.517
31.3909
31.141
30.874
30.6139
30.6299
31.0769
31.07
31.2779
31.338
31.024
30.946
31.0779
31.466
30.8971
30.9091
30.709
31.1542
31.0481
30.982
30.766
31.2209
30.8769
30.9949
30.8969
31.142
31.4231
31.1539
30.9489
31.472
30.782
30.874
30.787
30.8371
31.5659
30.9238
31.6079
31.0519
30.6211
31.158
31.3909
30.6251
31.0018
31.285
30.8111
31.2049
31.492
31.337
30.298
31.0261
31.0881
30.8788
30.7841
31.0359
31.347
30.8039
31.184
30.762
31.271
30.973
31.039
31.4472
31.383
31.3241
31.373
30.879
31.0161
30.998
31.199
31.055
31.7049
30.8709
31.4829
31.292
30.8971
31.2719
30.9751
31.2409
30.8509
31.045
30.874
31.2788
31.0419
31.477
30.8311
31.5509
31.2948
31.3289
31.3079
30.647
31.0152
31.388
30.935
31.014
30.9699
31.1549
31.008
31.1971
31.2219
31.2829
31.0669
30.9589
30.9079
31.225
31.395
30.8971
31.399
30.8878
31.111
30.678
30.9961
31.2569
30.818
30.6211
31.2111
31.255
30.5302
31.142
30.6919
30.9019
30.9238
30.848
31.2431
30.911
30.992
31.1308
31.0621
30.755
30.5381
31.0562
30.7741
31.0822
31.0252
31.3289
30.906
30.9951
31.4732
30.812
30.8859
30.8368
31.3439
30.565
31.0969
30.9269
31.1952
31.4291
31.239
31.157
30.8909
31.1441
31.301
31.589
30.947
30.93
30.798
31.369
31.0972
31.188
30.931
31.143
30.726
31.121
31.1642
30.6799
31.074
31.4271
31.0972
31.1401
30.8752
31.3351
30.9901
31.086
31.0931
30.91
31.5421
31.2521
31.1899
31.3101
31.1561
31.0628
31.132
31.0359
31.1601
31.338
31.353
30.916
30.9291
30.9439
31.4898
31.1229
31.466
31.4221
31.1141
31.168
30.9501
31.2161
31.2991
31.3029
31.0299
31.106
30.9031
30.7512
31.2021
31.4322
31.0769
31.0421
30.9441
31.1341
30.864
31.327
31.1639
30.7939
30.761
31.0688
30.8549
30.941
31.1821
30.931
30.997
31.7631
30.9832
31.111
31.4109
31.2068
31.076
31.2791
31.028
31.2119
30.9811
31.2152
30.8311
30.9479
31.3311
30.8771
30.9892
31.1289
31.0869
30.7989
31.234
30.9281
30.818
31.163
30.9401
30.967
31.069
30.7271
31.1561
31.1148
30.9711
31.26
31.049
31.565
31.2281
30.925
31.28
31.292
31.1191
31.0569
31.601
31.481
31.285
30.7
30.7119
30.5459
31.147
30.6962
30.76
31.1198
30.987
31.2412
31.0791
30.9601
31.0168
31.4629
31.064
30.9222
30.9741
31.0771
30.6771
31.3671
31.2679
30.879
30.627
31.307
30.905
30.8089
30.885
30.961
30.7939
31.6262
31.0249
31.039
31.1601
31.2932
30.9842
30.76
30.6489
30.8161
30.8099
30.998
31.3971
31.1892
30.8399
31.229
31.24
31.1201
31.023
31.065
31.4071
30.931
31.184
31.3151
31.0349
31.405
31.069
30.6799
31.0879
30.894
31.07
31.276
31.0571
31.0199
31.743
30.931
31.163
30.7279
31.143
31.039
31.5921
31.2572
31.1232
31.142
31.2951
31.2159
31.086
31.2212
30.7291
30.8161
31.019
31.1451
30.7901
31.559
31.177
31.3191
30.643
31.1129
30.8719
31.069
31.5039
31.276
31.1391
31.0671
31.5421
30.8771
31.3771
30.7858
31.1949
31.2109
31.605
30.988
30.9751
31.1491
30.988
31.1549
31.1198
31.0609
30.6151
30.92
30.7169
31.4329
31.0409
30.833
31.0311
31.2929
30.894
31.086
30.9391
30.8509
31.0168
30.6821
30.6981
31.2161
31.204
31.0891
30.9942
31.1
31.302
31.229
31.0779
31.0519
30.766
30.9889
31.292
30.793
31.213
31.4279
31.019
31.0121
30.8528
31.3179
31.6429
31.0659
31.2111
30.9541
30.9861
31.6339
31.111
30.858
30.9799
30.8781
31.126
30.7028
31.2169
31.4331
30.956
31.3711
30.968
31.009
31.106
31.1222
31.2779
31.1301
31.383
31.157
30.587
30.9298
30.8499
31.0209
31.287
31.2459
31.0621
30.8301
31.564
31.074
31.3191
31.368
30.7789
30.8881
30.6981
31.3392
31.2932
30.817
31.09
30.8201
30.57
31.558
30.7319
30.9238
31.2369
30.9529
31.4939
31.1139
30.859
31.4631
31.0709
31.348
31.1911
31.1091
30.8149
31.045
31.2901
31.275
31.0681
31.07
30.8552
30.849
30.5078
31.455
31.4112
30.798
30.952
30.987
30.966
31.122
31.3749
30.9041
31.4012
30.833
31.2338
31.0941
31.0049
31.405
30.684
31.208
31.0349
31.0521
31.517
30.844
31.3482
30.9961
30.8251
30.7941
31.2381
31.0431
31.3139
31.6179
31.0092
30.9451
31.2591
31.307
30.9081
30.9491
30.9541
31.132
31.002
31.1592
30.9219
30.8681
31.4131
30.8812
30.9529
30.9539
30.6439
30.8509
30.894
31.0731
31.5931
31.2681
31.1902
31.002
30.987
30.7779
31.1229
30.555
30.988
31.2779
30.9379
30.9861
31.7349
31.2991
30.8361
31.2872
30.942
30.8199
30.813
30.7512
31.1651
30.73
30.6909
31.2309
30.993
31.075
30.726
31.2121
31.029
30.8001
31.0161
31.2541
31.1902
31.074
30.9548
30.8239
30.792
31.1711
30.8752
30.9741
30.966
31.3108
30.9379
31.357
31.275
30.9498
31.0678
30.983
30.9649
30.936
31.188
30.8909
31.2178
30.863
30.91
31.0061
30.5729
31.002
30.992
30.987
30.8111
30.8468
31.455
30.8721
31.183
30.602
30.987
31.136
31.018
30.8161
31.311
31.163
30.9122
30.8521
31.3251
31.3601
30.9119
31.132
31.172
31.2281
31.05
31.5509
31.287
31.0419
30.941
30.8859
31.1432
31.2631
31.0962
31.0841
31.0161
31.0659
30.8871
31.06
31.538
31.5261
31.1961
30.7002
31.157
31.0581
31.0719
30.9169
31.024
30.9601
30.7591
30.7832
31.502
31.0051
30.8981
31.3559
30.786
31.131
31.0309
31.0149
31.3039
31.0369
30.8089
31.209
31.347
31.0619
30.6649
30.9229
31.1899
31.1079
31.0829
30.9839
31.4109
30.9379
31.0812
31.121
31.487
31.2741
30.7729
31.322
30.7341
31.1861
31.27
31.215
30.91
31.132
30.869
30.9789
30.8449
30.9842
30.8301
31.0631
31.0051
30.961
31.245
31.0762
31.27
30.89
31.143
30.818
30.735
31.1038
31.292
30.7739
31.0431
30.946
31.1189
31.5349
31.3609
31.1239
31.0738
30.967
30.5209
31.004
30.956
31.2259
31.0869
30.503
30.7689
30.9091
30.9432
30.936
30.992
31.225
30.8089
31.225
30.889
31.1561
31.0202
31.296
31.1189
30.973
31.6331
31.4312
30.797
31.512
30.988
31.8639
31.2052
31.0612
30.818
31.2541
30.8561
31.1801
31.075
31.0249
31.342
30.962
31.342
30.8239
31.2059
31.1668
30.786
31.105
31.2278
31.112
31.116
30.834
30.8409
31.199
30.7701
31.0261
31.229
30.8158
31.0531
31.44
31.0712
30.9961
31.074
30.864
30.6971
31.1251
31.1852
30.756
31.225
31.0271
31.1432
30.889
31.126
30.575
31.0771
31.1561
30.658
31.4119
31.1348
30.8959
31.147
31.029
30.968
31.039
31.04
31.379
30.715
31.1401
30.9782
31.323
31.024
31.394
31.4591
31.2471
30.7701
30.8878
30.853
31.0571
30.875
31.137
31.215
30.6852
30.587
31.5099
30.7951
31.662
31.004
31.044
31.1711
31.0071
31.2879
31.0469
31.105
30.652
31.2262
30.899
31.0318
31.07
31.1141
31.0621
30.6671
