167.881
159.257
159.593
159.822
160.419
160.651
160.208
161.192
161.046
160.676
161.415
160.917
161.586
161.507
161.34
160.949
160.935
160.901
161.583
167.988
168.368
162.22
160.666
165.629
165.84
160.739
160.188
165.839
167.755
160.082
159.383
159.517
159.299
159.352
159.176
160.329
160.262
160.693
160.221
156.161
153.547
158.922
159.11
153.57
153.192
160.331
159.06
153.126
153.458
159.354
159.21
153.253
159.061
158.627
159.142
153.076
155.785
155.792
154.733
153.001
153.112
155.807
156.319
156.326
155.666
156.275
155.742
155.349
156.007
156.783
155.424
157.877
155.25
158.202
155.803
157.828
155.42
155.459
155.761
155.689
155.842
155.481
157.156
155.276
155.264
155.457
155.462
155.901
155.564
157.926
159.742
155.439
155.367
155.679
155.345
155.464
155.273
155.296
155.306
156.086
