12.3038
7.47514
7.44891
7.50399
7.514
7.478
7.53093
7.51591
7.51019
7.46703
7.49612
7.51209
7.49707
7.5531
7.50399
7.5171
7.5171
7.47895
7.44796
7.49397
7.49588
7.48491
7.46298
7.50208
7.48205
7.50017
7.50494
7.53498
7.52592
7.44796
7.46512
7.50804
7.48706
7.48301
7.46608
7.48897
7.49183
7.49683
7.49087
7.45583
7.49302
7.47705
7.44677
7.51305
7.46202
7.48396
7.47895
7.48086
7.50685
7.47895
7.50017
7.49493
7.50589
7.48992
7.49898
7.48897
7.52807
7.51519
7.47108
7.49993
7.48491
7.47085
7.50279
7.52401
7.47514
7.48014
7.48897
7.49493
7.44915
7.49803
7.4532
7.50399
7.43508
7.4842
7.43294
7.47204
7.50208
7.51114
7.52997
7.49421
7.46989
7.49683
7.47609
7.48706
7.50113
7.48897
7.48992
7.45487
7.46298
7.49207
7.53522
7.45702
7.47108
7.49707
7.49779
7.47085
7.49707
7.46894
7.48396
7.51114
7.50899
7.47514
7.46894
7.46703
7.51996
7.50399
7.52091
7.49993
7.49683
7.53593
7.46298
7.45392
7.47514
7.4861
7.5202
7.49993
7.47585
7.53403
7.51114
7.46703
7.48706
7.48801
7.49898
7.46799
7.48396
7.52187
7.46608
7.49183
7.49898
7.50208
7.47609
7.45416
7.44295
7.49803
7.44605
7.45296
7.46202
7.45487
7.50685
7.52401
7.53617
7.5171
7.47705
7.48515
7.47299
7.47609
7.53522
7.47609
7.5171
7.47705
7.45893
7.49397
7.50518
7.48396
7.55191
7.49803
7.48205
7.42507
7.48897
7.48587
7.50709
7.45392
7.48897
7.51591
7.53498
7.46894
7.50995
7.47204
7.46298
7.4861
7.45296
7.45392
7.45916
7.51305
7.51114
7.51805
7.46822
7.48301
7.50017
7.53999
7.50899
7.47204
7.50303
7.54905
7.48515
7.46894
7.49707
7.49493
7.42984
7.50184
7.47204
7.50303
7.49612
7.45511
7.49207
7.46393
7.45416
7.49993
7.51781
7.48205
7.46799
7.53117
7.50899
7.49993
7.52306
7.47895
7.50017
7.47299
7.49922
7.49898
7.51114
7.50804
7.48801
7.46608
7.46107
7.46512
7.49993
7.47895
7.46989
7.4892
7.47108
7.46703
7.48801
7.50399
7.49111
7.49111
7.48301
7.52902
7.48801
7.47705
7.45797
7.55286
7.46298
7.4861
7.49111
7.4861
7.50613
7.50208
7.54905
7.49016
7.48301
7.45702
7.46799
7.49302
7.51281
7.45296
7.51185
7.48897
7.478
7.45797
7.50709
7.54309
7.46202
7.46489
7.54118
7.49707
7.49493
7.50089
7.46989
7.50089
7.51495
7.46083
7.48491
7.48587
7.50494
7.49707
7.46489
7.46608
7.44987
7.46202
7.47299
7.45106
7.48205
7.46107
7.52783
7.47895
7.50804
7.47299
7.50899
7.45893
7.48801
7.54404
7.45392
7.50899
7.49493
7.48897
7.47919
7.52902
7.43008
7.47705
7.49087
7.48491
7.52091
7.51019
7.47013
7.48205
7.48706
7.52497
7.51591
7.5109
7.50518
7.49111
7.53522
7.52687
7.49588
7.48301
7.46202
7.4811
7.50899
7.47085
7.54786
7.47585
7.49207
7.48205
7.48897
7.48992
7.45201
7.52807
7.46107
7.49898
7.45702
7.44605
7.47418
7.46298
7.52282
7.47395
7.47514
7.48706
7.46512
7.447
7.47585
7.53284
7.48992
7.45702
7.52401
7.47991
7.47895
7.45296
7.52187
7.51495
7.47991
7.47013
7.49111
7.48396
7.50494
7.53689
7.52115
7.46012
7.52401
7.50399
7.48801
7.53593
7.47395
7.50709
7.55906
7.52497
7.53498
7.54094
7.49087
7.51495
7.52711
7.51209
7.49016
7.49302
7.51996
7.51901
7.45106
7.54404
7.48491
7.5202
7.50303
7.51495
7.45201
7.4501
7.52401
7.53212
7.46012
7.49421
7.49993
7.48897
7.47609
7.51519
7.47895
7.50279
7.46989
7.48992
7.45201
7.50399
7.53498
7.52091
7.47585
7.50995
7.46799
7.48396
7.48897
7.50995
7.49516
7.46512
7.51805
7.47395
7.49898
7.47895
7.45487
7.48301
7.48086
7.50089
7.45988
7.50184
7.48396
7.52306
7.51114
7.47013
7.45392
7.51305
7.478
7.47085
7.54499
7.49207
7.51805
7.52306
7.49588
7.50995
7.46202
7.50685
7.4749
7.45082
7.478
7.48205
7.50017
7.53307
7.46202
7.49207
7.51019
7.52997
7.48777
7.478
7.46107
7.49993
7.50995
7.49397
7.51495
7.52997
7.52211
7.49111
7.48706
7.50899
7.49111
7.48205
7.52807
7.51114
7.49516
7.50208
7.49207
7.53713
7.4749
7.49302
7.49707
7.52997
7.49183
7.50303
7.4861
7.46799
7.4842
7.48801
7.48014
7.50113
7.46608
7.4811
7.49397
7.49493
7.47705
7.49898
7.44104
7.48801
7.4861
7.49707
7.47609
7.48301
7.48587
7.50089
7.5109
7.48014
7.47395
7.53403
7.48897
7.46679
7.47395
7.47919
7.49993
7.52091
7.47108
7.5469
7.45201
7.4439
7.46799
7.47204
7.46012
7.48801
7.49779
7.46894
7.48396
7.5562
7.49207
7.42197
7.45702
7.52497
7.48897
7.49493
7.46107
7.53903
7.51305
7.50399
7.50113
7.46012
7.5109
7.47085
7.52401
7.49516
7.51901
7.51996
7.51686
7.49898
7.50709
7.53212
7.49516
7.47705
7.50923
7.4439
7.45487
7.52306
7.51209
7.47895
7.53999
7.48014
7.45106
7.49397
7.46894
7.47395
7.48205
7.49302
7.47085
7.49493
7.46608
7.45678
7.45106
7.48897
7.48396
7.52616
7.48396
7.478
7.48491
7.54094
7.50208
7.50613
7.50303
7.43604
7.48491
7.53403
7.54285
7.47991
7.45487
7.51209
7.47705
7.4749
7.50518
7.51495
7.49302
7.46703
7.4861
7.44915
7.46703
7.45797
7.47395
7.54619
7.45702
7.47299
7.49898
7.49993
7.47299
7.48801
7.47299
7.44605
7.53379
7.45988
7.52091
7.49683
7.4749
7.45821
7.48014
7.49397
7.47705
7.4358
7.45702
7.45893
7.50089
7.5109
7.48801
7.44891
7.45702
7.47299
7.45988
7.46989
7.478
7.50804
7.51495
7.48992
7.478
7.48706
7.4811
7.49302
7.51114
7.4811
7.51901
7.48301
7.47108
7.53903
7.47204
7.52306
7.48205
7.46608
7.52211
7.48992
7.47299
7.50613
7.5109
7.4501
7.46202
7.50589
7.49612
7.45702
7.51901
7.49207
7.48897
7.46489
7.48396
7.49302
7.45797
7.46918
7.45797
7.46799
7.46894
7.49993
7.51996
7.4861
7.51615
7.52401
7.48897
7.48992
7.51686
7.5109
7.49397
7.51805
7.52711
7.47418
7.42388
7.48396
7.49922
7.47991
7.46894
7.4842
7.47991
7.5109
7.55501
7.47395
7.49397
7.478
7.48992
7.48801
7.48587
7.51185
7.51209
7.48992
7.47395
7.48396
7.49207
7.4501
7.5109
7.478
7.47108
7.46202
7.49302
7.48205
7.50589
7.52187
7.47395
7.46608
7.50303
7.53188
7.49397
7.478
7.5109
7.4749
7.4501
7.49278
7.4749
7.50303
7.47299
7.53117
7.51591
7.4749
7.5078
7.46799
7.47609
7.49111
7.4861
7.47514
7.50208
7.50303
7.4861
7.4861
7.49302
7.47991
7.46894
7.47681
7.45702
7.48396
7.51781
7.46584
7.52497
7.48491
7.47204
7.52902
7.51996
7.49779
7.51209
7.46512
7.47108
7.43508
7.48801
7.51781
7.47991
7.49421
7.54189
7.43389
7.45487
7.47895
7.51209
7.4811
7.47204
7.53808
7.46608
7.47609
7.4842
7.48706
7.48396
7.51996
7.53617
7.50303
7.50303
7.48801
7.50899
7.45511
7.4861
7.46799
7.43103
7.48992
7.47991
7.48491
7.51305
7.50899
7.50208
7.52401
7.49516
7.46489
7.48205
7.45702
7.45201
7.45988
7.51185
7.45392
7.50899
7.51805
7.4532
7.5109
7.49493
7.49516
7.46202
7.44605
7.53689
7.43604
7.442
7.45511
7.4439
7.48396
7.55119
7.46012
7.47705
7.48706
7.47204
7.49087
7.48587
7.48301
7.4749
7.52497
7.47895
7.54285
7.49397
7.51615
7.48897
7.49493
7.46298
7.50995
7.47418
7.50589
7.48396
7.46417
7.49612
7.49207
7.47395
7.45511
7.43008
7.52115
7.47395
7.49397
7.49516
7.47895
7.52592
7.45606
7.47705
7.49993
7.46918
7.50208
7.47299
7.50804
7.53903
7.45487
7.53188
7.49898
7.43914
7.48301
7.49421
7.49588
7.47895
7.51781
7.49183
7.45392
7.50685
7.47085
7.47514
7.49993
7.53307
7.46894
7.43294
7.48897
7.48301
7.45296
7.48897
7.54499
7.48301
7.45606
7.4501
7.51615
7.4389
7.48491
7.52091
7.48205
7.48992
7.52807
7.46417
7.50113
7.47705
7.51591
7.52091
7.50184
7.47299
7.47204
7.51781
7.48301
7.43198
7.54881
7.48992
7.50899
7.50589
7.50589
7.48086
7.51185
7.478
7.45702
7.52521
7.49803
7.45797
7.48301
7.49993
7.46298
7.50804
7.47609
7.57122
7.47705
7.47395
7.44486
7.49397
7.47705
7.47609
7.50399
7.52807
7.48706
7.51996
7.47085
7.47299
7.47705
7.49683
7.50184
7.48301
7.478
7.52497
7.51114
7.4861
7.52807
7.45893
7.50303
7.48992
7.48897
7.46512
7.47895
7.47705
7.46608
7.49612
7.48301
7.50804
7.47991
7.49207
7.44677
7.45797
7.46202
7.47585
7.49803
7.52306
7.47895
7.52091
7.50589
7.50518
7.56097
7.50995
7.48897
7.50184
7.48491
7.45082
7.50399
7.49207
7.48706
7.48515
7.50017
7.46512
7.48205
7.49612
7.45702
7.50804
7.54595
7.48682
7.47585
7.47681
7.53689
7.48396
7.47514
7.4811
7.51996
7.4718
7.5109
7.47705
7.51114
7.46799
7.46822
7.48014
7.49898
7.4842
7.49588
7.52997
7.50208
7.52521
7.49803
7.49016
7.45296
7.52497
7.48515
7.45797
7.50518
7.49397
7.5109
7.5202
7.52401
7.49397
7.48801
7.51615
7.50709
7.50303
7.42316
7.50208
7.57694
7.50589
7.46107
7.48992
7.49016
7.50089
7.49493
7.50494
7.46298
7.53784
7.48897
7.45702
7.51209
