31.024
30.757
30.915
30.633
30.658
30.8979
30.184
30.2989
30.725
30.2541
30.3221
30.503
30.2448
30.1259
29.995
30.4642
29.892
30.5591
30.2451
30.457
30.4248
30.2229
30.18
30.3888
30.309
30.8189
30.174
30.3731
30.565
30.1371
29.8779
30.1092
30.0779
30.139
30.586
30.139
30.534
30.0429
30.462
30.369
30.5102
30.35
30.4909
29.9361
30.2269
30.5271
30.1311
30.0572
30.1931
30.2641
29.9489
30.252
30.076
30.4399
30.2548
30.0739
30.0319
30.273
30.597
30.1931
30.391
30.4799
30.103
30.1778
30.3428
30.1161
30.2892
30.457
29.999
30.247
30.2491
30.5851
29.9289
30.2529
30.107
30.4611
30.1111
30.1361
30.333
29.7699
30.4358
30.2
30.1819
30.1268
29.8529
30.673
30.1561
30.313
30.309
30.0159
30.2689
30.37
30.5171
30.5049
30.206
30.8192
30.7081
30.0961
30.056
30.0491
30.2892
30.0231
30.53
30.3159
30.025
29.8841
30.041
30.3321
30.302
30.2019
30.1859
30.3791
30.5202
30.2081
30.319
30.4282
29.969
30.4561
30.4179
30.3061
30.339
30.7221
30.587
30.154
30.55
30.5882
30.3919
30.4189
30.3109
30.5459
30.4079
30.179
30.513
30.0531
30.01
30.143
30.4592
30.4041
29.8541
30.407
30.354
30.3159
30.148
30.417
30.6709
30.194
29.989
30.4809
30.345
30.4132
30.344
30.3869
30.297
30.3969
30.0581
30.3922
30.098
30.411
29.8741
30.0159
30.2951
30.174
30.4739
30.3991
30.323
30.5321
29.866
30.1259
30.4661
30.3361
30.4351
30.0212
30.256
30.3421
30.1552
30.1991
30.5009
30.3302
30.1609
30.257
30.3931
30.643
30.1108
30.0159
30.0958
30.1239
30.2401
30.3378
30.3409
30.1051
30.385
30.452
30.1361
30.5021
30.149
30.149
30.1518
30.8099
30.2579
30.2842
30.18
30.0279
30.3099
30.2579
30.56
30.3099
30.247
30.098
30.2789
30.5519
30.278
30.2901
29.763
30.35
30.3051
30.1909
30.376
30.154
30.17
30.273
30.4918
30.6869
30.1349
30.0281
30.247
29.7949
29.9251
29.9828
30.405
30.1139
30.292
30.385
30.0949
30.1619
30.2379
30.2131
30.503
30.267
30.4041
30.3071
30.808
30.3981
30.2839
30.2699
30.3569
30.2749
30.21
30.7319
30.5479
30.04
30.318
30.3619
29.9568
30.385
30.247
30.2939
30.359
30.2091
30.072
30.1828
30.1762
30.288
30.005
30.3128
30.6499
30.196
30.1371
30.338
30.5059
30.3628
30.431
30.158
30.4961
30.1969
29.928
30.7
30.1569
30.6199
30.1409
30.16
30.375
30.3569
30.7128
30.2389
30.0329
30.2479
29.9399
30.139
30.246
30.159
30.0109
30.2451
30.8511
30.6101
30.2839
30.3631
30.221
29.9361
30.2279
30.411
30.2269
30.2699
30.3969
30.7722
30.297
30.205
30.2949
30.38
30.3249
30.1239
30.1068
30.314
30.4101
29.9571
30.0901
30.2892
30.2231
30.0031
30.3061
30.0441
30.2651
30.792
29.9859
30.041
30.6261
30.2088
30.462
30.2701
30.2701
30.5672
30.1311
30.2579
30.4039
30.7219
29.964
30.36
30.529
30.3881
30.411
30.628
30.256
30.139
30.2272
30.4
30.165
30.1929
29.85
30.2391
30.5922
30.401
30.5529
30.2999
30.4391
30.7231
30.6671
30.154
30.0581
30.5719
29.9969
30.257
30.576
30.1659
30.5219
30.519
30.164
30.077
29.9439
30.3891
30.3018
30.2939
29.8948
30.3149
30.427
30.144
30.2711
30.4759
30.3409
30.329
30.231
30.5898
30.2739
30.448
30.3011
30.1919
30.6799
30.4902
30.4561
30.4079
30.0581
30.7541
29.963
30.0009
30.272
30.4861
30.375
30.3779
30.36
30.314
29.8469
30.3569
30.544
29.9911
30.292
30.287
30.1609
30.1521
30.266
30.2868
30.4151
30.1621
30.3152
30.21
30.484
30.2172
30.5481
30.442
30.3319
30.2699
29.9668
30.6199
30.267
30.1211
30.1921
29.917
30.5989
30.2129
29.9149
30.2429
30.1409
30.1039
29.8018
30.5359
30.324
29.891
30.5991
30.2701
30.246
29.9909
30.17
30.4279
30.267
30.1661
30.092
30.489
29.9861
30.385
30.2801
30.5822
30.3791
30.0908
30.3409
30.4909
30.38
30.169
30.3059
30.0109
30.2811
30.3359
30.401
30.17
30.0989
30.0848
30.514
30.3452
30.4401
30.458
30.2448
30.3071
30.405
30.267
30.2742
30.0241
30
30.23
30.231
30.267
30.654
30.3741
30.0779
30.4439
30.0369
30.3771
30.256
30.2498
30.4019
29.943
30.1881
30.164
30.159
30.515
30.4639
29.8522
30.355
30.2999
30.067
30.2529
30.241
30.282
30.3171
30.4298
30.1349
30.262
30.189
30.391
29.9001
30.365
30.4351
29.943
30.5159
30.1321
30.2739
30.1368
30.0989
30.0441
30.0422
30.6559
30.4241
30.3428
30.3199
30.3779
30.0379
30.261
30.216
30.2758
30.195
30.416
30.318
30.5672
30.2651
30.107
30.3061
30.18
30.1991
30.2632
30.2241
30.5071
30.7372
30.3571
30.0121
30.406
30.3431
30.0121
30.668
30.3519
30.4661
30.2598
30.1249
30.437
30.349
30.134
30.443
30.2861
30.689
29.9311
30.4148
30.196
30.2992
30.267
30.242
29.9771
30.812
30.128
30.4661
30.108
30.3969
30.6742
30.4959
30.6361
30.0901
30.067
30.432
30.241
29.8829
30.8158
30.3349
30.56
30.1671
30.0372
30.19
30.6311
30.035
30.2451
30.5541
30.5972
30.2441
30.0181
30.2908
30.2649
30.077
30.2849
30.7338
30.381
30.313
30.2129
30.0548
30.3159
30.76
30.592
30.468
30.441
30.468
30.508
30.0281
30.0338
30.091
30.0119
30.1058
30.6549
30.0691
29.9881
30.0579
30.777
30.39
30.4348
30.1421
30.4871
30.165
30.4899
30.102
30.2191
30.0791
30.1301
30.1511
30.324
30.2629
30.1008
30.4439
30.3779
30.3528
30.417
30.498
30.3001
30.369
30.8731
30.4649
30.1719
30.664
30.2658
30.247
30.025
30.298
30.2269
30.2758
30.303
30.0319
30.164
30.1371
30.0882
30.257
29.9249
29.876
30.1268
29.9981
30.051
30.288
30.097
30.3729
30.2439
30.21
30.21
30.3352
30.4332
30.0601
30.0691
30.3061
30.818
30.129
30.6008
30.2219
30.4201
30.3221
29.8941
30.128
30.0229
30.473
30.4041
30.6709
30.158
29.9001
30.2899
29.9659
30.231
30.3161
30.1042
30.3249
30.2889
30.1769
30.014
30.261
30.453
30.4279
30.3419
30.3421
30.3011
30.5102
30.4739
30.2179
30.0238
30.015
30.4241
30.5011
30.376
30.3669
30.3969
30.18
30.2629
30.1311
30.57
30.005
30.014
30.2758
30.2119
30.3988
30.3109
30.3969
30.406
30.3459
30.365
30.242
30.3841
30.359
30.2119
30.2341
30.6232
30.0441
30.3671
30.6342
30.128
30.3352
30.1409
30.5021
30.8449
30.0601
30.1859
30.0891
29.9351
30.242
30.1459
30.2608
30.0341
30.0841
30.364
30.3411
30.4852
30.2839
30.3249
29.861
30.3471
30.4019
29.9151
30.0381
30.297
30.54
30.391
29.9659
29.9959
30.231
30.1039
30.6642
30.3459
30.431
30.257
30.344
30.412
30.2019
30.1569
29.9089
30.17
29.9301
29.9819
30.3259
30.5629
30.6699
30.422
30.1809
30.0808
30.7889
29.9509
30.1449
30.318
29.973
30.386
30.1449
30.0229
30.6489
29.9332
30.1161
30.1189
30.0279
30.3299
30.422
30.2341
30.2992
29.9451
30.216
29.7968
30.4999
30.225
30.375
30.3149
30.179
30.014
30.4081
30.1001
30.334
30.1909
30.2329
30.0009
30.3552
30.185
30.2799
30.139
30.472
30.7121
30.0179
30.268
30.165
30.021
30.3168
30.206
30.4611
30.195
30.189
30.1921
30.1201
30.159
30.7999
30.3741
30.2141
30.5262
30.3001
30.412
30.1318
29.999
30.7879
30.1301
30.004
30.344
30.169
30.23
30.067
30.2751
30.1311
30.623
30.35
30.194
30.328
30.4091
30.2191
30.1402
30.3049
30.1321
30.1311
30.2119
30.313
30.0691
30.3571
30.2472
30.303
30.458
30.1809
30.4699
30.2839
29.9959
29.9909
30.252
30.3001
30.133
30.4549
29.9139
30.6189
30.0581
30.2782
30.3011
30.5111
30.092
30.0462
30.303
30.467
30.401
30.5309
30.076
30.411
30.3612
30.2711
29.9802
30.3051
30.3152
30.093
30.3099
30.4759
30.405
29.9821
30.0732
30.0491
30.477
30.1359
30.0488
30.422
29.824
29.846
30.468
30.0031
30.2801
30.3271
30.3349
30.127
30.4849
30.3569
30.1099
30.1619
30.612
30.0431
30.324
30.1969
30.3202
30.0391
30.4701
30.473
30.2448
30.2799
30.2711
30.189
30.2949
30.6489
30.174
30.6668
30.5431
29.9711
30.3619
30.225
30.051
30.2739
30.087
30.205
30.6561
30.3791
30.308
29.9311
30.179
30.225
30.257
30.2892
30.7531
30.3121
30.3309
30.3061
30.16
30.8571
30.236
30.0269
30.123
30.767
30.3979
30.288
30.2281
30.206
30.221
30.6008
29.9549
30.2711
30.4811
30.792
29.9599
30.1592
30.005
30.0231
30.8108
30.436
30.1981
30.1709
30.5319
30.6151
30.0031
30.427
30.165
30.184
30.3738
30.405
30.3211
30.1161
30.35
30.18
30.503
30.0171
30.2169
30.004
30.1008
30.4461
30.0591
30.1931
30.107
29.917
30.1299
30.2689
30.2908
30.2689
29.9439
29.973
30.1151
