61.8148
56.3009
56.1202
56.15
56.1631
56.2458
56.035
56.525
55.8991
56.1881
57.0381
55.9051
56.3362
56.6139
56.613
56.2131
56.0682
55.8441
56.2391
56.1469
55.8169
56.3278
56.3321
56.3431
56.118
55.7859
56.1008
55.9299
55.815
56.2909
56.3171
56.042
56.078
56.428
56.0858
56.5991
56.2792
55.9709
56.4411
56.0091
56.1042
56.4921
57.297
56.5641
56.0219
56.416
56.659
56.143
56.258
56.397
56.2181
56.1602
56.7861
56.247
56.5772
56.2801
56.0241
55.9881
56.062
56.7012
56.546
56.1569
55.697
56.0639
56.8788
56.268
56.5779
55.8431
56.4542
56.638
56.159
56.5751
56.258
56.078
56.1478
55.773
55.7861
57.1792
56.6862
55.4731
56.4761
56.2792
56.1612
56.417
56.021
56.262
56.231
55.692
55.8429
56.6421
56.1731
55.8419
56.406
56.0329
56.2479
56.5989
56.164
56.5
56.186
55.737
55.9781
55.7718
56.695
56.6282
56.2451
55.774
56.751
56.2871
57.287
56.519
55.7239
56.1159
56.314
56.5851
56.0441
56.18
55.97
56.4151
56.108
55.8119
56.3729
56.391
56.1662
56.5062
55.793
56.006
55.6741
56.2088
56.675
55.8419
56.103
56.556
55.9011
56.6161
55.6231
55.9499
56.221
56.5181
56.5422
56.2351
56.37
56.04
56.2449
55.9609
56.299
55.9199
56
56.469
55.712
56.139
56.3982
56.4821
56.0341
55.737
56.4001
56.0689
56.217
56.7472
56.32
57.044
56.3052
56.324
55.6679
56.4029
56.2539
56.3159
56.7279
56.2449
55.5301
56.5572
55.7449
55.8219
55.7611
56.5422
56.0582
56.783
56.035
56.6859
55.824
56.0601
56.2148
56.005
56.2682
55.8619
56.3781
56.2501
56.303
56.18
56.6158
55.917
56.2449
55.5899
56.1471
55.9931
56.0348
55.7411
56.689
55.917
56.313
56.1521
55.795
55.773
55.6049
55.4869
55.9909
56.7081
56.3068
56.0789
56.2761
56.191
56
56.2038
56.705
55.861
56.1931
56.289
56.5441
56.3202
56.047
56.2351
56.6728
56.308
56.5388
56.32
55.9039
56.0949
56.2561
56.0989
55.9809
55.644
55.9239
56.4671
56.242
56.273
55.927
56.3948
56.3469
56.6862
56.2429
56.7269
55.9659
56.3579
55.795
55.9719
56.0341
56.205
56.1399
56.046
56.5569
56.18
56.69
55.9359
55.9158
56.119
56.1709
56.3149
56.5851
56.416
56.4709
55.8081
57.5311
55.723
56.1879
55.8109
56.458
56.6139
56.5131
56.3641
56.0598
56.428
56.1709
56.1728
56.016
57.132
56.179
56.0958
56.299
56.0119
56.3109
56.608
56.6769
56.0849
56.0811
56.252
55.84
56.195
56.2348
56.3359
56.0429
56.181
55.8279
55.5599
56.325
56.9401
55.8679
56.371
56.005
56.0739
56.1059
56.4981
56.407
55.902
56.0808
55.949
55.8729
55.7818
56.2561
55.939
56.107
56.4029
55.8271
56.946
56.2181
56.0081
56.2239
55.8829
56.32
55.685
56.205
56.3779
56.042
56.2439
55.6898
56.3829
55.9881
55.6381
56.5469
56.16
55.9289
56.1838
56.505
56.572
56.318
56.1039
56.227
55.728
56.3161
56.339
56.0751
56.3891
56.0398
56.042
56.4532
56.3841
55.9969
56.2
55.8391
56.114
55.7001
55.9149
56.524
56.1061
55.8791
56.3521
56.4249
56.0179
56.0338
56.412
56.4709
56.149
56.5372
56.1399
56.1008
56.057
56.005
56.1321
55.8982
56.1709
56.4649
55.9468
56.5159
56.982
56.4809
55.743
56.4461
56.4511
56.2429
56.083
56.4408
56.339
55.985
56.1619
55.913
56.278
56.2801
56.643
56.2899
56.623
56.2768
55.9819
55.944
56.576
56.0119
56.257
55.9909
56.0958
56.04
55.8262
56.4511
56.3719
55.97
56.0858
55.6729
55.8121
56.0942
56.3831
56.4911
56.139
56.38
56.1638
56.3021
56.406
56.659
55.994
56.138
55.9909
56.2818
55.82
56.375
55.8231
56.149
56.144
55.4259
56.819
56.7799
56.581
56.3052
56.396
55.917
55.748
56.052
56.458
56.3738
56.2918
56.289
56.3989
56.7288
55.9051
56.438
56.5689
56.572
56.453
56.658
56.0141
56.6339
56.124
56.123
55.7239
56.5441
55.8622
55.753
56.21
56.6001
56.1571
56.2661
56.4649
56.459
55.867
56.0548
56.294
56.139
56.1891
56.3722
55.8722
56.299
56.0439
55.9499
55.8798
55.7759
55.9831
56.1371
56.4301
57.059
55.9061
55.865
56.5019
55.4519
56.3681
55.865
56.505
56.062
55.8052
56.545
56.3202
56.7641
56.0081
56.6602
56.38
56.0319
56.6912
56.1509
55.984
56.4191
56.2541
55.7671
56.5901
55.8989
56.7651
56.4508
56.3779
56.0961
56.035
56.7491
56.7131
55.9971
56.0062
55.589
56.119
56.479
56.5672
55.9461
56.1261
56.0951
55.964
55.3758
56.042
56.051
56.0219
56.1941
56.3929
55.881
56.1559
55.8381
56.2191
56.0129
56.2489
56.6239
55.609
55.969
56.083
56.747
55.949
55.9139
56.457
56.6812
56.119
56.236
55.9621
56.114
56.3409
56.1888
55.898
55.85
56.0172
56.299
56.2239
56.1779
55.876
55.9218
55.7299
56.453
56.462
55.9909
56.1609
55.985
55.743
55.7959
55.8391
55.871
55.485
56.5901
56.263
56.0892
56.4232
56.155
56.159
56.1621
56.3011
56.2649
56.3362
56.159
55.7539
56.2479
56.5779
56.2701
56.4108
55.635
56.1368
56.1941
56.653
56.2859
56.236
55.8789
55.8469
55.6259
56.4649
55.9921
56.1411
56.0961
56.7238
55.733
56.159
56.076
56.2999
56.2248
56.3281
56.2339
56.211
56.5882
56.3231
56.128
55.969
55.994
56.082
56.515
56.278
56.16
56.1121
55.6982
56.2098
56.412
56.139
56.1481
55.7089
55.7358
55.8929
55.7442
56
56.062
56.6299
56.8888
56.5119
55.7919
56.067
55.975
56.18
56.8569
56.1051
55.8572
55.8281
55.8312
56.129
56.361
56.2148
56.55
56.0231
56.1471
56.5569
56.318
56.1159
56.0119
55.846
56.0801
56.0598
56.3002
56.354
56.9761
55.836
56.1838
56.1321
56.6611
55.953
56.4718
56.2389
55.98
55.4881
56.0501
55.8631
56.5381
55.9442
56.0989
55.948
55.866
56.6332
56.1681
56.355
56.3259
56.5629
56.1311
56.139
55.8808
55.939
56.4959
56.083
56.32
56.0079
56.2871
56.088
56.19
56.3679
56.531
55.788
55.922
56.087
56.5619
56.4768
55.975
56.3381
56.3638
55.979
55.969
56.6339
56.4098
56.397
56.325
56.3371
56.083
56.9539
56.4599
56.515
56.4408
56.304
55.6188
55.8841
56.0949
56.5009
56.2711
56.2341
56.366
55.9301
56.057
56.334
56.263
56.85
56.32
56.8421
56.0238
56.462
55.995
55.9008
56.083
55.8331
56.1061
55.908
56.1278
56.2201
55.7311
55.9011
56.0741
56.097
56.0682
56.154
56.4229
56.3979
56.7129
56.324
56.2339
56.046
55.814
57.0819
56.4201
56.452
56.7141
56.083
56.5372
55.67
56.8511
56.247
56.71
56.191
55.7592
56.2911
56.0071
55.9242
56.952
56.2699
55.9249
56.253
56.705
56.056
56.1171
56.5591
55.7151
56.344
56.1421
56.411
55.9661
56.1972
56.4241
56.71
55.999
56.155
56.618
56.3309
56.273
56.7329
56.0451
56.0958
56.638
55.877
56.375
56.035
56.0811
55.902
55.974
56.159
55.9831
56.1669
56.3278
57.059
56.15
56.3719
55.9909
56.2339
56.324
56.6459
56.016
56.3362
55.9912
55.9421
55.644
56.2239
56.2041
56.2801
56.253
55.6629
56.247
56.1831
55.8391
56.025
55.831
55.7642
56.0889
55.6929
56.1731
56.0031
56.4291
56.1721
55.9511
56.6099
56.1728
56.098
56.2549
55.738
55.928
56.231
55.9862
56.0529
56.1161
55.8279
55.934
55.66
56.0369
56.515
56.011
56.9201
56.1378
56.6049
56.4818
56.632
56.299
56.4449
56.565
56.1321
56.139
55.6331
55.974
56.2789
56.0989
56.0389
56.2871
55.85
57.034
56.4559
56.268
56.3221
56.319
56.299
56.2971
56.025
56.272
56.438
56.4921
55.7749
55.9268
56.087
56.2122
56.138
56.0348
56.5841
56.0601
56.175
56.2079
56.567
56.0091
56.1118
56.6649
56.0999
55.922
56.164
55.45
56.3862
55.82
56.3011
56.4399
56.376
56.6161
55.8782
55.846
55.9011
56.2041
55.851
55.8469
56.7951
56.3669
56.097
55.7351
55.979
56.685
56.4642
56.0369
56.3111
56.397
56.072
56.2139
56.3819
56.2291
56.4122
56.618
55.6068
56.5689
56.4029
56.1721
56.246
56.2022
55.6521
56.54
55.9249
55.3749
55.7849
56.504
55.9032
56.046
56.643
56.1152
55.9001
56.607
56.186
56.2482
56.1011
56.3071
56.5112
56.257
56.8609
56.2861
56.0038
55.8081
56.474
56.5121
56.283
56.2661
55.9621
56.2391
55.8729
55.778
55.757
56.6812
56.3691
55.8639
55.696
56.051
56.54
55.7442
56.067
55.6591
56.175
55.9421
56.145
56.2551
55.6009
56.04
56.3359
55.557
56.334
55.9881
55.8698
56.114
55.9258
55.788
57.1671
56.639
55.903
55.934
56.607
56.0269
56.3588
56.5519
56.1249
56.2651
56.2241
55.9912
56.181
56.4978
56.515
55.9449
55.552
56.3819
56.0708
56.0911
56.3281
55.9471
56.2429
56.1619
56.504
56.201
56.3161
56.247
56.3512
56.33
55.985
