-1.00000000000000000000000000000000
-0.99999529123306274414062500000000
-0.99998116493225097656250000000000
-0.99995762109756469726562500000000
-0.99992460012435913085937500000000
-0.99988222122192382812500000000000
-0.99983042478561401367187500000000
-0.99976915121078491210937500000000
-0.99969851970672607421875000000000
-0.99961847066879272460937500000000
-0.99952894449234008789062500000000
-0.99943006038665771484375000000000
-0.99932169914245605468750000000000
-0.99920397996902465820312500000000
-0.99907684326171875000000000000000
-0.99894028902053833007812500000000
-0.99879425764083862304687500000000
-0.99863886833190917968750000000000
-0.99847406148910522460937500000000
-0.99829989671707153320312500000000
-0.99811625480651855468750000000000
-0.99792325496673583984375000000000
-0.99772083759307861328125000000000
-0.99750900268554687500000000000000
-0.99728780984878540039062500000000
-0.99705719947814941406250000000000
-0.99681717157363891601562500000000
-0.99656778573989868164062500000000
-0.99630904197692871093750000000000
-0.99604088068008422851562500000000
-0.99576330184936523437500000000000
-0.99547636508941650390625000000000
-0.99518001079559326171875000000000
-0.99487435817718505859375000000000
-0.99455928802490234375000000000000
-0.99423480033874511718750000000000
-0.99390101432800292968750000000000
-0.99355787038803100585937500000000
-0.99320536851882934570312500000000
-0.99284344911575317382812500000000
-0.99247223138809204101562500000000
-0.99209159612655639648437500000000
-0.99170166254043579101562500000000
-0.99130237102508544921875000000000
-0.99089378118515014648437500000000
-0.99047583341598510742187500000000
-0.99004852771759033203125000000000
-0.98961192369461059570312500000000
-0.98916596174240112304687500000000
-0.98871070146560668945312500000000
-0.98824608325958251953125000000000
-0.98777222633361816406250000000000
-0.98728907108306884765625000000000
-0.98679655790328979492187500000000
-0.98629480600357055664062500000000
-0.98578369617462158203125000000000
-0.98526328802108764648437500000000
-0.98473364114761352539062500000000
-0.98419469594955444335937500000000
-0.98364651203155517578125000000000
-0.98308902978897094726562500000000
-0.98252230882644653320312500000000
-0.98194634914398193359375000000000
-0.98136103153228759765625000000000
-0.98076659440994262695312500000000
-0.98016285896301269531250000000000
-0.97954988479614257812500000000000
-0.97892767190933227539062500000000
-0.97829627990722656250000000000000
-0.97765564918518066406250000000000
-0.97700583934783935546875000000000
-0.97634673118591308593750000000000
-0.97567850351333618164062500000000
-0.97500109672546386718750000000000
-0.97431439161300659179687500000000
-0.97361862659454345703125000000000
-0.97291362285614013671875000000000
-0.97219949960708618164062500000000
-0.97147619724273681640625000000000
-0.97074371576309204101562500000000
-0.97000211477279663085937500000000
-0.96925139427185058593750000000000
-0.96849149465560913085937500000000
-0.96772247552871704101562500000000
-0.96694439649581909179687500000000
-0.96615719795227050781250000000000
-0.96536087989807128906250000000000
-0.96455538272857666015625000000000
-0.96374088525772094726562500000000
-0.96291732788085937500000000000000
-0.96208459138870239257812500000000
-0.96124291419982910156250000000000
-0.96039211750030517578125000000000
-0.95953232049942016601562500000000
-0.95866346359252929687500000000000
-0.95778548717498779296875000000000
-0.95689857006072998046875000000000
-0.95600265264511108398437500000000
-0.95509767532348632812500000000000
-0.95418369770050048828125000000000
-0.95326077938079833984375000000000
-0.95232886075973510742187500000000
-0.95138800144195556640625000000000
-0.95043808221817016601562500000000
-0.94947928190231323242187500000000
-0.94851154088973999023437500000000
-0.94753479957580566406250000000000
-0.94654917716979980468750000000000
-0.94555467367172241210937500000000
-0.94455122947692871093750000000000
-0.94353890419006347656250000000000
-0.94251763820648193359375000000000
-0.94148755073547363281250000000000
-0.94044858217239379882812500000000
-0.93940067291259765625000000000000
-0.93834394216537475585937500000000
-0.93727844953536987304687500000000
-0.93620407581329345703125000000000
-0.93512094020843505859375000000000
-0.93402886390686035156250000000000
-0.93292808532714843750000000000000
-0.93181854486465454101562500000000
-0.93070006370544433593750000000000
-0.92957293987274169921875000000000
-0.92843711376190185546875000000000
-0.92729246616363525390625000000000
-0.92613911628723144531250000000000
-0.92497694492340087890625000000000
-0.92380613088607788085937500000000
-0.92262661457061767578125000000000
-0.92143833637237548828125000000000
-0.92024147510528564453125000000000
-0.91903591156005859375000000000000
-0.91782170534133911132812500000000
-0.91659885644912719726562500000000
-0.91536730527877807617187500000000
-0.91412717103958129882812500000000
-0.91287845373153686523437500000000
-0.91162103414535522460937500000000
-0.91035509109497070312500000000000
-0.90908062458038330078125000000000
-0.90779757499694824218750000000000
-0.90650594234466552734375000000000
-0.90520572662353515625000000000000
-0.90389704704284667968750000000000
-0.90257984399795532226562500000000
-0.90125405788421630859375000000000
-0.89991986751556396484375000000000
-0.89857721328735351562500000000000
-0.89722603559494018554687500000000
-0.89586645364761352539062500000000
-0.89449834823608398437500000000000
-0.89312189817428588867187500000000
-0.89173704385757446289062500000000
-0.89034366607666015625000000000000
-0.88894200325012207031250000000000
-0.88753193616867065429687500000000
-0.88611358404159545898437500000000
-0.88468682765960693359375000000000
-0.88325160741806030273437500000000
-0.88180822134017944335937500000000
-0.88035655021667480468750000000000
-0.87889641523361206054687500000000
-0.87742811441421508789062500000000
-0.87595158815383911132812500000000
-0.87446677684783935546875000000000
-0.87297374010086059570312500000000
-0.87147235870361328125000000000000
-0.86996287107467651367187500000000
-0.86844521760940551757812500000000
-0.86691927909851074218750000000000
-0.86538523435592651367187500000000
-0.86384308338165283203125000000000
-0.86229276657104492187500000000000
-0.86073434352874755859375000000000
-0.85916763544082641601562500000000
-0.85759299993515014648437500000000
-0.85601031780242919921875000000000
-0.85441941022872924804687500000000
-0.85282057523727416992187500000000
-0.85121369361877441406250000000000
-0.84959876537322998046875000000000
-0.84797590970993041992187500000000
-0.84634488821029663085937500000000
-0.84470605850219726562500000000000
-0.84305924177169799804687500000000
-0.84140431880950927734375000000000
-0.83974164724349975585937500000000
-0.83807104825973510742187500000000
-0.83639258146286010742187500000000
-0.83470618724822998046875000000000
-0.83301180601119995117187500000000
-0.83130973577499389648437500000000
-0.82959985733032226562500000000000
-0.82788199186325073242187500000000
-0.82615643739700317382812500000000
-0.82442313432693481445312500000000
-0.82268202304840087890625000000000
-0.82093322277069091796875000000000
-0.81917649507522583007812500000000
-0.81741219758987426757812500000000
-0.81564021110534667968750000000000
-0.81386041641235351562500000000000
-0.81207311153411865234375000000000
-0.81027811765670776367187500000000
-0.80847549438476562500000000000000
-0.80666524171829223632812500000000
-0.80484724044799804687500000000000
-0.80302184820175170898437500000000
-0.80118882656097412109375000000000
-0.79934817552566528320312500000000
-0.79750007390975952148437500000000
-0.79564452171325683593750000000000
-0.79378145933151245117187500000000
-0.79191088676452636718750000000000
-0.79003274440765380859375000000000
-0.78814727067947387695312500000000
-0.78625440597534179687500000000000
-0.78435391187667846679687500000000
-0.78244626522064208984375000000000
-0.78053122758865356445312500000000
-0.77860879898071289062500000000000
-0.77667903900146484375000000000000
-0.77474182844161987304687500000000
-0.77279746532440185546875000000000
-0.77084583044052124023437500000000
-0.76888680458068847656250000000000
-0.76692062616348266601562500000000
-0.76494723558425903320312500000000
-0.76296669244766235351562500000000
-0.76097893714904785156250000000000
-0.75898385047912597656250000000000
-0.75698173046112060546875000000000
-0.75497251749038696289062500000000
-0.75295603275299072265625000000000
-0.75093257427215576171875000000000
-0.74890208244323730468750000000000
-0.74686455726623535156250000000000
-0.74481993913650512695312500000000
-0.74276816844940185546875000000000
-0.74070954322814941406250000000000
-0.73864400386810302734375000000000
-0.73657125234603881835937500000000
-0.73449176549911499023437500000000
-0.73240536451339721679687500000000
-0.73031204938888549804687500000000
-0.72821187973022460937500000000000
-0.72610467672348022460937500000000
-0.72399079799652099609375000000000
-0.72187006473541259765625000000000
-0.71974241733551025390625000000000
-0.71760809421539306640625000000000
-0.71546703577041625976562500000000
-0.71331924200057983398437500000000
-0.71116477251052856445312500000000
-0.70900338888168334960937500000000
-0.70683544874191284179687500000000
-0.70466095209121704101562500000000
-0.70247954130172729492187500000000
-0.70029175281524658203125000000000
-0.69809734821319580078125000000000
-0.69589638710021972656250000000000
-0.69368880987167358398437500000000
-0.69147455692291259765625000000000
-0.68925398588180541992187500000000
-0.68702691793441772460937500000000
-0.68479317426681518554687500000000
-0.68255317211151123046875000000000
-0.68030673265457153320312500000000
-0.67805385589599609375000000000000
-0.67579460144042968750000000000000
-0.67352885007858276367187500000000
-0.67125689983367919921875000000000
-0.66897863149642944335937500000000
-0.66669386625289916992187500000000
-0.66440302133560180664062500000000
-0.66210591793060302734375000000000
-0.65980255603790283203125000000000
-0.65749293565750122070312500000000
-0.65517699718475341796875000000000
-0.65285509824752807617187500000000
-0.65052700042724609375000000000000
-0.64819258451461791992187500000000
-0.64585226774215698242187500000000
-0.64350587129592895507812500000000
-0.64115339517593383789062500000000
-0.63879483938217163085937500000000
-0.63643014430999755859375000000000
-0.63405960798263549804687500000000
-0.63168311119079589843750000000000
-0.62930047512054443359375000000000
-0.62691211700439453125000000000000
-0.62451779842376708984375000000000
-0.62211763858795166015625000000000
-0.61971157789230346679687500000000
-0.61729955673217773437500000000000
-0.61488187313079833984375000000000
-0.61245834827423095703125000000000
-0.61002892255783081054687500000000
-0.60759395360946655273437500000000
-0.60515320301055908203125000000000
-0.60270678997039794921875000000000
-0.60025465488433837890625000000000
-0.59779673814773559570312500000000
-0.59533333778381347656250000000000
-0.59286433458328247070312500000000
-0.59038954973220825195312500000000
-0.58790940046310424804687500000000
-0.58542370796203613281250000000000
-0.58293253183364868164062500000000
-0.58043581247329711914062500000000
-0.57793349027633666992187500000000
-0.57542586326599121093750000000000
-0.57291287183761596679687500000000
-0.57039421796798706054687500000000
-0.56787043809890747070312500000000
-0.56534129381179809570312500000000
-0.56280678510665893554687500000000
-0.56026703119277954101562500000000
-0.55772173404693603515625000000000
-0.55517143011093139648437500000000
-0.55261588096618652343750000000000
-0.55005496740341186523437500000000
-0.54748904705047607421875000000000
-0.54491794109344482421875000000000
-0.54234170913696289062500000000000
-0.53976041078567504882812500000000
-0.53717374801635742187500000000000
-0.53458231687545776367187500000000
-0.53198575973510742187500000000000
-0.52938401699066162109375000000000
-0.52677750587463378906250000000000
-0.52416604757308959960937500000000
-0.52154964208602905273437500000000
-0.51892828941345214843750000000000
-0.51630187034606933593750000000000
-0.51367080211639404296875000000000
-0.51103490591049194335937500000000
-0.50839394330978393554687500000000
-0.50574839115142822265625000000000
-0.50309813022613525390625000000000
-0.50044310092926025390625000000000
-0.49778333306312561035156250000000
-0.49511870741844177246093750000000
-0.49244958162307739257812500000000
-0.48977586627006530761718750000000
-0.48709729313850402832031250000000
-0.48441433906555175781250000000000
-0.48172682523727416992187500000000
-0.47903478145599365234375000000000
-0.47633823752403259277343750000000
-0.47363698482513427734375000000000
-0.47093147039413452148437500000000
-0.46822151541709899902343750000000
-0.46550694108009338378906250000000
-0.46278819441795349121093750000000
-0.46006509661674499511718750000000
-0.45733764767646789550781250000000
-0.45460590720176696777343750000000
-0.45186966657638549804687500000000
-0.44912937283515930175781250000000
-0.44638487696647644042968750000000
-0.44363591074943542480468750000000
-0.44088301062583923339843750000000
-0.43812596797943115234375000000000
-0.43536478281021118164062500000000
-0.43259948492050170898437500000000
-0.42982992529869079589843750000000
-0.42705649137496948242187500000000
-0.42427906394004821777343750000000
-0.42149740457534790039062500000000
-0.41871201992034912109375000000000
-0.41592267155647277832031250000000
-0.41312938928604125976562500000000
-0.41033211350440979003906250000000
-0.40753099322319030761718750000000
-0.40472611784934997558593750000000
-0.40191745758056640625000000000000
-0.39910486340522766113281250000000
-0.39628854393959045410156250000000
-0.39346858859062194824218750000000
-0.39064490795135498046875000000000
-0.38781744241714477539062500000000
-0.38498634099960327148437500000000
-0.38215172290802001953125000000000
-0.37931349873542785644531250000000
-0.37647157907485961914062500000000
-0.37362611293792724609375000000000
-0.37077724933624267578125000000000
-0.36792489886283874511718750000000
-0.36506894230842590332031250000000
-0.36220955848693847656250000000000
-0.35934689640998840332031250000000
-0.35648083686828613281250000000000
-0.35361129045486450195312500000000
-0.35073840618133544921875000000000
-0.34786236286163330078125000000000
-0.34498301148414611816406250000000
-0.34210032224655151367187500000000
-0.33921441435813903808593750000000
-0.33632540702819824218750000000000
-0.33343321084976196289062500000000
-0.33053779602050781250000000000000
-0.32763925194740295410156250000000
-0.32473772764205932617187500000000
-0.32183316349983215332031250000000
-0.31892544031143188476562500000000
-0.31601470708847045898437500000000
-0.31310111284255981445312500000000
-0.31018456816673278808593750000000
-0.30726498365402221679687500000000
-0.30434250831604003906250000000000
-0.30141729116439819335937500000000
-0.29848924279212951660156250000000
-0.29555824398994445800781250000000
-0.29262447357177734375000000000000
-0.28968805074691772460937500000000
-0.28674888610839843750000000000000
-0.28380692005157470703125000000000
-0.28086230158805847167968750000000
-0.27791512012481689453125000000000
-0.27496534585952758789062500000000
-0.27201282978057861328125000000000
-0.26905778050422668457031250000000
-0.26610031723976135253906250000000
-0.26314032077789306640625000000000
-0.26017776131629943847656250000000
-0.25721272826194763183593750000000
-0.25424537062644958496093750000000
-0.25127565860748291015625000000000
-0.24830342829227447509765625000000
-0.24532887339591979980468750000000
-0.24235212802886962890625000000000
-0.23937310278415679931640625000000
-0.23639169335365295410156250000000
-0.23340806365013122558593750000000
-0.23042234778404235839843750000000
-0.22743445634841918945312500000000
-0.22444431483745574951171875000000
-0.22145205736160278320312500000000
-0.21845781803131103515625000000000
-0.21546153724193572998046875000000
-0.21246309578418731689453125000000
-0.20946265757083892822265625000000
-0.20646037161350250244140625000000
-0.20345613360404968261718750000000
-0.20044985413551330566406250000000
-0.19744169712066650390625000000000
-0.19443179666996002197265625000000
-0.19142006337642669677734375000000
-0.18840640783309936523437500000000
-0.18539097905158996582031250000000
-0.18237391114234924316406250000000
-0.17935512959957122802734375000000
-0.17633454501628875732421875000000
-0.17331230640411376953125000000000
-0.17028853297233581542968750000000
-0.16726316511631011962890625000000
-0.16423611342906951904296875000000
-0.16120749711990356445312500000000
-0.15817749500274658203125000000000
-0.15514598786830902099609375000000
-0.15211291611194610595703125000000
-0.14907839894294738769531250000000
-0.14604260027408599853515625000000
-0.14300543069839477539062500000000
-0.13996678590774536132812500000000
-0.13692682981491088867187500000000
-0.13388569653034210205078125000000
-0.13084331154823303222656250000000
-0.12779955565929412841796875000000
-0.12475461512804031372070312500000
-0.12170860916376113891601562500000
-0.11866145581007003784179687500000
-0.11561307311058044433593750000000
-0.11256359517574310302734375000000
-0.10951317846775054931640625000000
-0.10646172612905502319335937500000
-0.10340915620326995849609375000000
-0.10035561025142669677734375000000
-0.09730123728513717651367187500000
-0.09424594789743423461914062500000
-0.09118964523077011108398437500000
-0.08813249319791793823242187500000
-0.08507462590932846069335937500000
-0.08201595395803451538085937500000
-0.07895639538764953613281250000000
-0.07589609175920486450195312500000
-0.07283519208431243896484375000000
-0.06977360695600509643554687500000
-0.06671123951673507690429687500000
-0.06364824622869491577148437500000
-0.06058477610349655151367187500000
-0.05752073228359222412109375000000
-0.05445602908730506896972656250000
-0.05139081180095672607421875000000
-0.04832522943615913391113281250000
-0.04525919258594512939453125000000
-0.04219261184334754943847656250000
-0.03912562876939773559570312500000
-0.03605839982628822326660156250000
-0.03299082815647125244140625000000
-0.02992282994091510772705078125000
-0.02685454860329627990722656250000
-0.02378613315522670745849609375000
-0.02071749418973922729492187500000
-0.01764854043722152709960937500000
-0.01457941904664039611816406250000
-0.01151028089225292205810546875000
-0.00844103377312421798706054687500
-0.00537158828228712081909179687500
-0.00230209226720035076141357421875
0.00076730642467737197875976562500
0.00383669789880514144897460937500
0.00690617226064205169677734375000
0.00997558142989873886108398437500
0.01304477825760841369628906250000
0.01611385121941566467285156250000
0.01918289251625537872314453125000
0.02225175127387046813964843750000
0.02532028406858444213867187500000
0.02838857658207416534423828125000
0.03145672008395195007324218750000
0.03452456742525100708007812500000
0.03759197145700454711914062500000
0.04065902158617973327636718750000
0.04372580721974372863769531250000
0.04679217934608459472656250000000
0.04985799267888069152832031250000
0.05292333662509918212890625000000
0.05598830059170722961425781250000
0.05905273929238319396972656250000
0.06211649999022483825683593750000
0.06517967581748962402343750000000
0.06824235618114471435546875000000
0.07130439579486846923828125000000
0.07436563819646835327148437500000
0.07742618769407272338867187500000
0.08048612624406814575195312500000
0.08354530483484268188476562500000
0.08660357445478439331054687500000
0.08966103196144104003906250000000
0.09271775931119918823242187500000
0.09577361494302749633789062500000
0.09882844984531402587890625000000
0.10188235342502593994140625000000
0.10493541508913040161132812500000
0.10798749327659606933593750000000
0.11103843152523040771484375000000
0.11408831924200057983398437500000
0.11713726073503494262695312500000
0.12018509209156036376953125000000
0.12323167175054550170898437500000
0.12627708911895751953125000000000
0.12932144105434417724609375000000
0.13236457109451293945312500000000
0.13540633022785186767578125000000
0.13844682276248931884765625000000
0.14148612320423126220703125000000
0.14452409744262695312500000000000
0.14756058156490325927734375000000
0.15059569478034973144531250000000
0.15362948179244995117187500000000
0.15666183829307556152343750000000
0.15969260036945343017578125000000
0.16272185742855072021484375000000
0.16574968397617340087890625000000
0.16877596080303192138671875000000
0.17180053889751434326171875000000
0.17482347786426544189453125000000
0.17784491181373596191406250000000
0.18086464703083038330078125000000
0.18388257920742034912109375000000
0.18689876794815063476562500000000
0.18991331756114959716796875000000
0.19292606413364410400390625000000
0.19593688845634460449218750000000
0.19894586503505706787109375000000
0.20195308327674865722656250000000
0.20495840907096862792968750000000
0.20796167850494384765625000000000
0.21096298098564147949218750000000
0.21396242082118988037109375000000
0.21695984899997711181640625000000
0.21995511651039123535156250000000
0.22294829785823822021484375000000
0.22593951225280761718750000000000
0.22892858088016510009765625000000
0.23191538453102111816406250000000
0.23490001261234283447265625000000
0.23788252472877502441406250000000
0.24086281657218933105468750000000
0.24384070932865142822265625000000
0.24681630730628967285156250000000
0.24978969991207122802734375000000
0.25276073813438415527343750000000
0.25572925806045532226562500000000
0.25869539380073547363281250000000
0.26165920495986938476562500000000
0.26462054252624511718750000000000
0.26757928729057312011718750000000
0.27053549885749816894531250000000
0.27348926663398742675781250000000
0.27644047141075134277343750000000
0.27938896417617797851562500000000
0.28233480453491210937500000000000
0.28527811169624328613281250000000
0.28821873664855957031250000000000
0.29115650057792663574218750000000
0.29409155249595642089843750000000
0.29702395200729370117187500000000
0.29995352029800415039062500000000
0.30288019776344299316406250000000
0.30580398440361022949218750000000
0.30872499942779541015625000000000
0.31164312362670898437500000000000
0.31455820798873901367187500000000
0.31747031211853027343750000000000
0.32037952542304992675781250000000
0.32328572869300842285156250000000
0.32618880271911621093750000000000
0.32908877730369567871093750000000
0.33198577165603637695312500000000
0.33487960696220397949218750000000
0.33777022361755371093750000000000
0.34065762162208557128906250000000
0.34354194998741149902343750000000
0.34642302989959716796875000000000
0.34930071234703063964843750000000
0.35217514634132385253906250000000
0.35504633188247680664062500000000
0.35791420936584472656250000000000
0.36077857017517089843750000000000
0.36363956332206726074218750000000
0.36649721860885620117187500000000
0.36935141682624816894531250000000
0.37220203876495361328125000000000
0.37504914402961730957031250000000
0.37789285182952880859375000000000
0.38073298335075378417968750000000
0.38356938958168029785156250000000
0.38640221953392028808593750000000
0.38923150300979614257812500000000
0.39205712080001831054687500000000
0.39487895369529724121093750000000
0.39769703149795532226562500000000
0.40051150321960449218750000000000
0.40332219004631042480468750000000
0.40612894296646118164062500000000
0.40893191099166870117187500000000
0.41173109412193298339843750000000
0.41452643275260925292968750000000
0.41731774806976318359375000000000
0.42010512948036193847656250000000
0.42288866639137268066406250000000
0.42566820979118347167968750000000
0.42844364047050476074218750000000
0.43121501803398132324218750000000
0.43398246169090270996093750000000
0.43674579262733459472656250000000
0.43950492143630981445312500000000
0.44225990772247314453125000000000
0.44501084089279174804687500000000
0.44775757193565368652343750000000
0.45049998164176940917968750000000
0.45323812961578369140625000000000
0.45597213506698608398437500000000
0.45870184898376464843750000000000
0.46142712235450744628906250000000
0.46414804458618164062500000000000
0.46686470508575439453125000000000
0.46957695484161376953125000000000
0.47228470444679260253906250000000
0.47498798370361328125000000000000
0.47768688201904296875000000000000
0.48038130998611450195312500000000
0.48307108879089355468750000000000
0.48575630784034729003906250000000
0.48843705654144287109375000000000
0.49111321568489074707031250000000
0.49378463625907897949218750000000
0.49645140767097473144531250000000
0.49911361932754516601562500000000
0.50177109241485595703125000000000
0.50442379713058471679687500000000
0.50707167387008666992187500000000
0.50971490144729614257812500000000
0.51235336065292358398437500000000
0.51498687267303466796875000000000
0.51761555671691894531250000000000
0.52023941278457641601562500000000
0.52285838127136230468750000000000
0.52547234296798706054687500000000
0.52808135747909545898437500000000
0.53068548440933227539062500000000
0.53328460454940795898437500000000
0.53587859869003295898437500000000
0.53846752643585205078125000000000
0.54105150699615478515625000000000
0.54363036155700683593750000000000
0.54620403051376342773437500000000
0.54877263307571411132812500000000
0.55133599042892456054687500000000
0.55389422178268432617187500000000
0.55644720792770385742187500000000
0.55899494886398315429687500000000
0.56153738498687744140625000000000
0.56407457590103149414062500000000
0.56660646200180053710937500000000
0.56913298368453979492187500000000
0.57165414094924926757812500000000
0.57416993379592895507812500000000
0.57668030261993408203125000000000
0.57918524742126464843750000000000
0.58168470859527587890625000000000
0.58417868614196777343750000000000
0.58666718006134033203125000000000
0.58915019035339355468750000000000
0.59162759780883789062500000000000
0.59409940242767333984375000000000
0.59656566381454467773437500000000
0.59902626276016235351562500000000
0.60148125886917114257812500000000
0.60393059253692626953125000000000
0.60637420415878295898437500000000
0.60881209373474121093750000000000
0.61124432086944580078125000000000
0.61367070674896240234375000000000
0.61609137058258056640625000000000
0.61850619316101074218750000000000
0.62091517448425292968750000000000
0.62331831455230712890625000000000
0.62571561336517333984375000000000
0.62810701131820678710937500000000
0.63049244880676269531250000000000
0.63287198543548583984375000000000
0.63524556159973144531250000000000
0.63761311769485473632812500000000
0.63997471332550048828125000000000
0.64233022928237915039062500000000
0.64467972517013549804687500000000
0.64702314138412475585937500000000
0.64936047792434692382812500000000
0.65169167518615722656250000000000
0.65401673316955566406250000000000
0.65633565187454223632812500000000
0.65864837169647216796875000000000
0.66095489263534545898437500000000
0.66325515508651733398437500000000
0.66554921865463256835937500000000
0.66783696413040161132812500000000
0.67011845111846923828125000000000
0.67239362001419067382812500000000
0.67466241121292114257812500000000
0.67692488431930541992187500000000
0.67918097972869873046875000000000
0.68143069744110107421875000000000
0.68367391824722290039062500000000
0.68591076135635375976562500000000
0.68814116716384887695312500000000
0.69036501646041870117187500000000
0.69258242845535278320312500000000
0.69479328393936157226562500000000
0.69699758291244506835937500000000
0.69919532537460327148437500000000
0.70138645172119140625000000000000
0.70357102155685424804687500000000
0.70574891567230224609375000000000
0.70792019367218017578125000000000
0.71008479595184326171875000000000
0.71224272251129150390625000000000
0.71439391374588012695312500000000
0.71653836965560913085937500000000
0.71867609024047851562500000000000
0.72080701589584350585937500000000
0.72293120622634887695312500000000
0.72504854202270507812500000000000
0.72715902328491210937500000000000
0.72926270961761474609375000000000
0.73135948181152343750000000000000
0.73344939947128295898437500000000
0.73553240299224853515625000000000
0.73760843276977539062500000000000
0.73967754840850830078125000000000
0.74173969030380249023437500000000
0.74379485845565795898437500000000
0.74584299325942993164062500000000
0.74788409471511840820312500000000
0.74991816282272338867187500000000
0.75194519758224487304687500000000
0.75396507978439331054687500000000
0.75597792863845825195312500000000
0.75798362493515014648437500000000
0.75998216867446899414062500000000
0.76197355985641479492187500000000
0.76395779848098754882812500000000
0.76593476533889770507812500000000
0.76790457963943481445312500000000
0.76986718177795410156250000000000
0.77182245254516601562500000000000
0.77377051115036010742187500000000
0.77571123838424682617187500000000
0.77764469385147094726562500000000
0.77957081794738769531250000000000
0.78148961067199707031250000000000
0.78340101242065429687500000000000
0.78530502319335937500000000000000
0.78720164299011230468750000000000
0.78909087181091308593750000000000
0.79097265005111694335937500000000
0.79284697771072387695312500000000
0.79471385478973388671875000000000
0.79657322168350219726562500000000
0.79842507839202880859375000000000
0.80026942491531372070312500000000
0.80210620164871215820312500000000
0.80393546819686889648437500000000
0.80575710535049438476562500000000
0.80757117271423339843750000000000
0.80937767028808593750000000000000
0.81117647886276245117187500000000
0.81296771764755249023437500000000
0.81475126743316650390625000000000
0.81652712821960449218750000000000
0.81829530000686645507812500000000
0.82005572319030761718750000000000
0.82180845737457275390625000000000
0.82355344295501708984375000000000
0.82529067993164062500000000000000
0.82702016830444335937500000000000
0.82874184846878051757812500000000
0.83045566082000732421875000000000
0.83216172456741333007812500000000
0.83385992050170898437500000000000
0.83555024862289428710937500000000
0.83723270893096923828125000000000
0.83890730142593383789062500000000
0.84057396650314331054687500000000
0.84223270416259765625000000000000
0.84388357400894165039062500000000
0.84552639722824096679687500000000
0.84716129302978515625000000000000
0.84878826141357421875000000000000
0.85040718317031860351562500000000
0.85201805830001831054687500000000
0.85362094640731811523437500000000
0.85521578788757324218750000000000
0.85680258274078369140625000000000
0.85838127136230468750000000000000
0.85995191335678100585937500000000
0.86151444911956787109375000000000
0.86306881904602050781250000000000
0.86461514234542846679687500000000
0.86615324020385742187500000000000
0.86768323183059692382812500000000
0.86920499801635742187500000000000
0.87071859836578369140625000000000
0.87222403287887573242187500000000
0.87372118234634399414062500000000
0.87521016597747802734375000000000
0.87669086456298828125000000000000
0.87816327810287475585937500000000
0.87962746620178222656250000000000
0.88108336925506591796875000000000
0.88253092765808105468750000000000
0.88397020101547241210937500000000
0.88540112972259521484375000000000
0.88682371377944946289062500000000
0.88823795318603515625000000000000
0.88964384794235229492187500000000
0.89104133844375610351562500000000
0.89243042469024658203125000000000
0.89381110668182373046875000000000
0.89518338441848754882812500000000
0.89654719829559326171875000000000
0.89790260791778564453125000000000
0.89924955368041992187500000000000
0.90058797597885131835937500000000
0.90191793441772460937500000000000
0.90323942899703979492187500000000
0.90455240011215209960937500000000
0.90585684776306152343750000000000
0.90715271234512329101562500000000
0.90844011306762695312500000000000
0.90971887111663818359375000000000
0.91098910570144653320312500000000
0.91225075721740722656250000000000
0.91350382566452026367187500000000
0.91474825143814086914062500000000
0.91598409414291381835937500000000
0.91721129417419433593750000000000
0.91842985153198242187500000000000
0.91963976621627807617187500000000
0.92084097862243652343750000000000
0.92203354835510253906250000000000
0.92321741580963134765625000000000
0.92439258098602294921875000000000
0.92555904388427734375000000000000
0.92671680450439453125000000000000
0.92786580324172973632812500000000
0.92900609970092773437500000000000
0.93013763427734375000000000000000
0.93126034736633300781250000000000
0.93237435817718505859375000000000
0.93347954750061035156250000000000
0.93457597494125366210937500000000
0.93566352128982543945312500000000
0.93674230575561523437500000000000
0.93781226873397827148437500000000
0.93887341022491455078125000000000
0.93992567062377929687500000000000
0.94096910953521728515625000000000
0.94200366735458374023437500000000
0.94302934408187866210937500000000
0.94404613971710205078125000000000
0.94505405426025390625000000000000
0.94605302810668945312500000000000
0.94704312086105346679687500000000
0.94802427291870117187500000000000
0.94899648427963256835937500000000
0.94995981454849243164062500000000
0.95091414451599121093750000000000
0.95185953378677368164062500000000
0.95279592275619506835937500000000
0.95372337102890014648437500000000
0.95464181900024414062500000000000
0.95555126667022705078125000000000
0.95645171403884887695312500000000
0.95734316110610961914062500000000
0.95822554826736450195312500000000
0.95909893512725830078125000000000
0.95996332168579101562500000000000
0.96081864833831787109375000000000
0.96166485548019409179687500000000
0.96250206232070922851562500000000
0.96333020925521850585937500000000
0.96414923667907714843750000000000
0.96495920419692993164062500000000
0.96576011180877685546875000000000
0.96655189990997314453125000000000
0.96733456850051879882812500000000
0.96810811758041381835937500000000
0.96887254714965820312500000000000
0.96962785720825195312500000000000
0.97037404775619506835937500000000
0.97111105918884277343750000000000
0.97183895111083984375000000000000
0.97255766391754150390625000000000
0.97326725721359252929687500000000
0.97396767139434814453125000000000
0.97465884685516357421875000000000
0.97534090280532836914062500000000
0.97601372003555297851562500000000
0.97667741775512695312500000000000
0.97733181715011596679687500000000
0.97797709703445434570312500000000
0.97861313819885253906250000000000
0.97923994064331054687500000000000
0.97985750436782836914062500000000
0.98046582937240600585937500000000
0.98106497526168823242187500000000
0.98165482282638549804687500000000
0.98223543167114257812500000000000
0.98280680179595947265625000000000
0.98336893320083618164062500000000
0.98392176628112792968750000000000
0.98446530103683471679687500000000
0.98499959707260131835937500000000
0.98552465438842773437500000000000
0.98604035377502441406250000000000
0.98654681444168090820312500000000
0.98704391717910766601562500000000
0.98753178119659423828125000000000
0.98801034688949584960937500000000
0.98847955465316772460937500000000
0.98893946409225463867187500000000
0.98939007520675659179687500000000
0.98983138799667358398437500000000
0.99026334285736083984375000000000
0.99068593978881835937500000000000
0.99109923839569091796875000000000
0.99150317907333374023437500000000
0.99189782142639160156250000000000
0.99228304624557495117187500000000
0.99265897274017333984375000000000
0.99302554130554199218750000000000
0.99338275194168090820312500000000
0.99373060464859008789062500000000
0.99406909942626953125000000000000
0.99439823627471923828125000000000
0.99471795558929443359375000000000
0.99502831697463989257812500000000
0.99532938003540039062500000000000
0.99562096595764160156250000000000
0.99590325355529785156250000000000
0.99617612361907958984375000000000
0.99643957614898681640625000000000
0.99669367074966430664062500000000
0.99693834781646728515625000000000
0.99717366695404052734375000000000
0.99739956855773925781250000000000
0.99761611223220825195312500000000
0.99782323837280273437500000000000
0.99802094697952270507812500000000
0.99820923805236816406250000000000
0.99838817119598388671875000000000
0.99855768680572509765625000000000
0.99871778488159179687500000000000
0.99886846542358398437500000000000
0.99900972843170166015625000000000
0.99914157390594482421875000000000
0.99926400184631347656250000000000
0.99937707185745239257812500000000
0.99948066473007202148437500000000
0.99957489967346191406250000000000
0.99965965747833251953125000000000
0.99973505735397338867187500000000
0.99980098009109497070312500000000
0.99985748529434204101562500000000
0.99990463256835937500000000000000
0.99994230270385742187500000000000
0.99997055530548095703125000000000
0.99998939037322998046875000000000
0.99999880790710449218750000000000
0.99999880790710449218750000000000
0.99998939037322998046875000000000
0.99997055530548095703125000000000
0.99994230270385742187500000000000
0.99990463256835937500000000000000
0.99985748529434204101562500000000
0.99980098009109497070312500000000
0.99973505735397338867187500000000
0.99965965747833251953125000000000
0.99957489967346191406250000000000
0.99948066473007202148437500000000
0.99937707185745239257812500000000
0.99926400184631347656250000000000
0.99914157390594482421875000000000
0.99900972843170166015625000000000
0.99886846542358398437500000000000
0.99871778488159179687500000000000
0.99855768680572509765625000000000
0.99838817119598388671875000000000
0.99820923805236816406250000000000
0.99802094697952270507812500000000
0.99782323837280273437500000000000
0.99761611223220825195312500000000
0.99739956855773925781250000000000
0.99717366695404052734375000000000
0.99693834781646728515625000000000
0.99669367074966430664062500000000
0.99643957614898681640625000000000
0.99617612361907958984375000000000
0.99590325355529785156250000000000
0.99562096595764160156250000000000
0.99532938003540039062500000000000
0.99502837657928466796875000000000
0.99471795558929443359375000000000
0.99439823627471923828125000000000
0.99406909942626953125000000000000
0.99373060464859008789062500000000
0.99338275194168090820312500000000
0.99302554130554199218750000000000
0.99265897274017333984375000000000
0.99228304624557495117187500000000
0.99189782142639160156250000000000
0.99150317907333374023437500000000
0.99109923839569091796875000000000
0.99068593978881835937500000000000
0.99026334285736083984375000000000
0.98983138799667358398437500000000
0.98939007520675659179687500000000
0.98893946409225463867187500000000
0.98847955465316772460937500000000
0.98801034688949584960937500000000
0.98753178119659423828125000000000
0.98704397678375244140625000000000
0.98654681444168090820312500000000
0.98604035377502441406250000000000
0.98552465438842773437500000000000
0.98499965667724609375000000000000
0.98446536064147949218750000000000
0.98392176628112792968750000000000
0.98336893320083618164062500000000
0.98280680179595947265625000000000
0.98223543167114257812500000000000
0.98165482282638549804687500000000
0.98106497526168823242187500000000
0.98046582937240600585937500000000
0.97985750436782836914062500000000
0.97923994064331054687500000000000
0.97861313819885253906250000000000
0.97797709703445434570312500000000
0.97733187675476074218750000000000
0.97667741775512695312500000000000
0.97601377964019775390625000000000
0.97534090280532836914062500000000
0.97465890645980834960937500000000
0.97396767139434814453125000000000
0.97326725721359252929687500000000
0.97255772352218627929687500000000
0.97183895111083984375000000000000
0.97111111879348754882812500000000
0.97037404775619506835937500000000
0.96962791681289672851562500000000
0.96887260675430297851562500000000
0.96810811758041381835937500000000
0.96733456850051879882812500000000
0.96655189990997314453125000000000
0.96576011180877685546875000000000
0.96495926380157470703125000000000
0.96414929628372192382812500000000
0.96333020925521850585937500000000
0.96250212192535400390625000000000
0.96166491508483886718750000000000
0.96081864833831787109375000000000
0.95996332168579101562500000000000
0.95909899473190307617187500000000
0.95822560787200927734375000000000
0.95734316110610961914062500000000
0.95645171403884887695312500000000
0.95555126667022705078125000000000
0.95464181900024414062500000000000
0.95372337102890014648437500000000
0.95279592275619506835937500000000
0.95185953378677368164062500000000
0.95091414451599121093750000000000
0.94995981454849243164062500000000
0.94899654388427734375000000000000
0.94802427291870117187500000000000
0.94704312086105346679687500000000
0.94605302810668945312500000000000
0.94505405426025390625000000000000
0.94404613971710205078125000000000
0.94302934408187866210937500000000
0.94200366735458374023437500000000
0.94096910953521728515625000000000
0.93992573022842407226562500000000
0.93887341022491455078125000000000
0.93781232833862304687500000000000
0.93674236536026000976562500000000
0.93566358089447021484375000000000
0.93457597494125366210937500000000
0.93347954750061035156250000000000
0.93237435817718505859375000000000
0.93126040697097778320312500000000
0.93013763427734375000000000000000
0.92900609970092773437500000000000
0.92786586284637451171875000000000
0.92671680450439453125000000000000
0.92555910348892211914062500000000
0.92439258098602294921875000000000
0.92321741580963134765625000000000
0.92203354835510253906250000000000
0.92084097862243652343750000000000
0.91963976621627807617187500000000
0.91842985153198242187500000000000
0.91721129417419433593750000000000
0.91598409414291381835937500000000
0.91474831104278564453125000000000
0.91350382566452026367187500000000
0.91225081682205200195312500000000
0.91098916530609130859375000000000
0.90971893072128295898437500000000
0.90844011306762695312500000000000
0.90715277194976806640625000000000
0.90585684776306152343750000000000
0.90455240011215209960937500000000
0.90323948860168457031250000000000
0.90191799402236938476562500000000
0.90058803558349609375000000000000
0.89924955368041992187500000000000
0.89790266752243041992187500000000
0.89654725790023803710937500000000
0.89518344402313232421875000000000
0.89381116628646850585937500000000
0.89243048429489135742187500000000
0.89104139804840087890625000000000
0.88964384794235229492187500000000
0.88823801279067993164062500000000
0.88682377338409423828125000000000
0.88540118932723999023437500000000
0.88397020101547241210937500000000
0.88253098726272583007812500000000
0.88108336925506591796875000000000
0.87962746620178222656250000000000
0.87816333770751953125000000000000
0.87669086456298828125000000000000
0.87521016597747802734375000000000
0.87372124195098876953125000000000
0.87222403287887573242187500000000
0.87071865797042846679687500000000
0.86920505762100219726562500000000
0.86768323183059692382812500000000
0.86615329980850219726562500000000
0.86461514234542846679687500000000
0.86306887865066528320312500000000
0.86151444911956787109375000000000
0.85995197296142578125000000000000
0.85838133096694946289062500000000
0.85680264234542846679687500000000
0.85521584749221801757812500000000
0.85362100601196289062500000000000
0.85201811790466308593750000000000
0.85040718317031860351562500000000
0.84878826141357421875000000000000
0.84716135263442993164062500000000
0.84552645683288574218750000000000
0.84388357400894165039062500000000
0.84223276376724243164062500000000
0.84057402610778808593750000000000
0.83890730142593383789062500000000
0.83723276853561401367187500000000
0.83555030822753906250000000000000
0.83385992050170898437500000000000
0.83216178417205810546875000000000
0.83045572042465209960937500000000
0.82874184846878051757812500000000
0.82702016830444335937500000000000
0.82529073953628540039062500000000
0.82355350255966186523437500000000
0.82180851697921752929687500000000
0.82005578279495239257812500000000
0.81829530000686645507812500000000
0.81652712821960449218750000000000
0.81475126743316650390625000000000
0.81296771764755249023437500000000
0.81117653846740722656250000000000
0.80937767028808593750000000000000
0.80757123231887817382812500000000
0.80575716495513916015625000000000
0.80393546819686889648437500000000
0.80210620164871215820312500000000
0.80026942491531372070312500000000
0.79842507839202880859375000000000
0.79657322168350219726562500000000
0.79471385478973388671875000000000
0.79284697771072387695312500000000
0.79097270965576171875000000000000
0.78909093141555786132812500000000
0.78720170259475708007812500000000
0.78530508279800415039062500000000
0.78340101242065429687500000000000
0.78148961067199707031250000000000
0.77957087755203247070312500000000
0.77764475345611572265625000000000
0.77571129798889160156250000000000
0.77377057075500488281250000000000
0.77182251214981079101562500000000
0.76986718177795410156250000000000
0.76790463924407958984375000000000
0.76593482494354248046875000000000
0.76395779848098754882812500000000
0.76197361946105957031250000000000
0.75998222827911376953125000000000
0.75798362493515014648437500000000
0.75597792863845825195312500000000
0.75396513938903808593750000000000
0.75194519758224487304687500000000
0.74991822242736816406250000000000
0.74788415431976318359375000000000
0.74584299325942993164062500000000
0.74379485845565795898437500000000
0.74173974990844726562500000000000
0.73967760801315307617187500000000
0.73760849237442016601562500000000
0.73553240299224853515625000000000
0.73344939947128295898437500000000
0.73135954141616821289062500000000
0.72926270961761474609375000000000
0.72715908288955688476562500000000
0.72504854202270507812500000000000
0.72293120622634887695312500000000
0.72080707550048828125000000000000
0.71867614984512329101562500000000
0.71653842926025390625000000000000
0.71439391374588012695312500000000
0.71224272251129150390625000000000
0.71008485555648803710937500000000
0.70792025327682495117187500000000
0.70574897527694702148437500000000
0.70357108116149902343750000000000
0.70138651132583618164062500000000
0.69919532537460327148437500000000
0.69699758291244506835937500000000
0.69479328393936157226562500000000
0.69258242845535278320312500000000
0.69036507606506347656250000000000
0.68814116716384887695312500000000
0.68591082096099853515625000000000
0.68367397785186767578125000000000
0.68143069744110107421875000000000
0.67918103933334350585937500000000
0.67692494392395019531250000000000
0.67466247081756591796875000000000
0.67239362001419067382812500000000
0.67011851072311401367187500000000
0.66783702373504638671875000000000
0.66554921865463256835937500000000
0.66325521469116210937500000000000
0.66095495223999023437500000000000
0.65864843130111694335937500000000
0.65633571147918701171875000000000
0.65401679277420043945312500000000
0.65169173479080200195312500000000
0.64936053752899169921875000000000
0.64702320098876953125000000000000
0.64467978477478027343750000000000
0.64233028888702392578125000000000
0.63997477293014526367187500000000
0.63761317729949951171875000000000
0.63524562120437622070312500000000
0.63287204504013061523437500000000
0.63049250841140747070312500000000
0.62810707092285156250000000000000
0.62571567296981811523437500000000
0.62331837415695190429687500000000
0.62091523408889770507812500000000
0.61850625276565551757812500000000
0.61609137058258056640625000000000
0.61367076635360717773437500000000
0.61124432086944580078125000000000
0.60881215333938598632812500000000
0.60637426376342773437500000000000
0.60393065214157104492187500000000
0.60148131847381591796875000000000
0.59902632236480712890625000000000
0.59656572341918945312500000000000
0.59409946203231811523437500000000
0.59162759780883789062500000000000
0.58915019035339355468750000000000
0.58666723966598510742187500000000
0.58417874574661254882812500000000
0.58168476819992065429687500000000
0.57918524742126464843750000000000
0.57668030261993408203125000000000
0.57416993379592895507812500000000
0.57165420055389404296875000000000
0.56913304328918457031250000000000
0.56660652160644531250000000000000
0.56407463550567626953125000000000
0.56153744459152221679687500000000
0.55899494886398315429687500000000
0.55644726753234863281250000000000
0.55389428138732910156250000000000
0.55133605003356933593750000000000
0.54877269268035888671875000000000
0.54620409011840820312500000000000
0.54363042116165161132812500000000
0.54105156660079956054687500000000
0.53846764564514160156250000000000
0.53587859869003295898437500000000
0.53328460454940795898437500000000
0.53068554401397705078125000000000
0.52808141708374023437500000000000
0.52547234296798706054687500000000
0.52285838127136230468750000000000
0.52023953199386596679687500000000
0.51761561632156372070312500000000
0.51498687267303466796875000000000
0.51235336065292358398437500000000
0.50971502065658569335937500000000
0.50707179307937622070312500000000
0.50442379713058471679687500000000
0.50177109241485595703125000000000
0.49911370873451232910156250000000
0.49645152688026428222656250000000
0.49378463625907897949218750000000
0.49111321568489074707031250000000
0.48843717575073242187500000000000
0.48575642704963684082031250000000
0.48307108879089355468750000000000
0.48038130998611450195312500000000
0.47768700122833251953125000000000
0.47498807311058044433593750000000
0.47228470444679260253906250000000
0.46957695484161376953125000000000
0.46686479449272155761718750000000
0.46414813399314880371093750000000
0.46142712235450744628906250000000
0.45870184898376464843750000000000
0.45597225427627563476562500000000
0.45323824882507324218750000000000
0.45049998164176940917968750000000
0.44775757193565368652343750000000
0.44501096010208129882812500000000
0.44226002693176269531250000000000
0.43950492143630981445312500000000
0.43674579262733459472656250000000
0.43398255109786987304687500000000
0.43121513724327087402343750000000
0.42844364047050476074218750000000
0.42566820979118347167968750000000
0.42288875579833984375000000000000
0.42010524868965148925781250000000
0.41731774806976318359375000000000
0.41452643275260925292968750000000
0.41173121333122253417968750000000
0.40893200039863586425781250000000
0.40612894296646118164062500000000
0.40332219004631042480468750000000
0.40051159262657165527343750000000
0.39769715070724487304687500000000
0.39487895369529724121093750000000
0.39205712080001831054687500000000
0.38923162221908569335937500000000
0.38640233874320983886718750000000
0.38356938958168029785156250000000
0.38073298335075378417968750000000
0.37789294123649597167968750000000
0.37504926323890686035156250000000
0.37220203876495361328125000000000
0.36935141682624816894531250000000
0.36649733781814575195312500000000
0.36363965272903442382812500000000
0.36077857017517089843750000000000
0.35791420936584472656250000000000
0.35504645109176635742187500000000
0.35217523574829101562500000000000
0.34930071234703063964843750000000
0.34642302989959716796875000000000
0.34354203939437866210937500000000
0.34065774083137512207031250000000
0.33777022361755371093750000000000
0.33487960696220397949218750000000
0.33198586106300354003906250000000
0.32908886671066284179687500000000
0.32618880271911621093750000000000
0.32328572869300842285156250000000
0.32037964463233947753906250000000
0.31747040152549743652343750000000
0.31455820798873901367187500000000
0.31164312362670898437500000000000
0.30872511863708496093750000000000
0.30580410361289978027343750000000
0.30288019776344299316406250000000
0.29995352029800415039062500000000
0.29702407121658325195312500000000
0.29409167170524597167968750000000
0.29115650057792663574218750000000
0.28821873664855957031250000000000
0.28527823090553283691406250000000
0.28233492374420166015625000000000
0.27938896417617797851562500000000
0.27644047141075134277343750000000
0.27348938584327697753906250000000
0.27053561806678771972656250000000
0.26757928729057312011718750000000
0.26462054252624511718750000000000
0.26165932416915893554687500000000
0.25869551301002502441406250000000
0.25572925806045532226562500000000
0.25276073813438415527343750000000
0.24978980422019958496093750000000
0.24681642651557922363281250000000
0.24384070932865142822265625000000
0.24086281657218933105468750000000
0.23788264393806457519531250000000
0.23490013182163238525390625000000
0.23191538453102111816406250000000
0.22892858088016510009765625000000
0.22593961656093597412109375000000
0.22294841706752777099609375000000
0.21995511651039123535156250000000
0.21695984899997711181640625000000
0.21396254003047943115234375000000
0.21096310019493103027343750000000
0.20796167850494384765625000000000
0.20495840907096862792968750000000
0.20195320248603820800781250000000
0.19894598424434661865234375000000
0.19593688845634460449218750000000
0.19292606413364410400390625000000
0.18991342186927795410156250000000
0.18689888715744018554687500000000
0.18388257920742034912109375000000
0.18086464703083038330078125000000
0.17784501612186431884765625000000
0.17482359707355499267578125000000
0.17180053889751434326171875000000
0.16877596080303192138671875000000
0.16574980318546295166015625000000
0.16272196173667907714843750000000
0.15969260036945343017578125000000
0.15666183829307556152343750000000
0.15362960100173950195312500000000
0.15059581398963928222656250000000
0.14756058156490325927734375000000
0.14452409744262695312500000000000
0.14148624241352081298828125000000
0.13844694197177886962890625000000
0.13540633022785186767578125000000
0.13236457109451293945312500000000
0.12932156026363372802734375000000
0.12627720832824707031250000000000
0.12323167175054550170898437500000
0.12018509209156036376953125000000
0.11713737249374389648437500000000
0.11408843845129013061523437500000
0.11103843152523040771484375000000
0.10798749327659606933593750000000
0.10493553429841995239257812500000
0.10188247263431549072265625000000
0.09882844984531402587890625000000
0.09577361494302749633789062500000
0.09271787852048873901367187500000
0.08966115117073059082031250000000
0.08660357445478439331054687500000
0.08354530483484268188476562500000
0.08048624545335769653320312500000
0.07742630690336227416992187500000
0.07436563819646835327148437500000
0.07130439579486846923828125000000
0.06824247539043426513671875000000
0.06517979502677917480468750000000
0.06211649999022483825683593750000
0.05905273929238319396972656250000
0.05598841980099678039550781250000
0.05292345583438873291015625000000
0.04985799267888069152832031250000
0.04679217934608459472656250000000
0.04372592642903327941894531250000
0.04065914079546928405761718750000
0.03759197145700454711914062500000
0.03452456742525100708007812500000
0.03145683929324150085449218750000
0.02838869579136371612548828125000
0.02532028406858444213867187500000
0.02225175127387046813964843750000
0.01918301172554492950439453125000
0.01611397042870521545410156250000
0.01304477825760841369628906250000
0.00997558142989873886108398437500
0.00690629146993160247802734375000
0.00383681710809469223022460937500
0.00076730642467737197875976562500
-0.00230209226720035076141357421875
-0.00537146907299757003784179687500
-0.00844091456383466720581054687500
-0.01151028089225292205810546875000
-0.01457941904664039611816406250000
-0.01764842122793197631835937500000
-0.02071737498044967651367187500000
-0.02378613315522670745849609375000
-0.02685454860329627990722656250000
-0.02992271073162555694580078125000
-0.03299071267247200012207031250000
-0.03605839982628822326660156250000
-0.03912562876939773559570312500000
-0.04219249263405799865722656250000
-0.04525907337665557861328125000000
-0.04832522943615913391113281250000
-0.05139081180095672607421875000000
-0.05445590987801551818847656250000
-0.05752061679959297180175781250000
-0.06058477610349655151367187500000
-0.06364824622869491577148437500000
-0.06671112030744552612304687500000
-0.06977348774671554565429687500000
-0.07283519208431243896484375000000
-0.07589609175920486450195312500000
-0.07895627617835998535156250000000
-0.08201583474874496459960937500000
-0.08507462590932846069335937500000
-0.08813249319791793823242187500000
-0.09118952602148056030273437500000
-0.09424582868814468383789062500000
-0.09730123728513717651367187500000
-0.10035561025142669677734375000000
-0.10340903699398040771484375000000
-0.10646160691976547241210937500000
-0.10951317846775054931640625000000
-0.11256359517574310302734375000000
-0.11561295390129089355468750000000
-0.11866134405136108398437500000000
-0.12170860916376113891601562500000
-0.12475461512804031372070312500000
-0.12779943645000457763671875000000
-0.13084319233894348144531250000000
-0.13388569653034210205078125000000
-0.13692682981491088867187500000000
-0.13996666669845581054687500000000
-0.14300531148910522460937500000000
-0.14604260027408599853515625000000
-0.14907839894294738769531250000000
-0.15211279690265655517578125000000
-0.15514586865901947021484375000000
-0.15817749500274658203125000000000
-0.16120749711990356445312500000000
-0.16423599421977996826171875000000
-0.16726304590702056884765625000000
-0.17028853297233581542968750000000
-0.17331230640411376953125000000000
-0.17633442580699920654296875000000
-0.17935501039028167724609375000000
-0.18237391114234924316406250000000
-0.18539097905158996582031250000000
-0.18840628862380981445312500000000
-0.19141994416713714599609375000000
-0.19443179666996002197265625000000
-0.19744169712066650390625000000000
-0.20044974982738494873046875000000
-0.20345601439476013183593750000000
-0.20646037161350250244140625000000
-0.20946265757083892822265625000000
-0.21246297657489776611328125000000
-0.21546141803264617919921875000000
-0.21845781803131103515625000000000
-0.22145205736160278320312500000000
-0.22444419562816619873046875000000
-0.22743433713912963867187500000000
-0.23042234778404235839843750000000
-0.23340806365013122558593750000000
-0.23639157414436340332031250000000
-0.23937298357486724853515625000000
-0.24235212802886962890625000000000
-0.24532887339591979980468750000000
-0.24830332398414611816406250000000
-0.25127553939819335937500000000000
-0.25424537062644958496093750000000
-0.25721272826194763183593750000000
-0.26017764210700988769531250000000
-0.26314020156860351562500000000000
-0.26610031723976135253906250000000
-0.26905778050422668457031250000000
-0.27201274037361145019531250000000
-0.27496522665023803710937500000000
-0.27791512012481689453125000000000
-0.28086230158805847167968750000000
-0.28380683064460754394531250000000
-0.28674879670143127441406250000000
-0.28968805074691772460937500000000
-0.29262447357177734375000000000000
-0.29555812478065490722656250000000
-0.29848912358283996582031250000000
-0.30141729116439819335937500000000
-0.30434250831604003906250000000000
-0.30726489424705505371093750000000
-0.31018444895744323730468750000000
-0.31310111284255981445312500000000
-0.31601470708847045898437500000000
-0.31892532110214233398437500000000
-0.32183304429054260253906250000000
-0.32473772764205932617187500000000
-0.32763925194740295410156250000000
-0.33053767681121826171875000000000
-0.33343312144279479980468750000000
-0.33632540702819824218750000000000
-0.33921441435813903808593750000000
-0.34210020303726196289062500000000
-0.34498292207717895507812500000000
-0.34786236286163330078125000000000
-0.35073840618133544921875000000000
-0.35361117124557495117187500000000
-0.35648071765899658203125000000000
-0.35934689640998840332031250000000
-0.36220955848693847656250000000000
-0.36506882309913635253906250000000
-0.36792477965354919433593750000000
-0.37077724933624267578125000000000
-0.37362611293792724609375000000000
-0.37647145986557006835937500000000
-0.37931337952613830566406250000000
-0.38215172290802001953125000000000
-0.38498634099960327148437500000000
-0.38781735301017761230468750000000
-0.39064478874206542968750000000000
-0.39346858859062194824218750000000
-0.39628854393959045410156250000000
-0.39910477399826049804687500000000
-0.40191733837127685546875000000000
-0.40472611784934997558593750000000
-0.40753099322319030761718750000000
-0.41033202409744262695312500000000
-0.41312927007675170898437500000000
-0.41592267155647277832031250000000
-0.41871201992034912109375000000000
-0.42149740457534790039062500000000
-0.42427885532379150390625000000000
-0.42705649137496948242187500000000
-0.42982992529869079589843750000000
-0.43259927630424499511718750000000
-0.43536478281021118164062500000000
-0.43812596797943115234375000000000
-0.44088301062583923339843750000000
-0.44363591074943542480468750000000
-0.44638463854789733886718750000000
-0.44912937283515930175781250000000
-0.45186966657638549804687500000000
-0.45460569858551025390625000000000
-0.45733764767646789550781250000000
-0.46006509661674499511718750000000
-0.46278819441795349121093750000000
-0.46550694108009338378906250000000
-0.46822130680084228515625000000000
-0.47093147039413452148437500000000
-0.47363698482513427734375000000000
-0.47633802890777587890625000000000
-0.47903478145599365234375000000000
-0.48172682523727416992187500000000
-0.48441433906555175781250000000000
-0.48709729313850402832031250000000
-0.48977565765380859375000000000000
-0.49244958162307739257812500000000
-0.49511870741844177246093750000000
-0.49778312444686889648437500000000
-0.50044310092926025390625000000000
-0.50309813022613525390625000000000
-0.50574839115142822265625000000000
-0.50839394330978393554687500000000
-0.51103466749191284179687500000000
-0.51367080211639404296875000000000
-0.51630187034606933593750000000000
-0.51892811059951782226562500000000
-0.52154964208602905273437500000000
-0.52416604757308959960937500000000
-0.52677750587463378906250000000000
-0.52938401699066162109375000000000
-0.53198558092117309570312500000000
-0.53458231687545776367187500000000
-0.53717374801635742187500000000000
-0.53976017236709594726562500000000
-0.54234170913696289062500000000000
-0.54491794109344482421875000000000
-0.54748904705047607421875000000000
-0.55005496740341186523437500000000
-0.55261570215225219726562500000000
-0.55517143011093139648437500000000
-0.55772173404693603515625000000000
-0.56026679277420043945312500000000
-0.56280678510665893554687500000000
-0.56534129381179809570312500000000
-0.56787043809890747070312500000000
-0.57039421796798706054687500000000
-0.57291263341903686523437500000000
-0.57542586326599121093750000000000
-0.57793349027633666992187500000000
-0.58043563365936279296875000000000
-0.58293253183364868164062500000000
-0.58542370796203613281250000000000
-0.58790940046310424804687500000000
-0.59038954973220825195312500000000
-0.59286415576934814453125000000000
-0.59533333778381347656250000000000
-0.59779673814773559570312500000000
-0.60025447607040405273437500000000
-0.60270678997039794921875000000000
-0.60515320301055908203125000000000
-0.60759395360946655273437500000000
-0.61002892255783081054687500000000
-0.61245816946029663085937500000000
-0.61488187313079833984375000000000
-0.61729955673217773437500000000000
-0.61971139907836914062500000000000
-0.62211763858795166015625000000000
-0.62451779842376708984375000000000
-0.62691211700439453125000000000000
-0.62930047512054443359375000000000
-0.63168293237686157226562500000000
-0.63405960798263549804687500000000
-0.63643014430999755859375000000000
-0.63879466056823730468750000000000
-0.64115339517593383789062500000000
-0.64350587129592895507812500000000
-0.64585226774215698242187500000000
-0.64819258451461791992187500000000
-0.65052682161331176757812500000000
-0.65285509824752807617187500000000
-0.65517699718475341796875000000000
-0.65749275684356689453125000000000
-0.65980255603790283203125000000000
-0.66210591793060302734375000000000
-0.66440302133560180664062500000000
-0.66669386625289916992187500000000
-0.66897845268249511718750000000000
-0.67125689983367919921875000000000
-0.67352885007858276367187500000000
-0.67579442262649536132812500000000
-0.67805385589599609375000000000000
-0.68030673265457153320312500000000
-0.68255317211151123046875000000000
-0.68479317426681518554687500000000
-0.68702673912048339843750000000000
-0.68925398588180541992187500000000
-0.69147455692291259765625000000000
-0.69368863105773925781250000000000
-0.69589638710021972656250000000000
-0.69809734821319580078125000000000
-0.70029175281524658203125000000000
-0.70247954130172729492187500000000
-0.70466077327728271484375000000000
-0.70683544874191284179687500000000
-0.70900338888168334960937500000000
-0.71116459369659423828125000000000
-0.71331924200057983398437500000000
-0.71546703577041625976562500000000
-0.71760809421539306640625000000000
-0.71974241733551025390625000000000
-0.72186988592147827148437500000000
-0.72399079799652099609375000000000
-0.72610467672348022460937500000000
-0.72821170091629028320312500000000
-0.73031204938888549804687500000000
-0.73240536451339721679687500000000
-0.73449176549911499023437500000000
-0.73657125234603881835937500000000
-0.73864382505416870117187500000000
-0.74070954322814941406250000000000
-0.74276816844940185546875000000000
-0.74481976032257080078125000000000
-0.74686455726623535156250000000000
-0.74890208244323730468750000000000
-0.75093257427215576171875000000000
-0.75295603275299072265625000000000
-0.75497233867645263671875000000000
-0.75698173046112060546875000000000
-0.75898385047912597656250000000000
-0.76097875833511352539062500000000
-0.76296669244766235351562500000000
-0.76494723558425903320312500000000
-0.76692062616348266601562500000000
-0.76888680458068847656250000000000
-0.77084571123123168945312500000000
-0.77279746532440185546875000000000
-0.77474182844161987304687500000000
-0.77667891979217529296875000000000
-0.77860879898071289062500000000000
-0.78053122758865356445312500000000
-0.78244626522064208984375000000000
-0.78435391187667846679687500000000
-0.78625422716140747070312500000000
-0.78814727067947387695312500000000
-0.79003274440765380859375000000000
-0.79191076755523681640625000000000
-0.79378145933151245117187500000000
-0.79564452171325683593750000000000
-0.79750007390975952148437500000000
-0.79934817552566528320312500000000
-0.80118870735168457031250000000000
-0.80302184820175170898437500000000
-0.80484724044799804687500000000000
-0.80666512250900268554687500000000
-0.80847549438476562500000000000000
-0.81027811765670776367187500000000
-0.81207311153411865234375000000000
-0.81386041641235351562500000000000
-0.81564009189605712890625000000000
-0.81741219758987426757812500000000
-0.81917649507522583007812500000000
-0.82093304395675659179687500000000
-0.82268202304840087890625000000000
-0.82442313432693481445312500000000
-0.82615643739700317382812500000000
-0.82788199186325073242187500000000
-0.82959967851638793945312500000000
-0.83130973577499389648437500000000
-0.83301180601119995117187500000000
-0.83470606803894042968750000000000
-0.83639258146286010742187500000000
-0.83807104825973510742187500000000
-0.83974164724349975585937500000000
-0.84140431880950927734375000000000
-0.84305912256240844726562500000000
-0.84470605850219726562500000000000
-0.84634488821029663085937500000000
-0.84797579050064086914062500000000
-0.84959876537322998046875000000000
-0.85121369361877441406250000000000
-0.85282057523727416992187500000000
-0.85441941022872924804687500000000
-0.85601013898849487304687500000000
-0.85759299993515014648437500000000
-0.85916763544082641601562500000000
-0.86073416471481323242187500000000
-0.86229276657104492187500000000000
-0.86384308338165283203125000000000
-0.86538523435592651367187500000000
-0.86691927909851074218750000000000
-0.86844509840011596679687500000000
-0.86996287107467651367187500000000
-0.87147235870361328125000000000000
-0.87297362089157104492187500000000
-0.87446677684783935546875000000000
-0.87595158815383911132812500000000
-0.87742811441421508789062500000000
-0.87889641523361206054687500000000
-0.88035643100738525390625000000000
-0.88180822134017944335937500000000
-0.88325160741806030273437500000000
-0.88468670845031738281250000000000
-0.88611358404159545898437500000000
-0.88753193616867065429687500000000
-0.88894200325012207031250000000000
-0.89034366607666015625000000000000
-0.89173692464828491210937500000000
-0.89312189817428588867187500000000
-0.89449834823608398437500000000000
-0.89586639404296875000000000000000
-0.89722603559494018554687500000000
-0.89857721328735351562500000000000
-0.89991986751556396484375000000000
-0.90125405788421630859375000000000
-0.90257972478866577148437500000000
-0.90389704704284667968750000000000
-0.90520572662353515625000000000000
-0.90650588274002075195312500000000
-0.90779757499694824218750000000000
-0.90908062458038330078125000000000
-0.91035509109497070312500000000000
-0.91162103414535522460937500000000
-0.91287833452224731445312500000000
-0.91412717103958129882812500000000
-0.91536730527877807617187500000000
-0.91659879684448242187500000000000
-0.91782170534133911132812500000000
-0.91903591156005859375000000000000
-0.92024147510528564453125000000000
-0.92143833637237548828125000000000
-0.92262655496597290039062500000000
-0.92380613088607788085937500000000
-0.92497694492340087890625000000000
-0.92613899707794189453125000000000
-0.92729246616363525390625000000000
-0.92843711376190185546875000000000
-0.92957293987274169921875000000000
-0.93070006370544433593750000000000
-0.93181842565536499023437500000000
-0.93292808532714843750000000000000
-0.93402886390686035156250000000000
-0.93512082099914550781250000000000
-0.93620407581329345703125000000000
-0.93727844953536987304687500000000
-0.93834394216537475585937500000000
-0.93940067291259765625000000000000
-0.94044846296310424804687500000000
-0.94148755073547363281250000000000
-0.94251763820648193359375000000000
-0.94353884458541870117187500000000
-0.94455122947692871093750000000000
-0.94555467367172241210937500000000
-0.94654917716979980468750000000000
-0.94753479957580566406250000000000
-0.94851148128509521484375000000000
-0.94947928190231323242187500000000
-0.95043808221817016601562500000000
-0.95138794183731079101562500000000
-0.95232886075973510742187500000000
-0.95326077938079833984375000000000
-0.95418369770050048828125000000000
-0.95509767532348632812500000000000
-0.95600259304046630859375000000000
-0.95689857006072998046875000000000
-0.95778548717498779296875000000000
-0.95866340398788452148437500000000
-0.95953232049942016601562500000000
-0.96039211750030517578125000000000
-0.96124291419982910156250000000000
-0.96208459138870239257812500000000
-0.96291726827621459960937500000000
-0.96374088525772094726562500000000
-0.96455538272857666015625000000000
-0.96536082029342651367187500000000
-0.96615719795227050781250000000000
-0.96694439649581909179687500000000
-0.96772247552871704101562500000000
-0.96849149465560913085937500000000
-0.96925133466720581054687500000000
-0.97000211477279663085937500000000
-0.97074371576309204101562500000000
-0.97147613763809204101562500000000
-0.97219949960708618164062500000000
-0.97291362285614013671875000000000
-0.97361862659454345703125000000000
-0.97431439161300659179687500000000
-0.97500103712081909179687500000000
-0.97567850351333618164062500000000
-0.97634673118591308593750000000000
-0.97700577974319458007812500000000
-0.97765564918518066406250000000000
-0.97829627990722656250000000000000
-0.97892767190933227539062500000000
-0.97954988479614257812500000000000
-0.98016279935836791992187500000000
-0.98076659440994262695312500000000
-0.98136103153228759765625000000000
-0.98194628953933715820312500000000
-0.98252230882644653320312500000000
-0.98308902978897094726562500000000
-0.98364651203155517578125000000000
-0.98419469594955444335937500000000
-0.98473364114761352539062500000000
-0.98526328802108764648437500000000
-0.98578369617462158203125000000000
-0.98629474639892578125000000000000
-0.98679655790328979492187500000000
-0.98728907108306884765625000000000
-0.98777222633361816406250000000000
-0.98824608325958251953125000000000
-0.98871070146560668945312500000000
-0.98916596174240112304687500000000
-0.98961192369461059570312500000000
-0.99004852771759033203125000000000
-0.99047583341598510742187500000000
-0.99089378118515014648437500000000
-0.99130237102508544921875000000000
-0.99170166254043579101562500000000
-0.99209159612655639648437500000000
-0.99247223138809204101562500000000
-0.99284344911575317382812500000000
-0.99320530891418457031250000000000
-0.99355787038803100585937500000000
-0.99390101432800292968750000000000
-0.99423480033874511718750000000000
-0.99455928802490234375000000000000
-0.99487429857254028320312500000000
-0.99518001079559326171875000000000
-0.99547636508941650390625000000000
-0.99576330184936523437500000000000
-0.99604088068008422851562500000000
-0.99630904197692871093750000000000
-0.99656778573989868164062500000000
-0.99681717157363891601562500000000
-0.99705719947814941406250000000000
-0.99728780984878540039062500000000
-0.99750900268554687500000000000000
-0.99772083759307861328125000000000
-0.99792325496673583984375000000000
-0.99811625480651855468750000000000
-0.99829989671707153320312500000000
-0.99847406148910522460937500000000
-0.99863886833190917968750000000000
-0.99879425764083862304687500000000
-0.99894028902053833007812500000000
-0.99907684326171875000000000000000
-0.99920397996902465820312500000000
-0.99932169914245605468750000000000
-0.99943006038665771484375000000000
-0.99952894449234008789062500000000
-0.99961847066879272460937500000000
-0.99969851970672607421875000000000
-0.99976915121078491210937500000000
-0.99983042478561401367187500000000
-0.99988222122192382812500000000000
-0.99992460012435913085937500000000
-0.99995762109756469726562500000000
-0.99998116493225097656250000000000
-0.99999529123306274414062500000000
-1.00000000000000000000000000000000
