50.9298
50.446
49.7029
49.2129
50.2379
50.2241
50.1142
49.9661
49.3941
49.633
49.933
49.6268
49.396
49.6922
50.297
50.5478
49.396
49.4869
49.603
49.798
50.323
50.0431
49.634
50.6721
49.7808
50.164
49.8941
49.041
49.675
49.916
50.009
50.0779
49.8822
49.4831
50.2961
49.6552
50.02
49.8369
50.2598
49.67
50.035
49.7701
49.3531
50.158
49.7589
49.8459
49.917
49.4449
49.7389
49.1979
49.7069
49.6812
49.304
49.7708
49.612
50.317
50.1781
49.752
49.7901
49.885
49.1002
49.6092
49.9279
49.6578
49.659
49.813
50.1099
49.8631
49.7611
49.855
49.854
50.369
49.4401
49.8791
49.7651
49.6221
50.035
49.8331
49.7429
49.5641
49.819
49.7689
49.546
49.2122
49.6809
49.7439
49.3019
49.6359
50.087
49.5791
50.5781
49.5608
50.3759
49.835
50.5528
49.742
50.0419
49.9718
49.8469
49.8919
49.583
50.154
49.6039
49.782
49.6948
49.438
49.8738
49.6509
49.6268
49.962
50.1921
49.9561
50.1201
49.2802
49.6969
49.53
49.686
49.402
49.361
49.2971
49.897
50.1821
49.6612
50.5631
49.3631
49.783
49.7589
49.4959
49.932
49.52
49.8199
49.768
49.896
49.592
49.8531
49.196
49.85
49.8669
49.5629
50.0729
50.118
49.788
49.3619
49.6678
49.9148
49.381
49.583
49.7701
49.602
49.6528
49.6581
50.4701
49.648
49.3691
50.0112
49.8948
49.5191
49.4831
50.1108
50.262
49.7029
49.454
49.3
49.942
49.5811
49.475
49.5629
49.401
50.3449
49.485
50.3151
49.8731
49.9091
49.5861
49.9871
49.9079
49.804
49.454
49.9799
49.6552
50.2901
49.7751
49.2949
49.9771
49.823
49.984
50.132
49.629
49.8641
49.8071
49.557
50.1251
50.401
50.0519
49.4921
49.8328
49.8719
49.1941
49.5579
49.706
49.7761
49.3479
49.5698
49.5689
50.1039
49.371
49.6621
49.556
49.608
49.669
49.6969
49.366
49.2389
49.3369
50.6289
49.515
49.7441
50.0922
49.9709
49.7479
49.9549
49.993
49.7921
49.36
49.969
49.335
49.129
49.943
50.24
49.9868
49.901
49.8941
49.8078
49.402
49.279
49.618
49.9568
49.571
49.8581
49.768
49.6612
49.305
49.6681
50.0031
49.521
49.9189
49.6979
49.4719
49.751
49.4871
49.4561
50.0019
49.701
49.6502
49.5939
50.149
49.4862
50.2431
49.2761
49.5231
50.765
49.7379
49.7332
49.8691
49.6461
50.1461
49.6862
50.2481
49.3431
50.082
49.9711
49.5291
49.8931
49.1741
49.818
49.587
49.561
49.4249
49.6099
50.1339
49.9511
50.782
50.611
49.8688
49.7739
50.066
49.736
49.876
49.6292
50.3361
49.5951
49.6521
50.0672
49.7561
49.6511
49.392
49.4919
49.392
49.4621
50.0128
49.7
49.4621
49.6511
49.6421
49.345
49.602
49.9501
50.0879
49.361
49.8772
49.9332
49.84
49.7959
50.101
50.5471
50.5111
49.8111
49.5751
50.036
49.541
49.789
49.597
50.195
49.7112
49.7949
50.184
49.5839
49.582
49.9799
49.875
49.469
49.767
50.138
49.727
49.9139
49.6979
49.5028
49.9511
49.5632
50.267
50.1139
49.731
49.7952
49.67
50.4348
50.312
49.875
50.0479
49.5849
49.6061
49.6471
50.019
49.9802
49.4452
49.758
50.1111
49.8691
49.2799
49.494
49.7169
49.4702
49.4699
49.592
49.264
49.973
49.8352
49.814
49.8619
50.1249
49.535
49.5021
49.901
50.1392
49.4301
49.7839
49.7429
50.1399
49.8109
49.4752
49.9911
49.403
49.5551
49.7
49.736
50.2729
50.04
49.8641
49.686
49.5579
49.5861
49.3381
49.545
49.9949
50.313
49.6891
50.024
49.5739
50.3418
49.8691
50.1959
49.8559
49.8538
49.7081
49.8581
50.4789
49.9759
49.973
49.7339
49.8829
49.192
49.4509
49.9198
50.4279
50.082
49.7022
50.061
49.741
49.8271
49.588
49.614
49.952
49.788
49.3119
49.767
49.6671
49.8211
49.557
49.9299
49.9649
49.7639
49.767
50.07
49.7
49.8171
49.614
49.4609
50.091
49.7551
50.2572
49.4239
49.7129
50.061
50.0891
50.1781
49.83
50.1468
49.751
50.184
49.7339
49.1121
49.494
49.0761
50.015
49.597
49.4421
50.0441
50.2958
49.7499
49.9279
49.866
50.143
49.422
49.859
49.9978
49.6621
49.922
49.701
50.391
49.8199
49.5489
50.148
49.994
49.4499
49.679
49.8569
50.0169
49.7539
49.968
49.6221
49.5019
50.107
50.3101
49.4552
49.597
49.4599
50.0162
49.3371
50.292
50.149
49.7799
50.0998
49.737
49.9961
49.515
49.8719
50.4718
49.8011
50.432
49.917
49.983
49.685
49.9191
50.3931
49.772
49.4649
50.2479
49.9568
50.132
50.1881
50.051
49.7351
50.175
50.0278
50.2219
49.432
49.5
49.149
49.5081
49.6938
50.5869
49.8829
48.831
50.241
49.9032
49.7639
49.4978
50.1449
50.0579
49.897
49.542
49.443
50.07
49.3181
49.9361
49.531
49.51
49.5839
49.454
50.144
49.9699
50.0629
49.4928
49.5038
49.87
49.7398
50.0338
49.9201
49.7482
49.6299
49.54
49.6101
49.4912
49.3951
50.1249
49.9198
49.4459
49.598
49.504
50.354
49.782
49.309
49.835
49.9411
49.2811
49.541
49.715
49.813
49.3538
49.927
49.5801
49.438
49.751
50.004
49.814
50.3809
49.4471
49.998
49.3119
50.2031
49.8271
49.989
50.0069
49.571
50.1661
49.7081
49.3701
49.72
49.5491
49.6581
50.391
49.4139
49.4988
49.854
49.5601
49.8729
49.9299
50.1089
49.5799
49.227
49.5958
49.5069
50.0948
49.721
49.268
49.5622
49.825
50.1289
49.9098
49.808
49.9008
50.06
49.8521
49.633
49.9549
49.8769
49.7098
49.794
50.416
49.9952
49.2911
49.1719
49.417
49.315
50.6542
50.669
49.376
50.2961
49.7458
49.684
49.773
49.654
49.5341
49.886
50.3459
50.1029
49.607
49.8662
50.4999
49.7398
50.056
49.7341
49.7131
50.1111
50.3671
49.7458
50.215
49.9351
49.5858
50.1199
49.8281
49.346
50.194
49.69
49.35
49.818
49.6712
49.9642
49.876
49.6459
49.9001
49.49
49.7749
49.9089
49.484
49.5138
50.293
49.7661
49.5849
49.732
49.3588
49.618
50.4291
49.6311
49.5839
49.871
49.608
49.124
49.5481
49.4831
49.8588
50.4911
50.231
49.8941
49.567
49.629
49.757
50.1151
49.3011
49.7301
49.6082
49.3979
49.3798
49.9389
49.4649
49.9609
49.624
49.8879
50.0379
50.19
50.1249
50.2889
49.5701
50.1812
50.0832
49.6321
49.2551
49.7422
49.8669
49.5989
49.7611
49.8741
50.1459
49.5801
50.282
49.3259
50.0302
50.0059
50.06
50.6091
49.5439
49.649
49.8672
49.8319
50.1771
50.606
49.8769
50.2551
50.174
49.998
49.489
49.7181
49.973
49.258
49.4161
49.299
49.983
49.9659
49.896
49.9029
49.7859
49.36
50.1471
49.4311
49.3612
49.603
49.4928
49.4299
49.6221
49.5021
49.68
49.5899
49.6159
49.2349
49.7239
49.5899
49.5751
50.164
50.112
49.9251
49.871
49.571
50.0302
49.736
49.3822
49.7651
49.8421
49.221
49.794
49.9299
49.648
49.5951
49.9032
49.6809
49.556
50.4451
49.607
49.5291
49.7019
49.587
49.7491
49.6821
49.6631
49.7332
49.252
49.644
49.4511
49.3011
50.0059
50.0278
50.056
49.8128
49.5031
50.2009
49.3159
49.443
49.834
49.7341
49.8531
49.474
49.6378
49.974
50.071
50.077
49.3379
49.5839
50.1881
49.4862
50.1091
50.086
50.0751
49.5529
49.9249
49.901
49.588
49.2051
49.7329
50.1671
50.092
49.7131
50.293
49.9489
49.86
49.7651
49.8149
49.418
49.3889
49.5169
49.7499
49.8259
49.612
49.809
49.8071
49.8631
49.942
50.2601
49.6261
50.0491
49.962
49.551
49.4971
49.5012
50.447
49.9029
49.583
49.7098
50.065
49.8421
49.15
49.731
49.1829
49.4571
49.8152
49.8571
49.7689
49.4819
50.004
49.5672
49.8519
49.948
49.8528
49.407
50.158
49.516
49.516
49.5288
49.479
49.942
49.4401
50.154
49.7038
49.953
49.3388
49.0289
49.9868
49.2821
49.4678
49.5749
49.505
49.974
49.9051
49.2589
49.7811
49.7541
49.8641
49.9949
49.7322
49.4261
49.5541
49.4201
49.535
49.453
49.535
50.0319
49.5589
49.9442
49.418
49.8869
49.4559
50.097
49.6659
49.9129
50.5478
49.931
49.7479
49.4089
49.9709
49.3031
49.381
49.495
49.5381
49.8641
50.1978
49.983
49.8531
50.324
49.6449
49.4521
49.8769
50.251
50.0131
49.4549
49.957
49.588
50.1449
49.8259
49.9852
49.448
49.3619
50.4398
49.5269
49.7861
49.8228
49.4621
49.9182
50.1339
50.015
49.7692
49.7961
49.9401
49.4561
49.9918
49.4061
49.603
49.8118
49.4919
49.6299
49.8629
49.454
49.7952
49.4361
49.6211
50.2319
50.5421
49.1228
49.3159
49.9082
49.3062
49.727
49.917
50.5869
49.8521
49.7711
49.556
49.7999
50.2908
49.9129
49.32
49.8881
49.933
49.963
50.0519
49.618
49.8919
49.2809
49.5639
49.67
49.0639
50.313
49.3779
49.9089
49.7189
49.6941
50.091
49.3791
49.2821
50.1158
49.9079
50.21
49.8111
50.766
49.993
49.53
50.0069
50.4849
49.732
49.9499
50.072
49.9032
49.516
49.3929
