195.5
174.183
174.95
175.174
176.066
176.283
175.788
176.307
175.829
175.739
175.542
175.955
175.098
175.384
175.246
175.494
174.986
174.995
174.86
174.189
174.19
174.064
187.439
173.249
173.432
173.711
192.256
172.929
172.933
173.085
186.199
172.005
172.253
186.844
195.476
196.476
195.204
196.03
199.31
199.62
204.902
205.574
205.979
207.881
199.52
208.109
205.039
199.553
200.348
201.732
207.921
200.265
202.768
203.625
200.629
200.449
202.374
209.705
218.345
208.297
202.822
200.707
201.329
202.93
202.884
201.53
201.091
202.958
202.932
201.17
202.563
201.395
201.417
200.964
201.08
201.399
201.031
200.626
202.426
203.223
208.264
208.408
203.99
201.493
200.834
200.534
201.205
201.977
206.568
207.906
209.12
207.094
210.691
212.754
213.174
211.654
212.208
211.398
212.477
211.751
