0.00000000000000000000000000000000
-0.00306945573538541793823242187500
-0.00613907026126980781555175781250
-0.00920843891799449920654296875000
-0.01227753423154354095458984375000
-0.01534670125693082809448242187500
-0.01841572299599647521972656250000
-0.02148476056754589080810546875000
-0.02455321885645389556884765625000
-0.02762163616716861724853515625000
-0.03068997897207736968994140625000
-0.03375784307718276977539062500000
-0.03682520613074302673339843750000
-0.03989240899682044982910156250000
-0.04295923560857772827148437500000
-0.04602584242820739746093750000000
-0.04909158498048782348632812500000
-0.05215710774064064025878906250000
-0.05522232502698898315429687500000
-0.05828683823347091674804687500000
-0.06135061383247375488281250000000
-0.06441399455070495605468750000000
-0.06747677922248840332031250000000
-0.07053910195827484130859375000000
-0.07360039651393890380859375000000
-0.07666117697954177856445312500000
-0.07972142845392227172851562500000
-0.08278074115514755249023437500000
-0.08583908528089523315429687500000
-0.08889680355787277221679687500000
-0.09195368736982345581054687500000
-0.09500989317893981933593750000000
-0.09806482493877410888671875000000
-0.10111902654170989990234375000000
-0.10417246073484420776367187500000
-0.10722473263740539550781250000000
-0.11027580499649047851562500000000
-0.11332602053880691528320312500000
-0.11637517064809799194335937500000
-0.11942340433597564697265625000000
-0.12247014790773391723632812500000
-0.12551592290401458740234375000000
-0.12856070697307586669921875000000
-0.13160407543182373046875000000000
-0.13464604318141937255859375000000
-0.13768690824508666992187500000000
-0.14072649180889129638671875000000
-0.14376492798328399658203125000000
-0.14680157601833343505859375000000
-0.14983709156513214111328125000000
-0.15287137031555175781250000000000
-0.15590402483940124511718750000000
-0.15893504023551940917968750000000
-0.16196472942829132080078125000000
-0.16499289870262145996093750000000
-0.16801969707012176513671875000000
-0.17104454338550567626953125000000
-0.17406797409057617187500000000000
-0.17708992958068847656250000000000
-0.18011005222797393798828125000000
-0.18312828242778778076171875000000
-0.18614497780799865722656250000000
-0.18915991485118865966796875000000
-0.19217324256896972656250000000000
-0.19518432021141052246093750000000
-0.19819381833076477050781250000000
-0.20120164752006530761718750000000
-0.20420739054679870605468750000000
-0.20721101760864257812500000000000
-0.21021288633346557617187500000000
-0.21321277320384979248046875000000
-0.21621082723140716552734375000000
-0.21920648217201232910156250000000
-0.22220025956630706787109375000000
-0.22519211471080780029296875000000
-0.22818167507648468017578125000000
-0.23116891086101531982421875000000
-0.23415413498878479003906250000000
-0.23713716864585876464843750000000
-0.24011814594268798828125000000000
-0.24309639632701873779296875000000
-0.24607263505458831787109375000000
-0.24904672801494598388671875000000
-0.25201830267906188964843750000000
-0.25498747825622558593750000000000
-0.25795409083366394042968750000000
-0.26091846823692321777343750000000
-0.26388055086135864257812500000000
-0.26683998107910156250000000000000
-0.26979669928550720214843750000000
-0.27275124192237854003906250000000
-0.27570304274559020996093750000000
-0.27865225076675415039062500000000
-0.28159862756729125976562500000000
-0.28454256057739257812500000000000
-0.28748396039009094238281250000000
-0.29042243957519531250000000000000
-0.29335805773735046386718750000000
-0.29629126191139221191406250000000
-0.29922148585319519042968750000000
-0.30214890837669372558593750000000
-0.30507332086563110351562500000000
-0.30799499154090881347656250000000
-0.31091398000717163085937500000000
-0.31382983922958374023437500000000
-0.31674256920814514160156250000000
-0.31965267658233642578125000000000
-0.32255959510803222656250000000000
-0.32546347379684448242187500000000
-0.32836410403251647949218750000000
-0.33126181364059448242187500000000
-0.33415657281875610351562500000000
-0.33704796433448791503906250000000
-0.33993604779243469238281250000000
-0.34282130002975463867187500000000
-0.34570312500000000000000000000000
-0.34858170151710510253906250000000
-0.35145682096481323242187500000000
-0.35432881116867065429687500000000
-0.35719761252403259277343750000000
-0.36006289720535278320312500000000
-0.36292460560798645019531250000000
-0.36578324437141418457031250000000
-0.36863827705383300781250000000000
-0.37148982286453247070312500000000
-0.37433770298957824707031250000000
-0.37718221545219421386718750000000
-0.38002336025238037109375000000000
-0.38286072015762329101562500000000
-0.38569432497024536132812500000000
-0.38852465152740478515625000000000
-0.39135113358497619628906250000000
-0.39417392015457153320312500000000
-0.39699283242225646972656250000000
-0.39980819821357727050781250000000
-0.40261992812156677246093750000000
-0.40542769432067871093750000000000
-0.40823149681091308593750000000000
-0.41103178262710571289062500000000
-0.41382804512977600097656250000000
-0.41662037372589111328125000000000
-0.41940861940383911132812500000000
-0.42219310998916625976562500000000
-0.42497375607490539550781250000000
-0.42775022983551025390625000000000
-0.43052253127098083496093750000000
-0.43329110741615295410156250000000
-0.43605542182922363281250000000000
-0.43881562352180480957031250000000
-0.44157153367996215820312500000000
-0.44432345032691955566406250000000
-0.44707134366035461425781250000000
-0.44981485605239868164062500000000
-0.45255398750305175781250000000000
-0.45528915524482727050781250000000
-0.45801988244056701660156250000000
-0.46074631810188293457031250000000
-0.46346822381019592285156250000000
-0.46618592739105224609375000000000
-0.46889939904212951660156250000000
-0.47160822153091430664062500000000
-0.47431251406669616699218750000000
-0.47701266407966613769531250000000
-0.47970813512802124023437500000000
-0.48239910602569580078125000000000
-0.48508536815643310546875000000000
-0.48776721954345703125000000000000
-0.49044463038444519042968750000000
-0.49311727285385131835937500000000
-0.49578508734703063964843750000000
-0.49844858050346374511718750000000
-0.50110715627670288085937500000000
-0.50376105308532714843750000000000
-0.50641024112701416015625000000000
-0.50905448198318481445312500000000
-0.51169419288635253906250000000000
-0.51432895660400390625000000000000
-0.51695889234542846679687500000000
-0.51958394050598144531250000000000
-0.52220410108566284179687500000000
-0.52481937408447265625000000000000
-0.52742964029312133789062500000000
-0.53003478050231933593750000000000
-0.53263527154922485351562500000000
-0.53523057699203491210937500000000
-0.53782087564468383789062500000000
-0.54040622711181640625000000000000
-0.54298615455627441406250000000000
-0.54556119441986083984375000000000
-0.54813104867935180664062500000000
-0.55069553852081298828125000000000
-0.55325520038604736328125000000000
-0.55580943822860717773437500000000
-0.55835855007171630859375000000000
-0.56090247631072998046875000000000
-0.56344079971313476562500000000000
-0.56597399711608886718750000000000
-0.56850188970565795898437500000000
-0.57102423906326293945312500000000
-0.57354152202606201171875000000000
-0.57605326175689697265625000000000
-0.57855957746505737304687500000000
-0.58106058835983276367187500000000
-0.58355581760406494140625000000000
-0.58604568243026733398437500000000
-0.58853000402450561523437500000000
-0.59100872278213500976562500000000
-0.59348207712173461914062500000000
-0.59594964981079101562500000000000
-0.59841167926788330078125000000000
-0.60086822509765625000000000000000
-0.60331881046295166015625000000000
-0.60576385259628295898437500000000
-0.60820317268371582031250000000000
-0.61063665151596069335937500000000
-0.61306464672088623046875000000000
-0.61548674106597900390625000000000
-0.61790305376052856445312500000000
-0.62031364440917968750000000000000
-0.62271809577941894531250000000000
-0.62511688470840454101562500000000
-0.62750971317291259765625000000000
-0.62989652156829833984375000000000
-0.63227766752243041992187500000000
-0.63465273380279541015625000000000
-0.63702183961868286132812500000000
-0.63938504457473754882812500000000
-0.64174193143844604492187500000000
-0.64409297704696655273437500000000
-0.64643788337707519531250000000000
-0.64877659082412719726562500000000
-0.65110945701599121093750000000000
-0.65343606472015380859375000000000
-0.65575653314590454101562500000000
-0.65807092189788818359375000000000
-0.66037881374359130859375000000000
-0.66268068552017211914062500000000
-0.66497629880905151367187500000000
-0.66726547479629516601562500000000
-0.66954869031906127929687500000000
-0.67182540893554687500000000000000
-0.67409580945968627929687500000000
-0.67636001110076904296875000000000
-0.67861753702163696289062500000000
-0.68086886405944824218750000000000
-0.68311375379562377929687500000000
-0.68535202741622924804687500000000
-0.68758416175842285156250000000000
-0.68980967998504638671875000000000
-0.69202870130538940429687500000000
-0.69424128532409667968750000000000
-0.69644713401794433593750000000000
-0.69864648580551147460937500000000
-0.70083934068679809570312500000000
-0.70302540063858032226562500000000
-0.70520508289337158203125000000000
-0.70737802982330322265625000000000
-0.70954430103302001953125000000000
-0.71170401573181152343750000000000
-0.71385675668716430664062500000000
-0.71600288152694702148437500000000
-0.71814227104187011718750000000000
-0.72027492523193359375000000000000
-0.72240078449249267578125000000000
-0.72451984882354736328125000000000
-0.72663205862045288085937500000000
-0.72873753309249877929687500000000
-0.73083591461181640625000000000000
-0.73292756080627441406250000000000
-0.73501229286193847656250000000000
-0.73709005117416381835937500000000
-0.73916089534759521484375000000000
-0.74122482538223266601562500000000
-0.74328172206878662109375000000000
-0.74533176422119140625000000000000
-0.74737459421157836914062500000000
-0.74941033124923706054687500000000
-0.75143909454345703125000000000000
-0.75346076488494873046875000000000
-0.75547552108764648437500000000000
-0.75748282670974731445312500000000
-0.75948315858840942382812500000000
-0.76147645711898803710937500000000
-0.76346248388290405273437500000000
-0.76544117927551269531250000000000
-0.76741278171539306640625000000000
-0.76937717199325561523437500000000
-0.77133440971374511718750000000000
-0.77328419685363769531250000000000
-0.77522677183151245117187500000000
-0.77716213464736938476562500000000
-0.77909010648727416992187500000000
-0.78101056814193725585937500000000
-0.78292381763458251953125000000000
-0.78482967615127563476562500000000
-0.78672826290130615234375000000000
-0.78861922025680541992187500000000
-0.79050284624099731445312500000000
-0.79237914085388183593750000000000
-0.79424786567687988281250000000000
-0.79610902070999145507812500000000
-0.79796278476715087890625000000000
-0.79980897903442382812500000000000
-0.80164778232574462890625000000000
-0.80347883701324462890625000000000
-0.80530244112014770507812500000000
-0.80711847543716430664062500000000
-0.80892688035964965820312500000000
-0.81072753667831420898437500000000
-0.81252062320709228515625000000000
-0.81430608034133911132812500000000
-0.81608396768569946289062500000000
-0.81785392761230468750000000000000
-0.81961631774902343750000000000000
-0.82137107849121093750000000000000
-0.82311803102493286132812500000000
-0.82485711574554443359375000000000
-0.82658851146697998046875000000000
-0.82831209897994995117187500000000
-0.83002799749374389648437500000000
-0.83173596858978271484375000000000
-0.83343613147735595703125000000000
-0.83512848615646362304687500000000
-0.83681291341781616210937500000000
-0.83848941326141357421875000000000
-0.84015804529190063476562500000000
-0.84181874990463256835937500000000
-0.84347164630889892578125000000000
-0.84511643648147583007812500000000
-0.84675329923629760742187500000000
-0.84838229417800903320312500000000
-0.85000324249267578125000000000000
-0.85161608457565307617187500000000
-0.85322093963623046875000000000000
-0.85481780767440795898437500000000
-0.85640668869018554687500000000000
-0.85798734426498413085937500000000
-0.85956001281738281250000000000000
-0.86112463474273681640625000000000
-0.86268109083175659179687500000000
-0.86422926187515258789062500000000
-0.86576944589614868164062500000000
-0.86730146408081054687500000000000
-0.86882537603378295898437500000000
-0.87034094333648681640625000000000
-0.87184840440750122070312500000000
-0.87334769964218139648437500000000
-0.87483870983123779296875000000000
-0.87632137537002563476562500000000
-0.87779593467712402343750000000000
-0.87926214933395385742187500000000
-0.88072019815444946289062500000000
-0.88216978311538696289062500000000
-0.88361114263534545898437500000000
-0.88504427671432495117187500000000
-0.88646894693374633789062500000000
-0.88788515329360961914062500000000
-0.88929313421249389648437500000000
-0.89069271087646484375000000000000
-0.89208400249481201171875000000000
-0.89346671104431152343750000000000
-0.89484107494354248046875000000000
-0.89620709419250488281250000000000
-0.89756458997726440429687500000000
-0.89891362190246582031250000000000
-0.90025413036346435546875000000000
-0.90158623456954956054687500000000
-0.90290987491607666015625000000000
-0.90422499179840087890625000000000
-0.90553152561187744140625000000000
-0.90682959556579589843750000000000
-0.90811908245086669921875000000000
-0.90940004587173461914062500000000
-0.91067230701446533203125000000000
-0.91193622350692749023437500000000
-0.91319137811660766601562500000000
-0.91443800926208496093750000000000
-0.91567587852478027343750000000000
-0.91690528392791748046875000000000
-0.91812604665756225585937500000000
-0.91933810710906982421875000000000
-0.92054140567779541015625000000000
-0.92173624038696289062500000000000
-0.92292225360870361328125000000000
-0.92409968376159667968750000000000
-0.92526823282241821289062500000000
-0.92642819881439208984375000000000
-0.92757940292358398437500000000000
-0.92872190475463867187500000000000
-0.92985552549362182617187500000000
-0.93098050355911254882812500000000
-0.93209671974182128906250000000000
-0.93320411443710327148437500000000
-0.93430262804031372070312500000000
-0.93539249897003173828125000000000
-0.93647348880767822265625000000000
-0.93754565715789794921875000000000
-0.93860888481140136718750000000000
-0.93966346979141235351562500000000
-0.94070905447006225585937500000000
-0.94174587726593017578125000000000
-0.94277369976043701171875000000000
-0.94379281997680664062500000000000
-0.94480293989181518554687500000000
-0.94580411911010742187500000000000
-0.94679641723632812500000000000000
-0.94777983427047729492187500000000
-0.94875431060791015625000000000000
-0.94971984624862670898437500000000
-0.95067632198333740234375000000000
-0.95162403583526611328125000000000
-0.95256268978118896484375000000000
-0.95349234342575073242187500000000
-0.95441299676895141601562500000000
-0.95532470941543579101562500000000
-0.95622742176055908203125000000000
-0.95712119340896606445312500000000
-0.95800578594207763671875000000000
-0.95888149738311767578125000000000
-0.95974808931350708007812500000000
-0.96060568094253540039062500000000
-0.96145415306091308593750000000000
-0.96229362487792968750000000000000
-0.96312403678894042968750000000000
-0.96394538879394531250000000000000
-0.96475756168365478515625000000000
-0.96556073427200317382812500000000
-0.96635478734970092773437500000000
-0.96713972091674804687500000000000
-0.96791553497314453125000000000000
-0.96868228912353515625000000000000
-0.96943986415863037109375000000000
-0.97018831968307495117187500000000
-0.97092759609222412109375000000000
-0.97165781259536743164062500000000
-0.97237879037857055664062500000000
-0.97309064865112304687500000000000
-0.97379332780838012695312500000000
-0.97448688745498657226562500000000
-0.97517120838165283203125000000000
-0.97584635019302368164062500000000
-0.97651225328445434570312500000000
-0.97716903686523437500000000000000
-0.97781658172607421875000000000000
-0.97845494747161865234375000000000
-0.97908401489257812500000000000000
-0.97970390319824218750000000000000
-0.98031461238861083984375000000000
-0.98091608285903930664062500000000
-0.98150819540023803710937500000000
-0.98209118843078613281250000000000
-0.98266482353210449218750000000000
-0.98322927951812744140625000000000
-0.98378437757492065429687500000000
-0.98433029651641845703125000000000
-0.98486691713333129882812500000000
-0.98539423942565917968750000000000
-0.98591226339340209960937500000000
-0.98642104864120483398437500000000
-0.98692047595977783203125000000000
-0.98741066455841064453125000000000
-0.98789155483245849609375000000000
-0.98836308717727661132812500000000
-0.98882532119750976562500000000000
-0.98927831649780273437500000000000
-0.98972189426422119140625000000000
-0.99015617370605468750000000000000
-0.99058115482330322265625000000000
-0.99099677801132202148437500000000
-0.99140304327011108398437500000000
-0.99180001020431518554687500000000
-0.99218761920928955078125000000000
-0.99256587028503417968750000000000
-0.99293476343154907226562500000000
-0.99329429864883422851562500000000
-0.99364447593688964843750000000000
-0.99398529529571533203125000000000
-0.99431675672531127929687500000000
-0.99463886022567749023437500000000
-0.99495160579681396484375000000000
-0.99525493383407592773437500000000
-0.99554890394210815429687500000000
-0.99583351612091064453125000000000
-0.99610871076583862304687500000000
-0.99637454748153686523437500000000
-0.99663096666336059570312500000000
-0.99687802791595458984375000000000
-0.99711567163467407226562500000000
-0.99734395742416381835937500000000
-0.99756282567977905273437500000000
-0.99777227640151977539062500000000
-0.99797236919403076171875000000000
-0.99816304445266723632812500000000
-0.99834430217742919921875000000000
-0.99851614236831665039062500000000
-0.99867856502532958984375000000000
-0.99883157014846801757812500000000
-0.99897521734237670898437500000000
-0.99910938739776611328125000000000
-0.99923419952392578125000000000000
-0.99934959411621093750000000000000
-0.99945557117462158203125000000000
-0.99955213069915771484375000000000
-0.99963927268981933593750000000000
-0.99971699714660644531250000000000
-0.99978530406951904296875000000000
-0.99984419345855712890625000000000
-0.99989366531372070312500000000000
-0.99993371963500976562500000000000
-0.99996435642242431640625000000000
-0.99998551607131958007812500000000
-0.99999731779098510742187500000000
-0.99999970197677612304687500000000
-0.99999260902404785156250000000000
-0.99997609853744506835937500000000
-0.99995023012161254882812500000000
-0.99991488456726074218750000000000
-0.99987012147903442382812500000000
-0.99981594085693359375000000000000
-0.99975234270095825195312500000000
-0.99967932701110839843750000000000
-0.99959689378738403320312500000000
-0.99950504302978515625000000000000
-0.99940377473831176757812500000000
-0.99929308891296386718750000000000
-0.99917298555374145507812500000000
-0.99904352426528930664062500000000
-0.99890458583831787109375000000000
-0.99875628948211669921875000000000
-0.99859851598739624023437500000000
-0.99843138456344604492187500000000
-0.99825483560562133789062500000000
-0.99806886911392211914062500000000
-0.99787348508834838867187500000000
-0.99766874313354492187500000000000
-0.99745458364486694335937500000000
-0.99723100662231445312500000000000
-0.99699807167053222656250000000000
-0.99675571918487548828125000000000
-0.99650394916534423828125000000000
-0.99624282121658325195312500000000
-0.99597233533859252929687500000000
-0.99569243192672729492187500000000
-0.99540311098098754882812500000000
-0.99510443210601806640625000000000
-0.99479639530181884765625000000000
-0.99447900056838989257812500000000
-0.99415218830108642578125000000000
-0.99381607770919799804687500000000
-0.99347054958343505859375000000000
-0.99311572313308715820312500000000
-0.99275147914886474609375000000000
-0.99237787723541259765625000000000
-0.99199497699737548828125000000000
-0.99160271883010864257812500000000
-0.99120104312896728515625000000000
-0.99079012870788574218750000000000
-0.99036985635757446289062500000000
-0.98994022607803344726562500000000
-0.98950123786926269531250000000000
-0.98905295133590698242187500000000
-0.98859536647796630859375000000000
-0.98812848329544067382812500000000
-0.98765224218368530273437500000000
-0.98716676235198974609375000000000
-0.98667192459106445312500000000000
-0.98616784811019897460937500000000
-0.98565441370010375976562500000000
-0.98513174057006835937500000000000
-0.98459976911544799804687500000000
-0.98405849933624267578125000000000
-0.98350799083709716796875000000000
-0.98294824361801147460937500000000
-0.98237919807434082031250000000000
-0.98180085420608520507812500000000
-0.98121327161788940429687500000000
-0.98061645030975341796875000000000
-0.98001039028167724609375000000000
-0.97939509153366088867187500000000
-0.97877061367034912109375000000000
-0.97813689708709716796875000000000
-0.97749400138854980468750000000000
-0.97684180736541748046875000000000
-0.97618043422698974609375000000000
-0.97550988197326660156250000000000
-0.97483021020889282226562500000000
-0.97414124011993408203125000000000
-0.97344315052032470703125000000000
-0.97273588180541992187500000000000
-0.97201949357986450195312500000000
-0.97129386663436889648437500000000
-0.97055906057357788085937500000000
-0.96981525421142578125000000000000
-0.96906220912933349609375000000000
-0.96830004453659057617187500000000
-0.96752876043319702148437500000000
-0.96674841642379760742187500000000
-0.96595889329910278320312500000000
-0.96516031026840209960937500000000
-0.96435260772705078125000000000000
-0.96353578567504882812500000000000
-0.96270996332168579101562500000000
-0.96187502145767211914062500000000
-0.96103101968765258789062500000000
-0.96017801761627197265625000000000
-0.95931595563888549804687500000000
-0.95844477415084838867187500000000
-0.95756459236145019531250000000000
-0.95667535066604614257812500000000
-0.95577722787857055664062500000000
-0.95486998558044433593750000000000
-0.95395380258560180664062500000000
-0.95302861928939819335937500000000
-0.95209443569183349609375000000000
-0.95115131139755249023437500000000
-0.95019918680191040039062500000000
-0.94923818111419677734375000000000
-0.94826817512512207031250000000000
-0.94728922843933105468750000000000
-0.94630140066146850585937500000000
-0.94530463218688964843750000000000
-0.94429898262023925781250000000000
-0.94328439235687255859375000000000
-0.94226092100143432617187500000000
-0.94122856855392456054687500000000
-0.94018739461898803710937500000000
-0.93913727998733520507812500000000
-0.93807834386825561523437500000000
-0.93701064586639404296875000000000
-0.93593406677246093750000000000000
-0.93484866619110107421875000000000
-0.93375444412231445312500000000000
-0.93265146017074584960937500000000
-0.93153971433639526367187500000000
-0.93041914701461791992187500000000
-0.92928975820541381835937500000000
-0.92815172672271728515625000000000
-0.92700493335723876953125000000000
-0.92584931850433349609375000000000
-0.92468500137329101562500000000000
-0.92351198196411132812500000000000
-0.92233031988143920898437500000000
-0.92113989591598510742187500000000
-0.91994076967239379882812500000000
-0.91873311996459960937500000000000
-0.91751676797866821289062500000000
-0.91629165410995483398437500000000
-0.91505795717239379882812500000000
-0.91381573677062988281250000000000
-0.91256487369537353515625000000000
-0.91130536794662475585937500000000
-0.91003721952438354492187500000000
-0.90876060724258422851562500000000
-0.90747547149658203125000000000000
-0.90618163347244262695312500000000
-0.90487927198410034179687500000000
-0.90356844663619995117187500000000
-0.90224915742874145507812500000000
-0.90092128515243530273437500000000
-0.89958488941192626953125000000000
-0.89824014902114868164062500000000
-0.89688688516616821289062500000000
-0.89552515745162963867187500000000
-0.89415496587753295898437500000000
-0.89277637004852294921875000000000
-0.89138942956924438476562500000000
-0.88999402523040771484375000000000
-0.88859021663665771484375000000000
-0.88717812299728393554687500000000
-0.88575756549835205078125000000000
-0.88432872295379638671875000000000
-0.88289153575897216796875000000000
-0.88144600391387939453125000000000
-0.87999218702316284179687500000000
-0.87853008508682250976562500000000
-0.87705969810485839843750000000000
-0.87558108568191528320312500000000
-0.87409418821334838867187500000000
-0.87259906530380249023437500000000
-0.87109571695327758789062500000000
-0.86958420276641845703125000000000
-0.86806446313858032226562500000000
-0.86653649806976318359375000000000
-0.86500036716461181640625000000000
-0.86345618963241577148437500000000
-0.86190384626388549804687500000000
-0.86034333705902099609375000000000
-0.85877472162246704101562500000000
-0.85719799995422363281250000000000
-0.85561323165893554687500000000000
-0.85402041673660278320312500000000
-0.85241949558258056640625000000000
-0.85081064701080322265625000000000
-0.84919375181198120117187500000000
-0.84756880998611450195312500000000
-0.84593588113784790039062500000000
-0.84429502487182617187500000000000
-0.84264618158340454101562500000000
-0.84098941087722778320312500000000
-0.83932477235794067382812500000000
-0.83765214681625366210937500000000
-0.83597165346145629882812500000000
-0.83428329229354858398437500000000
-0.83258706331253051757812500000000
-0.83088290691375732421875000000000
-0.82917106151580810546875000000000
-0.82745134830474853515625000000000
-0.82572382688522338867187500000000
-0.82398855686187744140625000000000
-0.82224547863006591796875000000000
-0.82049465179443359375000000000000
-0.81873613595962524414062500000000
-0.81696993112564086914062500000000
-0.81519597768783569335937500000000
-0.81341433525085449218750000000000
-0.81162506341934204101562500000000
-0.80982816219329833984375000000000
-0.80802351236343383789062500000000
-0.80621135234832763671875000000000
-0.80439156293869018554687500000000
-0.80256420373916625976562500000000
-0.80072927474975585937500000000000
-0.79888683557510375976562500000000
-0.79703682661056518554687500000000
-0.79517936706542968750000000000000
-0.79331433773040771484375000000000
-0.79144191741943359375000000000000
-0.78956198692321777343750000000000
-0.78767460584640502929687500000000
-0.78577983379364013671875000000000
-0.78387767076492309570312500000000
-0.78196811676025390625000000000000
-0.78005117177963256835937500000000
-0.77812689542770385742187500000000
-0.77619528770446777343750000000000
-0.77425640821456909179687500000000
-0.77231013774871826171875000000000
-0.77035665512084960937500000000000
-0.76839590072631835937500000000000
-0.76642787456512451171875000000000
-0.76445269584655761718750000000000
-0.76247024536132812500000000000000
-0.76048064231872558593750000000000
-0.75848388671875000000000000000000
-0.75647997856140136718750000000000
-0.75446897745132446289062500000000
-0.75245082378387451171875000000000
-0.75042557716369628906250000000000
-0.74839329719543457031250000000000
-0.74635392427444458007812500000000
-0.74430757761001586914062500000000
-0.74225413799285888671875000000000
-0.74019372463226318359375000000000
-0.73812633752822875976562500000000
-0.73605203628540039062500000000000
-0.73397076129913330078125000000000
-0.73188263177871704101562500000000
-0.72978752851486206054687500000000
-0.72768557071685791015625000000000
-0.72557681798934936523437500000000
-0.72346115112304687500000000000000
-0.72133868932723999023437500000000
-0.71920949220657348632812500000000
-0.71707344055175781250000000000000
-0.71493065357208251953125000000000
-0.71278113126754760742187500000000
-0.71062493324279785156250000000000
-0.70846199989318847656250000000000
-0.70629239082336425781250000000000
-0.70411610603332519531250000000000
-0.70193326473236083984375000000000
-0.69974374771118164062500000000000
-0.69754761457443237304687500000000
-0.69534498453140258789062500000000
-0.69313573837280273437500000000000
-0.69091999530792236328125000000000
-0.68869775533676147460937500000000
-0.68646895885467529296875000000000
-0.68423378467559814453125000000000
-0.68199211359024047851562500000000
-0.67974400520324707031250000000000
-0.67748951911926269531250000000000
-0.67522865533828735351562500000000
-0.67296141386032104492187500000000
-0.67068785429000854492187500000000
-0.66840791702270507812500000000000
-0.66612172126770019531250000000000
-0.66382926702499389648437500000000
-0.66153055429458618164062500000000
-0.65922558307647705078125000000000
-0.65691441297531127929687500000000
-0.65459704399108886718750000000000
-0.65227353572845458984375000000000
-0.64994388818740844726562500000000
-0.64760810136795043945312500000000
-0.64526617527008056640625000000000
-0.64291822910308837890625000000000
-0.64056420326232910156250000000000
-0.63820409774780273437500000000000
-0.63583803176879882812500000000000
-0.63346594572067260742187500000000
-0.63108789920806884765625000000000
-0.62870395183563232421875000000000
-0.62631404399871826171875000000000
-0.62391823530197143554687500000000
-0.62151652574539184570312500000000
-0.61910897493362426757812500000000
-0.61669564247131347656250000000000
-0.61427640914916992187500000000000
-0.61185145378112792968750000000000
-0.60942071676254272460937500000000
-0.60698425769805908203125000000000
-0.60454201698303222656250000000000
-0.60209417343139648437500000000000
-0.59964060783386230468750000000000
-0.59718137979507446289062500000000
-0.59471660852432250976562500000000
-0.59224617481231689453125000000000
-0.58977013826370239257812500000000
-0.58728855848312377929687500000000
-0.58480143547058105468750000000000
-0.58230876922607421875000000000000
-0.57981061935424804687500000000000
-0.57730704545974731445312500000000
-0.57479804754257202148437500000000
-0.57228362560272216796875000000000
-0.56976377964019775390625000000000
-0.56723856925964355468750000000000
-0.56470805406570434570312500000000
-0.56217217445373535156250000000000
-0.55963104963302612304687500000000
-0.55708461999893188476562500000000
-0.55453294515609741210937500000000
-0.55197608470916748046875000000000
-0.54941397905349731445312500000000
-0.54684668779373168945312500000000
-0.54427427053451538085937500000000
-0.54169672727584838867187500000000
-0.53911405801773071289062500000000
-0.53652632236480712890625000000000
-0.53393352031707763671875000000000
-0.53133571147918701171875000000000
-0.52873289585113525390625000000000
-0.52612507343292236328125000000000
-0.52351230382919311523437500000000
-0.52089458703994750976562500000000
-0.51827198266983032226562500000000
-0.51564449071884155273437500000000
-0.51301211118698120117187500000000
-0.51037496328353881835937500000000
-0.50773298740386962890625000000000
-0.50508618354797363281250000000000
-0.50243467092514038085937500000000
-0.49977841973304748535156250000000
-0.49711745977401733398437500000000
-0.49445179104804992675781250000000
-0.49178147315979003906250000000000
-0.48910653591156005859375000000000
-0.48642697930335998535156250000000
-0.48374286293983459472656250000000
-0.48105415701866149902343750000000
-0.47836092114448547363281250000000
-0.47566318511962890625000000000000
-0.47296097874641418457031250000000
-0.47025436162948608398437500000000
-0.46754324436187744140625000000000
-0.46482774615287780761718750000000
-0.46210783720016479492187500000000
-0.45938360691070556640625000000000
-0.45665502548217773437500000000000
-0.45392215251922607421875000000000
-0.45118498802185058593750000000000
-0.44844359159469604492187500000000
-0.44569796323776245117187500000000
-0.44294813275337219238281250000000
-0.44019412994384765625000000000000
-0.43743598461151123046875000000000
-0.43467372655868530273437500000000
-0.43190735578536987304687500000000
-0.42913693189620971679687500000000
-0.42636245489120483398437500000000
-0.42358395457267761230468750000000
-0.42080149054527282714843750000000
-0.41801503300666809082031250000000
-0.41522464156150817871093750000000
-0.41243034601211547851562500000000
-0.40963217616081237792968750000000
-0.40683013200759887695312500000000
-0.40402424335479736328125000000000
-0.40121456980705261230468750000000
-0.39840111136436462402343750000000
-0.39558389782905578613281250000000
-0.39276295900344848632812500000000
-0.38993826508522033691406250000000
-0.38710993528366088867187500000000
-0.38427796959877014160156250000000
-0.38144245743751525878906250000000
-0.37860327959060668945312500000000
-0.37576052546501159667968750000000
-0.37291422486305236816406250000000
-0.37006443738937377929687500000000
-0.36721113324165344238281250000000
-0.36435440182685852050781250000000
-0.36149421334266662597656250000000
-0.35863062739372253417968750000000
-0.35576367378234863281250000000000
-0.35289335250854492187500000000000
-0.35001972317695617675781250000000
-0.34714278578758239746093750000000
-0.34426257014274597167968750000000
-0.34137907624244689941406250000000
-0.33849239349365234375000000000000
-0.33560261130332946777343750000000
-0.33270958065986633300781250000000
-0.32981342077255249023437500000000
-0.32691416144371032714843750000000
-0.32401183247566223144531250000000
-0.32110643386840820312500000000000
-0.31819799542427062988281250000000
-0.31528657674789428710937500000000
-0.31237217783927917480468750000000
-0.30945485830307006835937500000000
-0.30653461813926696777343750000000
-0.30361145734786987304687500000000
-0.30068546533584594726562500000000
-0.29775664210319519042968750000000
-0.29482501745223999023437500000000
-0.29189059138298034667968750000000
-0.28895348310470581054687500000000
-0.28601360321044921875000000000000
-0.28307101130485534667968750000000
-0.28012576699256896972656250000000
-0.27717787027359008789062500000000
-0.27422738075256347656250000000000
-0.27127429842948913574218750000000
-0.26831865310668945312500000000000
-0.26536047458648681640625000000000
-0.26239982247352600097656250000000
-0.25943666696548461914062500000000
-0.25647109746932983398437500000000
-0.25350308418273925781250000000000
-0.25053271651268005371093750000000
-0.24755996465682983398437500000000
-0.24458488821983337402343750000000
-0.24160759150981903076171875000000
-0.23862792551517486572265625000000
-0.23564602434635162353515625000000
-0.23266188800334930419921875000000
-0.22967556118965148925781250000000
-0.22668707370758056640625000000000
-0.22369645535945892333984375000000
-0.22070372104644775390625000000000
-0.21770891547203063964843750000000
-0.21471205353736877441406250000000
-0.21171316504478454589843750000000
-0.20871227979660034179687500000000
-0.20570944249629974365234375000000
-0.20270465314388275146484375000000
-0.19969797134399414062500000000000
-0.19668939709663391113281250000000
-0.19367904961109161376953125000000
-0.19066679477691650390625000000000
-0.18765275180339813232421875000000
-0.18463693559169769287109375000000
-0.18161937594413757324218750000000
-0.17860010266304016113281250000000
-0.17557916045188903808593750000000
-0.17255654931068420410156250000000
-0.16953232884407043457031250000000
-0.16650649905204772949218750000000
-0.16347910463809967041015625000000
-0.16045016050338745117187500000000
-0.15741966664791107177734375000000
-0.15438774228096008300781250000000
-0.15135435760021209716796875000000
-0.14831954240798950195312500000000
-0.14528340101242065429687500000000
-0.14224582910537719726562500000000
-0.13920691609382629394531250000000
-0.13616667687892913818359375000000
-0.13312517106533050537109375000000
-0.13008239865303039550781250000000
-0.12703841924667358398437500000000
-0.12399322539567947387695312500000
-0.12094687670469284057617187500000
-0.11789938062429428100585937500000
-0.11485077440738677978515625000000
-0.11180108785629272460937500000000
-0.10875034332275390625000000000000
-0.10569857805967330932617187500000
-0.10264582186937332153320312500000
-0.09959208965301513671875000000000
-0.09653744101524353027343750000000
-0.09348186850547790527343750000000
-0.09042540192604064941406250000000
-0.08736809343099594116210937500000
-0.08430996537208557128906250000000
-0.08125104010105133056640625000000
-0.07819134742021560668945312500000
-0.07513092458248138427734375000000
-0.07206978648900985717773437500000
-0.06900797784328460693359375000000
-0.06594551354646682739257812500000
-0.06288242340087890625000000000000
-0.05981875211000442504882812500000
-0.05675451084971427917480468750000
-0.05368973314762115478515625000000
-0.05062445253133773803710937500000
-0.04755874723196029663085937500000
-0.04449253529310226440429687500000
-0.04142590612173080444335937500000
-0.03835888952016830444335937500000
-0.03529151156544685363769531250000
-0.03222379833459854125976562500000
-0.02915578335523605346679687500000
-0.02608749270439147949218750000000
-0.02301895804703235626220703125000
-0.01995020359754562377929687500000
-0.01688126474618911743164062500000
-0.01381216663867235183715820312500
-0.01074293814599514007568359375000
-0.00767360581085085868835449218750
-0.00460420409217476844787597656250
-0.00153475929982960224151611328125
0.00153469969518482685089111328125
0.00460414541885256767272949218750
0.00767354713752865791320800781250
0.01074287667870521545410156250000
0.01381210796535015106201171875000
0.01688120514154434204101562500000
0.01995014585554599761962890625000
0.02301889657974243164062500000000
0.02608743496239185333251953125000
0.02915572375059127807617187500000
0.03222373872995376586914062500000
0.03529144823551177978515625000000
0.03835882991552352905273437500000
0.04142585024237632751464843750000
0.04449247568845748901367187500000
0.04755868390202522277832031250000
0.05062439292669296264648437500000
0.05368967726826667785644531250000
0.05675445124506950378417968750000
0.05981869250535964965820312500000
0.06288236379623413085937500000000
0.06594545394182205200195312500000
0.06900791823863983154296875000000
0.07206972688436508178710937500000
0.07513086497783660888671875000000
0.07819128781557083129882812500000
0.08125098049640655517578125000000
0.08430990576744079589843750000000
0.08736803382635116577148437500000
0.09042534232139587402343750000000
0.09348179399967193603515625000000
0.09653737396001815795898437500000
0.09959204494953155517578125000000
0.10264577716588973999023437500000
0.10569853335618972778320312500000
0.10875029861927032470703125000000
0.11180104315280914306640625000000
0.11485072970390319824218750000000
0.11789933592081069946289062500000
0.12094683200120925903320312500000
0.12399318069219589233398437500000
0.12703835964202880859375000000000
0.13008235394954681396484375000000
0.13312512636184692382812500000000
0.13616663217544555664062500000000
0.13920685648918151855468750000000
0.14224578440189361572265625000000
0.14528335630893707275390625000000
0.14831949770450592041015625000000
0.15135431289672851562500000000000
0.15438769757747650146484375000000
0.15741962194442749023437500000000
0.16045007109642028808593750000000
0.16347901523113250732421875000000
0.16650640964508056640625000000000
0.16953223943710327148437500000000
0.17255645990371704101562500000000
0.17557907104492187500000000000000
0.17860001325607299804687500000000
0.18161928653717041015625000000000
0.18463684618473052978515625000000
0.18765266239643096923828125000000
0.19066670536994934082031250000000
0.19367896020412445068359375000000
0.19668935239315032958984375000000
0.19969792664051055908203125000000
0.20270460844039916992187500000000
0.20570939779281616210937500000000
0.20871223509311676025390625000000
0.21171312034130096435546875000000
0.21471200883388519287109375000000
0.21770887076854705810546875000000
0.22070367634296417236328125000000
0.22369641065597534179687500000000
0.22668702900409698486328125000000
0.22967551648616790771484375000000
0.23266184329986572265625000000000
0.23564597964286804199218750000000
0.23862788081169128417968750000000
0.24160754680633544921875000000000
0.24458484351634979248046875000000
0.24755991995334625244140625000000
0.25053265690803527832031250000000
0.25350305438041687011718750000000
0.25647103786468505859375000000000
0.25943663716316223144531250000000
0.26239976286888122558593750000000
0.26536044478416442871093750000000
0.26831859350204467773437500000000
0.27127423882484436035156250000000
0.27422732114791870117187500000000
0.27717784047126770019531250000000
0.28012570738792419433593750000000
0.28307098150253295898437500000000
0.28601354360580444335937500000000
0.28895345330238342285156250000000
0.29189056158065795898437500000000
0.29482495784759521484375000000000
0.29775661230087280273437500000000
0.30068543553352355957031250000000
0.30361142754554748535156250000000
0.30653455853462219238281250000000
0.30945479869842529296875000000000
0.31237214803695678710937500000000
0.31528654694557189941406250000000
0.31819796562194824218750000000000
0.32110637426376342773437500000000
0.32401177287101745605468750000000
0.32691413164138793945312500000000
0.32981339097023010253906250000000
0.33270955085754394531250000000000
0.33560255169868469238281250000000
0.33849236369132995605468750000000
0.34137901663780212402343750000000
0.34426248073577880859375000000000
0.34714269638061523437500000000000
0.35001963376998901367187500000000
0.35289326310157775878906250000000
0.35576358437538146972656250000000
0.35863053798675537109375000000000
0.36149412393569946289062500000000
0.36435431241989135742187500000000
0.36721107363700866699218750000000
0.37006434798240661621093750000000
0.37291413545608520507812500000000
0.37576043605804443359375000000000
0.37860319018363952636718750000000
0.38144236803054809570312500000000
0.38427793979644775390625000000000
0.38710990548133850097656250000000
0.38993820548057556152343750000000
0.39276286959648132324218750000000
0.39558380842208862304687500000000
0.39840102195739746093750000000000
0.40121448040008544921875000000000
0.40402415394783020019531250000000
0.40683004260063171386718750000000
0.40963208675384521484375000000000
0.41243025660514831542968750000000
0.41522455215454101562500000000000
0.41801494359970092773437500000000
0.42080140113830566406250000000000
0.42358386516571044921875000000000
0.42636236548423767089843750000000
0.42913684248924255371093750000000
0.43190726637840270996093750000000
0.43467363715171813964843750000000
0.43743589520454406738281250000000
0.44019407033920288085937500000000
0.44294804334640502929687500000000
0.44569787383079528808593750000000
0.44844356179237365722656250000000
0.45118495821952819824218750000000
0.45392212271690368652343750000000
0.45665499567985534667968750000000
0.45938354730606079101562500000000
0.46210780739784240722656250000000
0.46482768654823303222656250000000
0.46754321455955505371093750000000
0.47025433182716369628906250000000
0.47296091914176940917968750000000
0.47566315531730651855468750000000
0.47836089134216308593750000000000
0.48105409741401672363281250000000
0.48374280333518981933593750000000
0.48642694950103759765625000000000
0.48910650610923767089843750000000
0.49178144335746765136718750000000
0.49445176124572753906250000000000
0.49711742997169494628906250000000
0.49977838993072509765625000000000
0.50243461132049560546875000000000
0.50508618354797363281250000000000
0.50773292779922485351562500000000
0.51037490367889404296875000000000
0.51301211118698120117187500000000
0.51564449071884155273437500000000
0.51827198266983032226562500000000
0.52089458703994750976562500000000
0.52351224422454833984375000000000
0.52612501382827758789062500000000
0.52873283624649047851562500000000
0.53133565187454223632812500000000
0.53393346071243286132812500000000
0.53652626276016235351562500000000
0.53911399841308593750000000000000
0.54169666767120361328125000000000
0.54427421092987060546875000000000
0.54684668779373168945312500000000
0.54941391944885253906250000000000
0.55197602510452270507812500000000
0.55453294515609741210937500000000
0.55708456039428710937500000000000
0.55963099002838134765625000000000
0.56217217445373535156250000000000
0.56470799446105957031250000000000
0.56723856925964355468750000000000
0.56976372003555297851562500000000
0.57228356599807739257812500000000
0.57479798793792724609375000000000
0.57730698585510253906250000000000
0.57981061935424804687500000000000
0.58230870962142944335937500000000
0.58480131626129150390625000000000
0.58728843927383422851562500000000
0.58977007865905761718750000000000
0.59224605560302734375000000000000
0.59471654891967773437500000000000
0.59718126058578491210937500000000
0.59964048862457275390625000000000
0.60209405422210693359375000000000
0.60454195737838745117187500000000
0.60698413848876953125000000000000
0.60942065715789794921875000000000
0.61185139417648315429687500000000
0.61427634954452514648437500000000
0.61669552326202392578125000000000
0.61910891532897949218750000000000
0.62151646614074707031250000000000
0.62391817569732666015625000000000
0.62631398439407348632812500000000
0.62870389223098754882812500000000
0.63108789920806884765625000000000
0.63346594572067260742187500000000
0.63583797216415405273437500000000
0.63820409774780273437500000000000
0.64056414365768432617187500000000
0.64291816949844360351562500000000
0.64526617527008056640625000000000
0.64760804176330566406250000000000
0.64994382858276367187500000000000
0.65227347612380981445312500000000
0.65459704399108886718750000000000
0.65691435337066650390625000000000
0.65922552347183227539062500000000
0.66153049468994140625000000000000
0.66382920742034912109375000000000
0.66612172126770019531250000000000
0.66840791702270507812500000000000
0.67068779468536376953125000000000
0.67296135425567626953125000000000
0.67522859573364257812500000000000
0.67748945951461791992187500000000
0.67974400520324707031250000000000
0.68199205398559570312500000000000
0.68423372507095336914062500000000
0.68646895885467529296875000000000
0.68869769573211669921875000000000
0.69091993570327758789062500000000
0.69313573837280273437500000000000
0.69534492492675781250000000000000
0.69754761457443237304687500000000
0.69974368810653686523437500000000
0.70193320512771606445312500000000
0.70411610603332519531250000000000
0.70629233121871948242187500000000
0.70846199989318847656250000000000
0.71062493324279785156250000000000
0.71278113126754760742187500000000
0.71493065357208251953125000000000
0.71707344055175781250000000000000
0.71920949220657348632812500000000
0.72133868932723999023437500000000
0.72346115112304687500000000000000
0.72557681798934936523437500000000
0.72768557071685791015625000000000
0.72978752851486206054687500000000
0.73188263177871704101562500000000
0.73397076129913330078125000000000
0.73605203628540039062500000000000
0.73812633752822875976562500000000
0.74019372463226318359375000000000
0.74225413799285888671875000000000
0.74430757761001586914062500000000
0.74635392427444458007812500000000
0.74839329719543457031250000000000
0.75042557716369628906250000000000
0.75245082378387451171875000000000
0.75446897745132446289062500000000
0.75647997856140136718750000000000
0.75848388671875000000000000000000
0.76048064231872558593750000000000
0.76247024536132812500000000000000
0.76445269584655761718750000000000
0.76642787456512451171875000000000
0.76839590072631835937500000000000
0.77035665512084960937500000000000
0.77231013774871826171875000000000
0.77425640821456909179687500000000
0.77619528770446777343750000000000
0.77812689542770385742187500000000
0.78005117177963256835937500000000
0.78196811676025390625000000000000
0.78387767076492309570312500000000
0.78577983379364013671875000000000
0.78767460584640502929687500000000
0.78956198692321777343750000000000
0.79144191741943359375000000000000
0.79331433773040771484375000000000
0.79517936706542968750000000000000
0.79703682661056518554687500000000
0.79888683557510375976562500000000
0.80072927474975585937500000000000
0.80256420373916625976562500000000
0.80439156293869018554687500000000
0.80621135234832763671875000000000
0.80802351236343383789062500000000
0.80982810258865356445312500000000
0.81162500381469726562500000000000
0.81341427564620971679687500000000
0.81519591808319091796875000000000
0.81696987152099609375000000000000
0.81873607635498046875000000000000
0.82049465179443359375000000000000
0.82224541902542114257812500000000
0.82398849725723266601562500000000
0.82572376728057861328125000000000
0.82745128870010375976562500000000
0.82917100191116333007812500000000
0.83088290691375732421875000000000
0.83258700370788574218750000000000
0.83428323268890380859375000000000
0.83597159385681152343750000000000
0.83765208721160888671875000000000
0.83932471275329589843750000000000
0.84098941087722778320312500000000
0.84264618158340454101562500000000
0.84429502487182617187500000000000
0.84593588113784790039062500000000
0.84756869077682495117187500000000
0.84919369220733642578125000000000
0.85081064701080322265625000000000
0.85241949558258056640625000000000
0.85402035713195800781250000000000
0.85561323165893554687500000000000
0.85719799995422363281250000000000
0.85877472162246704101562500000000
0.86034327745437622070312500000000
0.86190378665924072265625000000000
0.86345618963241577148437500000000
0.86500036716461181640625000000000
0.86653643846511840820312500000000
0.86806440353393554687500000000000
0.86958420276641845703125000000000
0.87109571695327758789062500000000
0.87259900569915771484375000000000
0.87409418821334838867187500000000
0.87558108568191528320312500000000
0.87705969810485839843750000000000
0.87853008508682250976562500000000
0.87999218702316284179687500000000
0.88144600391387939453125000000000
0.88289153575897216796875000000000
0.88432872295379638671875000000000
0.88575756549835205078125000000000
0.88717812299728393554687500000000
0.88859021663665771484375000000000
0.88999396562576293945312500000000
0.89138936996459960937500000000000
0.89277637004852294921875000000000
0.89415496587753295898437500000000
0.89552509784698486328125000000000
0.89688682556152343750000000000000
0.89824014902114868164062500000000
0.89958488941192626953125000000000
0.90092122554779052734375000000000
0.90224909782409667968750000000000
0.90356844663619995117187500000000
0.90487927198410034179687500000000
0.90618157386779785156250000000000
0.90747535228729248046875000000000
0.90876060724258422851562500000000
0.91003721952438354492187500000000
0.91130530834197998046875000000000
0.91256481409072875976562500000000
0.91381573677062988281250000000000
0.91505795717239379882812500000000
0.91629165410995483398437500000000
0.91751664876937866210937500000000
0.91873311996459960937500000000000
0.91994076967239379882812500000000
0.92113983631134033203125000000000
0.92233026027679443359375000000000
0.92351198196411132812500000000000
0.92468500137329101562500000000000
0.92584931850433349609375000000000
0.92700487375259399414062500000000
0.92815172672271728515625000000000
0.92928975820541381835937500000000
0.93041908740997314453125000000000
0.93153965473175048828125000000000
0.93265146017074584960937500000000
0.93375444412231445312500000000000
0.93484860658645629882812500000000
0.93593400716781616210937500000000
0.93701064586639404296875000000000
0.93807834386825561523437500000000
0.93913727998733520507812500000000
0.94018733501434326171875000000000
0.94122856855392456054687500000000
0.94226092100143432617187500000000
0.94328433275222778320312500000000
0.94429892301559448242187500000000
0.94530463218688964843750000000000
0.94630140066146850585937500000000
0.94728922843933105468750000000000
0.94826817512512207031250000000000
0.94923818111419677734375000000000
0.95019918680191040039062500000000
0.95115125179290771484375000000000
0.95209443569183349609375000000000
0.95302861928939819335937500000000
0.95395380258560180664062500000000
0.95486992597579956054687500000000
0.95577716827392578125000000000000
0.95667535066604614257812500000000
0.95756459236145019531250000000000
0.95844477415084838867187500000000
0.95931589603424072265625000000000
0.96017801761627197265625000000000
0.96103101968765258789062500000000
0.96187502145767211914062500000000
0.96270996332168579101562500000000
0.96353578567504882812500000000000
0.96435260772705078125000000000000
0.96516025066375732421875000000000
0.96595889329910278320312500000000
0.96674841642379760742187500000000
0.96752876043319702148437500000000
0.96830004453659057617187500000000
0.96906220912933349609375000000000
0.96981525421142578125000000000000
0.97055906057357788085937500000000
0.97129380702972412109375000000000
0.97201943397521972656250000000000
0.97273588180541992187500000000000
0.97344315052032470703125000000000
0.97414124011993408203125000000000
0.97483015060424804687500000000000
0.97550988197326660156250000000000
0.97618043422698974609375000000000
0.97684180736541748046875000000000
0.97749394178390502929687500000000
0.97813689708709716796875000000000
0.97877061367034912109375000000000
0.97939509153366088867187500000000
0.98001039028167724609375000000000
0.98061645030975341796875000000000
0.98121327161788940429687500000000
0.98180085420608520507812500000000
0.98237913846969604492187500000000
0.98294824361801147460937500000000
0.98350799083709716796875000000000
0.98405849933624267578125000000000
0.98459976911544799804687500000000
0.98513174057006835937500000000000
0.98565441370010375976562500000000
0.98616778850555419921875000000000
0.98667192459106445312500000000000
0.98716676235198974609375000000000
0.98765224218368530273437500000000
0.98812842369079589843750000000000
0.98859536647796630859375000000000
0.98905295133590698242187500000000
0.98950123786926269531250000000000
0.98994016647338867187500000000000
0.99036979675292968750000000000000
0.99079012870788574218750000000000
0.99120104312896728515625000000000
0.99160265922546386718750000000000
0.99199497699737548828125000000000
0.99237787723541259765625000000000
0.99275147914886474609375000000000
0.99311566352844238281250000000000
0.99347054958343505859375000000000
0.99381607770919799804687500000000
0.99415218830108642578125000000000
0.99447900056838989257812500000000
0.99479639530181884765625000000000
0.99510443210601806640625000000000
0.99540311098098754882812500000000
0.99569237232208251953125000000000
0.99597227573394775390625000000000
0.99624282121658325195312500000000
0.99650394916534423828125000000000
0.99675565958023071289062500000000
0.99699801206588745117187500000000
0.99723100662231445312500000000000
0.99745458364486694335937500000000
0.99766874313354492187500000000000
0.99787348508834838867187500000000
0.99806886911392211914062500000000
0.99825483560562133789062500000000
0.99843138456344604492187500000000
0.99859851598739624023437500000000
0.99875628948211669921875000000000
0.99890458583831787109375000000000
0.99904346466064453125000000000000
0.99917298555374145507812500000000
0.99929308891296386718750000000000
0.99940377473831176757812500000000
0.99950504302978515625000000000000
0.99959689378738403320312500000000
0.99967932701110839843750000000000
0.99975234270095825195312500000000
0.99981594085693359375000000000000
0.99987012147903442382812500000000
0.99991488456726074218750000000000
0.99995023012161254882812500000000
0.99997609853744506835937500000000
0.99999260902404785156250000000000
0.99999970197677612304687500000000
0.99999731779098510742187500000000
0.99998551607131958007812500000000
0.99996435642242431640625000000000
0.99993371963500976562500000000000
0.99989366531372070312500000000000
0.99984419345855712890625000000000
0.99978530406951904296875000000000
0.99971699714660644531250000000000
0.99963927268981933593750000000000
0.99955213069915771484375000000000
0.99945557117462158203125000000000
0.99934959411621093750000000000000
0.99923419952392578125000000000000
0.99910944700241088867187500000000
0.99897521734237670898437500000000
0.99883157014846801757812500000000
0.99867856502532958984375000000000
0.99851614236831665039062500000000
0.99834430217742919921875000000000
0.99816304445266723632812500000000
0.99797236919403076171875000000000
0.99777227640151977539062500000000
0.99756282567977905273437500000000
0.99734395742416381835937500000000
0.99711567163467407226562500000000
0.99687802791595458984375000000000
0.99663096666336059570312500000000
0.99637454748153686523437500000000
0.99610871076583862304687500000000
0.99583351612091064453125000000000
0.99554890394210815429687500000000
0.99525493383407592773437500000000
0.99495160579681396484375000000000
0.99463891983032226562500000000000
0.99431675672531127929687500000000
0.99398529529571533203125000000000
0.99364447593688964843750000000000
0.99329429864883422851562500000000
0.99293476343154907226562500000000
0.99256587028503417968750000000000
0.99218761920928955078125000000000
0.99180001020431518554687500000000
0.99140304327011108398437500000000
0.99099677801132202148437500000000
0.99058115482330322265625000000000
0.99015617370605468750000000000000
0.98972189426422119140625000000000
0.98927831649780273437500000000000
0.98882532119750976562500000000000
0.98836308717727661132812500000000
0.98789155483245849609375000000000
0.98741066455841064453125000000000
0.98692047595977783203125000000000
0.98642104864120483398437500000000
0.98591226339340209960937500000000
0.98539423942565917968750000000000
0.98486691713333129882812500000000
0.98433029651641845703125000000000
0.98378437757492065429687500000000
0.98322927951812744140625000000000
0.98266482353210449218750000000000
0.98209118843078613281250000000000
0.98150825500488281250000000000000
0.98091608285903930664062500000000
0.98031461238861083984375000000000
0.97970390319824218750000000000000
0.97908401489257812500000000000000
0.97845494747161865234375000000000
0.97781658172607421875000000000000
0.97716903686523437500000000000000
0.97651231288909912109375000000000
0.97584635019302368164062500000000
0.97517120838165283203125000000000
0.97448688745498657226562500000000
0.97379332780838012695312500000000
0.97309064865112304687500000000000
0.97237879037857055664062500000000
0.97165781259536743164062500000000
0.97092759609222412109375000000000
0.97018831968307495117187500000000
0.96943986415863037109375000000000
0.96868228912353515625000000000000
0.96791559457778930664062500000000
0.96713972091674804687500000000000
0.96635478734970092773437500000000
0.96556073427200317382812500000000
0.96475762128829956054687500000000
0.96394538879394531250000000000000
0.96312403678894042968750000000000
0.96229362487792968750000000000000
0.96145421266555786132812500000000
0.96060568094253540039062500000000
0.95974808931350708007812500000000
0.95888149738311767578125000000000
0.95800584554672241210937500000000
0.95712119340896606445312500000000
0.95622742176055908203125000000000
0.95532470941543579101562500000000
0.95441305637359619140625000000000
0.95349234342575073242187500000000
0.95256268978118896484375000000000
0.95162403583526611328125000000000
0.95067638158798217773437500000000
0.94971984624862670898437500000000
0.94875431060791015625000000000000
0.94777983427047729492187500000000
0.94679647684097290039062500000000
0.94580411911010742187500000000000
0.94480293989181518554687500000000
0.94379281997680664062500000000000
0.94277375936508178710937500000000
0.94174587726593017578125000000000
0.94070905447006225585937500000000
0.93966346979141235351562500000000
0.93860894441604614257812500000000
0.93754565715789794921875000000000
0.93647348880767822265625000000000
0.93539249897003173828125000000000
0.93430268764495849609375000000000
0.93320411443710327148437500000000
0.93209671974182128906250000000000
0.93098050355911254882812500000000
0.92985558509826660156250000000000
0.92872190475463867187500000000000
0.92757940292358398437500000000000
0.92642819881439208984375000000000
0.92526829242706298828125000000000
0.92409968376159667968750000000000
0.92292225360870361328125000000000
0.92173624038696289062500000000000
0.92054146528244018554687500000000
0.91933810710906982421875000000000
0.91812604665756225585937500000000
0.91690528392791748046875000000000
0.91567593812942504882812500000000
0.91443800926208496093750000000000
0.91319137811660766601562500000000
0.91193622350692749023437500000000
0.91067242622375488281250000000000
0.90940004587173461914062500000000
0.90811908245086669921875000000000
0.90682959556579589843750000000000
0.90553158521652221679687500000000
0.90422499179840087890625000000000
0.90290987491607666015625000000000
0.90158629417419433593750000000000
0.90025413036346435546875000000000
0.89891362190246582031250000000000
0.89756458997726440429687500000000
0.89620709419250488281250000000000
0.89484113454818725585937500000000
0.89346671104431152343750000000000
0.89208400249481201171875000000000
0.89069283008575439453125000000000
0.88929313421249389648437500000000
0.88788515329360961914062500000000
0.88646894693374633789062500000000
0.88504427671432495117187500000000
0.88361120223999023437500000000000
0.88216978311538696289062500000000
0.88072019815444946289062500000000
0.87926226854324340820312500000000
0.87779593467712402343750000000000
0.87632137537002563476562500000000
0.87483870983123779296875000000000
0.87334769964218139648437500000000
0.87184846401214599609375000000000
0.87034094333648681640625000000000
0.86882537603378295898437500000000
0.86730152368545532226562500000000
0.86576944589614868164062500000000
0.86422926187515258789062500000000
0.86268109083175659179687500000000
0.86112463474273681640625000000000
0.85956007242202758789062500000000
0.85798734426498413085937500000000
0.85640668869018554687500000000000
0.85481786727905273437500000000000
0.85322093963623046875000000000000
0.85161608457565307617187500000000
0.85000324249267578125000000000000
0.84838229417800903320312500000000
0.84675341844558715820312500000000
0.84511643648147583007812500000000
0.84347164630889892578125000000000
0.84181886911392211914062500000000
0.84015804529190063476562500000000
0.83848941326141357421875000000000
0.83681291341781616210937500000000
0.83512848615646362304687500000000
0.83343619108200073242187500000000
0.83173596858978271484375000000000
0.83002799749374389648437500000000
0.82831221818923950195312500000000
0.82658851146697998046875000000000
0.82485711574554443359375000000000
0.82311803102493286132812500000000
0.82137107849121093750000000000000
0.81961643695831298828125000000000
0.81785392761230468750000000000000
0.81608396768569946289062500000000
0.81430619955062866210937500000000
0.81252062320709228515625000000000
0.81072753667831420898437500000000
0.80892688035964965820312500000000
0.80711847543716430664062500000000
0.80530250072479248046875000000000
0.80347883701324462890625000000000
0.80164778232574462890625000000000
0.79980909824371337890625000000000
0.79796278476715087890625000000000
0.79610902070999145507812500000000
0.79424786567687988281250000000000
0.79237914085388183593750000000000
0.79050296545028686523437500000000
0.78861922025680541992187500000000
0.78672826290130615234375000000000
0.78482979536056518554687500000000
0.78292381763458251953125000000000
0.78101056814193725585937500000000
0.77909010648727416992187500000000
0.77716213464736938476562500000000
0.77522689104080200195312500000000
0.77328419685363769531250000000000
0.77133440971374511718750000000000
0.76937729120254516601562500000000
0.76741278171539306640625000000000
0.76544117927551269531250000000000
0.76346248388290405273437500000000
0.76147645711898803710937500000000
0.75948327779769897460937500000000
0.75748282670974731445312500000000
0.75547552108764648437500000000000
0.75346088409423828125000000000000
0.75143909454345703125000000000000
0.74941033124923706054687500000000
0.74737459421157836914062500000000
0.74533176422119140625000000000000
0.74328184127807617187500000000000
0.74122482538223266601562500000000
0.73916089534759521484375000000000
0.73709017038345336914062500000000
0.73501229286193847656250000000000
0.73292756080627441406250000000000
0.73083591461181640625000000000000
0.72873753309249877929687500000000
0.72663217782974243164062500000000
0.72451984882354736328125000000000
0.72240078449249267578125000000000
0.72027504444122314453125000000000
0.71814227104187011718750000000000
0.71600288152694702148437500000000
0.71385675668716430664062500000000
0.71170401573181152343750000000000
0.70954442024230957031250000000000
0.70737802982330322265625000000000
0.70520508289337158203125000000000
0.70302563905715942382812500000000
0.70083934068679809570312500000000
0.69864648580551147460937500000000
0.69644713401794433593750000000000
0.69424128532409667968750000000000
0.69202882051467895507812500000000
0.68980967998504638671875000000000
0.68758416175842285156250000000000
0.68535232543945312500000000000000
0.68311375379562377929687500000000
0.68086886405944824218750000000000
0.67861753702163696289062500000000
0.67636001110076904296875000000000
0.67409592866897583007812500000000
0.67182540893554687500000000000000
0.66954869031906127929687500000000
0.66726577281951904296875000000000
0.66497629880905151367187500000000
0.66268068552017211914062500000000
0.66037881374359130859375000000000
0.65807092189788818359375000000000
0.65575665235519409179687500000000
0.65343606472015380859375000000000
0.65110945701599121093750000000000
0.64877688884735107421875000000000
0.64643788337707519531250000000000
0.64409297704696655273437500000000
0.64174193143844604492187500000000
0.63938504457473754882812500000000
0.63702195882797241210937500000000
0.63465273380279541015625000000000
0.63227766752243041992187500000000
0.62989681959152221679687500000000
0.62750971317291259765625000000000
0.62511688470840454101562500000000
0.62271809577941894531250000000000
0.62031364440917968750000000000000
0.61790317296981811523437500000000
0.61548674106597900390625000000000
0.61306464672088623046875000000000
0.61063694953918457031250000000000
0.60820317268371582031250000000000
0.60576385259628295898437500000000
0.60331881046295166015625000000000
0.60086822509765625000000000000000
0.59841179847717285156250000000000
0.59594964981079101562500000000000
0.59348207712173461914062500000000
0.59100902080535888671875000000000
0.58853000402450561523437500000000
0.58604568243026733398437500000000
0.58355581760406494140625000000000
0.58106058835983276367187500000000
0.57855969667434692382812500000000
0.57605326175689697265625000000000
0.57354152202606201171875000000000
0.57102453708648681640625000000000
0.56850188970565795898437500000000
0.56597399711608886718750000000000
0.56344079971313476562500000000000
0.56090247631072998046875000000000
0.55835866928100585937500000000000
0.55580943822860717773437500000000
0.55325520038604736328125000000000
0.55069589614868164062500000000000
0.54813104867935180664062500000000
0.54556119441986083984375000000000
0.54298615455627441406250000000000
0.54040622711181640625000000000000
0.53782105445861816406250000000000
0.53523057699203491210937500000000
0.53263527154922485351562500000000
0.53003495931625366210937500000000
0.52742964029312133789062500000000
0.52481937408447265625000000000000
0.52220410108566284179687500000000
0.51958394050598144531250000000000
0.51695907115936279296875000000000
0.51432895660400390625000000000000
0.51169419288635253906250000000000
0.50905460119247436523437500000000
0.50641024112701416015625000000000
0.50376105308532714843750000000000
0.50110715627670288085937500000000
0.49844858050346374511718750000000
0.49578541517257690429687500000000
0.49311727285385131835937500000000
0.49044463038444519042968750000000
0.48776736855506896972656250000000
0.48508536815643310546875000000000
0.48239910602569580078125000000000
0.47970813512802124023437500000000
0.47701266407966613769531250000000
0.47431284189224243164062500000000
0.47160822153091430664062500000000
0.46889939904212951660156250000000
0.46618607640266418457031250000000
0.46346822381019592285156250000000
0.46074631810188293457031250000000
0.45801988244056701660156250000000
0.45528915524482727050781250000000
0.45255431532859802246093750000000
0.44981485605239868164062500000000
0.44707134366035461425781250000000
0.44432362914085388183593750000000
0.44157153367996215820312500000000
0.43881562352180480957031250000000
0.43605542182922363281250000000000
0.43329110741615295410156250000000
0.43052285909652709960937500000000
0.42775022983551025390625000000000
0.42497375607490539550781250000000
0.42219325900077819824218750000000
0.41940861940383911132812500000000
0.41662037372589111328125000000000
0.41382804512977600097656250000000
0.41103178262710571289062500000000
0.40823185443878173828125000000000
0.40542769432067871093750000000000
0.40261992812156677246093750000000
0.39980834722518920898437500000000
0.39699283242225646972656250000000
0.39417392015457153320312500000000
0.39135113358497619628906250000000
0.38852465152740478515625000000000
0.38569468259811401367187500000000
0.38286072015762329101562500000000
0.38002336025238037109375000000000
0.37718239426612854003906250000000
0.37433770298957824707031250000000
0.37148982286453247070312500000000
0.36863827705383300781250000000000
0.36578324437141418457031250000000
0.36292496323585510253906250000000
0.36006289720535278320312500000000
0.35719761252403259277343750000000
0.35432898998260498046875000000000
0.35145682096481323242187500000000
0.34858170151710510253906250000000
0.34570312500000000000000000000000
0.34282130002975463867187500000000
0.33993640542030334472656250000000
0.33704796433448791503906250000000
0.33415657281875610351562500000000
0.33126199245452880859375000000000
0.32836410403251647949218750000000
0.32546347379684448242187500000000
0.32255959510803222656250000000000
0.31965267658233642578125000000000
0.31674292683601379394531250000000
0.31382983922958374023437500000000
0.31091398000717163085937500000000
0.30799517035484313964843750000000
0.30507332086563110351562500000000
0.30214890837669372558593750000000
0.29922148585319519042968750000000
0.29629126191139221191406250000000
0.29335841536521911621093750000000
0.29042243957519531250000000000000
0.28748396039009094238281250000000
0.28454273939132690429687500000000
0.28159862756729125976562500000000
0.27865225076675415039062500000000
0.27570304274559020996093750000000
0.27275124192237854003906250000000
0.26979687809944152832031250000000
0.26683998107910156250000000000000
0.26388055086135864257812500000000
0.26091864705085754394531250000000
0.25795409083366394042968750000000
0.25498747825622558593750000000000
0.25201830267906188964843750000000
0.24904672801494598388671875000000
0.24607281386852264404296875000000
0.24309639632701873779296875000000
0.24011814594268798828125000000000
0.23713734745979309082031250000000
0.23415413498878479003906250000000
0.23116891086101531982421875000000
0.22818167507648468017578125000000
0.22519211471080780029296875000000
0.22220043838024139404296875000000
0.21920648217201232910156250000000
0.21621082723140716552734375000000
0.21321295201778411865234375000000
0.21021288633346557617187500000000
0.20721101760864257812500000000000
0.20420739054679870605468750000000
0.20120164752006530761718750000000
0.19819401204586029052734375000000
0.19518432021141052246093750000000
0.19217324256896972656250000000000
0.18916009366512298583984375000000
0.18614497780799865722656250000000
0.18312828242778778076171875000000
0.18011005222797393798828125000000
0.17708992958068847656250000000000
0.17406815290451049804687500000000
0.17104454338550567626953125000000
0.16801969707012176513671875000000
0.16499309241771697998046875000000
0.16196472942829132080078125000000
0.15893504023551940917968750000000
0.15590402483940124511718750000000
0.15287137031555175781250000000000
0.14983727037906646728515625000000
0.14680157601833343505859375000000
0.14376492798328399658203125000000
0.14072667062282562255859375000000
0.13768690824508666992187500000000
0.13464604318141937255859375000000
0.13160407543182373046875000000000
0.12856070697307586669921875000000
0.12551610171794891357421875000000
0.12247014790773391723632812500000
0.11942340433597564697265625000000
0.11637535691261291503906250000000
0.11332602053880691528320312500000
0.11027580499649047851562500000000
0.10722473263740539550781250000000
0.10417246073484420776367187500000
0.10111921280622482299804687500000
0.09806482493877410888671875000000
0.09500989317893981933593750000000
0.09195387363433837890625000000000
0.08889680355787277221679687500000
0.08583908528089523315429687500000
0.08278074115514755249023437500000
0.07972142845392227172851562500000
0.07666136324405670166015625000000
0.07360039651393890380859375000000
0.07053910195827484130859375000000
0.06747696548700332641601562500000
0.06441399455070495605468750000000
0.06135061383247375488281250000000
0.05828683823347091674804687500000
0.05522232502698898315429687500000
0.05215729400515556335449218750000
0.04909158498048782348632812500000
0.04602584242820739746093750000000
0.04295942187309265136718750000000
0.03989240899682044982910156250000
0.03682520613074302673339843750000
0.03375784307718276977539062500000
0.03068997897207736968994140625000
0.02762182243168354034423828125000
0.02455321885645389556884765625000
0.02148476056754589080810546875000
0.01841591112315654754638671875000
0.01534670125693082809448242187500
0.01227753423154354095458984375000
0.00920843891799449920654296875000
0.00613907026126980781555175781250
0.00306964316405355930328369140625
0.00000000000000000000000000000000
