41.6269
41.7831
41.796
41.7581
41.635
41.219
40.812
41.003
40.7779
40.8971
40.6702
40.8401
40.9331
40.7479
40.5741
40.6921
40.8752
40.627
40.8862
40.6921
40.8111
40.6411
40.6501
40.8232
40.7131
40.7071
40.5831
40.7009
40.802
40.864
40.6001
40.8442
40.8521
40.5991
40.7491
40.4429
40.55
40.616
40.7379
40.6089
40.957
40.693
40.8769
40.657
40.71
40.8311
40.709
40.6511
40.5798
40.782
40.838
40.7171
40.8401
40.8959
40.5629
40.9899
40.715
40.7898
40.9451
40.813
40.632
40.916
40.942
40.683
40.931
40.751
40.729
40.7071
40.621
40.7259
40.679
40.71
40.771
40.6761
40.729
40.6001
40.6909
40.833
40.761
40.7028
40.5071
40.8921
40.8301
40.5421
40.8781
40.7999
40.514
40.7791
40.6032
40.7591
40.6091
40.818
40.678
41.0011
40.735
40.7281
40.8652
40.5569
40.8201
40.6761
40.7231
40.59
40.765
40.6201
40.7631
40.7732
40.5982
40.602
40.534
40.7379
40.508
40.6241
40.6141
40.5421
40.7341
40.899
40.6671
40.885
40.5822
40.5149
40.6389
40.5829
40.5619
40.7469
40.807
40.7989
40.7078
40.6649
40.8149
40.6559
40.7619
40.6849
40.7469
40.746
40.885
40.776
40.766
40.8502
40.5209
40.823
40.7531
40.879
40.7219
40.9009
40.7391
41.045
40.8812
40.554
40.5071
40.807
40.643
40.9179
40.539
40.7219
40.8468
40.756
40.9899
40.5571
40.812
40.7078
40.8518
40.447
40.844
40.652
40.6902
40.6549
40.7009
40.5951
40.8201
40.8421
40.7641
40.6461
40.7798
40.5889
40.7121
40.6611
40.6141
40.832
40.7782
40.6921
40.8001
40.874
40.8309
40.5481
40.7841
40.7121
40.8762
40.802
40.714
40.7879
40.9291
40.9501
40.792
40.787
40.8299
40.5102
40.673
40.5748
40.684
40.7991
40.7581
40.7341
40.834
40.801
40.616
40.7691
40.7619
40.951
40.5531
40.6332
40.6351
40.761
40.7841
40.4699
40.7119
40.9858
40.626
40.7021
40.6439
40.591
40.813
40.5881
40.8511
40.7929
40.822
41.065
40.6239
40.7028
40.9091
40.796
40.8161
40.705
40.5581
40.838
40.781
40.586
40.735
40.8192
40.5409
40.9
40.9498
40.9131
40.904
40.92
40.7569
40.9331
40.8962
40.3471
40.5781
40.5509
40.6849
40.683
40.6928
40.626
40.6501
40.7631
40.5471
40.957
40.5791
40.834
40.8821
40.745
40.844
40.7178
40.668
40.6621
40.8521
40.787
40.647
40.7779
40.787
40.694
40.586
40.556
40.73
40.544
40.74
40.802
40.719
40.9439
40.7879
40.663
40.6301
40.8001
40.8101
40.628
40.6599
40.8919
40.5509
40.7999
40.6749
40.8649
40.6651
40.8239
40.659
40.6141
40.875
40.5738
40.7891
40.746
40.6229
40.5478
40.797
40.889
40.6539
40.761
40.751
40.5271
40.704
40.612
40.9682
40.735
40.7469
40.7202
40.7641
41.003
40.8599
40.8151
40.5691
40.7159
40.5622
40.7641
40.6191
40.8189
40.6239
40.617
40.6659
40.822
40.6859
40.827
40.74
40.71
40.8502
40.6461
40.6489
40.556
40.689
40.6611
40.812
40.446
40.8292
40.7579
40.6671
40.709
40.535
40.6401
40.6752
40.5462
40.9451
40.8001
40.74
40.632
40.6761
40.736
40.8969
40.6919
40.6101
40.6101
40.719
40.8828
40.7839
40.4351
40.766
40.628
40.8471
40.616
40.6599
40.648
40.55
40.719
40.705
40.628
40.6792
40.5371
40.524
40.7889
40.8399
40.7338
40.791
40.585
40.5929
40.6868
40.7689
40.7798
40.6029
40.838
40.5991
40.571
40.647
40.7238
40.849
40.9091
41.136
40.823
40.889
40.8549
40.632
40.7009
40.607
40.7791
40.786
40.7689
40.9169
40.4971
40.715
40.6442
40.7751
40.8351
40.834
40.607
40.5319
40.833
40.638
40.683
40.673
40.853
40.6389
40.894
40.787
40.6692
40.8111
40.8201
40.7372
40.781
40.8819
40.982
40.653
40.7922
40.771
40.7071
40.632
40.5929
40.899
40.7591
40.6151
40.6511
40.746
40.669
40.777
40.5681
40.5331
40.6032
40.885
40.7519
40.8819
40.6849
40.735
40.648
40.6291
40.5982
40.791
40.916
40.6439
40.689
40.6899
40.8039
40.849
40.9031
40.628
40.617
40.5872
40.7901
40.7929
40.5638
40.7419
40.956
40.8461
40.8151
40.5982
40.7541
40.6511
40.5462
40.7231
40.7422
40.9091
40.8189
40.7281
40.6721
40.6148
40.6058
40.6251
40.868
40.802
40.931
40.8061
40.9451
40.693
40.5731
40.5881
40.719
40.699
40.648
40.7388
40.6091
40.8061
40.591
40.5741
40.8781
40.493
40.6651
40.7891
40.6051
40.8931
40.679
40.8571
40.5521
40.684
40.669
40.5819
40.6899
40.7331
40.714
40.6032
40.864
40.555
40.9901
40.906
40.7989
40.7529
40.8399
41.0161
40.6959
40.8862
40.755
40.787
40.7839
40.735
40.858
40.8719
40.6649
40.7898
40.6399
40.7028
40.822
40.7069
40.5309
40.781
40.7069
40.741
40.781
40.71
40.5061
40.617
40.6599
40.7279
40.7441
40.6511
40.576
40.889
40.73
40.7391
40.518
40.9138
40.8311
40.9219
40.766
40.8151
40.5531
40.6399
40.823
40.9141
40.611
40.6179
40.8521
40.473
40.792
40.632
40.6849
40.9279
40.761
40.617
40.978
40.7641
40.6981
40.6649
40.782
40.9
40.73
40.813
40.8089
40.885
40.9172
40.6771
40.566
40.7629
41.0058
40.76
40.473
40.7119
40.6868
40.7019
40.643
40.761
40.6041
40.576
40.8878
40.7579
40.8359
40.5269
40.87
40.7479
40.653
40.6818
40.9639
40.92
40.7879
40.6978
40.725
40.606
40.832
40.9701
40.5731
40.637
40.7538
40.813
41.0221
40.859
40.8411
40.956
40.5388
40.6361
40.6871
40.6389
40.5691
40.647
40.6978
40.632
40.8499
40.5869
40.808
40.581
40.6032
40.9291
40.9391
40.761
40.4909
40.6659
40.6451
40.885
40.5579
40.808
40.7369
40.5881
40.6182
40.4272
40.695
40.709
40.678
40.6518
40.694
40.5421
40.4961
40.874
40.967
40.617
40.894
40.8301
40.6961
40.6461
40.5622
40.6511
40.6029
40.7338
40.885
40.745
40.643
40.622
40.755
40.7979
40.6511
40.7498
40.7801
40.941
40.5688
40.565
40.668
40.7119
40.895
40.6671
40.7829
40.5638
40.828
40.6461
40.7898
40.8039
40.7438
40.52
40.7908
40.6101
40.4611
40.6051
40.833
40.5171
40.817
40.844
40.7791
40.5869
40.8459
40.5769
40.596
40.6811
40.601
40.658
40.519
40.7438
40.746
40.489
40.6711
40.7569
40.8089
40.8759
40.633
40.8671
40.7391
40.714
40.4849
40.54
40.709
40.6139
40.7069
40.663
40.715
40.8158
40.9291
40.9191
40.7419
40.8859
40.766
40.714
40.5891
40.7522
40.724
40.6878
40.875
40.781
40.576
40.6539
40.5798
40.7929
40.6559
40.6439
40.8111
40.8111
40.53
40.57
40.765
41.0311
40.5819
40.7948
40.833
40.7152
40.731
40.8649
40.7228
40.8909
40.751
40.8499
40.705
40.8411
40.8161
40.6291
40.683
40.9179
40.8559
40.782
40.5691
40.626
40.9679
41.0271
40.9648
40.6749
40.8232
40.8211
40.5099
40.6492
40.6351
40.9391
40.7119
40.771
40.5591
40.5772
40.524
40.837
40.679
40.4661
40.756
40.513
40.8211
40.7701
40.5929
40.55
40.6291
40.7691
40.7419
40.7948
40.5951
40.9582
41.0149
40.5991
40.94
40.7848
40.803
40.592
40.7431
41.111
40.57
40.8671
40.8361
40.8521
40.6511
40.5831
40.5281
40.7932
40.792
40.926
40.514
40.75
40.637
40.4031
40.6351
40.791
40.8509
40.7019
40.566
40.792
40.8051
40.956
40.802
40.8831
40.6821
40.467
40.637
40.802
40.6919
40.5769
40.741
40.8771
40.6501
40.5362
40.585
40.6859
40.843
40.797
40.561
40.621
40.9491
40.9179
40.473
41.0671
40.7782
40.6961
40.7801
40.9601
40.7369
40.8239
40.6382
40.9181
40.7059
40.8769
40.6559
40.772
40.6418
40.87
40.7491
40.669
40.7369
40.7689
40.837
40.7541
40.4482
40.8649
40.617
40.664
40.772
40.8049
40.7212
40.6291
40.6561
41.048
40.8928
40.606
40.535
40.7569
40.7069
40.818
40.7801
40.525
40.868
40.6711
40.8261
41.0452
40.8549
40.73
40.807
40.8919
40.8292
40.561
40.75
40.7012
40.7932
40.8981
40.8888
40.694
40.688
40.971
40.797
40.8869
40.669
40.7331
40.6909
40.828
40.5781
40.7341
40.7851
40.653
40.823
40.87
40.7281
40.9801
40.8182
40.5769
40.8149
40.9191
40.725
40.668
40.813
40.632
40.7219
40.6809
40.9529
40.657
40.895
40.807
40.4699
40.6351
40.8158
40.8399
40.596
41.0399
40.7019
40.7329
40.7529
40.7908
40.731
40.848
40.7441
40.6959
40.6101
40.5312
40.777
40.8258
40.71
40.6182
40.8411
40.638
40.493
40.6859
40.6749
40.586
40.5979
40.8561
40.725
40.4952
40.724
40.6489
40.9398
40.6241
40.7169
40.756
40.6699
40.7071
40.796
40.612
40.6971
40.6651
40.6902
40.627
40.8449
40.4811
40.7679
40.6911
40.7171
40.8502
40.8812
40.581
40.683
40.6542
40.7381
40.674
40.92
40.73
40.576
40.9179
40.8778
40.7069
40.8919
40.942
40.6752
40.7701
40.6539
