11.3289
5.28598
5.27501
5.27501
5.26595
5.2762
5.27406
5.27191
5.27787
5.26905
5.2712
5.27883
5.27382
5.27406
5.27787
5.27287
5.27596
4.98796
3.87287
3.75915
3.75295
3.74985
3.75104
3.75795
3.7601
3.75295
3.75295
3.75319
3.75295
3.757
3.757
3.75295
3.75199
3.75295
3.75605
3.7539
3.75605
3.75915
3.7539
3.75581
3.75986
3.75485
3.7508
3.75795
3.757
3.7539
3.757
3.75795
3.75199
3.76105
3.75986
3.75581
3.75104
3.75295
3.75795
3.74699
3.75509
3.757
3.757
3.757
3.757
3.75104
3.76105
3.757
3.75509
3.75414
3.75795
3.75509
3.757
3.75891
3.75414
3.66402
3.53098
3.53503
3.53694
3.53789
3.53408
3.53909
3.53408
3.53789
3.53718
3.53789
3.53694
3.53503
3.53193
3.53694
3.53885
3.53718
3.54195
3.53408
3.54195
3.54099
3.53599
3.53503
3.54099
3.54004
3.53503
3.53718
3.53503
3.53718
3.53599
3.54004
3.53599
3.53384
3.53408
3.53909
3.53813
3.53193
3.53599
3.53599
3.53312
3.53503
3.53599
3.53694
3.53694
3.54314
3.55196
3.53289
3.53408
3.53599
3.53789
3.53909
3.53909
3.546
3.53479
3.53503
3.53503
3.53193
3.53193
3.53599
3.53599
3.53503
3.53503
3.54004
3.54314
3.5429
3.53789
3.53599
3.53193
3.53909
3.53599
3.53885
3.53408
3.53718
3.53694
3.53694
3.53312
3.53408
3.53408
3.53813
3.53599
3.54004
3.53599
3.53408
3.53599
3.54123
3.53408
3.53694
3.53503
3.53289
3.53384
3.53599
3.53694
3.53622
3.53694
3.53599
3.53694
3.53813
3.54004
3.53479
3.53599
3.53312
3.53885
3.53098
3.54195
3.53098
3.53909
3.54099
3.53694
3.53694
3.53098
3.53312
3.53694
3.53909
3.54123
3.53408
3.53599
3.54099
3.53599
3.53694
3.54195
3.54004
3.53718
3.53503
3.53408
3.54004
3.53479
3.53599
3.53694
3.53384
3.53789
3.53599
3.53503
3.53909
3.53599
3.53599
3.53384
3.54195
3.53909
3.53813
3.53599
3.54004
3.53909
3.53503
3.53503
3.53503
3.53718
3.53384
3.53694
3.53599
3.53408
3.53503
3.53694
3.53599
3.53599
3.53909
3.53193
3.53694
3.54195
3.53408
3.53599
3.53503
3.53408
3.53694
3.53599
3.53098
3.53909
3.54505
3.53909
3.53503
3.53694
3.53813
3.53503
3.54195
3.53599
3.53789
3.53503
3.53289
3.53503
3.53193
3.53479
3.53789
3.53003
3.54004
3.53694
3.53503
3.53789
3.53503
3.53193
3.53503
3.5429
3.54099
3.54409
3.53694
3.53718
3.53599
3.53599
3.53289
3.53599
3.54099
3.54195
3.5398
3.53289
3.54195
3.53408
3.5429
3.53789
3.53503
3.53813
3.53599
3.53885
3.53813
3.54409
3.53789
3.53193
3.54195
3.53289
3.53384
3.53694
3.53694
3.53885
3.54004
3.53789
3.53312
3.53694
3.53909
3.53384
3.54004
3.53503
3.53599
3.53813
3.53599
3.53408
3.53599
3.54004
3.53599
3.53909
3.54004
3.53599
3.53813
3.53503
3.53599
3.53718
3.53599
3.54195
3.53599
3.54099
3.53098
3.53384
3.53384
3.53503
3.53384
3.53694
3.53408
3.53813
3.53909
3.53909
3.55411
3.55887
3.55506
3.55816
3.56197
3.55887
3.57389
3.57413
3.57509
3.5789
3.57199
3.57699
3.57509
3.5789
3.57795
3.57699
3.58009
3.57199
3.57389
3.58105
3.57294
3.57795
3.57413
3.57413
3.57389
3.57294
3.58605
3.57699
3.5758
3.58391
3.58415
3.58891
3.58582
3.59297
3.5882
3.58796
3.59416
3.58701
3.58701
3.58105
3.56483
3.56507
3.56197
3.56197
3.56388
3.56483
3.56102
3.57008
3.56007
3.56293
3.56221
3.56293
3.56483
3.5708
3.56483
3.56698
3.56507
3.56388
3.55101
3.55697
3.56102
3.55983
3.5398
3.53098
3.53408
3.53694
3.53479
3.54195
3.53408
3.53813
3.54004
3.53408
3.53599
3.53694
3.52907
3.53694
3.53479
3.53384
3.53503
3.54099
3.53599
3.53384
3.54004
3.53503
3.53384
3.53503
3.53599
3.53909
3.53694
3.53885
3.53789
3.5398
3.53408
3.53789
3.53789
3.53599
3.53479
3.53289
3.53789
3.53718
3.53909
3.53599
3.53193
3.53479
3.53789
3.53813
3.546
3.53289
3.53408
3.53503
3.53694
3.53599
3.53098
3.53289
3.53694
3.53289
3.53289
3.53289
3.54314
3.53694
3.53694
3.53503
3.53813
3.53694
3.54981
3.55101
3.53599
3.53694
3.53813
3.53193
3.53885
3.53885
3.54099
3.53599
3.53312
3.53813
3.53694
3.53622
3.53503
3.53384
3.53384
3.53289
3.54195
3.53813
3.53503
3.54099
3.53503
3.53503
3.53408
3.54004
3.54099
3.53408
3.53479
3.53885
3.53312
3.53909
3.53408
3.53694
3.53813
3.53599
3.54099
3.53599
3.53909
3.53909
3.53694
3.5398
3.53479
3.53479
3.53193
3.53193
3.53813
3.53909
3.53408
3.53408
3.53694
3.54099
3.53599
3.53718
3.54004
3.54004
3.54314
3.53289
3.53599
3.54314
3.53789
3.53289
3.53599
3.53599
3.53289
3.53789
3.54481
3.53599
3.53813
3.54004
3.53599
3.53718
3.53289
3.54099
3.53694
3.53503
3.53599
3.54004
3.53599
3.53599
3.53813
3.53503
3.54099
3.53813
3.53193
3.53885
3.5398
3.53098
3.53098
3.53694
3.53813
3.53098
3.53503
3.53813
3.53503
3.53694
3.54695
3.53408
3.53312
3.53694
3.53813
3.53503
3.53408
3.54004
3.53789
3.5398
3.53599
3.53909
3.53312
3.53694
3.53384
3.53599
3.54004
3.53217
3.54099
3.55506
3.55411
3.55196
3.55315
3.55005
3.55601
3.56197
3.55291
3.55387
3.55482
3.55196
3.55721
3.55792
3.55506
3.55315
3.55411
3.55411
3.55196
3.56412
3.56698
3.56698
3.56507
3.56603
3.56293
3.56698
3.56603
3.56388
3.56483
3.56889
3.56197
3.56603
3.56913
3.56603
3.56507
3.57008
3.56984
3.56793
3.56603
3.56698
3.56197
3.56317
3.56293
3.56698
3.56293
3.56388
3.57819
3.58605
3.57604
3.57389
3.57413
3.57509
3.57795
3.57723
3.57103
3.57294
3.57509
3.57413
3.57699
3.57914
3.58009
3.57389
3.57294
3.57389
3.57199
3.57389
3.57389
3.57604
3.58081
3.57294
3.57699
3.57914
3.57509
3.57294
3.57413
3.57914
3.57199
3.57914
3.57294
3.57199
3.57795
3.57199
3.57485
3.57294
3.57199
3.56603
3.55601
3.55601
3.5522
3.55697
3.55315
3.55792
3.55291
3.55697
3.55482
3.55983
3.55601
3.55601
3.55792
3.55101
3.55411
3.55196
3.55196
3.55506
3.55792
3.55506
3.55196
3.55506
3.54505
3.53718
3.54004
3.54004
3.53718
3.53289
3.53885
3.53694
3.53813
3.54004
3.53718
3.53909
3.53408
3.53289
3.53885
3.5429
3.53813
3.53789
3.53789
3.53813
3.53909
3.53408
3.53408
3.53408
3.53909
3.53599
3.53503
3.53885
3.54099
3.53789
3.53599
3.53885
3.54195
3.53503
3.53909
3.54099
3.53479
3.53694
3.54004
3.53718
3.54099
3.54004
3.54004
3.53599
3.53885
3.53384
3.53694
3.53718
3.54195
3.53408
3.53599
3.5398
3.53384
3.53694
3.53503
3.53599
3.53408
3.54004
3.54004
3.53599
3.53599
3.54195
3.54409
3.53813
3.53599
3.53312
3.53599
3.53885
3.5398
3.53694
3.53599
3.53408
3.53885
3.53479
3.54195
3.53503
3.53408
3.53694
3.53503
3.53408
3.53503
3.53694
3.53885
3.53694
3.53718
3.53503
3.53599
3.53098
3.53813
3.54004
3.53193
3.5398
3.53599
3.53694
3.53694
3.53408
3.53599
3.53503
3.53193
3.54004
3.54099
3.53813
3.54815
3.53503
3.53909
3.54004
3.53718
3.53694
3.53694
3.54099
3.53289
3.53789
3.53885
3.53718
3.53694
3.54218
3.53694
3.53789
3.54004
3.53694
3.53694
3.53599
3.53885
3.53599
3.53694
3.54385
3.53599
3.53813
3.54004
3.53909
3.53909
3.53312
3.53599
3.53408
3.53312
3.54195
3.54004
3.53813
3.53694
3.53718
3.54004
3.53694
3.53885
3.53599
3.53694
3.53885
3.5429
3.54695
3.53694
3.53289
3.53503
3.54004
3.53503
3.53694
3.55291
3.55816
3.55291
3.55697
3.55101
3.55506
3.55506
3.55506
3.55482
3.55506
3.55506
3.56007
3.56007
3.57413
3.56698
3.56603
3.56412
3.56913
3.57485
3.56579
3.56698
3.56507
3.56817
3.56603
3.56197
3.56698
3.56889
3.56793
3.56102
3.56698
3.56722
3.56889
3.56388
3.56722
3.56197
3.56507
3.56412
3.56913
3.56698
3.56102
3.56197
3.55387
3.55697
3.55387
3.55291
3.55601
3.55387
3.55411
3.55601
3.55506
3.55411
3.55101
3.55887
3.55506
3.55506
3.55601
3.55697
3.57294
3.5758
3.582
3.57389
3.57103
3.57509
3.57294
3.57294
3.57509
3.57604
3.57699
3.5758
3.5789
3.57509
3.57413
3.57699
3.58009
3.57819
3.58009
3.58105
3.57413
3.57604
3.58009
3.57699
3.57103
3.57795
3.58701
3.5789
3.57604
3.5789
3.57604
3.5789
3.57699
3.57389
3.58081
3.57485
3.57294
3.57509
3.57294
3.5789
3.56817
3.55387
3.55792
3.55601
3.55387
3.55911
3.55697
3.55577
3.55101
3.5491
3.55387
3.55983
3.56102
3.55601
3.55411
3.56293
3.55196
3.55816
3.55506
3.55387
3.54981
3.55291
3.53384
3.53289
3.5398
3.5398
3.54195
3.53503
3.53503
3.53694
3.53813
3.53813
3.53789
3.53122
3.53789
3.54004
3.53384
3.53503
3.53694
3.53813
3.54099
3.53789
3.54218
3.53193
3.53503
3.53789
3.5398
3.53384
3.53885
3.53599
3.54409
3.53384
3.53503
3.53694
3.53289
3.54195
3.53885
3.53885
3.53813
3.53599
3.54099
3.53312
3.53289
3.53193
3.53217
3.53289
3.54004
3.54004
3.53694
3.53694
3.53599
3.53599
3.54099
3.53718
3.53098
3.53813
