94.897
92.658
92.653
92.643
92.6421
92.6399
92.6361
92.6669
92.6619
92.6831
92.6459
92.6421
92.638
92.6321
92.649
92.6518
92.665
92.6719
92.6449
92.6409
92.6399
92.6411
92.634
92.6201
92.6311
92.6149
92.6528
92.649
92.674
92.6402
92.649
92.644
92.638
92.629
92.634
92.638
92.6371
92.6261
92.6189
92.6571
92.634
92.6559
92.6459
92.6559
92.659
92.6499
92.6549
92.6299
92.629
92.6349
92.6681
92.6449
92.6709
92.6449
92.6609
92.6409
92.6189
92.6502
92.6371
92.6671
92.6399
92.6409
92.634
92.654
92.669
92.6611
92.659
92.6571
92.644
92.6292
92.622
92.629
92.6309
92.6359
92.6361
92.6311
92.6459
92.6502
92.6399
92.638
92.6301
92.6559
92.639
92.6549
92.6821
92.623
92.623
92.6459
92.6208
92.6161
92.6359
92.629
92.6619
92.6499
92.654
92.6509
92.6261
92.5939
92.602
92.6681
92.634
92.654
92.6239
92.644
92.628
92.6569
92.6371
92.628
92.6461
92.6418
92.6392
92.6499
92.6578
92.6201
92.6549
92.664
92.6399
92.6509
92.6321
92.6261
92.6309
92.6549
92.6549
92.654
92.639
92.6559
92.6509
92.6611
92.664
92.648
92.6321
92.6418
92.6411
92.6409
92.6609
92.653
92.6628
92.6559
92.6881
92.644
92.6771
92.6549
92.6361
92.6449
92.6371
92.6449
92.634
92.622
92.67
92.66
92.659
92.6318
92.653
92.663
92.6242
92.629
92.643
92.6321
92.6242
92.6399
92.659
92.68
92.628
92.6399
92.633
92.6528
92.6371
92.6468
92.633
92.643
92.6239
92.623
92.643
92.66
92.6499
92.6251
92.6301
92.6139
92.617
92.6411
92.638
92.633
92.6461
92.674
92.659
92.664
92.6361
92.6368
92.654
92.664
92.658
92.6392
92.675
92.633
92.6421
92.6518
92.6602
92.6621
92.634
92.6561
92.639
92.6511
92.6511
92.658
92.658
92.6158
92.612
92.659
92.6299
92.6218
92.6249
92.618
92.5999
92.629
92.643
92.6349
92.598
92.6089
92.6192
92.629
92.6108
92.6249
92.6089
92.5949
92.5851
92.586
92.6061
92.597
92.581
92.593
92.593
92.597
92.603
92.586
92.5941
92.5882
92.613
92.612
92.6049
92.5808
92.592
92.6259
92.613
92.6039
92.577
92.5779
92.598
92.6001
92.602
92.603
92.607
92.5939
92.5798
92.5961
92.6352
92.629
92.6158
92.5961
92.5961
92.602
92.6211
92.627
92.648
92.643
92.622
92.6411
92.623
92.6161
92.638
92.6371
92.6311
92.6402
92.627
92.6061
92.6151
92.6201
92.6199
92.627
92.6201
92.6242
92.6089
92.628
92.6292
92.6211
92.612
92.6089
92.6161
92.654
92.6731
92.6328
92.6361
92.6342
92.6402
92.6518
92.6449
92.6192
92.5951
92.598
92.5961
92.608
92.6361
92.644
92.6168
92.6151
92.638
92.6471
92.628
92.6249
92.638
92.66
92.6602
92.6559
92.6359
92.6559
92.648
92.6511
92.633
92.627
92.6671
92.6549
92.6561
92.649
92.6602
92.634
92.618
92.6361
92.6468
92.649
92.633
92.622
92.639
92.633
92.6609
92.633
92.623
92.6099
92.6139
92.6301
92.654
92.634
92.6151
92.6292
92.644
92.6261
92.6311
92.6161
92.6149
92.6099
92.627
92.6721
92.6511
92.6688
92.6499
92.669
92.6421
92.644
92.6411
92.6609
92.6521
92.6502
92.6199
92.6242
92.6151
92.6011
92.633
92.6321
92.6349
92.603
92.6468
92.6549
92.648
92.658
92.663
92.664
92.6411
92.648
92.6402
92.6609
92.679
92.659
92.6402
92.6411
92.622
92.6731
92.649
92.6318
92.654
92.6268
92.638
92.6242
92.622
92.6301
92.6192
92.6299
92.6139
92.6709
92.633
92.649
92.654
92.669
92.653
92.6569
92.6421
92.6261
92.664
92.6619
92.6731
92.6361
92.6111
92.6201
92.6068
92.6261
92.6011
92.634
92.6352
92.6499
92.653
92.639
92.649
92.654
92.654
92.634
92.6461
92.6552
92.6461
92.658
92.6712
92.653
92.6468
92.6399
92.654
92.6578
92.633
92.6409
92.638
92.6161
92.6208
92.618
92.6571
92.6211
92.6168
92.629
92.612
92.608
92.6311
92.6149
92.6549
92.6511
92.6509
92.6759
92.6621
92.6671
92.6158
92.6402
92.6621
92.6549
92.6769
92.6521
92.6659
92.643
92.6421
92.6199
92.6311
92.6459
92.608
92.628
92.6549
92.627
92.617
92.665
92.6521
92.6561
92.643
92.6368
92.6321
92.6499
92.6239
92.638
92.6402
92.663
92.6681
92.654
92.653
92.68
92.685
92.6428
92.6609
92.6421
92.659
92.6831
92.659
92.6299
92.6619
92.664
92.6752
92.66
92.6611
92.6721
92.6769
92.6659
92.6621
92.6609
92.643
92.665
92.68
92.663
92.6471
92.6762
92.6511
92.648
92.6409
92.6681
92.6812
92.6781
92.665
92.6809
92.6681
92.6619
92.663
92.6781
92.6659
92.6731
92.6681
92.6652
92.6931
92.669
92.6781
92.6621
92.6781
92.658
92.6681
92.6652
92.675
92.6859
92.659
92.7
92.6881
92.7122
92.6809
92.7
92.7029
92.6821
92.696
92.6871
92.6719
92.6609
92.6859
92.659
92.6762
92.679
92.6681
92.6859
92.71
92.7091
92.674
92.6571
92.665
92.6909
92.66
92.6352
92.654
92.6411
92.6421
92.6208
92.6571
92.6521
92.644
92.679
92.6621
92.6552
92.659
92.6459
92.6719
92.6809
92.663
92.6731
92.669
92.6812
92.6971
92.6781
92.7022
92.6938
92.7091
92.69
92.7081
92.6859
92.711
92.7062
92.706
92.6919
92.6771
92.6759
92.6809
92.716
92.6709
92.689
92.6991
92.7091
92.6769
92.7119
92.7
92.684
92.685
92.6991
92.7031
92.6619
92.6869
92.69
92.653
92.6709
92.648
92.66
92.7
92.68
92.696
92.6731
92.6819
92.6771
92.684
92.6771
92.6831
92.694
92.6869
92.663
92.639
92.665
92.669
92.6721
92.649
92.6421
92.665
92.6731
92.6609
92.6669
92.6611
92.6609
92.6609
92.623
92.634
92.6499
92.6528
92.648
92.4871
92.6709
92.689
92.638
92.6549
92.643
92.654
92.6502
92.6611
92.665
92.6812
92.6771
92.6702
92.6862
92.664
92.6671
92.664
92.6661
92.659
92.654
92.6199
92.6681
92.6549
92.653
92.6321
92.6061
92.6189
92.6301
92.6371
92.6731
92.6669
92.634
92.6411
92.6249
92.6301
92.663
92.643
92.649
92.6738
92.6769
92.679
92.6931
92.684
92.6828
92.6859
92.6859
92.679
92.6671
92.6411
92.6678
92.6509
92.653
92.639
92.6449
92.6039
92.6509
92.643
92.659
92.6728
92.6771
92.6552
92.6459
92.665
92.6778
92.7081
92.6988
92.6831
92.7
92.6881
92.6471
92.663
92.69
92.6831
92.6731
92.664
92.665
92.6721
92.674
92.6781
92.6509
92.663
92.6881
92.6812
92.7122
92.6781
92.663
92.679
92.6681
92.6852
92.6912
92.694
92.6919
92.6809
92.6979
92.715
92.706
92.679
92.6929
92.684
92.7031
92.696
92.6721
92.6971
92.679
92.674
92.664
92.6931
92.6881
92.664
92.695
92.6731
92.6819
92.669
92.685
92.6869
92.6721
92.658
92.6991
92.6781
92.6769
92.6721
92.6709
92.6509
92.6549
92.659
92.6731
92.66
92.649
92.6719
92.6471
92.6669
92.6559
92.659
92.6919
92.6311
92.639
92.639
92.665
92.675
92.6771
92.6621
92.6819
92.69
92.7031
92.6869
92.68
92.6731
92.664
92.674
92.6781
92.6809
92.6731
92.695
92.6809
92.6709
92.6762
92.6878
92.684
92.6628
92.6731
92.685
92.6688
92.6931
92.696
92.6981
92.67
92.6571
92.6809
92.654
92.6411
92.664
92.6869
92.643
92.69
92.6709
92.6778
92.6611
92.6549
92.644
92.6731
92.6921
92.6611
92.67
92.643
92.6521
92.6549
92.6549
92.6392
92.6368
92.644
92.669
92.6602
92.6321
92.6762
92.6778
92.669
92.6411
92.6559
92.653
92.6762
92.6499
92.663
92.6461
92.648
92.664
92.659
92.648
92.6609
92.654
92.622
92.618
92.6292
92.6459
92.6239
92.6311
92.6259
92.617
92.665
92.6309
92.628
92.633
92.6402
92.664
92.643
92.638
92.638
92.638
92.6449
92.6318
92.6011
92.6352
92.6399
92.627
92.6521
92.6242
92.6421
92.6161
92.627
92.6452
92.6201
92.618
92.638
92.6712
92.6712
92.658
92.6619
92.663
92.6731
92.6511
92.664
92.6549
92.66
92.6559
92.6969
92.6669
92.67
92.6561
92.664
92.6492
92.51
92.658
92.6592
92.6628
92.6721
92.6518
92.6659
92.6569
92.664
92.6759
92.68
92.6478
92.679
92.6681
92.6781
92.675
92.648
92.6731
92.6511
92.648
92.6721
92.644
92.6399
92.66
92.653
92.6449
92.648
92.6571
92.6788
92.66
92.68
92.6521
92.6769
92.643
92.6509
92.633
92.6299
92.6471
92.6671
92.685
92.659
92.68
92.665
92.639
92.6509
92.6619
92.658
92.658
92.6411
92.6552
92.66
92.6561
92.639
92.654
92.6349
92.6359
92.6661
92.6578
92.633
92.654
92.6509
92.659
92.675
92.6728
92.6652
92.7048
92.644
92.6678
92.6871
92.6659
92.6318
92.6359
92.6368
92.6299
92.629
92.6402
92.6301
92.669
92.6468
92.6659
92.6518
92.6549
92.669
92.6819
92.6411
92.6471
92.66
92.6559
92.644
92.674
92.675
92.659
92.6411
92.6459
92.6449
92.633
92.644
92.684
92.643
