12.9881
12.8651
12.8689
12.887
12.907
12.888
12.886
12.9051
12.881
12.8801
12.8751
12.9008
12.9108
12.887
12.8701
12.8908
12.8851
12.8889
12.922
12.8999
12.8999
12.8901
12.9042
12.898
12.8882
12.893
12.8908
12.9099
12.8789
12.8698
12.8899
12.8832
12.8789
12.903
12.8961
12.8849
12.8949
12.897
12.8989
12.8832
12.872
12.8949
12.9011
12.888
12.882
12.897
12.8732
12.8939
12.872
12.912
12.902
12.888
12.882
12.8791
12.8729
12.908
12.9089
12.8989
12.8751
12.898
12.903
12.888
12.8751
12.893
12.876
12.886
12.8949
12.8889
12.8939
12.8989
12.882
12.876
12.8949
12.887
12.8958
12.902
12.903
12.9108
12.9092
12.8882
12.892
12.886
12.8989
12.9011
12.8901
12.9042
12.8808
12.9051
12.887
12.902
12.8689
12.8829
12.8939
12.8949
12.917
12.881
12.892
12.8911
12.892
12.9149
12.9099
12.893
12.8858
12.861
12.871
12.8779
12.886
12.8849
12.9089
12.882
12.888
12.887
12.8839
12.8949
12.8832
12.8989
12.9051
12.882
12.871
12.887
12.867
12.893
12.887
12.8779
12.9001
12.8801
12.881
12.903
12.8899
12.8858
12.882
12.8701
12.886
12.8889
12.882
12.8851
12.867
12.886
12.9008
12.8748
12.887
12.8999
12.898
12.897
12.876
12.902
12.8789
12.8958
12.871
12.8908
12.888
12.902
12.893
12.881
12.8908
12.8751
12.881
12.897
12.903
12.893
12.876
12.877
12.8939
12.8839
12.8949
12.8849
12.887
12.898
12.8801
12.903
12.888
12.8999
12.8989
12.8942
12.8841
12.8751
12.8901
12.8951
12.887
12.8789
12.897
12.8999
12.907
12.882
12.902
12.8789
12.8901
12.877
12.886
12.8942
12.886
12.882
12.9089
12.877
12.886
12.9042
12.9089
12.888
12.8789
12.9001
12.8841
12.908
12.9139
12.8691
12.8829
12.876
12.9058
12.8989
12.9139
12.887
12.8918
12.881
12.892
12.881
12.8949
12.8961
12.8939
12.8989
12.892
12.8851
12.9061
12.8698
12.877
12.907
12.8951
12.8891
12.9011
12.8889
12.897
12.8891
12.882
12.887
12.9049
12.893
12.8951
12.897
12.892
12.893
12.887
12.8789
12.8908
12.8779
12.898
12.8729
12.9111
12.9049
12.902
12.8942
12.8579
12.902
12.9008
12.893
12.8901
12.8958
12.8739
12.898
12.8951
12.8942
12.9039
12.8841
12.9099
12.887
12.8791
12.8932
12.8982
12.893
12.892
12.9111
12.882
12.8829
12.8829
12.9058
12.8829
12.886
12.8899
12.8949
12.8791
12.9001
12.9111
12.882
12.8748
12.8739
12.897
12.898
12.8911
12.908
12.8961
12.8851
12.897
12.871
12.8901
12.881
12.898
12.882
12.8791
12.8951
12.898
12.903
12.9089
12.8779
12.8841
12.9008
12.886
12.8939
12.8911
12.887
12.9049
12.893
12.892
12.8791
12.9001
12.8851
12.8901
12.903
12.897
12.8829
12.881
12.8901
12.8951
12.8932
12.897
12.8999
12.888
12.9161
12.8989
12.882
12.8798
12.8851
12.892
12.892
12.888
12.898
12.8999
12.893
12.9168
12.8899
12.872
12.8791
12.8942
12.887
12.8751
12.9139
12.872
12.893
12.9011
12.893
12.8779
12.8751
12.8651
12.887
12.8961
12.9011
12.8918
12.9039
12.888
12.888
12.8939
12.886
12.8901
12.8989
12.8939
12.881
12.8961
12.9008
12.8889
12.897
12.903
12.881
12.8791
12.8701
12.8901
12.862
12.8851
12.876
12.888
12.886
12.8992
12.8961
12.8858
12.8889
12.9061
12.8832
12.887
12.907
12.8911
12.9039
12.8858
12.9099
12.8739
12.893
12.8858
12.898
12.888
12.886
12.881
12.9101
12.8939
12.8961
12.8851
12.881
12.908
12.8901
12.872
12.876
12.897
12.8851
12.8741
12.8782
12.897
12.876
12.903
12.8939
12.8901
12.8949
12.898
12.871
12.887
12.907
12.8829
12.907
12.9011
12.8961
12.8951
12.903
12.9049
12.8829
12.871
12.8801
12.8791
12.897
12.9061
12.8832
12.922
12.907
12.8958
12.8989
12.886
12.8901
12.881
12.8841
12.8911
12.8992
12.9039
12.8901
12.882
12.9201
12.877
12.8901
12.912
12.882
12.913
12.897
12.8829
12.8779
12.8758
12.876
12.887
12.8829
12.866
12.867
12.8908
12.8911
12.9051
12.888
12.902
12.887
12.9008
12.8798
12.8801
12.8851
12.9011
12.9058
12.9049
12.9039
12.8992
12.9011
12.8899
12.8889
12.9049
12.8908
12.882
12.898
12.888
12.876
12.8779
12.8891
12.887
12.8961
12.893
12.9049
12.8698
12.867
12.9161
12.9011
12.882
12.898
12.8911
12.872
12.886
12.9011
