15.9891
13.8481
13.8519
13.869
13.8509
13.845
13.8721
13.8619
13.8369
13.8509
13.8421
13.8478
13.8481
13.839
13.8361
13.849
13.854
13.869
13.8369
13.864
13.859
13.8731
13.8471
13.8471
13.8462
13.855
13.8559
13.8409
13.8311
13.86
13.839
13.855
13.8581
13.8621
13.8421
13.849
13.849
13.8612
13.8631
13.85
13.8519
13.869
13.8409
13.8409
13.845
13.8681
13.8409
13.859
13.85
13.8371
13.834
13.854
13.845
13.8469
13.8369
13.85
13.834
13.8621
13.8509
13.85
13.849
13.8452
13.855
13.8729
13.86
13.8459
13.8559
13.854
13.8638
13.8528
13.8309
13.8459
13.8531
13.8602
13.8481
13.86
13.8502
13.8531
13.8559
13.8509
13.86
13.844
13.8371
13.845
13.8559
13.8521
13.84
13.8562
13.8531
13.8452
13.8562
13.828
13.8381
13.835
13.8261
13.8659
13.859
13.8559
13.8409
13.8271
13.8421
13.855
13.8681
13.8421
13.8519
13.8452
13.8602
13.8409
13.8602
13.8531
13.855
13.849
13.8369
13.8378
13.8602
13.8581
13.8278
13.8659
13.8621
13.85
13.8609
13.8481
13.8481
13.8769
13.8369
13.845
13.849
13.8481
13.859
13.86
13.8531
13.849
13.8669
13.8531
13.8619
13.8428
13.849
13.8438
13.8502
13.8528
13.8471
13.8469
13.8412
13.8299
13.844
13.8469
13.8578
13.854
13.84
13.8569
13.8419
13.8621
13.8509
13.8478
13.865
13.8459
13.865
13.819
13.854
13.849
13.8741
13.8381
13.8521
13.8531
13.854
13.8459
13.8428
13.84
13.849
13.8631
13.8431
13.8478
13.864
13.8581
13.8271
13.8469
13.849
13.8512
13.84
13.844
13.8402
13.8409
13.8469
13.8631
13.8602
13.8559
13.8459
13.85
13.8509
13.8659
13.8409
13.8481
13.854
13.834
13.849
13.864
13.844
13.8619
13.8659
13.849
13.864
13.8428
13.844
13.8481
13.8538
13.8552
13.8502
13.8519
13.849
13.8409
13.855
13.8519
13.865
13.8431
13.8531
13.8571
13.8381
13.7019
13.844
13.8612
13.8528
13.8471
13.8581
13.85
13.86
13.8531
13.8488
13.834
13.854
13.8559
13.8619
13.8412
13.8631
13.8421
13.8481
13.8588
13.8409
13.8421
13.8409
13.8581
13.8509
13.8731
13.8621
13.834
13.8481
13.8359
13.8741
13.859
13.8512
13.845
13.8581
13.84
13.8609
13.8559
13.8719
13.859
13.8712
13.8559
13.8609
13.85
13.8571
13.8359
13.8581
13.8538
13.8631
13.8412
13.8402
13.86
13.8481
13.8509
13.8431
13.844
13.844
13.855
13.8311
13.864
13.855
13.8428
13.8631
13.8669
13.8469
13.8359
13.8459
13.8531
13.864
13.844
13.849
13.8562
13.8521
13.8662
13.8488
13.8431
13.8361
13.8528
13.8669
13.8199
13.8531
13.845
13.8531
13.834
13.8421
13.854
13.85
13.855
13.864
13.849
13.854
13.8519
13.8581
13.8569
13.845
13.8371
13.849
13.855
13.8361
13.855
13.8459
13.8481
13.8559
13.8431
13.86
13.849
13.8421
13.8621
13.8538
13.8659
13.86
13.85
13.8478
13.845
13.8581
13.839
13.864
13.8519
13.876
13.8569
13.854
13.8559
13.854
13.8421
13.855
13.8671
13.834
13.849
13.839
13.8559
13.86
13.8509
13.844
13.8538
13.8531
13.86
13.8729
13.8509
13.8559
13.8471
13.834
13.8459
13.865
13.8881
13.845
13.859
13.8521
13.8521
13.828
13.8569
13.8431
13.8531
13.8481
13.8352
13.8319
13.849
13.854
13.8559
13.85
13.8431
13.854
13.8319
13.8569
13.8531
13.8481
13.8409
13.845
13.859
13.84
13.8488
13.8419
13.8772
13.859
13.865
13.8512
13.8321
13.871
13.854
13.8841
13.87
13.8459
13.8481
13.855
13.839
13.8519
13.8531
13.849
13.8459
13.8552
13.8471
13.864
13.8581
13.8471
13.8619
13.8462
13.87
13.8369
13.8621
13.8531
13.8528
13.855
13.8419
13.849
13.8669
13.88
13.84
13.869
13.8412
13.849
13.8431
13.8409
13.8581
13.85
13.8571
13.86
13.8609
13.8471
13.84
13.859
13.845
13.855
13.84
13.86
13.8569
13.85
13.8409
13.8762
13.8359
13.8609
13.86
13.8609
13.8562
13.8478
13.859
13.84
13.8462
13.855
13.8671
13.85
13.845
13.8609
13.8481
13.8469
13.8419
13.844
13.845
13.849
13.855
13.8402
13.8581
13.8459
13.8462
13.8528
13.8638
13.8471
13.8538
13.854
13.845
13.8381
13.876
13.8419
13.8431
13.8452
13.8552
13.86
13.8271
13.8431
13.844
13.8481
13.8381
13.84
13.864
13.85
13.8509
13.8481
13.8481
13.8409
13.8502
13.8619
13.8459
13.8431
13.8459
13.8409
13.8459
13.85
13.8319
13.8619
13.8671
13.8619
13.835
13.849
13.8478
13.8509
13.8621
13.8462
13.8412
13.8512
13.8469
13.845
13.8381
13.869
13.8469
13.86
13.8559
13.8421
13.849
13.8471
13.8299
13.85
13.8559
13.844
13.849
13.845
13.86
13.8531
13.855
13.859
13.8559
13.844
13.869
13.8509
13.8509
13.84
13.855
13.8471
13.854
13.86
13.869
13.8378
13.84
13.8459
13.8469
13.845
13.85
13.8559
13.8521
13.8559
13.8462
13.8512
13.8481
13.8381
13.844
13.8431
13.8609
13.8378
13.8409
13.845
13.849
13.8459
13.8659
13.849
13.8519
13.8371
13.8521
13.87
13.8581
13.8319
13.835
13.8569
13.8502
13.8412
13.8569
13.8431
13.854
13.8469
13.8428
13.87
13.8619
13.8421
13.8481
13.854
13.8462
13.844
13.833
13.845
13.855
13.8609
13.8679
13.8459
13.8459
13.8621
13.8459
13.864
13.844
13.875
13.849
13.833
13.8371
13.8578
13.85
13.8521
13.8521
13.8609
13.849
13.854
13.8431
13.8452
13.8681
13.8478
13.855
13.8562
13.865
13.855
13.8512
13.849
13.8569
13.859
13.844
13.8481
13.8469
13.869
13.8659
13.8559
13.8559
13.834
13.8569
13.828
13.85
13.855
13.849
13.8469
13.85
13.859
13.8628
13.8419
13.8481
13.855
13.8512
13.859
13.8741
13.8559
13.86
13.8581
13.854
13.8428
13.844
13.8509
13.8559
13.854
13.855
13.869
13.86
13.8409
13.85
13.859
13.8521
13.87
13.8509
13.8578
13.8462
13.8371
13.854
13.8381
13.8528
13.8512
13.8571
13.8459
13.8421
13.844
13.8419
13.8509
13.8569
13.839
13.845
13.855
13.8528
13.864
13.854
13.8602
13.8459
13.849
13.8519
13.8402
13.8659
13.8519
13.845
13.871
13.844
13.829
13.829
13.875
13.8519
13.865
13.845
13.855
13.8621
13.8571
13.8412
13.8659
13.849
13.8459
13.8721
13.8609
13.8352
13.8688
13.8631
13.865
13.8571
13.85
13.8528
13.8421
13.8509
13.8559
13.8481
13.85
13.8621
13.864
13.845
13.854
13.8659
13.8562
13.87
13.8588
13.85
13.8531
13.8431
13.8731
13.855
13.8509
13.8619
13.8409
13.8741
13.8721
13.8469
13.8481
13.8628
13.8409
13.8669
13.8571
13.855
13.8369
13.859
13.859
13.8512
13.855
13.864
13.8669
13.839
13.834
13.8519
13.8419
13.8471
13.8521
13.8381
13.8512
13.8481
13.849
13.855
13.845
13.855
13.85
13.854
13.865
13.85
13.8521
13.8531
13.8521
13.8421
13.8381
13.833
13.8361
13.849
13.8528
13.8559
13.849
13.844
13.8569
13.8431
13.8538
13.8419
13.839
13.8481
13.8409
13.849
13.8569
13.8528
13.8419
13.8431
13.8419
13.8469
13.8361
13.845
13.8478
13.8602
13.85
13.8638
13.844
13.8628
13.8659
13.854
13.854
13.8371
13.845
13.8609
13.8521
13.8562
13.8521
13.839
13.8559
13.854
13.8562
13.8638
13.8521
13.8459
13.8309
13.849
13.8321
13.844
13.8569
13.8378
13.8562
13.8471
13.8538
13.844
13.8569
13.869
13.8459
13.8571
13.845
13.8462
13.845
13.855
13.865
13.8512
13.8581
13.8509
13.855
13.855
13.8509
13.8659
13.84
13.854
13.85
13.8628
13.85
13.8631
13.8681
13.8469
13.8431
13.8431
13.8578
13.844
13.8631
13.8521
13.8581
13.8671
13.8509
13.8421
13.865
13.8409
13.8509
13.844
13.8538
13.86
13.8531
13.8481
13.8519
13.865
13.8571
13.8471
13.849
13.84
13.8528
13.8409
13.8388
13.8512
13.8581
13.87
13.8772
13.8559
13.8469
13.8409
13.8628
13.8578
13.854
13.8371
13.8378
13.8688
13.87
13.8628
13.8481
13.844
13.8412
13.8481
13.8521
13.8519
13.855
13.8509
13.8528
13.8571
13.8519
13.8361
13.8609
13.8669
13.8488
13.8459
13.8512
13.8471
13.8531
13.8619
13.839
13.8569
13.8581
13.823
13.835
13.8628
13.86
13.8378
13.8409
13.833
13.8481
13.844
13.8528
13.85
13.8631
13.8521
13.8659
13.849
13.8509
13.8612
13.8571
13.8469
13.854
13.854
13.855
13.8521
13.8571
13.8679
13.8519
13.85
13.8559
13.8359
13.859
13.8569
13.84
13.8512
13.88
13.8538
13.8631
13.8371
13.8469
13.8412
13.8481
13.8268
13.8581
13.8519
13.87
13.8609
13.8519
13.85
13.8369
13.8571
13.8381
13.855
13.8402
13.85
13.8409
13.8538
13.865
13.8559
13.8562
13.845
13.8512
13.8361
13.8421
13.859
13.8671
13.8481
13.8481
13.8688
13.8552
13.8521
13.839
13.8438
13.849
13.844
13.8631
13.87
13.865
13.8512
13.86
13.8571
13.8381
13.8509
