19.047
15.9571
16.0542
16.006
16.12
16.078
16.0272
16.0229
15.996
16.0401
15.9519
16.047
16.0491
16.0291
15.9671
16.0182
16.0089
15.9321
15.9779
16.0301
15.964
15.934
16.1099
16.1951
16.0551
16.037
15.9509
16.0871
15.9991
16.185
16.047
16.0348
16.0711
16.1071
16.022
16.094
16.0131
16.0291
16.0499
16.0861
16.0758
16.0182
15.9349
15.9461
15.9731
16.083
16.0899
16.15
15.986
16.0799
16.0449
16.0351
16.0332
16.031
16.0389
16.0339
15.9822
16.048
16.083
16.0301
16.0682
15.9671
15.9781
16.063
16.1638
16.0279
16.1071
16.001
15.9681
16.0649
16.1281
16.0701
16.0792
16.0489
16.1159
16.109
15.9969
16.0098
15.965
16.0639
16.083
16.0251
15.9919
15.96
15.9791
16.1228
15.981
16.016
15.9781
15.9831
16.1061
15.969
16.0329
16.139
16.0191
16.0532
15.991
15.934
16.1161
16.083
15.99
16.041
16.1221
16.0019
16.031
16.0179
16.1579
16.0611
15.9609
16.0789
15.9948
16.0539
16.0229
16.0739
15.986
16.006
16.1052
16.114
16.1421
16.0429
16.005
16.001
16.0232
15.9969
15.996
16.0179
16.022
16.0151
15.9481
16.01
16.0289
16.0089
15.9481
15.9769
15.9681
16.0768
16.001
16.0491
16.01
15.9402
15.974
16.0489
16.027
16.063
16.0379
15.9652
16.0289
16.0482
16.1171
16.037
16.0201
15.9471
15.9709
16.109
15.991
16.0851
16.0091
15.9881
15.9881
16.1099
16.099
15.9891
16.0251
16.0019
16.031
16.0599
16.031
15.9619
16.0658
16.0699
16.0079
16.0332
15.9891
16.048
16.0592
16.0921
16.026
16.0129
15.9678
16.0911
16.037
15.9788
16.068
16.0279
16.0341
16.0091
15.9631
16.2151
16.0239
16.1018
16.108
16.0379
16.084
15.9919
16.0761
15.959
16.0291
16.012
16.15
15.9922
16.0589
16.0611
16.1901
16.052
16.0201
16.171
15.991
16.0079
15.9991
16.0649
16.0739
16.1581
16.046
16.13
15.9681
16.036
16.0289
16.052
16.0649
16.0029
16.0069
16.0661
16.0382
16.052
16.0661
15.929
16.0241
16.0651
15.9612
16.0971
16.0408
16.0589
16.0239
16.1438
16.1011
16.0441
16.083
16.0999
16.0229
16.0272
16.1169
15.9981
15.996
16.1021
15.9919
16.0711
15.9969
15.9781
16.0389
16.0651
16.067
15.9891
15.97
16.0811
15.9428
15.9969
15.9581
16.0351
16.0408
15.9929
15.981
15.929
16.0861
15.9431
16.0742
15.944
16.0849
16.0439
16.1099
16.0072
16.0551
15.986
16.027
16.0789
16.0282
15.9872
16.0379
15.949
16.0041
16.048
15.9929
15.9929
16.073
15.986
16.058
16.063
16.0761
16.109
15.939
15.9922
16.1271
16.0589
16.0191
16.0239
16.0148
15.9841
15.9941
16.052
16.084
15.9278
15.9209
16.0599
16.0789
16.012
16.1281
15.9619
16.0251
16.0749
15.9819
16.0439
15.9559
16.099
15.9822
16.032
15.9769
15.907
16.078
15.9669
16.135
16.027
16.1371
16.062
16.0189
15.9361
15.9669
15.985
16.0611
16.1171
15.9659
16.032
15.9819
16.0019
16.0122
16.1729
15.9891
16.088
16.1672
16.031
15.964
16.0649
16.0329
16.0401
16.1541
16.01
16.0789
15.9991
16.098
16.1111
16.005
16.0329
16.0022
16.0561
15.9938
16.1278
16.0649
15.974
16.0608
15.9609
15.9969
16.0441
16.0491
16
16.0542
16.077
16.0859
16.134
16.005
16.0561
16.1231
16.0081
16.0561
15.986
16.0861
15.9521
15.985
15.98
16.0551
16.0441
16.171
15.974
16.1178
16.053
16.072
15.964
16.0599
16.058
16.037
16.0191
15.9569
15.9831
16.0031
16.118
16.046
16.073
15.9991
15.9979
16.0971
15.9929
16.114
16.041
15.99
15.9791
16.1252
15.872
15.9481
16.021
16.0012
15.9791
15.938
15.928
16.0439
16.109
16.042
15.9681
16.0279
16.0501
16.0909
16.1059
16.0241
16.0911
16.0499
16.0291
16.0639
16.058
16.052
16.0201
16.144
16.067
16.1562
16.1049
16.0029
15.9559
15.964
16.0182
16.0351
15.9919
16.0201
15.965
16.1011
16.0379
15.949
16.1691
15.981
16.0739
16.202
15.959
16.0849
16.0501
16.0301
16.0229
16.0291
15.99
16.001
16.088
16.052
16.0091
16.0019
16.0038
16.026
16.0701
16.0701
16.093
16.1471
15.9769
16.0081
15.975
15.9922
16.0248
16.0501
16.0198
16.0789
16.0291
16.022
15.974
16.1731
15.9519
16.0758
16.0511
16.0789
15.9421
16.0329
15.9931
16.022
16.0298
16.0599
16.0711
16.063
16.058
16.0692
16.1059
15.9929
16.1071
16.155
15.9662
16.006
16.0298
16.0599
15.9919
15.9719
16.052
15.9688
16.041
16.0229
16.0429
16.0739
16.1359
15.991
16.0551
15.954
16.0661
16.0441
16.0069
15.9788
16.0279
16.0499
15.9929
16.01
16.094
16.041
15.996
15.9938
16.171
15.9791
16.022
16.1021
15.9659
16.0062
16.0611
16.0232
16.084
16.0589
16.0201
16.0282
15.9872
16.006
15.9149
16.068
16.1011
16.0711
16.0968
15.934
15.9838
15.9559
16.012
15.9791
16.0282
15.9881
15.9791
15.9872
16.0229
16.021
15.986
16.1211
16.0151
16.042
16.0081
16.099
16.0551
16.0339
15.9881
15.9371
16.0849
16.0551
15.9559
16.068
15.9588
16.0089
16.1109
16.012
16.0339
16.0658
15.9259
16.0091
16.0441
15.9671
16.0151
16.0911
16.052
15.974
16.046
16.0589
16.0899
16.062
16.077
16.0089
15.9731
16.062
16.0139
16.052
16.006
15.9922
16.0499
16.103
16.0141
16.1021
16.1111
16.0441
16.0601
15.9841
16.12
15.955
16.0139
16.0189
16.048
15.9919
16.0122
15.9781
16.0139
15.995
16.0501
15.996
16.125
16.0611
16.036
16.0429
16.0921
16.021
15.9769
16.021
15.9402
16.0911
16.113
16.0191
15.9998
15.919
16.0038
16.1119
16.0251
15.9631
16.0289
16.052
16.036
16.042
15.933
15.985
15.9929
15.9929
16.031
16.026
16.0069
16.0542
16.0241
16.149
15.975
16.1049
16.0258
15.975
16.0639
16.011
16.0048
15.9812
16.0151
15.976
16.114
15.9659
15.975
16.124
16.0248
15.9929
16.0589
16.027
15.98
16.0239
16.115
15.99
16.053
16.012
15.9512
15.9512
15.9941
16.0172
15.9891
16.0761
16.046
16.0279
16.042
15.9719
15.954
16.0739
15.974
15.9991
16.119
15.9709
16.0151
16.0251
16
16.0551
16.0151
16.0739
15.9431
16.0341
16.0332
15.969
16.062
16.0408
15.985
16.0019
16.0561
16.0899
16.046
16.031
15.9838
16.016
15.9981
16.1221
16.0439
16.0429
16.0258
16.0749
16.057
15.9709
15.9979
16.211
16.068
16.0971
16.021
16.0928
16.041
15.98
16.196
16.021
16.021
16.135
15.9631
16.0229
16.01
16.078
15.9938
15.99
16.0971
16
15.9669
16.0029
15.9669
16.0079
15.9609
15.9609
16.0911
16.1378
15.9881
16.041
15.9841
15.9531
15.986
15.9309
16.072
16.0511
16.0959
16.0429
16.077
16.0029
15.9972
16.016
15.9731
15.9788
15.959
16.026
15.976
16.0248
16.18
16.1178
16.006
15.9988
16.058
16.0301
16.0182
15.9559
15.9738
16.084
16.1221
16.078
16.0182
16.0499
15.991
16.0739
15.9738
16.0861
16.0341
16.006
16.1431
16.0229
15.964
16.089
15.964
15.96
16.1302
16.017
16.072
16.0952
15.9941
16.0542
16.0501
16.042
16.1328
16.031
16.052
16.13
16.005
16.1419
15.9779
15.95
16.0921
16.2029
15.985
16.017
16.0122
16.1419
16.1591
15.9931
16.14
16.0239
16.1109
16.0141
16.0191
15.9512
16.0408
16.0451
15.9719
15.95
16.032
15.9621
16.0329
16.098
16.0351
16.083
16.0551
16.098
16.1419
16.027
16.047
16.0599
16.1231
15.9979
16.0191
15.9419
16.0091
16.0601
16.0339
15.996
15.9891
15.9659
15.9819
16.0289
16.0429
16.0201
16.046
15.986
16.0429
16.052
16.0351
16.021
15.94
15.9788
16.0139
16.0692
15.9581
15.981
16.012
16.1171
16.0232
16.0761
16.0229
16.0351
16.041
15.9731
16.1052
15.985
15.9729
16.042
15.9581
16.031
15.97
15.9838
16.0871
16.067
15.9891
15.9972
16.026
15.945
16.0749
15.974
16.0332
15.9671
15.981
16.1021
16.1052
16.0351
16.0902
16.0282
16.1419
16.0398
15.959
16.057
16.134
16.01
16.0251
16.1381
16.027
15.923
15.96
16.113
15.9721
16.0179
16.0971
16.1111
16.073
16.072
16.0649
15.9461
16.0432
16.042
15.985
16.0339
15.9709
16.0768
16.0699
16.0201
16.191
15.934
15.9528
16.0749
16.0849
16.042
15.9328
16.0329
16.083
16.108
15.9659
16.0401
16.1152
15.9831
15.944
16.0449
16.1018
15.9762
16.0811
15.9619
16.113
15.897
16.0069
16.0198
16.0029
16.1099
15.9988
15.9469
16.0489
16.1271
15.9681
16.0599
16.1359
16.1479
16.016
16.0182
16.001
16.0482
15.9941
16.031
15.9819
16.1362
16.0739
16.0179
15.996
16.036
16.0341
16.0129
15.965
16.0639
16.0291
15.99
16.0348
16.01
16.027
16.012
16.058
15.9891
16.016
16.0761
16.0031
15.96
16.053
16.1371
15.9581
16.0329
16.099
16.109
15.9781
16.0501
15.9309
16.0561
16.073
16.0539
15.9261
16.0749
16.1459
15.981
15.9881
16.0201
16.1049
16.0089
16.017
