117.572
108.465
108.85
110.35
110.758
110.743
111.054
111.442
111.145
111.134
110.96
110.977
111.054
111.008
110.812
110.956
111.08
112.808
112.194
112.149
110.092
108.001
107.791
107.861
107.537
108.072
108.026
108.732
108.684
108.803
108.971
108.711
108.498
108.598
108.889
108.635
108.617
108.881
109.495
108.318
108.5
108.602
109.005
108.803
108.742
109.222
109.339
111.314
107.838
108.23
103.45
103.411
103.34
103.467
102.59
102.127
102.116
103.712
103.138
102.874
103.33
103.152
102.306
102.086
102.28
102.547
102.366
102.512
102.587
102.284
103.982
103.913
103.874
103.697
103.896
102.607
102.63
102.805
102.915
103.003
102.952
102.806
103.026
103.021
103.108
102.96
103.176
103.057
103.507
102.947
103.215
103.111
102.985
103.248
102.91
103.371
102.94
103.14
102.948
103.303
