116.764
79.0739
84.9931
79.3581
84.332
79.855
79.972
81.826
84.0011
80.075
80.3061
80.3931
81.8989
85.861
80.3401
85.855
82.7971
81.9709
85.392
82.751
80.5449
83.0278
83.369
80.7538
80.6088
85.124
85.8271
81.13
85.449
84.2829
80.7552
83.0731
85.8819
81.717
85.2759
86.426
85.4611
85.324
79.7589
83.6589
82.6941
85.8431
80.1499
85.516
82.5639
83.0491
82.922
81.481
84.667
86.1728
85.897
84.2729
82.1779
86.1678
84.1179
84.3699
80.6689
83.055
80.8749
83.035
83.436
83.226
85.3062
82.9871
86.1831
83.317
82.474
85.8059
85.8409
86.237
85.2439
80.3921
85.001
86.2579
84.219
82.628
85.5119
86.2281
81.176
85.5021
82.103
85.438
82.7911
85.886
85.0811
85.4352
80.833
85.983
81.7251
82.9961
80.646
82.7951
83.154
83.169
80.8849
85.8891
85.9389
85.2401
80.622
80.4539
