11.2939
11.0209
11.0002
11.0202
11.0099
11.004
11.0149
11.0202
11.0178
11.0121
11.03
11.023
11.0111
11.0149
11.0099
11.0352
11.0161
11.0011
11.0059
10.9968
10.998
11.0211
11.0018
11.0099
11.0018
11.025
11.0102
11.029
11.0211
11.0271
11.0121
11.034
11.0281
10.9971
11.019
11.0209
11.0078
11.0071
11.0159
11.025
11.034
11.0538
10.998
11.018
11.003
11.0152
11.035
10.994
11.019
11.04
11.0362
11.0059
11.0271
10.988
10.9849
11.0409
11.0161
11.0099
10.9842
11.008
11.013
11.009
11.0149
11.018
11.0199
11.024
11.0252
11.0099
11.018
11.0281
11.0121
11.0059
11.0381
11.0109
11.009
11.0099
11.0281
10.998
11.035
11.0071
11.003
11.0309
11.024
11.0111
11.0261
11.0171
11.0378
11.0099
11.0281
11.0049
11.0171
11.0092
11.0049
11.009
11.0099
11.0302
10.999
11.014
11.0359
11.018
11.014
11.0469
11.034
11.029
11.0371
11.018
11.0359
11.0269
11.049
11.034
11.0052
11.0302
10.983
11.008
11.025
11.0321
11.0409
10.9918
10.9999
11.0049
11.0319
11.0481
11.019
11.024
11.024
11.0061
11.0209
11.029
11.0559
11.0219
11.025
11.0161
11.0102
11.003
11.013
11.0149
11.018
11.0269
11.0059
11.024
11.0321
10.994
11.018
11.029
11.0071
11.0068
11.029
11.0102
11.0388
11.0209
11.0209
10.999
11.003
11.024
11.0211
11.024
11.0319
11.019
11.025
11.045
11.0228
11.04
11.03
11.0321
11.0078
11.0221
11.0011
10.988
11.0049
11.0281
11.0309
11.04
10.9961
11.0209
11.0309
11.0061
11.023
11.0021
11.024
11.0199
10.9909
10.9999
11.0018
11.0202
11.035
11.0469
10.987
11.024
11.008
11.0199
11.0052
11.008
11.023
11.0281
11.0149
11.0121
11.0211
11.0052
10.993
10.998
11.0099
11.0118
11.008
11.019
11.024
11.035
11.029
11.014
11.0049
11.0219
11.0221
10.993
11.0221
11.0121
11.0149
11.0428
10.999
11.019
11.035
11.029
11.061
11.0359
11.0419
11.0221
11.0071
11.0221
11.0011
11.003
11.0021
11.029
11.014
11.0531
11.0111
11.0118
11.0061
10.9851
11.0111
11.009
10.998
11.0209
11.018
11.0362
11.0149
11.025
11.0219
10.9999
11.023
11.0118
11.0099
11.0202
11.025
11.0259
11.0199
11.0271
11.0171
11.0011
11.013
11.0271
11.0078
11.0199
10.999
11.0209
11.0071
11.0328
11.0221
11.0271
11.023
11.014
11.0111
11.0192
11.0259
10.994
11.0121
10.9951
11.0109
11.008
11.023
11.0149
11.0049
11.009
11.0331
11.0261
11.023
11.0352
11.025
11.004
11.009
10.9999
10.9961
11.0071
11.025
11.009
11.0199
11.009
10.9951
11.025
11.0312
11.004
11.0321
11.0352
11.0142
11.0099
11.0068
11.013
11.024
10.9951
11.0099
11.019
10.988
11.0068
11.0319
11.013
11.0519
11.0159
11.0281
11.034
10.999
11.009
11.025
11.0118
11.013
11.0168
11.023
11.008
11.0011
10.9992
11.0061
11.013
10.994
10.9992
11.0531
11.0221
11.0371
11.0121
11.0159
11.0118
11.014
11.003
11.0159
11.013
11.0102
11.024
11.019
11.0121
11.0209
11.0049
11.0288
11.0171
11.0421
11.044
11.0121
11.0431
11.009
11.003
11.0099
11.013
10.9992
11.035
11.0359
11.0121
11.0281
11.024
11.0259
11.025
10.9949
10.983
11.039
11.0469
11.0362
11.0049
11.025
11.023
11.004
11.0021
11.018
11.0021
11.023
11.0259
11.0178
11.0381
11.024
11.0309
11.0071
11.0168
11.0149
11.0271
11.0199
11.025
11.0271
11.0121
11.0171
11.029
11.008
10.9921
11.05
11.0068
11.0259
11.04
11.004
11.0102
11.0111
11.0331
11.003
11.03
11.025
10.9992
11.0149
11.0121
11.0042
11.0128
11.0309
11.024
11.0061
10.999
10.9959
11.0121
11.018
11.0462
11.0149
11.0152
11.0111
11.013
11.008
11.0161
11.0168
11.013
11.0078
10.998
11.0309
10.988
11.0121
11.0269
11.0221
11.014
10.9859
11.0481
11.0111
11.0109
11.0178
11.0049
11.0168
11.0412
11.0331
11.0369
11.0321
11.013
11.0121
11.0159
11.0199
11.009
11.025
11.0111
11.03
11.0059
11.034
11.0431
11.0021
11.0211
11.0369
11.0118
11.014
11.0049
11.0381
11.0168
11.0481
10.9999
11.024
11.0221
11.0149
11.0281
11.0121
11.024
11.029
11.0302
11.019
10.9859
11.009
11.018
11.0052
11.0261
11.023
11.03
11.014
11.03
11.035
11.0021
11.014
11.0331
11.0619
11.0159
11.0149
10.989
11.0259
11.0099
11.0221
11.0102
11.0171
10.988
11.0099
11.008
11.0221
11.0202
11.0102
11.0099
11.008
10.999
11.025
11.029
10.9961
11.0669
11.0168
11.0068
11.0481
11.0018
10.9861
11.0092
11.0209
11.0149
11.009
10.9961
11.013
11.025
11.013
10.9899
10.9899
11.0319
11.0259
11.0269
11.0209
11.0159
11.0452
11.0161
11.014
11.0209
11.0199
10.999
11.0281
11.009
11.0128
11.0199
11.0071
11.0061
11.0371
11.003
11.0459
11.0071
11.023
11.004
11.0462
11.03
11.024
11.0309
11.039
11.0281
11.0209
11.0209
11.0199
11.0219
11.0111
11.035
11.0099
11.0028
11.0109
11.0381
11.0321
10.9999
11.0271
11.0149
11.0331
11.009
11.014
11.009
11.0059
11.0219
11.0159
10.993
11.0102
11.0221
11.0071
11.0211
11.008
11.039
11.0092
11.013
11.0149
11.0321
11.044
11.0619
11.023
11.0168
11.0061
11.035
11.025
11.0412
11.0061
11.0099
11.0159
11.044
11.0161
11.0281
10.9818
11.0171
10.998
11.0252
11.0021
11.029
10.9959
11.0519
11.0002
11.0061
11.003
11.019
11.066
11.0121
11.008
11.0481
11.0471
11.0149
11.065
11.03
11.014
11.008
11.0261
11.0149
11.0428
11.009
11.0319
11.035
11.0359
11.0369
11.0199
11.0118
11.0121
11.004
11.0109
11.009
10.993
11.0099
11.0149
11.019
11.06
10.9961
11.018
11.0149
11.0531
11.0581
11.0219
11.03
11.029
11.024
11.049
11.0099
11.009
11.025
11.0102
11.0221
11.0152
11.0061
10.9951
11.025
11.0199
11.0381
11.019
10.998
11.0159
11.05
11.0369
11.023
11.008
11.0102
11.0381
11.0099
11.019
11.0271
11.0261
10.993
11.0199
11.0159
11.0061
11.04
11.018
11.0309
11.0509
10.9949
11.0168
11.034
11.0099
11.0068
11.008
11.0118
11.0111
11.034
10.999
11.0171
11.03
11.023
10.999
11.009
11.05
11.0221
11.008
11.009
11.0002
11.025
11.0049
11.0121
11.0021
11.009
11.014
11.014
11.0099
11.0071
11.035
11.034
11.025
11.004
11.0359
11.003
11.0059
11.039
11.0192
11.0228
11.0209
11.0159
11.0161
11.018
11.0381
10.9999
11.0071
11.0121
11.0052
11.03
11.004
11.0171
11.0149
11.0309
11.045
11.003
11.0509
11.0121
11.0352
10.9971
11.0312
11.0099
11.018
11.0109
11.0309
11.0149
10.994
10.9959
11.0168
11.0359
11.008
11.03
11.0068
11.008
11.0118
11.0099
11.0152
11.014
11.0021
11.0259
11.0049
11.0059
11.0049
11.019
11.0002
11.008
11.0211
11.0102
11.0199
11.025
11.0409
10.994
11.019
11.025
11.0221
11.0288
11.0049
11.0149
11.0221
11.0431
11.0102
11.0121
11.065
11.0199
11.0099
10.9999
10.998
11.0312
11.008
11.014
11.009
11.0149
11.0071
11.0159
11.018
11.0071
11.03
11.029
11.0168
11.0219
11.013
10.998
11.018
11.0171
11.0149
11.035
11.029
11.004
11.059
11.0219
11.0168
11.0309
11.018
11.0261
11.0121
11.0049
11.0259
11.0109
11.014
11.0369
11.0049
11.019
11.024
11.023
11.003
11.019
11.0109
11.009
11.0168
11.0168
11.0059
11.008
11.024
11.018
11.029
11.014
11.029
11.0099
11.023
11.004
11.04
11.06
10.989
11.0199
11.0171
11.008
11.014
11.014
11.0281
11.0109
11.029
11.054
11.0121
11.009
10.9949
11.0099
11.024
11.008
10.989
11.0199
11.0121
11.004
11.0102
11.0099
11.0168
11.023
11.0059
11.0121
10.9959
11.0278
11.039
11.0319
11.003
11.0021
11.0459
11.0159
11.035
11.0278
11.0259
11.0221
10.9949
11.0199
11.0259
11.0381
11.0211
11.034
11.0121
11.059
11.035
11.05
11.024
11.0049
11.023
11.023
11.0178
11.0049
10.994
11.003
11.014
11.0099
11.03
11.0359
11.0309
11.0281
11.0059
11.0312
11.008
11.009
11.04
11.0161
11.0099
11.014
11.0161
11.0002
11.0362
11.023
11.013
11.0259
11.008
10.978
11.014
11.004
11.0109
11.0209
11.003
11.003
10.9999
11.0469
11.019
11.0259
11.0331
11.0178
11.0071
11.034
11.0152
11.0071
11.009
11.018
11.039
11.018
11.0271
10.9999
11.0362
11.013
10.998
11.024
11.0171
11.0211
11.0109
11.0331
11.0121
11.055
11.0111
11.009
11.035
11.018
11.008
11.0312
11.019
11.0111
11.04
11.0002
11.0261
11.0161
11.0269
11.034
11.0281
11.0259
11.0009
11.0159
11.019
11.0471
11.003
11.0121
11.0269
11.0331
11.0149
11.004
11.0018
11.0111
11.013
11.024
11.009
11.004
11.0121
11.0109
11.0099
11.014
11.019
11.0109
11.03
11.024
10.9918
11.025
11.019
11.0259
10.998
11.004
