4.84204
3.38387
3.38411
3.38912
3.371
3.38411
3.39293
3.38507
3.3989
3.38793
3.38984
3.38507
3.38697
3.38697
3.39293
3.38793
3.38602
3.371
3.38697
3.38101
3.38006
3.39198
3.38411
3.38411
3.39007
3.39484
3.37982
3.39198
3.38411
3.37815
3.38411
3.37887
3.38697
3.38101
3.38793
3.37696
3.39699
3.39508
3.37815
3.38316
3.38697
3.37696
3.37291
3.38602
3.3989
3.39603
3.38602
3.39007
3.37696
3.39198
3.39103
3.37887
3.38602
3.39317
3.37911
3.39317
3.39103
3.37386
3.39079
3.38507
3.38602
3.38697
3.37815
3.41296
3.39198
3.38006
3.38197
3.37982
3.38602
3.39508
3.38292
3.37911
3.38197
3.38817
3.38912
3.38697
3.39198
3.37887
3.38793
3.38101
3.39103
3.38483
3.40104
3.38221
3.38101
3.38387
3.38602
3.38316
3.38912
3.37815
3.38411
3.40295
3.37195
3.37696
3.38006
3.39603
3.39007
3.37696
3.38101
3.37696
3.39699
3.38197
3.38507
3.39508
3.37601
3.38697
3.39103
3.37505
3.38411
3.39603
3.37982
3.38101
3.38602
3.39198
3.37791
3.38483
3.39293
3.38387
3.38101
3.37815
3.38912
3.39293
3.37911
3.37911
3.38316
3.38912
3.37911
3.38411
3.38101
3.38793
3.38006
3.38316
3.38197
3.38697
3.39007
3.37696
3.39389
3.38888
3.39198
3.39603
3.38912
3.38197
3.38602
3.407
3.39794
3.38292
3.38221
3.39103
3.38221
3.37601
3.39103
3.38411
3.38984
3.37601
3.37791
3.38817
3.3772
3.39103
3.37505
3.38006
3.38602
3.38411
3.37315
3.39413
3.39603
3.37887
3.38697
3.37815
3.39198
3.3772
3.38912
3.38316
3.39103
3.39317
3.38006
3.38387
3.37505
3.37195
3.37815
3.38602
3.39794
3.39293
3.38578
3.3679
3.38316
3.39699
3.37481
3.39007
3.38912
3.39508
3.38483
3.38793
3.37696
3.38101
3.38411
3.38507
3.38507
3.37386
3.37601
3.38411
3.38507
3.39293
3.38888
3.39484
3.37601
3.37505
3.39103
3.38697
3.3989
3.38101
3.37601
3.38006
3.39198
3.39484
3.38292
3.38101
3.39913
3.39794
3.38411
3.3772
3.38817
3.39413
3.38197
3.37696
3.38817
3.37601
3.38793
3.38697
3.38793
3.40104
3.39699
3.39413
3.37505
3.38292
3.38316
3.38602
3.38912
3.38006
3.38316
3.38793
3.38101
3.3741
3.38697
3.38006
3.39317
3.38602
3.40509
3.38697
3.39413
3.39007
3.37791
3.38101
3.38101
3.38507
3.37887
3.38006
3.40414
3.39317
3.38101
3.38697
3.38793
3.38602
3.39293
3.38793
3.38602
3.37911
3.38197
3.3679
3.38793
3.38793
3.38984
3.38006
3.37911
3.38292
3.38292
3.38292
3.39508
3.39484
3.38602
3.39794
3.3679
3.38197
8.65793
3.40891
3.37601
3.3772
3.3741
3.38817
3.38197
3.38197
3.38316
3.39007
3.38602
3.37815
3.37911
3.39007
3.38101
3.37791
3.39603
3.37505
3.38602
3.38602
3.39484
3.38101
3.39103
3.39389
3.37982
3.37291
3.38602
3.40509
3.38697
3.38483
3.39103
3.37577
3.37291
3.40199
3.38602
3.37601
3.38006
3.37291
3.40104
3.38411
3.39603
3.39293
3.39818
3.38912
3.38101
3.37887
3.38507
3.38292
3.37696
3.38984
3.38602
3.38101
3.38411
3.38817
3.39794
3.36885
3.38006
3.38197
3.39699
3.37791
3.39103
3.38292
3.38793
3.37887
3.38387
3.38411
3.38888
3.371
3.38197
3.39007
3.37195
3.38697
3.38221
3.38793
3.38292
3.37696
3.39389
3.38697
3.39007
3.38888
3.38483
3.38888
3.38888
3.38602
3.3958
3.37791
3.39603
3.38411
3.38602
3.38793
3.38697
3.38197
3.38006
3.37315
3.38817
3.39317
3.38793
3.38197
3.38197
3.38197
3.38888
3.39603
3.38888
3.38888
3.38292
3.37791
3.38197
3.38888
3.37982
3.38101
3.37815
3.38507
3.38316
3.37911
3.38411
3.38411
3.38197
3.38411
3.38411
3.39508
3.37315
3.38912
3.37911
3.38507
3.38197
3.38507
3.38697
3.39603
3.38101
3.3741
3.38984
3.38006
3.38888
3.37505
3.38292
3.38697
3.38984
3.39699
3.37315
3.39007
3.39293
3.37815
3.39603
3.37815
3.37696
3.37887
3.39985
3.38197
3.37601
3.38912
3.39603
3.38697
3.37696
3.37505
3.38387
3.38888
3.39007
3.39103
3.38197
3.38912
3.39508
3.38316
3.37696
3.38101
3.38387
3.39007
3.39293
3.38411
3.37601
3.38984
3.39603
3.40199
3.37601
3.38984
3.38197
3.39389
3.38101
3.38197
3.38387
3.38793
3.39603
3.39317
3.39198
3.38984
3.38101
3.37911
3.37505
3.38101
3.39794
3.38411
3.39007
3.38507
3.40986
3.38197
3.38507
3.38006
3.38387
3.36695
3.38292
3.38411
3.37601
3.39603
3.37982
3.39389
3.37195
3.37791
3.38316
3.38316
3.37005
3.38888
3.38197
3.38912
3.38912
3.3741
3.38411
3.38197
3.37815
3.38316
3.38793
3.39389
3.38197
3.38197
3.38101
3.39198
3.39508
3.37887
3.39293
3.38316
3.38006
3.38602
3.38292
3.38387
3.39103
3.39103
3.39293
3.39603
3.38602
3.38197
3.38101
3.37911
3.39103
3.39603
3.37195
3.38292
3.39198
3.3772
3.38817
3.39103
3.38101
3.38101
3.38078
3.37791
3.38697
3.39794
3.38697
3.38006
3.38387
3.37887
3.37291
3.37601
3.38101
3.39508
3.38984
3.38411
3.38101
3.39794
3.38697
3.39007
3.38697
3.38697
3.38483
3.37911
3.37505
3.38006
3.37887
3.38101
3.39699
3.40009
3.37601
3.38697
3.39699
3.38697
3.37791
3.37696
3.39007
3.39484
3.37505
3.37815
3.37911
3.37291
3.38292
3.40009
3.38101
3.38292
3.37696
3.38197
3.38197
3.37982
3.3989
3.37982
3.39103
7.38811
3.40199
3.38912
3.38221
3.38197
3.37911
3.38316
3.37601
3.38078
3.38602
3.38697
3.39508
3.37601
3.40104
3.37505
3.38697
3.39293
3.37696
3.39413
3.38602
3.37887
3.38197
3.38292
3.38817
3.38411
3.40104
3.38602
3.38793
3.38793
3.38984
3.38387
3.37911
3.38912
3.39317
3.39293
3.39293
3.37195
3.39413
3.39699
3.38602
3.39508
3.38912
3.39007
3.38387
3.38888
3.38101
3.39413
3.38912
3.38602
3.38101
3.39103
3.38006
3.39293
3.38197
3.38387
3.38602
3.38411
3.37601
3.38507
3.39198
3.38984
3.39007
3.38602
3.38006
3.39818
3.38006
3.37911
3.38197
3.39198
3.38483
3.37291
3.38101
3.38078
3.37696
3.38387
3.38006
3.37696
3.38101
3.38411
3.38817
3.407
3.40509
3.38984
3.37791
3.38697
3.38483
3.39603
3.38793
3.38697
3.39413
3.38507
3.37219
3.38507
3.38197
3.37815
3.39317
3.38411
3.38197
3.38197
3.39699
3.38793
3.38507
3.38387
3.37601
3.38197
3.39293
3.38483
3.40009
3.38006
3.39007
3.37982
3.39603
3.37911
3.38483
3.40891
3.38197
3.36695
3.37291
3.38006
3.40104
3.37601
3.38411
3.38912
3.38602
3.39103
3.37601
3.38101
3.38578
3.37696
3.37291
3.37481
3.38507
3.39699
3.39007
3.37696
3.36909
3.38602
3.37791
3.38507
3.37815
3.37887
3.38793
3.37696
3.39413
3.38197
3.39103
3.37577
3.39007
3.38507
3.38888
3.37696
3.38817
3.3741
3.38387
3.38793
3.39389
3.38387
3.38197
3.38411
3.38078
3.38411
3.37601
3.38793
3.39985
3.39007
3.37505
3.37911
3.37696
3.37696
3.38101
3.38483
3.38697
3.39508
3.37887
3.38602
3.39723
3.37911
3.40104
3.37911
3.3741
3.3958
3.37601
3.38483
3.39198
3.38888
3.38507
3.38316
3.37601
3.39007
3.37696
3.39103
3.38197
3.38984
3.38984
3.38817
3.38292
3.40104
3.38888
3.37887
3.38888
3.38602
3.37505
3.38507
3.37505
3.38697
3.39103
3.38292
3.38793
3.38316
3.39103
3.38697
3.37911
3.38411
3.37911
3.39103
3.3989
3.38793
3.371
3.39103
3.38602
3.38793
3.37481
3.39293
3.37791
3.37791
3.38602
3.37887
3.37791
3.37815
3.38817
3.39103
3.39103
3.39293
3.38411
3.38101
3.3741
3.37791
3.38697
3.38912
3.39103
3.37887
3.38793
3.39198
3.371
3.38101
3.39198
3.38697
3.39198
3.38817
3.38101
3.38793
3.37887
3.38292
3.40986
3.38888
3.37887
3.38578
3.38101
3.40414
3.38316
3.38197
3.38292
3.38507
3.39198
3.40199
3.39389
3.38197
3.38316
3.37911
3.37911
3.38101
3.371
3.38292
3.38912
3.38101
3.40199
3.3741
3.39103
3.4039
3.39484
3.40104
3.38912
3.38602
3.37982
3.38006
3.38697
3.38197
3.39293
3.39818
3.39818
3.37505
3.38888
3.38387
3.38292
3.38793
3.37887
3.38793
3.38912
3.37481
3.39699
3.38817
7.2329
3.41296
3.37791
3.38078
3.39603
3.38697
3.37601
3.38602
3.38197
3.38483
3.38912
3.38912
3.38006
3.38387
3.39007
3.39913
3.38793
3.37481
3.39007
3.37911
3.39413
3.38197
3.39508
3.39293
3.39007
3.38793
3.37696
3.37887
3.38411
3.37481
3.37911
3.37791
3.38602
3.40509
3.38483
3.38101
3.38602
3.37791
3.37887
3.38292
3.38101
3.3741
3.37601
3.3989
3.37982
3.37791
3.38697
3.3772
3.40199
3.38507
3.39317
3.38793
3.38006
3.38507
3.37982
3.38006
3.38006
3.38912
3.38411
3.37291
3.38697
3.38602
3.38888
3.38793
3.37887
3.38387
3.37601
3.38101
3.40104
3.39508
3.38006
3.38984
3.38387
3.37887
3.39103
3.37696
3.38602
3.39103
3.37911
3.38912
3.38006
3.3958
3.38197
3.38292
3.38411
3.38101
3.37911
3.37505
3.38101
3.3741
3.40414
3.38197
3.37791
3.39293
3.38697
3.37505
3.38602
3.38101
3.39317
3.38817
3.38817
3.40509
3.39317
3.38793
3.39603
3.3741
3.38507
3.37791
3.38387
3.38507
3.38888
3.38197
3.38793
3.38483
3.39007
3.38507
