10.6499
7.22504
7.01904
7.02381
7.02286
7.03192
7.03406
7.03311
7.03502
7.03001
7.03716
7.03001
7.03311
7.03692
7.03192
7.03812
7.03502
7.02906
7.03692
7.03597
7.04098
7.04002
7.03597
7.03502
7.03502
7.03287
7.03001
7.03287
7.03311
7.03716
7.03311
7.03502
7.03406
7.03096
7.03907
7.03812
7.03287
7.03597
7.03406
7.03478
7.03812
7.02906
7.02906
7.03406
7.03597
7.03216
7.03478
7.02906
7.02906
7.03216
7.03287
7.03311
7.0281
7.03192
7.03406
7.03216
7.0281
7.03287
7.03096
7.03096
7.03096
7.03311
7.03001
7.02906
7.03311
7.03001
7.03192
7.03502
7.03692
7.0312
7.03001
7.02906
7.02906
7.04694
7.0281
7.02882
7.03096
7.02906
7.03192
7.03406
7.04002
7.03502
7.03192
7.03192
7.03216
7.04217
7.03788
7.03692
7.03096
7.03907
7.02715
7.03216
7.03216
7.03192
7.03406
7.02786
7.02906
7.02691
7.0281
7.02977
7.02906
7.03311
7.0281
7.03597
7.03096
7.02691
7.03192
7.02715
7.03096
7.03096
7.03192
7.03001
7.03001
7.04098
7.03597
7.03287
7.02906
7.03287
7.03597
7.03597
7.03406
7.03692
7.03096
7.03311
7.03716
7.02906
7.03001
7.03192
7.03192
7.03502
7.03907
7.04002
7.03216
7.03001
7.0312
7.03812
7.04098
7.03192
7.02906
7.03216
7.04217
7.02977
7.03311
7.03287
7.03096
7.02691
7.04312
7.02691
7.03001
7.03311
7.03502
7.03096
7.03382
7.03692
7.03502
7.03597
7.03287
7.04217
7.03192
7.0281
7.04122
7.03096
7.0281
7.03192
7.03001
7.03096
7.03001
7.02596
7.03716
7.03001
7.03192
7.02596
7.02596
7.03478
7.02906
7.03502
7.02786
7.03216
7.02906
7.03692
7.03502
7.03096
7.03406
7.03001
7.03311
7.03192
7.03287
7.0312
7.02906
7.03406
7.02906
7.02906
7.03788
7.0281
7.03001
7.03096
7.03311
7.03287
7.03406
7.02786
7.03311
7.03311
7.03502
7.03287
7.03192
7.03216
7.03382
7.03597
7.04288
7.03716
7.03096
7.03096
7.03406
7.025
7.03382
7.02596
7.03192
7.02596
7.0281
7.02786
7.025
7.03406
7.03311
7.02906
7.04098
7.03406
7.03502
7.03001
7.03001
7.02691
7.03001
7.03311
7.02882
7.03502
7.03001
7.03096
7.02882
7.0281
7.02977
7.0281
7.03692
7.02906
7.03406
7.03096
7.02786
7.03216
7.03216
7.03502
7.02715
7.03096
7.03001
7.03311
7.04408
7.04288
7.025
7.02906
7.02786
7.02405
7.02596
7.03192
7.03311
7.02977
7.04122
7.0281
7.02691
7.02786
7.02596
7.025
7.02906
7.0262
7.03096
7.02691
7.03096
7.02882
7.03096
7.03001
7.025
7.03096
7.0231
7.02786
7.02715
7.02691
7.03001
7.02691
7.03788
7.02405
7.0219
7.02715
7.02286
7.02691
7.03096
7.03216
7.03001
7.03096
7.03311
7.03096
7.0281
7.02906
7.03478
7.0281
7.03096
7.02906
7.03096
7.03382
7.02715
7.02906
7.03096
7.02405
7.03001
7.03406
7.03096
7.02405
7.02786
7.02786
7.03216
7.02691
7.04503
7.0281
7.03096
7.03502
7.02405
7.02
7.02906
7.02906
7.03216
7.02596
7.03216
7.03883
7.03096
7.03001
7.02786
7.04312
7.02882
7.03192
7.02715
7.04217
7.02596
7.02786
7.03096
7.02906
7.03597
7.03788
7.03287
7.03311
7.03001
7.02882
7.03001
7.0281
7.02906
7.03192
7.02691
7.02906
7.02882
7.02715
7.025
7.02906
7.03216
7.03192
7.03502
7.03096
7.03478
7.02906
7.02691
7.0231
7.02691
7.04193
7.03001
7.03382
7.02906
7.03192
7.02786
7.03716
7.03216
7.03001
7.03216
7.02882
7.03716
7.0312
7.03001
7.03406
7.04098
7.03096
7.02596
7.02906
7.02906
7.03001
7.02882
7.02405
7.02715
7.02596
7.02882
7.0281
7.03406
7.03001
7.02906
7.025
7.0262
7.03907
7.03001
7.0281
7.025
7.0281
7.02596
7.03287
7.02691
7.03096
7.03311
7.03001
7.03096
7.02715
7.03001
7.025
7.02906
7.03001
7.03096
7.02596
7.025
7.03192
7.0281
7.025
7.02477
7.02405
7.02786
7.02596
7.03502
7.025
7.02906
7.02977
7.0262
7.02715
7.02882
7.01904
7.02
7.03096
7.02381
7.02715
7.025
7.03192
7.0231
7.0219
7.02596
7.025
7.02477
7.025
7.02405
7.025
7.025
7.02286
7.02405
7.03382
7.0231
7.02405
7.0281
7.03096
7.02715
7.03287
7.0281
7.02906
7.03311
7.02882
7.0281
7.0231
7.03096
7.03597
7.03192
7.02405
7.025
7.02882
7.0312
7.02786
7.02691
7.025
7.02691
7.03716
7.0312
7.0312
7.0281
7.02596
7.03096
7.02691
7.03287
7.02906
7.02691
7.02786
7.02715
7.0262
7.02596
7.03001
7.03502
7.025
7.02786
7.03788
7.02906
7.03096
7.025
7.03311
7.02786
7.02691
7.03001
7.02596
7.02691
7.02882
7.02715
7.025
7.03192
7.03001
7.02596
7.02906
7.02786
7.03096
7.02906
7.02405
7.02596
7.03311
7.02882
7.02596
7.03001
7.025
7.02405
7.025
7.02786
7.02906
7.02596
7.02786
7.02596
7.03001
7.02906
7.03382
7.03406
7.02906
7.03096
7.02405
7.03692
7.02906
7.02786
7.02906
7.02786
7.0281
7.03192
7.04098
7.03406
7.02715
7.025
7.02405
7.02786
7.02715
7.0281
7.02596
7.02786
7.0281
7.0281
7.02786
7.02906
7.03597
7.03382
7.03311
7.02691
7.0281
7.03001
7.04312
7.02906
7.03001
7.03001
7.03287
7.02906
7.02405
7.03692
7.02596
7.03716
7.02596
7.02786
7.02906
7.02786
7.02691
7.025
7.02786
7.03692
7.0281
7.02786
7.02906
7.02405
7.0262
7.0312
7.03096
7.03812
7.03192
7.02596
7.02786
7.03216
7.0262
7.03406
7.02691
7.02906
7.04885
7.025
7.02906
7.02381
7.0281
7.02095
7.02786
7.02596
7.02596
7.03192
7.0281
7.03001
7.0312
7.02405
7.02906
7.02786
7.03096
7.03096
7.04694
7.03001
7.02381
7.03096
7.03812
7.02596
7.02882
7.03406
7.02786
7.03001
7.0231
7.03597
7.02715
7.03096
7.02596
7.02906
7.02405
7.025
7.03406
7.02691
7.03287
7.0231
7.03192
7.03216
7.02786
7.0281
7.02906
7.02596
7.02906
7.02405
7.02715
7.03192
7.02786
7.02405
7.02715
7.0281
7.02596
7.0219
7.0231
7.0262
7.0281
7.02691
7.02906
7.04384
7.02405
7.02286
7.02405
7.02405
7.02786
7.0281
7.02596
7.02691
7.02691
7.03001
7.02906
7.03001
7.0281
7.03692
7.02596
7.03192
7.02596
7.02691
7.02214
7.025
7.02596
7.02715
7.0281
7.02786
7.02214
7.02906
7.02906
7.02715
7.03096
7.02786
7.03001
7.02906
7.02596
7.025
7.025
7.02906
7.03096
7.02786
7.02596
7.03907
7.03287
7.03001
7.02906
7.02691
7.03001
7.02882
7.03502
7.025
7.04598
7.03001
7.02691
7.03096
7.02095
7.02405
7.0281
7.02596
7.02906
7.02596
7.03096
7.02596
7.03788
7.0219
7.02405
7.025
7.02286
7.025
7.025
7.025
7.0219
7.0219
7.0281
7.02786
7.025
7.01904
7.025
7.03096
7.0281
7.025
7.02405
7.025
7.02691
7.02405
7.03096
7.02786
7.02906
7.03096
7.03382
7.02596
7.025
7.0281
7.02882
7.02691
7.0231
7.02596
7.02405
7.03001
7.02715
7.02882
7.02691
7.025
7.02715
7.02906
7.025
7.03382
7.0281
7.025
7.02882
7.02715
7.03096
7.0281
7.02906
7.02596
7.02596
7.0281
7.03692
7.02405
7.02786
7.03192
7.02596
7.025
7.03192
7.02786
7.02691
7.0262
7.03621
7.02906
7.03001
7.02214
7.03192
7.025
7.0219
7.02786
7.03001
7.025
7.03192
7.02906
7.02214
7.03096
7.02381
7.0231
7.03096
7.02882
7.025
7.0281
7.03502
7.025
7.0231
7.02715
7.02381
7.02691
7.03001
7.0281
7.03406
7.02691
7.03406
7.02691
7.02405
7.02882
7.0281
7.03287
7.0262
7.02286
7.03311
7.03692
7.02786
7.03311
7.02691
7.02691
7.02596
7.02691
7.0281
7.02882
7.03001
7.03192
7.02596
7.02596
7.0219
7.02906
7.025
7.025
7.0312
7.025
7.0231
7.02405
7.02405
7.02286
7.0231
7.0231
7.03096
7.02691
7.02405
7.02715
7.02286
7.03001
7.0231
7.02715
7.02405
7.02596
7.02405
7.025
7.02596
7.03001
7.02715
7.02286
7.02405
7.025
7.0262
7.0281
7.0219
7.02095
7.03502
7.02596
7.02095
7.0231
7.03907
7.0281
7.03382
7.03096
7.02715
7.02596
7.03096
7.03406
7.03287
7.02906
7.02095
7.02381
7.0281
7.025
7.0262
7.02715
7.02786
7.0231
7.04002
7.02381
7.02691
7.0281
7.02786
7.02691
7.02691
7.025
7.02906
7.03287
7.02906
7.03192
7.02906
7.02906
7.03001
7.03001
7.03621
7.02596
7.0231
7.03597
7.02596
7.03001
7.02286
7.02691
7.0281
7.02715
7.03192
7.02596
7.02405
7.02596
7.03001
7.04384
7.0231
7.02882
7.02596
7.02906
7.03597
7.02691
7.02596
7.025
7.0231
7.02405
7.02405
7.025
7.03096
7.03216
7.03216
7.02906
7.0262
7.03001
7.025
7.02405
7.02786
7.02906
7.03287
7.02405
7.02882
7.02596
7.03311
7.02786
7.02906
7.03192
7.025
7.02691
7.03192
7.02906
7.02596
7.025
7.02286
7.025
7.025
7.02286
7.02286
7.0231
7.02786
7.02596
7.02906
7.0231
7.03502
7.03001
7.025
7.02405
7.02405
7.03382
7.02906
7.02596
7.025
7.02286
7.0281
7.0262
7.0262
7.02405
7.02095
7.01904
7.025
7.0281
7.02906
7.03478
7.025
7.02906
7.02596
7.025
7.02596
7.02095
7.02691
7.03001
7.02596
7.03382
7.02906
7.02786
7.025
7.02691
7.03311
