0.174046
0.138998
0.135183
0.133991
0.133038
0.133991
0.132084
0.132084
0.134945
0.131845
0.131845
0.133038
0.133991
0.132084
0.131845
0.131845
0.132799
0.132799
0.132084
0.133991
0.133991
0.132084
0.132084
0.132084
0.132084
0.133991
0.131845
0.134945
0.132084
0.132084
0.133038
0.133038
0.131845
0.132799
0.134945
0.134945
0.133038
0.132084
0.13423
0.132084
0.132084
0.132084
0.133038
0.132084
0.133038
0.132799
0.132799
0.131845
0.131845
0.134945
0.132084
0.133991
0.132084
0.133038
0.133038
0.132084
0.133991
0.131845
0.131845
0.133038
0.132084
0.132084
0.132084
0.134945
0.133991
0.132084
0.132084
0.133038
0.133038
0.133038
0.133038
0.133991
0.132084
0.135183
0.133991
0.133038
0.132799
0.131845
0.133038
0.133991
0.133991
0.133991
0.132084
0.133038
0.133038
0.131845
0.133991
0.134945
0.133038
0.132799
0.133991
0.133038
0.133991
0.139952
0.133991
0.131845
0.132084
0.133038
0.133991
0.131845
0.134945
0.133991
0.131845
0.131845
0.133038
0.133038
0.132084
0.132084
0.133991
0.133038
0.132799
0.134945
0.132084
0.132084
0.133991
0.133038
0.132084
0.133038
0.132084
0.132084
0.133038
0.133038
0.131845
0.132799
0.131845
0.133038
0.133038
0.133991
0.134945
0.133991
0.131845
0.133991
0.132084
0.133038
0.134945
0.131845
0.134945
0.133991
0.132084
0.133038
0.132799
0.133038
0.132084
0.132084
0.132084
0.134945
0.132799
0.133038
0.133038
0.133991
0.131845
0.131845
0.131845
0.132799
0.133038
0.133038
0.132084
0.132084
0.133991
0.132084
0.133038
0.132799
0.131845
0.131845
0.133991
0.132084
0.132084
0.133038
0.131845
0.131845
0.132799
0.133038
0.132084
0.132084
0.134945
0.133991
0.132084
0.133038
0.132084
0.133038
0.133038
0.133038
0.133991
0.132084
0.132084
0.132084
0.132084
0.133038
0.133038
0.133038
0.131845
0.134945
0.133991
0.131845
0.131845
0.133038
0.133038
0.133991
0.133038
0.132084
0.132084
0.132084
0.134945
0.133038
0.132084
0.132084
0.132084
0.132084
0.132084
0.133038
0.133038
0.135183
0.133991
0.132084
0.131845
0.132799
0.132799
0.132799
0.132799
0.132084
0.132084
0.133991
0.132084
0.132084
0.133038
0.13423
0.133038
0.133991
0.133991
0.131845
0.131845
0.133038
0.134945
0.133038
0.131845
0.131845
0.131845
0.131845
0.131845
0.131845
0.131845
0.131845
0.133038
0.133038
0.132084
0.132084
0.132084
0.132084
0.132084
0.135183
0.133991
0.133038
0.133038
0.132799
0.133038
0.134945
0.131845
0.131845
0.131845
0.132799
0.132084
0.132084
0.132084
0.132084
0.132084
0.133038
0.133038
0.133038
0.134945
0.134945
0.133991
0.133991
0.132084
0.133991
0.132084
0.132084
0.134945
0.131845
0.131845
0.133991
0.132084
0.133991
0.132799
0.132799
0.131845
0.131845
0.132084
0.132084
0.132084
0.132084
0.134945
0.133038
0.131845
0.131845
0.131845
0.133038
0.133038
0.132084
0.132084
0.132084
0.133038
0.134945
0.131845
0.131845
0.132084
0.133038
0.133038
0.132084
0.132084
0.133038
0.133038
0.131845
0.131845
0.133991
0.132084
0.132084
0.132084
0.132084
0.132084
0.133991
0.131845
0.131845
0.131845
0.131845
0.131845
0.133038
0.132084
0.132084
0.133991
0.131845
0.131845
0.132799
0.134945
0.132084
0.132084
0.132084
0.132084
0.132084
0.132084
0.133991
0.133991
0.132084
0.133991
0.133038
0.133038
0.133038
0.134945
0.133991
0.133038
0.133038
0.133991
0.134945
0.134945
0.131845
0.131845
0.131845
0.133991
0.132084
0.133038
0.133038
0.133038
0.133991
0.132084
0.132084
0.132084
0.133038
0.133038
0.133038
0.133991
0.133038
0.132084
0.132084
0.133991
0.131845
0.131845
0.131845
0.134945
0.133038
0.131845
0.133991
0.132084
0.132084
0.132084
0.134945
0.131845
0.131845
0.131845
0.133991
0.132084
0.132084
0.133038
0.133038
0.131845
0.133038
0.133038
0.132799
0.131845
0.131845
0.133038
0.132084
0.134945
0.133991
0.131845
0.133991
0.133038
0.133991
0.131845
0.131845
0.133038
0.137091
0.133991
0.132084
0.132084
0.134945
0.133038
0.134945
0.133038
0.133038
0.133038
0.133038
0.133991
0.132084
0.133038
0.132084
0.133991
0.131845
0.131845
0.134945
0.133991
0.132084
0.134945
0.132799
0.131845
0.132084
0.132084
0.133038
0.134945
0.132799
0.131845
0.132084
0.132084
0.132084
0.132084
0.132084
0.132084
0.134945
0.133991
0.134945
0.133991
0.132084
0.133038
0.132084
0.132084
0.131845
0.131845
0.131845
0.134945
0.133991
0.133991
0.132084
0.133038
0.131845
0.132799
0.131845
0.135899
0.133991
0.132084
0.134945
0.131845
0.131845
0.131845
0.133038
0.133038
0.132084
0.132084
0.132084
0.133038
0.133038
0.132084
0.133991
0.132084
0.132084
0.133991
0.133038
0.133038
0.132799
0.131845
0.131845
0.131845
0.133038
0.132084
0.132084
0.132084
0.132084
0.132084
0.133991
0.131845
0.131845
0.131845
0.133038
