23.5431
18.141
18.183
18.5311
18.6841
18.7161
18.652
18.6958
18.7361
18.6632
18.6949
18.6329
18.553
18.5649
18.6591
18.6889
18.6911
18.7101
18.641
18.6779
18.698
18.7211
18.6789
18.6598
18.6841
18.647
18.461
18.528
18.6651
18.7421
18.6851
18.667
18.677
18.6911
18.6741
18.7161
18.6861
18.693
18.5692
18.4898
18.5359
18.6932
18.7449
18.7452
18.7619
18.7159
18.8689
19.4511
19.5479
19.3081
19.093
18.9452
18.7509
18.677
18.6729
18.6751
18.6622
18.672
18.6551
18.6632
18.8749
18.8808
18.8539
18.882
18.7218
18.724
18.6911
18.703
18.6172
18.5831
18.687
18.692
18.714
18.6841
18.698
18.676
18.6911
18.688
18.682
18.6741
18.698
18.6589
18.708
18.6779
18.7299
18.7271
18.672
18.6901
18.6851
18.6489
18.6749
18.6732
18.6789
18.6779
18.6591
18.667
18.6641
18.7821
18.867
18.858
18.924
18.924
18.8999
18.9271
18.9409
18.9161
18.872
18.7411
18.6899
18.6729
18.702
18.7321
18.6579
18.6729
18.6939
18.893
18.8909
18.8808
18.8439
18.862
18.8849
18.7562
18.651
18.683
18.6622
18.6939
18.656
18.7008
18.6851
18.7271
18.7402
18.676
18.6579
18.708
18.7042
18.703
18.666
18.6691
18.712
18.6801
18.6579
18.6911
18.6281
18.676
18.6651
18.6901
18.837
18.8761
18.8372
18.8379
18.7531
18.7531
18.667
18.697
18.8758
18.893
18.889
18.888
18.883
18.8529
18.878
18.8861
18.892
18.877
18.7171
18.6601
18.662
18.719
18.692
18.6851
18.7621
18.8749
18.8658
18.821
18.8911
18.873
18.8532
18.7049
18.6698
18.7459
18.6579
18.5621
18.558
18.662
18.6648
18.6698
18.7068
18.7259
18.7109
18.775
18.6911
18.693
18.6911
18.6491
18.697
18.6791
18.6961
19.6509
18.7509
18.7101
18.681
18.676
18.9021
18.8761
18.878
18.882
18.8808
18.719
18.6779
18.6479
18.697
18.6708
18.764
18.8739
18.862
18.904
18.851
18.9471
18.8498
18.878
18.8799
18.873
18.729
18.661
18.6779
18.6839
18.6729
18.692
18.667
18.6889
18.6551
18.6589
18.846
18.8441
18.8801
18.8549
18.728
18.6729
18.6858
18.7242
18.697
18.687
18.6751
18.713
18.6791
18.693
18.7361
18.862
18.898
18.8968
18.7209
18.697
18.6949
18.7042
18.646
18.7161
18.7211
18.672
18.882
18.8649
18.899
18.923
18.913
18.873
18.7249
18.6901
18.7109
18.703
18.6541
18.6491
18.6999
18.6858
18.9118
18.8639
18.878
18.888
18.832
18.8971
18.9111
18.7299
18.6939
18.6861
18.702
18.6799
18.681
18.6961
18.676
18.6982
18.6949
18.8451
18.8689
18.8689
18.8711
18.7521
18.662
18.6672
18.657
18.651
18.6801
18.697
18.676
18.719
18.9331
18.8649
18.8789
18.8701
18.8661
18.7171
18.6751
18.6319
18.677
18.652
18.7352
18.899
18.888
18.888
18.8968
18.9009
18.8789
18.877
18.887
18.8692
18.744
18.6679
18.6388
18.6799
18.6801
18.682
18.6489
18.7321
18.872
18.9412
18.9011
18.878
18.9211
18.9209
18.7349
18.693
18.6739
18.6841
18.6961
18.6729
18.681
18.6861
18.702
18.6541
18.702
18.8591
18.872
18.868
18.7089
18.6729
18.666
18.7099
18.703
18.7199
18.6651
18.703
18.9202
18.8949
18.8761
18.8491
18.8589
18.8718
18.8539
18.712
18.6958
18.6479
18.6889
18.76
18.8432
18.908
18.8651
18.8711
18.9271
18.914
18.9252
18.8899
18.919
18.856
18.795
18.7039
18.6939
18.7018
18.683
18.6851
18.6939
18.6989
18.7252
18.836
18.893
18.9099
18.8899
18.9531
18.9412
18.698
18.719
18.7089
18.6841
18.6629
18.6622
18.6851
18.6739
18.6732
18.867
18.873
18.8892
18.7809
18.708
18.707
18.739
18.703
18.7399
18.693
18.6901
18.6839
18.6751
18.6799
18.6522
18.8689
18.8909
18.7161
18.6579
18.6579
18.6601
18.6751
18.687
18.7778
18.9099
19.0542
19.1031
19.068
19.1212
18.8959
18.8599
18.698
18.6729
18.662
18.667
18.645
18.645
18.7652
18.9009
18.862
18.8949
18.934
18.8818
18.935
18.904
18.7068
18.692
18.6651
18.6641
18.6861
18.6739
18.6999
18.714
18.6779
18.671
18.863
18.8849
18.9059
18.873
18.857
18.815
18.676
18.743
18.6939
18.713
18.7321
18.6961
18.661
18.6992
18.6949
18.892
18.8642
18.882
18.8811
18.7149
18.6961
18.6291
18.646
18.7292
18.892
18.841
18.872
18.8601
18.9302
18.888
18.923
18.8861
18.934
18.8708
18.8069
18.677
18.6219
18.666
18.7831
18.8911
18.872
18.8689
18.8789
18.9331
18.887
18.8742
18.9259
18.8818
18.8539
18.7321
18.6589
18.687
18.6851
18.6572
18.672
18.687
18.898
18.867
18.8849
18.8339
18.9211
18.8959
18.883
18.7831
18.7199
18.7249
18.6861
18.7089
18.6789
18.6851
18.6532
18.6539
18.671
18.8439
18.878
18.8761
18.8701
18.7109
18.6541
18.688
18.6782
18.6949
18.7368
18.7309
18.8658
18.918
18.913
18.857
18.8961
18.8301
18.863
18.8971
18.8
18.6689
18.672
18.662
18.724
18.8739
18.8448
18.8911
18.8491
18.8899
18.8768
18.9059
18.9121
18.9271
18.8792
18.8129
18.6799
18.6889
18.6961
18.683
18.6808
18.7171
18.858
18.8441
18.877
18.8279
18.857
18.8611
18.8341
18.729
18.647
18.6951
18.6839
18.6751
18.682
18.7008
18.6789
18.688
18.703
18.8341
18.8539
18.882
18.8639
18.882
18.7252
18.6739
18.6989
18.6911
18.7631
18.9371
18.9021
18.919
18.894
18.945
18.858
18.8851
18.8742
18.887
18.8689
18.7469
18.6379
18.641
18.652
18.6911
18.723
18.8951
18.909
18.873
18.8498
18.8639
18.8851
18.8959
18.862
18.9149
18.739
18.729
18.7221
18.635
18.7831
18.9021
18.868
18.9581
18.889
18.702
18.7309
18.882
18.8949
18.8601
18.863
18.7449
18.671
18.6622
18.676
18.6911
18.636
18.6729
18.6708
18.6379
18.6648
18.8732
18.908
18.8589
18.8279
18.8892
18.7669
18.6679
18.682
18.7171
18.7371
18.8861
18.909
18.908
18.842
18.8599
18.8639
18.8661
18.894
18.889
18.7321
18.6501
18.682
18.713
18.6779
18.7101
18.8808
18.868
18.863
18.9278
18.8999
18.8539
18.8751
18.841
18.856
18.863
18.9102
18.8041
18.6648
18.7731
18.8859
18.8599
18.9211
18.913
18.8451
18.8589
18.913
18.887
18.863
18.862
18.734
18.672
18.672
18.7311
18.7099
18.6698
18.7111
18.7051
18.676
18.8601
18.8551
18.8701
18.873
18.878
18.774
18.6598
18.7118
18.677
18.7271
18.7249
18.724
18.913
18.954
18.888
18.8942
18.8859
18.904
18.9409
18.8599
18.7521
18.7011
18.698
18.64
18.7719
18.8642
18.9419
18.8849
18.8501
18.898
18.857
18.872
18.8401
18.872
18.918
18.6911
18.6629
18.7039
18.748
18.9099
18.9071
18.9221
18.9362
18.8661
18.878
18.842
18.8639
18.8539
18.8689
18.7531
18.6651
18.667
18.6911
18.6682
18.7101
18.677
18.681
18.857
18.8742
18.8611
18.8649
18.8711
18.851
18.8909
18.801
18.687
18.6698
18.6632
18.6641
18.6679
18.79
18.904
18.9099
18.9011
18.8639
18.8758
18.882
18.8611
18.7609
18.677
18.6939
18.641
18.681
18.719
18.889
18.9459
18.9359
18.918
18.919
18.9011
18.9011
18.882
18.8801
18.842
18.8842
18.769
18.733
18.6861
18.724
18.8649
18.9121
18.857
18.8758
18.8439
18.868
18.8971
18.8661
18.888
18.6841
18.6841
18.671
18.666
18.6901
18.755
18.888
18.8909
18.9011
18.851
18.903
18.8472
18.858
18.8751
18.7261
18.6548
18.667
18.712
18.7001
18.712
18.8291
18.873
18.883
18.893
18.882
18.9309
18.867
18.888
18.9681
18.8808
18.888
18.8398
18.7979
18.6589
18.754
18.923
18.8189
18.8608
18.8649
18.882
18.8489
18.863
18.8961
18.8601
18.8479
18.8658
18.8799
18.786
18.6541
18.681
18.641
18.6942
18.8041
18.8551
18.898
18.8651
18.8739
18.8551
18.7719
18.702
18.657
18.719
18.688
18.6601
18.7459
18.872
18.872
18.8599
18.923
18.9009
18.899
18.9021
18.9121
18.8291
18.719
18.631
18.621
18.7089
18.8661
18.898
18.856
18.8601
18.889
18.846
18.9118
18.8868
18.8799
18.8901
18.8751
18.8639
18.7831
18.657
18.764
18.8169
18.8651
18.8589
18.851
18.8751
18.8692
18.8789
18.8839
18.8711
18.878
18.8482
18.878
18.8141
18.7101
18.6739
18.661
18.7349
18.8789
18.935
18.9681
18.9381
18.9359
18.8968
18.888
18.718
18.6841
18.698
18.7261
18.6629
18.6782
18.856
18.898
18.8558
18.858
18.8901
18.9221
18.9309
18.872
18.8911
18.8401
18.6441
18.7321
18.661
18.7371
18.9321
18.8589
18.909
18.858
18.8668
18.8999
18.908
18.888
18.9109
18.8479
18.862
18.898
18.827
18.6861
18.6961
18.7521
18.8739
18.918
18.893
18.878
18.9321
18.9259
18.8801
18.8739
18.873
18.7321
18.6701
18.6789
18.7199
18.7421
18.8742
18.923
18.8611
18.914
18.904
18.9149
18.949
18.8811
18.883
18.7211
18.676
18.6892
18.681
18.652
18.7631
18.8861
18.8851
