11.575
11.548
11.559
11.554
11.5459
11.5578
11.5452
11.5561
11.554
11.5609
11.534
11.5409
11.5469
11.5409
11.549
11.559
11.5499
11.5502
11.57
11.5469
11.5559
11.5471
11.5471
11.559
11.534
11.5459
11.555
11.5669
11.5681
11.5559
11.5399
11.5509
11.5581
11.5581
11.5452
11.5399
11.554
11.56
11.5499
11.549
11.5371
11.555
11.5521
11.544
11.56
11.555
11.554
11.5571
11.5519
11.549
11.555
11.5578
11.548
11.5371
11.5821
11.5628
11.554
11.5469
11.5409
11.5709
11.5521
11.5521
11.5471
11.5581
11.5528
11.553
11.56
11.5449
11.555
11.555
11.555
11.5609
11.5569
11.5561
11.5559
11.5509
11.56
11.5469
11.5409
11.5499
11.5781
11.56
11.548
11.57
11.549
11.5771
11.549
11.5561
11.5461
11.549
11.5612
11.554
11.5509
11.5569
11.554
11.565
11.5499
11.543
11.549
11.544
11.5511
11.5609
11.544
11.5452
11.5581
11.56
11.5502
11.549
11.5621
11.5561
11.5471
11.5449
11.554
11.549
11.5561
11.5511
11.553
11.5469
11.534
11.565
11.5449
11.5428
11.555
11.5612
11.5509
11.5621
11.5621
11.554
11.553
11.548
11.5561
11.5652
11.554
11.5449
11.5619
11.5631
11.5561
11.5609
11.559
11.5511
11.548
11.564
11.554
11.5502
11.5581
11.549
11.5499
11.5561
11.5581
11.5559
11.5399
11.5521
11.5581
11.5669
11.5561
11.5521
11.554
11.5521
11.5499
11.5452
11.539
11.559
11.5469
11.565
11.5452
11.5449
11.5569
11.559
11.5719
11.5509
11.5581
11.5509
11.5628
11.555
11.5631
11.549
11.559
11.554
11.5399
11.5681
11.5581
11.5559
11.5499
11.548
11.554
11.555
11.56
11.5509
11.569
11.5519
11.5561
11.5628
11.5459
11.5459
11.5528
11.5421
11.5559
11.5509
11.5511
11.549
11.5421
11.5609
11.555
11.56
11.555
11.5631
11.5569
11.554
11.553
11.5469
11.5449
11.5609
11.5471
11.5659
11.543
11.5469
11.564
11.5499
11.555
11.5449
11.5621
11.553
11.5449
11.555
11.559
11.549
11.549
11.5509
11.5499
11.559
11.5669
11.4021
11.5681
11.5509
11.56
11.5511
11.549
11.564
11.549
11.5499
11.565
11.5449
11.5709
11.5409
11.543
11.5559
11.5449
11.5571
11.5631
11.5559
11.5559
11.5442
11.538
11.549
11.555
11.554
11.554
11.5471
11.553
11.549
11.5502
11.5421
11.553
11.543
11.5511
11.554
11.5552
11.5521
11.5571
11.553
11.548
11.555
11.56
11.5628
11.5659
11.5581
11.5678
11.559
11.5681
11.5528
11.564
11.5528
11.548
11.544
11.5402
11.554
11.5519
11.5449
11.554
11.5521
11.5662
11.5571
11.5588
11.543
11.56
11.5561
11.5581
11.5409
11.5569
11.555
11.549
11.548
11.555
11.538
11.5511
11.5621
11.5528
11.548
11.5499
11.549
11.5571
11.548
11.554
11.5409
11.4079
11.5602
11.5478
11.5499
11.5511
11.5461
11.554
11.5609
11.554
11.5519
11.5469
11.5581
11.5569
11.5521
11.5561
11.575
11.5449
11.569
11.5628
11.559
11.5721
11.553
11.559
11.5521
11.538
11.565
11.553
11.5612
11.5509
11.538
11.5571
11.555
11.5569
11.574
11.548
11.5499
11.539
11.56
11.5502
11.5619
11.5659
11.5509
11.5459
11.548
11.5499
11.56
11.5671
11.56
11.553
11.5561
11.555
11.5461
11.5821
11.553
11.5499
11.543
11.549
11.555
11.538
11.549
11.5511
11.5499
11.5499
11.5569
11.57
11.548
11.5502
11.5569
11.548
11.5578
11.544
11.5511
11.5681
11.5612
11.5428
11.5469
11.553
11.549
11.5621
11.544
11.5469
11.554
11.5561
11.5421
11.5519
11.5621
11.549
11.5561
11.5621
11.5411
11.553
11.5461
11.5459
11.5569
11.5502
11.5521
11.5669
11.5559
11.5461
11.5509
11.5521
11.5449
11.5509
11.559
11.5509
11.5428
11.548
11.5461
11.543
11.5409
11.5449
11.549
11.543
11.5452
11.5459
11.5662
11.5499
11.5509
11.559
11.5499
11.5511
11.5521
11.5502
11.5499
11.5469
11.5581
11.5602
11.5509
11.5469
11.538
11.56
11.539
11.565
11.5561
11.549
11.559
11.5428
11.5521
11.5559
11.56
11.5652
11.565
11.549
11.5469
11.5569
11.555
11.539
11.549
11.5459
11.5521
11.5471
11.5721
11.554
11.549
11.5349
11.5511
11.5659
11.553
11.5449
11.56
11.5559
11.553
11.5678
11.5499
11.5571
11.5471
11.564
11.554
11.5581
11.553
11.5709
11.5559
11.548
11.5471
11.5471
11.5511
11.555
11.5511
11.555
11.5521
11.5571
11.5559
11.5461
11.5421
11.5702
11.5509
