31.8351
32.0449
32.5251
32.141
31.3249
31.075
31.081
31.3401
31.419
31.167
31.635
31.6148
31.323
31.2819
31.1558
31.045
31.595
31.3611
30.829
30.998
31.5001
31.3661
31.029
31.322
31.2772
31.013
30.9138
30.8669
31.3089
31.1589
31.2841
30.9751
30.9651
31.122
31.1129
31.4651
31.117
31.2681
31.7252
31.0321
31.3621
31.2078
30.9961
31.1232
31.24
30.9839
31.11
31.4841
30.8869
31.0881
30.793
30.9439
31.034
31.091
31.028
31.4021
31.2622
31.1182
31.589
30.9229
31.3249
31.0628
31.5559
31.347
31.2059
31.5099
31.074
31.276
31.359
31.42
31.0822
31.1329
31.3401
31.1611
31.4741
31.1291
31.3392
31.105
31.3592
31.0769
31.085
31.3151
31.4159
31.2591
31.059
31.2681
30.9939
31.2049
30.9091
30.9739
31.0998
30.9629
31.2879
30.8681
31.245
31.317
31.426
31.4159
31.781
31.46
31.1382
30.8681
31.425
31.301
31.2779
31.0328
31.1549
31.1251
31.1251
31.575
31.0762
31.4651
30.858
30.9839
31.1532
31.621
31.2929
31.0349
31.0009
30.973
31.286
31.343
31.2259
31.0562
31.5862
30.9091
31.1949
31.4832
31.0931
30.9892
31.5571
31.1239
31.142
31.4119
31.307
31.1141
30.8931
31.2929
31.0309
30.762
31.0471
31.0559
31.4112
31.22
31.4732
31.0879
31.3411
31.3151
31.1451
31.4989
31.204
31.1151
31.0869
31.2352
31.148
31.291
31.1902
31.013
31.647
31.1251
31.6141
31.292
30.8139
31.2309
31.1608
31.141
31.152
31.0328
31.0619
30.9298
30.9601
31.4159
31.055
31.0218
31.45
30.9851
31.1248
31.713
31.0152
30.9091
31.2178
31.1
31.049
31.4281
31.1341
31.307
31.147
31.1959
31.116
31.3652
31.059
31.3919
31.198
31.4441
31.2219
31.291
31.1539
31.106
31.0571
31.0211
31.3761
30.88
31.0769
31.2269
31.522
31.1902
31.023
30.756
31.003
31.0299
31.024
31.1141
31.4419
31.1999
31.4209
31.024
31.3981
30.9432
31.2991
31.2841
30.9918
31.095
31.296
31.0068
31.234
31.177
31.2262
31.3449
31.292
31.038
30.7589
31.0171
31.8182
30.812
31.5771
31.4889
31.137
31.014
31.5039
31.3089
31.1959
31.1251
30.9091
31.178
30.9119
31.1198
31.285
31.126
30.916
31.004
30.8969
31.0059
31.6229
30.9629
30.87
31.497
31.379
31.09
30.9801
31.0068
31.177
30.937
31.2679
31.1348
31.472
31.4002
31.997
31.6811
31.2979
30.8559
31.2219
31.117
31.307
31.311
30.9322
31.4212
31.203
31.034
31.0729
31.0559
30.9479
31.1439
30.998
30.987
31.435
31.8749
30.9451
31.261
30.8011
31.1301
31.3041
31.7991
30.8239
31.064
30.895
30.992
31.5039
30.9439
30.978
30.951
31.1341
31.024
31.28
31.2951
31.297
31.3241
31.0631
30.8309
31.2409
31.2889
31.0149
30.9551
30.9532
30.895
31.1239
31.2769
30.9269
31.0771
30.9331
31.244
31.224
30.993
31.1241
31.173
31.2231
31.1649
30.757
31.0562
30.8211
31.143
31.389
31.2099
31.4531
31.4732
30.8921
31.2951
31.462
31.1649
30.6759
30.9789
31.0829
31.0979
31.292
31.405
30.859
30.8759
31.173
31.379
31.363
30.9451
31.023
31.0431
31.1022
30.925
31.0249
31.4021
31.0411
31.1491
31.2779
31.2841
31.601
31.44
31.0521
31.168
31.1191
30.89
31.672
30.9851
31.2572
31.0922
30.8681
31.08
30.9441
31.0929
31.081
30.7751
31.0152
31.1282
30.9629
31.3499
31.213
31.1999
31.0369
31.141
31.471
31.2319
31.049
31.0478
31.327
30.9272
31.1251
30.9851
31.3742
31.0981
30.8499
30.863
30.7691
30.9441
31.3342
31.76
31.0469
31.1909
31.2541
31.3361
31.5242
31.3151
31.497
31.1759
31.5619
31.4219
31.0841
31.0321
31.2822
31.009
31.1179
31.3258
30.8509
31.5011
31.208
30.92
31.244
30.942
30.791
31.1639
30.8888
31.462
30.9329
31.3179
31.234
31.2169
31.1868
31.1239
31.0371
31.0202
30.9379
31.2231
31.0571
31.1902
31.0891
31.2641
30.8981
31.1992
31.0571
31.074
31.173
31.527
31.297
31.1601
30.8292
31.2681
30.895
30.7238
31.033
30.9162
31.1961
31.3849
31.054
30.9401
31.112
30.6742
31.0671
31.0509
31.0349
30.8111
31.172
31.1551
30.926
31.0249
31.1799
31.2672
30.8661
30.9691
31.033
30.9172
30.719
31.1339
30.859
30.9901
31.3761
31.225
31.2459
31.142
30.9901
31.137
31.162
31.0771
30.771
30.8869
31.0621
31.2581
30.9839
30.895
30.8712
31.3201
31.0791
31.5049
31.5349
31.337
31.354
31.4851
30.817
30.9291
31.4009
31.0681
31.184
31.2061
31.0931
31.1511
31.1098
31.0709
31.322
31.22
31.0581
31.096
31.1549
31.2572
31.4071
31.595
31.1859
31.038
31.2071
31.1759
31.074
31.2011
31.1351
31.5402
31.199
31.461
31.2231
30.7469
31.1141
31.2259
31.6229
31.671
31.142
31.45
31.193
30.8509
31.4858
31.2049
31.142
31.147
31.0159
31.275
31.1761
31.177
31.2328
31.321
31.518
31.1069
31.2269
30.905
31.436
31.4269
31.1649
31.6908
31.0719
31.034
31.1549
30.9708
31.183
31.0619
31.131
31.029
31.101
31.0969
30.9131
31.1201
31.3041
31.486
30.9989
31.105
30.9238
31.081
31.0199
31.2638
31.5039
31.147
31.1
31.2929
31.158
30.9432
31.266
31.1899
31.6
31.0762
31.055
31.0001
31.0991
31.1508
31.1551
31.131
30.859
31.2581
31.327
30.9558
31.009
31.2269
31.3089
31.2378
31.4689
31.389
31.3492
31.261
31.2068
31.1291
31.1961
31.3241
31.131
31.3609
30.9758
31.059
31.1329
31.0318
31.4121
31.3351
31.0051
30.8061
31.5139
31.3661
31.1382
31.1949
31.06
31.2319
31.6401
31.1511
31.3661
30.7932
30.9291
30.8921
30.874
30.9238
31.508
31.06
31.4682
31.3251
31.3411
30.767
31.0369
30.961
31.22
30.859
31.2381
31.322
31.215
30.828
30.633
31.1561
31.101
30.8371
31.1489
31.0729
30.8781
31.111
30.957
30.8981
31.0719
31.0979
31.517
31.292
31.0318
31.1151
31.2691
30.9529
30.9701
31.0559
30.834
30.921
31.224
31.467
30.745
31.6
32.016
31.702
31.05
31.1079
31.086
31.0919
30.8719
31.3489
31.0998
31.3339
30.7369
31.1258
31.086
31.0619
31.23
30.7631
31.095
31.024
31.0671
31.0822
31.2831
31.24
31.337
31.0581
30.9808
30.8719
31.2119
31.1279
31.3981
30.987
31.1298
31.045
31.1801
31.455
30.9989
30.7
31.1251
31.6119
31.0848
31.8959
31.0309
31.029
30.9918
31.0311
31.152
31.1968
31.1871
31.0049
31.1849
31.584
31.008
31.0769
31.0869
31.3749
30.8039
30.8831
31.2951
30.9148
30.9429
31.0099
31.4329
31.203
31.1451
30.9701
31.4751
31.245
30.798
31.0791
30.9892
31.0512
30.787
30.859
30.8192
31.3101
31.4262
31.131
31.0609
31.0769
31.0862
31.388
30.8189
31.1351
31.467
31.3871
31.4081
31.1742
31.2121
31.074
30.8001
31.049
30.916
31.2212
31.2061
30.76
31.0762
31.179
31.404
30.9601
31.1091
31.5762
31.359
30.9498
31.3931
31.395
31.3311
31.198
30.9179
31.405
31.024
30.894
31.0352
31.4791
31.2581
31.0411
31.225
31.0628
30.7519
30.9839
31.0998
31.0891
31.2381
31.0211
31.4381
31.4941
31.4322
30.829
31.152
31.0962
31.039
31.06
31.0521
31.5142
30.937
31.22
30.843
30.9489
31.0431
31.0431
31.1089
31.2779
31.5189
31.0311
31.2102
31.07
30.8731
31.153
31.105
30.8721
30.7212
30.8139
31.3389
31.5039
31.0988
31.064
31.0621
31.0302
31.0571
31.5092
31.251
30.973
31.2588
31.2269
30.8599
31.3499
31.0779
30.9739
31.075
31.616
31.1
31.0261
30.9548
31.203
31.6269
31.2049
31.2271
31.076
30.899
30.983
31.0359
31.8661
31.3091
31.3489
31.467
31.3909
31.2908
31.1329
31.132
31.4538
30.8321
31.1689
30.9401
31.0431
30.9799
31.3411
31.503
31.3201
31.1861
30.8912
31.039
31.4178
31.431
30.9038
30.901
31.3129
30.983
31.09
30.8409
31.636
31.352
31.08
31.3439
30.8549
31.0481
31.0278
31.2209
31.584
30.9641
31.0779
31.347
31.435
30.812
31.2631
31.075
31.287
30.9019
31.3201
31.003
30.9839
31.112
31.188
30.9532
30.957
31.2419
31.2712
30.967
31.1899
30.8871
30.8249
31.2579
31.122
31.5042
30.683
31.24
31.1482
30.7851
30.659
31.1649
31.431
30.7798
31.3671
31.157
31.297
31.6348
30.978
31.0891
31.7352
31.1539
31.105
31.2641
30.823
31.4841
31.6331
30.998
31.347
31.2421
30.993
31.435
31.1279
31.0779
31.3499
31.028
31.3239
31.2941
31.3849
31.1639
31.0562
31.0142
30.9401
31.146
31.517
30.9911
31.3611
31.2281
31.1589
30.8919
30.9372
30.9861
31.6942
31.4431
30.8721
31.1852
31.388
31.008
31.2669
31.023
31.456
30.962
31.054
30.874
31.4221
30.998
30.817
31.0421
31.3179
31.0481
31.1892
31.0261
31.044
31.1539
31.0149
31.1689
31.0922
31.2321
31.09
31.3809
31.0519
31.4481
30.9279
31.143
30.76
31.039
31.168
31.038
30.8549
31.1182
31.287
31.2579
31.8789
