32.0661
31.7919
32.0709
31.168
31.0349
31.1191
31.096
31.09
31.1711
30.9799
30.9329
31.0419
30.8769
31.409
31.1141
30.6058
31.275
31.029
30.8881
30.7791
30.7481
31.0709
30.92
30.9989
31.0299
30.9451
31.2431
30.9641
30.659
30.7651
30.6671
31.1909
31.0001
30.7732
30.966
30.9658
30.8259
31.1821
30.762
31.0569
30.8681
30.915
30.9551
31.018
31.064
30.812
30.9322
30.8261
30.9041
31.008
30.7579
31.4288
30.8518
30.6959
31.3931
30.978
30.791
31.074
30.678
30.874
30.9861
30.8349
31.153
31.044
30.7419
31.0891
30.992
30.9279
30.8602
30.669
30.812
30.823
30.87
30.7939
30.9708
30.962
30.9691
30.6461
31.018
31.0669
30.911
30.8371
31.0612
30.977
31.198
30.678
31.1019
30.972
30.7381
31.0881
31.0168
31.122
30.828
30.987
31.0822
30.8781
30.817
31.0972
30.725
31.2159
30.7119
30.7469
30.978
30.839
30.9949
31.1558
30.92
31.045
30.643
30.7531
30.956
30.865
30.6392
30.597
31.0321
31.0049
30.8769
30.8061
30.772
30.6098
31.148
31.2562
31.002
30.6389
30.823
30.956
30.7078
30.767
30.8428
30.642
30.895
30.786
30.9989
31.018
31.141
30.8161
31.0659
30.864
30.8011
30.6971
30.926
30.9398
30.7128
30.864
30.8189
30.9641
30.926
30.962
30.858
30.993
30.6301
31.0771
31.0161
30.695
30.827
30.7691
31.07
30.9448
30.827
30.756
30.972
30.8778
30.9169
30.9038
30.8778
30.7431
31.0731
30.905
30.771
30.905
30.906
30.829
31.1241
30.7279
31.0032
30.864
30.776
30.7941
30.7779
31.0359
30.9398
30.931
31.229
31.1511
30.9241
30.864
30.5901
30.8061
30.935
31.0781
31.199
30.4551
31.1739
31.09
30.761
30.9999
31.266
30.715
30.9479
30.8518
30.843
31.1451
31.0199
30.874
30.8599
30.9129
31.194
30.803
30.869
30.9341
31.034
30.8321
31.2638
30.8969
30.833
30.565
30.9951
31.013
31.0781
30.6201
30.8759
31.0099
30.937
30.5951
31.2691
30.813
30.5271
31.0462
31.0011
30.9291
31.1229
30.8168
30.6859
30.7128
30.89
30.8201
30.8001
31.028
31.0481
30.9272
30.843
30.9908
31.1699
31.4779
30.8359
30.9229
30.7581
30.802
30.9701
30.73
31.033
30.6189
30.6699
31.054
31.1179
30.998
31.0121
30.9038
31.127
31.0669
31.0359
30.7009
30.7388
30.772
30.683
31.0869
30.8461
30.8619
31.122
30.8478
30.829
30.8151
31.1148
30.982
31.126
30.8051
30.822
30.725
30.864
30.755
30.889
30.6971
31.0011
30.9062
30.829
30.982
31.0102
30.87
30.8299
30.9901
30.9021
30.952
31.055
31.055
30.829
30.601
30.7212
31.075
31.157
30.793
31.307
31.0171
30.5581
30.7531
30.7422
30.9069
30.8819
30.8669
31.013
30.9281
31.014
30.694
30.591
30.9458
30.864
30.7961
30.6778
30.658
30.766
30.9289
30.8208
30.5281
31.143
30.8659
30.9761
30.756
30.803
30.982
31.095
30.7939
30.833
30.668
30.7901
31.1098
30.968
31.1069
31.0712
30.8089
30.9711
30.905
31.0092
30.9439
30.8421
31.054
30.905
30.8301
30.7779
30.843
30.6242
30.884
30.9191
30.8151
30.9551
30.931
30.8869
30.885
31.002
30.669
30.8442
30.8571
30.993
30.757
30.972
30.9949
30.8878
30.659
31.0049
30.92
30.787
30.9629
31.0249
31.3098
30.7231
30.8371
30.7372
30.8511
30.7829
31.127
30.9181
30.8492
30.581
30.7341
30.828
30.7789
31.0118
30.9949
30.8981
31.1279
30.7631
31.08
30.8771
30.9589
30.968
31.049
31.148
31.0712
30.8371
30.9711
30.8611
30.7879
30.93
30.8192
30.911
30.7212
30.807
30.88
30.9591
31.0411
31.173
30.4868
30.8859
30.93
31.034
31.0659
30.6039
30.9038
30.8778
30.8709
30.8309
30.705
31.1401
30.818
31.0779
31.0969
30.966
30.7419
30.884
30.535
30.8521
30.88
30.7682
30.6401
30.524
30.8349
30.859
30.6361
30.9811
30.7689
30.5848
30.8149
30.859
30.8311
30.9792
31.225
30.915
30.9579
30.8709
30.8969
31.0631
30.8912
31.296
30.802
31.1792
30.678
31.116
30.7009
31.0168
30.9291
31.183
30.5519
30.5281
31.0271
30.7961
30.6869
30.9739
31.1968
30.524
30.838
30.7519
31.1668
30.9849
31.049
31.0161
31.0919
30.6129
30.7262
31.0211
31.003
30.6361
30.8521
31.379
30.678
30.8161
31.101
31.0678
30.7939
31.4019
31.157
30.6211
31.1551
30.8671
30.663
30.6489
30.8809
31.4431
30.756
31.1079
30.8619
30.813
30.968
31.034
30.632
30.823
30.983
31.074
30.8461
31.0712
30.915
31.0359
31.3709
31.1852
30.803
31.111
30.9381
30.7369
31.0221
31.0559
30.766
31.137
30.7412
30.7851
30.9081
30.875
30.8681
30.8359
30.7579
30.8881
30.7519
30.632
30.9329
30.972
30.76
30.993
30.6461
30.4921
30.8549
30.9629
30.967
31.213
30.967
30.8862
30.9331
30.8559
30.7801
30.961
30.838
30.818
31.029
30.793
31.1809
31.0061
31.4591
30.9761
30.8962
30.9851
30.628
30.8211
31.1081
30.637
31.1749
31.0071
30.874
30.6289
30.7848
30.7331
31.1489
31.2569
30.8299
30.7679
31.0891
30.8809
30.7469
30.6041
31.203
30.9539
30.6871
31.014
30.895
30.8969
30.6609
30.7629
30.931
31.0979
31.1379
31.0838
30.9391
31.0621
30.5991
30.9091
30.8352
30.6332
30.6871
30.9801
31.008
30.7789
30.7598
31.0729
31.024
30.7028
30.8499
30.8542
30.844
31.0879
30.8149
30.9069
30.674
30.823
30.746
30.8549
30.6959
30.9379
30.9031
31.0891
30.895
30.9589
30.9379
30.602
30.8521
30.9949
31.0001
30.8611
30.951
30.87
31.1401
30.8859
31.0142
31.2619
30.6649
30.8011
31.146
31.2591
31.1
31.1339
30.884
31.2171
31.003
31.0619
31.085
31.1401
30.7281
30.941
30.73
30.8859
31.0111
30.7891
30.8571
30.488
30.7889
30.7648
30.6869
31.143
30.766
30.71
30.8259
30.8769
31.0929
30.848
30.9241
30.9782
31.055
30.7598
30.6718
30.843
30.6602
30.8871
31.1401
30.9651
30.678
30.8352
30.8142
30.905
31.158
31.091
30.906
30.8578
31.0879
30.7629
30.9
30.7851
30.9751
30.8361
30.9689
31.019
30.766
30.838
30.843
31.198
30.802
30.5979
31.008
30.689
31.3799
30.901
30.9181
31.019
31.074
31.322
30.5948
31.1
30.8681
30.7879
30.678
30.879
30.6649
30.6499
30.673
30.9091
30.9091
31.0209
30.822
30.946
30.822
30.7131
30.9739
30.793
31.008
30.9119
30.9989
30.7341
31.1489
30.5159
31.1179
31.0011
30.7648
30.6699
31.179
30.7741
30.6282
30.827
30.884
30.715
30.9961
30.515
30.9289
30.7391
31.0769
30.962
31.0359
30.9701
30.8461
30.936
31.1038
30.7498
30.9861
31.0431
30.936
30.633
31.081
31.0841
30.956
31.029
31.2338
30.6659
30.93
31.081
30.6568
30.6289
30.973
30.8719
30.7829
31.1968
31.3859
30.9181
30.8399
31.0988
30.9711
30.9811
30.5309
30.987
30.9849
30.8979
31.0509
30.7989
30.797
30.7438
30.8249
30.885
30.7121
31.0881
30.8492
30.936
30.8731
30.5729
30.6878
30.6981
30.6849
30.746
30.8201
31.049
31.0869
30.925
30.8621
30.7801
31.0261
30.9751
31.019
31.1189
30.683
31.0771
30.993
31.2898
31.1551
30.745
30.823
30.9529
30.7751
30.8681
31.152
30.978
30.761
30.807
31.1332
30.9529
30.6821
30.6089
30.5529
30.8371
30.8111
30.91
31.0779
31.075
31.3251
30.7281
30.8132
30.895
30.7879
30.9141
30.92
30.6959
31.193
31.076
31.1821
31.1201
30.961
30.7622
31.1251
30.812
30.8669
31.044
30.8812
31.028
30.8719
30.9429
30.8239
30.93
30.8239
30.689
30.8599
30.9248
30.9529
31.0419
31.003
30.791
31.352
30.6249
30.7879
30.5212
30.9551
30.8359
30.977
31.04
30.793
31.0962
30.8201
31.065
31.1098
30.756
30.7539
30.654
31.0051
31.3761
30.7691
31.1432
30.982
31.0369
31.0709
30.987
30.9939
30.9529
30.9381
30.9091
30.8988
30.7369
31.0159
30.791
31.1489
31.0431
30.549
31.183
30.7591
31.034
30.7238
30.884
30.7
31.209
30.853
30.7641
30.8361
30.777
30.7829
30.7341
31.2369
31.1289
30.8211
31.1301
30.889
30.9982
30.8211
30.7629
31.193
30.967
30.4699
30.925
30.73
30.689
30.961
30.7209
30.8909
30.705
31.0869
30.5951
30.9579
30.7291
30.8759
30.9598
31.1401
30.839
30.8881
30.786
31.3268
31.311
31.198
30.7789
30.8669
31.342
31.286
30.8259
30.884
30.9641
31.106
30.7732
31.1041
31.1291
30.6661
31.0102
30.9372
30.7679
30.6931
30.88
30.8652
30.91
30.978
30.7679
30.9808
31.2951
30.7941
31.2591
31.0709
30.782
30.9222
30.8981
30.9341
30.992
30.7832
30.7629
31.1971
30.858
31.0359
31.0929
30.679
30.879
30.786
30.71
31.0681
30.8411
30.9651
30.5901
30.9379
30.9992
30.6699
30.7519
30.601
30.849
30.7541
30.9191
31.0209
30.772
30.9641
30.772
31.1949
30.8409
30.9529
30.7221
31.024
30.88
30.7491
30.6592
30.833
30.8049
30.566
