12.867
11.6148
11.6112
11.6112
11.61
11.6279
11.6131
11.6131
11.6041
11.6279
11.6091
11.6091
11.606
11.6
11.6138
11.615
11.6019
11.6181
11.5991
11.605
11.622
11.6072
11.6141
11.6081
11.615
11.6069
11.6088
11.6179
11.5941
11.6129
11.5981
11.6031
11.6041
11.6062
11.5991
11.6081
11.605
11.6022
11.6141
11.606
11.6029
11.6088
11.5979
11.6019
11.4539
11.6138
11.606
11.6301
11.6279
11.6079
11.606
11.6041
11.6029
11.6141
11.6191
11.6169
11.6091
11.5988
11.62
11.6081
11.6131
11.6141
11.606
11.6019
11.6098
11.6081
11.601
11.6022
11.6
11.6069
11.596
11.615
11.6069
11.632
11.6081
11.6091
11.605
11.6031
11.6301
11.611
11.6091
11.5931
11.606
11.615
11.6119
11.6041
11.6029
11.5929
11.6129
11.6229
11.6029
11.6041
11.6041
11.6069
11.6112
11.6079
11.601
11.6
11.611
11.6069
11.615
11.62
11.6091
11.6031
11.62
11.611
11.615
11.6091
11.6038
11.616
11.5941
11.61
11.6088
11.621
11.6048
11.5991
11.611
11.6119
11.6301
11.601
11.6072
11.621
11.601
11.6141
11.6019
11.611
11.611
11.5941
11.6098
11.6241
11.6041
11.6081
11.5981
11.6072
11.6119
11.611
11.6079
11.6172
11.6091
11.611
11.6062
11.61
11.61
11.6189
11.61
11.6141
11.616
11.6119
11.6231
11.595
11.611
11.6088
11.6138
11.6169
11.6122
11.606
11.5969
11.606
11.605
11.6
11.61
11.6179
11.6091
11.615
11.6148
11.6072
11.6041
11.6179
11.6091
11.6169
11.605
11.6019
11.5979
11.6141
11.6141
11.615
11.6131
11.6041
11.6491
11.615
11.6
11.6029
11.61
11.61
11.5912
11.616
11.6088
11.6091
11.627
11.5991
11.6041
11.605
11.616
11.6112
11.6029
11.6072
11.6031
11.6041
11.6222
11.5981
11.6282
11.6041
11.6031
11.605
11.6
11.6
11.5991
11.5969
11.6131
11.605
11.611
11.6129
11.6069
11.6129
11.615
11.5991
11.6069
11.6079
11.606
11.606
11.6169
11.6019
11.6088
11.615
11.6229
11.615
11.5991
11.6041
11.605
11.6141
11.6041
11.5979
11.611
11.6131
11.6148
11.611
11.6172
11.6
11.6119
11.6088
11.6031
11.6119
11.6169
11.6088
11.6179
11.6041
11.605
11.6119
11.606
11.616
11.632
11.606
11.5919
11.6138
11.6131
11.6069
11.6069
11.621
11.6079
11.5979
11.605
11.6069
11.6069
11.6091
11.5969
11.6169
11.611
11.611
11.6141
11.5981
11.616
11.596
11.5921
11.616
11.6041
11.5988
11.6031
11.611
11.6141
11.6069
11.6079
11.6138
11.622
11.6081
11.615
11.6172
11.6119
11.596
11.6081
11.595
11.5941
11.605
11.6022
11.6329
11.6122
11.6062
11.6081
11.5931
11.605
11.605
11.6029
11.6189
11.6141
11.6022
11.6251
11.606
11.6148
11.605
11.6141
11.6072
11.606
11.6072
11.595
11.605
11.6222
11.6091
11.616
11.6241
11.6041
11.5981
11.6088
11.622
11.6119
11.6189
11.6
11.605
11.6072
11.6119
11.601
11.6112
11.621
11.6038
11.6169
11.5919
11.6179
11.6079
11.61
11.6
11.6131
11.6031
11.6141
11.6031
11.6162
11.62
11.6022
11.6029
11.605
11.6079
11.6
11.615
11.6119
11.6091
11.6022
11.6072
11.6119
11.611
11.596
11.5972
11.6031
11.6141
11.6122
11.6079
11.5969
11.605
11.6031
11.6
11.6229
11.611
11.6191
11.605
11.6031
11.6119
11.611
11.6069
11.6088
11.631
11.615
11.6251
11.5991
11.6031
11.6019
11.6
11.6129
11.621
11.6181
11.6138
11.5988
11.6088
11.6091
11.5941
11.6119
11.6291
11.5991
11.6031
11.6069
11.6072
11.5979
11.5979
11.606
11.6091
11.6179
11.5931
11.62
11.601
11.6041
11.6048
11.6019
11.6179
11.6019
11.6081
11.61
11.5991
11.6
11.6141
11.6138
11.601
11.611
11.62
11.6172
11.6081
11.6119
11.6041
11.6029
11.6131
11.6129
11.6141
11.6041
11.6062
11.606
11.5988
11.616
11.596
11.6041
11.5991
11.6088
11.606
11.5969
11.5981
11.5972
11.6129
11.615
11.6119
11.6088
11.606
11.616
11.6141
11.6069
11.605
11.6091
11.6069
11.6191
11.6091
11.616
11.6148
11.6141
11.5991
11.616
11.605
11.6248
11.6072
11.605
11.5969
11.6031
11.6241
11.606
11.6031
11.61
11.5991
11.6031
11.6091
11.611
11.6031
11.6081
11.611
11.6081
11.62
11.6081
11.6169
11.5998
11.631
11.6081
11.6072
11.6031
11.6131
11.6112
11.6129
11.611
11.5962
11.6119
11.6
11.601
11.6019
11.6169
11.6
11.5979
11.5969
11.6029
11.6041
11.6031
11.601
