12.0749
11.605
11.5252
11.601
11.6189
11.59
11.6098
11.6329
11.6279
11.5981
11.6069
11.5871
11.6179
11.6079
11.6141
11.6179
11.5919
11.595
11.6169
11.601
11.6031
11.6019
11.6119
11.6
11.616
11.5988
11.5869
11.6069
11.5998
11.6
11.6079
11.605
11.6041
11.591
11.61
11.6
11.596
11.6
11.601
11.596
11.611
11.6
11.5979
11.6029
11.6088
11.606
11.596
11.5991
11.6019
11.61
11.6
11.6079
11.6041
11.6091
11.5991
11.6141
11.6029
11.5929
11.6029
11.601
11.61
11.6081
11.601
11.6019
11.6088
11.5969
11.5919
11.6141
11.61
11.5979
11.6119
11.5919
11.6029
11.611
11.5979
11.6062
11.6081
11.6169
11.5941
11.5919
11.6072
11.5972
11.62
11.5891
11.59
11.591
11.6012
11.62
11.615
11.611
11.611
11.601
11.6029
11.5871
11.5931
11.6029
11.6
11.6038
11.6098
11.5979
11.586
11.601
11.5972
11.595
11.5919
11.6029
11.616
11.61
11.5969
11.6091
11.6169
11.6062
11.601
11.5941
11.6119
11.595
11.5972
11.6091
11.5969
11.5991
11.595
11.606
11.601
11.596
11.591
11.5981
11.601
11.5929
11.6069
11.6
11.6
11.6041
11.6029
11.6019
11.6091
11.6251
11.6091
11.6148
11.5912
11.596
11.6119
11.6191
11.5941
11.5991
11.5979
11.586
11.6091
11.5979
11.5991
11.6131
11.6038
11.5972
11.5981
11.606
11.6131
11.6019
11.6019
11.5972
11.616
11.596
11.5991
11.6072
11.5919
11.6122
11.6141
11.6072
11.605
11.6191
11.6081
11.6
11.5988
11.5891
11.6019
11.5981
11.5981
11.6079
11.5981
11.5871
11.6031
11.6091
11.596
11.5991
11.596
11.6022
11.59
11.5931
11.6031
11.6
11.5838
11.6172
11.591
11.585
11.622
11.6129
11.5929
11.5919
11.5991
11.5869
11.5919
11.5991
11.5941
11.6019
11.6029
11.5991
11.6072
11.61
11.6072
11.595
11.6081
11.595
11.6022
11.595
11.5969
11.595
11.5912
11.6
11.6022
11.6069
11.6069
11.616
11.601
11.6179
11.5969
11.591
11.5969
11.5929
11.5929
11.5991
11.621
11.6
11.5991
11.59
11.6079
11.6141
11.6041
11.605
11.6072
11.5979
11.5921
11.6069
11.5941
11.5991
11.591
11.6091
11.6019
11.6031
11.6038
11.605
11.5981
11.6031
11.601
11.621
11.595
11.5898
11.615
11.6069
11.5991
11.601
11.585
11.605
11.6088
11.6062
11.5981
11.5991
11.6069
11.5991
11.6019
11.6
11.606
11.5979
11.6019
11.6079
11.5941
11.6091
11.61
11.601
11.601
11.5979
11.6181
11.6022
11.6041
11.595
11.621
11.6069
11.6301
11.6019
11.6012
11.6
11.595
11.5991
11.611
11.605
11.605
11.5941
11.6
11.6019
11.5972
11.59
11.6081
11.5972
11.5941
11.5921
11.601
11.6079
11.6141
11.5929
11.6022
11.591
11.5879
11.6141
11.596
11.6029
11.6029
11.6019
11.6
11.6022
11.59
11.5919
11.6079
11.595
11.6131
11.6231
11.5962
11.595
11.606
11.606
11.6019
11.606
11.6031
11.595
11.6029
11.601
11.6
11.5941
11.5919
11.6069
11.606
11.5972
11.615
11.61
11.6029
11.6069
11.5981
11.6
11.6072
11.5972
11.6069
11.5979
11.6088
11.6029
11.606
11.6029
11.601
11.5969
11.61
11.601
11.6012
11.6081
11.6031
11.5981
11.5921
11.6012
11.5969
11.6079
11.5869
11.605
11.6019
11.6
11.6119
11.601
11.605
11.6029
11.6129
11.6031
11.6069
11.5938
11.5969
11.595
11.6029
11.5969
11.5912
11.6031
11.6019
11.6079
11.6091
11.595
11.6012
11.6029
11.5931
11.5981
11.59
11.5969
11.6012
11.6069
11.601
11.601
11.62
11.6141
11.5979
11.6079
11.595
11.591
11.616
11.622
11.6181
11.605
11.6029
11.5991
11.5871
11.6279
11.6179
11.5991
11.5921
11.601
11.5991
11.611
11.6229
11.615
11.6069
11.5981
11.59
11.6169
11.5991
11.6141
11.6079
11.585
11.5991
11.5931
11.5912
11.601
11.601
11.5969
11.6031
11.595
11.5991
11.606
11.611
11.6041
11.6189
11.596
11.615
11.5969
11.595
11.6129
11.605
11.5869
11.6119
11.6169
11.6088
11.601
11.601
11.601
11.6119
11.605
11.6
11.61
11.5891
11.5979
11.595
11.5831
11.5972
11.6
11.606
11.616
11.5941
11.5869
11.61
11.6012
11.5979
11.606
11.5981
11.6019
11.5881
11.5991
11.591
11.605
11.6038
11.6
11.5869
11.6069
11.6038
11.5919
11.611
11.611
11.6081
11.595
11.61
11.601
11.6041
11.601
11.5931
11.6022
11.601
11.6081
11.595
11.6
11.5941
11.5919
11.595
11.6131
