11.384
4.843
4.84109
4.83704
4.8461
4.64916
4.41003
4.42195
4.41694
4.41313
4.421
4.40502
4.41694
4.41694
4.41003
4.40788
4.42386
4.41313
4.41313
4.41098
4.41003
4.41313
4.40812
4.40907
4.41813
4.41194
4.41623
4.41694
4.42386
4.41289
4.41504
4.40621
4.4229
4.4179
4.41194
4.40693
4.40907
4.41694
4.41194
4.41384
4.4179
4.41098
4.41194
4.42314
4.40812
4.41289
4.41504
4.40788
4.41194
4.41194
4.40502
3.69191
3.52097
3.51906
3.51691
3.52097
3.51787
3.52097
3.50308
3.46398
3.46208
3.46994
3.46589
3.46398
3.45111
3.443
3.443
3.443
3.4411
3.443
3.438
3.43108
3.4318
3.42488
3.42798
3.43108
3.42798
3.43108
3.42703
3.43299
3.43299
3.42798
3.43013
3.43204
3.42894
3.43299
3.42703
3.43084
3.4318
3.42894
3.43204
3.43299
3.42894
3.43013
3.43204
3.43394
3.43585
3.43084
3.43013
3.43108
3.43204
3.43394
3.42703
3.43299
3.4318
3.43084
3.42798
3.43108
3.42894
3.43013
3.43513
3.42703
3.42703
3.43108
3.43013
3.42798
3.4399
3.44586
3.42679
3.43394
3.42798
3.42894
3.43108
3.43204
3.43704
3.42917
3.43204
3.43204
3.42894
3.42989
3.4318
3.43299
3.43299
3.43585
3.42989
3.43084
3.43418
3.42989
3.43299
3.43204
3.42393
3.42607
3.43013
3.43204
3.43108
3.42917
3.43394
3.42512
3.43108
3.43299
3.43299
3.42989
3.43108
3.43609
3.43108
3.43394
3.4349
3.43513
3.42989
3.43084
3.43585
3.43204
3.4349
3.42703
3.42798
3.43299
3.42894
3.43299
3.43204
3.42703
3.4349
3.42584
3.4318
3.43394
3.42894
3.43299
3.43418
3.43394
3.42989
3.43204
3.43418
3.42703
3.42798
3.43204
3.43394
3.42298
3.43394
3.42798
3.42894
3.43204
3.43108
3.43013
3.42894
3.43323
3.43299
3.42989
3.43084
3.42798
3.42798
3.43585
3.43513
3.43204
3.42703
3.43013
3.43204
3.43609
3.43013
3.43084
3.4318
3.43204
3.42894
3.4349
3.43204
3.43204
3.43108
3.42703
3.42894
3.43108
3.43108
3.42989
3.43394
3.43394
3.43895
3.43299
3.42917
3.42798
3.43108
3.43418
3.42607
3.42703
3.43108
3.43204
3.43013
3.42989
3.42798
3.42894
3.4349
3.43394
3.42894
3.43299
3.43108
3.4318
3.4318
3.43084
3.42989
3.43299
3.43013
3.43204
3.42703
3.42703
3.4349
3.43704
3.43108
3.43418
3.43204
3.42894
3.42894
3.42894
3.43084
3.42989
3.43108
3.43108
3.42798
3.43084
3.43704
3.42703
3.43204
3.42989
3.43299
3.43108
3.43299
3.42798
3.43394
3.42989
3.42894
3.42798
3.42894
3.43299
3.43299
3.43299
3.43609
3.43204
3.43513
3.43108
3.43108
3.43204
3.43299
3.43204
3.43013
3.42798
3.42894
3.42512
3.43108
3.42798
3.42917
3.43108
3.42989
3.42584
3.43204
3.43299
3.43013
3.43299
3.43013
3.43204
3.43013
3.42989
3.43108
3.43013
3.43513
3.43204
3.42703
3.43108
3.42798
3.43013
3.43704
3.43013
3.43108
3.44205
3.44396
3.4461
3.44396
3.44682
3.44586
3.45302
3.46589
3.46279
3.46589
3.46184
3.46279
3.45993
3.46398
3.46088
3.45898
3.45993
3.46494
3.46088
3.46613
3.46303
3.46708
3.46088
3.45588
3.46279
3.45993
3.46518
3.46398
3.46112
3.46708
3.46303
3.46398
3.46494
3.46184
3.45993
3.45802
3.46208
3.45898
3.46184
3.46494
3.45898
3.46184
3.46589
3.46112
3.47114
3.46303
3.46303
3.45707
3.46088
3.46088
3.46398
3.46589
3.46017
3.44992
3.44515
3.44491
3.44181
3.44586
3.44396
3.44014
3.4461
3.4399
3.44396
3.44086
3.44682
3.44801
3.44396
3.44014
3.44491
3.44086
3.44396
3.44896
3.44491
3.443
3.45397
3.44801
3.44706
3.4461
3.44706
3.45087
3.44586
3.443
3.44896
3.44515
3.44491
3.4461
3.44419
3.4461
3.4349
3.42798
3.43204
3.42798
3.42679
3.42989
3.43299
3.43394
3.43513
3.43204
3.43204
3.43013
3.42584
3.42989
3.43204
3.42989
3.4349
3.43013
3.42989
3.42989
3.43609
3.43108
3.42989
3.43299
3.42989
3.43704
3.42703
3.43108
3.42989
3.42798
3.43204
3.42917
3.43204
3.43299
3.43013
3.43513
3.43299
3.43394
3.42584
3.42607
3.43394
3.42798
3.42894
3.42703
3.438
3.42894
3.4318
3.43084
3.42798
3.42703
3.43299
3.42798
3.43204
3.43204
3.42703
3.43323
3.43108
3.43609
3.4411
3.43204
3.42894
3.43108
3.4349
3.43013
3.42703
3.43204
3.43084
3.438
3.438
3.42894
3.43704
3.43204
3.42703
3.43084
3.43299
3.43299
3.43108
3.4318
3.42679
3.42894
3.42679
3.43299
3.43108
3.42703
3.43299
3.43204
3.43108
3.43323
3.43084
3.43084
3.43704
3.42822
3.42798
3.43204
3.43013
3.43299
3.43513
3.42798
3.42989
3.43418
3.42989
3.43299
3.42584
3.4318
3.42989
3.43299
3.43204
3.43108
3.42703
3.43013
3.43204
3.4349
3.43108
3.43299
3.43704
3.42989
3.43013
3.42894
3.4349
3.43204
3.42512
3.43704
3.42798
3.42798
3.42894
3.42584
3.42703
3.42798
3.42798
3.43895
3.4399
3.43204
3.43204
3.43418
3.43204
3.42989
3.43084
3.42679
3.43084
3.438
3.42798
3.42607
3.43609
3.42894
3.43013
3.42917
3.43394
3.44205
3.44515
3.44801
3.44014
3.44491
3.45111
3.438
3.45111
3.443
3.443
3.44992
3.44896
3.443
3.44706
3.45206
3.44396
3.443
3.44491
3.44801
3.4411
3.443
3.443
3.44515
3.44396
3.44801
3.44586
3.44086
3.4461
3.44515
3.438
3.43108
3.42798
3.43013
3.43204
3.43204
3.43204
3.43108
3.43204
3.43299
3.438
3.42894
3.42917
3.42798
3.43299
3.4349
3.42894
3.43108
3.4411
3.44396
3.44396
3.443
3.4399
3.443
3.44801
3.44896
3.44706
3.43919
3.44491
3.443
3.44515
3.44205
3.44491
3.44181
3.44682
3.44801
3.44706
3.443
3.44419
3.443
3.44205
3.4411
3.44491
3.44086
3.44086
3.44992
3.45397
3.45802
3.4461
3.44396
3.44992
3.44896
3.44396
3.45111
3.44586
3.44396
3.4461
3.44515
3.44706
3.44706
3.443
3.44515
3.44491
3.443
3.4399
3.44801
3.44396
3.4461
3.44515
3.44396
3.44706
3.4411
3.4461
3.44515
3.44205
3.44396
3.44396
3.443
3.44801
3.44396
3.44181
3.44491
3.44706
3.44014
3.44491
3.44181
3.44896
3.44801
3.4411
3.44396
3.44801
3.438
3.44706
3.44706
3.44491
3.44801
3.44896
3.44515
3.44706
3.443
3.44086
3.44491
3.44491
3.44682
3.44181
3.44682
3.44181
3.44801
3.44896
3.4411
3.4399
3.44682
3.44205
3.44992
3.443
3.44801
3.44586
3.44396
3.443
3.44419
3.45111
3.44896
3.443
3.45016
3.443
3.44706
3.44205
3.44515
3.44396
3.4492
3.44205
3.44706
3.44706
3.44396
3.4461
3.43204
3.43323
3.42703
3.43084
3.438
3.4349
3.43084
3.42488
3.42798
3.42798
3.43418
3.42894
3.42798
3.42798
3.42798
3.42798
3.43299
3.43299
3.43013
3.42894
3.43204
3.43013
3.43084
3.42894
3.43108
3.43108
3.42703
3.43204
3.43513
3.42894
3.43204
3.43299
3.42894
3.42917
3.42607
3.42894
3.43323
3.42989
3.43108
3.43418
3.43013
3.42798
3.42798
3.42822
3.42798
3.43013
3.42894
3.43204
3.43013
3.42798
3.42703
3.42989
3.42798
3.43108
3.42703
3.42989
3.42917
3.43204
3.43204
3.43108
3.438
3.42798
3.42989
3.43108
3.43418
3.43204
3.43204
3.42703
3.43299
3.43204
3.43204
3.43108
3.43108
3.43084
3.42798
3.43204
3.43204
3.42703
3.43084
3.43418
3.43394
3.43204
3.43204
3.43084
3.42894
3.43299
3.43299
3.42703
3.43013
3.42703
3.43108
3.43013
3.42798
3.43204
3.43609
3.443
3.443
3.443
3.44205
3.44515
3.443
3.44801
3.4492
3.44586
3.44396
3.44396
3.44396
3.44491
3.4461
3.44515
3.4461
3.44014
3.45087
3.44086
3.44515
3.45397
3.443
3.443
3.4461
3.44396
3.4461
3.443
3.44706
3.44205
3.44086
3.49307
3.45588
3.44515
3.4411
3.4411
3.4411
3.44491
3.44586
3.44396
3.443
3.44396
3.44205
3.44801
3.44706
3.44014
3.45111
3.44491
3.44491
3.443
3.443
3.44992
3.443
3.44896
3.44515
3.443
3.4461
3.44706
3.4411
3.44396
3.443
3.44396
3.44181
3.44491
3.44205
3.44515
3.44801
3.4399
3.44205
3.45588
3.43704
3.43204
3.43204
3.42798
3.42703
3.43299
3.42703
3.42798
3.42894
3.43013
3.43108
3.42703
3.43299
3.438
3.43084
3.4318
3.42703
3.438
3.44014
3.44396
3.44777
3.44181
3.44992
3.44801
3.44777
3.44586
3.44396
3.44396
3.44586
3.443
3.438
3.4461
3.44396
3.44896
3.45302
3.44396
3.44419
3.44205
3.44801
3.44706
3.44515
3.443
3.4461
3.44205
3.44396
3.44491
3.44801
3.4411
3.44491
3.44491
3.44706
3.43895
3.44992
3.44801
3.44706
3.4399
3.44396
3.443
3.4411
3.443
3.44205
3.45802
3.44586
3.4461
3.4461
3.44801
3.44419
3.4399
3.44491
3.43919
3.443
3.44396
3.44419
3.44396
3.44706
3.44205
3.4411
3.44205
3.443
3.44396
3.44491
3.44682
3.44181
3.45087
3.45087
3.44515
3.44896
3.44205
3.44396
3.443
3.44491
3.4411
3.45397
3.44801
3.44801
3.44205
3.44086
3.44181
3.44586
3.44801
3.443
3.44396
3.44491
3.44205
3.44801
3.44086
3.44086
3.44181
3.44205
3.44491
3.443
3.4399
3.4411
3.443
3.44396
3.44682
3.45492
3.44515
3.4411
3.44491
