19.3651
12.135
12.084
12.145
12.0931
12.126
12.0909
12.13
12.0969
12.1281
12.1012
10.041
7.24697
7.25198
7.22194
7.21097
7.23195
7.21097
7.19595
7.21002
7.22694
7.21312
7.22408
7.20596
7.17902
7.24101
7.236
7.20811
7.22003
7.22504
7.2329
7.21908
7.2062
7.20787
7.19094
7.22814
7.20906
7.236
7.21216
7.20406
7.20596
7.23791
7.18212
7.21502
7.21097
7.21598
7.2
7.236
7.22194
7.21884
7.17616
7.24196
7.20882
7.20882
7.24483
7.19905
7.24983
7.20501
7.22098
7.21288
7.21312
7.22098
7.22313
7.19905
7.21693
7.23982
7.18999
7.21288
7.231
7.18904
7.24697
7.20501
7.20501
7.2
7.21693
7.21788
7.23505
7.20692
7.20119
7.22003
7.24006
7.2
7.22599
7.20692
7.19786
7.2298
7.2248
7.19309
7.236
7.19786
7.1969
7.22599
7.20286
7.22384
7.23481
7.20596
7.22408
7.1981
7.21097
7.22408
7.24316
7.20191
7.19404
7.21407
7.23481
7.21693
7.19118
7.22098
7.23505
7.19309
7.20692
7.22003
7.21908
7.20501
7.22003
7.21884
7.20191
7.23505
7.20096
7.20191
7.22098
7.236
7.21312
7.22313
7.20382
7.19905
7.236
7.22599
7.18904
7.22003
7.21097
7.20692
7.23886
7.22384
7.20906
7.20787
7.19905
7.20286
7.24792
7.22098
7.20096
7.22003
7.19714
7.20692
7.22384
7.19619
7.22599
7.23696
7.23505
7.19905
7.2
7.23696
7.17402
7.22218
7.23886
7.20501
7.20811
7.2341
7.1919
7.21884
7.22504
7.21097
7.21598
7.21121
7.20096
7.25102
7.22194
7.21002
7.19714
7.21717
7.19786
7.20501
7.24792
7.22885
7.20096
7.21908
7.20716
7.22909
7.195
7.21002
7.22313
7.1919
7.21097
7.21192
7.24292
7.22218
7.21192
7.20787
7.20382
7.2298
7.21598
7.22408
7.20716
7.21312
7.21788
7.21002
7.2
7.22814
7.22313
7.21192
7.22218
7.2
7.20906
7.20215
7.24506
7.21502
7.21884
7.21002
7.20811
7.1919
7.1981
7.24602
7.24006
7.21383
7.17998
7.23505
7.21812
7.24006
7.19094
7.22194
7.18999
7.23195
7.24316
7.21192
7.21622
7.20882
7.21502
7.22384
7.18284
7.2372
7.20286
7.21788
7.19786
7.21502
7.22504
7.22694
7.2
7.21788
7.22313
7.21908
7.21598
7.21383
7.21788
7.22003
7.20906
7.20406
7.21502
7.21908
7.21216
7.21097
7.24101
7.17783
7.24101
7.19094
7.21884
7.236
7.21407
7.21788
7.18594
7.21908
7.2391
7.20406
7.24006
7.20596
7.20501
7.19213
7.23696
7.20406
7.22504
7.22504
7.20382
7.22384
7.22694
7.2031
7.20811
7.20906
7.24006
7.18808
7.20811
7.24792
7.16686
7.26986
7.19094
7.23004
7.19905
7.20811
7.22218
7.21002
7.21312
7.22289
7.21788
7.1919
7.24792
7.2031
7.21097
7.20096
7.22504
7.20811
7.2341
7.22122
7.21288
7.1969
7.21002
7.22694
7.21598
7.22003
7.21288
7.21002
7.20692
7.21502
7.23791
7.21884
7.20906
7.20692
7.21717
7.20692
7.23982
7.20501
7.18689
7.24602
7.18808
7.2
7.25508
7.21622
7.2031
7.20596
7.24816
7.22003
7.20692
7.22003
7.21002
7.21788
7.21097
7.22003
7.18904
7.20382
7.23791
7.23004
7.22408
7.18808
7.23505
7.18784
7.23386
7.21788
7.2
7.19905
7.24983
7.20882
7.20191
7.2031
7.24101
7.24196
7.195
7.24196
7.20811
7.18594
7.20382
7.2329
7.2031
7.1981
7.25293
7.21288
7.21598
7.1969
7.21908
7.21407
7.20692
7.23886
7.19905
7.21908
7.20096
7.2422
7.18307
7.21502
7.22003
7.22408
7.22003
7.18498
7.24387
7.22623
7.20882
7.22003
7.20406
7.20811
7.24602
7.20906
7.21216
7.2
7.231
7.195
7.22599
7.22384
7.23219
7.22408
7.19404
7.21812
7.23696
7.17402
7.23386
7.1919
7.24792
7.20406
7.22313
7.21002
7.1981
7.21002
7.24196
7.21502
7.21812
7.21908
7.2341
7.2
7.20716
7.20692
7.17902
7.22289
7.24602
7.21884
7.21788
7.21121
7.19595
7.21908
7.23004
7.19309
7.19309
7.25317
7.20215
7.19786
7.2329
7.23219
7.21407
7.20215
7.21288
7.21502
7.2341
7.21788
7.19786
7.21192
7.24411
7.20716
7.18999
7.21192
7.20692
7.24483
7.20692
7.2341
7.19905
7.22003
7.20096
7.22218
7.20096
7.22194
7.22599
7.21216
7.20501
7.22814
7.20406
7.21407
7.22599
7.21693
7.19905
7.22504
7.20882
7.23696
7.19094
7.22885
7.2062
7.22098
7.1981
7.21622
7.22098
7.22814
7.21598
7.20501
7.22289
7.19881
7.23004
7.21788
7.19285
7.22599
7.18403
7.23505
7.21502
7.22694
7.21407
7.2279
7.20882
7.21788
7.22098
7.2279
7.18784
7.21598
7.20906
7.21812
7.21884
7.23791
7.2
7.231
7.20787
7.21502
7.22408
7.22098
7.21312
7.20596
7.20096
7.22599
7.20692
7.20119
7.231
7.24196
7.20406
7.18307
7.22814
7.21407
7.22814
7.2279
7.18403
7.231
7.21383
7.20787
7.22289
7.21383
7.21788
7.23505
7.20596
7.23314
7.21788
7.18904
7.20882
7.22599
7.21192
7.22408
7.1969
7.22384
7.23505
7.20096
7.21192
7.20811
7.21693
7.1969
7.22718
7.20406
7.22289
7.22885
7.20191
7.22289
7.1981
7.2422
7.20906
7.21192
7.18689
7.24077
7.20406
7.22003
7.21312
7.21693
7.21288
7.22694
7.21717
7.21407
7.21908
7.20191
7.20191
7.21383
7.24602
7.21502
7.21097
7.22909
7.21502
7.19905
7.1981
7.24292
7.21002
7.22384
7.22599
7.19309
7.20501
7.21502
7.2341
7.22718
7.20191
7.22003
7.22289
7.22313
7.20787
7.19786
7.21002
7.22408
7.2031
7.21717
7.21788
7.20191
7.24411
7.21407
7.22408
7.22098
7.19213
7.21407
7.22599
7.18617
7.231
7.23004
7.19404
7.22814
7.22814
7.20501
7.21097
7.20787
7.22504
7.21502
7.20811
7.236
7.22218
7.19595
7.18498
7.24602
7.20906
7.19309
7.23791
7.22098
7.21192
7.21693
7.20406
7.22814
7.21502
7.22909
7.21502
7.2031
7.22504
7.19118
7.21693
7.19595
7.25508
7.20406
7.21383
7.20096
7.21002
7.24101
7.2298
7.21884
7.19309
7.19619
7.19404
7.23696
7.21097
7.21216
7.25102
7.19905
7.21097
7.20596
7.21192
7.24602
7.18403
7.22504
7.21717
7.22003
7.20596
7.22599
7.21288
7.22694
7.2
7.22194
7.20096
7.20882
7.23791
7.18904
7.231
7.21002
7.19714
7.231
7.19094
7.19905
7.20501
7.22504
7.21002
7.22003
7.23815
7.21598
7.2031
7.21717
7.23195
7.19309
7.20906
7.22504
7.22599
7.20191
7.19595
7.20906
7.24292
7.18999
7.23886
7.21097
7.231
7.19213
7.23195
7.23886
7.20215
7.22003
7.22098
7.2031
7.18594
7.22098
7.24196
7.20501
7.20191
7.21884
7.236
7.22098
7.22003
7.21121
7.20501
7.22098
7.20501
7.21502
7.19118
7.24006
7.21312
7.1981
7.2341
7.23696
7.19905
7.21097
7.23815
7.231
7.20692
7.20596
7.18403
7.22504
7.20215
7.21812
7.21788
7.21288
7.231
7.21097
7.19404
7.25007
7.19094
7.24387
7.21407
7.21312
7.18307
7.2372
7.17402
7.2341
7.21192
7.23982
7.21502
7.19905
7.20906
7.21598
7.22098
7.21383
7.21002
7.20811
7.24006
7.18093
7.23886
7.21598
7.23886
7.17497
7.2391
7.20406
7.21097
7.21097
7.24196
7.19619
7.21002
7.22504
7.22289
7.20716
7.23982
7.21288
7.2
7.20692
7.1919
7.25079
7.19881
7.21788
7.21598
7.20191
7.25102
7.20382
7.1969
7.21717
7.195
7.20716
7.25102
7.22599
7.22098
7.19094
7.23505
7.20215
7.21693
7.18784
7.22289
7.22098
7.19595
7.24101
7.2298
7.19905
7.2
7.23505
7.21622
7.19595
7.21979
7.22504
7.22599
7.19714
7.22003
7.21693
7.231
7.2031
7.22504
7.20811
7.195
7.2372
7.20787
7.20501
7.25508
7.17688
7.24697
7.21097
7.21002
7.20501
7.236
7.20406
7.20906
7.20811
7.21002
7.21598
7.22408
7.23195
7.21407
7.19309
7.24196
7.18594
7.23815
7.1969
7.20882
7.22289
7.21908
7.21502
7.21598
7.23386
7.1609
7.21693
7.22599
7.24101
7.21502
7.21908
7.20716
7.21192
7.20477
7.21288
7.22599
7.21192
7.23195
7.18713
7.236
7.18307
7.2732
7.19595
7.20286
7.22694
7.20811
7.21312
7.21502
7.20406
7.2031
7.22909
7.23004
7.17807
7.24912
7.21097
7.21693
7.24006
7.18808
7.21598
7.23314
7.20596
7.21812
7.20119
7.2329
7.22098
7.21002
7.20096
7.20596
7.20215
7.24888
7.21383
7.20882
7.22098
7.22504
7.18904
7.22408
7.20501
7.21908
7.24292
7.21192
7.18999
7.21908
7.22313
7.21693
7.20191
7.21693
7.2329
7.22098
7.19094
7.21097
7.21002
7.2341
7.22504
7.20906
7.20406
7.22313
7.21598
7.22098
7.22194
7.22194
7.21407
7.21002
7.20787
7.2329
7.18188
7.21502
7.2279
7.21908
7.20906
7.22909
7.19213
7.24196
7.21192
7.21312
7.21097
7.22814
7.20596
7.20406
7.2372
7.21908
7.19094
7.21884
7.23195
7.2
7.22003
7.20501
7.22313
7.236
7.18999
7.23791
7.21908
7.18212
7.24292
7.21002
7.20906
7.22003
7.22599
7.2
7.22098
7.21693
7.19714
7.21097
7.21502
7.24006
7.18403
7.21192
7.2341
7.195
7.24602
7.17497
7.22313
7.24006
7.1969
7.20406
7.22098
7.23195
7.19786
7.24983
7.21097
7.21407
7.18117
7.24292
7.2
7.20596
7.22289
7.20406
7.22218
7.2329
7.19094
7.22003
7.21717
7.22694
7.22098
7.21812
7.19309
7.1981
7.23791
7.2
7.23505
7.20811
7.21097
