188.169
182.706
183.159
179.599
179.979
179.798
176.356
176.293
173.254
171.042
170.905
167.564
162.943
162.193
162.355
162.413
162.083
158.907
163.776
165.092
165.161
165.415
160.715
160.426
160.512
155.6
155.58
155.563
153.7
150.832
149.982
149.723
149.858
145.269
140.447
141.981
141.871
138.632
139.223
141.664
145.85
142.622
138.279
142.094
144.054
143.775
142.028
139.395
144.266
145.946
145.805
145.829
145.896
145.882
145.594
145.945
145.658
145.858
145.632
145.341
145.706
145.63
145.75
145.807
145.664
146.993
145.721
145.694
145.698
145.677
145.548
145.671
147.494
146.802
146.823
146.436
145.699
145.552
145.82
146.335
147.328
146.446
145.634
145.473
145.98
146.481
146.705
146.221
145.574
145.777
145.771
145.836
145.933
145.766
145.978
145.49
146.193
145.568
145.536
147.209
