0.00000000000000000000000000000000
0.03800197318196296691894531250000
0.07600394636392593383789062500000
0.11400591582059860229492187500000
0.15200789272785186767578125000000
0.19000986218452453613281250000000
0.22801183164119720458984375000000
0.26601380109786987304687500000000
0.30401578545570373535156250000000
0.34201774001121520996093750000000
0.38001972436904907226562500000000
0.41802167892456054687500000000000
0.45602366328239440917968750000000
0.49402564764022827148437500000000
0.53202760219573974609375000000000
0.57002961635589599609375000000000
0.60803157091140747070312500000000
0.64603352546691894531250000000000
0.68403548002243041992187500000000
0.72203749418258666992187500000000
0.76003944873809814453125000000000
0.79804146289825439453125000000000
0.83604335784912109375000000000000
0.87404537200927734375000000000000
0.91204732656478881835937500000000
0.95004934072494506835937500000000
0.98805129528045654296875000000000
1.02605330944061279296875000000000
1.06405520439147949218750000000000
1.10205721855163574218750000000000
1.14005923271179199218750000000000
1.17806124687194824218750000000000
1.21606314182281494140625000000000
1.25406503677368164062500000000000
1.29206705093383789062500000000000
1.33006906509399414062500000000000
1.36807096004486083984375000000000
1.40607309341430664062500000000000
1.44407498836517333984375000000000
1.48207688331604003906250000000000
1.52007889747619628906250000000000
1.55808091163635253906250000000000
1.59608292579650878906250000000000
1.63408482074737548828125000000000
1.67208671569824218750000000000000
1.71008884906768798828125000000000
1.74809074401855468750000000000000
1.78609275817871093750000000000000
1.82409465312957763671875000000000
1.86209666728973388671875000000000
1.90009868144989013671875000000000
1.93810069561004638671875000000000
1.97610259056091308593750000000000
2.01410460472106933593750000000000
2.05210661888122558593750000000000
2.09010863304138183593750000000000
2.12811040878295898437500000000000
2.16611242294311523437500000000000
2.20411443710327148437500000000000
2.24211645126342773437500000000000
2.28011846542358398437500000000000
2.31812024116516113281250000000000
2.35612249374389648437500000000000
2.39412426948547363281250000000000
2.43212628364562988281250000000000
2.47012829780578613281250000000000
2.50813007354736328125000000000000
2.54613232612609863281250000000000
2.58413410186767578125000000000000
2.62213635444641113281250000000000
2.66013813018798828125000000000000
2.69814014434814453125000000000000
2.73614192008972167968750000000000
2.77414393424987792968750000000000
2.81214618682861328125000000000000
2.85014796257019042968750000000000
2.88814997673034667968750000000000
2.92615199089050292968750000000000
2.96415376663208007812500000000000
3.00215601921081542968750000000000
3.04015779495239257812500000000000
3.07815980911254882812500000000000
3.11616182327270507812500000000000
3.15416359901428222656250000000000
3.19216585159301757812500000000000
3.23016762733459472656250000000000
3.26816964149475097656250000000000
3.30617165565490722656250000000000
3.34417343139648437500000000000000
3.38217568397521972656250000000000
3.42017769813537597656250000000000
3.45817947387695312500000000000000
3.49618148803710937500000000000000
3.53418350219726562500000000000000
3.57218551635742187500000000000000
3.61018753051757812500000000000000
3.64818930625915527343750000000000
3.68619155883789062500000000000000
3.72419333457946777343750000000000
3.76219534873962402343750000000000
3.80019736289978027343750000000000
