7.46799
7.12585
7.13706
7.12204
7.11393
7.13086
7.11203
7.11703
7.1311
7.12705
7.12514
7.13515
7.12514
7.12204
7.14493
7.11703
7.1249
7.12895
7.12395
7.13897
7.12895
7.12609
7.12991
7.1249
7.12991
7.11584
7.11703
7.12204
7.12013
7.12705
7.13706
7.12514
7.12299
7.13992
7.1249
7.11799
7.13491
7.13205
7.13921
7.12705
7.11989
7.12299
7.11989
7.11489
7.14302
7.12109
7.13086
7.11894
7.13491
7.12895
7.13587
7.128
7.12609
7.14183
7.12919
7.11298
7.12609
7.12705
7.12299
7.12514
7.11918
7.11489
7.12585
7.12299
7.11012
7.11393
7.1311
7.13301
7.12585
7.13491
7.12109
7.13086
7.1249
7.11989
7.11989
7.13086
7.12204
7.13086
7.12895
7.11513
7.11393
7.128
7.128
7.128
7.12991
7.13181
7.13301
7.11918
7.13301
7.13301
7.12991
7.12395
7.12109
7.12895
7.12085
7.11989
7.1311
7.12991
7.12895
7.13301
7.13396
7.12085
7.10583
7.13897
7.13491
7.12204
7.12299
7.128
7.10297
7.13897
7.12395
7.1249
7.14302
7.128
7.11799
7.10011
7.12705
7.12109
7.13301
7.12705
7.1218
7.12395
7.14707
7.13301
7.13396
7.12895
7.13396
7.13897
7.13992
7.11679
7.12895
7.11894
7.13396
7.12609
7.13205
7.14302
7.11083
7.13205
7.13086
7.11393
7.11203
7.14588
7.1311
7.12323
7.1249
7.14612
7.12395
7.12299
7.12204
7.11107
7.12895
7.13301
7.12585
7.12895
7.12085
7.11489
7.1249
7.12919
7.12705
7.12514
7.13587
7.12204
7.12919
7.12395
7.128
7.12395
7.13301
7.12085
7.13801
7.11489
7.1218
7.11989
7.13205
7.12895
7.13801
7.14183
7.13515
7.11513
7.13801
7.12895
7.12895
7.11513
7.12419
7.12585
7.12991
7.128
7.1311
7.12299
7.11989
7.12395
7.11298
7.14207
7.11799
7.13515
7.13015
7.11203
7.128
7.11703
7.12609
7.11513
7.12204
7.11989
7.12085
7.12705
7.12299
7.11298
7.14087
7.11894
7.12299
7.12299
7.13301
7.12204
7.10583
7.12299
7.128
7.11584
7.1249
7.13205
7.13706
7.11703
7.13301
7.11799
7.15303
7.14397
7.12204
7.12395
7.13301
7.11918
7.12514
7.128
7.12705
7.12991
7.13921
7.12514
7.12514
7.14111
7.11894
7.12204
7.12895
7.12585
7.10392
7.13301
7.12895
7.13706
7.12204
7.12204
6.97398
7.13301
7.13301
7.128
7.12299
7.10988
7.128
7.11703
7.11894
7.12681
7.12204
7.1342
7.12514
7.12895
7.12609
7.11608
7.12514
7.12299
7.11679
7.13587
7.13396
7.128
7.14087
7.13205
7.14302
7.12681
7.12085
7.11989
7.11489
7.128
7.13205
7.1249
7.1249
7.1249
7.1249
7.13491
7.128
7.12895
7.12299
7.12109
7.12204
7.13801
7.13992
7.13706
7.13992
7.12299
7.12681
7.13205
7.12514
7.14707
7.12109
7.12705
7.12585
7.12419
7.12299
7.12895
7.12109
7.12204
7.13992
7.12109
7.11894
7.13706
7.11799
7.13205
7.11584
7.12299
7.12109
7.13205
7.13301
7.14302
7.128
7.12585
7.11584
7.12585
7.12609
7.13801
7.13205
7.11918
7.11107
7.12299
7.13706
7.11989
7.11894
7.14803
7.128
7.11107
7.12585
7.14302
7.13205
7.13491
7.10988
7.12395
7.12585
7.12895
7.12585
7.10487
7.13801
7.12109
7.11799
7.13301
7.11203
7.1249
7.12085
7.11513
7.12299
7.11489
7.13396
7.128
7.12895
7.12705
7.12609
7.12299
7.12895
7.11989
7.11989
7.11894
7.128
7.14612
7.11703
7.12299
7.14111
7.11703
7.13801
7.12395
7.1311
7.11513
7.13396
7.11799
7.13491
7.11393
7.12013
7.12681
7.12419
7.11608
7.10893
7.12705
7.12919
7.128
7.128
7.13301
7.12609
7.11584
7.13301
7.11203
7.13015
7.11489
7.12395
7.11203
7.128
7.13301
7.13897
7.13301
7.13181
7.13897
7.13396
7.128
7.11298
7.13515
7.12299
7.11989
7.1218
7.13301
7.11894
7.11584
7.11489
7.11894
7.12299
7.12299
7.13515
7.13301
7.1311
7.11799
7.14302
7.12895
7.12109
7.12299
7.12013
7.12919
7.12895
7.10893
7.11703
7.11489
7.12681
7.13897
7.13611
7.11489
7.13205
7.12585
7.128
7.13205
7.13181
7.12895
7.12085
7.12085
7.14493
7.11799
7.11203
7.128
7.12299
7.13015
7.10797
7.1249
7.11703
7.12299
7.11513
7.13611
7.12013
7.12514
7.12585
7.12109
7.11584
7.11489
7.11894
7.13491
7.12705
7.13301
7.12681
7.12395
7.11584
7.128
7.11393
7.12991
7.11107
7.11107
7.14087
7.11799
7.1249
7.1249
7.11799
7.1249
7.11703
7.12681
7.12609
7.12395
7.12895
7.12514
7.11799
7.13205
7.12609
7.11894
7.128
7.128
7.13205
7.14803
7.1218
7.12085
7.11799
7.12681
7.12109
7.13301
7.11989
7.12085
7.11298
7.12395
7.128
7.12299
7.13611
7.11894
7.15208
7.11918
7.13205
7.12609
7.11703
7.14493
7.128
7.1218
7.128
7.13706
7.13205
7.12109
7.13897
7.12514
7.12395
7.11799
7.11989
7.15113
7.12395
7.13515
7.13015
7.13611
7.12991
7.13992
7.14493
7.12585
7.11989
7.12109
7.12705
7.12299
7.14588
7.12109
7.12204
7.13086
7.12109
7.12705
7.15899
7.11823
7.13301
7.13897
7.12395
7.12299
7.12419
7.14993
7.12395
7.128
7.13015
7.14898
7.1311
7.13086
7.12299
7.11679
7.11703
7.12013
7.11918
7.128
7.11489
7.13205
7.13706
7.15423
7.12299
7.13897
7.11608
7.12585
7.12585
7.11513
7.12299
7.11203
7.13515
7.11608
7.1249
7.10607
7.13181
7.128
7.11918
7.12395
7.12585
7.12109
7.1218
7.12299
7.13015
7.11489
7.11703
7.11107
7.1218
7.12991
7.128
7.13682
7.12204
7.1311
7.13015
7.13015
7.13515
7.12419
7.12514
7.12299
7.13301
7.13205
7.12085
7.12991
7.11703
7.12705
7.11799
7.14803
7.13587
7.12109
7.12204
7.11298
7.11894
7.1311
7.11513
7.13396
7.12395
7.13301
7.11894
7.11083
7.1249
7.12085
7.11894
7.11203
7.1249
7.1249
7.13515
7.13491
7.13587
7.12419
7.11703
7.11203
7.13801
7.11894
7.12419
7.12895
7.14302
7.13611
7.12109
7.12991
7.12013
7.13301
7.11799
7.11823
7.12895
7.12299
7.12395
7.12705
7.12085
7.11703
7.13611
7.12395
7.12109
7.11894
7.13611
7.12895
7.12299
7.12895
7.11513
7.11608
7.128
7.13205
7.11489
7.11513
7.12395
7.12395
7.12109
7.128
7.12299
7.1249
7.11584
7.12514
7.11513
7.1311
7.11703
7.12681
7.1311
7.12204
7.1311
7.11799
7.11203
7.12705
7.12085
7.13611
7.12895
7.13015
7.1249
7.13992
7.12609
7.12204
7.13181
7.13205
7.12299
7.11799
7.1249
7.12204
7.12681
7.11203
7.11918
7.11393
7.13301
7.12085
7.12609
7.12299
7.11799
7.128
7.13205
7.12705
7.12895
7.13897
7.1249
7.12609
7.128
7.14111
7.12895
7.12895
7.10297
7.13897
7.12585
7.12585
7.11703
7.12204
7.11703
7.13015
7.11894
7.13706
7.128
7.12204
7.12395
7.12585
7.11393
7.12585
7.15017
7.13396
7.13205
7.12705
7.12299
7.12419
7.11298
7.12013
7.12705
7.14493
7.12395
7.128
7.12681
7.1218
7.12299
7.11799
7.14111
7.13706
7.11894
7.14016
7.12013
7.128
7.11203
7.12585
7.1249
7.11298
7.12299
7.12895
7.12109
7.12919
7.12395
7.14493
7.12991
7.13992
7.12585
7.12585
7.13301
7.1311
7.12991
7.12109
7.12514
7.11703
7.13587
7.11894
7.12895
7.12705
7.12013
7.11584
7.13396
7.12991
7.13682
7.13801
7.12013
7.12013
7.12204
7.12085
7.14087
7.11703
7.11703
7.12204
7.11703
7.13301
7.12585
7.13682
7.13897
7.11989
7.11083
7.11799
7.1249
7.11608
7.12299
7.12013
7.13515
7.11393
7.11608
7.12204
7.13515
7.12895
7.14302
7.12705
7.12204
7.14803
7.12085
7.13897
7.12991
7.14207
7.14397
7.12395
7.13301
7.13682
7.1249
7.14087
7.1249
7.12895
7.12895
7.11107
7.12299
7.13086
7.11107
7.13897
7.13706
7.13086
7.13587
7.15494
7.14207
7.14588
7.12395
7.10511
7.128
7.13587
7.1249
7.12585
7.12705
7.1342
7.13897
7.14207
7.13181
7.12705
7.12895
7.12895
7.12109
7.12299
7.12395
7.12514
7.12299
7.128
7.11298
7.1311
7.13992
7.13491
7.1249
7.11918
7.1311
7.128
7.11989
7.13515
7.12514
7.11489
7.13396
7.12323
7.13086
7.12299
7.11799
7.12609
7.13205
7.12681
7.15613
7.1249
7.12299
7.11608
7.13587
7.13611
7.11799
7.1311
7.13491
7.12705
7.13301
7.11703
7.12585
7.11799
7.12109
7.12013
7.13205
7.128
7.11799
7.11703
7.12395
7.1342
7.15017
7.11703
7.11894
7.11107
7.12395
7.11489
7.12609
7.13396
7.11894
7.12323
7.11799
7.12299
7.11918
7.128
7.12299
7.12204
7.12109
7.13301
7.11608
7.12013
7.13301
7.11894
7.13801
7.14588
7.11894
7.14207
7.12013
7.13015
7.12585
7.11513
7.12681
7.13491
7.11203
7.128
7.11894
7.13682
7.14111
7.13706
7.13015
7.13205
7.11799
7.12299
7.12705
7.12085
7.13301
7.11894
7.11799
7.13706
7.11393
7.12299
7.12419
7.13301
7.12395
7.13611
7.12085
7.1249
7.1342
7.13205
7.12395
7.12299
7.13992
7.12585
7.12895
7.12299
7.12585
7.14183
7.11894
7.11894
7.12204
7.14087
7.11989
7.11989
7.11298
7.13801
7.13897
7.12299
7.12299
7.13682
7.11894
7.11608
7.10797
7.1249
7.11393
7.13515
7.12299
7.13301
7.1249
7.12395
7.11894
7.11799
7.12395
7.13205
7.12681
7.13205
7.11012
7.11298
7.13897
7.12323
7.12919
7.12395
