11.0071
10.9591
11.0729
10.9341
10.654
11.126
10.978
11.0731
11.1568
10.8619
10.9658
11.003
10.6499
10.824
10.8879
11.0171
10.896
10.7281
10.803
10.833
11.0769
10.8168
11.174
11.0421
10.9508
11.1332
10.829
11.0059
10.6189
10.947
11.1251
10.8089
10.8509
10.8829
10.886
11.049
10.9761
11.0312
10.6149
10.721
10.8728
10.9658
11.0838
11.019
10.8402
11.0161
10.8399
10.987
10.8931
10.8771
11.0781
10.8912
11.0691
10.9448
10.9
11.0159
10.9029
11.116
11.076
10.906
11.018
11.0278
10.869
10.998
10.9091
10.8838
10.946
10.783
10.8371
10.848
11.101
10.9529
10.8318
11.1079
10.8719
11.024
10.9251
11.03
10.7749
10.7951
10.6511
11.0931
10.721
11.009
10.7141
10.8118
10.9179
10.9589
10.931
11.0469
11.09
10.7591
10.864
11.0869
10.8359
10.92
10.967
11.0228
10.721
10.8469
10.8531
11.0199
10.895
11.086
10.828
10.8991
10.8361
11.0812
10.8411
10.7601
11.127
11.1091
10.829
11.0269
10.783
11.111
10.824
10.927
11.1358
11.142
10.942
10.915
11.096
11.0569
10.8991
11.0121
10.8049
11.0929
10.8919
10.7472
10.9618
10.8519
11.013
11.09
10.9851
11.066
10.85
10.8869
10.839
10.8891
11.0168
11.138
10.9
10.7808
10.9971
11.0071
11.1001
10.8731
11.035
10.8099
11.0972
11.003
11.009
11.0829
10.839
10.582
10.9062
11.085
10.9439
10.6199
10.8571
10.839
11.0569
11.0972
11.03
11.029
10.9301
10.8149
10.895
10.9689
10.9391
10.9921
10.89
11.075
11.0481
10.886
10.8392
10.9661
10.8089
10.762
11.102
11.0629
10.941
10.86
10.8709
11.0588
10.787
11.019
11.0898
10.731
10.9441
11.0531
11.133
10.7861
11.111
10.864
11.1301
10.7911
10.7911
10.8111
11.0071
11.024
10.8631
10.7679
10.9851
10.9022
10.968
11.076
10.8252
11.014
10.993
10.632
10.957
10.977
10.993
10.9801
11.044
10.7059
10.808
10.91
11.004
11.06
10.9849
10.884
10.7379
10.963
10.999
10.6668
10.9611
10.875
10.8321
10.7751
10.9501
10.916
10.792
10.778
10.9792
10.957
11.0838
10.932
11.1589
10.716
11.014
10.9532
11.0931
10.906
10.6258
10.993
10.9398
10.9849
11.0669
10.8678
11.0559
11.0691
11.039
10.818
10.823
10.8111
11.0929
11.0691
10.874
11.0469
10.8449
10.8368
10.813
10.9792
10.829
10.926
10.9849
10.833
10.8531
10.8011
10.927
10.9861
11.018
10.8092
10.9971
11.142
10.8511
11.076
10.6552
11.138
11.0412
11.086
11.013
10.9401
10.982
11.091
10.9129
11.1291
10.8831
10.8068
10.978
10.952
10.956
11.0559
11.0781
10.9942
11.0159
11.0419
10.9241
11.04
10.8922
10.9859
10.956
10.767
10.9661
10.952
10.7849
10.9131
10.7141
11.0011
11.0281
11.101
10.778
10.87
10.7119
10.9859
11.1189
10.9291
11.0328
11.1032
11.0421
10.6421
10.8681
11.1129
10.843
10.994
10.9529
11.0972
10.8509
10.7431
10.7012
10.9141
10.8619
10.8869
10.6981
11.0052
10.978
10.891
10.7899
10.8509
10.9179
10.9229
10.8888
10.761
10.772
11.049
10.9251
10.762
10.8931
10.932
10.947
11.1601
11.0888
10.85
10.838
10.9901
10.936
10.9661
10.999
10.946
10.782
10.9711
10.8302
11.133
10.814
10.869
10.9079
11.0359
10.7112
10.833
10.818
11.111
10.843
10.7882
11.0071
10.7651
10.8838
10.9711
10.8361
11.03
10.9451
11.1122
10.922
10.8559
10.993
10.813
11.0281
11.1089
11.1079
10.8352
10.9789
11.0111
11.0159
11.0779
10.9379
10.838
11.019
11.019
11.101
11.0881
10.8912
11.008
11.1239
11.0731
10.8581
11.045
10.807
10.8309
11.0581
10.885
10.9251
10.865
10.8869
11.0469
10.8991
10.751
11.0221
10.7889
10.8831
10.9069
10.8032
11.1239
11.013
10.8819
10.869
10.725
10.844
10.993
11.0431
11.0719
10.937
10.869
10.7751
10.844
10.8309
11.0922
10.9131
11.0981
10.8461
10.834
10.879
10.947
10.7732
11.0431
11.0562
11.0109
10.8702
11.0421
10.9961
11.116
11.1079
11.0421
11.0731
10.74
10.829
10.8879
11.0779
10.752
10.983
10.874
10.788
10.807
10.8891
10.922
10.8929
10.8812
10.886
11.0281
11.0581
10.9859
11.1029
10.8659
11.1601
10.879
11.075
11.0331
11.085
11.0619
10.8719
10.8519
10.905
10.9451
10.9689
10.9441
10.808
10.978
10.7999
10.891
11.132
11.0099
10.8209
10.8991
10.9558
11.1349
10.9298
10.8261
10.8399
10.9332
