11.6379
11.5829
11.5781
11.58
11.5759
11.58
11.5778
11.586
11.5781
11.5831
11.585
11.58
11.58
11.5821
11.584
11.5781
11.585
11.579
11.5762
11.5809
11.5709
11.579
11.5759
11.5819
11.5821
11.5809
11.5819
11.579
11.58
11.5781
11.5759
11.579
11.575
11.575
11.5819
11.59
11.58
11.58
11.5862
11.575
11.574
11.579
11.5831
11.5819
11.585
11.586
11.584
11.579
11.59
11.586
11.5891
11.5788
11.5759
11.5771
11.5781
11.58
11.5821
11.586
11.584
11.575
11.5821
11.5809
11.5829
11.579
11.585
11.58
11.5759
11.5891
11.5862
11.5812
11.5778
11.5809
11.58
11.5809
11.5941
11.5759
11.5809
11.5809
11.5831
11.5838
11.5771
11.585
11.5769
11.584
11.5812
11.5819
11.586
11.579
11.58
11.5829
11.586
11.585
11.58
11.5809
11.579
11.5881
11.584
11.5881
11.5988
11.5888
11.585
11.5879
11.5881
11.591
11.5809
11.586
11.585
11.59
11.59
11.586
11.5869
11.5769
11.5931
11.575
11.584
11.58
11.5812
11.58
11.59
11.5809
11.5831
11.5821
11.584
11.5812
11.5862
11.5809
11.5869
11.585
11.586
11.5891
11.5862
11.584
11.5881
11.584
11.5819
11.584
11.5831
11.5819
11.584
11.586
11.5879
11.585
11.5781
11.5809
11.5891
11.5788
11.574
11.5771
11.591
11.5888
11.579
11.5762
11.5812
11.579
11.5881
11.5759
11.58
11.58
11.586
11.5888
11.586
11.5759
11.59
11.58
11.5881
11.5862
11.5891
11.5781
11.586
11.58
11.585
11.5819
11.5919
11.5781
11.585
11.5809
11.5871
11.579
11.591
11.584
11.5869
11.5821
11.5981
11.5819
11.5871
11.5769
11.58
11.5869
11.58
11.5819
11.5809
11.5891
11.58
11.5831
11.5812
11.5819
11.5781
11.59
11.5781
11.5891
11.58
11.5838
11.584
11.5831
11.5831
11.5891
11.5829
11.579
11.585
11.5879
11.5831
11.5778
11.5809
11.5912
11.5762
11.5838
11.5771
11.579
11.5769
11.5809
11.5819
11.5972
11.5819
11.5819
11.585
11.5919
11.5781
11.5788
11.5781
11.5769
11.58
11.5819
11.5879
11.5881
11.585
11.5829
11.5871
11.5881
11.5919
11.5831
11.5831
11.586
11.5809
11.5781
11.584
11.58
11.5831
11.5819
11.585
11.5829
11.586
11.5921
11.584
11.5919
11.586
11.585
11.5891
11.585
11.5831
11.5778
11.585
11.584
11.584
11.5862
11.5831
11.5809
11.5821
11.5778
11.5881
11.5788
11.5821
11.574
11.5819
11.58
11.5821
11.5812
11.585
11.5821
11.585
11.5819
11.584
11.5881
11.585
11.591
11.5819
11.5809
11.585
11.5781
11.5881
11.586
11.58
11.586
11.5838
11.5831
11.5759
11.5778
11.5809
11.584
11.5809
11.5819
11.5871
11.5819
11.5781
11.5829
11.5781
11.5731
11.5831
11.5809
11.585
11.585
11.5819
11.586
11.5821
11.5891
11.5819
11.579
11.584
11.5829
11.584
11.5831
11.575
11.5788
11.5831
11.5819
11.58
11.5938
11.579
11.575
11.5831
11.5862
11.5829
11.5831
11.5962
11.5869
11.5778
11.5871
11.5891
11.59
11.58
11.5881
11.5921
11.586
11.5769
11.595
11.5891
11.5819
11.584
11.5809
11.5891
11.584
11.5821
11.5871
11.5819
11.5869
11.5821
11.5812
11.5821
11.5778
11.5809
11.5781
11.58
11.5812
11.5862
11.585
11.585
11.5871
11.585
11.5871
11.58
11.5821
11.5862
11.5921
11.5819
11.5829
11.585
11.5831
11.5829
11.5809
11.591
11.5921
11.5821
11.585
11.5891
11.585
11.58
11.5721
11.5831
11.5829
11.5881
11.5829
11.5821
11.5771
11.5829
11.5809
11.585
11.575
11.5819
11.579
11.5831
11.5812
11.5769
11.5879
11.5831
11.57
11.5891
11.575
11.5838
11.5821
11.59
11.5929
11.5759
11.5762
11.5762
11.5838
11.5731
11.5829
11.575
11.5809
11.579
11.579
11.58
11.579
11.58
11.5769
11.584
11.586
11.585
11.5812
11.5812
11.5829
11.584
11.584
11.5831
11.58
11.584
11.5809
11.586
11.579
11.5912
11.5888
11.584
11.5809
11.58
11.584
11.5931
11.5831
11.5771
11.5869
11.586
11.5809
11.5869
11.5912
11.5778
11.5769
11.596
11.579
11.586
11.5881
11.5771
11.585
11.5891
11.58
11.5871
11.5769
11.5829
11.5771
11.586
11.5809
11.58
11.5888
11.575
11.5771
11.5778
11.5831
11.5879
11.5809
11.5871
11.5781
11.58
11.5869
11.5781
11.5802
11.5862
11.5912
11.5831
11.58
11.5831
11.5879
11.5759
11.584
11.5891
11.5769
11.5829
11.5821
11.5821
11.5678
11.585
11.5709
11.585
11.5881
