263.095
258.546
258.811
259.263
254.371
253.733
252.402
248.387
250.454
246.203
246.854
238.105
227.772
222.505
230.186
228.998
224.272
233.597
228.053
230.635
230.474
230.791
224.398
224.85
225.333
228.776
219.003
207.53
206.93
202.369
211.375
209.698
202.985
204.512
205.169
201.68
210.115
203.813
211.76
210.905
207.837
218.902
209.811
211.783
207.303
206.683
207.741
211.051
207.743
209.989
212.398
207.802
207.84
210.511
207.691
214.145
211.011
211.448
207.292
211.071
214.163
213.77
213.698
212.527
211.99
214.128
211.535
209.965
214.223
209.966
211.456
211.08
211.765
214.86
209.787
210.897
213.994
208.446
210.979
207.419
210.586
207.783
208.578
211.603
208.087
206.411
207.484
206.602
208.296
207.518
207.298
208.61
208.25
209.042
208.497
211.621
212.358
208.71
216.784
211.217
