24.4219
23.849
24.1771
23.5929
24.2891
23.8171
23.808
23.7319
24.0662
23.8919
24.1051
23.926
24.1199
24.3859
24.0679
23.5851
24.41
23.495
24.199
24.2591
25.039
24.1058
23.9091
24.1091
23.895
23.891
24.0731
23.7
24.22
24.055
23.9239
23.6349
23.8662
24.174
23.937
23.6928
23.8559
24.514
23.8881
24.529
24.4958
23.5419
24.339
24.291
24.1408
23.5882
23.6859
24.194
23.5381
24.159
23.4509
23.649
23.9539
24.0388
23.701
23.766
23.504
24.5829
23.613
23.777
23.2711
23.9172
24.894
24.1959
24.1239
24.029
23.618
23.7031
23.468
23.912
23.5898
23.5689
23.6239
23.9379
24.0591
23.9999
23.7219
23.9749
24.5361
23.8321
24.364
23.484
24.0841
24.4021
23.911
23.6731
24.3959
23.9561
24.1868
23.5839
25.1288
23.4919
23.6609
23.7288
24.1871
23.654
23.85
23.9251
24.5101
23.771
23.3369
23.447
23.4911
23.694
24.0328
23.8559
24.0719
24.379
24.2019
23.84
23.69
23.5481
24.694
23.4711
23.808
24.7929
23.484
24.5719
24.648
24.4691
23.5071
23.4551
23.3519
23.756
24.446
23.9439
24.1768
23.896
23.6659
24.5659
24.163
24.7121
23.8552
24.3139
23.6712
24.363
23.2551
24.3721
23.483
23.3281
24.6649
24.369
23.2759
24.6592
23.6571
23.9379
23.6061
23.2131
23.4179
23.4189
23.5171
23.7021
24.2951
24.157
23.9458
23.937
23.8099
24.193
24.0581
23.833
24.4331
24.7982
23.766
23.8621
23.5789
24.096
24.9829
23.4029
23.73
23.6809
23.2451
23.814
23.6318
23.7701
24.0421
24.601
23.684
24.2231
23.7632
24.035
24.0231
24.0049
23.489
24.271
24.0302
23.6492
24.7741
24.1539
24.646
24.075
24.1129
24.091
23.675
24.2019
24.451
22.7151
24.0169
24.3628
23.824
24.7049
24.528
24.478
24.147
24.128
24.5581
23.9961
23.8781
24.3189
24.1868
24.261
24.1621
23.5789
24.78
23.751
23.886
24.143
24.4839
24.1518
23.5131
23.761
24.2479
24.152
24.4598
23.8481
23.4599
23.6359
24.2231
23.942
23.581
23.9339
23.2749
23.7899
23.248
23.2239
23.272
24.4989
23.8919
24.9009
24.9438
24.0221
24.1399
23.2849
24.013
23.7751
23.787
23.7591
23.3929
24.5891
23.5078
23.7958
23.7091
24.4949
24.2319
23.85
23.9182
24.0769
23.86
23.6781
23.49
23.3281
23.844
24.317
24.621
24.816
23.875
24.132
23.52
24.0331
23.8261
23.6959
24.4689
23.67
23.813
23.2589
23.1462
23.9232
23.8378
24.3828
23.881
24.6689
24.2341
24.133
23.854
24.116
24.466
23.7489
23.6621
24.205
23.68
24.0819
23.968
24.641
23.762
23.4771
23.6528
24.3211
24.2028
24.1699
23.9749
24.2898
23.541
23.489
24.7221
24.4031
23.6249
23.7291
23.916
23.519
24.992
24.0259
23.8221
23.52
23.5491
23.5941
24.2922
24.091
24.3039
23.5519
24.7459
23.566
24.0672
23.9251
24.4629
23.932
24.262
23.54
24.101
24.291
23.674
24.4339
24.3771
23.874
23.9658
24.564
23.8769
24.0819
24.0428
23.8421
24.4222
23.562
24.699
23.7999
23.5362
23.484
23.427
24.0362
23.5519
23.9041
23.35
23.6189
23.1259
23.8709
24.0271
23.6931
23.983
24.2519
23.7019
23.4389
23.7629
23.6242
24.0951
23.3591
23.2348
23.957
23.4129
24.2369
23.7129
23.757
23.597
24.1981
24.0178
23.5982
24.2839
24.2262
25.3389
23.6471
23.9239
23.926
24.0881
24.262
23.7231
23.694
23.978
23.9379
23.577
24.107
23.6192
23.741
23.1779
24.2181
24.616
24.261
24.4532
24.1489
24.2479
24.1718
24.1549
23.9661
23.8199
24.91
23.458
23.8721
23.8581
23.253
24.055
24.075
24.2381
24.8058
24.3931
23.8841
23.3119
24.091
23.2701
23.499
23.576
24.519
23.9809
24.137
24.7948
24.102
23.9859
24.199
23.1562
23.7949
24.5111
24.246
24.771
24.157
23.7012
23.8101
24.0669
23.731
23.252
23.876
23.3581
24.0748
23.9921
23.685
24.533
24.1442
23.9851
23.7181
24.158
23.7949
24.1661
24.1821
24.0431
23.71
24.2269
23.8848
23.7529
23.921
24.1969
23.5689
24.3962
24.045
23.361
24.3909
23.4768
23.818
23.8631
24.6141
23.855
23.778
24.0419
24.3032
23.7701
23.8459
24.5469
23.952
24.1549
23.8519
24.2341
23.52
23.9961
24.055
23.6211
23.685
24.5891
23.706
23.9692
23.782
23.984
23.375
24.0481
24.1871
23.962
24.338
23.479
23.905
25.188
23.8562
24.8711
24.343
24.1249
24.2019
23.6108
23.5112
23.5538
24.2798
