21.487
11.9281
11.857
11.8332
11.8439
11.8399
11.847
11.8508
11.8358
11.8551
11.8651
11.8561
11.8151
11.832
11.7919
11.8411
11.879
11.822
11.8439
11.868
11.848
11.817
11.8599
11.8549
11.843
11.8859
11.8411
11.867
11.8501
11.8811
11.8749
11.863
11.852
11.863
11.8489
11.868
11.831
11.883
11.8551
11.8549
11.8589
11.8752
11.8661
11.832
11.8182
11.826
11.8339
11.8399
11.8339
11.842
11.848
11.8721
11.8411
11.821
11.832
11.8301
11.8611
11.8489
11.8642
11.894
11.853
11.7891
11.8332
11.8489
11.8558
11.8709
11.8418
11.878
11.8411
11.9109
11.8568
11.8198
11.8842
11.8639
11.852
11.831
11.8749
11.78
11.8482
11.8451
11.8489
11.817
11.843
11.853
11.8718
11.8699
11.837
11.8759
11.873
11.909
11.832
11.8701
11.869
11.8692
11.9209
11.8561
11.857
11.858
11.874
11.8749
11.9069
11.868
11.9059
11.858
11.863
11.843
11.848
11.869
11.8189
11.8561
11.8642
11.8721
11.8051
11.894
11.7338
11.869
11.8949
11.8539
11.878
11.8248
11.8468
11.8489
11.848
11.8761
11.898
11.8229
11.867
11.832
11.8511
11.862
11.8608
11.873
11.8501
11.8759
11.863
11.833
11.802
11.8558
11.7929
11.884
11.8599
11.8818
11.8029
11.797
11.878
11.8599
11.857
11.8768
11.8098
11.8349
11.8611
11.8341
11.838
11.8802
11.848
11.8971
11.8611
11.8649
11.8449
11.812
11.878
11.838
11.826
11.8358
11.8899
11.903
11.8401
11.8489
11.853
11.8611
11.8539
11.8589
11.842
11.898
11.868
11.8129
11.8248
11.8449
11.8821
11.8358
11.874
11.8439
11.8642
11.874
11.8492
11.8921
11.8771
11.863
11.8401
11.847
11.8871
11.862
11.826
11.869
11.766
11.8449
11.858
11.8279
11.868
11.796
11.8592
11.8139
11.8668
11.8439
11.827
11.8799
11.874
11.9059
11.8561
11.8291
11.8179
11.898
11.816
11.9119
11.8561
11.8511
11.8291
11.8511
11.857
11.826
11.8229
11.8809
11.8332
11.8721
11.8251
11.842
11.893
11.833
11.8549
11.8492
11.8718
11.848
11.8711
11.832
11.888
11.8539
11.853
11.8351
11.8761
11.8759
11.8539
11.8639
11.837
11.863
11.8642
11.8279
11.858
11.8558
11.842
11.868
11.8661
11.8701
11.862
11.888
11.831
11.8411
11.853
11.8599
11.842
11.8279
11.8661
11.832
11.8642
11.8599
11.869
11.8971
11.8911
11.848
11.847
11.889
11.867
11.868
11.8461
11.8752
11.8661
11.857
11.8871
11.8361
11.8909
11.8532
11.8339
11.8701
11.879
11.8971
11.867
11.8661
11.8341
11.8899
11.8561
11.837
11.857
11.8411
11.848
11.847
11.8651
11.8871
11.8752
11.8771
11.857
11.8449
11.8289
11.79
11.8539
11.8661
11.8392
11.8601
11.853
11.8289
11.8799
11.883
11.8341
11.842
11.838
11.868
11.873
11.827
11.8542
11.8971
11.852
11.867
11.8301
11.8392
11.8709
11.8809
11.8551
11.867
11.8811
11.905
11.884
11.807
11.858
11.8332
11.785
11.8539
11.843
11.817
11.8701
11.8821
11.8511
11.8809
11.837
11.8511
11.874
11.8821
11.8401
11.8861
11.8899
11.8818
11.8709
11.8799
11.8241
11.8389
11.8449
11.8182
11.8601
11.853
11.8489
11.8339
11.852
11.8592
11.8489
11.8659
11.8639
11.843
11.8001
11.8518
11.8389
11.893
11.8752
11.863
11.8411
11.863
11.8659
11.898
11.8351
11.817
11.8742
11.8389
11.8589
11.853
11.8461
11.8041
11.883
11.8611
11.8361
11.8361
11.869
11.863
11.888
11.7888
11.8289
11.8361
11.8048
11.8928
11.786
11.858
11.8151
11.8442
11.883
11.8711
11.894
11.8811
11.827
11.8508
11.8868
11.852
11.837
11.826
11.867
11.9109
11.8539
11.879
11.8899
11.838
11.8599
11.873
11.8961
11.847
11.8341
11.8399
11.8411
11.873
11.8308
11.833
11.8341
11.8291
11.7929
11.8842
11.852
11.8461
11.811
11.858
11.863
11.807
11.795
11.905
11.862
11.8511
11.8229
11.817
11.8389
11.879
11.8489
11.869
11.8439
11.8649
11.8811
11.893
11.79
11.8968
11.8692
11.8539
11.857
11.8818
11.8821
11.8709
11.8539
11.8501
11.822
11.878
11.8482
11.8608
11.8339
11.8909
11.8542
11.874
11.8411
11.8508
11.8041
11.8501
11.8449
11.879
11.8229
11.91
11.8661
11.8451
11.869
11.8902
11.8539
11.8082
11.816
11.822
11.8098
11.8411
11.8029
11.8179
11.8568
11.898
11.8191
11.863
11.811
11.8251
11.8551
11.8859
11.8468
11.8508
11.822
11.8749
11.8549
11.8001
11.8551
11.8721
11.8589
11.878
11.8589
11.8959
11.878
11.8511
11.8799
11.8599
11.8451
11.8921
11.8082
11.8599
11.8229
11.8711
11.8971
11.8661
11.847
11.8651
11.8551
11.8449
11.8079
11.8001
11.7979
11.8701
11.8949
11.868
11.822
11.8411
11.848
11.8399
11.8229
11.826
11.8532
11.826
11.838
11.8849
11.8539
11.873
11.8561
11.8542
11.8349
11.8499
11.8151
11.868
11.827
11.8859
11.8051
11.8351
11.889
11.838
11.8132
11.8449
11.8442
11.8871
11.858
11.8589
11.8949
11.8599
11.904
11.852
11.857
11.811
11.8451
11.8871
11.8501
11.889
11.8861
11.8551
11.8229
11.8411
11.8501
11.8771
11.8639
11.8849
11.8279
11.8961
11.8361
11.8351
11.8289
11.8859
11.796
11.811
11.8248
11.832
11.7619
11.8051
11.7919
11.898
11.8392
11.9009
11.827
11.858
11.8549
11.8721
11.862
11.879
11.869
11.8511
11.8361
11.8332
11.832
11.853
11.858
11.869
11.8051
11.8389
11.8589
11.837
11.929
11.826
11.8699
11.852
11.8301
11.868
11.8802
11.826
11.8229
11.8861
11.8542
11.812
11.8949
11.8189
11.8561
11.852
11.8902
11.899
11.899
11.852
11.8229
11.8282
11.869
11.8961
11.8561
11.8439
11.8809
11.8721
11.8592
11.8639
11.883
11.8358
11.8029
11.858
11.853
11.832
11.8501
11.8282
11.832
11.853
11.867
11.862
11.8542
11.8608
11.8229
11.838
11.869
11.8451
11.8508
11.858
11.8661
11.8079
11.909
11.8809
11.848
11.8811
11.8411
11.8511
11.8771
11.8451
11.888
11.8821
11.843
11.8771
11.8659
11.8699
11.771
11.863
11.847
11.8349
11.857
11.874
11.8651
11.8401
11.8439
11.853
11.858
11.8549
11.8549
11.8601
11.822
11.905
11.878
11.888
11.8711
11.8849
11.8079
11.8461
11.862
11.9061
11.821
11.8532
11.843
11.8701
11.838
11.8642
11.8871
11.8639
11.8508
11.791
11.889
11.8542
11.8699
11.822
11.869
11.8451
11.8129
11.8599
11.8461
11.898
11.8561
11.8589
11.8399
11.852
11.874
11.8489
11.8451
11.867
11.889
11.8809
11.8492
11.8339
11.9019
11.8861
11.8642
11.8511
11.8511
11.848
11.9009
11.817
11.8871
11.8639
11.862
11.8408
11.874
11.898
11.8461
11.8611
11.8449
11.811
11.8411
11.8849
11.8709
11.868
11.9009
11.8639
11.8511
11.852
11.852
11.888
11.8911
11.8179
11.8198
11.833
11.8389
11.8401
11.8291
11.8608
11.8439
11.832
11.869
11.858
11.92
11.8401
11.862
11.8501
11.8649
11.848
11.8511
11.8771
11.8451
11.858
11.8589
11.909
11.8921
11.8949
11.8718
11.8871
11.869
11.8639
11.862
11.831
11.8749
11.8778
11.831
11.822
11.8551
11.842
11.873
11.853
11.8439
11.8389
11.8752
11.822
11.9271
11.888
11.8451
11.842
11.8191
11.852
11.857
11.8942
11.8759
11.8661
11.842
11.863
11.833
11.8489
11.826
11.873
11.8701
11.873
11.925
11.8539
11.838
11.8868
11.8361
11.8742
11.8549
11.8461
11.817
11.874
11.9011
11.8411
11.822
11.8568
11.8749
11.8899
11.847
11.8241
11.879
11.8902
11.862
11.8589
11.8451
11.827
11.8032
11.8151
11.8821
11.8721
11.8849
11.858
11.8439
11.8639
11.8411
11.8659
11.8818
11.867
11.883
11.8608
11.893
11.848
11.8861
11.8561
11.8611
11.873
11.8821
11.8611
11.8551
11.8189
11.795
11.8668
11.8709
11.873
11.8248
11.858
11.905
11.8201
11.8601
11.889
11.8589
11.831
11.878
11.843
11.8501
11.8749
11.8761
11.8411
11.894
11.8799
11.8639
11.842
11.8661
11.8589
11.8291
11.889
11.843
11.884
11.858
11.8382
11.8392
11.8909
11.8768
11.8749
11.8382
11.858
11.8611
11.8489
11.847
11.8809
11.8339
11.8358
11.8508
11.8339
11.8492
11.833
11.807
11.863
11.8692
11.832
11.863
11.8818
11.8401
11.822
11.8141
11.874
11.8382
11.837
11.8461
11.878
11.826
11.8449
11.904
11.9081
11.8382
11.8899
11.853
11.9081
11.848
11.8861
11.8961
11.842
11.832
11.842
11.8749
11.863
11.867
11.8601
11.8639
11.873
11.8349
11.8532
11.8349
11.8699
11.874
11.878
11.8299
11.8821
11.8661
11.874
11.8651
11.8539
11.873
11.888
11.8561
11.894
11.8711
11.9059
11.837
11.883
11.93
11.8549
11.914
11.8299
11.812
11.8241
11.842
11.843
11.8401
11.867
11.8401
11.889
11.8771
11.914
11.8601
11.8561
11.8501
11.8299
11.8618
11.852
11.8611
11.8661
11.8179
11.9011
11.879
11.9321
11.858
11.8361
11.843
11.888
