17.812
15.6019
15.599
15.8181
15.9702
15.9819
15.9779
15.9609
15.9781
15.969
15.99
15.964
15.9669
15.9671
15.9621
15.991
15.9729
15.9662
15.9609
15.9569
15.9681
15.98
15.975
15.9791
15.9669
15.991
15.9631
15.9621
15.9621
16.0491
15.975
15.974
16.0491
15.965
15.964
16.036
16.0382
15.9771
15.9738
16.0489
15.9731
15.974
15.98
15.975
16.073
15.975
15.9738
15.97
16.046
15.9762
15.9709
16.0599
15.9709
15.996
15.976
16.052
15.98
15.981
15.9791
15.9791
16.052
15.975
15.9669
15.959
16.0401
16.0551
15.9769
15.9731
15.9681
16.041
15.964
15.9781
16.053
15.9731
15.9788
15.969
16.052
15.9678
15.9688
16.0429
15.9709
16.0449
15.9931
15.9838
15.9991
15.9838
15.9791
16.0549
15.9779
15.974
15.9678
16.053
15.975
15.975
16.0401
15.974
15.9819
15.9659
16.048
15.9781
16.0501
15.9769
15.9788
15.969
15.98
16.0511
15.981
15.9681
16.0508
15.976
15.9628
16.041
15.976
15.969
16.0639
15.9769
15.969
16.0439
15.9681
15.9609
16.046
15.9731
16.0389
15.9829
16.036
15.976
15.9841
15.9841
16.0398
15.97
15.986
15.981
15.981
16.0391
15.9922
16.0441
15.9681
16.0332
15.975
16.0501
15.991
15.97
16.042
15.974
16.072
15.9812
16.0451
15.9781
15.975
16.046
15.9662
16.0391
15.9731
16.048
15.9671
15.9659
16.0408
15.975
15.985
15.976
16.0341
15.9652
16.0389
15.976
16.0379
15.9912
15.9721
16.041
15.9979
15.9929
16.0389
15.9719
16.0391
15.83
16.0441
16.0429
15.9869
16.0451
16
15.9781
16.0439
15.9779
16.048
15.9729
15.9731
16.042
15.9969
15.9769
16.0429
16.001
16.0658
16.0611
16.046
16.0489
16.058
16.0601
16.0489
16.0639
16.041
16.0501
16.0449
15.996
16.046
15.975
16.052
15.9719
16.042
15.9879
16.047
15.9822
16.0389
15.981
16.042
15.9681
16.0589
15.985
15.9788
16.0429
15.9938
16.0449
15.9791
16.047
15.974
16.046
15.9771
16.0501
16.052
16.052
16.0739
16.058
16.047
16.062
16.047
16.0592
16.052
16.053
15.9788
16.062
15.9719
16.0511
16.048
15.981
16.0429
16.0589
15.9731
16.0542
16.0451
15.9822
16.0432
15.9881
16.047
15.9931
16.0449
16.0561
16.0389
16.048
16.0551
16.0561
16.0491
16.0441
16.042
16.052
16.048
15.996
16.052
16.0639
16.067
16.048
15.9838
16.0499
16.053
15.9729
16.0489
15.9869
16.0432
16.036
16.0429
16.0539
16.0539
16.0482
16.048
16.0511
16.0551
16.0539
16.058
16.0551
16.0551
15.975
16.0439
16.048
15.9829
16.042
16.057
15.985
16.0558
16.0491
15.9812
16.0451
16.058
15.981
16.058
16.062
16.0601
16.046
16.048
16.0558
16.057
16.063
16.0549
16.0489
16.0651
16.047
16.0432
16.0589
16.0532
15.991
16.0439
15.9879
16.0429
15.9879
16.048
15.9709
16.0382
15.9731
16.0642
16.0558
16.0561
16.057
16.058
16.0511
16.0499
16.0511
16.046
16.0542
16.0618
16.0379
16.0489
16.052
16.042
15.976
16.0429
16.0449
15.9869
16.048
15.991
16.0489
16.058
16.0501
16.0501
16.046
16.0611
16.0542
16.0561
16.0608
16.0491
16.084
16.047
16.057
16.0642
16.052
15.99
16.0511
16.042
15.9841
16.0449
15.9841
16.0389
16.0379
16.0489
16.052
16.0511
16.052
16.047
16.0561
16.067
16.048
16.0549
16.053
16.0558
16.0539
16.0489
16.0601
16.0389
16.0511
16.042
15.9829
16.0592
15.99
16.063
16.0532
16.0511
16.067
16.0441
16.0501
16.0699
16.0592
16.0501
16.042
16.077
16.041
16.0489
15.9969
16.042
16.058
16.0401
16.0499
15.9788
16.052
16.052
16.0499
16.0589
16.0561
16.0711
16.0511
16.047
16.0561
16.0439
16.053
16.0639
16.0441
16.058
16.0601
15.9769
16.0389
16.0398
16.0429
16.0539
16.0451
16.0491
16.0489
16.0458
16.0539
16.0711
16.068
16.0551
16.052
16.046
16.047
16.0542
16.0589
16.0489
16.0489
16.048
16.052
16.0489
15.986
16.048
16.037
16.0379
16.0649
16.0649
16.0549
16.0451
16.0511
16.048
16.0429
16.0501
16.0639
16.042
16.0539
16.0611
16.0761
16.0401
16.042
16.037
15.9779
16.046
16.0511
16.041
16.0539
16.052
16.0661
16.062
16.0501
16.0451
16.053
16.058
16.0432
16.037
16.0639
16.057
16.046
16.0658
16.0501
15.9891
16.0449
16.0489
16.057
16.0532
16.0539
16.0599
16.0599
16.0649
16.063
16.063
16.0511
16.0601
16.0589
16.042
16.0441
16.0491
16.048
16.0511
15.98
16.047
16.047
16.0761
16.0558
16.0711
16.0558
16.0568
16.063
16.0639
16.0439
16.0749
16.052
16.0539
16.0549
16.0539
15.9791
16.0451
16.0499
16.0499
16.0511
16.0501
16.0441
16.053
16.0689
16.052
16.0661
16.0718
16.0489
16.067
16.0408
16.0489
16.048
16.0542
16.0692
16.0501
16.048
16.0542
16.048
16.0639
16.062
16.0649
16.0558
16.053
16.0599
15.909
16.0642
16.068
16.057
16.0558
16.052
16.053
16.057
16.0511
16.077
16.048
16.0649
16.0489
16.0511
16.058
16.0499
16.072
16.0639
16.0561
16.0592
16.047
16.0451
16.0511
16.0489
16.0449
16.068
16.0499
16.0501
16.047
16.0511
16.0608
16.0561
16.0689
16.0642
16.0608
16.0489
16.0739
16.0408
16.0389
16.0451
16.0592
16.0539
16.0532
16.047
16.053
16.0542
16.0391
16.0501
16.0611
16.052
16.0539
16.0449
16.047
16.0451
16.0639
16.0501
16.047
16.0539
16.0561
16.0458
16.052
16.053
16.067
16.0458
16.052
16.0539
16.0539
16.0708
16.0711
16.0658
16.0639
16.0511
16.052
16.0491
16.063
16.0439
16.0542
16.0458
16.0398
16.0379
16.0551
16.0439
16.0451
16.0661
16.0589
16.0692
16.0639
16.0491
16.0549
16.0601
16.053
16.0329
16.063
16.0429
16.0429
16.058
16.047
16.053
16.0532
16.0441
16.053
16.046
16.0432
16.0589
16.0561
16.063
16.0632
16.0589
16.0451
16.052
16.047
16.0561
16.057
16.041
16.042
16.046
16.037
16.0592
16.047
16.042
16.0398
16.0499
16.0511
16.057
16.0451
16.042
16.0661
16.0491
16.0429
16.042
16.0561
16.0511
16.0408
16.058
16.0429
16.0501
16.052
16.067
16.0489
16.0549
16.0439
16.0501
16.0611
16.0458
16.052
16.053
16.0611
16.0539
16.062
16.046
16.0542
16.0451
16.0482
16.0542
16.0551
16.0401
16.0501
16.0449
16.0749
16.0511
16.0642
16.052
16.0549
16.0561
16.0451
16.0451
16.0432
16.046
16.042
16.041
16.0382
16.0432
16.0701
16.047
16.124
16.053
16.053
16.0489
16.0542
16.0501
16.0649
16.052
16.052
16.0501
16.068
16.0589
16.046
16.0561
16.0499
16.0451
16.047
16.0511
16.047
16.0689
16.067
16.0561
16.0651
16.0599
16.062
16.041
16.063
16.0499
16.0499
16.0379
16.0542
16.0639
16.0601
16.0532
16.048
16.053
16.052
16.0611
16.062
16.0518
16.0589
16.058
16.0608
16.0511
16.042
16.048
16.0429
16.0482
16.046
16.0489
16.1221
16.0539
16.0508
16.0539
16.1152
16.072
16.063
16.053
16.042
16.048
16.0449
16.046
16.0398
16.0441
16.119
16.057
16.0592
16.068
16.134
16.067
16.067
16.0542
16.0561
16.047
16.0551
16.047
16.0449
16.0611
16.0549
16.0539
16.1269
16.0501
16.0592
16.0608
16.053
16.0568
16.0592
16.0699
16.0482
16.0499
16.0432
16.0542
16.0489
16.0439
16.0561
16.041
16.1219
16.0489
16.0661
16.0558
16.067
16.058
16.0489
16.0511
16.0499
16.0539
16.0599
16.0551
16.057
16.0589
16.0389
16.0398
16.0599
16.0551
16.067
16.0429
16.0661
16.0511
16.0511
16.0561
16.0508
16.0429
16.0449
16.057
16.0408
16.0429
16.042
16.057
16.0511
16.046
16.0489
16.0379
16.1169
16.0561
16.0561
16.062
16.0608
16.068
16.068
16.058
16.047
16.0372
16.0511
16.0451
16.048
16.041
16.0332
16.0551
16.0618
16.0429
16.0601
16.0489
16.053
16.1121
16.0451
16.052
16.053
16.0789
16.032
16.0489
16.0501
16.053
16.0549
16.0429
16.047
16.1109
16.0611
16.068
16.1209
16.0611
16.0489
16.0551
16.057
16.0501
16.057
16.046
16.0429
16.047
16.0389
16.124
16.0429
16.046
16.12
16.047
16.0489
16.053
16.0429
16.0651
16.057
16.0408
16.047
16.0482
16.0401
16.048
16.0482
16.0511
16.108
16.053
16.1099
16.0439
16.052
16.062
16.0429
16.0551
16.077
16.0379
16.047
16.0649
16.0391
16.0429
16.0642
16.046
16.1049
16.0611
16.0551
16.1221
16.0761
16.078
16.053
16.048
16.0532
16.0451
16.0532
16.0408
16.0561
16.052
16.041
16.048
16.1178
16.0551
16.0551
16.114
16.0661
16.0539
16.058
16.046
16.058
16.0439
16.0489
16.0511
16.041
16.0561
16.067
16.1219
16.047
16.047
16.1171
16.0561
16.0451
16.125
16.0701
16.0489
16.0511
16.0441
16.0429
16.062
16.041
16.0441
16.124
16.0551
16.0611
16.1159
16.053
16.057
16.0501
16.0611
16.041
16.0401
16.048
16.0439
16.048
16.041
16.041
16.0491
16.113
16.0601
16.125
16.0429
