5.97501
4.63605
4.66514
4.59695
4.67706
4.65798
4.63295
4.65584
4.65202
4.6699
4.6351
4.61006
4.70996
4.80103
4.66895
4.62985
4.6351
4.64296
4.64392
4.601
4.63796
4.65703
4.68707
4.67396
4.72593
4.673
4.6339
4.68683
4.65703
4.61793
4.62389
4.66108
4.64821
4.68588
4.65703
4.62914
4.62198
4.64177
4.70901
4.64106
4.61292
4.68397
4.72689
4.66704
4.64106
4.61698
4.63486
4.58407
4.673
4.74191
4.68683
4.62699
4.6649
4.62914
4.7338
4.637
4.63891
4.69518
4.70614
4.62484
4.62413
4.68707
4.637
4.6711
4.63796
4.63581
4.65918
4.65584
4.60792
4.70209
4.66418
4.66418
4.60482
4.80199
4.65608
4.61006
4.61292
4.61793
4.61411
4.65322
4.67706
4.62699
4.64702
4.6339
4.63891
4.69303
4.67992
4.637
4.71091
4.62794
4.69494
4.57811
4.62914
4.67896
4.72403
4.65012
4.74
4.64606
4.63104
4.63605
4.61602
4.65298
4.72021
4.71401
4.61292
4.61316
4.62413
4.68493
4.65703
4.67896
4.72093
4.62985
4.63891
4.62914
4.62222
4.65012
4.62508
4.66108
4.7009
4.72307
4.64296
4.72689
4.62008
4.63104
4.64511
4.66084
4.64511
4.70901
4.63104
4.67801
4.7071
4.63009
4.63986
4.61102
4.64392
4.62914
4.61912
4.61698
4.64201
4.64487
4.69589
4.63915
4.70114
4.72188
4.62794
4.62389
4.6711
4.65488
4.67587
4.59099
4.66013
4.69303
4.64487
4.65703
4.61602
4.66895
4.64797
4.6699
4.74
4.66681
4.65107
4.62699
4.72188
4.65298
4.64487
4.65322
4.6041
4.61602
4.62294
4.65393
4.65703
4.64702
4.65894
4.62604
4.637
4.62198
4.69422
4.65512
4.63581
4.65417
4.62914
4.64892
4.63891
4.65393
4.60887
4.62699
4.6401
4.632
4.68802
4.601
4.65989
4.66204
4.68493
4.64988
4.60792
4.65202
4.66299
4.65083
4.63009
4.65107
4.64702
4.60696
4.62794
4.64296
4.60291
4.64201
4.64296
4.61602
4.68206
4.64487
4.65703
4.67205
4.71497
4.63605
4.67205
4.67992
4.66204
4.65703
4.78101
4.69899
4.66514
4.62818
4.7071
4.62794
4.66084
4.63295
4.64797
4.65202
4.79794
4.6339
4.65202
4.68707
4.58717
4.66084
4.61292
4.61102
4.70996
4.63605
4.63581
4.65608
4.63581
4.65012
4.72808
4.64201
4.6289
4.61602
4.64988
4.66108
4.63009
4.6649
4.65202
4.5979
4.60291
4.62198
4.63605
4.64296
4.67706
4.59504
4.64201
4.64392
4.62985
4.68707
4.6289
4.64797
4.65894
4.65798
4.62699
4.67181
4.62413
4.70901
4.6351
4.66204
4.62508
4.58598
4.64487
4.68802
4.65202
4.704
4.68493
4.65584
4.65107
4.66204
4.67014
4.71902
4.66108
4.632
4.69398
4.65703
4.63009
4.69518
4.6792
4.63605
4.66394
4.68111
4.65798
4.62103
4.69995
4.62985
4.62794
4.62604
4.62103
4.6351
4.71401
4.64702
4.61912
4.69995
4.65083
4.66609
4.70805
4.67205
4.64892
4.70686
4.668
4.62198
4.67205
4.61912
4.637
4.64916
4.62604
4.62794
4.73094
4.61102
4.62389
4.64106
4.73213
4.64392
4.59886
4.74691
4.64106
4.62699
4.65083
4.65798
4.668
4.61888
4.62198
4.72903
4.64892
4.64988
4.6742
4.69208
4.62294
4.637
4.64606
4.65107
4.62794
4.64106
4.66609
4.68683
4.60505
4.69685
4.7431
4.65178
4.70901
4.67992
4.6401
4.66919
4.64702
4.62508
4.64797
4.64988
4.64702
4.69995
4.67587
4.61102
4.61984
4.63796
4.71997
4.67896
4.68707
4.61221
4.62294
4.65488
4.60696
4.63009
4.77099
4.68016
4.62914
4.75979
4.61602
4.64606
4.63891
4.62294
4.68898
4.59599
4.69303
4.70304
4.62294
4.6401
4.71902
4.69303
4.64606
4.63915
4.69017
4.68707
4.69184
4.65703
4.70591
4.65798
4.64797
4.69398
4.65608
4.61316
4.66204
4.67396
4.62604
4.668
4.60005
4.64106
4.63414
4.75192
4.68206
4.68206
4.74501
4.71687
4.64702
4.71497
4.68993
4.66204
4.65512
4.59099
4.66299
4.65107
4.66204
4.6699
4.61197
4.60982
4.62794
4.71306
4.72403
4.68111
4.60696
4.62794
4.67181
4.76503
4.63295
4.68087
4.6041
4.62198
4.70901
4.72212
4.60005
4.62604
4.6699
4.74691
4.71497
4.67205
4.7462
4.70519
4.63414
4.62699
4.7071
4.70209
4.668
4.6699
4.64797
4.74787
4.68612
4.65393
4.61793
4.62699
4.63891
4.66585
4.76098
4.63796
4.58097
4.66895
4.72212
4.67706
4.68493
4.6351
4.64082
4.69303
4.62389
4.64106
4.65417
4.63605
4.59194
4.66704
4.63986
4.62103
4.68516
4.56214
4.63581
4.62413
4.65298
4.64821
4.62103
4.67706
4.65202
4.63009
4.62103
4.673
4.64797
4.632
4.68707
4.63319
4.66013
4.58694
4.74191
4.6401
4.68111
4.637
4.63581
4.70304
4.72689
4.62413
4.57311
4.63295
4.673
4.65584
4.637
4.67491
4.67515
4.68302
4.6041
4.6308
4.68993
4.69303
4.63986
4.63891
4.62294
4.64606
4.68302
4.65703
4.6041
4.74906
4.71091
4.63295
4.69112
4.6699
4.69995
4.68898
4.62484
4.63104
4.64106
4.68183
4.64416
4.704
4.61411
4.69398
4.65393
4.63295
4.66394
4.67181
4.601
4.61006
4.61721
4.73094
4.63486
4.673
4.68302
4.65488
4.64702
4.64106
4.63319
4.73213
4.60887
4.67992
4.62008
4.67896
4.5898
4.65202
4.67086
4.71616
4.60219
4.60601
4.68898
4.70591
4.63104
4.673
4.63796
4.64892
4.66704
4.62604
4.70901
4.65488
4.68397
4.68516
4.78601
4.70805
4.70281
4.72212
4.63319
4.64916
4.61578
4.65107
4.67992
4.68087
4.63605
4.65894
4.63295
4.64702
4.66204
4.66514
4.65894
4.64582
4.64106
4.65393
4.66394
4.68302
4.66084
4.62413
4.66609
4.64606
4.68278
4.66204
4.62103
4.58288
4.66704
4.68898
4.63605
4.61888
4.71497
4.60911
4.61984
4.66704
4.64988
4.66013
4.61817
4.66704
4.60291
4.61197
4.66609
4.59886
4.69398
4.68493
4.60911
4.62604
4.66418
4.64797
4.62914
4.65107
4.66609
4.71115
4.59099
4.65822
4.64702
4.72307
4.67682
4.6711
4.61388
4.65417
4.67992
4.67801
4.62794
4.77409
4.67896
4.65298
4.61984
4.71807
4.62985
4.60505
4.62604
4.69804
4.64988
4.61197
4.69303
4.66204
4.70209
4.67396
4.73499
4.65012
4.68588
4.70591
4.66108
4.66418
4.61006
4.62508
4.61721
4.68397
4.62103
4.65083
4.64511
4.63319
4.6401
4.63986
4.637
4.71306
4.62317
4.61698
4.71616
4.64177
4.61698
4.61411
4.62914
4.704
4.68183
4.63891
4.61197
4.65298
4.65202
4.61888
4.64106
4.69089
4.61888
4.64106
4.67086
4.60696
4.61006
4.67086
4.64797
4.73094
4.64511
4.61292
4.64702
4.63605
4.60505
4.60386
4.67205
4.62699
4.65202
4.69398
4.69208
4.64082
4.61316
4.69303
4.68802
4.61102
4.6258
4.64606
4.65298
4.68302
4.63009
4.62508
4.70901
4.65512
4.65107
4.61507
4.6351
4.64702
4.69685
4.60505
4.71306
4.74191
4.68087
4.68397
4.668
4.62198
4.67682
4.66394
4.61698
4.6351
4.63486
4.66609
4.69899
4.69208
4.61102
4.71401
4.75812
4.66084
4.74095
4.65488
4.62818
4.59313
4.62484
4.65393
4.69995
4.61197
4.63104
4.637
4.57406
4.64392
4.66204
4.62604
4.65298
4.71711
4.63104
4.66585
4.68087
4.69112
4.62079
4.65012
4.67896
4.60792
4.65608
4.63891
4.66585
4.61316
4.60505
4.76289
4.668
4.60005
4.673
4.65894
4.65584
4.637
4.61507
4.72283
4.61006
4.65298
4.62723
4.62604
4.61388
4.601
4.66609
4.66609
4.70996
4.66585
4.6351
4.69279
4.70614
4.673
4.61912
4.67205
4.64416
4.64511
4.68588
4.70805
4.64797
4.64797
4.601
4.64606
4.64702
4.65393
4.65584
4.61411
4.63891
4.67706
4.673
4.60911
4.64082
4.67801
4.61698
4.64892
4.632
4.6289
4.6289
4.64106
4.65703
4.68016
4.69995
4.65989
4.57597
4.73619
4.63915
4.6761
4.64392
4.60505
4.668
4.70614
4.63104
4.6761
4.65918
4.65488
4.69398
4.60601
4.67515
4.63796
4.64392
4.62389
4.632
4.65298
4.6339
4.70805
4.68087
4.65608
4.61411
4.66895
4.61698
4.67181
4.62914
4.64606
4.65894
4.704
4.62699
4.67086
4.65202
4.63986
4.68206
4.64511
4.70996
4.66108
4.63605
4.69494
4.64201
4.59003
4.69303
4.62604
4.62508
4.72116
4.71377
4.67515
4.70519
4.67801
4.63605
4.61507
4.66609
4.67205
4.66585
4.63891
4.63009
4.64416
4.60291
4.64511
4.61817
4.63915
4.673
4.65608
4.67587
4.61197
4.71497
4.61102
4.72808
4.65488
4.69398
4.61602
4.58908
4.61602
4.68302
4.69398
4.67086
4.65298
4.61793
4.69708
4.64487
4.68493
4.65202
4.67706
4.61483
4.60505
4.61197
4.65584
4.68397
4.6289
4.61793
4.74095
4.64201
4.61388
4.71497
4.69995
4.69208
4.63796
4.62198
4.601
4.63581
4.65012
4.6339
4.67587
4.60792
4.6761
4.66084
4.64392
4.66108
4.64582
4.67205
4.63486
4.70495
4.64916
4.65107
4.6289
4.66299
4.61602
4.6432
4.67014
4.64416
4.71783
4.69017
4.63414
4.66919
4.6742
4.62699
4.63915
4.6041
4.62198
4.72093
4.6649
4.6649
4.67396
4.66394
4.66204
4.71091
4.67706
4.63009
4.64988
4.68802
4.66394
4.64392
4.69995
4.65488
4.68707
4.71091
4.67491
4.68707
4.62794
4.62794
4.68588
4.72808
4.65608
4.63295
4.6618
4.67396
4.64416
4.68707
4.68588
4.72713
4.68588
4.69708
4.59409
4.68707
4.74405
