95.1271
71.203
71.1
70.894
71.043
71.0571
70.797
70.806
70.7731
70.6739
70.6241
70.714
72.9918
70.7951
70.5121
70.648
70.9991
71.166
70.3321
70.7109
70.8132
70.8778
70.8179
70.462
70.9362
70.6689
70.5709
70.6391
70.353
70.8408
70.642
70.2429
70.3461
70.7018
70.8621
70.6351
71.208
70.689
71.0189
70.3201
70.2031
70.9889
70.7431
70.5271
70.8799
70.574
70.4
70.363
70.9441
70.771
70.5791
70.9062
70.77
70.6391
70.786
70.8179
70.6611
70.4229
70.9159
70.6282
70.5929
70.6761
70.884
70.616
70.4222
70.7591
70.5469
70.8871
70.596
70.7669
70.502
70.8861
70.6069
70.9069
70.365
70.2701
70.653
70.7741
70.673
70.7631
70.4539
70.703
70.771
73.952
70.163
70.43
70.899
70.7572
70.6229
70.56
70.3611
70.78
70.5001
70.4889
70.946
70.7531
70.9679
70.693
70.8351
70.7729
