23.5791
21.795
21.7891
21.7981
21.7888
21.7891
21.7969
21.7919
21.7991
21.7881
21.806
21.801
21.79
21.8
21.7969
21.7979
21.7969
21.7848
21.8029
21.7988
21.795
21.8029
21.8019
21.791
21.796
21.7941
21.8
21.7979
21.807
21.7979
21.8291
21.8098
21.7929
21.795
21.7979
21.807
21.8039
21.8
21.8098
21.7988
21.8
21.7998
21.785
21.7931
21.7941
21.796
21.791
21.7941
21.7879
21.806
21.7879
21.796
21.8
21.812
21.7941
21.786
21.7919
21.7929
21.8
21.8101
21.7922
21.8041
21.7931
21.796
21.805
21.7979
21.8079
21.801
21.8019
21.79
21.7888
21.811
21.796
21.801
21.7929
21.7919
21.8
21.807
21.812
21.8031
21.806
21.7931
21.7998
21.8029
21.8
21.8
21.8031
21.8041
21.796
21.795
21.7991
21.8101
21.807
21.8029
21.8
21.7991
21.7941
21.8101
21.7948
21.7941
21.811
21.7881
21.7969
21.7922
21.7922
21.7891
21.7969
21.7969
21.8079
21.7991
21.786
21.7969
21.7988
21.7919
21.801
21.801
21.8
21.7979
21.7938
21.7929
21.806
21.8101
21.801
21.7929
21.8182
21.7972
21.8041
21.7969
21.801
21.7872
21.7879
21.812
21.7979
21.7988
21.7919
21.796
21.785
21.7991
21.7941
21.8129
21.7969
21.7941
21.8081
21.7931
21.795
21.8
21.8089
21.795
21.7962
21.7981
21.7969
21.8101
21.7981
21.8098
21.8022
21.791
21.796
21.8019
21.795
21.7979
21.7938
21.7979
21.8091
21.8031
21.7881
21.805
21.795
21.8019
21.8179
21.8151
21.806
21.796
21.8019
21.807
21.7969
21.7979
21.7972
21.7991
21.7981
21.8041
21.7879
21.811
21.806
21.801
21.7872
21.8
21.8129
21.795
21.8079
21.807
21.806
21.8031
21.801
21.7969
21.7938
21.806
21.8029
21.807
21.8179
21.8072
21.8048
21.8081
21.8089
21.7919
21.791
21.7822
21.7929
21.7919
21.822
21.806
21.8129
21.7972
21.8141
21.8172
21.8198
21.8239
21.8081
21.807
21.8041
21.7929
21.7972
21.7969
21.8029
21.8019
21.8048
21.7819
21.8081
21.7941
21.812
21.8101
21.806
21.7988
21.796
21.7969
21.8019
21.8041
21.806
21.8031
21.805
21.8
21.791
21.8081
21.806
21.806
21.8022
21.812
21.8141
21.7929
21.801
21.811
21.8198
21.7941
21.7969
21.801
21.801
21.7941
21.7972
21.7969
21.7879
21.8081
21.801
21.791
21.816
21.801
21.7979
21.8019
21.791
21.8179
21.7941
21.8091
21.791
21.8031
21.8
21.8041
21.801
21.7919
21.8029
21.8041
21.796
21.7981
21.807
21.795
21.7979
21.816
21.8029
21.7929
21.7969
21.7941
21.8
21.7922
21.7991
21.7969
21.801
21.7988
21.7972
21.7929
21.791
21.8098
21.8022
21.8
21.807
21.791
21.7981
21.805
21.79
21.79
21.8041
21.8019
21.7988
21.791
21.805
21.7912
21.7869
21.7988
21.7988
21.7919
21.7879
21.7969
21.7948
21.7979
21.807
21.796
21.7941
21.7931
21.812
21.7972
21.791
21.7979
21.7998
21.8031
21.7919
21.7988
21.7879
21.7869
21.796
21.7981
21.8
21.8
21.801
21.8031
21.791
21.806
21.8022
21.7979
21.801
21.796
21.8
21.801
21.791
21.807
21.7929
21.807
21.8031
21.826
21.8089
21.7929
21.7919
21.7972
21.812
21.8182
21.817
21.8
21.7979
21.7931
21.7931
21.796
21.796
21.8
21.7929
21.7998
21.8079
21.805
21.7979
21.807
21.805
21.7979
21.7879
21.7869
21.7998
21.795
21.795
21.786
21.7972
21.801
21.8029
21.8041
21.7888
21.795
21.79
21.8148
21.811
21.8151
21.7931
21.7969
21.816
21.7981
21.7931
21.8151
21.7979
21.791
21.8201
21.801
21.8098
21.826
21.7981
21.8
21.8022
21.7972
21.8041
21.8041
21.805
21.8091
21.801
21.7929
21.7929
21.801
21.7919
21.801
21.7988
21.812
21.7948
21.801
21.8041
21.801
21.8139
21.7969
21.7981
21.796
21.8039
21.806
21.7991
21.7969
21.796
21.7969
21.805
21.8198
21.7981
21.8101
21.801
21.7998
21.7991
21.806
21.7931
21.811
21.8241
21.8019
21.8039
21.806
21.801
21.7988
21.7988
21.8019
21.8151
21.8039
21.8141
21.806
21.805
21.8329
21.8019
21.8019
21.7979
21.801
21.8179
21.795
21.8
21.806
21.806
21.805
21.8029
21.801
21.8031
21.805
21.796
21.7991
21.807
21.8089
21.805
21.8041
21.801
21.795
21.801
21.8101
21.7991
21.805
21.7919
21.796
21.816
21.7979
21.806
21.806
21.7979
21.832
21.796
21.8079
21.806
21.7998
21.801
21.8
21.8041
21.7991
