7.4389
7.3421
7.34401
7.33113
7.36094
7.34496
7.31492
7.41196
7.35688
7.32112
7.33185
7.37596
7.34496
7.35402
7.39408
7.39193
7.36499
7.35879
7.33995
7.36594
7.37906
7.3638
7.36117
7.32207
7.35307
7.36403
7.32803
7.37381
7.38192
7.33995
7.39813
7.35593
7.37405
7.339
7.32112
7.35497
7.36403
7.37119
7.40409
7.37786
7.36213
7.36809
7.39694
7.34401
7.37405
7.35712
7.35283
7.34305
7.34401
7.35784
7.39408
7.4029
7.3359
7.442
7.37214
7.40099
7.36094
7.37405
7.31492
7.34305
7.35402
7.339
7.34591
7.36094
7.38096
7.32803
7.35688
7.37214
7.36284
7.34997
7.4079
7.36713
7.34401
7.39312
7.37
7.411
7.36308
7.39789
7.38096
7.38811
7.34496
7.32803
7.39098
7.35497
7.35688
7.36809
7.33209
7.3669
7.339
7.37691
7.44605
7.39002
7.37
7.37691
7.34401
7.3781
7.38502
7.32517
7.37095
7.35378
7.37
7.36403
7.35092
7.37596
7.36308
7.34782
7.37214
7.39408
7.36094
7.34305
7.37286
7.35116
7.36499
7.36213
7.34997
7.34091
7.36094
7.34806
7.43413
7.37619
7.39408
7.35188
7.38311
7.33495
7.35712
7.35283
7.34711
7.38001
7.34711
7.35998
7.411
7.34615
7.36213
7.39193
7.35092
7.36094
7.37405
7.39002
7.35092
7.36403
7.39193
7.375
7.39694
7.30991
7.40194
7.31492
7.40409
7.35807
7.36904
7.40123
7.36117
7.36403
7.41816
7.35903
7.32112
7.36189
7.34687
7.43604
7.32398
7.44295
7.37786
7.31516
7.36117
7.32398
7.34305
7.35092
7.375
7.3278
7.35402
7.38597
7.36713
7.37691
7.4048
7.36094
7.36809
7.32899
7.36594
7.37691
7.35712
7.41601
7.35807
7.42078
7.35903
7.3359
7.339
7.3421
7.34401
7.35092
7.34711
7.3328
7.37405
7.38406
7.37906
7.38406
7.35402
7.45916
7.38478
7.34615
7.37715
7.37286
7.35807
7.339
7.37906
7.34401
7.3359
7.3359
7.35903
7.406
7.35903
7.38192
7.43699
7.35998
7.32303
7.32493
7.3638
7.34115
7.36713
7.3638
7.36117
7.35903
7.36499
7.37405
7.35116
7.35903
7.38096
7.39002
7.38597
7.42102
7.35021
7.35116
7.35688
7.34091
7.375
7.35211
7.33805
7.41792
7.37405
7.33304
7.36499
7.36213
7.34782
7.34019
7.35712
7.35092
7.37
7.43413
7.38192
7.35593
7.37309
7.41196
7.34901
7.34901
7.36785
7.34997
7.3669
7.34401
7.36904
7.3278
7.36213
7.39694
7.39408
7.35378
7.37906
7.34496
7.33089
7.37309
7.37
7.38001
7.36904
7.41792
7.37095
7.40194
7.33304
7.40194
7.40695
7.34782
7.40099
7.34997
7.33089
7.37906
7.36284
7.406
7.3359
7.36594
7.44009
7.33304
7.3421
7.34806
7.31707
7.32994
7.33113
7.37715
7.38382
7.33995
7.40314
7.375
7.46417
7.34305
7.42793
7.35402
7.32398
7.37309
7.34496
7.32899
7.35497
7.41196
7.35903
7.33685
7.37691
7.38215
7.35116
7.32613
7.37906
7.32708
7.32493
7.36094
7.36284
7.40409
7.34401
7.37119
7.39717
7.411
7.37715
7.35211
7.37
7.34711
7.34901
7.31778
7.35617
7.38907
7.38406
7.36523
7.33519
7.31683
7.34901
7.34091
7.34496
7.35903
7.39312
7.35497
7.36594
7.34806
7.32899
7.447
7.35617
7.39717
7.37
7.37
7.33113
7.33805
7.38001
7.34687
7.35497
7.37906
7.33209
7.34997
7.42793
7.32589
7.35903
7.447
7.38311
7.38478
7.35903
7.34496
7.33089
7.35211
7.3719
7.34591
7.339
7.38406
7.40099
7.35903
7.33519
7.33709
7.36499
7.35497
7.34496
7.35092
7.34401
7.38382
7.36308
7.35903
7.36904
7.35688
7.41005
7.32589
7.36713
7.35903
7.33089
7.37095
7.36499
7.3669
7.36499
7.32994
7.35712
7.35712
7.37596
7.3669
7.34305
7.38096
7.39813
7.3719
7.4079
7.36594
7.4501
7.34687
7.36094
7.33709
7.36022
7.35807
7.38096
7.38096
7.38907
7.35712
7.35593
7.36809
7.3781
7.38883
7.35712
7.35688
7.35092
7.36594
7.34496
7.35998
7.38692
7.35211
7.36308
7.42006
7.35998
7.34806
7.39384
7.39789
7.39002
7.39193
7.33495
7.35593
7.32708
7.33519
7.36499
7.35712
7.406
7.37715
7.39384
7.37095
7.34115
7.34901
7.3669
7.38215
7.38692
7.34997
7.3688
7.35998
7.38692
7.41696
7.33995
7.36094
7.37095
7.38192
7.34401
7.41506
7.33423
7.40314
7.40504
7.35998
7.35307
7.38382
7.36308
7.31802
7.33113
7.36499
7.35188
7.37286
7.35307
7.35307
7.36499
7.36022
7.37906
7.37095
7.35712
7.34711
7.34591
7.35593
7.33805
7.41887
7.35688
7.3452
7.29609
7.36499
7.39384
7.3719
7.38502
7.42102
7.34305
7.36189
7.36094
7.34401
7.375
7.36809
7.35307
7.34186
