54.971
55.1958
54.9371
54.6801
54.6839
54.8491
55.6152
54.4331
54.9698
55.007
55.2349
54.5919
55.2399
55.2089
54.7569
54.884
54.6439
54.9519
55.217
54.7221
54.8091
54.939
55.2061
54.9719
54.5311
55.2721
54.9591
54.39
54.8499
55.4211
54.9672
54.744
55.0909
55.1689
54.462
55.0201
55.2299
55.0232
54.5771
55.3582
54.9262
55.7799
55.5179
54.4782
54.827
54.868
55.3498
55.048
54.4021
54.765
54.6949
55.6679
55.361
54.8341
54.57
54.9021
54.4071
55.4452
55.1989
54.9891
54.862
54.734
55.1529
55.1159
54.914
54.883
55.2721
55.3701
54.7919
54.759
54.7411
55.1682
55.228
55.2719
54.3621
54.9879
55.28
54.682
55.1071
54.7981
55.4399
54.765
54.9271
55.2988
55.3181
55.2831
55.3131
55.212
54.7519
55.4869
55.27
54.914
54.9698
54.5619
54.508
55.0041
54.831
54.672
54.671
54.9359
55.3901
54.8952
54.9269
55.0911
55.037
55.0902
54.8661
54.497
55.3029
54.3399
54.348
54.909
54.4
55.099
54.672
54.5561
54.3652
55.316
54.837
54.5721
54.5571
54.456
54.631
54.6801
55.0969
55.207
55.037
54.723
54.713
55.0749
55.4221
54.832
54.5928
54.606
54.471
55.2621
54.455
54.7919
54.955
54.9371
55.2859
54.5859
55.032
54.672
54.8739
55.301
55.011
54.7521
55.407
55.1338
54.5809
55.4059
55.27
54.8298
55.182
55.233
54.6088
54.8251
54.6782
54.775
54.3318
55.419
54.472
54.924
54.796
55.099
55.105
55.3999
54.6191
54.364
54.822
54.9009
54.6932
55.095
55.1651
55.2101
54.631
55.4218
54.5731
54.3542
55.433
55.2809
55.0089
54.395
55.4299
54.5909
54.7249
54.9929
54.6801
54.832
55.347
54.6319
54.4729
54.4169
55.0179
54.8871
54.7059
54.765
54.971
54.889
54.7061
54.893
55.9921
54.6041
54.616
54.9572
54.6012
54.8551
54.4581
54.5661
54.904
54.776
54.908
55.043
54.9779
55.0919
54.8639
54.8439
55.0849
54.6401
54.9519
55.3699
54.8429
55.038
55.156
55.2981
55.017
54.9991
55.1162
55.13
54.734
55.1982
54.9421
55.495
54.9889
54.9901
54.605
55.0179
55.701
54.5321
54.8851
54.868
54.8
54.5759
54.812
55.285
55.1021
54.595
54.7969
55.001
55.5539
54.872
54.461
54.5061
54.7352
55.896
55.5651
54.558
54.637
55.4779
55.6951
54.8139
54.728
55.2881
55.1729
55.2838
54.5421
54.7719
55.1758
55.5441
54.5011
54.621
54.41
54.9142
54.841
54.2619
55.29
54.9889
55.1541
54.811
54.8241
55.0082
54.6031
54.879
55.3839
55.2158
54.6761
54.8971
54.9409
54.8351
54.6281
54.606
55.3551
55.213
55.3799
54.8799
54.5399
55.1629
54.8539
55.7821
54.9688
54.8809
55.465
55.2421
54.9319
54.862
54.39
54.3981
55.0032
55.3679
54.698
55.1898
54.817
54.7819
54.708
55.459
55.5499
54.812
54.8949
55.1178
55.9411
54.7998
55.1779
55.506
54.9979
54.7962
54.991
54.7919
55.522
55.022
54.507
54.7812
54.8561
54.8992
54.8298
54.8699
54.7831
55.042
55.001
54.9159
55.1519
54.9009
54.5509
54.4932
54.7941
55.074
55.073
54.6899
54.6179
54.98
54.7202
54.9901
54.776
55.0628
54.6579
54.9901
54.8751
55.1212
54.996
54.6291
54.389
54.9281
55.2349
55.2671
54.9111
54.512
54.4629
55.2759
54.6401
54.7419
54.142
54.6811
54.8649
54.6589
55.0859
55.0098
55.3598
55.042
54.9488
55.459
55.088
54.9638
55.1469
54.9572
55.2561
55.398
55.15
55.3589
55.088
55.5091
54.9021
54.6961
54.9819
55.1572
55.167
55.3551
54.5971
54.7059
54.956
54.775
54.781
54.745
54.75
55.0342
54.7969
54.529
54.5352
54.965
54.7118
54.7311
55.0771
54.635
54.847
54.6272
55.2909
54.945
55.0749
55.2731
55.337
54.862
55.2919
54.795
54.9161
55.5301
54.9421
55.0671
54.7912
54.955
55.2468
54.944
55.234
54.9879
54.7869
55.1879
54.6029
54.7359
54.951
54.775
54.7819
54.7478
55.0931
54.996
55.1722
55.553
54.4589
54.4901
54.9061
55.131
54.8019
54.8298
54.368
54.3091
55.3801
54.904
55.1951
55.1729
54.785
54.862
54.749
55.2258
54.61
54.635
55.0189
55.742
55.3241
54.812
55.043
55.007
54.8849
54.913
54.9991
54.7121
55.4519
54.8651
54.5449
54.626
54.486
55.3079
54.945
54.9369
55.0859
54.6629
54.3859
54.379
54.6651
55.239
55.3219
55.1341
55.3231
55.0821
55.017
54.811
54.8642
54.4879
55.306
54.7469
55.5038
54.9731
55.2549
54.9979
54.8739
54.8542
55.0961
55.007
55.0718
55.0129
54.9839
55.0749
54.899
54.4839
54.9068
54.4739
54.702
54.3871
54.338
55.0971
54.8968
54.852
54.635
54.693
54.7712
54.883
54.5239
55.357
55.2671
54.5049
54.847
54.6451
54.966
55.002
54.4109
55.0861
54.971
54.739
55.0108
55.0621
55.3551
55.372
55.1109
54.914
54.8301
55.2812
54.8911
54.5561
55.1271
54.6751
54.8499
54.4372
55.1951
54.5762
55.326
54.8799
54.6329
55.311
55.028
54.8961
54.7731
54.8639
54.9462
55.5079
55.012
54.8499
54.7259
54.373
54.9011
55.079
54.863
54.98
55.155
55.1341
54.9119
54.6179
54.903
54.7011
55.1419
54.8861
54.7252
54.9371
54.9471
55.028
55.7189
54.9479
54.4379
54.8251
54.692
54.522
54.847
55.326
54.8539
55.146
54.5959
54.9541
54.6961
55.3641
54.8332
55.635
55.094
54.9212
55.227
55.9001
54.781
54.5781
54.7011
55.3179
55.2559
55.408
54.76
54.8451
55.021
54.6031
54.709
54.841
54.8759
55.2211
55.2821
54.867
54.904
54.8599
54.827
54.4081
54.991
55.629
55.1028
55.3141
54.899
55.1112
55.3091
54.61
54.697
54.8341
54.714
55.2189
54.9519
55.0919
55.897
55.0029
54.8899
54.903
55.4202
55.2511
55.083
54.9719
55.2568
54.822
55.4321
54.8401
54.908
54.9049
54.4169
55.1581
54.733
55.1031
54.4579
55.1319
54.9562
54.9731
54.5042
55.254
55.0859
54.848
55.5611
55.33
54.652
54.7919
54.316
54.599
54.4751
55.0041
54.8542
55.022
54.708
55.285
55.1112
55.038
55.486
54.4729
54.8172
55.269
54.4689
55.218
54.755
54.9519
54.9979
55.263
54.9011
54.8398
54.9998
54.697
55.0361
54.8189
55.1729
54.8439
55.511
55.5449
54.9159
55.239
55.51
55.3489
54.812
55.3098
54.43
54.7209
55.419
54.898
55.2199
54.7581
54.9672
55.1209
54.8069
54.8129
54.472
55.124
54.631
54.388
55.1081
55.1109
55.0101
54.569
54.8861
55.4709
55.3401
54.692
54.997
55.0561
55.3172
55.104
54.9469
55.176
54.9922
54.9481
54.8928
55.0401
54.9669
54.889
55.094
55.0601
54.724
55.2158
55.1519
55.2559
55.0358
54.9321
54.9819
55.6109
54.8089
55.146
54.9991
55.059
54.431
55.124
54.7168
54.7619
54.8809
54.9951
54.8561
54.6091
54.9068
54.698
55.115
55.0551
55.1541
55.0911
55.3789
54.697
55.115
54.7719
54.868
54.395
54.863
55.3
55.182
55.567
55.383
55.4969
54.7242
55.12
54.5979
54.9529
55.002
55.5859
54.9049
55.449
55.151
54.9788
54.8611
54.9061
54.698
54.533
54.9872
55.3801
54.857
55.4059
54.9011
55.0699
54.806
55.032
54.6701
55.0401
54.5061
55.5501
54.7841
55.212
54.4732
55.5201
54.359
55.0292
54.4951
54.8451
55.1882
54.836
54.6451
54.9691
55.732
55.1069
55.047
55.424
54.8739
55.3441
55.0652
54.6861
54.59
54.6861
54.7919
55.2092
55.202
54.9781
55.285
54.4059
54.8999
54.5149
55.001
54.975
54.6291
54.9541
54.822
55.2051
54.738
54.925
55.0239
55.052
54.956
54.888
54.7202
54.9061
54.8191
54.9362
54.6591
55.4399
55.2781
54.9629
55.3
55.3119
54.754
54.7609
55.2149
54.6269
54.9901
54.9321
55.4361
55.228
54.6761
54.9371
54.9622
54.657
56.1249
54.744
55.1181
55.81
55.4409
54.8809
54.858
55.0859
54.9159
54.8511
54.4848
54.852
54.8022
55.1901
54.9099
54.6401
55.29
55.203
55.8431
55.0408
54.5199
54.4729
55.258
54.5499
55.3319
55.3751
54.8918
54.5549
54.6379
54.7719
54.8499
54.522
54.697
54.723
54.7991
54.4322
54.939
54.6949
54.9579
54.9669
54.7321
54.8351
54.8072
55.073
54.909
55.444
54.832
54.9982
55.1651
54.666
54.6489
55.2931
55.342
54.683
54.915
55.1939
55.0261
55.1791
55.397
55.3918
54.636
55.45
54.4741
55.124
54.698
54.805
55.3691
54.718
55.1991
55.048
55.397
55.0339
54.8899
55.4709
55.0511
54.7161
55.0642
54.492
54.3091
55.006
54.5189
54.873
54.7621
55.1929
54.6432
54.6191
54.8971
55.2101
54.4739
55.3238
55.105
55.2299
55.2628
55.3679
55.1381
55.0411
55.2311
55.4938
54.9209
55.0818
55.0389
55.0408
54.857
54.7721
54.8251
54.5449
55.0919
55.119
54.857
55.11
54.512
54.8851
54.2881
54.446
54.3671
55.1081
54.8069
55.1
54.9741
54.781
55.1779
54.8041
54.5921
55.119
55.46
55.063
55.032
54.6739
54.6641
54.8851
54.9352
54.5809
55.4469
54.6181
54.9982
54.296
