55.0768
55.7282
54.724
55.0771
54.8129
54.7659
55.1229
55.337
55.2192
54.9951
55.196
55.4359
54.4109
55.012
55.073
54.7471
54.9009
54.682
54.652
54.6122
54.8952
54.5702
54.9381
54.1539
54.8172
54.8699
54.4529
54.9879
54.9998
54.8811
54.5311
54.704
54.6708
54.7421
55.0308
55.0721
54.4012
54.9679
55.2521
55.356
54.9381
54.826
54.646
55.0592
54.548
55.2759
54.8329
54.4341
54.368
55.3479
54.652
54.569
54.76
54.858
54.7862
54.9531
54.8701
54.826
54.497
54.826
54.9929
54.8062
54.965
54.7769
54.5518
54.944
55.079
54.9929
55.0189
55.017
54.2669
55.196
55.4149
54.729
54.79
55.6049
54.666
54.405
54.647
55.4481
55.4569
55.1839
54.791
55.2771
55.0151
55.1319
54.703
54.6429
55.1932
54.652
54.5499
55.079
54.2929
54.9848
54.6598
54.4641
54.3549
54.5969
54.6379
54.987
55.1581
54.7011
54.7938
55.023
54.3599
55.0001
54.7142
54.549
54.4569
54.9719
54.5199
54.739
55.4001
55.1879
54.0838
55.228
55.0771
54.6291
54.5182
54.507
54.5621
55.089
54.919
54.3149
54.543
54.867
54.5511
55.2361
54.6021
54.909
55.454
54.6999
54.8069
54.697
54.92
54.8651
54.626
55.4531
54.198
54.5499
54.6319
54.4131
55.1922
55.105
54.5421
54.8511
54.5962
54.8611
55.053
54.7872
55.485
54.358
54.6069
54.7891
54.7252
54.589
54.98
54.672
54.9309
54.4651
54.5819
55.146
55.0089
54.9209
55.373
54.9481
54.7812
55.053
55.0191
54.574
54.641
55.259
54.904
55.0389
54.894
54.9989
54.9529
54.4689
54.821
55.0549
54.424
54.955
54.687
55.1391
54.7421
54.5249
55.0201
54.889
54.908
55.1729
54.564
54.5549
54.492
54.286
54.852
54.456
54.98
54.594
55.315
54.6329
54.903
55.268
55.644
55.0089
55.1169
54.8248
54.5969
54.363
55.0141
55.016
54.3439
54.738
55.0671
54.2722
54.6501
54.5628
54.8332
55.2142
55.5649
55.0799
54.6732
55.1631
54.2102
55.0201
54.2541
54.7528
54.4729
54.7719
54.594
54.5361
55.0339
55.1431
54.9619
55.0392
55.3031
54.9011
54.8022
54.5061
54.5528
54.7681
55.0461
55.0489
54.5101
54.5459
54.708
55.1958
54.986
54.384
54.667
54.4639
54.8279
54.58
54.78
55.1848
54.8589
54.898
54.795
54.94
55.104
54.5371
54.281
55.2301
54.6551
54.6291
55.0849
55.021
54.5719
54.8429
54.75
54.7178
54.3439
54.7049
54.9278
54.955
54.5568
54.6041
55.0761
54.4531
54.6291
55.2461
54.5719
54.558
54.9591
54.8739
54.7409
55.542
54.9631
54.8801
54.5321
54.6691
55.0251
55.186
54.77
54.4591
55.197
55.2731
55.0961
55.5341
55.7311
54.7419
54.821
54.914
55.0129
54.934
54.8871
54.6839
54.3642
54.354
54.9819
54.9839
54.9989
54.5509
54.4541
54.6429
54.939
55.5298
55.222
55.0179
55.105
54.791
54.6911
54.9178
54.1461
54.8329
54.683
54.8139
55.1319
55.3489
54.502
54.7318
54.8708
55.459
54.9741
55.31
55.1391
54.9989
54.399
54.5101
54.92
54.76
55.1019
54.8151
54.7822
54.7252
54.7788
55.2659
55.259
54.9078
55.0358
55.0051
54.7321
54.661
54.9438
54.688
55.244
55.3679
54.589
54.6088
55.2039
54.512
55.1481
54.3449
55.0668
54.9409
54.3771
54.379
55.3761
54.5361
54.673
54.991
55.3989
55.0511
54.574
54.359
55.0818
54.7678
54.7619
55.552
54.7912
54.915
54.5471
54.436
54.172
54.8449
54.9049
55.1419
54.8019
55.1319
54.4889
54.7719
54.6551
55.176
55.5911
54.7912
55.2671
54.703
54.976
55.3582
54.7371
54.4639
55.1269
55.042
55.1939
55.6209
54.9541
55.1801
54.594
55.114
54.774
54.9128
54.9841
55.197
54.6489
54.6639
54.723
54.4858
54.857
54.5752
54.589
54.8818
55.4729
54.6119
54.4739
54.776
54.7049
54.534
54.796
55.295
54.5421
54.8348
54.646
54.4381
54.8811
54.5151
54.8241
54.2569
54.6219
54.497
54.9521
54.7171
55.074
55.135
54.939
54.286
54.6
54.4062
55.0549
55.2678
54.903
54.671
54.544
55.0261
54.5609
55.352
54.6679
54.8341
54.9629
54.419
54.7671
54.7011
54.745
55.0511
54.487
55.079
54.8289
54.8749
54.3749
55.434
54.5459
55.0101
54.369
54.662
55.1269
55.1379
54.652
55.2619
54.8711
54.9741
54.9932
55.2521
54.651
54.6999
54.467
54.8871
54.2078
54.6269
54.9898
54.7562
54.5712
55.3601
54.8439
55.0458
54.6489
54.903
54.915
55.2959
55.2099
54.879
55.125
54.8148
54.58
54.2169
54.7109
54.7011
54.2099
54.7221
54.4839
54.961
54.5611
54.5092
54.842
54.0829
54.8589
54.8949
54.5409
54.7349
55.3129
54.704
55.347
54.9438
54.744
54.8239
55.146
55.1019
54.786
55.2828
54.544
55.371
55.09
54.9672
55.2499
54.9109
54.6989
55.3808
55.033
54.7879
55.16
54.4891
54.8339
54.76
54.5211
54.873
54.8971
54.317
54.94
54.8658
54.584
54.836
54.5509
54.6379
55.0752
54.4672
54.6911
55.0511
54.708
54.7209
55.4349
55.0261
55.1538
54.4679
54.795
55.506
54.7371
54.527
55.0649
54.503
55.2101
54.477
54.4081
55.819
54.2359
54.836
54.601
54.7049
54.4839
54.714
54.6
54.8761
54.852
54.7001
54.6641
55.3381
54.487
54.7929
54.9059
54.9099
54.7869
55.0039
54.4622
54.723
54.4529
54.22
54.9932
54.7881
54.5261
54.688
54.7521
54.9681
54.3211
54.8759
54.8241
55.0539
55.0599
55.4349
54.955
54.8851
55.1181
55.2042
54.8391
54.3981
55.1488
55.099
54.7321
54.5619
55.0249
54.785
54.6021
55.0408
54.3389
54.6379
54.498
54.405
54.688
55.1128
55.202
54.8952
55.2001
54.985
55.6779
55.022
54.816
55.1031
54.605
54.805
54.5201
54.801
54.2939
54.975
54.9622
54.518
54.5409
54.6799
55.1579
54.6129
55.0771
55.485
54.739
55.3341
54.7781
55.0201
54.7659
54.915
55.3501
54.503
55.1109
54.755
55.0811
55.0458
55.2731
54.4739
54.5208
54.878
54.2281
54.879
55.2599
54.729
54.7919
54.8489
55.325
54.7721
55.0489
54.836
54.734
54.5731
54.574
54.441
54.74
54.9338
55.023
55.434
54.5502
55.387
54.7178
55.155
54.898
54.899
54.5301
54.2541
54.7121
55.0439
55.0919
54.5599
55.2459
54.513
54.611
54.997
54.436
54.086
54.4591
54.522
56.0169
54.6379
54.9879
54.836
54.867
54.5678
54.6589
54.7249
54.6858
55.125
54.538
54.8511
55.6691
55.486
54.6651
54.883
54.765
55.3179
54.9109
54.6989
54.4281
54.605
55.403
55.809
54.925
54.6939
55.0098
54.6899
55.0029
55.1119
54.2359
54.435
54.2562
54.5909
54.827
54.5599
54.6451
54.6608
55.3169
54.5208
54.5931
54.9059
55.737
54.95
54.5869
54.7419
54.847
54.3861
54.651
54.4729
54.2638
54.493
54.929
54.7051
54.7049
55.516
55.289
54.904
55.306
54.7249
54.893
54.5189
55.0308
54.4679
54.58
54.6908
54.6999
54.945
55.012
54.285
54.9788
54.95
54.3661
54.3952
55.0141
54.863
54.5149
54.3668
55.012
55.2509
54.8038
54.749
54.764
54.625
55.7928
55.208
55.6829
54.8499
54.796
55.0499
54.3902
54.74
54.749
54.8441
55.2771
54.678
54.729
55.0051
54.467
55.1109
55.2728
54.496
54.7891
55.048
54.4801
54.3079
54.5549
55.4428
54.8959
54.7769
55.0909
54.6861
54.647
55.0759
54.8799
54.955
55.079
54.2829
54.867
54.6582
54.255
55.7268
54.6679
55.316
54.8189
54.78
54.487
54.2989
54.796
54.9471
54.626
54.657
54.791
54.451
55.6118
54.193
54.75
55.0809
54.898
55.1181
54.7161
54.8022
54.76
54.4751
55.3679
54.666
54.7712
54.6238
54.671
55.058
55.1879
54.78
55.1729
54.2572
54.992
55.1
55.1419
55.064
54.404
54.5349
54.7101
55.177
55.4771
55.1841
54.563
54.7481
54.3149
54.9619
54.4379
54.7469
54.4229
55.104
54.6041
55.1691
54.4109
54.8382
55.2702
54.702
54.713
54.7359
54.522
54.2412
54.7051
55.0342
54.8451
54.713
54.75
54.7521
54.8851
55.234
54.507
55.469
54.9779
54.6112
54.6961
54.395
54.2469
54.8329
54.6231
54.9002
54.7898
54.7919
55.2289
54.6751
54.5442
54.7721
54.889
54.63
55.161
55.074
54.6889
54.631
54.347
55.1932
54.431
54.543
55.208
54.884
54.8649
54.673
54.9359
54.245
55.048
54.7609
55.2499
55.079
54.3411
54.4341
54.8329
54.4569
54.7161
55.0129
54.6389
54.543
54.7061
54.7311
54.8501
54.404
54.945
54.6091
55.0869
54.589
54.8251
54.5011
54.9281
54.0972
54.585
54.9889
54.6601
54.61
55.0401
54.9622
54.7922
55.1829
54.5149
55.0249
54.4519
54.415
54.9102
54.641
55.0461
55.6109
55.0499
54.7099
54.7972
55.491
55.3081
54.698
54.7302
55.8729
55.1569
54.3191
54.857
54.5931
54.4782
54.6501
54.862
55.126
54.9712
54.795
54.374
54.9071
54.8
54.8458
54.9169
54.8229
55.301
54.951
54.4341
54.6908
55.1291
55.0811
54.7509
54.24
55.4411
54.4522
54.877
55.2778
54.6181
54.879
