8.147
8.10313
8.11601
8.10814
8.11481
8.11219
8.11219
8.13103
8.13103
8.10385
8.12197
8.13007
8.13985
8.13603
8.12888
8.11601
8.12888
8.11601
8.13985
8.12197
8.13413
8.13603
8.12197
8.12006
8.13413
8.12602
8.12984
8.11291
8.11911
8.13389
8.111
8.11601
8.11791
8.14295
8.11791
8.14509
8.12197
8.1141
8.09598
8.11696
8.13794
8.11791
8.12697
8.11481
8.12197
8.13699
8.13198
8.12697
8.11791
8.1439
8.12292
8.14104
8.13198
8.13484
8.13413
8.10909
8.12292
8.13198
8.1079
8.12793
8.13103
8.12507
8.111
8.11195
8.1141
8.1048
8.12316
8.13079
8.10504
8.12292
8.12101
8.111
8.11195
8.1079
8.147
8.16989
8.14199
8.12483
8.10909
8.12984
8.11791
8.11696
8.10814
8.11505
8.13007
8.12721
8.12912
8.12697
8.12387
8.11195
8.12602
8.11791
8.1439
8.11696
8.12697
8.13484
8.11696
8.12292
8.10719
8.11911
8.10885
8.11601
8.11195
8.11291
8.11791
8.13103
8.11505
8.11791
8.11696
8.12292
8.10814
8.13317
8.14199
8.10599
8.13389
8.1141
8.1141
8.13293
8.11601
8.11005
8.10504
8.111
8.10313
8.13079
8.13603
8.13103
8.13699
8.11505
8.12387
8.11315
8.10719
8.11911
8.11601
8.12793
8.10885
8.10504
8.13603
8.11696
8.10599
8.11696
8.12411
8.10814
8.11982
8.11601
8.11887
8.111
8.11005
8.11195
8.11601
8.11601
8.1141
8.12101
8.1172
8.147
8.11505
8.12984
8.10814
8.11005
8.11005
8.12483
8.11601
8.10909
8.11911
8.11291
8.11791
8.11291
8.11815
8.11195
8.12483
8.13818
8.12912
8.11601
8.10599
8.12006
8.13413
8.11386
8.14104
8.14199
8.13222
8.12197
8.12507
8.11696
8.12387
8.13007
8.12221
8.12078
8.12006
8.12197
8.12483
8.11315
8.13794
8.13413
8.12793
8.11481
8.12912
8.12697
8.1172
8.11911
8.10289
8.12101
8.11696
8.11791
8.11791
8.10909
8.11315
8.12292
8.1079
8.13699
8.111
8.12984
8.1501
8.11815
8.12221
8.14581
8.1141
8.10885
8.12197
8.10599
8.12006
8.11815
8.11911
8.13603
8.12817
8.12793
8.13007
8.147
8.13699
8.11791
8.1141
8.11005
8.11315
8.14295
8.11982
8.13007
8.12078
8.13413
8.1172
8.11219
8.11601
8.13413
8.111
8.11005
8.10504
8.11315
8.11791
8.1439
8.11291
8.11505
8.12101
8.1141
8.12101
8.12197
8.13389
8.12292
8.10599
8.10289
8.1079
8.13198
8.13508
8.11505
8.12221
8.10289
8.13794
8.111
8.10885
8.12006
8.11815
8.1048
8.13007
8.13389
8.12697
8.10599
8.10409
8.12101
8.12602
8.11291
8.10599
8.12006
8.12316
8.10695
8.13103
8.111
8.13007
8.10289
8.10003
8.13198
8.11291
8.11195
8.10909
8.11315
8.12697
8.10719
8.11219
8.12507
8.11195
8.12387
8.11911
8.13103
8.12387
8.11005
8.12697
8.12292
8.12197
8.10385
8.11315
8.13413
8.11696
8.11791
8.11601
8.09693
8.13198
8.11791
8.11195
8.11481
8.14295
8.11195
8.10695
8.11291
8.11005
8.111
8.10909
8.12197
8.111
8.11791
8.10385
8.12602
8.10003
8.11386
8.12888
8.12912
8.11791
8.12197
8.11696
8.12197
8.111
8.11386
8.10099
8.11696
8.111
8.11791
8.111
8.10909
8.12316
8.11481
8.13603
8.09598
8.13293
8.1079
8.11911
8.11219
8.1501
8.10385
8.11291
8.10909
8.11982
8.12697
8.13317
8.12602
8.10409
8.11315
8.11195
8.11601
8.12316
8.12697
8.10409
8.13007
8.10981
8.10504
8.1079
8.13508
8.12817
8.11505
8.13198
8.111
8.10695
8.11291
8.12197
8.111
8.13293
8.111
8.11815
8.12411
8.10599
8.11791
8.12101
8.14605
8.11696
8.12292
8.09979
8.13007
8.12507
8.1141
8.12793
8.111
8.13389
8.12793
8.13603
8.13699
8.13413
8.12984
8.11911
8.111
8.13913
8.16321
8.12602
8.11195
8.111
8.13484
8.11505
8.12984
8.12697
8.12197
8.12316
8.11386
8.11791
8.12793
8.10814
8.11195
8.11005
8.11291
8.17394
8.13794
8.10194
8.111
8.10695
8.12507
8.12578
8.10599
8.11791
8.10409
8.11481
8.12006
8.1079
8.10599
8.11791
8.12006
8.11982
8.11601
8.13007
8.11315
8.10122
8.1141
8.10409
8.10885
8.12602
8.111
8.12602
8.11815
8.12483
8.12793
8.11505
8.12697
8.10885
8.1389
8.12197
8.11195
8.14009
8.12221
8.11505
8.12197
8.12507
8.11386
8.10409
8.11505
8.10409
8.1141
8.1048
8.11195
8.10909
8.11195
8.10194
8.111
8.11315
8.12101
8.12817
8.13079
8.12006
8.13293
8.11005
8.12483
8.12507
8.12197
8.10814
8.11982
8.11505
8.10003
8.10909
8.12197
8.12984
8.11005
8.12602
8.13794
8.14509
8.11195
8.10289
8.13389
8.11005
8.12101
8.1172
8.11195
8.10981
8.11195
8.12411
8.12697
8.12316
8.11005
8.11601
8.12602
8.12197
8.111
8.11696
8.10814
8.12316
8.11386
8.11005
8.11005
8.12387
8.12006
8.10599
8.1172
8.12078
8.12411
8.1389
8.15988
8.11815
8.10885
8.10909
8.12387
8.12507
8.11601
8.1141
8.11315
8.10981
8.11005
8.11887
8.10194
8.11911
8.10695
8.111
8.12387
8.10695
8.13293
8.1389
8.10695
8.12912
8.10504
8.12411
8.12888
8.11386
8.12006
8.12602
8.12101
8.12507
8.12292
8.10909
8.1172
8.10814
8.10623
8.10719
8.12721
8.10885
8.12602
8.12793
8.11291
8.12197
8.11195
8.10409
8.12602
8.111
8.1079
8.111
8.11195
8.11696
8.12578
8.12006
8.12387
8.11195
8.12793
8.12602
8.12793
8.10194
8.13794
8.11291
8.1141
8.10599
8.10909
8.12697
8.11291
8.12507
8.10599
8.11195
8.12197
8.11982
8.10695
8.10599
8.11505
8.12697
8.10218
8.10981
8.12006
8.12292
8.11696
8.10599
8.13007
8.11505
8.12912
8.111
8.10719
8.10814
8.15296
8.12387
8.11005
8.10003
8.11386
8.10313
8.14819
8.12316
8.12483
8.11195
8.11505
8.12697
8.13103
8.12292
8.11601
8.12101
8.11982
8.12507
8.11291
8.10504
8.12221
8.11815
8.11887
8.12602
8.11195
8.12197
8.12912
8.12101
8.12507
8.111
8.11195
8.11005
8.1172
8.12316
8.11791
8.11505
8.12101
8.12197
8.111
8.10719
8.11219
8.11005
8.10909
8.10719
8.111
8.12411
8.1389
8.11887
8.12006
8.13103
8.10814
8.10885
8.10289
8.13699
8.12006
8.12006
8.10695
8.12101
8.11815
8.12411
8.10504
8.11195
8.11696
8.12793
8.12697
8.13603
8.11195
8.09097
8.12888
8.11195
8.1079
8.11219
8.11505
8.11386
8.12411
8.13818
8.11219
8.11315
8.12221
8.12316
8.12483
8.12197
8.11195
8.11505
8.10909
8.12602
8.13699
8.10909
8.10599
8.11219
8.12817
8.12006
8.09908
8.11791
8.13484
8.11315
8.13198
8.09908
8.10885
8.09789
8.12697
8.10909
8.1079
8.111
8.11481
8.12197
8.10909
8.12197
8.11315
8.10885
8.12602
8.1079
8.12507
8.13103
8.11195
8.11791
8.12006
8.11696
8.10981
8.13222
8.11005
8.11696
8.10981
8.12197
8.11195
8.10313
8.11005
8.13007
8.10981
8.12101
8.12387
8.10099
8.11791
8.13103
8.11601
8.10885
8.11601
8.11386
8.10814
8.12221
8.13389
8.12006
8.10719
8.11505
8.15201
8.10385
8.12006
8.11386
8.10909
8.11601
8.12793
8.10814
8.13913
8.11291
8.11291
8.13198
8.12507
8.13603
8.11696
8.1079
8.14009
8.12411
8.13103
8.1079
8.10599
8.11195
8.10981
8.111
8.12912
8.13198
8.11911
8.12078
8.11195
8.12793
8.11601
8.10599
8.11005
8.11005
8.10289
8.10599
8.12411
8.12483
8.11195
8.12197
8.10504
8.13484
8.13603
8.11291
8.14605
8.12101
8.1141
8.11815
8.11887
8.11696
8.13699
8.13103
8.12387
8.11505
8.10695
8.12292
8.11601
8.10599
8.11815
8.12697
8.1172
8.13413
8.15201
8.12006
8.11911
8.1172
8.12507
8.11505
8.12697
8.11911
8.1079
8.11791
8.11005
8.11481
8.10909
8.12411
8.10695
8.11291
8.10695
8.12101
8.11481
8.12101
8.11791
8.11601
8.12697
8.11601
8.12507
8.1079
8.10599
8.10695
8.10909
8.12197
8.11601
8.12006
8.10909
8.14295
8.11601
8.10814
8.11601
8.13007
8.12292
8.10599
8.11791
8.12292
8.111
8.1439
8.12912
8.13007
8.11505
8.12221
8.12101
8.13508
8.11791
8.12197
8.12602
8.1141
8.11601
8.11481
8.11219
8.10909
8.10504
8.11005
8.13103
8.12578
8.12221
8.11815
8.12793
8.12101
8.12817
8.111
8.11005
8.11005
8.11696
8.11195
8.10409
8.12006
8.11505
8.10695
8.10409
8.1408
8.11911
8.111
8.12316
8.11911
8.11791
8.12507
8.10719
8.11696
8.11005
8.1079
8.11696
8.10885
8.11315
8.10313
8.11291
8.12101
8.11696
8.11982
8.11195
8.10289
8.111
8.11696
8.12006
8.11481
8.12602
8.12507
8.11791
8.11005
8.10814
8.11315
8.13079
8.11505
8.12292
8.12888
8.09908
8.111
8.11815
8.12316
8.12793
8.11195
8.12387
8.10504
8.11601
8.1141
8.10504
8.10003
8.11291
8.11315
8.11601
8.10909
8.13484
8.1079
8.111
8.11815
8.11505
8.10981
8.12912
8.09789
8.10504
8.12197
8.10695
8.14104
8.13293
8.12507
8.12912
8.1079
8.10099
8.1358
8.1141
8.147
8.10003
8.12221
8.10504
8.12006
8.13198
8.14319
8.1141
8.12292
8.11791
8.111
8.10885
8.13603
8.09789
8.11005
8.111
8.12101
8.10695
8.10504
8.12697
8.12411
8.10695
8.13293
8.10385
8.11291
8.14104
8.12006
8.13484
8.10194
8.09002
8.11601
8.10218
8.10909
8.10885
8.10909
8.111
8.11601
8.12006
