3.87502
0.114918
0.109911
0.109911
0.109911
0.109911
0.108957
0.109196
0.110149
0.108957
0.109911
0.109911
0.109911
0.110149
0.109196
0.109911
0.108957
0.109911
0.109911
0.639915
0.110865
0.109911
0.108957
0.109911
0.110149
0.109196
0.110149
0.109911
0.108957
0.109911
0.108957
0.110149
0.110149
0.118971
0.109911
0.109911
0.110149
0.108957
0.108957
0.109911
0.109911
0.109911
0.108957
0.110149
0.108957
0.110149
0.109911
0.109911
0.109911
0.108957
0.110149
0.110149
0.109911
0.108957
0.109911
0.109911
0.108957
0.110149
0.109911
0.109911
0.109911
0.109911
0.108004
0.110149
0.110149
0.109911
0.109911
0.109911
0.468969
0.110865
0.108957
0.110149
0.110149
0.108957
0.109911
0.109911
0.108957
0.109911
0.110149
0.109196
0.109911
0.108957
0.109911
0.108957
0.109911
0.108957
0.110149
0.109911
0.109911
0.108957
0.109911
0.249147
0.110865
0.105858
0.108004
0.105858
0.108004
0.106096
0.108004
0.10705
0.108004
0.105858
0.105858
0.105858
0.108004
0.108004
0.106096
0.106096
0.106096
0.106096
0.108004
0.106096
0.108004
0.10705
0.10705
0.106096
0.108004
0.105858
0.10705
0.108004
0.105858
0.105858
0.105858
0.105858
0.105858
0.105858
0.105858
0.926971
0.111103
0.108004
0.108957
0.10705
0.110865
0.108004
0.10705
0.108004
0.108004
0.10705
0.10705
0.10705
0.105858
0.105858
0.105858
0.108004
0.108004
0.10705
0.106096
0.106096
0.108004
0.108004
0.106096
0.106096
0.106096
0.106096
0.108004
0.106096
0.188112
0.110865
0.108004
0.106812
0.106812
0.106812
0.105858
0.105858
0.108004
0.108957
0.105858
0.105858
0.10705
0.108004
0.108004
0.106096
0.10705
0.106096
0.106096
0.106096
0.106096
0.106096
0.106096
0.108004
0.10705
0.105858
0.105858
0.105858
0.108004
0.106096
0.108004
0.108004
0.108957
0.10705
0.108004
0.106096
0.108957
0.108004
0.108004
0.105858
0.108004
0.108004
0.106096
0.106096
0.108004
0.106096
0.108004
0.105858
0.105858
0.105858
0.108004
0.106096
0.106096
0.106096
0.106096
0.106096
0.10705
0.10705
0.108004
0.106096
0.106096
0.106096
0.106096
0.106096
0.106096
0.108004
0.105858
0.10705
0.109196
0.105858
0.105858
0.105858
0.105858
0.105858
0.108004
0.106096
0.106096
0.108004
0.106096
0.10705
0.106812
0.108004
0.108004
0.108004
0.106096
0.106096
0.108004
0.10705
0.10705
0.106096
0.106096
0.10705
0.109196
0.108004
0.106096
0.108004
0.105858
0.105858
0.105858
0.105858
0.108004
0.108004
0.108004
0.105858
0.109911
0.108004
0.108004
0.106096
0.106096
0.106096
0.106096
0.108004
0.108004
0.105858
0.105858
0.108004
0.10705
0.106096
0.106096
0.106096
0.108004
0.105858
0.105858
0.105858
0.105858
0.105858
0.108004
0.106812
0.106812
0.108004
0.106096
0.106096
0.108004
0.105858
0.105858
0.105858
0.107765
0.105858
0.108004
0.106096
0.108004
0.105858
0.105858
0.105858
0.108004
0.106096
0.105858
0.105858
0.105858
0.105858
0.106812
0.106812
0.108004
0.106096
0.106096
0.108004
0.106096
0.108004
0.105858
0.105858
0.108004
0.106096
0.108004
0.106096
0.109196
0.106096
0.108004
0.10705
0.106096
0.106096
0.10705
0.105858
0.105858
0.105858
0.105858
0.108004
0.106096
0.106096
0.106096
0.105858
0.108957
0.106096
0.106096
0.106096
0.108004
0.106096
0.106096
0.106096
0.10705
0.105858
0.108957
0.105858
0.10705
0.108004
0.108957
0.105858
0.108004
0.10705
0.10705
0.10705
0.105858
0.105858
0.105858
0.108004
0.106096
0.108004
0.105858
0.105858
0.105858
0.105858
0.105858
0.105858
0.107765
0.105858
0.108004
0.106096
0.106096
0.106096
0.106096
0.10705
0.10705
0.108004
0.106812
0.106812
0.105858
0.108004
0.106096
0.106096
0.108004
0.106096
0.108004
0.108004
0.108957
0.108004
0.105858
0.108004
0.108004
0.106096
0.108957
0.108004
0.106096
0.108004
0.106096
0.106096
0.10705
0.108004
0.106096
0.106096
0.105858
0.10705
0.106096
0.106096
0.106812
0.108004
0.106096
0.106096
0.108004
0.106096
0.108004
0.108957
0.108004
0.108004
0.106096
0.108004
0.105858
0.105858
0.105858
0.108004
0.108004
0.106096
0.108004
0.108004
0.10705
0.105858
0.105858
0.105858
0.108004
0.106096
0.106096
0.106096
0.106096
0.106096
0.10705
0.105858
0.108004
0.108004
0.106096
0.106096
0.106096
0.106096
0.106096
0.106096
0.108957
0.108004
0.10705
0.108004
0.108004
0.105858
0.105858
0.104904
0.108004
0.105858
0.105858
0.105858
0.108957
0.108004
0.108004
0.105858
0.108004
0.106096
0.106096
0.106096
0.108004
0.108004
0.105858
0.108957
0.108004
0.108004
0.10705
0.10705
0.106096
0.108004
0.108004
0.106812
0.108004
0.106096
0.106096
0.106096
0.108004
0.106096
0.10705
0.108004
0.108004
0.10705
0.106812
0.108004
0.106096
0.106096
0.106096
0.106096
0.105858
0.10705
0.10705
0.10705
0.105858
0.105858
0.105858
0.105858
0.105858
0.105858
0.108004
0.105858
0.105858
0.105858
0.105858
0.105858
0.108004
0.10705
0.108004
0.108004
0.108957
0.108004
0.105858
0.105858
0.105858
0.106096
0.106096
0.106096
0.108004
0.105858
0.105858
0.105858
0.108004
0.106096
0.106096
0.106096
0.108004
0.108004
0.106096
0.108957
0.108957
0.108957
0.10705
0.108004
0.108004
0.106096
0.108004
0.106096
0.106096
0.106096
0.106096
0.106096
0.108004
0.106096
0.106096
0.108004
0.108004
0.106096
0.108004
0.106096
0.10705
0.10705
0.10705
0.106096
0.108004
0.106812
0.105858
0.105858
0.108004
0.106096
0.106096
0.106096
0.106096
0.106096
0.108004
0.106096
0.106096
0.106096
0.10705
0.106096
0.108004
0.105858
0.105858
0.108004
0.108004
0.105858
0.105858
0.108004
0.108004
0.106096
0.108004
0.105858
0.105858
0.108004
0.106096
0.106096
0.108957
0.106096
0.106096
0.10705
0.10705
0.106096
0.106096
0.106096
0.106096
0.106096
0.106096
0.106096
0.106096
0.106096
0.106096
0.10705
0.106096
0.106096
0.108004
0.108004
0.105858
0.10705
0.106096
0.106096
0.108004
0.106096
0.106096
0.106096
0.10705
0.10705
0.106096
0.106096
0.108004
0.10705
0.108957
0.105858
0.10705
0.106096
0.106096
0.105858
0.105858
0.105858
0.108004
0.106096
0.106096
0.10705
0.105858
0.105858
0.108004
0.10705
0.108004
0.105858
0.108004
0.108004
0.106096
0.108004
0.108957
0.105858
0.105858
0.105858
0.105858
0.108004
0.105858
0.105858
0.105858
0.105858
0.108004
0.106096
0.106096
0.10705
0.108004
0.108004
0.108004
0.108004
0.108004
0.108004
0.106096
0.106096
0.108004
0.105858
0.108004
0.106096
0.106096
0.106096
0.10705
0.108957
0.10705
0.10705
0.108004
0.108004
0.106096
0.106096
0.106096
0.106096
0.106096
0.106096
0.10705
0.10705
0.108957
0.10705
0.106096
0.106096
0.108004
0.10705
0.106812
0.105858
0.105858
0.108004
0.106096
0.108004
0.106096
0.106096
0.108004
0.105858
0.10705
0.105858
0.108004
0.106096
0.106096
0.106096
0.106096
0.108004
0.106096
0.106096
0.106096
0.106096
0.108004
0.105858
0.108004
0.106096
0.10705
0.10705
0.105858
0.105858
0.105858
0.108004
0.106096
0.10705
0.108004
0.105858
0.108004
0.10705
0.10705
0.10705
0.108957
0.10705
0.10705
0.10705
0.106096
0.106096
0.106096
0.106096
0.106096
0.108004
0.106096
0.106096
0.10705
0.108004
0.106096
0.106096
0.106812
0.105858
0.105858
0.108004
0.106096
0.106096
0.108004
0.106096
0.106096
0.106096
0.106096
0.10705
0.108957
0.10705
0.106812
0.105858
0.108004
0.108004
0.108004
0.105858
0.108957
0.108004
0.108004
0.108004
0.108957
0.108004
0.105858
0.105858
0.105858
0.105858
0.108004
0.105858
0.105858
0.105858
0.105858
0.105858
0.108004
0.10705
0.108957
0.105858
0.107765
0.105858
0.106812
0.106812
0.105858
0.105858
0.105858
0.105858
0.105858
0.108004
0.108004
0.106096
0.108004
0.106096
0.108004
0.105858
0.105858
0.105858
0.108004
0.108004
0.108004
0.106096
0.108004
0.10705
0.10705
0.10705
0.108004
0.108004
0.108004
0.106096
0.106096
0.108004
0.106096
0.106096
0.106096
0.106096
0.108004
0.105858
0.105858
0.105858
0.108004
0.106096
0.108004
0.10705
0.108957
0.10705
0.106096
0.108957
0.106096
0.106096
0.108004
0.105858
0.105858
0.109911
0.108957
0.108004
0.106096
0.106096
0.106096
0.106096
0.106096
0.106096
0.106096
0.106096
0.108004
0.106096
0.106096
0.106096
0.10705
0.106096
0.106096
0.108004
0.108004
0.108004
0.106096
0.10705
0.10705
0.106096
0.106096
0.106096
0.108004
0.108004
0.108004
0.108004
0.106812
0.108004
0.108957
0.106096
0.10705
0.10705
0.106096
0.108004
0.105858
0.10705
0.108004
0.106096
0.108004
0.105858
0.105858
0.108004
0.108004
0.106096
0.106096
0.106096
0.108957
0.109196
0.108004
0.106096
0.108957
0.108004
0.108004
0.108004
0.108004
0.108957
0.108957
0.108004
0.105858
0.108004
0.106096
0.106096
0.10705
0.106096
0.106096
0.106096
0.106096
0.108004
0.106096
0.106096
0.108004
0.108957
0.108004
0.105858
0.105858
0.106812
0.106812
0.105858
0.105858
0.108004
0.106096
0.106096
0.106096
0.106096
0.10705
0.10705
0.108004
0.106096
0.108004
0.106096
0.106096
0.108957
0.105858
0.106812
0.105858
0.105858
0.105858
0.105858
0.10705
0.105858
0.105858
0.105858
0.105858
0.10705
0.10705
0.106096
0.106096
0.108004
0.105858
0.10705
0.108004
0.106096
0.108004
0.105858
0.10705
0.106096
0.109196
0.105858
0.108004
0.106096
0.10705
0.108957
0.10705
0.10705
0.10705
0.108004
0.106096
0.108004
0.106096
0.106096
0.10705
0.106096
0.106096
0.106096
0.108957
0.10705
0.106096
0.106096
0.10705
0.108004
0.105858
0.108004
0.10705
0.10705
0.108004
0.106096
0.106096
0.108004
0.108004
0.106096
