11.9989
5.86009
5.8589
5.85914
5.8639
5.85604
5.862
5.85604
5.86009
5.85413
5.862
5.85389
5.85794
5.85699
5.86295
5.85699
5.8558
5.85198
5.85604
5.8589
5.85508
5.85413
5.84793
5.85985
5.85604
5.86486
5.85198
5.85794
5.85508
5.85508
5.85818
5.85294
4.38905
4.07815
4.08196
4.07887
4.0791
4.07791
4.07887
4.07791
4.076
4.08006
4.08101
4.07219
4.076
4.08006
4.08506
4.08602
4.0791
4.08006
4.08006
4.05312
4.05288
4.04692
4.04716
4.05598
4.04906
4.05002
4.04882
4.05002
4.05002
4.04811
4.04906
4.04787
4.05097
4.04596
4.04692
4.04716
4.05002
4.04692
4.04906
4.05288
4.04906
4.04882
4.05383
4.05216
4.05097
4.04811
4.04906
4.05097
4.0462
4.04906
4.04406
4.04811
4.04906
4.05097
4.05288
4.05097
4.04882
4.05002
4.05002
4.04906
4.04811
4.05288
4.06098
4.04906
4.04811
4.05097
4.05121
4.05097
4.05097
4.05192
4.0462
4.05192
4.04882
4.04692
4.05097
4.04787
4.05216
4.05002
4.04716
4.05002
4.04906
4.04906
4.05121
4.05002
4.05192
4.04811
4.05312
4.05097
4.04811
4.05312
4.04906
4.04882
4.05002
4.04787
4.05002
4.04906
4.05192
4.05097
4.04692
4.05478
4.04906
4.04906
4.05312
4.05097
4.05407
4.05312
4.04692
4.05192
4.04978
4.04787
4.04692
4.05192
4.05097
4.04811
4.05002
4.05121
4.04882
4.04596
4.04811
4.04906
4.04811
4.05216
4.05288
4.05192
4.04811
4.05192
4.05097
4.04692
4.04501
4.04811
4.05002
4.06003
4.04906
4.05502
4.04787
4.04906
4.05097
4.05002
4.04906
4.05097
4.04906
4.05002
4.04882
4.04596
4.05002
4.04811
4.05002
4.04406
4.04692
4.05097
4.04787
4.04882
4.04787
4.04882
4.04882
4.05002
4.05002
4.04906
4.05097
4.04978
4.05097
4.04906
4.04811
4.04692
4.04882
4.05097
4.05192
4.05192
4.0431
4.04906
4.05192
4.04787
4.05288
4.05002
4.04906
4.04596
4.04811
4.05002
4.04596
4.05121
4.05192
4.04716
4.04596
4.04692
4.04906
4.04716
4.04906
4.04692
4.04596
4.05002
4.05312
4.04787
4.05288
4.05312
4.04501
4.05097
4.04406
4.04906
4.05097
4.04501
4.04596
4.05002
4.05002
4.05002
4.04787
4.04596
4.05097
4.05312
4.05097
4.04978
4.05192
4.05216
4.05002
4.05002
4.04787
4.05383
4.04787
4.04978
4.04882
4.04692
4.05407
4.05002
4.05097
4.04596
4.05002
4.04596
4.05002
4.04692
4.06599
4.04978
4.04382
4.04596
4.05097
4.04811
4.05216
4.04882
4.05407
4.04906
4.05312
4.05002
4.05216
4.05097
4.05312
4.05288
4.04787
4.0462
4.05002
4.04906
4.05002
4.05121
4.05097
4.04906
4.04811
4.05002
4.04906
4.04811
4.04596
4.04906
4.05002
4.0462
4.05097
4.04501
4.04692
4.05002
4.04906
4.05192
4.04906
4.04787
4.04906
4.05097
4.04811
4.05002
4.05097
4.04692
4.05002
4.05097
4.04882
4.05002
4.05002
4.05502
4.04906
4.05407
4.04906
4.04716
4.05216
4.05002
4.04596
4.05002
4.05192
4.04906
4.05097
4.04716
4.05002
4.04716
4.05288
4.05288
4.05216
4.05312
4.04501
4.04906
4.05407
4.04716
4.04811
4.04406
4.04906
4.04811
4.04811
4.05502
4.05407
4.05216
4.04906
4.04906
4.05002
4.04716
4.05407
4.05598
4.05097
4.05288
4.05312
4.05097
4.04882
4.04787
4.05192
4.04811
4.04716
4.05002
4.04692
4.04787
4.04596
4.04906
4.05002
4.04692
4.04906
4.05002
4.04978
4.05788
4.04692
4.04692
4.04787
4.04787
4.04811
4.04811
4.05192
4.05121
4.04906
4.04692
4.05407
4.05002
4.04596
4.05312
4.05312
4.04787
4.05002
4.04906
4.04906
4.04811
4.06122
4.04787
4.05884
4.04596
4.05407
4.05097
4.04811
4.05002
4.04906
4.04811
4.04596
4.05002
4.05002
4.04692
4.05192
4.05097
4.05121
4.04692
4.05216
4.04906
4.04692
4.04787
4.05216
4.04596
4.04906
4.04906
4.04811
4.05002
4.04978
4.04787
4.04787
4.05216
4.04906
4.05097
4.05312
4.05192
4.04882
4.05097
4.05097
4.05002
4.04596
4.04906
4.05002
4.04716
4.05002
4.04501
4.05002
4.04882
4.05097
4.05192
4.04787
4.04882
4.04787
4.05192
4.04906
4.05097
4.04787
4.04882
4.0462
4.05407
4.05502
4.05192
4.04716
4.05097
4.05097
4.04596
4.04596
4.05216
4.04692
4.04692
4.04811
4.05097
4.04501
4.04906
4.05288
4.04692
4.04906
4.04906
4.04906
4.04501
4.04787
4.05312
4.04596
4.04501
4.04906
4.04596
4.05002
4.05312
4.05002
4.04906
4.04906
4.04811
4.04716
4.05288
4.04978
4.04596
4.05312
4.04596
4.04882
4.04692
4.05097
4.05097
4.05002
4.04906
4.05002
4.05192
4.05002
4.04692
4.05002
4.04811
4.05002
4.05192
4.04382
4.04501
4.05812
4.05407
4.05312
4.05192
4.04692
4.05216
4.04906
4.05097
4.04716
4.04787
4.04787
4.05121
4.04692
4.04906
4.05908
4.04978
4.05288
4.04787
4.04382
4.04787
4.04787
4.04382
4.04787
4.04596
4.05288
4.05908
4.04692
4.05002
4.05192
4.05002
4.05002
4.05097
4.05097
4.04692
4.04787
4.05312
4.04906
4.04906
4.04787
4.05192
4.04811
4.04716
4.04692
4.04382
4.04787
4.04882
4.04978
4.04787
4.04692
4.04811
4.05002
4.05312
4.04596
4.05002
4.04882
4.05002
4.04692
4.04882
4.05097
4.04501
4.04787
4.05216
4.05192
4.04501
4.05407
4.04811
4.04811
4.04811
4.04692
4.04787
4.05002
4.05288
4.05407
4.04716
4.04692
4.05097
4.05192
4.04787
4.05216
4.05192
4.04501
4.04787
4.05288
4.05097
4.05097
4.05002
4.05002
4.04787
4.05097
4.04811
4.05502
4.05002
4.05312
4.04811
4.04906
4.04906
4.04596
4.05002
4.04906
4.05002
4.05002
4.04596
4.04787
4.05002
4.05502
4.05192
4.04787
4.05192
4.04811
4.04811
4.04787
4.05192
4.04787
4.04906
4.04906
4.05383
4.05097
4.05097
4.05121
4.04906
4.04692
4.04692
4.05192
4.04811
4.04906
4.04692
4.05002
4.04406
4.04692
4.04882
4.05097
4.04906
4.05002
4.04882
4.05288
4.04811
4.04716
4.05097
4.05097
4.04811
4.05192
4.04692
4.04596
4.04882
4.05097
4.04906
4.04906
4.04811
4.04692
4.04811
4.04906
4.05097
4.04882
4.05097
4.04811
4.05192
4.04692
4.04596
4.05097
4.05407
4.05002
4.04811
4.04501
4.05216
4.05097
4.05288
4.05002
4.04716
4.04811
4.05002
4.05002
4.04787
4.04716
4.04692
4.04882
4.05192
4.04906
4.04811
4.05002
4.05002
4.04882
4.04716
4.04906
4.04501
4.04882
4.05192
4.05216
4.04787
4.04787
4.05192
4.04716
4.05002
4.05097
4.05121
4.04787
4.05097
4.05097
4.05002
4.04906
4.04596
4.05312
4.05002
4.04716
4.05097
4.05097
4.05002
4.04716
4.05192
4.05383
4.04692
4.04906
4.05216
4.05407
4.04596
4.04978
4.05002
4.05192
4.05192
4.04692
4.05002
4.05192
4.05288
4.05002
4.04787
4.04906
4.05002
4.04596
4.05192
4.05002
4.04596
4.0462
4.05097
4.05192
4.04596
4.04811
4.05002
4.04716
4.04906
4.04811
4.05097
4.04906
4.04811
4.05192
4.05002
4.05288
4.04882
4.04787
4.04978
4.05192
4.04716
4.05192
4.04692
4.05097
4.04906
4.05502
4.04787
4.04501
4.04692
4.04787
4.04501
4.04501
4.04906
4.05002
4.04882
4.04692
4.05216
4.04596
4.04906
4.05216
4.04787
4.05192
4.04692
4.05097
4.05002
4.05192
4.0462
4.05502
4.05192
4.04787
4.05502
4.05407
4.04596
4.04787
4.05097
4.05002
4.04716
4.04811
4.04692
4.04882
4.04882
4.04787
4.04692
4.05192
4.04501
4.04906
4.05312
4.05097
4.05097
4.04787
4.04382
4.04906
4.05192
4.05097
4.04882
4.05097
4.05097
4.04787
4.05097
4.05002
4.05812
4.05407
4.05002
4.05312
4.04906
4.04716
4.05097
4.04596
4.04978
4.05002
4.05097
4.04906
4.04906
4.05097
4.04596
4.05097
4.05002
4.04882
4.04596
4.05002
4.05002
4.05312
4.05502
4.05097
4.05598
4.05097
4.05192
4.05121
4.05002
4.04787
4.05097
4.04906
4.04716
4.04811
4.04906
4.04811
4.04692
4.05002
4.05192
4.05288
4.04501
4.05192
4.05002
4.05312
4.04596
4.04978
4.04882
4.04882
4.05383
4.04596
4.04501
4.05002
4.04906
4.05002
4.04787
4.04501
4.05192
4.0462
4.05097
4.04787
4.05002
4.05478
4.05002
4.04716
4.04906
4.05097
4.04906
4.05407
4.05002
4.05216
4.05002
4.05192
4.04787
4.05121
4.04787
4.05502
4.04882
4.04692
4.04882
4.04596
4.04692
4.04787
4.04811
4.05002
4.05121
4.04787
4.05097
4.04811
4.04692
4.04811
4.04716
4.05097
4.04596
4.04501
4.04906
4.05002
4.05312
4.04501
4.05097
4.05002
4.05002
4.04692
4.0462
4.04596
4.04906
4.05002
4.05002
4.05097
4.05502
4.05002
4.04596
4.04716
4.04692
4.04787
4.04692
4.04692
4.04906
4.04596
4.05216
4.04811
4.04692
4.04906
4.04501
4.04978
4.04692
4.04692
4.04716
4.05002
4.04906
4.05002
4.04906
4.05002
4.05002
4.05002
4.04906
4.05097
4.05788
4.05192
4.05002
4.04906
4.05192
4.04906
4.05216
4.05288
4.05097
4.04906
4.05097
4.04882
4.04978
4.05192
4.05002
4.05312
4.04692
4.04596
4.04692
4.04787
4.04882
4.05192
4.05002
4.04906
4.05002
4.04596
4.04596
4.05216
4.05002
4.04906
4.04906
4.05002
4.05192
4.04906
4.05097
4.05121
4.05002
4.05097
4.05598
4.04882
4.05002
4.05002
4.04906
4.05216
4.04906
4.05002
4.04906
4.05216
4.04906
4.04692
4.04882
4.04906
4.04692
