14.7021
14.647
14.6701
14.637
14.6251
14.643
14.6611
14.6329
14.6089
14.637
14.657
14.6508
14.627
14.6642
14.617
14.6391
14.6611
14.6689
14.6129
14.663
14.6329
14.6191
14.6611
14.694
14.6501
14.621
14.6482
14.617
14.6539
14.6642
14.643
14.6251
14.6751
14.643
14.668
14.6129
14.6539
14.6589
14.678
14.606
14.648
14.632
14.6539
14.6141
14.6661
14.6611
14.627
14.6339
14.6339
14.6241
14.648
14.6348
14.6358
14.6248
14.632
14.627
14.652
14.636
14.6379
14.6389
14.6542
14.632
14.6139
14.627
14.7069
14.622
14.6451
14.6351
14.6761
14.6661
14.678
14.6401
14.6191
14.6501
14.6461
14.663
14.6699
14.6501
14.6611
14.6189
14.6101
14.631
14.6348
14.6558
14.642
14.6492
14.612
14.6441
14.636
14.637
14.6639
14.657
14.6198
14.6289
14.642
14.6911
14.6792
14.637
14.647
14.663
14.632
14.683
14.6699
14.6801
14.6599
14.648
14.6582
14.6549
14.6718
14.6439
14.6191
14.6351
14.6391
14.667
14.6642
14.648
14.6501
14.6592
14.6511
14.6799
14.611
14.684
14.6561
14.678
14.6449
14.6439
14.6461
14.6358
14.6229
14.6391
14.698
14.6618
14.632
14.6811
14.6182
14.6279
14.6339
14.6542
14.6241
14.6341
14.6139
14.658
14.6379
14.657
14.6151
14.621
14.6708
14.6229
14.622
14.632
14.653
14.6279
14.658
14.652
14.6389
14.6019
14.6151
14.6601
14.6141
14.627
14.6611
14.6689
14.6511
14.6711
14.642
14.627
14.621
14.6251
14.662
14.6601
14.641
14.6239
14.6711
14.6401
14.652
14.672
14.6859
14.6348
14.5969
14.6801
14.636
14.6301
14.6141
14.6649
14.643
14.6501
14.6749
14.6539
14.627
14.673
14.643
14.662
14.6041
14.6592
14.637
14.6461
14.6291
14.6379
14.652
14.6329
14.632
14.616
14.6599
14.6432
14.6511
14.642
14.6532
14.6201
14.6379
14.6301
14.6592
14.6539
14.6489
14.6942
14.642
14.6542
14.6341
14.647
14.6341
14.6599
14.6379
14.6391
14.6298
14.6389
14.6632
14.6039
14.6379
14.6351
14.667
14.6492
14.632
14.612
14.6549
14.6081
14.6561
14.658
14.631
14.636
14.663
14.6401
14.6201
14.662
14.6501
14.611
14.667
14.6291
14.642
14.6072
14.678
14.642
14.6351
14.657
14.672
14.6391
14.6611
14.6189
14.6501
14.6511
14.6341
14.6439
14.703
14.6441
14.6461
14.6339
14.6201
14.6351
14.6289
14.6482
14.642
14.6441
14.6351
14.6511
14.6401
14.636
14.679
14.6232
14.6449
14.6799
14.667
14.6801
14.6501
14.6389
14.611
14.643
14.6561
14.6711
14.616
14.636
14.6391
14.658
14.657
14.6382
14.6289
14.6768
14.601
14.653
14.6852
14.6811
14.641
14.622
14.6091
14.616
14.663
14.683
14.6241
14.611
14.6461
14.6351
14.6401
14.637
14.668
14.6241
14.6661
14.6382
14.6461
14.678
14.636
14.6461
14.698
14.6499
14.6298
14.653
14.6639
14.6601
14.6191
14.6401
14.6461
14.6899
14.6129
14.6201
14.6811
14.6389
14.6289
14.6351
14.6241
14.6129
14.6499
14.6551
14.6661
14.6189
14.6339
14.6391
14.6589
14.6708
14.657
14.631
14.668
14.6821
14.6101
14.607
14.636
14.668
14.6549
14.6248
14.6708
14.636
14.6489
14.631
14.622
14.642
14.6229
14.6689
14.6501
14.641
14.6389
14.657
14.6351
14.6821
14.6561
14.6799
14.652
14.6379
14.648
14.6568
14.6899
14.6379
14.641
14.632
14.6451
14.6539
14.6549
14.632
14.6439
14.647
14.6489
14.6432
14.6451
14.6279
14.6551
14.658
14.6432
14.631
14.6549
14.6298
14.653
14.626
14.6401
14.6401
14.648
14.653
14.631
14.647
14.6649
14.6611
14.6599
14.643
14.6141
14.6599
14.621
14.6298
14.6089
14.636
14.627
14.626
14.677
14.647
14.6232
14.6129
14.6449
14.6451
14.6401
14.657
14.6222
14.6279
14.6601
14.632
14.622
14.6289
14.6589
14.668
14.657
14.6379
14.6389
14.6918
14.668
14.6751
14.627
14.657
14.6251
14.632
14.663
14.679
14.6389
14.6379
14.6549
14.6592
14.6179
14.6492
14.653
14.6341
14.622
14.6391
14.6329
14.6229
14.6182
14.636
14.636
14.652
14.6689
14.6298
14.6241
14.637
14.6499
14.6668
14.6348
14.626
14.6461
14.6718
14.626
14.647
14.6441
14.617
14.6379
14.663
14.6451
14.6539
14.689
14.6339
14.6298
14.6868
14.6329
14.6151
14.6492
14.6329
14.642
14.6499
14.6098
14.6489
14.6601
14.6639
14.622
14.6289
14.642
14.6329
14.6592
14.6339
14.6589
14.647
14.6132
14.6589
14.663
14.637
14.652
14.637
14.6461
14.6348
14.637
14.652
14.6511
14.668
14.6642
14.627
14.6811
14.627
14.632
14.6139
14.7259
14.6389
14.6282
14.6708
14.647
14.621
14.6489
14.668
14.631
14.627
14.642
14.6601
14.6348
14.647
14.631
14.647
14.642
14.607
14.6441
14.6499
14.6658
14.6651
14.643
14.6258
14.6399
14.648
14.6401
14.6329
14.6708
14.6379
14.648
14.6551
14.6041
14.641
14.6661
14.6661
14.6379
14.6399
14.6141
14.6542
14.6711
14.6229
14.643
14.6351
14.6639
14.6799
14.6532
14.6339
14.662
14.6608
14.6952
14.627
14.6041
14.627
14.626
14.647
14.6389
14.6618
14.6348
14.679
14.6651
14.642
14.6451
14.6549
14.642
14.636
14.6151
14.6341
14.6329
14.6139
14.6608
14.6389
14.632
14.6801
14.6251
14.636
14.6511
14.6682
14.6399
14.6229
14.6391
14.6241
14.667
14.6639
14.6201
14.6551
14.6241
14.632
14.6492
14.6189
14.6229
14.6101
14.6551
14.622
14.632
14.684
14.627
14.642
14.6129
14.6441
14.6389
14.631
14.658
14.6651
14.643
14.6668
14.7069
14.662
14.6539
14.622
14.6439
14.6208
14.6859
14.6601
14.6561
14.632
14.6241
14.653
14.6258
14.6639
14.6651
14.636
14.6291
14.668
14.6341
14.622
14.658
14.6701
14.658
14.6289
14.6461
14.6511
14.6458
14.653
14.631
14.6511
14.617
14.6499
14.6279
14.6852
14.6451
14.647
14.6439
14.626
14.642
14.667
14.6651
14.6251
14.611
14.642
14.6379
14.626
14.616
14.653
14.632
14.6461
14.607
14.6089
14.6322
14.6379
14.6708
14.657
14.6458
14.6298
14.677
14.673
14.6291
14.636
14.6229
14.6148
14.6499
14.6539
14.6141
14.6461
14.632
14.642
14.6232
14.6661
14.6759
14.6289
14.636
14.6742
14.6379
14.6141
14.667
14.626
14.657
14.641
14.6248
14.6561
14.6458
14.6649
14.6611
14.6241
14.647
14.683
14.642
14.667
14.6461
14.6289
14.653
14.616
14.6391
14.6711
14.6279
14.6372
14.6439
14.6511
14.6561
14.647
14.6272
14.607
14.6801
14.607
14.6282
14.621
14.636
14.641
14.632
14.621
14.617
14.6461
14.719
14.6589
14.636
14.6592
14.647
14.6399
14.6639
14.6301
14.6339
14.6689
14.6341
14.684
14.6251
14.6351
14.627
14.642
14.6439
14.631
14.6828
14.6549
14.6329
14.6291
14.6489
14.6511
14.6382
14.672
14.6039
14.648
14.621
14.6391
14.648
14.6291
14.6151
14.616
14.6439
14.6542
14.643
14.6549
14.6272
14.6399
14.6348
14.6282
14.636
14.6451
14.6439
14.6298
14.6532
14.648
14.6601
14.636
14.6651
14.663
14.678
14.6539
14.611
14.6651
14.6379
14.6279
14.6441
14.637
14.6341
14.647
14.6451
14.6601
14.611
14.678
14.6449
14.653
14.6589
14.667
14.6511
14.642
14.626
14.6701
14.6339
14.6339
14.6441
14.6289
14.605
14.6098
14.6458
14.6389
14.6301
14.6351
14.641
14.658
14.6182
14.622
14.677
14.6332
14.662
14.6191
14.653
14.632
14.6699
14.663
14.6539
14.6451
14.631
14.6401
14.652
14.632
14.6742
14.6439
14.6451
14.6711
14.6551
14.6549
14.6611
14.6
14.6511
14.6389
14.6089
14.6508
14.6499
14.6351
14.6661
14.641
14.6701
14.643
14.627
14.6658
14.6332
14.662
14.6239
14.6399
14.648
14.6379
14.6341
14.6201
14.632
14.6289
14.6801
14.606
14.6151
14.6601
14.688
14.6432
14.6749
14.641
14.631
14.6682
14.667
14.636
14.6251
14.6451
14.647
14.667
14.6301
14.6711
14.6692
14.6739
14.6139
14.6649
14.637
14.636
14.688
14.6339
14.5988
14.6291
14.6201
14.6461
14.6358
14.6489
14.6511
14.6449
14.6561
14.6451
14.616
14.622
14.6608
14.642
14.673
14.6332
14.6
14.652
14.637
14.627
14.6489
14.6508
14.6768
14.683
14.636
14.6611
14.6241
14.652
14.617
14.6551
14.641
14.631
14.641
14.6072
14.6151
14.632
14.643
14.6739
14.6291
14.6611
14.663
14.6532
14.6401
14.667
14.672
14.606
14.6232
14.6279
14.6918
14.632
14.6151
14.6401
14.6952
14.663
14.647
14.6482
14.6129
14.668
14.6439
14.6608
14.6558
14.648
14.6551
14.616
14.6279
14.6489
14.6511
14.6289
14.631
14.668
14.6289
14.6308
14.6329
14.636
14.6501
14.611
14.6601
14.627
14.6611
14.6532
14.647
14.658
14.6551
14.631
14.6291
14.683
14.6639
14.652
14.6592
14.693
14.658
14.6332
14.673
14.672
14.643
14.6301
14.6439
14.637
14.6461
14.6849
14.6449
14.6391
14.636
14.653
