19.249
19.2389
19.407
18.8859
19.6431
19.5532
19.3381
19.846
18.949
19.675
19.599
19.177
18.8832
19.243
19.32
18.7631
19.316
19.1641
19.2001
19.778
19.1731
19.2239
19.752
18.9939
19.424
19.1739
19.6741
19.0279
19.4221
19.382
19.4941
18.924
19.686
18.714
19.6309
19.6149
18.9569
19.0032
19.753
19.0811
19.6609
19.5949
19.583
19.3939
18.8489
19.2518
19.567
19.516
19.0499
18.908
18.7628
19.145
19.242
19.6052
19.5301
19.82
19.0079
19.1071
19.2149
19.4771
19.4721
19.3808
18.9388
18.7809
19.3231
19.1059
19.1061
19.3622
19.2821
19.1689
19.1381
18.9941
19.655
19.0971
19.557
19.1751
19.6171
18.821
19.824
19.747
19.7589
19.428
19.34
19.052
19.3789
19.4209
19.0771
19.609
19.1741
19.098
19.4681
19.1531
19.7971
19.208
19.321
19.0771
19.521
19.6841
19.1851
19.0279
19.82
18.8169
18.8382
19.5761
19.6791
18.9559
19.367
18.981
18.9681
18.8808
19.1429
19.2039
19.2769
19.0799
19.7251
19.0809
19.352
19.1388
19.6519
19.6848
19.506
19.213
18.925
19.6421
19.63
19.702
18.9879
19.547
19.161
19.6531
19.4228
19.053
19.4519
19.311
19.2099
19.042
19.398
19.1329
19.6841
19.0971
19.841
19.912
19.5451
19.8591
18.7068
19.7461
19.845
19.1891
18.9199
19.2161
19.1441
19.448
18.9998
19.1782
19.1438
19.511
19.1619
19.489
18.925
19.0229
19.3591
19.2499
19.052
19.2151
19.007
19.4001
19.3691
19.6581
19.7921
19.3541
19.2649
19.4862
19.6221
18.9209
19.356
19.0811
19.1979
19.2051
18.811
19.4399
19.187
19.5451
19.484
18.9459
19.268
19.1989
19.5231
19.716
19.074
19.701
18.9631
18.93
18.9121
19.4192
19.5651
19.5811
19.6891
19.8169
18.9769
19.4979
19.526
19.7072
19.542
19.356
19.7949
19.1598
19.2778
19.7661
19.2599
19.3679
18.9888
19.3441
19.0361
19.2301
19.794
18.9521
19.16
18.9059
18.899
19.1941
18.878
19.8989
19.093
19.6269
19.3319
19.706
19.0098
19.6321
19.1369
19.1369
19.4459
19.2449
19.4211
19.4521
19.4449
19.3858
19.7611
19.0701
18.7771
18.786
19.021
19.4721
19.305
19.0201
18.8529
19.0651
19.212
19.326
19.2051
19.3529
18.7118
19.2261
18.9691
19.7229
19.7191
19.6371
19.5
18.9822
19.2211
19.29
19.7349
19.084
19.5282
19.264
19.614
19.6559
19.6369
19.747
19.249
19.217
18.9629
18.755
19.7251
19.567
19.2039
19.2969
19.264
19.789
19.017
19.7079
19.5279
19.381
19.0549
19.5439
19.6941
19.6671
19.8569
19.345
19.2251
19.0561
19.4468
19.212
19.022
19.3751
19.4108
19.1929
19.588
19.3079
19.3069
19.6121
19.1932
19.016
19.017
19.649
19.1309
19.3961
19.691
19.0611
19.161
19.5589
18.9149
19.242
19.134
19.15
18.9829
19.7821
19.1171
19.48
19.4869
19.6619
19.3839
19.074
19.7411
19.042
19.81
19.4671
19.2239
19.7031
19.0971
19.141
19.6269
18.949
19.5248
19.434
19.7821
19.2661
18.7211
19.2721
19.2349
19.3059
19.1031
19.805
19.033
18.923
19.331
18.811
19.779
19.454
18.8582
19.052
19.86
18.997
19.294
18.9569
19.0539
19.768
19.7132
19.3608
18.9931
18.9419
19.5811
18.7399
19.026
19.1231
18.929
19.479
19.2778
19.202
19.1779
19.0339
19.556
19.6021
18.9569
19.001
19.1472
19.402
19.0101
19.2759
18.944
19.0821
19.649
19.2599
19.464
19.624
19.4881
18.94
19.0959
19.7239
19.4159
19.2509
19.1529
19.0592
19.047
19.1541
19.4631
18.9071
19.0902
19.125
19.6609
19.5451
19.7482
18.924
19.0449
18.873
19.377
19.0189
19.295
19.1221
19.238
19.196
19.532
18.9362
19.2249
19.294
19.4831
19.3112
19.0971
19.316
19.047
18.9071
19.707
18.846
19.5351
19.5942
19.2351
19.63
19.6979
19.9032
19.7251
19.7091
19.038
19.094
18.7609
19.3849
19.3729
19.737
19.469
19.088
18.857
19.6841
19.4671
19.7051
19.4521
19.0659
19.7642
19.135
19.033
19.356
19.3861
18.7161
19.047
19.402
19.758
19.336
19.172
19.1572
19.2618
19.1691
18.9559
19.3861
19.5031
19.4471
19.767
19.351
19.6519
19.1979
19.7768
19.2869
19.582
19.14
19.479
19.192
19.402
19.449
19.223
19.1832
18.9381
19.4921
19.424
19.3632
19.623
19.0871
19.5041
19.4681
19.2368
19.316
19.1989
19.7749
19.1059
19.1941
19.0191
19.3172
19.835
19.5699
19.717
18.8189
19.5529
19.5301
18.9338
19.022
