5.68509
5.40996
5.41711
5.4059
5.4059
5.39804
5.40304
5.40495
5.40805
5.41687
5.4121
5.40018
5.4059
5.4059
5.4009
5.41282
5.41615
5.40209
5.41115
5.40996
5.41115
5.40495
5.40996
5.41496
5.39899
5.41711
5.40709
5.4059
5.40686
5.40996
5.39494
5.40686
5.40113
5.4121
5.42498
5.41496
5.40304
5.404
5.40495
5.41401
5.41687
5.40495
5.40519
5.409
5.40996
5.40519
5.41592
5.40304
5.40805
5.40709
5.40805
5.40423
5.40805
5.40614
5.40495
5.40209
5.39804
5.40185
5.40519
5.409
5.40304
5.409
5.39899
5.4121
5.42808
5.41496
5.41306
5.41401
5.41592
5.41711
5.41306
5.409
5.41306
5.41401
5.39398
5.41401
5.409
5.4009
5.40185
5.39899
5.39899
5.40113
5.39708
5.39804
5.40996
5.40805
5.39684
5.40781
5.41401
5.4059
5.404
5.39994
5.404
5.40614
5.40614
5.40209
5.40495
5.41091
5.39994
5.40781
5.40209
5.40805
5.41091
5.40113
5.409
5.40805
5.409
5.41306
5.40996
5.41902
5.4059
5.40519
5.40495
5.40996
5.41186
5.39994
5.40304
5.41115
5.409
5.41997
5.40304
5.40495
5.40614
5.404
5.40686
5.41091
5.40423
5.39994
5.39589
5.40686
5.40781
5.40185
5.40304
5.40709
5.4028
5.40495
5.4009
5.409
5.41902
5.41687
5.404
5.41496
5.40495
5.404
5.41282
5.41115
5.40805
5.40805
5.40185
5.4121
5.40805
5.40996
5.4121
5.404
5.404
5.404
5.40996
5.40209
5.40209
5.40495
5.42307
5.41592
5.40709
5.39804
5.39899
5.4121
5.41186
5.40996
5.41186
5.4028
5.40209
5.40805
5.4059
5.41377
5.41401
5.41496
5.39708
5.40805
5.4059
5.40304
5.40996
5.40209
5.4059
5.40495
5.40805
5.409
5.40304
5.40519
5.40113
5.40614
5.39994
5.404
5.40495
5.40495
5.40495
5.40304
5.4009
5.404
5.40209
5.40805
5.40996
5.404
5.4059
5.41091
5.40185
5.4152
5.40209
5.42188
5.41306
5.4009
5.40996
5.39994
5.40805
5.40805
5.41306
5.40805
5.39994
5.40686
5.40996
5.40709
5.41902
5.404
5.40996
5.40709
5.41496
5.39517
5.40209
5.41401
5.40709
5.40519
5.40709
5.39994
5.40996
5.41401
5.40495
5.40304
5.4009
5.40185
5.40996
5.404
5.39994
5.40495
5.41186
5.41306
5.40805
5.40686
5.39708
5.40495
5.41115
5.4059
5.4009
5.40805
5.40709
5.39899
5.40686
5.41806
5.409
5.41997
5.40996
5.41091
5.40996
5.4009
5.39804
5.40614
5.41401
5.404
5.40686
5.40996
5.40996
5.40996
5.3978
5.40304
5.41902
5.41592
5.404
5.4028
5.409
5.40209
5.409
5.404
5.40686
5.39994
5.41401
5.40805
5.40495
5.40018
5.41115
5.40709
5.40495
5.4059
5.40614
5.41687
5.41592
5.41186
5.41401
5.40686
5.40495
5.41115
5.409
5.40304
5.40185
5.409
5.404
5.39994
5.41306
5.40686
5.409
5.4121
5.41496
5.4009
5.409
5.40495
5.4009
5.39804
5.39994
5.40686
5.409
5.409
5.41782
5.41592
5.409
5.39398
5.40996
5.409
5.409
5.41592
5.4121
5.40304
5.39804
5.40709
5.39708
5.409
5.40686
5.39708
5.4059
5.40304
5.409
5.4009
5.40495
5.4059
5.40709
5.41496
5.40996
5.39899
5.40495
5.42903
5.41401
5.40996
5.40113
5.40209
5.40805
5.41282
5.39994
5.40686
5.40495
5.404
5.39994
5.42116
5.39708
5.40209
5.40686
5.40495
5.40304
5.39708
5.404
5.39899
5.40996
5.4059
5.4059
5.409
5.39708
5.40209
5.39994
5.409
5.41711
5.41711
5.42283
5.41401
5.41186
5.4059
5.40495
5.40686
5.409
5.41019
5.41115
5.40805
5.41115
5.4121
5.4059
5.4121
5.40996
5.4028
5.41592
5.409
5.40876
5.40805
5.40996
5.40209
5.39899
5.40614
5.40686
5.40185
5.39899
5.39517
5.40614
5.409
5.40304
5.40805
5.40709
5.404
5.40304
5.4121
5.41091
5.41496
5.41401
5.40209
5.409
5.41306
5.40996
5.40209
5.40495
5.4121
5.40304
5.40709
5.41902
5.40519
5.40209
5.39899
5.41282
5.265
5.40996
5.41306
5.40709
5.41496
5.40686
5.39804
5.409
5.40113
5.41091
5.39899
5.40495
5.4121
5.40304
5.40996
5.40781
5.40495
5.404
5.41186
5.40185
5.40996
5.40805
5.41401
5.40495
5.41902
5.4009
5.40495
5.41091
5.42307
5.39899
5.40495
5.40686
5.40781
5.39804
5.41306
5.41902
5.40495
5.41401
5.41592
5.40781
5.39494
5.40805
5.41496
5.40686
5.4059
5.409
5.4059
5.41115
5.41401
5.40113
5.39994
5.40709
5.41115
5.40209
5.41687
5.4121
5.39589
5.40209
5.41401
5.40996
5.409
5.40614
5.404
5.40805
5.39899
5.404
5.40805
5.41902
5.42092
5.404
5.41091
5.40495
5.40614
5.40996
5.40209
5.40614
5.41615
5.41806
5.40805
5.41115
5.41592
5.39708
5.41091
5.39899
5.4121
5.409
5.41496
5.40519
5.39708
5.409
5.40686
5.41019
5.41687
5.40495
5.40495
5.40614
5.41401
5.40495
5.404
5.39899
5.40495
5.40709
5.41306
5.4009
5.409
5.41615
5.40304
5.409
5.4059
5.41019
5.40495
5.409
5.39899
5.41186
5.40614
5.39994
5.409
5.40495
5.41091
5.41687
5.40781
5.404
5.41401
5.41091
5.4121
5.41306
5.40686
5.40304
5.39899
5.40495
5.404
5.41091
5.41878
5.409
5.41091
5.40709
5.41687
5.40996
5.40304
5.4009
5.41496
5.40185
5.41306
5.41496
5.41306
5.4009
5.39994
5.40304
5.40304
5.40709
5.41306
5.40209
5.41115
5.41997
5.41186
5.4009
5.40519
5.40805
5.40686
5.41711
5.42188
5.4059
5.409
5.4059
5.40781
5.41496
5.409
5.41496
5.41306
5.41115
5.41115
5.41997
5.4121
5.404
5.40185
5.404
5.40996
5.40304
5.409
5.409
5.409
5.40996
5.40805
5.41115
5.409
5.40805
5.41306
5.40805
5.4059
5.40495
5.4059
5.4059
5.409
5.39494
5.41902
5.39708
5.40423
5.409
5.40185
5.41711
5.41687
5.41186
5.41997
5.40614
5.41592
5.40113
5.41306
5.40519
5.39994
5.40209
5.40495
5.41401
5.40185
5.40495
5.40113
5.40996
5.41306
5.41806
5.41091
5.39994
5.4121
5.41091
5.4121
5.40805
5.4121
5.404
5.40495
5.40519
5.41186
5.41186
5.40709
5.4121
5.41401
5.40686
5.39994
5.40304
5.41091
5.40209
5.40519
5.40304
5.4028
5.409
5.39804
5.40304
5.39994
5.41401
5.40113
5.41401
5.41282
5.404
5.404
5.40495
5.39994
5.40686
5.40996
5.40304
5.41592
5.40805
5.404
5.40614
5.4121
5.39613
5.4059
5.41306
5.40996
5.41091
5.39994
5.40614
5.39994
5.40113
5.41615
5.42116
5.41592
5.409
5.41615
5.41687
5.41186
5.41091
5.41306
5.41306
5.404
5.41401
5.40304
5.40018
5.41091
5.409
5.409
5.4009
5.4028
5.41496
5.41806
5.41902
5.41687
5.40304
5.409
5.39899
5.41806
5.40304
5.42903
5.40996
5.4009
5.41496
5.404
5.40805
5.4121
5.39804
5.409
5.409
5.41401
5.40996
5.39994
5.40209
5.40805
5.40304
5.40495
5.409
5.4009
5.404
5.41019
5.4121
5.40996
5.40805
5.40686
5.40304
5.4009
5.4009
5.4059
5.4121
5.40709
5.41997
5.4059
5.40304
5.40495
5.40686
5.40495
5.40805
5.409
5.40805
5.409
5.40996
5.41496
5.41496
5.40996
5.4009
5.409
5.41115
5.40996
5.39589
5.404
5.4009
5.40304
5.41401
5.41091
5.4009
5.40209
5.41496
5.40996
5.40185
5.404
5.40495
5.39899
5.41091
5.39899
5.41282
5.40614
5.41782
5.40996
5.404
5.40686
5.40996
5.404
5.409
5.40113
5.39994
5.40709
5.41091
5.40996
5.39899
5.40495
5.41687
5.40709
5.40996
5.409
5.40709
5.40686
5.39899
5.404
5.404
5.41401
5.41115
5.39398
5.4009
5.40304
5.40495
5.4028
5.40209
5.40209
5.41401
5.41496
5.40709
5.40304
5.41186
5.39994
5.41806
5.40614
5.40709
5.409
5.41306
5.39804
5.41687
5.40805
5.41496
5.40113
5.39994
5.40209
5.40996
5.3978
5.40495
5.41115
5.40996
5.40996
5.39804
5.40614
5.40996
5.40709
5.40495
5.404
5.40209
5.404
5.41401
5.40805
5.404
5.409
5.4121
5.41496
5.40709
5.40781
5.41687
5.40304
5.40304
5.41592
5.40209
5.41186
5.40304
5.404
5.41186
5.404
5.40113
5.41115
5.41306
5.41377
5.4121
5.40495
5.41592
5.409
5.41711
5.39708
5.40709
5.41091
5.40781
5.41496
5.40805
5.40709
5.41115
5.40304
5.39923
5.40113
5.4121
5.40495
5.40304
5.409
5.41496
5.409
5.39899
5.4121
5.41401
5.42402
5.41091
5.404
5.41496
5.41306
5.41091
5.4028
5.40709
5.40996
5.41186
5.409
5.409
5.40781
5.41306
5.42283
5.409
5.40495
5.40495
5.4028
5.40805
5.41091
5.409
5.41401
5.41615
5.40495
5.4059
5.4028
5.404
5.40614
5.41496
5.41782
5.39994
5.40996
5.39708
5.40709
5.40709
5.40113
5.40209
5.41115
5.39613
5.39804
5.40495
5.40519
5.40805
5.40495
5.4028
5.41401
5.40495
5.40996
5.41019
5.41711
5.40304
5.40304
5.40996
5.41902
5.40805
5.41186
5.39899
5.40686
5.41496
5.40996
5.41019
5.40805
5.41401
5.39613
5.40996
5.40304
5.409
5.41496
5.40996
5.40614
5.42283
5.40996
5.41401
5.40495
5.404
5.40304
5.40113
5.4028
5.40996
5.26404
5.39899
5.40185
5.40709
5.39804
5.41401
5.4121
5.41306
5.41306
5.3978
5.409
5.42021
5.40805
5.39994
5.404
