9.89604
5.84793
5.84197
5.82695
5.80096
5.91993
5.88012
5.80096
5.78499
5.78809
5.77307
5.77617
5.83196
5.80096
5.88799
5.80907
5.81002
5.82099
5.78904
5.80716
5.77998
5.75995
5.87106
5.79
5.78499
5.74613
5.87106
5.82218
5.83005
5.74398
5.81694
5.8918
5.74303
5.62406
5.74493
5.63693
5.6231
5.64313
5.69701
5.69606
5.71585
5.73182
5.71489
5.70393
5.65314
5.656
5.71299
5.72205
5.63788
5.70989
5.73683
5.70488
5.70297
5.68509
5.6901
5.64218
5.71895
5.71299
5.75304
5.67198
5.71394
5.73707
5.66506
5.65791
5.67698
5.67317
5.66196
5.70798
5.69606
5.67818
5.63192
5.67293
5.70703
5.66697
5.66602
5.64504
5.74183
5.73206
5.72109
5.73206
5.67198
5.68604
5.60498
5.60999
5.687
5.70107
5.68581
5.68509
5.71704
5.71704
5.656
5.6591
5.62
5.68008
5.69201
5.66483
5.68295
5.69606
5.66792
5.72014
5.71609
5.66101
5.64909
5.62501
5.61094
5.67889
5.62501
5.66196
5.67913
5.76711
5.71179
5.69201
5.67603
5.68604
5.67985
5.61404
5.62191
5.6479
5.63002
5.66196
5.75995
5.60999
5.63788
5.64694
5.68199
5.61094
5.64098
5.65195
5.69582
5.63002
5.63693
5.68986
5.63788
5.70798
5.62906
5.67007
5.7292
5.66196
5.70583
5.67889
5.67079
5.61905
5.6951
5.651
5.64599
5.6479
5.64408
5.66101
5.72109
5.63407
5.69677
5.77092
5.65386
5.65886
5.66387
5.69701
5.65386
5.68891
5.69296
5.72705
5.62406
5.72801
5.65505
5.68509
5.62191
5.69797
5.66602
5.651
5.73611
5.71394
5.74803
5.615
5.68891
5.6479
5.66506
5.67722
5.68795
5.62882
5.656
5.64694
5.68295
5.64814
5.70512
5.63598
5.72586
5.64194
5.61309
5.64885
5.59402
5.70107
5.63598
5.69487
5.77593
5.69415
5.77497
5.70297
5.74803
5.68414
5.75995
5.74589
5.63502
5.6839
5.6479
5.59187
5.63884
5.59306
5.723
5.68104
5.61595
5.67007
5.63407
5.61404
5.71895
5.66101
5.70583
5.67794
5.66912
5.615
5.65696
5.68509
5.73683
5.75495
5.68104
5.64408
5.65195
5.77211
5.70512
5.66602
5.68795
5.62406
5.64408
5.6138
5.70488
5.62596
5.70011
5.72014
5.64814
5.68891
5.62286
5.63097
5.70107
5.74112
5.69105
5.63717
5.615
5.66697
5.63312
5.69677
5.66697
5.6479
5.68914
5.70202
5.67722
5.64694
5.64885
5.64885
5.656
5.6951
5.70893
5.70393
5.6541
5.66888
5.6839
5.63097
5.6529
5.59402
5.61118
5.65505
5.70202
5.62787
5.68795
5.67412
5.68295
5.74684
5.62286
5.66602
5.6541
5.61714
5.67508
5.66792
5.75614
5.759
5.70083
5.66101
5.67198
5.67985
5.66006
5.74112
5.63788
5.65696
5.69105
5.6529
5.64599
5.67985
5.67889
5.67889
5.70321
5.62096
5.64885
5.63383
5.63788
5.65386
5.60498
5.66292
5.71799
5.67722
5.7199
5.65195
5.71012
5.73301
5.70083
5.65982
5.64098
5.65004
5.70917
5.66792
5.68604
5.72705
5.687
5.65386
5.68891
5.69415
5.72109
5.63598
5.66888
5.63693
5.66006
5.71895
5.67794
5.70893
5.66387
5.67579
5.66292
5.69701
5.66602
5.63812
5.69797
5.72801
5.60212
5.74398
5.66697
5.67007
5.69105
5.6572
5.66006
5.65314
5.73182
5.66792
5.615
5.62096
5.72991
5.66578
5.68891
5.76091
5.6982
5.67508
5.67007
5.72014
5.68414
5.70488
5.66792
5.72395
5.6541
5.68295
5.72801
5.64814
5.67889
5.67198
5.66196
5.62096
5.6839
5.67198
5.66387
5.6839
5.59688
5.69892
5.64504
5.67889
5.63717
5.71299
5.68199
5.651
5.63622
5.62286
5.70607
5.66292
5.64384
5.70297
5.66816
5.71895
5.656
5.74899
5.64694
5.71394
5.70989
5.72681
5.69606
5.63598
5.71799
5.75614
5.70011
5.64599
5.66387
5.70393
5.59497
5.74207
5.68509
5.69201
5.6591
5.69105
5.70297
5.6541
5.66006
5.70893
5.61285
5.75089
5.61905
5.64384
5.60188
5.69487
5.67198
5.75399
5.67102
5.67794
5.63812
5.6541
5.68604
5.68318
5.66196
5.67198
5.64599
5.61881
5.69701
5.65815
5.70297
5.67317
5.70393
5.6479
5.74088
5.66292
5.63717
5.68795
5.69201
5.64313
5.68604
5.70297
5.70107
5.69797
5.64718
5.65195
5.69487
5.67603
5.7261
5.66888
5.69797
5.67007
5.66721
5.67389
5.64194
5.69201
5.63097
5.74899
5.67794
5.69606
5.68295
5.64504
5.66006
5.687
5.69606
5.72109
5.68795
5.74493
5.66506
5.70822
5.67603
5.74017
5.65886
5.68104
5.73397
5.64194
5.66816
5.68295
5.69987
5.69797
5.65004
5.6932
5.63598
5.63598
5.687
5.72586
5.63478
5.69487
5.70202
5.71513
5.68891
5.67293
5.69415
5.687
5.71299
5.74803
5.73397
5.66292
5.68724
5.64003
5.64694
5.6119
5.76496
5.71299
5.74493
5.71513
5.68795
5.66196
5.71012
5.67102
5.69701
5.67698
5.67007
5.67698
5.65886
5.687
5.73397
5.68581
5.60188
5.66888
5.63478
5.72586
5.656
5.68509
5.67102
5.6479
5.70893
5.6951
5.67102
5.73897
5.70607
5.64694
5.64599
5.59807
5.70607
5.77283
5.70202
5.62501
5.65505
5.67698
5.7621
5.81312
5.66697
5.74303
5.6541
5.69296
5.66483
5.60999
5.6591
5.64599
5.74088
5.65982
5.73397
5.66196
5.60594
5.61523
5.64289
5.60689
5.71394
5.69797
5.73301
5.66697
5.68485
5.72205
5.74398
5.68581
5.72705
5.71609
5.64599
5.69391
5.69916
5.64694
5.67007
5.64194
5.63002
5.66792
5.59688
5.63097
5.67198
5.74303
5.62406
5.6901
5.64909
5.65815
5.74303
5.67102
5.62096
5.72586
5.72085
5.64098
5.70107
5.73015
5.63312
5.68199
5.66721
5.65505
5.67698
5.62501
5.68604
5.66816
5.67794
5.67579
5.68986
5.65505
5.6231
5.68008
5.70202
5.69105
5.67985
5.70798
5.6529
5.63097
5.64599
5.69296
5.73993
5.64408
5.67412
5.71895
5.74684
5.70583
5.6529
5.651
5.69797
5.73802
5.67007
5.67412
5.66292
5.73897
5.70703
5.65791
5.61619
5.69987
5.68891
5.73683
5.67389
5.60594
5.69415
5.69797
5.69391
5.62978
5.68104
5.68295
5.68891
5.71418
5.70202
5.64981
5.70107
5.72109
5.72801
5.62716
5.70703
5.6138
5.6839
5.70297
5.6901
5.6591
5.64289
5.65386
5.73087
5.6169
5.69797
5.69105
5.74899
5.70393
5.67698
5.70202
5.64098
5.63288
5.6479
5.72705
5.66912
5.72205
5.66983
5.73516
5.66697
5.67603
5.68509
5.71203
5.64098
5.62787
5.66006
5.69701
5.67818
5.723
5.77617
5.62096
5.64599
5.75304
5.67508
5.70011
5.67985
5.63884
5.60999
5.6591
5.68914
5.61094
5.66792
5.68104
5.62692
5.69415
5.71704
5.62692
5.69797
5.68199
5.67007
5.67412
5.68414
5.68795
5.656
5.64408
5.63598
5.7261
5.71418
5.77807
5.63097
5.72491
5.64003
5.63502
5.65505
5.64504
5.67579
5.68795
5.64623
5.73087
5.67508
5.68795
5.65124
5.69797
5.64098
5.65696
5.66316
5.72801
5.71585
5.69201
5.63097
5.67913
5.64909
5.65982
5.67198
5.64718
5.66697
5.64218
5.67412
5.69892
5.71704
5.72491
5.67985
5.71895
5.70107
5.65791
5.62406
5.66602
5.60594
5.66983
5.71585
5.66912
5.70512
5.68604
5.75209
5.70011
5.73301
5.66196
5.66602
5.68509
5.67794
5.73301
5.6541
5.72014
5.65696
5.67508
5.62906
5.66411
5.63693
5.63407
5.60999
5.71585
5.74803
5.67508
5.69105
5.651
5.61285
5.64885
5.63788
5.76591
5.73707
5.656
5.64909
5.71513
5.67389
5.72395
5.64718
5.66196
5.64599
5.66888
5.66506
5.656
5.68891
5.69177
5.66292
5.6448
5.71585
5.74398
5.63908
5.66602
5.656
5.65791
5.77903
5.68199
5.65386
5.61881
5.70703
5.67889
5.68795
5.73206
5.63097
5.71799
5.69391
5.65696
5.67508
5.6951
5.759
5.68199
5.70798
5.69582
5.68295
5.70703
5.71704
5.63788
5.70107
5.60594
5.65696
5.66316
5.73897
5.72395
5.61595
5.70893
5.72896
5.73611
5.67007
5.64003
5.70107
5.656
5.66506
5.69296
5.71203
5.69487
5.68295
5.70703
5.67698
5.72109
5.63216
5.70512
5.69105
5.69296
5.67603
5.69701
5.62215
5.64003
5.65505
5.67079
5.69797
5.6901
5.60904
5.70798
5.74207
5.70393
5.67889
5.68485
5.6839
5.73397
5.65815
5.66506
5.72896
5.74398
5.63002
5.74088
5.66792
5.71108
5.62191
5.65696
5.73206
5.71394
5.74589
5.67603
5.66387
5.70393
5.72419
5.67102
5.70416
5.73087
5.71299
5.6529
5.74398
5.6231
5.69892
5.62286
5.67293
5.68509
5.61118
5.64909
5.75304
5.64408
5.63502
5.73611
5.6622
5.71012
5.66292
5.63288
5.72586
5.75185
5.72991
5.68604
5.687
5.60594
5.71203
5.66912
5.71513
5.62096
5.7168
5.72705
5.67007
5.64694
5.68891
5.68295
5.6951
5.66316
5.66387
5.6169
5.61786
5.66888
5.65886
5.64981
5.61285
5.68104
5.64504
5.71108
5.63288
5.64694
5.70083
5.66697
5.68819
5.64909
5.69105
5.63002
5.70202
5.68295
5.64289
5.73707
5.68199
5.67794
5.61285
5.65195
5.6591
5.70512
5.70703
5.69081
5.69105
5.68104
5.79596
5.71203
5.67412
5.73707
5.63717
5.67508
5.64194
5.69296
5.63216
5.69797
5.65505
5.70893
5.62978
5.73587
5.72395
5.62811
5.651
5.64384
5.79286
5.68604
5.77807
5.63908
5.71394
5.76305
5.66792
5.71799
5.62096
5.65791
5.64003
5.64098
5.67698
5.66697
5.66912
5.70011
5.71895
5.70893
5.66387
5.72515
