7.85208
5.39398
5.4009
5.39994
5.38993
5.39804
5.39398
5.39804
5.40304
5.39494
5.404
5.39708
5.40709
5.39899
5.39708
5.39684
5.39994
5.4059
5.404
5.39994
5.4009
5.40304
5.40709
5.39684
5.39994
5.39804
5.40185
5.39899
5.3978
5.39804
5.40209
5.38516
5.40209
5.39517
5.40996
5.39804
5.39899
5.39899
5.39613
5.41091
5.40209
5.40304
5.40686
5.39899
5.39804
5.39708
5.40495
5.39994
5.39494
5.40209
5.40209
5.39684
5.39494
5.4059
5.4009
5.39899
5.39804
5.40018
5.41592
5.409
5.40495
5.4059
5.25689
5.40185
5.40209
5.404
5.39994
5.39899
5.39613
5.39899
5.4059
5.39088
5.404
5.40304
5.39684
5.39899
5.40209
5.39088
5.39708
5.39613
5.4059
5.39398
5.40018
5.4009
5.4121
5.404
5.409
5.404
5.40614
5.39184
5.39398
5.39398
5.39899
5.39184
5.4059
5.39899
5.4121
5.4059
5.40686
5.39899
5.40113
5.39494
5.40209
5.39398
5.39899
5.40519
5.39899
5.39398
5.39804
5.39899
5.40304
5.4009
5.4028
5.4059
5.4121
5.4009
5.40996
5.41306
5.40495
5.40304
5.39613
5.39708
5.41687
5.41401
5.39899
5.39279
5.40209
5.40495
5.39589
5.40185
5.39589
5.39804
5.39804
5.404
5.39398
5.4028
5.40113
5.39398
5.41186
5.40304
5.39899
5.4009
5.40113
5.39899
5.39994
5.40113
5.4028
5.40304
5.39804
5.40209
5.40209
5.40614
5.40709
5.40185
5.39994
5.39899
5.41019
5.40113
5.39994
5.38993
5.4121
5.39804
5.39303
5.39994
5.39613
5.40209
5.40614
5.404
5.39994
5.39708
5.39494
5.38898
5.39398
5.40185
5.40519
5.38898
5.39899
5.40304
5.39994
5.39899
5.40805
5.41615
5.40185
5.40304
5.39899
5.39112
5.40495
5.40304
5.404
5.39899
5.39899
5.40709
5.40113
5.40185
5.38898
5.39398
5.39494
5.39899
5.39899
5.3978
5.40495
5.39708
5.40709
5.39899
5.40304
5.39804
5.40018
5.39804
5.39708
5.39613
5.41401
5.40686
5.41091
5.40113
5.40185
5.39899
5.40113
5.40519
5.39804
5.39899
5.39207
5.42307
5.39184
5.39994
5.41306
5.40495
5.404
5.4009
5.40018
5.39494
5.39398
5.40686
5.39994
5.39899
5.4059
5.38993
5.41091
5.39923
5.39589
5.39994
5.39899
5.39684
5.40304
5.40614
5.40686
5.4059
5.409
5.41091
5.40113
5.39804
5.39708
5.41091
5.4059
5.4009
5.40304
5.39684
5.4028
5.41401
5.40495
5.40495
5.39613
5.40996
5.39804
5.4121
5.39708
5.39899
5.39589
5.39303
5.409
5.4059
5.40709
5.404
5.39994
5.40113
5.40304
5.39994
5.409
5.39899
5.40996
5.40519
5.4009
5.4028
5.4009
5.39804
5.4028
5.40209
5.39303
5.39184
5.41902
5.39899
5.4059
5.39899
5.4059
5.39207
5.39804
5.3978
5.39494
5.39589
5.39303
5.40805
5.39303
5.39613
5.404
5.404
5.40185
5.39684
5.39708
5.39303
5.40185
5.40686
5.409
5.40709
5.39804
5.39398
5.39303
5.39708
5.40805
5.404
5.40709
5.40113
5.40495
5.39494
5.39398
5.40113
5.40686
5.39994
5.404
5.40185
5.39994
5.39398
5.39899
5.39112
5.40209
5.404
5.40304
5.39613
5.4059
5.4009
5.39804
5.39613
5.39899
5.39804
5.39899
5.40304
5.41306
5.39589
5.40185
5.40304
5.40113
5.4028
5.39613
5.39207
5.40209
5.40209
5.40018
5.4059
5.39207
5.40519
5.40209
5.39804
5.40686
5.40304
5.39303
5.40113
5.39494
5.38993
5.40185
5.40781
5.39899
5.40113
5.39494
5.40686
5.39899
5.39112
5.39613
5.39804
5.409
5.39994
5.409
5.39899
5.40113
5.40018
5.40614
5.39899
5.40113
5.39804
5.404
5.4059
5.4059
5.40113
5.39708
5.39899
5.39494
5.41401
5.39494
5.39804
5.39804
5.39994
5.39398
5.404
5.40113
5.39517
5.39899
5.39899
5.39303
5.40495
5.409
5.39589
5.39708
5.39088
5.39184
5.40209
5.40805
5.409
5.41115
5.39398
5.39589
5.39994
5.39684
5.41115
5.40018
5.40304
5.39899
5.40495
5.40018
5.39398
5.39184
5.404
5.39422
5.39517
5.4009
5.404
5.39994
5.39899
5.40209
5.39613
5.409
5.39303
5.39994
5.40304
5.40709
5.25689
5.4059
5.39899
5.404
5.39994
5.404
5.39589
5.39804
5.40996
5.4059
5.40495
5.40614
5.39923
5.41282
5.409
5.39899
5.39398
5.39899
5.40304
5.40709
5.40209
5.39398
5.39899
5.39303
5.41592
5.39899
5.40709
5.4009
5.39708
5.41091
5.40304
5.4059
5.39613
5.40018
5.39398
5.39994
5.39207
5.40781
5.41186
5.40709
5.41091
5.39899
5.4059
5.39494
5.39613
5.41091
5.39398
5.40996
5.39684
5.40304
5.39303
5.4009
5.4009
5.40113
5.39613
5.39899
5.39899
5.39899
5.40209
5.404
5.40304
5.404
5.39899
5.39398
5.40614
5.40113
5.39613
5.39613
5.39398
5.39398
5.40304
5.39804
5.40304
5.3978
5.39804
5.404
5.40519
5.40304
5.39303
5.39994
5.404
5.404
5.40686
5.404
5.39899
5.40996
5.404
5.39398
5.39494
5.4009
5.40209
5.39994
5.4009
5.39494
5.39589
5.39684
5.39804
5.39804
5.40495
5.39994
5.38898
5.4028
5.40304
5.40209
5.39684
5.39994
5.39899
5.41806
5.39494
5.39994
5.39899
5.404
5.4009
5.39589
5.39994
5.4059
5.4009
5.39589
5.404
5.409
5.39398
5.40209
5.39589
5.40185
5.404
5.404
5.39804
5.39804
5.39804
5.38898
5.41091
5.404
5.4059
5.4009
5.39398
5.39994
5.40614
5.404
5.39899
5.404
5.41687
5.40686
5.404
5.404
5.4059
5.39899
5.39589
5.40781
5.40304
5.4121
5.39899
5.39303
5.3978
5.39517
5.40018
5.39804
5.41306
5.40614
5.40709
5.40185
5.39899
5.409
5.4009
5.39899
5.409
5.41091
5.39494
5.40304
5.40018
5.404
5.404
5.39994
5.39494
5.39994
5.41091
5.40018
5.4028
5.404
5.39804
5.40185
5.40304
5.40709
5.40304
5.40304
5.40805
5.404
5.39207
5.39923
5.40304
5.40686
5.40686
5.40996
5.404
5.404
5.409
5.409
5.40209
5.39684
5.4028
5.39303
5.40209
5.40614
5.4009
5.39494
5.39684
5.40113
5.39899
5.40709
5.40304
5.40996
5.4009
5.4059
5.4059
5.39994
5.40209
5.39994
5.39589
5.39303
5.39994
5.404
5.39708
5.40304
5.39899
5.39994
5.39589
5.40209
5.404
5.41186
5.39494
5.39899
5.4009
5.40495
5.40018
5.39804
5.40614
5.40018
5.41282
5.40185
5.40185
5.39303
5.40805
5.41401
5.39684
5.39494
5.39398
5.39804
5.39994
5.39708
5.39398
5.41019
5.4009
5.39589
5.40495
5.40304
5.39708
5.39994
5.39899
5.39112
5.404
5.4059
5.39899
5.40304
5.4059
5.39613
5.39804
5.39088
5.4059
5.41496
5.404
5.40304
5.39613
5.4009
5.39088
5.40781
5.40519
5.4009
5.40686
5.4059
5.40614
5.39804
5.40304
5.40686
5.40495
5.39804
5.40209
5.39422
5.40209
5.39994
5.40304
5.41115
5.409
5.40018
5.41711
5.39994
5.39804
5.4028
5.40018
5.40495
5.40519
5.404
5.404
5.39994
5.40614
5.404
5.40209
5.4028
5.40709
5.40519
5.40304
5.39589
5.40495
5.41997
5.39994
5.39804
5.40185
5.39398
5.40304
5.39589
5.4028
5.41019
5.39804
5.39517
5.40209
5.40304
5.39684
5.4028
5.39804
5.40614
5.39899
5.404
5.4028
5.40209
5.39994
5.40805
5.39494
5.39589
5.40185
5.39684
5.39804
5.39398
5.39804
5.40686
5.40209
5.39804
5.409
5.40781
5.39708
5.404
5.39899
5.4059
5.40996
5.40209
5.39207
5.41019
5.40209
5.41019
5.409
5.39994
5.39804
5.39899
5.39517
5.39899
5.3978
5.39804
5.39207
5.39994
5.40113
5.25808
5.40686
5.40185
5.40686
5.39303
5.40614
5.39398
5.40185
5.39589
5.40996
5.39613
5.39994
5.39494
5.39398
5.40495
5.39494
5.40113
5.39923
5.4009
5.39899
5.39517
5.4059
5.39804
5.40209
5.41115
5.4059
5.40113
5.39303
5.40018
5.40996
5.40185
5.40614
5.39494
5.39899
5.39207
5.40805
5.40495
5.39303
5.39804
5.39994
5.39994
5.404
5.39994
5.4121
5.38802
5.40686
5.39804
5.39303
5.40805
5.404
5.40018
5.39708
5.40018
5.39994
5.38993
5.39899
5.39303
5.40805
5.39684
5.39684
5.40996
5.40614
5.39207
5.39899
5.39589
5.404
5.39708
5.40805
5.4059
5.40805
5.40709
5.404
5.41091
5.39804
5.39684
5.39804
5.39613
5.40709
5.41306
5.39613
5.40519
5.409
5.39899
5.40709
5.40805
5.39899
5.39804
5.39613
5.39207
5.40185
5.39804
5.39494
5.39303
5.4059
5.39804
5.39804
5.40185
5.40304
5.40209
5.39708
5.39303
5.39303
5.39613
5.39708
5.40709
5.40805
5.39494
5.39994
5.39494
5.404
5.39684
5.4009
5.4059
5.40805
5.39899
5.39279
5.40996
5.39994
5.39899
5.40709
5.404
5.4009
5.4009
5.40304
5.39589
5.39684
5.4009
5.409
5.39494
5.40185
5.39994
5.39899
5.39589
5.40304
5.39494
5.39494
5.39994
5.404
5.40805
5.409
5.3978
5.4059
5.39804
5.4059
5.40304
5.39804
5.39589
5.4009
5.39589
5.40781
5.39398
5.39899
5.39899
5.404
5.39589
5.4059
5.4009
5.404
5.409
5.404
5.39398
5.40209
5.39398
5.39994
5.39804
5.39517
5.40996
5.38993
5.4009
5.40709
5.40686
5.39708
5.40185
5.40996
5.40781
5.40304
5.404
5.39494
5.39303
5.40304
5.40519
5.40495
5.39899
5.4121
5.39923
5.39899
5.39804
5.39708
5.39684
5.404
5.39422
5.40495
