8.90017
5.43118
5.40018
5.38707
5.39923
5.38898
5.40185
5.39303
5.38421
5.38611
5.38993
5.39494
5.37992
5.39994
5.38921
5.39613
5.38611
5.38802
5.38802
5.39207
5.404
5.39398
5.39899
5.39589
5.39708
5.38921
5.38802
5.38993
5.38683
5.38993
5.38492
5.38993
5.39804
5.38588
5.38993
5.4009
5.38898
5.39589
5.39517
5.39303
5.39494
5.404
5.38588
5.39279
5.39589
5.38301
5.38492
5.39303
5.38707
5.39017
5.39589
5.39494
5.39398
5.39708
5.38588
5.39207
5.404
5.39088
5.38898
5.39708
5.38898
5.39994
5.404
5.38898
5.38611
5.38301
5.39804
5.39088
5.38898
5.39398
5.39303
5.39112
5.39303
5.38111
5.40113
5.39804
5.39184
5.39994
5.39899
5.38898
5.38802
5.39708
5.39088
5.39303
5.39279
5.39994
5.39017
5.38707
5.38611
5.39017
5.40805
5.38993
5.39303
5.38397
5.39112
5.3978
5.38683
5.39207
5.38778
5.38611
5.38993
5.39494
5.39589
5.39303
5.39994
5.38588
5.38921
5.38802
5.39303
5.39899
5.39708
5.40495
5.39494
5.38397
5.38611
5.39589
5.39494
5.39994
5.39303
5.38707
5.39088
5.39112
5.39207
5.38898
5.38182
5.38588
5.39398
5.38397
5.39804
5.38898
5.38611
5.39017
5.39398
5.38421
5.39708
5.39899
5.39112
5.39994
5.39494
5.39207
5.38397
5.39279
5.39398
5.38898
5.40495
5.39899
5.38802
5.38588
5.39398
5.39899
5.39994
5.38898
5.39613
5.39899
5.39398
5.39184
5.4009
5.39303
5.404
5.39994
5.38993
5.39398
5.38802
5.39303
5.4028
5.39017
5.39899
5.38397
5.3978
5.39517
5.38611
5.39112
5.38111
5.38206
5.39398
5.39494
5.38993
5.38898
5.38802
5.39017
5.409
5.39589
5.39279
5.39207
5.38898
5.404
5.40209
5.39303
5.39398
5.39017
5.39804
5.39589
5.39589
5.39804
5.38993
5.37992
5.38492
5.39613
5.39112
5.39494
5.39899
5.39207
5.40113
5.39589
5.39708
5.39994
5.39613
5.39494
5.38182
5.39088
5.39088
5.39398
5.38111
5.38993
5.38802
5.38921
5.38301
5.39613
5.39708
5.39184
5.38898
5.39589
5.39303
5.39017
5.38301
5.39422
5.38778
5.38707
5.38397
5.39017
5.39422
5.38206
5.39303
5.38087
5.39112
5.39279
5.39517
5.39923
5.38397
5.38707
5.38683
5.39112
5.38802
5.40805
5.404
5.39708
5.38611
5.38683
5.38421
5.39207
5.39112
5.38898
5.38993
5.39112
5.39804
5.39804
5.39994
5.39613
5.39589
5.39398
5.39303
5.39494
5.39589
5.4009
5.38993
5.38778
5.39398
5.38301
5.38683
5.39398
5.38898
5.38802
5.39398
5.39994
5.39303
5.38802
5.38993
5.38683
5.39303
5.38492
5.38778
5.39899
5.40185
5.39398
5.38993
5.39708
5.39494
5.38182
5.38898
5.38993
5.39112
5.39804
5.38802
5.38802
5.39517
5.39613
5.38588
5.39494
5.38301
5.38588
5.39589
5.39279
5.39398
5.39494
5.38588
5.39994
5.38588
5.39589
5.38397
5.39494
5.38683
5.38993
5.39398
5.38707
5.39708
5.39994
5.39303
5.39184
5.40495
5.4009
5.38993
5.38802
5.39088
5.38397
5.39517
5.39303
5.409
5.39088
5.39804
5.39684
5.38993
5.39303
5.39207
5.38898
5.39398
5.38802
5.38802
5.39708
5.38492
5.39398
5.38898
5.39207
5.38588
5.38683
5.39684
5.39207
5.39708
5.39494
5.38921
5.39112
5.38707
5.39899
5.39184
5.39088
5.39899
5.38421
5.38516
5.39207
5.38993
5.38516
5.38707
5.39017
5.38492
5.38802
5.38993
5.38707
5.39184
5.39398
5.39708
5.38898
5.38301
5.38802
5.38492
5.39184
5.39398
5.38516
5.39207
5.39207
5.38611
5.39613
5.39017
5.39494
5.40185
5.38516
5.39708
5.38278
5.38492
5.39684
5.39494
5.38492
5.38397
5.39303
5.39207
5.39112
5.38516
5.38898
5.38993
5.38993
5.39804
5.39017
5.39207
5.39899
5.38492
5.37801
5.38588
5.39303
5.38707
5.38588
5.39804
5.39207
5.39804
5.38898
5.39184
5.38683
5.37801
5.38707
5.38516
5.37896
5.40304
5.39398
5.39589
5.38993
5.38898
5.39517
5.39207
5.39184
5.38588
5.38993
5.39184
5.38898
5.39684
5.38898
5.39017
5.39684
5.39899
5.39899
5.38921
5.40304
5.39804
5.39088
5.38611
5.38182
5.39708
5.39804
5.38588
5.38111
5.37801
5.39112
5.38397
5.39494
5.39589
5.39708
5.38492
5.38707
5.39517
5.39184
5.39112
5.38397
5.38898
5.38898
5.38611
5.39708
5.39303
5.38301
5.39398
5.39088
5.39207
5.39112
5.39017
5.39899
5.39398
5.39708
5.39017
5.39017
5.39994
5.39088
5.39994
5.38421
5.38802
5.38802
5.39589
5.39112
5.39112
5.38898
5.39017
5.38707
5.38516
5.38492
5.38611
5.39589
5.38301
5.40185
5.38492
5.39017
5.38898
5.38492
5.39517
5.38898
5.38492
5.38993
5.40209
5.38802
5.38802
5.3978
5.38516
5.38802
5.39994
5.38898
5.39398
5.39184
5.38802
5.39613
5.39684
5.39303
5.38802
5.38802
5.38898
5.39589
5.39398
5.39494
5.39517
5.38802
5.38707
5.39279
5.39804
5.38588
5.38492
5.39207
5.40996
5.39303
5.38588
5.38421
5.39303
5.39517
5.39207
5.38802
5.38397
5.39184
5.39994
5.38802
5.38611
5.38993
5.39112
5.38921
5.40113
5.4059
5.38993
5.38397
5.39303
5.39494
5.39804
5.39207
5.40209
5.38421
5.38993
5.39899
5.39088
5.39899
5.39207
5.39684
5.39494
5.39303
5.39112
5.38898
5.38611
5.39589
5.39398
5.38611
5.39112
5.39303
5.41687
5.39017
5.39613
5.39804
5.39184
5.39398
5.39494
5.39017
5.39207
5.39613
5.38707
5.38611
5.40113
5.38993
5.39494
5.39017
5.38683
5.38993
5.38683
5.39112
5.39994
5.39708
5.39589
5.38898
5.38516
5.38492
5.38516
5.39398
5.38707
5.39017
5.39184
5.39207
5.39112
5.39804
5.38802
5.38492
5.38707
5.39613
5.39112
5.39207
5.39303
5.38898
5.38492
5.39589
5.39207
5.38707
5.37801
5.39184
5.39088
5.39589
5.38397
5.39207
5.38993
5.38516
5.38898
5.39804
5.38397
5.39088
5.39207
5.38492
5.39398
5.39112
5.38611
5.39303
5.38898
5.4009
5.39708
5.38802
5.38611
5.39398
5.39303
5.39112
5.38993
5.39494
5.39494
5.38898
5.39708
5.39088
5.39184
5.39207
5.38707
5.39589
5.38111
5.39613
5.40113
5.38301
5.39303
5.37992
5.38683
5.39708
5.38898
5.38611
5.38707
5.39112
5.39207
5.38707
5.39303
5.39494
5.39494
5.38492
5.39613
5.40018
5.39398
5.40686
5.4059
5.39398
5.39088
5.38993
5.40304
5.38993
5.39112
5.38611
5.38707
5.38492
5.39708
5.40495
5.39494
5.38492
5.39303
5.40113
5.38993
5.39207
5.38898
5.39708
5.39088
5.3978
5.38898
5.39899
5.39112
5.39207
5.38898
5.39494
5.38898
5.38683
5.40185
5.38492
5.38301
5.38993
5.39184
5.39398
5.39088
5.39398
5.38588
5.38611
5.38182
5.39303
5.39899
5.40018
5.39494
5.39303
5.39494
5.39279
5.39708
5.39494
5.38683
5.38802
5.4059
5.39613
5.39184
5.39303
5.38611
5.38993
5.39517
5.40113
5.38301
5.38707
5.38993
5.38707
5.39303
5.404
5.39184
5.38802
5.38683
5.38206
5.39899
5.39088
5.38993
5.39303
5.38301
5.40209
5.38898
5.38588
5.39494
5.39589
5.39112
5.39804
5.39613
5.38588
5.40209
5.39994
5.38588
5.38802
5.39398
5.38492
5.38993
5.39088
5.39112
5.39899
5.39088
5.38397
5.38778
5.404
5.38898
5.39303
5.39303
5.39494
5.39207
5.39207
5.38301
5.39112
5.38993
5.39613
5.38898
5.39494
5.39088
5.38898
5.39184
5.38898
5.39398
5.38397
5.39017
5.39899
5.39279
5.39804
5.38993
5.39589
5.38707
5.39517
5.39279
5.39303
5.38802
5.38898
5.38993
5.39207
5.404
5.40113
5.39494
5.38993
5.38683
5.38898
5.39899
5.39303
5.38898
5.38588
5.38683
5.38898
5.39303
5.39899
5.39804
5.38397
5.39303
5.38492
5.38802
5.404
5.39303
5.39517
5.38707
5.38421
5.39088
5.38397
5.39088
5.39303
5.39494
5.39422
5.39207
5.39207
5.39088
5.39303
5.38802
5.38993
5.38898
5.38802
5.4028
5.39708
5.39398
5.39708
5.38898
5.39494
5.39804
5.40614
5.39613
5.38492
5.38993
5.39398
5.38993
5.40018
5.38611
5.38206
5.39112
5.39589
5.39303
5.39899
5.40113
5.39684
5.39804
5.39088
5.38898
5.41186
5.38707
5.39112
5.39613
5.39804
5.39303
5.38397
5.38397
5.39804
5.39398
5.39804
5.38301
5.39517
5.38588
5.38707
5.38898
5.39899
5.39207
5.38588
5.39899
5.39303
5.38588
5.39589
5.38898
5.38802
5.38397
5.40018
5.38993
5.39112
5.39017
5.38492
5.39207
5.39303
5.38993
5.38683
5.39398
5.39112
5.38611
5.39708
5.39303
5.39303
5.39613
5.39303
5.38898
5.39398
5.38492
5.37801
5.38301
5.38421
5.39398
5.38898
5.38707
5.39017
5.38206
5.39398
5.39207
5.39494
5.38588
5.39398
5.38993
5.38802
5.38611
5.39207
5.38492
5.38802
5.39017
5.38993
5.40113
5.39923
5.39804
5.39994
5.38683
5.39494
5.39088
5.39184
5.39112
5.39589
5.39207
5.40113
5.40304
5.38611
5.39207
5.38707
5.39207
5.39017
5.38707
5.38993
5.39494
5.39303
5.38802
5.39017
5.38898
5.38516
5.39017
5.39708
5.38516
5.40709
5.39184
5.38588
5.38588
5.39207
5.38397
5.38898
5.39207
5.39207
5.40018
5.39398
5.39398
5.39494
5.38707
5.39303
5.38898
5.39303
5.4028
5.39899
5.38397
5.39303
5.38683
5.39112
5.38707
5.4009
5.38898
5.38802
5.39994
5.38802
5.39804
5.39708
5.38802
5.38707
5.38802
5.40209
5.39207
5.38707
