9.35698
8.12292
8.10814
8.11815
8.12602
8.12197
8.12101
8.11601
8.11195
8.12817
8.1141
8.11291
8.12197
8.10814
8.09813
8.11601
8.11505
8.12006
8.09598
8.111
8.11696
8.11005
8.11911
8.10194
8.11887
8.10885
8.111
8.12101
8.10504
8.11601
8.09693
8.13007
8.12101
8.10814
8.12602
8.11005
8.10122
8.09908
8.11601
8.11601
8.11195
8.10409
8.12912
8.11005
8.10719
8.10194
8.10885
8.1141
8.11696
8.12292
8.13508
8.1079
8.13103
8.10504
8.11195
8.13818
8.111
8.11291
8.12721
8.11911
8.11005
8.11005
8.10719
8.12697
8.12006
8.11195
8.11291
8.10695
8.11911
8.13603
8.11195
8.11601
8.10003
8.1079
8.12507
8.13508
8.11291
8.12101
8.11005
8.1048
8.11505
8.11696
8.12697
8.14319
8.10385
8.12101
8.11791
8.10385
8.10909
8.111
8.11505
8.1141
8.11982
8.11005
8.11315
8.10504
8.1141
8.10695
8.10695
8.10313
8.10909
8.11195
8.11505
8.10909
8.12578
8.11291
8.12101
8.10003
8.11386
8.1079
8.12507
8.10885
8.12793
8.1141
8.10409
8.10885
8.1079
8.11386
8.10409
8.11195
8.11315
8.10599
8.10599
8.13198
8.11696
8.11911
8.11982
8.11696
8.11601
8.12602
8.11505
8.12101
8.12316
8.12387
8.10695
8.10885
8.11982
8.10695
8.10885
8.1079
8.11005
8.111
8.12411
8.11815
8.12316
8.13198
8.10695
8.11911
8.11195
8.1141
8.11887
8.11601
8.11505
8.11815
8.12197
8.11386
8.10099
8.10814
8.11195
8.10409
8.12721
8.10814
8.12101
8.10695
8.12888
8.12101
8.111
8.11195
8.10099
8.11601
8.10194
8.11505
8.12006
8.12292
8.12101
8.11696
8.1079
8.09908
8.10409
8.11005
8.10885
8.11815
8.12411
8.10599
8.12507
8.10409
8.11601
8.11005
8.09908
8.10814
8.12602
8.12602
8.11696
8.11195
8.10695
8.10003
8.11505
8.11195
8.09908
8.11005
8.11386
8.12101
8.10909
8.111
8.10599
8.10194
8.10099
8.13818
8.10409
8.1079
8.10695
8.10599
8.11481
8.10313
8.11505
8.1079
8.11291
8.12984
8.11505
8.11315
8.11696
8.1079
8.10409
7.96413
8.13103
8.10504
8.11481
8.11696
8.11315
8.11219
8.10313
8.10909
8.10909
8.10099
8.10385
8.10695
8.10695
8.10695
8.09503
8.12483
8.12697
8.11219
8.11291
8.10289
8.12507
8.12006
8.11982
8.09884
8.11005
8.11911
8.13103
8.11601
8.10409
8.1141
8.11815
8.10909
8.10504
8.12411
8.1141
8.11601
8.09813
8.10695
8.1141
8.11696
8.11386
8.11315
8.12888
8.12507
8.12507
8.11005
8.111
8.12006
8.10194
8.1172
8.10909
8.11386
8.11791
8.13198
8.12411
8.10885
8.1172
8.11005
8.11386
8.11386
8.12316
8.111
8.11601
8.13603
8.11601
8.10814
8.12602
8.12292
8.10194
8.10409
8.1141
8.09979
8.10409
8.10695
8.13103
8.11791
8.11505
8.10385
8.10885
8.1079
8.11005
8.11195
8.11791
8.11911
8.12006
8.10409
8.12483
8.12817
8.10194
8.11005
8.10623
8.12411
8.10599
8.12507
8.111
8.09693
8.13794
8.11219
8.12006
8.1079
8.13699
8.10385
8.10695
8.13198
8.11887
8.10695
8.11195
8.111
8.11911
8.10814
8.11291
8.111
8.12984
8.111
8.11911
8.11601
8.11696
8.10695
8.10981
8.11505
8.13484
8.13198
8.1141
8.10194
8.09193
8.11911
8.11601
8.11887
8.11791
8.11911
8.12507
8.12602
8.10099
8.10885
8.12197
8.12602
8.10504
8.10814
8.11505
8.10885
8.10695
8.1141
8.12507
8.12721
8.12101
8.11505
8.12507
8.10504
8.13413
8.11577
8.12101
8.1079
8.11315
8.10909
8.10814
8.11195
8.10695
8.11005
8.1079
8.10385
8.11481
8.11195
8.1141
8.12197
8.10504
8.1079
8.11219
8.12411
8.11219
8.10909
8.11315
8.10099
8.1079
8.11291
8.12697
8.12197
8.12292
8.11005
8.10099
8.11195
8.12411
8.111
8.12197
8.10909
8.11481
8.09884
8.12984
8.1079
8.11291
8.10194
8.10909
8.13603
8.12006
8.10981
8.12101
8.12387
8.1172
8.11911
8.11481
8.10313
8.10409
8.11195
8.12101
8.10194
8.11911
8.13198
8.10003
8.10099
8.11386
8.11386
8.11005
8.10385
8.11005
8.11005
8.10695
8.11195
8.12101
8.11291
8.09789
8.10194
8.12793
8.11601
8.12507
8.11601
8.10599
8.12411
8.1079
8.10814
8.10695
8.10409
8.10218
8.12316
8.11505
8.12602
8.12292
8.12387
8.11696
8.11791
8.1079
8.10504
8.12101
8.12197
8.12101
8.10504
8.111
8.1141
8.1141
8.11911
8.10695
8.10504
8.11195
8.10194
8.1172
8.1141
8.12006
8.11911
8.10695
8.10218
8.11195
8.12101
8.10599
8.10313
8.12316
8.11601
8.10599
8.111
8.1079
8.1141
8.11601
8.10695
8.1079
8.111
8.10909
8.12316
8.10504
8.11291
