91.305
80.806
80.3082
81.0668
82.366
82.7949
82.648
81.7311
80.426
81.0001
77.333
78.3892
78.9351
80.1499
80.02
81.285
82.5679
80.2751
79.8259
81.841
82.608
83.427
83.7631
83.9632
83.709
83.2131
83.446
83.585
83.3201
81.4471
80.8699
80.3821
80.395
80.7819
80.7331
80.884
80.6141
80.709
80.543
80.6289
80.6582
80.8089
79.0341
79.041
79.2038
80.6441
80.5678
79.252
78.8641
75.325
75.2621
75.2702
75.5041
75.5329
75.6609
75.0589
74.1642
73.885
75.433
75.4411
75.5498
74.0728
74.137
75.2978
74.913
75.063
75.537
75.491
75.4421
74.383
74.27
75.501
75.4268
75.1922
75.048
75.316
75.7389
74.6961
74.1229
75.2442
75.649
76.0689
75.716
75.8951
75.6481
75.6721
75.9501
75.9161
75.4781
75.7802
75.6869
75.8681
76.086
75.8078
76.117
75.7442
75.7561
75.9742
75.7041
76.2341
