12.465
12.665
12.6159
12.6591
12.6262
12.639
12.6109
12.625
12.6228
12.6231
12.6171
12.6421
12.646
12.609
12.6178
12.6178
12.625
12.62
12.625
12.6309
12.6281
12.6328
12.6309
12.625
12.629
12.6278
12.6421
12.6312
12.6231
12.615
12.6071
12.6231
12.6169
12.6369
12.6138
12.6281
12.6069
12.6269
12.6328
12.5949
12.6069
12.6059
12.62
12.6388
12.6231
12.634
12.6131
12.603
12.6131
12.614
12.624
12.6262
12.6278
12.6479
12.6281
12.5999
12.6379
12.605
12.6331
12.619
12.5921
12.6071
12.6102
12.6009
12.6288
12.614
12.605
12.6109
12.6109
12.614
12.624
12.625
12.6219
12.6162
12.6231
12.6059
12.6278
12.6271
12.6231
12.6159
12.6541
12.6278
12.625
12.635
12.6071
12.6181
12.6171
12.6271
12.6231
12.609
12.6162
12.6278
12.6228
12.6259
12.6319
12.6021
12.6078
12.62
12.6202
12.6131
12.6278
12.6131
12.6209
12.6362
12.619
12.63
12.635
12.625
12.619
12.6231
12.651
12.6219
12.635
12.6221
12.6162
12.635
12.6259
12.605
12.63
12.5918
12.6171
12.62
12.6081
12.6221
12.6171
12.605
12.6171
12.6112
12.6302
12.6071
12.6221
12.6421
12.6209
12.645
12.598
12.624
12.6209
12.6281
12.6331
12.624
12.6102
12.599
12.634
12.6078
12.609
12.6221
12.635
12.6169
12.6381
12.6162
12.5999
12.6269
12.6441
12.6221
12.6121
12.6362
12.635
12.6009
12.62
12.6078
12.6388
12.6231
12.6171
12.6212
12.615
12.6009
12.6181
12.615
12.619
12.615
12.61
12.6281
12.62
12.6021
12.6162
12.6181
12.625
12.6221
12.604
12.6131
12.619
12.6231
12.6431
12.6231
12.6061
12.624
12.666
12.598
12.6081
12.6081
12.629
12.6209
12.6071
12.6021
12.6078
12.6309
12.6278
12.645
12.641
12.625
12.6059
12.635
12.6059
12.63
12.6259
12.64
12.6288
12.609
12.639
12.6309
12.655
12.63
12.629
12.62
12.6219
12.6259
12.5971
12.6319
12.6121
12.599
12.6219
12.6178
12.6219
12.62
12.6231
12.6181
12.614
12.6309
12.6181
12.6319
12.6152
12.6359
12.6281
12.6059
12.62
12.6228
12.62
12.6429
12.6178
12.634
12.6178
12.6081
12.6121
12.6181
12.619
12.6119
12.6209
12.6331
12.6281
12.6131
12.614
12.603
12.619
12.6228
12.6259
12.6319
12.6369
12.6011
12.6371
12.6121
12.6131
12.6009
12.615
12.609
12.6069
12.6159
12.6238
12.615
12.6231
12.6231
12.6081
12.603
12.6112
12.6519
12.6119
12.619
12.614
12.6061
12.6159
12.635
12.604
12.619
12.6128
12.6231
12.639
12.6319
12.629
12.6259
12.61
12.6281
12.6491
12.6209
12.6212
12.6271
12.6209
12.6181
12.6252
12.629
12.63
12.6231
12.625
12.6159
12.6209
12.5999
12.615
12.6081
12.6231
12.634
12.609
12.6138
12.615
12.6159
12.6212
12.615
12.6081
12.62
12.6259
12.61
12.6221
12.603
12.593
12.6021
12.6321
12.6228
12.6119
12.6219
12.6169
12.6359
12.6309
12.6388
12.61
12.6131
12.6309
12.6171
12.6262
12.615
12.6109
12.6119
12.6259
12.6331
12.6221
12.6412
12.6181
12.5999
12.6331
12.624
12.6152
12.5999
12.605
12.6171
12.609
12.5921
12.6081
12.6019
12.6271
12.645
12.5968
12.594
12.6281
12.625
12.634
12.629
12.6309
12.5959
12.6569
12.635
12.624
12.645
12.6281
12.625
12.6188
12.629
12.6421
12.6061
12.6321
12.61
12.6209
12.63
12.61
12.6271
12.63
12.6061
12.6321
12.63
12.6169
12.609
12.64
12.598
12.6119
12.6228
12.6219
12.6278
12.6071
12.6362
12.61
12.6259
12.6479
12.634
12.6159
12.61
12.5999
12.614
12.6071
12.6131
12.599
12.6231
12.6131
12.6119
12.6309
12.6019
12.6209
12.64
12.614
12.6259
12.6181
12.625
12.634
12.629
12.6281
12.6171
12.605
12.594
12.6209
12.63
12.6061
12.604
12.6331
12.6181
12.62
12.6109
12.6331
12.6112
12.6071
12.624
12.6178
12.634
12.6081
12.6061
12.635
12.6071
12.609
12.6259
12.6262
12.62
12.625
12.6021
12.6181
12.6119
12.5949
12.6188
12.604
12.634
12.6309
12.6188
12.6169
12.6359
12.6121
12.6259
12.614
12.6169
12.6319
12.6081
12.6081
12.6162
12.615
12.6281
12.594
12.625
12.639
12.6121
12.6162
12.6209
12.6319
12.62
12.62
12.6381
12.5949
12.6061
12.6112
12.6441
12.6421
12.624
12.6128
12.6178
12.635
12.614
12.63
12.6359
12.62
12.61
12.6069
12.6221
12.624
12.6081
12.6269
12.6219
12.61
12.6371
12.6228
12.619
