0.00000008742277657347585773095489
-0.00306930858641862869262695312500
-0.00613891379907727241516113281250
-0.00920822285115718841552734375000
-0.01227744575589895248413085937500
-0.01534655224531888961791992187500
-0.01841551437973976135253906250000
-0.02148454263806343078613281250000
-0.02455312758684158325195312500000
-0.02762148343026638031005859375000
-0.03068981692194938659667968750000
-0.03375762328505516052246093750000
-0.03682510927319526672363281250000
-0.03989224880933761596679687500000
-0.04295901581645011901855468750000
-0.04602561146020889282226562500000
-0.04909154027700424194335937500000
-0.05215700343251228332519531250000
-0.05522221326828002929687500000000
-0.05828666687011718750000000000000
-0.06135056912899017333984375000000
-0.06441389769315719604492187500000
-0.06747661530971527099609375000000
-0.07053893059492111206054687500000
-0.07360035181045532226562500000000
-0.07666107267141342163085937500000
-0.07972131669521331787109375000000
-0.08278056234121322631835937500000
-0.08583904057741165161132812500000
-0.08889669924974441528320312500000
-0.09195352345705032348632812500000
-0.09500972181558609008789062500000
-0.09806478768587112426757812500000
-0.10111892223358154296875000000000
-0.10417234897613525390625000000000
-0.10722455382347106933593750000000
-0.11027574539184570312500000000000
-0.11332590878009796142578125000000
-0.11637499183416366577148437500000
-0.11942322552204132080078125000000
-0.12247008830308914184570312500000
-0.12551580369472503662109375000000
-0.12856057286262512207031250000000
-0.13160389661788940429687500000000
-0.13464596867561340332031250000000
-0.13768677413463592529296875000000
-0.14072629809379577636718750000000
-0.14376471936702728271484375000000
-0.14680154621601104736328125000000
-0.14983700215816497802734375000000
-0.15287128090858459472656250000000
-0.15590387582778930664062500000000
-0.15893501043319702148437500000000
-0.16196464002132415771484375000000
-0.16499274969100952148437500000000
-0.16801953315734863281250000000000
-0.17104449868202209472656250000000
-0.17406785488128662109375000000000
-0.17708981037139892578125000000000
-0.18010985851287841796875000000000
-0.18312820792198181152343750000000
-0.18614484369754791259765625000000
-0.18915970623493194580078125000000
-0.19217303395271301269531250000000
-0.19518432021141052246093750000000
-0.19819375872611999511718750000000
-0.20120157301425933837890625000000
-0.20420724153518676757812500000000
-0.20721100270748138427734375000000
-0.21021279692649841308593750000000
-0.21321262419223785400390625000000
-0.21621066331863403320312500000000
-0.21920645236968994140625000000000
-0.22220015525817871093750000000000
-0.22519201040267944335937500000000
-0.22818149626255035400390625000000
-0.23116885125637054443359375000000
-0.23415401577949523925781250000000
-0.23713697493076324462890625000000
-0.24011793732643127441406250000000
-0.24309641122817993164062500000000
-0.24607257544994354248046875000000
-0.24904666841030120849609375000000
-0.25201818346977233886718750000000
-0.25498732924461364746093750000000
-0.25795406103134155273437500000000
-0.26091834902763366699218750000000
-0.26388043165206909179687500000000
-0.26683980226516723632812500000000
-0.26979663968086242675781250000000
-0.27275118231773376464843750000000
-0.27570289373397827148437500000000
-0.27865204215049743652343750000000
-0.28159853816032409667968750000000
-0.28454241156578063964843750000000
-0.28748381137847900390625000000000
-0.29042229056358337402343750000000
-0.29335802793502807617187500000000
-0.29629120230674743652343750000000
-0.29922139644622802734375000000000
-0.30214875936508178710937500000000
-0.30507326126098632812500000000000
-0.30799490213394165039062500000000
-0.31091386079788208007812500000000
-0.31382966041564941406250000000000
-0.31674250960350036621093750000000
-0.31965261697769165039062500000000
-0.32255944609642028808593750000000
-0.32546326518058776855468750000000
-0.32836401462554931640625000000000
-0.33126166462898254394531250000000
-0.33415642380714416503906250000000
-0.33704781532287597656250000000000
-0.33993601799011230468750000000000
-0.34282127022743225097656250000000
-0.34570303559303283691406250000000
-0.34858155250549316406250000000000
-0.35145679116249084472656250000000
-0.35432872176170349121093750000000
-0.35719752311706542968750000000000
-0.36006274819374084472656250000000
-0.36292457580566406250000000000000
-0.36578321456909179687500000000000
-0.36863818764686584472656250000000
-0.37148967385292053222656250000000
-0.37433767318725585937500000000000
-0.37718212604522705078125000000000
-0.38002327084541320800781250000000
-0.38286060094833374023437500000000
-0.38569432497024536132812500000000
-0.38852462172508239746093750000000
-0.39135104417800903320312500000000
-0.39417380094528198242187500000000
-0.39699283242225646972656250000000
-0.39980810880661010742187500000000
-0.40261983871459960937500000000000
-0.40542757511138916015625000000000
-0.40823149681091308593750000000000
-0.41103175282478332519531250000000
-0.41382795572280883789062500000000
-0.41662025451660156250000000000000
-0.41940861940383911132812500000000
-0.42219302058219909667968750000000
-0.42497366666793823242187500000000
-0.42775011062622070312500000000000
-0.43052250146865844726562500000000
-0.43329107761383056640625000000000
-0.43605533242225646972656250000000
-0.43881550431251525878906250000000
-0.44157153367996215820312500000000
-0.44432339072227478027343750000000
-0.44707128405570983886718750000000
-0.44981473684310913085937500000000
-0.45255395770072937011718750000000
-0.45528912544250488281250000000000
-0.45801979303359985351562500000000
-0.46074616909027099609375000000000
-0.46346819400787353515625000000000
-0.46618583798408508300781250000000
-0.46889930963516235351562500000000
-0.47160813212394714355468750000000
-0.47431254386901855468750000000000
-0.47701266407966613769531250000000
-0.47970810532569885253906250000000
-0.48239901661872863769531250000000
-0.48508539795875549316406250000000
-0.48776718974113464355468750000000
-0.49044460058212280273437500000000
-0.49311718344688415527343750000000
-0.49578511714935302734375000000000
-0.49844861030578613281250000000000
-0.50110715627670288085937500000000
-0.50376099348068237304687500000000
-0.50641012191772460937500000000000
-0.50905448198318481445312500000000
-0.51169419288635253906250000000000
-0.51432889699935913085937500000000
-0.51695877313613891601562500000000
-0.51958400011062622070312500000000
-0.52220410108566284179687500000000
-0.52481925487518310546875000000000
-0.52742952108383178710937500000000
-0.53003478050231933593750000000000
-0.53263527154922485351562500000000
-0.53523051738739013671875000000000
-0.53782075643539428710937500000000
-0.54040610790252685546875000000000
-0.54298615455627441406250000000000
-0.54556107521057128906250000000000
-0.54813086986541748046875000000000
-0.55069553852081298828125000000000
-0.55325520038604736328125000000000
-0.55580943822860717773437500000000
-0.55835843086242675781250000000000
-0.56090235710144042968750000000000
-0.56344079971313476562500000000000
-0.56597393751144409179687500000000
-0.56850177049636840820312500000000
-0.57102423906326293945312500000000
-0.57354152202606201171875000000000
-0.57605320215225219726562500000000
-0.57855939865112304687500000000000
-0.58106040954589843750000000000000
-0.58355575799942016601562500000000
-0.58604556322097778320312500000000
-0.58852988481521606445312500000000
-0.59100860357284545898437500000000
-0.59348201751708984375000000000000
-0.59594959020614624023437500000000
-0.59841161966323852539062500000000
-0.60086810588836669921875000000000
-0.60331881046295166015625000000000
-0.60576379299163818359375000000000
-0.60820311307907104492187500000000
-0.61063665151596069335937500000000
-0.61306470632553100585937500000000
-0.61548674106597900390625000000000
-0.61790293455123901367187500000000
-0.62031352519989013671875000000000
-0.62271809577941894531250000000000
-0.62511682510375976562500000000000
-0.62750965356826782226562500000000
-0.62989652156829833984375000000000
-0.63227766752243041992187500000000
-0.63465273380279541015625000000000
-0.63702172040939331054687500000000
-0.63938492536544799804687500000000
-0.64174193143844604492187500000000
-0.64409291744232177734375000000000
-0.64643782377243041992187500000000
-0.64877659082412719726562500000000
-0.65110945701599121093750000000000
-0.65343606472015380859375000000000
-0.65575641393661499023437500000000
-0.65807086229324340820312500000000
-0.66037887334823608398437500000000
-0.66268062591552734375000000000000
-0.66497623920440673828125000000000
-0.66726547479629516601562500000000
-0.66954869031906127929687500000000
-0.67182534933090209960937500000000
-0.67409574985504150390625000000000
-0.67635995149612426757812500000000
-0.67861759662628173828125000000000
-0.68086880445480346679687500000000
-0.68311363458633422851562500000000
-0.68535208702087402343750000000000
-0.68758416175842285156250000000000
-0.68980962038040161132812500000000
-0.69202858209609985351562500000000
-0.69424122571945190429687500000000
-0.69644713401794433593750000000000
-0.69864648580551147460937500000000
-0.70083922147750854492187500000000
-0.70302540063858032226562500000000
-0.70520508289337158203125000000000
-0.70737797021865844726562500000000
-0.70954418182373046875000000000000
-0.71170389652252197265625000000000
-0.71385675668716430664062500000000
-0.71600288152694702148437500000000
-0.71814221143722534179687500000000
-0.72027480602264404296875000000000
-0.72240078449249267578125000000000
-0.72451978921890258789062500000000
-0.72663199901580810546875000000000
-0.72873747348785400390625000000000
-0.73083597421646118164062500000000
-0.73292756080627441406250000000000
-0.73501223325729370117187500000000
-0.73708999156951904296875000000000
-0.73916095495223999023437500000000
-0.74122476577758789062500000000000
-0.74328166246414184570312500000000
-0.74533164501190185546875000000000
-0.74737447500228881835937500000000
-0.74941027164459228515625000000000
-0.75143903493881225585937500000000
-0.75346070528030395507812500000000
-0.75547540187835693359375000000000
-0.75748282670974731445312500000000
-0.75948315858840942382812500000000
-0.76147645711898803710937500000000
-0.76346242427825927734375000000000
-0.76544117927551269531250000000000
-0.76741278171539306640625000000000
-0.76937711238861083984375000000000
-0.77133435010910034179687500000000
-0.77328419685363769531250000000000
-0.77522671222686767578125000000000
-0.77716207504272460937500000000000
-0.77908998727798461914062500000000
-0.78101056814193725585937500000000
-0.78292375802993774414062500000000
-0.78482961654663085937500000000000
-0.78672820329666137695312500000000
-0.78861922025680541992187500000000
-0.79050284624099731445312500000000
-0.79237914085388183593750000000000
-0.79424780607223510742187500000000
-0.79610902070999145507812500000000
-0.79796272516250610351562500000000
-0.79980891942977905273437500000000
-0.80164772272109985351562500000000
-0.80347883701324462890625000000000
-0.80530232191085815429687500000000
-0.80711841583251953125000000000000
-0.80892676115036010742187500000000
-0.81072747707366943359375000000000
-0.81252056360244750976562500000000
-0.81430596113204956054687500000000
-0.81608384847640991210937500000000
-0.81785392761230468750000000000000
-0.81961631774902343750000000000000
-0.82137107849121093750000000000000
-0.82311797142028808593750000000000
-0.82485711574554443359375000000000
-0.82658845186233520507812500000000
-0.82831203937530517578125000000000
-0.83002799749374389648437500000000
-0.83173590898513793945312500000000
-0.83343607187271118164062500000000
-0.83512848615646362304687500000000
-0.83681285381317138671875000000000
-0.83848935365676879882812500000000
-0.84015798568725585937500000000000
-0.84181869029998779296875000000000
-0.84347158670425415039062500000000
-0.84511643648147583007812500000000
-0.84675329923629760742187500000000
-0.84838229417800903320312500000000
-0.85000318288803100585937500000000
-0.85161608457565307617187500000000
-0.85322093963623046875000000000000
-0.85481774806976318359375000000000
-0.85640668869018554687500000000000
-0.85798734426498413085937500000000
-0.85955995321273803710937500000000
-0.86112463474273681640625000000000
-0.86268103122711181640625000000000
-0.86422932147979736328125000000000
-0.86576944589614868164062500000000
-0.86730140447616577148437500000000
-0.86882531642913818359375000000000
-0.87034094333648681640625000000000
-0.87184840440750122070312500000000
-0.87334769964218139648437500000000
-0.87483870983123779296875000000000
-0.87632143497467041015625000000000
-0.87779593467712402343750000000000
-0.87926214933395385742187500000000
-0.88072019815444946289062500000000
-0.88216978311538696289062500000000
-0.88361114263534545898437500000000
-0.88504421710968017578125000000000
-0.88646888732910156250000000000000
-0.88788521289825439453125000000000
-0.88929313421249389648437500000000
-0.89069271087646484375000000000000
-0.89208394289016723632812500000000
-0.89346671104431152343750000000000
-0.89484107494354248046875000000000
-0.89620709419250488281250000000000
-0.89756458997726440429687500000000
-0.89891356229782104492187500000000
-0.90025413036346435546875000000000
-0.90158617496490478515625000000000
-0.90290987491607666015625000000000
-0.90422493219375610351562500000000
-0.90553146600723266601562500000000
-0.90682959556579589843750000000000
-0.90811908245086669921875000000000
-0.90939998626708984375000000000000
-0.91067236661911010742187500000000
-0.91193616390228271484375000000000
-0.91319137811660766601562500000000
-0.91443794965744018554687500000000
-0.91567587852478027343750000000000
-0.91690528392791748046875000000000
-0.91812604665756225585937500000000
-0.91933804750442504882812500000000
-0.92054146528244018554687500000000
-0.92173618078231811523437500000000
-0.92292225360870361328125000000000
-0.92409962415695190429687500000000
-0.92526823282241821289062500000000
-0.92642819881439208984375000000000
-0.92757940292358398437500000000000
-0.92872184514999389648437500000000
-0.92985552549362182617187500000000
-0.93098050355911254882812500000000
-0.93209666013717651367187500000000
-0.93320405483245849609375000000000
-0.93430262804031372070312500000000
-0.93539243936538696289062500000000
-0.93647348880767822265625000000000
-0.93754559755325317382812500000000
-0.93860894441604614257812500000000
-0.93966341018676757812500000000000
-0.94070911407470703125000000000000
-0.94174581766128540039062500000000
-0.94277369976043701171875000000000
-0.94379276037216186523437500000000
-0.94480288028717041015625000000000
-0.94580411911010742187500000000000
-0.94679641723632812500000000000000
-0.94777983427047729492187500000000
-0.94875431060791015625000000000000
-0.94971978664398193359375000000000
-0.95067638158798217773437500000000
-0.95162397623062133789062500000000
-0.95256268978118896484375000000000
-0.95349234342575073242187500000000
-0.95441299676895141601562500000000
-0.95532470941543579101562500000000
-0.95622742176055908203125000000000
-0.95712113380432128906250000000000
-0.95800578594207763671875000000000
-0.95888143777847290039062500000000
-0.95974808931350708007812500000000
-0.96060562133789062500000000000000
-0.96145415306091308593750000000000
-0.96229362487792968750000000000000
-0.96312403678894042968750000000000
-0.96394532918930053710937500000000
-0.96475756168365478515625000000000
-0.96556073427200317382812500000000
-0.96635478734970092773437500000000
-0.96713972091674804687500000000000
-0.96791559457778930664062500000000
-0.96868228912353515625000000000000
-0.96943992376327514648437500000000
-0.97018837928771972656250000000000
-0.97092765569686889648437500000000
-0.97165787220001220703125000000000
-0.97237884998321533203125000000000
-0.97309070825576782226562500000000
-0.97379338741302490234375000000000
-0.97448688745498657226562500000000
-0.97517126798629760742187500000000
-0.97584640979766845703125000000000
-0.97651231288909912109375000000000
-0.97716909646987915039062500000000
-0.97781664133071899414062500000000
-0.97845494747161865234375000000000
-0.97908407449722290039062500000000
-0.97970396280288696289062500000000
-0.98031461238861083984375000000000
-0.98091602325439453125000000000000
-0.98150819540023803710937500000000
-0.98209112882614135742187500000000
-0.98266482353210449218750000000000
-0.98322921991348266601562500000000
-0.98378437757492065429687500000000
-0.98433029651641845703125000000000
-0.98486691713333129882812500000000
-0.98539423942565917968750000000000
-0.98591226339340209960937500000000
-0.98642104864120483398437500000000
-0.98692053556442260742187500000000
-0.98741072416305541992187500000000
-0.98789155483245849609375000000000
-0.98836314678192138671875000000000
-0.98882538080215454101562500000000
-0.98927831649780273437500000000000
-0.98972189426422119140625000000000
-0.99015617370605468750000000000000
-0.99058115482330322265625000000000
-0.99099677801132202148437500000000
-0.99140304327011108398437500000000
-0.99180001020431518554687500000000
-0.99218761920928955078125000000000
-0.99256587028503417968750000000000
-0.99293476343154907226562500000000
-0.99329429864883422851562500000000
-0.99364453554153442382812500000000
-0.99398535490036010742187500000000
-0.99431681632995605468750000000000
-0.99463891983032226562500000000000
-0.99495160579681396484375000000000
-0.99525499343872070312500000000000
-0.99554896354675292968750000000000
-0.99583351612091064453125000000000
-0.99610877037048339843750000000000
-0.99637460708618164062500000000000
-0.99663102626800537109375000000000
-0.99687808752059936523437500000000
-0.99711573123931884765625000000000
-0.99734401702880859375000000000000
-0.99756282567977905273437500000000
-0.99777233600616455078125000000000
-0.99797236919403076171875000000000
-0.99816304445266723632812500000000
-0.99834430217742919921875000000000
-0.99851614236831665039062500000000
-0.99867862462997436523437500000000
-0.99883162975311279296875000000000
-0.99897527694702148437500000000000
-0.99910950660705566406250000000000
-0.99923431873321533203125000000000
-0.99934971332550048828125000000000
-0.99945563077926635742187500000000
-0.99955219030380249023437500000000
-0.99963933229446411132812500000000
-0.99971705675125122070312500000000
-0.99978536367416381835937500000000
-0.99984425306320190429687500000000
-0.99989372491836547851562500000000
-0.99993377923965454101562500000000
-0.99996435642242431640625000000000
-0.99998557567596435546875000000000
-0.99999737739562988281250000000000
-0.99999970197677612304687500000000
-0.99999266862869262695312500000000
-0.99997615814208984375000000000000
-0.99995023012161254882812500000000
-0.99991488456726074218750000000000
-0.99987018108367919921875000000000
-0.99981600046157836914062500000000
-0.99975240230560302734375000000000
-0.99967938661575317382812500000000
-0.99959695339202880859375000000000
-0.99950510263442993164062500000000
-0.99940383434295654296875000000000
-0.99929314851760864257812500000000
-0.99917310476303100585937500000000
-0.99904358386993408203125000000000
-0.99890464544296264648437500000000
-0.99875628948211669921875000000000
-0.99859857559204101562500000000000
-0.99843144416809082031250000000000
-0.99825483560562133789062500000000
-0.99806892871856689453125000000000
-0.99787354469299316406250000000000
-0.99766880273818969726562500000000
-0.99745458364486694335937500000000
-0.99723106622695922851562500000000
-0.99699807167053222656250000000000
-0.99675571918487548828125000000000
-0.99650400876998901367187500000000
-0.99624288082122802734375000000000
-0.99597233533859252929687500000000
-0.99569243192672729492187500000000
-0.99540317058563232421875000000000
-0.99510449171066284179687500000000
-0.99479645490646362304687500000000
-0.99447906017303466796875000000000
-0.99415224790573120117187500000000
-0.99381613731384277343750000000000
-0.99347060918807983398437500000000
-0.99311572313308715820312500000000
-0.99275147914886474609375000000000
-0.99237793684005737304687500000000
-0.99199503660202026367187500000000
-0.99160271883010864257812500000000
-0.99120110273361206054687500000000
-0.99079012870788574218750000000000
-0.99036985635757446289062500000000
-0.98994022607803344726562500000000
-0.98950129747390747070312500000000
-0.98905301094055175781250000000000
-0.98859542608261108398437500000000
-0.98812854290008544921875000000000
-0.98765230178833007812500000000000
-0.98716676235198974609375000000000
-0.98667198419570922851562500000000
-0.98616784811019897460937500000000
-0.98565441370010375976562500000000
-0.98513174057006835937500000000000
-0.98459976911544799804687500000000
-0.98405855894088745117187500000000
-0.98350799083709716796875000000000
-0.98294824361801147460937500000000
-0.98237919807434082031250000000000
-0.98180085420608520507812500000000
-0.98121327161788940429687500000000
-0.98061650991439819335937500000000
-0.98001050949096679687500000000000
-0.97939521074295043945312500000000
-0.97877067327499389648437500000000
-0.97813695669174194335937500000000
-0.97749406099319458007812500000000
-0.97684186697006225585937500000000
-0.97618055343627929687500000000000
-0.97551000118255615234375000000000
-0.97483026981353759765625000000000
-0.97414135932922363281250000000000
-0.97344321012496948242187500000000
-0.97273594141006469726562500000000
-0.97201955318450927734375000000000
-0.97129392623901367187500000000000
-0.97055917978286743164062500000000
-0.96981531381607055664062500000000
-0.96906226873397827148437500000000
-0.96830010414123535156250000000000
-0.96752882003784179687500000000000
-0.96674841642379760742187500000000
-0.96595895290374755859375000000000
-0.96516031026840209960937500000000
-0.96435260772705078125000000000000
-0.96353584527969360351562500000000
-0.96271002292633056640625000000000
-0.96187508106231689453125000000000
-0.96103101968765258789062500000000
-0.96017801761627197265625000000000
-0.95931595563888549804687500000000
-0.95844477415084838867187500000000
-0.95756459236145019531250000000000
-0.95667541027069091796875000000000
-0.95577722787857055664062500000000
-0.95487004518508911132812500000000
-0.95395380258560180664062500000000
-0.95302861928939819335937500000000
-0.95209449529647827148437500000000
-0.95115131139755249023437500000000
-0.95019924640655517578125000000000
-0.94923818111419677734375000000000
-0.94826823472976684570312500000000
-0.94728928804397583007812500000000
-0.94630140066146850585937500000000
-0.94530463218688964843750000000000
-0.94429898262023925781250000000000
-0.94328439235687255859375000000000
-0.94226092100143432617187500000000
-0.94122862815856933593750000000000
-0.94018739461898803710937500000000
-0.93913733959197998046875000000000
-0.93807840347290039062500000000000
-0.93701070547103881835937500000000
-0.93593412637710571289062500000000
-0.93484872579574584960937500000000
-0.93375450372695922851562500000000
-0.93265151977539062500000000000000
-0.93153971433639526367187500000000
-0.93041914701461791992187500000000
-0.92928981781005859375000000000000
-0.92815172672271728515625000000000
-0.92700493335723876953125000000000
-0.92584931850433349609375000000000
-0.92468500137329101562500000000000
-0.92351204156875610351562500000000
-0.92233037948608398437500000000000
-0.92113995552062988281250000000000
-0.91994088888168334960937500000000
-0.91873317956924438476562500000000
-0.91751676797866821289062500000000
-0.91629171371459960937500000000000
-0.91505801677703857421875000000000
-0.91381579637527465820312500000000
-0.91256487369537353515625000000000
-0.91130536794662475585937500000000
-0.91003727912902832031250000000000
-0.90876066684722900390625000000000
-0.90747547149658203125000000000000
-0.90618163347244262695312500000000
-0.90487933158874511718750000000000
-0.90356850624084472656250000000000
-0.90224921703338623046875000000000
-0.90092134475708007812500000000000
-0.89958494901657104492187500000000
-0.89824014902114868164062500000000
-0.89688694477081298828125000000000
-0.89552515745162963867187500000000
-0.89415502548217773437500000000000
-0.89277642965316772460937500000000
-0.89138948917388916015625000000000
-0.88999402523040771484375000000000
-0.88859021663665771484375000000000
-0.88717812299728393554687500000000
-0.88575762510299682617187500000000
-0.88432878255844116210937500000000
-0.88289153575897216796875000000000
-0.88144606351852416992187500000000
-0.87999230623245239257812500000000
-0.87853014469146728515625000000000
-0.87705975770950317382812500000000
-0.87558114528656005859375000000000
-0.87409424781799316406250000000000
-0.87259912490844726562500000000000
-0.87109577655792236328125000000000
-0.86958420276641845703125000000000
-0.86806452274322509765625000000000
-0.86653655767440795898437500000000
-0.86500042676925659179687500000000
-0.86345624923706054687500000000000
-0.86190390586853027343750000000000
-0.86034333705902099609375000000000
-0.85877472162246704101562500000000
-0.85719805955886840820312500000000
-0.85561335086822509765625000000000
-0.85402047634124755859375000000000
-0.85241955518722534179687500000000
-0.85081070661544799804687500000000
-0.84919381141662597656250000000000
-0.84756886959075927734375000000000
-0.84593588113784790039062500000000
-0.84429508447647094726562500000000
-0.84264624118804931640625000000000
-0.84098947048187255859375000000000
-0.83932477235794067382812500000000
-0.83765214681625366210937500000000
-0.83597165346145629882812500000000
-0.83428329229354858398437500000000
-0.83258706331253051757812500000000
-0.83088296651840209960937500000000
-0.82917106151580810546875000000000
-0.82745134830474853515625000000000
-0.82572382688522338867187500000000
-0.82398855686187744140625000000000
-0.82224547863006591796875000000000
-0.82049471139907836914062500000000
-0.81873619556427001953125000000000
-0.81696993112564086914062500000000
-0.81519597768783569335937500000000
-0.81341433525085449218750000000000
-0.81162506341934204101562500000000
-0.80982816219329833984375000000000
-0.80802357196807861328125000000000
-0.80621141195297241210937500000000
-0.80439162254333496093750000000000
-0.80256426334381103515625000000000
-0.80072933435440063476562500000000
-0.79888689517974853515625000000000
-0.79703688621520996093750000000000
-0.79517942667007446289062500000000
-0.79331445693969726562500000000000
-0.79144197702407836914062500000000
-0.78956204652786254882812500000000
-0.78767472505569458007812500000000
-0.78577995300292968750000000000000
-0.78387773036956787109375000000000
-0.78196817636489868164062500000000
-0.78005123138427734375000000000000
-0.77812695503234863281250000000000
-0.77619534730911254882812500000000
-0.77425646781921386718750000000000
-0.77231019735336303710937500000000
-0.77035671472549438476562500000000
-0.76839596033096313476562500000000
-0.76642799377441406250000000000000
-0.76445275545120239257812500000000
-0.76247036457061767578125000000000
-0.76048076152801513671875000000000
-0.75848400592803955078125000000000
-0.75648003816604614257812500000000
-0.75446903705596923828125000000000
-0.75245088338851928710937500000000
-0.75042563676834106445312500000000
-0.74839335680007934570312500000000
-0.74635398387908935546875000000000
-0.74430757761001586914062500000000
-0.74225419759750366210937500000000
-0.74019378423690795898437500000000
-0.73812639713287353515625000000000
-0.73605209589004516601562500000000
-0.73397082090377807617187500000000
-0.73188269138336181640625000000000
-0.72978758811950683593750000000000
-0.72768563032150268554687500000000
-0.72557687759399414062500000000000
-0.72346121072769165039062500000000
-0.72133874893188476562500000000000
-0.71920949220657348632812500000000
-0.71707350015640258789062500000000
-0.71493071317672729492187500000000
-0.71278119087219238281250000000000
-0.71062493324279785156250000000000
-0.70846205949783325195312500000000
-0.70629245042800903320312500000000
-0.70411616563796997070312500000000
-0.70193326473236083984375000000000
-0.69974380731582641601562500000000
-0.69754767417907714843750000000000
-0.69534498453140258789062500000000
-0.69313579797744750976562500000000
-0.69092005491256713867187500000000
-0.68869775533676147460937500000000
-0.68646901845932006835937500000000
-0.68423384428024291992187500000000
-0.68199217319488525390625000000000
-0.67974406480789184570312500000000
-0.67748957872390747070312500000000
-0.67522871494293212890625000000000
-0.67296147346496582031250000000000
-0.67068791389465332031250000000000
-0.66840797662734985351562500000000
-0.66612178087234497070312500000000
-0.66382932662963867187500000000000
-0.66153061389923095703125000000000
-0.65922564268112182617187500000000
-0.65691447257995605468750000000000
-0.65459710359573364257812500000000
-0.65227359533309936523437500000000
-0.64994394779205322265625000000000
-0.64760816097259521484375000000000
-0.64526623487472534179687500000000
-0.64291828870773315429687500000000
-0.64056420326232910156250000000000
-0.63820415735244750976562500000000
-0.63583809137344360351562500000000
-0.63346600532531738281250000000000
-0.63108795881271362304687500000000
-0.62870401144027709960937500000000
-0.62631410360336303710937500000000
-0.62391829490661621093750000000000
-0.62151658535003662109375000000000
-0.61910903453826904296875000000000
-0.61669570207595825195312500000000
-0.61427646875381469726562500000000
-0.61185151338577270507812500000000
-0.60942077636718750000000000000000
-0.60698431730270385742187500000000
-0.60454207658767700195312500000000
-0.60209423303604125976562500000000
-0.59964066743850708007812500000000
-0.59718143939971923828125000000000
-0.59471660852432250976562500000000
-0.59224611520767211914062500000000
-0.58977007865905761718750000000000
-0.58728849887847900390625000000000
-0.58480143547058105468750000000000
-0.58230876922607421875000000000000
-0.57981067895889282226562500000000
-0.57730710506439208984375000000000
-0.57479810714721679687500000000000
-0.57228368520736694335937500000000
-0.56976383924484252929687500000000
-0.56723862886428833007812500000000
-0.56470811367034912109375000000000
-0.56217223405838012695312500000000
-0.55963110923767089843750000000000
-0.55708467960357666015625000000000
-0.55453300476074218750000000000000
-0.55197614431381225585937500000000
-0.54941403865814208984375000000000
-0.54684674739837646484375000000000
-0.54427433013916015625000000000000
-0.54169678688049316406250000000000
-0.53911411762237548828125000000000
-0.53652638196945190429687500000000
-0.53393357992172241210937500000000
-0.53133577108383178710937500000000
-0.52873295545578002929687500000000
-0.52612513303756713867187500000000
-0.52351236343383789062500000000000
-0.52089464664459228515625000000000
-0.51827204227447509765625000000000
-0.51564460992813110351562500000000
-0.51301223039627075195312500000000
-0.51037508249282836914062500000000
-0.50773304700851440429687500000000
-0.50508630275726318359375000000000
-0.50243479013442993164062500000000
-0.49977850914001464843750000000000
-0.49711751937866210937500000000000
-0.49445188045501708984375000000000
-0.49178156256675720214843750000000
-0.48910659551620483398437500000000
-0.48642703890800476074218750000000
-0.48374289274215698242187500000000
-0.48105421662330627441406250000000
-0.47836098074913024902343750000000
-0.47566324472427368164062500000000
-0.47296103835105895996093750000000
-0.47025436162948608398437500000000
-0.46754324436187744140625000000000
-0.46482774615287780761718750000000
-0.46210783720016479492187500000000
-0.45938360691070556640625000000000
-0.45665502548217773437500000000000
-0.45392215251922607421875000000000
-0.45118501782417297363281250000000
-0.44844362139701843261718750000000
-0.44569799304008483886718750000000
-0.44294816255569458007812500000000
-0.44019415974617004394531250000000
-0.43743601441383361816406250000000
-0.43467375636100769042968750000000
-0.43190738558769226074218750000000
-0.42913696169853210449218750000000
-0.42636248469352722167968750000000
-0.42358398437500000000000000000000
-0.42080149054527282714843750000000
-0.41801506280899047851562500000000
-0.41522467136383056640625000000000
-0.41243037581443786621093750000000
-0.40963217616081237792968750000000
-0.40683013200759887695312500000000
-0.40402427315711975097656250000000
-0.40121459960937500000000000000000
-0.39840111136436462402343750000000
-0.39558389782905578613281250000000
-0.39276295900344848632812500000000
-0.38993832468986511230468750000000
-0.38710999488830566406250000000000
-0.38427802920341491699218750000000
-0.38144245743751525878906250000000
-0.37860327959060668945312500000000
-0.37576052546501159667968750000000
-0.37291425466537475585937500000000
-0.37006443738937377929687500000000
-0.36721116304397583007812500000000
-0.36435440182685852050781250000000
-0.36149424314498901367187500000000
-0.35863065719604492187500000000000
-0.35576367378234863281250000000000
-0.35289338231086730957031250000000
-0.35001972317695617675781250000000
-0.34714278578758239746093750000000
-0.34426257014274597167968750000000
-0.34137913584709167480468750000000
-0.33849245309829711914062500000000
-0.33560261130332946777343750000000
-0.33270958065986633300781250000000
-0.32981342077255249023437500000000
-0.32691416144371032714843750000000
-0.32401183247566223144531250000000
-0.32110643386840820312500000000000
-0.31819802522659301757812500000000
-0.31528660655021667480468750000000
-0.31237220764160156250000000000000
-0.30945488810539245605468750000000
-0.30653464794158935546875000000000
-0.30361148715019226074218750000000
-0.30068549513816833496093750000000
-0.29775667190551757812500000000000
-0.29482504725456237792968750000000
-0.29189062118530273437500000000000
-0.28895348310470581054687500000000
-0.28601357340812683105468750000000
-0.28307101130485534667968750000000
-0.28012576699256896972656250000000
-0.27717787027359008789062500000000
-0.27422738075256347656250000000000
-0.27127429842948913574218750000000
-0.26831868290901184082031250000000
-0.26536050438880920410156250000000
-0.26239985227584838867187500000000
-0.25943669676780700683593750000000
-0.25647112727165222167968750000000
-0.25350314378738403320312500000000
-0.25053274631500244140625000000000
-0.24755999445915222167968750000000
-0.24458491802215576171875000000000
-0.24160754680633544921875000000000
-0.23862788081169128417968750000000
-0.23564597964286804199218750000000
-0.23266184329986572265625000000000
-0.22967553138732910156250000000000
-0.22668704390525817871093750000000
-0.22369642555713653564453125000000
-0.22070370614528656005859375000000
-0.21770890057086944580078125000000
-0.21471203863620758056640625000000
-0.21171316504478454589843750000000
-0.20871229469776153564453125000000
-0.20570944249629974365234375000000
-0.20270466804504394531250000000000
-0.19969798624515533447265625000000
-0.19668941199779510498046875000000
-0.19367899000644683837890625000000
-0.19066673517227172851562500000000
-0.18765269219875335693359375000000
-0.18463689088821411132812500000000
-0.18161933124065399169921875000000
-0.17860007286071777343750000000000
-0.17557913064956665039062500000000
-0.17255651950836181640625000000000
-0.16953229904174804687500000000000
-0.16650648415088653564453125000000
-0.16347908973693847656250000000000
-0.16045016050338745117187500000000
-0.15741971135139465332031250000000
-0.15438778698444366455078125000000
-0.15135440230369567871093750000000
-0.14831960201263427734375000000000
-0.14528338611125946044921875000000
-0.14224581420421600341796875000000
-0.13920690119266510009765625000000
-0.13616667687892913818359375000000
-0.13312517106533050537109375000000
-0.13008241355419158935546875000000
-0.12703841924667358398437500000000
-0.12399324029684066772460937500000
-0.12094688415527343750000000000000
-0.11789939552545547485351562500000
-0.11485078930854797363281250000000
-0.11180110275745391845703125000000
-0.10875036567449569702148437500000
-0.10569860041141510009765625000000
-0.10264584422111511230468750000000
-0.09959211945533752441406250000000
-0.09653745591640472412109375000000
-0.09348187595605850219726562500000
-0.09042542427778244018554687500000
-0.08736811578273773193359375000000
-0.08430998772382736206054687500000
-0.08125106245279312133789062500000
-0.07819137722253799438476562500000
-0.07513094693422317504882812500000
-0.07206981629133224487304687500000
-0.06900800019502639770507812500000
-0.06594553589820861816406250000000
-0.06288245320320129394531250000000
-0.05981877446174621582031250000000
-0.05675453320145606994628906250000
-0.05368975922465324401855468750000
-0.05062447860836982727050781250000
-0.04755872115492820739746093750000
-0.04449251294136047363281250000000
-0.04142588749527931213378906250000
-0.03835887089371681213378906250000
-0.03529149293899536132812500000000
-0.03222378343343734741210937500000
-0.02915577217936515808105468750000
-0.02608748339116573333740234375000
-0.02301894873380661010742187500000
-0.01995019800961017608642578125000
-0.01688125915825366973876953125000
-0.01381216198205947875976562500000
-0.01074293442070484161376953125000
-0.00767360534518957138061523437500
-0.00460420409217476844787597656250
-0.00153475941624492406845092773438
0.00153469981160014867782592773438
0.00460414448752999305725097656250
0.00767354574054479598999023437500
0.01074287481606006622314453125000
0.01381210237741470336914062500000
0.01688119955360889434814453125000
0.01995013840496540069580078125000
0.02301888912916183471679687500000
0.02608742378652095794677734375000
0.02915571257472038269042968750000
0.03222372382879257202148437500000
0.03529143333435058593750000000000
0.03835881128907203674316406250000
0.04142582789063453674316406250000
0.04449245333671569824218750000000
0.04755866155028343200683593750000
0.05062441900372505187988281250000
0.05368969962000846862792968750000
0.05675447359681129455566406250000
0.05981871485710144042968750000000
0.06288239359855651855468750000000
0.06594547629356384277343750000000
0.06900794059038162231445312500000
0.07206975668668746948242187500000
0.07513088732957839965820312500000
0.07819131761789321899414062500000
0.08125100284814834594726562500000
0.08430992811918258666992187500000
0.08736805617809295654296875000000
0.09042536467313766479492187500000
0.09348181635141372680664062500000
0.09653739631175994873046875000000
0.09959205985069274902343750000000
0.10264578461647033691406250000000
0.10569854080677032470703125000000
0.10875030606985092163085937500000
0.11180104315280914306640625000000
0.11485072970390319824218750000000
0.11789933592081069946289062500000
0.12094682455062866210937500000000
0.12399318069219589233398437500000
0.12703835964202880859375000000000
0.13008235394954681396484375000000
0.13312511146068572998046875000000
0.13616661727428436279296875000000
0.13920684158802032470703125000000
0.14224575459957122802734375000000
0.14528332650661468505859375000000
0.14831954240798950195312500000000
0.15135434269905090332031250000000
0.15438772737979888916015625000000
0.15741965174674987792968750000000
0.16045010089874267578125000000000
0.16347903013229370117187500000000
0.16650642454624176025390625000000
0.16953223943710327148437500000000
0.17255647480487823486328125000000
0.17557907104492187500000000000000
0.17860001325607299804687500000000
0.18161927163600921630859375000000
0.18463683128356933593750000000000
0.18765263259410858154296875000000
0.19066669046878814697265625000000
0.19367893040180206298828125000000
0.19668935239315032958984375000000
0.19969792664051055908203125000000
0.20270460844039916992187500000000
0.20570939779281616210937500000000
0.20871223509311676025390625000000
0.21171310544013977050781250000000
0.21471197903156280517578125000000
0.21770884096622467041015625000000
0.22070364654064178466796875000000
0.22369636595249176025390625000000
0.22668698430061340332031250000000
0.22967547178268432617187500000000
0.23266179859638214111328125000000
0.23564592003822326660156250000000
0.23862782120704650878906250000000
0.24160748720169067382812500000000
0.24458485841751098632812500000000
0.24755994975566864013671875000000
0.25053268671035766601562500000000
0.25350308418273925781250000000000
0.25647106766700744628906250000000
0.25943663716316223144531250000000
0.26239979267120361328125000000000
0.26536044478416442871093750000000
0.26831862330436706542968750000000
0.27127423882484436035156250000000
0.27422732114791870117187500000000
0.27717781066894531250000000000000
0.28012570738792419433593750000000
0.28307095170021057128906250000000
0.28601354360580444335937500000000
0.28895342350006103515625000000000
0.29189056158065795898437500000000
0.29482498764991760253906250000000
0.29775661230087280273437500000000
0.30068543553352355957031250000000
0.30361142754554748535156250000000
0.30653458833694458007812500000000
0.30945482850074768066406250000000
0.31237214803695678710937500000000
0.31528654694557189941406250000000
0.31819796562194824218750000000000
0.32110637426376342773437500000000
0.32401177287101745605468750000000
0.32691410183906555175781250000000
0.32981336116790771484375000000000
0.33270952105522155761718750000000
0.33560255169868469238281250000000
0.33849239349365234375000000000000
0.34137907624244689941406250000000
0.34426254034042358398437500000000
0.34714272618293762207031250000000
0.35001966357231140136718750000000
0.35289332270622253417968750000000
0.35576364398002624511718750000000
0.35863059759140014648437500000000
0.36149418354034423828125000000000
0.36435434222221374511718750000000
0.36721110343933105468750000000000
0.37006437778472900390625000000000
0.37291419506072998046875000000000
0.37576046586036682128906250000000
0.37860321998596191406250000000000
0.38144239783287048339843750000000
0.38427796959877014160156250000000
0.38710993528366088867187500000000
0.38993826508522033691406250000000
0.39276289939880371093750000000000
0.39558386802673339843750000000000
0.39840108156204223632812500000000
0.40121454000473022460937500000000
0.40402421355247497558593750000000
0.40683010220527648925781250000000
0.40963214635848999023437500000000
0.41243031620979309082031250000000
0.41522461175918579101562500000000
0.41801500320434570312500000000000
0.42080146074295043945312500000000
0.42358392477035522460937500000000
0.42636242508888244628906250000000
0.42913690209388732910156250000000
0.43190732598304748535156250000000
0.43467369675636291503906250000000
0.43743595480918884277343750000000
0.44019410014152526855468750000000
0.44294810295104980468750000000000
0.44569793343544006347656250000000
0.44844356179237365722656250000000
0.45118495821952819824218750000000
0.45392209291458129882812500000000
0.45665496587753295898437500000000
0.45938354730606079101562500000000
0.46210780739784240722656250000000
0.46482768654823303222656250000000
0.46754318475723266601562500000000
0.47025430202484130859375000000000
0.47296097874641418457031250000000
0.47566318511962890625000000000000
0.47836092114448547363281250000000
0.48105415701866149902343750000000
0.48374286293983459472656250000000
0.48642700910568237304687500000000
0.48910656571388244628906250000000
0.49178150296211242675781250000000
0.49445182085037231445312500000000
0.49711745977401733398437500000000
0.49977844953536987304687500000000
0.50243473052978515625000000000000
0.50508624315261840820312500000000
0.50773298740386962890625000000000
0.51037502288818359375000000000000
0.51301217079162597656250000000000
0.51564455032348632812500000000000
0.51827204227447509765625000000000
0.52089464664459228515625000000000
0.52351230382919311523437500000000
0.52612507343292236328125000000000
0.52873289585113525390625000000000
0.53133571147918701171875000000000
0.53393352031707763671875000000000
0.53652632236480712890625000000000
0.53911405801773071289062500000000
0.54169672727584838867187500000000
0.54427427053451538085937500000000
0.54684668779373168945312500000000
0.54941397905349731445312500000000
0.55197608470916748046875000000000
0.55453294515609741210937500000000
0.55708461999893188476562500000000
0.55963104963302612304687500000000
0.56217223405838012695312500000000
0.56470805406570434570312500000000
0.56723862886428833007812500000000
0.56976377964019775390625000000000
0.57228362560272216796875000000000
0.57479804754257202148437500000000
0.57730704545974731445312500000000
0.57981061935424804687500000000000
0.58230870962142944335937500000000
0.58480137586593627929687500000000
0.58728849887847900390625000000000
0.58977007865905761718750000000000
0.59224611520767211914062500000000
0.59471654891967773437500000000000
0.59718137979507446289062500000000
0.59964060783386230468750000000000
0.60209417343139648437500000000000
0.60454207658767700195312500000000
0.60698425769805908203125000000000
0.60942071676254272460937500000000
0.61185145378112792968750000000000
0.61427646875381469726562500000000
0.61669564247131347656250000000000
0.61910897493362426757812500000000
0.62151652574539184570312500000000
0.62391823530197143554687500000000
0.62631404399871826171875000000000
0.62870395183563232421875000000000
0.63108795881271362304687500000000
0.63346594572067260742187500000000
0.63583803176879882812500000000000
0.63820409774780273437500000000000
0.64056420326232910156250000000000
0.64291822910308837890625000000000
0.64526617527008056640625000000000
0.64760810136795043945312500000000
0.64994388818740844726562500000000
0.65227353572845458984375000000000
0.65459710359573364257812500000000
0.65691441297531127929687500000000
0.65922558307647705078125000000000
0.66153055429458618164062500000000
0.66382926702499389648437500000000
0.66612172126770019531250000000000
0.66840791702270507812500000000000
0.67068785429000854492187500000000
0.67296141386032104492187500000000
0.67522865533828735351562500000000
0.67748951911926269531250000000000
0.67974400520324707031250000000000
0.68199211359024047851562500000000
0.68423378467559814453125000000000
0.68646901845932006835937500000000
0.68869775533676147460937500000000
0.69091999530792236328125000000000
0.69313573837280273437500000000000
0.69534498453140258789062500000000
0.69754761457443237304687500000000
0.69974374771118164062500000000000
0.70193326473236083984375000000000
0.70411610603332519531250000000000
0.70629239082336425781250000000000
0.70846199989318847656250000000000
0.71062493324279785156250000000000
0.71278113126754760742187500000000
0.71493065357208251953125000000000
0.71707344055175781250000000000000
0.71920949220657348632812500000000
0.72133874893188476562500000000000
0.72346115112304687500000000000000
0.72557681798934936523437500000000
0.72768563032150268554687500000000
0.72978758811950683593750000000000
0.73188263177871704101562500000000
0.73397082090377807617187500000000
0.73605203628540039062500000000000
0.73812639713287353515625000000000
0.74019372463226318359375000000000
0.74225413799285888671875000000000
0.74430757761001586914062500000000
0.74635392427444458007812500000000
0.74839329719543457031250000000000
0.75042557716369628906250000000000
0.75245082378387451171875000000000
0.75446897745132446289062500000000
0.75648003816604614257812500000000
0.75848394632339477539062500000000
0.76048070192337036132812500000000
0.76247030496597290039062500000000
0.76445269584655761718750000000000
0.76642793416976928710937500000000
0.76839596033096313476562500000000
0.77035671472549438476562500000000
0.77231019735336303710937500000000
0.77425640821456909179687500000000
0.77619534730911254882812500000000
0.77812695503234863281250000000000
0.78005123138427734375000000000000
0.78196817636489868164062500000000
0.78387773036956787109375000000000
0.78577989339828491210937500000000
0.78767466545104980468750000000000
0.78956204652786254882812500000000
0.79144191741943359375000000000000
0.79331439733505249023437500000000
0.79517936706542968750000000000000
0.79703688621520996093750000000000
0.79888683557510375976562500000000
0.80072933435440063476562500000000
0.80256420373916625976562500000000
0.80439156293869018554687500000000
0.80621135234832763671875000000000
0.80802351236343383789062500000000
0.80982810258865356445312500000000
0.81162500381469726562500000000000
0.81341433525085449218750000000000
0.81519591808319091796875000000000
0.81696987152099609375000000000000
0.81873613595962524414062500000000
0.82049465179443359375000000000000
0.82224547863006591796875000000000
0.82398849725723266601562500000000
0.82572382688522338867187500000000
0.82745134830474853515625000000000
0.82917106151580810546875000000000
0.83088296651840209960937500000000
0.83258700370788574218750000000000
0.83428323268890380859375000000000
0.83597165346145629882812500000000
0.83765214681625366210937500000000
0.83932471275329589843750000000000
0.84098941087722778320312500000000
0.84264618158340454101562500000000
0.84429508447647094726562500000000
0.84593588113784790039062500000000
0.84756875038146972656250000000000
0.84919375181198120117187500000000
0.85081070661544799804687500000000
0.85241955518722534179687500000000
0.85402041673660278320312500000000
0.85561329126358032226562500000000
0.85719805955886840820312500000000
0.85877472162246704101562500000000
0.86034327745437622070312500000000
0.86190384626388549804687500000000
0.86345624923706054687500000000000
0.86500042676925659179687500000000
0.86653649806976318359375000000000
0.86806446313858032226562500000000
0.86958420276641845703125000000000
0.87109577655792236328125000000000
0.87259906530380249023437500000000
0.87409424781799316406250000000000
0.87558114528656005859375000000000
0.87705975770950317382812500000000
0.87853008508682250976562500000000
0.87999224662780761718750000000000
0.88144606351852416992187500000000
0.88289153575897216796875000000000
0.88432872295379638671875000000000
0.88575756549835205078125000000000
0.88717812299728393554687500000000
0.88859021663665771484375000000000
0.88999402523040771484375000000000
0.89138942956924438476562500000000
0.89277642965316772460937500000000
0.89415502548217773437500000000000
0.89552515745162963867187500000000
0.89688688516616821289062500000000
0.89824014902114868164062500000000
0.89958494901657104492187500000000
0.90092128515243530273437500000000
0.90224915742874145507812500000000
0.90356850624084472656250000000000
0.90487933158874511718750000000000
0.90618157386779785156250000000000
0.90747541189193725585937500000000
0.90876066684722900390625000000000
0.91003727912902832031250000000000
0.91130530834197998046875000000000
0.91256487369537353515625000000000
0.91381579637527465820312500000000
0.91505801677703857421875000000000
0.91629171371459960937500000000000
0.91751676797866821289062500000000
0.91873317956924438476562500000000
0.91994088888168334960937500000000
0.92113989591598510742187500000000
0.92233031988143920898437500000000
0.92351204156875610351562500000000
0.92468500137329101562500000000000
0.92584931850433349609375000000000
0.92700487375259399414062500000000
0.92815172672271728515625000000000
0.92928981781005859375000000000000
0.93041908740997314453125000000000
0.93153971433639526367187500000000
0.93265151977539062500000000000000
0.93375450372695922851562500000000
0.93484866619110107421875000000000
0.93593406677246093750000000000000
0.93701070547103881835937500000000
0.93807840347290039062500000000000
0.93913727998733520507812500000000
0.94018739461898803710937500000000
0.94122862815856933593750000000000
0.94226092100143432617187500000000
0.94328433275222778320312500000000
0.94429892301559448242187500000000
0.94530463218688964843750000000000
0.94630140066146850585937500000000
0.94728922843933105468750000000000
0.94826817512512207031250000000000
0.94923818111419677734375000000000
0.95019924640655517578125000000000
0.95115131139755249023437500000000
0.95209443569183349609375000000000
0.95302861928939819335937500000000
0.95395380258560180664062500000000
0.95486998558044433593750000000000
0.95577722787857055664062500000000
0.95667541027069091796875000000000
0.95756459236145019531250000000000
0.95844477415084838867187500000000
0.95931589603424072265625000000000
0.96017801761627197265625000000000
0.96103101968765258789062500000000
0.96187502145767211914062500000000
0.96270996332168579101562500000000
0.96353584527969360351562500000000
0.96435260772705078125000000000000
0.96516031026840209960937500000000
0.96595889329910278320312500000000
0.96674841642379760742187500000000
0.96752882003784179687500000000000
0.96830010414123535156250000000000
0.96906226873397827148437500000000
0.96981531381607055664062500000000
0.97055917978286743164062500000000
0.97129392623901367187500000000000
0.97201949357986450195312500000000
0.97273594141006469726562500000000
0.97344321012496948242187500000000
0.97414129972457885742187500000000
0.97483026981353759765625000000000
0.97551000118255615234375000000000
0.97618055343627929687500000000000
0.97684186697006225585937500000000
0.97749400138854980468750000000000
0.97813695669174194335937500000000
0.97877067327499389648437500000000
0.97939515113830566406250000000000
0.98001044988632202148437500000000
0.98061650991439819335937500000000
0.98121327161788940429687500000000
0.98180085420608520507812500000000
0.98237913846969604492187500000000
0.98294824361801147460937500000000
0.98350799083709716796875000000000
0.98405849933624267578125000000000
0.98459976911544799804687500000000
0.98513174057006835937500000000000
0.98565441370010375976562500000000
0.98616784811019897460937500000000
0.98667198419570922851562500000000
0.98716676235198974609375000000000
0.98765230178833007812500000000000
0.98812848329544067382812500000000
0.98859542608261108398437500000000
0.98905301094055175781250000000000
0.98950129747390747070312500000000
0.98994022607803344726562500000000
0.99036985635757446289062500000000
0.99079012870788574218750000000000
0.99120110273361206054687500000000
0.99160271883010864257812500000000
0.99199497699737548828125000000000
0.99237793684005737304687500000000
0.99275147914886474609375000000000
0.99311572313308715820312500000000
0.99347060918807983398437500000000
0.99381613731384277343750000000000
0.99415224790573120117187500000000
0.99447900056838989257812500000000
0.99479645490646362304687500000000
0.99510449171066284179687500000000
0.99540317058563232421875000000000
0.99569243192672729492187500000000
0.99597233533859252929687500000000
0.99624288082122802734375000000000
0.99650400876998901367187500000000
0.99675571918487548828125000000000
0.99699807167053222656250000000000
0.99723106622695922851562500000000
0.99745458364486694335937500000000
0.99766874313354492187500000000000
0.99787354469299316406250000000000
0.99806892871856689453125000000000
0.99825483560562133789062500000000
0.99843144416809082031250000000000
0.99859857559204101562500000000000
0.99875628948211669921875000000000
0.99890464544296264648437500000000
0.99904358386993408203125000000000
0.99917310476303100585937500000000
0.99929314851760864257812500000000
0.99940383434295654296875000000000
0.99950510263442993164062500000000
0.99959695339202880859375000000000
0.99967938661575317382812500000000
0.99975240230560302734375000000000
0.99981600046157836914062500000000
0.99987018108367919921875000000000
0.99991488456726074218750000000000
0.99995023012161254882812500000000
0.99997615814208984375000000000000
0.99999266862869262695312500000000
0.99999970197677612304687500000000
0.99999737739562988281250000000000
0.99998557567596435546875000000000
0.99996435642242431640625000000000
0.99993377923965454101562500000000
0.99989372491836547851562500000000
0.99984425306320190429687500000000
0.99978536367416381835937500000000
0.99971705675125122070312500000000
0.99963933229446411132812500000000
0.99955219030380249023437500000000
0.99945563077926635742187500000000
0.99934971332550048828125000000000
0.99923431873321533203125000000000
0.99910950660705566406250000000000
0.99897527694702148437500000000000
0.99883162975311279296875000000000
0.99867862462997436523437500000000
0.99851620197296142578125000000000
0.99834430217742919921875000000000
0.99816304445266723632812500000000
0.99797236919403076171875000000000
0.99777233600616455078125000000000
0.99756288528442382812500000000000
0.99734401702880859375000000000000
0.99711573123931884765625000000000
0.99687808752059936523437500000000
0.99663102626800537109375000000000
0.99637460708618164062500000000000
0.99610877037048339843750000000000
0.99583357572555541992187500000000
0.99554896354675292968750000000000
0.99525499343872070312500000000000
0.99495160579681396484375000000000
0.99463891983032226562500000000000
0.99431681632995605468750000000000
0.99398535490036010742187500000000
0.99364453554153442382812500000000
0.99329435825347900390625000000000
0.99293476343154907226562500000000
0.99256587028503417968750000000000
0.99218761920928955078125000000000
0.99180001020431518554687500000000
0.99140310287475585937500000000000
0.99099677801132202148437500000000
0.99058115482330322265625000000000
0.99015623331069946289062500000000
0.98972189426422119140625000000000
0.98927831649780273437500000000000
0.98882538080215454101562500000000
0.98836314678192138671875000000000
0.98789155483245849609375000000000
0.98741072416305541992187500000000
0.98692053556442260742187500000000
0.98642104864120483398437500000000
0.98591232299804687500000000000000
0.98539423942565917968750000000000
0.98486691713333129882812500000000
0.98433029651641845703125000000000
0.98378443717956542968750000000000
0.98322921991348266601562500000000
0.98266482353210449218750000000000
0.98209118843078613281250000000000
0.98150825500488281250000000000000
0.98091602325439453125000000000000
0.98031461238861083984375000000000
0.97970396280288696289062500000000
0.97908407449722290039062500000000
0.97845494747161865234375000000000
0.97781664133071899414062500000000
0.97716909646987915039062500000000
0.97651237249374389648437500000000
0.97584640979766845703125000000000
0.97517126798629760742187500000000
0.97448694705963134765625000000000
0.97379344701766967773437500000000
0.97309070825576782226562500000000
0.97237884998321533203125000000000
0.97165787220001220703125000000000
0.97092771530151367187500000000000
0.97018837928771972656250000000000
0.96943992376327514648437500000000
0.96868234872817993164062500000000
0.96791559457778930664062500000000
0.96713972091674804687500000000000
0.96635478734970092773437500000000
0.96556079387664794921875000000000
0.96475762128829956054687500000000
0.96394532918930053710937500000000
0.96312403678894042968750000000000
0.96229362487792968750000000000000
0.96145415306091308593750000000000
0.96060562133789062500000000000000
0.95974808931350708007812500000000
0.95888149738311767578125000000000
0.95800578594207763671875000000000
0.95712113380432128906250000000000
0.95622742176055908203125000000000
0.95532476902008056640625000000000
0.95441305637359619140625000000000
0.95349234342575073242187500000000
0.95256268978118896484375000000000
0.95162403583526611328125000000000
0.95067638158798217773437500000000
0.94971978664398193359375000000000
0.94875431060791015625000000000000
0.94777983427047729492187500000000
0.94679641723632812500000000000000
0.94580411911010742187500000000000
0.94480288028717041015625000000000
0.94379281997680664062500000000000
0.94277375936508178710937500000000
0.94174581766128540039062500000000
0.94070911407470703125000000000000
0.93966346979141235351562500000000
0.93860894441604614257812500000000
0.93754559755325317382812500000000
0.93647348880767822265625000000000
0.93539249897003173828125000000000
0.93430268764495849609375000000000
0.93320405483245849609375000000000
0.93209666013717651367187500000000
0.93098050355911254882812500000000
0.92985558509826660156250000000000
0.92872184514999389648437500000000
0.92757940292358398437500000000000
0.92642819881439208984375000000000
0.92526829242706298828125000000000
0.92409962415695190429687500000000
0.92292225360870361328125000000000
0.92173624038696289062500000000000
0.92054146528244018554687500000000
0.91933804750442504882812500000000
0.91812604665756225585937500000000
0.91690534353256225585937500000000
0.91567593812942504882812500000000
0.91443794965744018554687500000000
0.91319137811660766601562500000000
0.91193622350692749023437500000000
0.91067236661911010742187500000000
0.90939998626708984375000000000000
0.90811908245086669921875000000000
0.90682959556579589843750000000000
0.90553158521652221679687500000000
0.90422493219375610351562500000000
0.90290987491607666015625000000000
0.90158629417419433593750000000000
0.90025413036346435546875000000000
0.89891356229782104492187500000000
0.89756458997726440429687500000000
0.89620709419250488281250000000000
0.89484119415283203125000000000000
0.89346671104431152343750000000000
0.89208394289016723632812500000000
0.89069277048110961914062500000000
0.88929313421249389648437500000000
0.88788521289825439453125000000000
0.88646888732910156250000000000000
0.88504421710968017578125000000000
0.88361126184463500976562500000000
0.88216978311538696289062500000000
0.88072019815444946289062500000000
0.87926226854324340820312500000000
0.87779593467712402343750000000000
0.87632143497467041015625000000000
0.87483870983123779296875000000000
0.87334769964218139648437500000000
0.87184852361679077148437500000000
0.87034094333648681640625000000000
0.86882531642913818359375000000000
0.86730152368545532226562500000000
0.86576944589614868164062500000000
0.86422932147979736328125000000000
0.86268103122711181640625000000000
0.86112463474273681640625000000000
0.85956007242202758789062500000000
0.85798734426498413085937500000000
0.85640668869018554687500000000000
0.85481786727905273437500000000000
0.85322093963623046875000000000000
0.85161608457565307617187500000000
0.85000318288803100585937500000000
0.84838229417800903320312500000000
0.84675341844558715820312500000000
0.84511643648147583007812500000000
0.84347158670425415039062500000000
0.84181880950927734375000000000000
0.84015798568725585937500000000000
0.83848935365676879882812500000000
0.83681285381317138671875000000000
0.83512848615646362304687500000000
0.83343619108200073242187500000000
0.83173590898513793945312500000000
0.83002799749374389648437500000000
0.82831221818923950195312500000000
0.82658845186233520507812500000000
0.82485711574554443359375000000000
0.82311797142028808593750000000000
0.82137107849121093750000000000000
0.81961643695831298828125000000000
0.81785392761230468750000000000000
0.81608384847640991210937500000000
0.81430613994598388671875000000000
0.81252056360244750976562500000000
0.81072747707366943359375000000000
0.80892676115036010742187500000000
0.80711841583251953125000000000000
0.80530250072479248046875000000000
0.80347883701324462890625000000000
0.80164772272109985351562500000000
0.79980909824371337890625000000000
0.79796272516250610351562500000000
0.79610902070999145507812500000000
0.79424780607223510742187500000000
0.79237914085388183593750000000000
0.79050296545028686523437500000000
0.78861922025680541992187500000000
0.78672820329666137695312500000000
0.78482979536056518554687500000000
0.78292375802993774414062500000000
0.78101056814193725585937500000000
0.77908998727798461914062500000000
0.77716207504272460937500000000000
0.77522683143615722656250000000000
0.77328419685363769531250000000000
0.77133435010910034179687500000000
0.76937723159790039062500000000000
0.76741278171539306640625000000000
0.76544117927551269531250000000000
0.76346242427825927734375000000000
0.76147645711898803710937500000000
0.75948327779769897460937500000000
0.75748282670974731445312500000000
0.75547540187835693359375000000000
0.75346082448959350585937500000000
0.75143903493881225585937500000000
0.74941027164459228515625000000000
0.74737447500228881835937500000000
0.74533164501190185546875000000000
0.74328178167343139648437500000000
0.74122476577758789062500000000000
0.73916095495223999023437500000000
0.73709011077880859375000000000000
0.73501223325729370117187500000000
0.73292756080627441406250000000000
0.73083597421646118164062500000000
0.72873747348785400390625000000000
0.72663217782974243164062500000000
0.72451978921890258789062500000000
0.72240078449249267578125000000000
0.72027498483657836914062500000000
0.71814221143722534179687500000000
0.71600288152694702148437500000000
0.71385675668716430664062500000000
0.71170389652252197265625000000000
0.70954436063766479492187500000000
0.70737797021865844726562500000000
0.70520508289337158203125000000000
0.70302557945251464843750000000000
0.70083922147750854492187500000000
0.69864648580551147460937500000000
0.69644713401794433593750000000000
0.69424122571945190429687500000000
0.69202876091003417968750000000000
0.68980962038040161132812500000000
0.68758416175842285156250000000000
0.68535220623016357421875000000000
0.68311363458633422851562500000000
0.68086880445480346679687500000000
0.67861759662628173828125000000000
0.67635995149612426757812500000000
0.67409592866897583007812500000000
0.67182534933090209960937500000000
0.66954869031906127929687500000000
0.66726565361022949218750000000000
0.66497623920440673828125000000000
0.66268062591552734375000000000000
0.66037887334823608398437500000000
0.65807086229324340820312500000000
0.65575659275054931640625000000000
0.65343606472015380859375000000000
0.65110945701599121093750000000000
0.64877676963806152343750000000000
0.64643782377243041992187500000000
0.64409291744232177734375000000000
0.64174193143844604492187500000000
0.63938492536544799804687500000000
0.63702189922332763671875000000000
0.63465273380279541015625000000000
0.63227766752243041992187500000000
0.62989670038223266601562500000000
0.62750965356826782226562500000000
0.62511682510375976562500000000000
0.62271809577941894531250000000000
0.62031352519989013671875000000000
0.61790311336517333984375000000000
0.61548674106597900390625000000000
0.61306470632553100585937500000000
0.61063688993453979492187500000000
0.60820311307907104492187500000000
0.60576379299163818359375000000000
0.60331881046295166015625000000000
0.60086810588836669921875000000000
0.59841179847717285156250000000000
0.59594959020614624023437500000000
0.59348201751708984375000000000000
0.59100884199142456054687500000000
0.58852988481521606445312500000000
0.58604556322097778320312500000000
0.58355575799942016601562500000000
0.58106040954589843750000000000000
0.57855963706970214843750000000000
0.57605320215225219726562500000000
0.57354152202606201171875000000000
0.57102441787719726562500000000000
0.56850177049636840820312500000000
0.56597393751144409179687500000000
0.56344079971313476562500000000000
0.56090235710144042968750000000000
0.55835860967636108398437500000000
0.55580943822860717773437500000000
0.55325520038604736328125000000000
0.55069571733474731445312500000000
0.54813086986541748046875000000000
0.54556107521057128906250000000000
0.54298615455627441406250000000000
0.54040610790252685546875000000000
0.53782093524932861328125000000000
0.53523051738739013671875000000000
0.53263527154922485351562500000000
0.53003495931625366210937500000000
0.52742952108383178710937500000000
0.52481925487518310546875000000000
0.52220410108566284179687500000000
0.51958400011062622070312500000000
0.51695901155471801757812500000000
0.51432889699935913085937500000000
0.51169419288635253906250000000000
0.50905466079711914062500000000000
0.50641012191772460937500000000000
0.50376099348068237304687500000000
0.50110715627670288085937500000000
0.49844861030578613281250000000000
0.49578532576560974121093750000000
0.49311718344688415527343750000000
0.49044460058212280273437500000000
0.48776739835739135742187500000000
0.48508539795875549316406250000000
0.48239901661872863769531250000000
0.47970810532569885253906250000000
0.47701266407966613769531250000000
0.47431275248527526855468750000000
0.47160813212394714355468750000000
0.46889930963516235351562500000000
0.46618604660034179687500000000000
0.46346819400787353515625000000000
0.46074616909027099609375000000000
0.45801979303359985351562500000000
0.45528912544250488281250000000000
0.45255416631698608398437500000000
0.44981473684310913085937500000000
0.44707128405570983886718750000000
0.44432359933853149414062500000000
0.44157153367996215820312500000000
0.43881550431251525878906250000000
0.43605533242225646972656250000000
0.43329107761383056640625000000000
0.43052273988723754882812500000000
0.42775011062622070312500000000000
0.42497366666793823242187500000000
0.42219322919845581054687500000000
0.41940861940383911132812500000000
0.41662025451660156250000000000000
0.41382795572280883789062500000000
0.41103175282478332519531250000000
0.40823170542716979980468750000000
0.40542757511138916015625000000000
0.40261983871459960937500000000000
0.39980831742286682128906250000000
0.39699283242225646972656250000000
0.39417380094528198242187500000000
0.39135104417800903320312500000000
0.38852462172508239746093750000000
0.38569453358650207519531250000000
0.38286060094833374023437500000000
0.38002327084541320800781250000000
0.37718233466148376464843750000000
0.37433767318725585937500000000000
0.37148967385292053222656250000000
0.36863818764686584472656250000000
0.36578321456909179687500000000000
0.36292481422424316406250000000000
0.36006274819374084472656250000000
0.35719752311706542968750000000000
0.35432896018028259277343750000000
0.35145679116249084472656250000000
0.34858155250549316406250000000000
0.34570303559303283691406250000000
0.34282127022743225097656250000000
0.33993625640869140625000000000000
0.33704781532287597656250000000000
0.33415642380714416503906250000000
0.33126190304756164550781250000000
0.32836401462554931640625000000000
0.32546326518058776855468750000000
0.32255944609642028808593750000000
0.31965261697769165039062500000000
0.31674274802207946777343750000000
0.31382966041564941406250000000000
0.31091386079788208007812500000000
0.30799511075019836425781250000000
0.30507326126098632812500000000000
0.30214875936508178710937500000000
0.29922139644622802734375000000000
0.29629120230674743652343750000000
0.29335823655128479003906250000000
0.29042229056358337402343750000000
0.28748381137847900390625000000000
0.28454264998435974121093750000000
0.28159853816032409667968750000000
0.27865204215049743652343750000000
0.27570289373397827148437500000000
0.27275118231773376464843750000000
0.26979687809944152832031250000000
0.26683980226516723632812500000000
0.26388043165206909179687500000000
0.26091858744621276855468750000000
0.25795406103134155273437500000000
0.25498732924461364746093750000000
0.25201818346977233886718750000000
0.24904666841030120849609375000000
0.24607281386852264404296875000000
0.24309641122817993164062500000000
0.24011793732643127441406250000000
0.23713721334934234619140625000000
0.23415401577949523925781250000000
0.23116885125637054443359375000000
0.22818149626255035400390625000000
0.22519201040267944335937500000000
0.22220039367675781250000000000000
0.21920645236968994140625000000000
0.21621066331863403320312500000000
0.21321286261081695556640625000000
0.21021279692649841308593750000000
0.20721100270748138427734375000000
0.20420724153518676757812500000000
0.20120157301425933837890625000000
0.19819399714469909667968750000000
0.19518432021141052246093750000000
0.19217303395271301269531250000000
0.18915994465351104736328125000000
0.18614484369754791259765625000000
0.18312820792198181152343750000000
0.18010985851287841796875000000000
0.17708981037139892578125000000000
0.17406809329986572265625000000000
0.17104449868202209472656250000000
0.16801953315734863281250000000000
0.16499297320842742919921875000000
0.16196464002132415771484375000000
0.15893501043319702148437500000000
0.15590387582778930664062500000000
0.15287128090858459472656250000000
0.14983724057674407958984375000000
0.14680154621601104736328125000000
0.14376471936702728271484375000000
0.14072653651237487792968750000000
0.13768677413463592529296875000000
0.13464596867561340332031250000000
0.13160389661788940429687500000000
0.12856057286262512207031250000000
0.12551604211330413818359375000000
0.12247008830308914184570312500000
0.11942322552204132080078125000000
0.11637523025274276733398437500000
0.11332590878009796142578125000000
0.11027574539184570312500000000000
0.10722455382347106933593750000000
0.10417234897613525390625000000000
0.10111916065216064453125000000000
0.09806478768587112426757812500000
0.09500972181558609008789062500000
0.09195376187562942504882812500000
0.08889669924974441528320312500000
0.08583904057741165161132812500000
0.08278056234121322631835937500000
0.07972131669521331787109375000000
0.07666131108999252319335937500000
0.07360035181045532226562500000000
0.07053893059492111206054687500000
0.06747685372829437255859375000000
0.06441389769315719604492187500000
0.06135056912899017333984375000000
0.05828666687011718750000000000000
0.05522221326828002929687500000000
0.05215724185109138488769531250000
0.04909154027700424194335937500000
0.04602561146020889282226562500000
0.04295925423502922058105468750000
0.03989224880933761596679687500000
0.03682510927319526672363281250000
0.03375762328505516052246093750000
0.03068981692194938659667968750000
0.02762172184884548187255859375000
0.02455312758684158325195312500000
0.02148454263806343078613281250000
0.01841575279831886291503906250000
0.01534655224531888961791992187500
0.01227744575589895248413085937500
0.00920822285115718841552734375000
0.00613891379907727241516113281250
0.00306954700499773025512695312500
-0.00000008742277657347585773095489
