564.41
546.177
529.796
525.886
522.592
508.107
510.83
492.559
500.406
491.942
475.099
473.286
478.204
478.883
479.461
479.031
480.299
480.709
480.457
480.557
480.414
480.5
480.584
480.613
480.677
480.531
482.04
481.723
481.789
481.519
481.701
486.85
498.226
498.677
498.818
498.18
498.521
498.686
498.066
498.541
499.89
483.305
491.175
499.802
499.682
500.124
499.928
499.542
500.359
499.83
500.097
480.429
491.127
500.051
500.015
499.836
487.309
490.971
499.878
499.919
499.521
499.965
499.987
499.962
482.458
490.755
499.882
499.803
499.769
500.098
499.994
500.077
499.959
483.247
491.479
499.859
499.854
483.356
490.742
499.675
499.771
499.849
499.773
499.545
499.842
497.978
489.714
499.596
499.473
499.195
490.63
499.64
499.529
499.693
499.673
499.695
482.65
490.366
482.316
481.694
