5.99504
5.92899
5.90587
5.93591
5.9011
5.93781
5.90515
5.9092
5.898
5.95713
5.90682
5.91397
5.89895
5.94497
5.89895
5.93209
5.92089
5.98788
5.90491
5.94115
5.89204
5.88989
5.93495
5.92709
5.91087
5.92589
5.93305
5.9309
5.93591
5.90301
5.91111
5.94997
5.91302
5.99194
5.89609
5.93019
5.92613
5.93996
5.93185
5.90897
5.99098
5.92709
5.93615
5.95689
5.92494
5.90491
5.93805
5.92089
5.91803
5.91683
5.95212
5.934
5.94306
5.92184
5.90897
5.93495
5.91898
5.95188
5.89609
5.9309
5.94187
5.91302
5.95307
5.92613
5.89395
5.89585
5.94401
5.91302
5.91898
5.90301
5.89609
5.93495
5.95498
5.90682
5.94497
5.91111
5.89895
5.94282
5.92709
5.88512
5.93495
5.95093
5.91087
5.91803
5.90897
5.95188
5.89013
5.91016
5.95212
5.95093
5.90801
5.91087
5.934
5.92399
5.92113
5.89299
5.95999
5.90491
5.94091
5.92208
5.92089
5.93805
5.94783
5.89395
5.97
5.92804
5.95784
5.91993
5.92899
5.88012
5.90992
5.93495
5.90396
5.98502
5.95999
5.95093
5.92399
5.90897
5.93209
5.93495
5.92899
5.90706
5.90801
5.91707
5.92113
5.90682
5.92208
5.90801
5.91183
5.8949
5.93615
5.92303
5.91493
5.89204
5.90587
5.93615
5.89108
5.89299
5.90587
5.90014
5.91493
5.91898
5.91278
5.90205
5.88703
5.88799
5.8949
5.93495
5.92113
5.934
5.94497
5.90801
5.92208
5.92685
5.90706
5.90491
5.92208
5.92017
5.94187
5.92303
5.92995
5.91493
5.91612
5.93519
5.92208
5.93209
5.91612
5.93996
5.898
5.91516
5.90301
5.90301
5.93495
5.90301
5.90801
5.91183
5.92995
5.9011
5.92399
5.90205
5.97095
5.94401
5.91111
5.89418
5.93901
5.93615
5.91516
5.91087
5.91302
5.93686
5.90205
5.95188
5.934
5.91993
5.92208
5.92589
5.94401
5.93996
5.89991
5.92399
5.93591
5.93209
5.92184
5.93615
5.93209
5.898
5.90706
5.90897
5.934
5.90205
5.89395
5.92399
5.96714
5.91183
5.92613
5.94497
5.90396
5.92208
5.90301
5.90706
5.92589
5.91302
5.90992
5.92709
5.95117
5.92184
5.94306
5.89395
5.89705
5.93305
5.94997
5.90014
5.89514
5.8918
5.91516
5.89299
5.89705
5.91183
5.95403
5.92995
5.91612
5.92208
5.898
5.97286
5.94807
5.95689
5.89395
5.89204
5.92399
6.09899
5.90992
5.90992
5.92899
5.94902
5.93281
5.90897
5.92995
5.93615
5.90205
5.93305
5.90801
5.90992
5.96905
5.91397
5.90205
5.89705
5.91898
5.96714
5.94401
5.93019
5.91111
5.91993
5.90181
5.91111
5.90587
5.9309
5.91612
5.93519
5.92208
5.91683
5.95212
5.8949
5.90897
5.89895
5.90491
5.92995
5.9011
5.88298
5.90611
5.89991
5.89299
5.92303
5.95212
5.92589
5.92589
5.90205
5.88799
5.88608
5.90491
5.91516
5.95713
5.94401
5.92709
5.89705
5.94115
5.93305
5.93305
5.92589
5.89991
5.90611
5.93114
5.89299
5.94616
5.91421
5.90515
5.94211
5.91207
5.90205
5.8949
5.92899
5.92303
5.89991
5.89585
5.92804
5.89895
5.92589
5.92113
5.90801
5.92494
5.91397
5.91803
5.96285
5.92208
5.90801
5.91707
5.88799
5.934
5.95284
5.92399
5.92709
5.9092
5.89609
5.92184
5.93495
5.91993
5.92399
5.9011
5.92494
5.90897
5.93281
5.90611
5.94401
5.93209
5.89895
5.96094
5.92589
5.90706
5.98192
5.93686
5.95093
5.91397
5.87702
5.94902
5.87487
5.92208
5.91898
5.88512
5.90706
5.93996
5.91898
5.89299
5.88799
5.92589
5.89991
5.89705
5.97405
5.91397
5.9092
5.92709
5.95784
5.92899
5.90801
5.93996
5.92995
5.89705
5.90491
5.94306
5.88799
5.91016
5.9402
5.94401
5.89514
5.91016
5.95307
5.91087
5.90515
5.97906
5.92589
5.92017
5.88512
5.93019
5.92589
5.93805
5.89585
5.91803
5.9309
5.92399
5.94711
5.93996
5.93901
5.91898
5.91111
5.92208
5.91993
5.93185
5.89514
5.93901
5.92303
5.90396
5.91397
5.93996
5.98001
5.9011
5.92518
5.91993
5.90682
5.92613
5.94115
5.96118
5.91111
5.88703
5.92399
5.94401
5.92303
5.9309
5.94306
5.91588
5.90396
5.93901
5.90491
5.898
5.97
5.91421
5.94115
5.94592
5.8949
5.91707
5.92303
5.92494
5.9309
5.91111
5.88179
5.93805
5.92685
5.89514
5.96118
5.94616
5.9278
5.9011
5.91493
5.91993
5.88703
5.9092
5.91397
5.91302
5.90706
5.93901
5.89895
5.87893
5.91588
5.90611
5.94282
5.89705
5.9278
5.91111
5.94997
5.90181
5.92017
5.94306
5.94497
5.93019
5.90014
5.95784
5.93305
5.92804
5.87416
5.898
5.97382
5.90801
5.93305
5.90396
5.92589
5.92089
5.9309
5.91207
5.95689
5.93114
5.9371
5.90301
5.92399
