7.406
7.39312
7.39193
7.39002
7.40504
7.38311
7.37906
7.40504
7.38287
7.38502
7.37715
7.38692
7.39121
7.38907
7.39408
7.38907
7.39217
7.38502
7.38215
7.39503
7.38716
7.38311
7.38907
7.4029
7.39312
7.37
7.38192
7.38907
7.39312
7.37286
7.40886
7.38502
7.39193
7.39503
7.37906
7.39598
7.36189
7.38287
7.39884
7.38502
7.3781
7.38215
7.39098
7.38716
7.38001
7.38096
7.38311
7.37882
7.38096
7.38096
7.39813
7.38716
7.37715
7.3781
7.38811
7.38406
7.38907
7.38907
7.38811
7.38907
7.38406
7.38406
7.38788
7.375
7.38311
7.39002
7.38001
7.37882
7.38192
7.39479
7.38811
7.38502
7.39288
7.38597
7.39002
7.3812
7.36499
7.38382
7.38215
7.38978
7.37596
7.38788
7.38597
7.3781
7.4048
7.38096
7.39312
7.41005
7.39503
7.38287
7.38692
7.41291
7.40409
7.38716
7.38311
7.38001
7.37596
7.38788
7.39694
7.38001
7.3781
7.38811
7.39789
7.39408
7.38001
7.3781
7.37906
7.38311
7.38406
7.38692
7.3688
7.37882
7.37309
7.37119
7.4029
7.38001
7.39312
7.39408
7.38502
7.40695
7.38192
7.39002
7.38692
7.37906
7.38096
7.39121
7.39884
7.37596
7.39384
7.38502
7.38788
7.38692
7.3781
7.40218
7.38311
7.38692
7.3781
7.38907
7.39503
7.37095
7.39384
7.37
7.40004
7.3781
7.37619
7.38883
7.38192
7.40099
7.3719
7.38502
7.38788
7.39598
7.39908
7.39288
7.3781
7.37882
7.38883
7.41696
7.38001
7.40886
7.39312
7.39503
7.39503
7.37906
7.37596
7.38502
7.37309
7.3812
7.38096
7.39288
7.37619
7.38597
7.38907
7.37596
7.39098
7.36809
7.39002
7.38883
7.37405
7.37786
7.39098
7.39193
7.38406
7.39098
7.38096
7.38811
7.39503
7.37691
7.37906
7.38597
7.37596
7.39002
7.38597
7.37
7.38192
7.39288
7.39503
7.39002
7.39503
7.38001
7.38597
7.39312
7.38001
7.38907
7.36785
7.38692
7.37691
7.38215
7.38192
7.37619
7.39694
7.38597
7.37691
7.3812
7.37691
7.37596
7.39789
7.37405
7.38502
7.39503
7.39503
7.39598
7.40314
7.38716
7.38406
7.38215
7.38907
7.40409
7.38597
7.39598
7.37691
7.38001
7.38883
7.38811
7.3781
7.38716
7.39598
7.38788
7.38907
7.38811
7.37596
7.3781
7.38502
7.38597
7.3812
7.36809
7.39694
7.37095
7.38096
7.38907
7.39908
7.37906
7.40218
7.40004
7.39813
7.39813
7.37596
7.38907
7.38597
7.39598
7.37596
7.3781
7.39121
7.40409
7.38311
7.40004
7.37405
7.37596
7.39098
7.40218
7.39098
7.37309
7.38502
7.38311
7.37405
7.39503
7.38788
7.375
7.39217
7.38883
7.38001
7.38001
7.37715
7.39312
7.39503
7.39312
7.37715
7.38406
7.39121
7.38811
7.39312
7.37715
7.37715
7.38001
7.39288
7.37596
7.37715
7.38215
7.3719
7.39408
7.3781
7.38406
7.3719
7.37786
7.38597
7.38788
7.38192
7.38883
7.38502
7.38811
7.37691
7.39193
7.38096
7.38883
7.38502
7.37596
7.39121
7.38811
7.38883
7.40004
7.38907
7.38716
7.40385
7.39098
7.36809
7.37691
7.39503
7.40099
7.39193
7.39384
7.38788
7.3781
7.38311
7.38907
7.39694
7.39598
7.38811
7.39384
7.39598
7.39002
7.39002
7.40099
7.38406
7.38502
7.38502
7.38001
7.39598
7.38001
7.38192
7.38192
7.39408
7.39312
7.39002
7.38215
7.39098
7.39717
7.38811
7.3812
7.39598
7.39288
7.38692
7.37596
7.39217
7.39002
7.39384
7.3719
7.37286
7.4029
7.38406
7.37715
7.41506
7.38716
7.40695
7.38001
7.39193
7.38406
7.37691
7.38096
7.4029
7.38406
7.38502
7.375
7.39503
7.38215
7.39503
7.38788
7.39217
7.38502
7.37405
7.37906
7.38287
7.37286
7.39312
7.40004
7.36809
7.38597
7.39002
7.38311
7.40314
7.39598
7.39789
7.38907
7.38597
7.37786
7.4029
7.40504
7.38287
7.38883
7.38907
7.38716
7.41196
7.39002
7.38192
7.39408
7.38311
7.38096
7.38311
7.39098
7.39503
7.39002
7.38192
7.40504
7.38096
7.38311
7.38811
7.37596
7.38311
7.406
7.38788
7.39002
7.39193
7.38502
7.37596
7.38406
7.39598
7.38502
7.375
7.37906
7.39002
7.38597
7.39098
7.37214
7.38287
7.39193
7.38597
7.38215
7.38907
7.39098
7.38406
7.38692
7.37906
7.39002
7.39312
7.37405
7.38692
7.37596
7.38502
7.38502
7.38096
7.39002
7.39288
7.39193
7.37906
7.37906
7.38096
7.37596
7.38692
7.38001
7.375
7.38597
7.38382
7.37095
7.37882
7.39908
7.38597
7.38597
7.39622
7.39813
7.38406
7.38406
7.38716
7.38215
7.39312
7.38311
7.37596
7.38406
7.38478
7.38502
7.37405
7.40194
7.38096
7.37715
7.39217
7.39694
7.39002
7.39098
7.39193
7.37309
7.38311
7.40814
7.38096
7.39098
7.37596
7.37906
7.39312
7.38406
7.38788
7.37596
7.39098
7.39503
7.39694
7.37405
7.38907
7.38096
7.40409
7.39193
7.37715
7.41005
7.39098
7.39884
7.38096
7.37
7.39908
7.38597
7.40004
7.38311
7.38382
7.40004
7.39288
7.38096
7.38001
7.39288
7.38311
7.38096
7.39193
7.38811
7.39217
7.38502
7.39193
7.38502
7.3781
7.37691
7.37214
7.37906
7.38311
7.37691
7.375
7.38692
7.39408
7.39789
7.38502
7.3812
7.38215
7.39288
7.39098
7.40099
7.39312
7.38597
7.39717
7.39408
7.39098
7.38692
7.38287
7.39002
7.37715
7.3669
7.39503
7.3719
7.39598
7.39193
7.39002
7.39384
7.38788
7.38096
7.38597
7.38382
7.37691
7.38907
7.38287
7.39098
7.37906
7.37214
7.39002
7.38788
7.39384
7.38096
7.40099
7.39908
7.39002
7.3669
7.37882
7.37596
7.40004
7.39193
7.3812
7.3719
7.40814
7.38716
7.39002
7.37381
7.39002
7.38406
7.38597
7.36594
7.3638
7.37906
7.40099
7.39098
7.38502
7.3719
7.38287
7.37596
7.37405
7.4029
7.38716
7.39598
7.38192
7.375
7.36904
7.37691
7.40004
7.39193
7.39503
7.39598
7.38192
7.37691
7.3719
7.37882
7.37906
7.375
7.38788
7.39098
7.40194
7.37286
7.37596
7.4029
7.39002
7.39217
7.40099
7.38192
7.38811
7.39789
7.37596
7.39121
7.38502
7.38811
7.38502
7.37596
7.38311
7.41601
7.38192
7.38907
7.39193
7.39098
7.38192
7.39408
7.37906
7.38001
7.37786
7.39384
7.3781
7.40099
7.38716
7.38406
7.39908
7.39288
7.38382
7.38811
7.38287
7.38788
7.39098
7.38811
7.38311
7.38382
7.40004
7.39717
7.37906
7.39002
7.36594
7.36809
7.38716
7.39193
7.38311
7.39312
7.39193
7.38502
7.39789
7.38382
7.39598
7.38907
7.39002
7.38502
7.39098
7.38096
7.37309
7.38406
7.39002
7.39288
7.38311
7.3812
7.39098
7.4029
7.375
7.40314
7.37906
7.39002
7.40314
7.39908
7.39408
7.38287
7.38001
7.39813
7.39598
7.38597
7.39098
7.39288
7.38192
7.375
7.38001
7.406
7.40194
7.38192
7.39193
7.38096
7.40504
7.38192
7.39694
7.38311
7.38406
7.39002
7.39002
7.38692
7.38406
7.38311
7.39312
7.39503
7.38382
7.375
7.38597
7.40099
7.38287
7.39098
7.38597
7.40695
7.38001
7.39098
7.37786
7.39002
7.37786
7.375
7.38788
7.38406
7.39813
7.37715
7.39193
7.38192
7.38192
7.39813
7.39384
7.39503
7.38621
7.39193
7.38692
7.39193
7.3781
7.39503
7.39789
7.39598
7.375
7.38096
7.40099
7.38811
7.39193
7.39694
7.39288
7.38716
7.38907
7.39002
7.36618
7.39408
7.38502
7.39098
7.38001
7.38978
7.38406
7.37786
7.38788
7.39288
7.37596
7.37309
7.38716
7.38406
7.38907
7.38287
7.40004
7.37405
7.39408
7.39384
7.36594
7.4029
7.40004
7.38001
7.38692
7.38287
7.38192
7.38597
7.37381
7.38001
7.4029
7.37381
7.38907
7.38192
7.40218
7.37906
7.39408
7.38311
7.38406
7.38692
7.38597
7.37
7.38382
7.39193
7.37906
7.39408
7.38406
7.39312
7.37906
7.39098
7.38096
7.38883
7.37405
7.40504
7.37906
7.38597
7.38096
7.38597
7.40004
7.39098
7.38907
7.39193
7.3781
7.38311
7.39717
7.39193
7.38001
7.37596
7.39193
7.38907
7.375
7.37882
7.38502
7.38692
7.39408
7.38597
7.38692
7.38692
7.38907
7.39193
7.38311
7.38311
7.38597
7.37786
7.39503
7.37906
7.38478
7.38692
7.38788
7.38192
7.40099
7.3781
7.38096
7.40314
7.41005
7.38096
7.38001
7.39217
7.38406
7.38811
7.38716
7.41005
7.39217
7.38692
7.37691
7.38287
7.37906
7.38502
7.39479
7.38692
7.38788
7.3719
7.38788
7.38883
7.38502
7.37786
7.406
7.39694
7.38907
7.38001
7.38096
7.37405
7.40385
7.39288
7.38406
7.39312
7.38502
7.39002
7.38406
7.38502
7.39408
7.37095
7.39717
7.39479
7.37619
7.37715
7.39098
7.40409
7.38502
7.39598
7.37596
7.38096
7.40004
7.38907
7.38692
7.37906
7.38406
7.38788
7.38287
7.38621
7.39002
7.37691
7.38287
7.38096
7.39217
7.38311
7.38788
7.38096
7.38907
7.37906
7.39503
7.37381
7.37596
7.37906
7.39503
7.39002
7.37309
7.39098
7.37691
7.38192
7.38096
7.39002
7.38096
7.37882
7.39002
7.375
7.38192
7.39813
7.38597
7.38192
7.39908
7.41291
7.38287
7.38788
7.37691
7.40218
7.39002
7.37095
7.39217
7.40218
7.38287
7.39098
7.38382
7.39598
7.38597
7.375
7.40004
7.39789
7.38597
7.375
7.38788
7.38311
7.38096
7.39193
7.37119
7.39694
7.37715
7.39312
7.37691
7.38192
7.39312
7.38811
7.38406
7.38502
7.39717
7.38001
7.40194
7.38978
7.38001
7.39503
7.38096
7.38978
