20.0801
11.8558
11.94
11.919
11.991
11.8389
11.8849
11.9259
11.332
7.31397
7.21788
7.17902
7.16901
7.17807
7.2279
7.14612
7.18999
7.18999
7.22003
7.22194
7.16805
7.21502
7.20096
7.17592
7.18212
7.2279
7.21097
7.21598
7.16686
7.21717
7.15089
7.17497
7.1702
7.23886
7.1609
7.23481
7.21502
6.79088
6.72698
6.71506
6.72007
6.74009
6.74009
6.7389
6.75392
6.79111
6.82712
6.82902
6.80804
6.82187
6.85906
6.82497
6.85096
6.81996
6.83284
6.83284
6.80995
6.75297
6.77299
6.75201
6.75702
6.72913
6.75893
6.75702
6.74796
6.77705
6.75511
6.742
6.73795
6.742
6.77013
6.74295
6.75297
6.73795
6.73819
6.74796
6.73699
6.79207
6.73604
6.73413
6.74891
6.74605
6.71697
6.742
6.77013
6.73103
6.74796
6.71887
6.73985
6.7358
6.74987
6.74486
6.73294
6.7451
6.72698
6.73318
6.73699
6.73008
6.74105
6.74582
6.73199
6.74009
6.75988
6.74987
6.72793
6.76799
6.73318
6.74295
6.73795
6.75106
6.74486
6.7668
6.7699
6.74081
6.7358
6.74391
6.75082
6.72483
6.72483
6.72793
6.72317
6.76584
6.74295
6.75607
6.75297
6.73199
6.742
6.72603
6.72913
6.73389
6.73604
6.75511
6.75416
6.72293
6.73795
6.76799
6.76703
6.72483
6.75893
6.71697
6.72507
6.74391
6.73604
6.72317
6.74891
6.75392
6.75416
6.71506
6.76298
6.72889
6.74915
6.72793
6.76417
6.74891
6.73389
6.73914
6.74796
6.72197
6.75511
6.7699
6.74987
6.72603
6.75392
6.7389
6.73604
6.76417
6.91104
6.95109
7.03692
7.02786
7.0219
7.06506
7.08103
7.07102
7.01284
7.03907
7.03502
6.9859
6.96683
6.96898
6.9921
6.92391
6.95992
7.00212
6.96301
6.95395
6.96492
6.95705
6.93417
6.89197
6.89411
6.91509
6.89292
6.91104
6.87885
6.91986
6.87218
6.8419
6.9139
6.90103
6.89292
6.8841
6.91605
6.82592
6.80995
6.814
6.84094
6.81305
6.83308
6.80685
6.809
6.77204
6.82306
6.81996
6.81186
6.77013
6.75797
6.74582
6.75178
6.74701
6.76608
6.76107
6.73795
6.74295
6.75297
6.74605
6.74415
6.74415
6.75797
6.74701
6.75607
6.73509
6.7451
6.75201
6.76107
6.75893
6.72507
6.72388
6.74891
6.71887
6.73699
6.72197
6.75297
6.72984
6.74915
6.76203
6.75917
6.78205
6.73199
6.76298
6.74295
6.76894
6.75201
6.70815
6.76203
6.76799
6.80709
6.84404
6.7842
6.82211
6.78802
6.74915
6.73604
6.75797
6.72793
6.76417
6.74295
6.73604
6.72889
6.74081
6.72984
6.74105
6.72007
6.74701
6.73699
6.7389
6.75082
6.72603
6.73079
6.75297
6.74009
6.76703
6.72507
6.74009
6.74105
6.7451
6.73103
6.72007
6.74415
6.74391
6.73985
6.76179
6.72698
6.75511
6.74987
6.68097
6.7451
6.73795
6.74796
6.74701
6.73699
6.73604
6.75607
6.75702
6.72913
6.76298
6.7451
6.742
6.7451
6.72817
6.7451
6.80494
6.82807
6.80709
6.80399
6.85096
6.82116
6.8419
6.83713
6.8121
6.82998
6.81901
6.86288
6.94799
6.93202
6.89888
6.94489
6.89507
6.8891
6.88815
6.93607
6.90413
6.92606
6.89793
6.90103
6.92511
6.90603
6.90508
6.90198
6.9108
6.92201
6.91605
6.92797
6.90508
6.90699
6.91795
6.90293
6.89602
6.91199
6.89507
6.91199
6.86812
6.82592
6.81901
6.79803
6.80995
6.82592
6.82402
6.84309
6.81615
6.82592
6.79612
6.82807
6.82998
6.73699
6.742
6.742
6.73699
6.73199
6.74796
6.76394
6.73699
6.74391
6.73914
6.72889
6.74796
6.73318
6.7389
6.7451
6.72698
6.72889
6.742
6.73008
6.74009
6.76894
6.74009
6.73318
6.72698
6.73914
6.74486
6.742
6.7451
6.7389
6.73485
6.74415
6.71816
6.75488
6.72102
6.71911
6.73294
6.74701
6.78301
6.7699
6.76394
6.76513
6.74605
6.7451
6.76799
6.73008
6.73413
6.778
6.70791
6.73604
6.76298
6.72793
6.74605
6.73199
6.72293
6.73795
6.7451
6.76203
6.73294
6.75583
6.76799
6.73389
6.75702
6.76298
6.82402
6.81496
6.82092
6.83403
6.8059
6.84309
6.8171
6.80804
6.85
6.81019
6.81305
6.84595
6.81114
6.82902
6.82306
6.79517
6.83403
6.89197
6.90699
6.86216
6.9139
6.86097
6.86812
6.881
6.89912
6.90699
6.90818
6.84905
6.90007
6.81901
6.83379
6.82878
6.84285
6.84094
6.81019
6.82688
6.82092
6.84786
6.8078
6.814
6.8109
6.845
6.80709
6.80804
6.87695
6.89101
6.89006
6.86193
6.87695
6.89507
6.87718
6.89006
6.917
6.88505
6.88696
6.89793
6.88791
6.9201
6.93202
6.91891
6.91485
6.83498
6.83808
6.82211
6.84595
6.89387
6.90913
6.91795
6.90913
6.89292
6.90699
6.90103
6.91319
6.90484
6.90794
6.89816
6.89292
6.90889
6.92511
6.92105
6.90103
6.92797
6.84404
6.81591
6.82783
6.82497
6.79612
6.82712
6.814
6.83594
6.79183
6.83689
6.78015
6.77609
6.77609
6.73103
6.73914
6.71601
6.74391
6.74796
6.75583
6.75797
6.76012
6.73604
6.75201
6.76084
6.75511
6.74319
6.75297
6.75106
6.75797
6.75893
6.76584
6.74582
6.74081
6.74391
6.76513
6.73604
6.7451
6.72412
6.74891
6.75106
6.74391
6.742
6.75011
6.75106
6.7451
6.74415
6.73795
6.75201
6.778
6.78205
6.76608
6.72483
6.77085
6.7451
6.76203
6.7451
6.73795
6.73604
6.72793
6.73699
6.73985
6.74701
6.75201
6.73413
6.71911
6.75702
6.76012
6.7389
6.73294
6.74605
6.73604
6.72913
6.71697
6.75106
6.73985
6.70791
6.75106
6.74915
6.75607
6.73795
6.73795
6.75893
6.72197
6.7811
6.73914
6.73509
6.73103
6.73795
6.74605
6.72412
6.74701
6.74701
6.742
6.82592
6.81996
6.83308
6.82306
6.83308
6.82998
6.92606
6.88505
6.88815
6.90007
6.91104
6.88791
6.90699
6.91605
6.85596
6.88505
6.89197
6.8891
6.88696
6.85406
6.89101
6.89101
6.90293
6.83308
6.90794
6.89602
6.89292
6.86097
6.91009
6.8891
6.8891
6.89006
6.88505
6.91605
6.88195
6.92487
6.90699
6.88696
6.91104
6.89411
6.89197
6.90317
6.86193
6.91891
6.89411
6.87909
6.88291
6.88004
6.89602
6.845
6.90508
6.89006
6.89816
6.87313
6.90603
6.8841
6.87909
6.88386
6.88291
6.89602
6.87599
6.80995
6.82116
6.81496
6.81615
6.80995
6.81591
6.8202
6.81281
6.79898
6.82688
6.8078
6.83308
6.79898
6.84309
6.82616
6.83904
6.83784
6.83498
6.77299
6.80304
6.814
6.7699
6.74295
6.76298
6.75201
6.74582
6.73389
6.75178
6.74987
6.75702
6.77586
6.76394
6.73914
6.73914
6.75607
6.742
6.77514
6.77609
6.75011
6.76298
6.75011
6.76203
6.73795
6.72913
6.75011
6.76799
6.74701
6.74582
6.72197
6.74105
6.73509
6.73103
6.75297
6.75297
6.72197
6.75511
6.73103
6.76012
6.77109
6.74486
6.76012
6.73509
6.75416
6.71911
6.75797
6.72913
6.75297
6.73008
6.73604
6.70815
6.75797
6.73008
6.74701
6.74796
6.74009
6.73389
6.74105
6.73604
6.77204
6.73008
6.75797
6.75607
6.73699
6.77395
6.81281
6.81496
6.84404
6.80494
6.80995
6.8059
6.809
6.79302
6.81114
6.81901
6.81901
6.82497
6.81996
6.8531
6.809
6.88386
6.92201
6.89101
6.87194
6.90699
6.91605
6.9201
6.90794
6.95515
7.00808
6.95086
6.99091
6.95205
6.95801
6.99592
7.00307
7.00116
6.93703
6.93202
6.96111
6.85501
6.88887
6.90389
6.87313
6.91605
6.90508
6.80804
6.79994
6.81496
6.83594
6.82592
6.81901
6.83403
6.81806
6.85191
6.86002
6.8419
6.814
6.75011
6.76012
6.78897
6.83212
6.82402
6.85906
6.82616
6.85906
6.82402
6.81996
6.81806
6.8109
6.80709
6.83308
6.81901
6.85906
6.81806
6.809
6.81591
6.81019
6.83093
6.82902
6.82592
6.80804
6.79803
6.78682
6.80304
6.83498
6.83093
6.81186
6.8109
6.81019
6.81996
6.79207
6.83999
6.80494
6.80399
6.83594
6.83904
6.83904
6.814
6.81591
6.80399
6.82497
6.83808
6.81496
6.81591
6.81114
6.81496
6.8028
6.79684
6.82688
6.80399
6.80685
6.74701
6.809
6.73199
6.73795
6.73699
6.73604
6.76703
6.73795
6.74891
6.74701
6.76823
6.74987
6.75702
6.72889
6.73914
6.73413
6.75392
6.74081
6.75988
6.74796
6.83403
6.8121
6.84309
6.82902
6.83808
6.83308
6.82497
6.83594
6.81496
6.82092
6.82402
6.81114
6.72817
6.74009
6.7699
6.69885
6.73008
6.77299
6.72793
6.72817
6.73795
6.73604
6.74081
6.74891
6.73819
6.73485
6.74701
6.80804
6.80304
6.845
6.81496
6.79898
6.85406
6.89483
6.90389
6.8512
6.86407
6.91295
6.89602
6.89292
6.89888
6.89006
6.93297
6.97899
6.95205
6.9921
7.01308
7.01714
6.99782
6.99306
6.99592
6.94895
6.95109
6.94799
6.99019
6.99401
6.86002
6.89483
6.89983
6.90985
6.91581
6.91605
6.86789
6.89292
6.87718
6.83713
6.83188
6.82688
6.78205
6.80017
6.82187
6.80995
6.80113
6.79612
6.80208
6.83403
6.78992
6.72984
6.75416
6.7451
6.74415
6.73294
6.73294
6.75511
6.7451
6.74987
6.73985
6.74295
6.70314
6.75201
6.74915
6.77204
6.77395
6.83093
6.8109
6.82783
6.81186
6.83594
6.77609
6.84595
6.82116
6.83498
6.8481
6.82712
6.81186
6.82282
6.87194
6.89411
6.89507
6.92105
6.90007
6.92201
6.9139
6.845
6.86693
6.89101
6.84881
6.89197
6.86312
6.80709
6.81305
6.809
6.81806
6.83403
6.80399
6.79493
