16.768
16.3269
16.32
16.3231
16.324
16.3221
16.3171
16.34
16.3181
16.34
16.3391
16.326
16.3209
16.325
16.3181
16.3269
16.3391
16.3288
16.3288
16.33
16.324
16.3262
16.3341
16.32
16.3362
16.3221
16.326
16.3121
16.341
16.3262
16.3288
16.3362
16.325
16.3209
16.3262
16.3331
16.3181
16.3379
16.345
16.3102
16.346
16.3422
16.3341
16.335
16.3279
16.3341
16.346
16.319
16.331
16.3329
16.3271
16.3221
16.346
16.326
16.336
16.3281
16.325
16.3188
16.3262
16.3231
16.319
16.33
16.3441
16.3281
16.3221
16.3431
16.3171
16.3128
16.3379
16.34
16.3391
16.3181
16.3271
16.3281
16.331
16.3341
16.3271
16.3202
16.3231
16.3219
16.3219
16.3369
16.3369
16.331
16.32
16.335
16.3419
16.341
16.3269
16.3221
16.3341
16.3281
16.3169
16.346
16.3372
16.3321
16.325
16.3291
16.3181
16.319
16.3219
16.3338
16.33
16.3379
16.325
16.3212
16.3178
16.3219
16.33
16.3369
16.3469
16.3231
16.3119
16.341
16.3412
16.331
16.335
16.305
16.3338
16.336
16.3209
16.325
16.3269
16.32
16.3372
16.336
16.3481
16.3131
16.33
16.3381
16.3331
16.3379
16.34
16.3231
16.34
16.3391
16.324
16.35
16.331
16.3331
16.3291
16.3329
16.3419
16.3269
16.331
16.33
16.3431
16.331
16.3419
16.33
16.3219
16.33
16.335
16.325
16.319
16.324
16.3331
16.3171
16.3331
16.3181
16.341
16.3162
16.3131
16.315
16.326
16.33
16.3181
16.3441
16.3329
16.3291
16.33
16.326
16.33
16.346
16.331
16.3291
16.3219
16.346
16.324
16.3381
16.3291
16.32
16.3341
16.3291
16.319
16.325
16.3319
16.3152
16.3271
16.3281
16.351
16.3271
16.345
16.3279
16.3281
16.331
16.3291
16.319
16.3319
16.3219
16.3331
16.3269
16.3269
16.3269
16.324
16.3269
16.331
16.3279
16.315
16.3312
16.3279
16.3269
16.3331
16.325
16.3219
16.3219
16.33
16.3178
16.3159
16.324
16.3271
16.325
16.3169
16.346
16.3319
16.3448
16.3419
16.3231
16.326
16.3279
16.319
16.3219
16.3169
16.3088
16.3219
16.3231
16.32
16.3238
16.3281
16.325
16.326
16.3372
16.3321
16.3171
16.34
16.3319
16.33
16.3319
16.32
16.3381
16.3379
16.3181
16.33
16.3119
16.3209
16.336
16.325
16.3441
16.326
16.3229
16.3131
16.33
16.326
16.315
16.3281
16.3379
16.3269
16.32
16.326
16.3262
16.326
16.324
16.319
16.3269
16.3131
16.3209
16.326
16.319
16.325
16.3379
16.3219
16.3519
16.3291
16.3281
16.3262
16.315
16.325
16.3069
16.3369
16.336
16.3221
16.325
16.3231
16.319
16.3181
16.3221
16.3178
16.3319
16.33
16.3269
16.3221
16.3121
16.3219
16.3231
16.3381
16.32
16.3209
16.335
16.315
16.3319
16.3219
16.331
16.309
16.3331
16.355
16.3269
16.3219
16.3231
16.33
16.3319
16.3269
16.32
16.325
16.3281
16.3219
16.33
16.3188
16.325
16.3169
16.331
16.32
16.3262
16.3372
16.3331
16.3469
16.3291
16.3159
16.3229
16.3219
16.33
16.3291
16.3229
16.31
16.3231
16.3181
16.34
16.3329
16.3271
16.3369
16.3279
16.325
16.3319
16.3219
16.326
16.315
16.3279
16.3391
16.336
16.324
16.3291
16.346
16.341
16.319
16.3169
16.3219
16.33
16.319
16.3369
16.325
16.324
16.33
16.32
16.35
16.325
16.3269
16.3319
16.3288
16.324
16.3162
16.324
16.3231
16.3231
16.336
16.33
16.3069
16.3319
16.3369
16.32
16.3281
16.325
16.3391
16.3321
16.3159
16.314
16.3329
16.346
16.325
16.3162
16.3181
16.315
16.3479
16.335
16.3269
16.324
16.335
16.3429
16.3279
16.341
16.3341
16.331
16.325
16.3331
16.3271
16.326
16.319
16.3269
16.3391
16.3288
16.341
16.3231
16.335
16.3269
16.3429
16.33
16.3441
16.325
16.3279
16.3269
16.325
16.3321
16.3271
16.32
16.356
16.3238
16.3321
16.331
16.3291
16.3319
16.3341
16.3379
16.331
16.3131
16.33
16.3281
16.3209
16.3329
16.3441
16.3219
16.3279
16.3331
16.331
16.3181
16.3181
16.324
16.3131
16.3331
16.319
16.3271
16.345
16.3209
16.3181
16.32
16.324
16.33
16.3369
16.3319
16.33
16.3209
16.326
16.3312
16.326
16.325
16.32
16.3212
16.324
16.3341
16.326
16.33
16.32
16.3209
16.3331
16.3291
16.3312
16.3341
16.3362
16.3209
16.3419
16.3338
16.326
16.3271
16.324
16.335
16.33
16.3391
16.3281
16.3171
16.3281
16.33
16.3281
16.3209
