4167935895
16910920
10853926
6193690
6262800
4628336
3201678
3237404
3273528
3310060
2698596
1692170
1711056
1730148
1749456
1768976
1788716
1808676
1828862
1849266
1035698
945386
955932
966600
977388
988296
999322
1010472
1021750
1033154
1044678
1056338
1068126
1080042
1092096
1104282
857876
564532
570832
577202
583646
590154
596742
603402
610132
616942
623824
630786
637830
644944
652142
659416
666776
674220
681738
689348
697042
704816
712682
720640
728676
736808
544124
376670
380876
385126
389424
393768
398164
402604
407098
411640
416238
420878
425576
430326
435126
439982
444896
449854
454876
459956
465084
470274
475524
480828
486194
491622
497106
502652
508256
513938
519668
525466
531336
537252
543258
549322
555444
2
