7.87592
7.66492
7.80797
7.58791
7.49302
7.76696
7.48801
7.44414
7.61914
7.5829
7.68709
7.55692
7.59482
7.42102
7.43389
7.81488
7.46799
7.54499
7.5829
7.60508
7.72619
7.64799
7.72214
7.67517
7.51114
7.47418
7.56311
7.65991
7.78103
7.653
7.5922
7.82418
7.81202
7.56502
7.45296
7.69305
7.49993
7.56502
7.43604
7.51901
7.71785
7.66706
7.55405
7.63202
7.34878
7.52711
7.51591
7.69305
7.83205
7.86996
7.67589
7.86901
7.86901
7.40504
7.52401
7.44915
7.41291
7.53689
7.761
7.70497
7.43794
7.44891
7.46703
7.69019
7.51209
7.55692
7.54285
7.77292
7.70402
7.48801
7.85995
7.77483
7.50589
7.69091
7.58195
7.75003
7.50208
7.76792
7.44104
7.85112
7.64585
7.56788
7.48396
7.5841
7.90215
7.46918
7.52902
7.62796
7.4749
7.65204
7.55
7.57718
7.91216
7.40719
7.61914
7.48801
7.52997
7.46989
7.59602
7.63297
7.47085
7.63917
7.6201
7.7548
7.80606
7.62296
7.64894
7.76887
7.63798
7.62606
7.84707
7.57384
7.68805
7.60913
7.64894
7.69687
7.50494
7.55596
7.60889
7.75003
7.65705
7.78699
7.61199
7.49707
7.42602
7.44486
7.56097
7.41196
7.73406
7.55501
7.57909
7.62796
7.59912
7.69281
7.65395
7.92098
7.67589
7.72715
7.50399
7.90906
7.81202
7.64012
7.67398
7.49302
7.48706
7.61318
7.61604
7.52902
7.70402
7.6642
7.79414
7.96795
7.35307
7.70617
7.62796
7.56812
7.75695
7.59292
7.86686
7.42912
7.61008
7.6499
7.46894
7.48205
7.47204
7.60889
7.57599
7.56502
7.56192
7.80487
7.59602
7.33685
7.63702
7.63893
7.74908
7.96509
7.45988
7.68399
7.78794
7.50303
7.51805
7.65491
7.46298
7.64608
7.70998
7.47895
7.43914
7.74121
7.56812
7.6189
7.62391
7.63702
7.59101
7.69806
7.76005
7.514
7.6251
7.57599
7.37
7.64298
7.658
7.581
7.69615
7.57003
7.53999
7.62296
7.55405
7.40004
7.59006
7.78103
7.60508
7.50399
7.68995
7.58386
7.67994
7.5438
7.78604
7.64489
7.67803
7.81703
7.71999
7.56907
7.55596
7.68089
7.66993
7.77793
7.65991
7.60508
7.5841
7.51591
7.60293
7.58696
7.68089
7.69806
7.70497
7.45416
7.72095
7.55095
7.72095
7.61986
7.60412
7.53498
7.46179
7.53498
7.53999
7.76196
7.67708
7.59816
7.53903
7.69997
7.84206
7.66897
7.42006
7.42602
7.46608
7.52306
7.53903
7.45106
7.41792
7.67612
7.52592
7.56001
7.4811
7.4451
7.47895
7.47585
7.53307
7.39002
7.73907
7.42388
7.47395
7.87401
7.56192
7.56788
7.36594
7.77507
7.64799
7.62796
7.66206
7.98893
7.478
7.7889
7.61509
7.56121
7.78699
7.76005
7.64084
7.46608
7.45678
7.46799
7.90811
7.58815
7.581
7.71213
7.39408
7.48706
7.77507
7.69186
7.64799
7.52902
7.43484
7.69186
7.70807
7.86018
7.91121
7.6251
7.39694
7.8609
7.77006
7.52687
7.56693
7.43103
7.49087
7.60102
7.59387
7.68495
7.57194
7.4811
7.51281
7.97415
7.63607
7.52401
7.69591
7.54118
7.66611
7.83396
7.59697
7.68709
7.6952
7.69401
7.73311
7.77006
7.57909
7.55501
7.60102
7.40099
7.57718
7.62701
7.47204
7.63988
7.52306
7.51305
7.75504
7.59697
7.55286
7.54213
7.71618
7.43103
7.57003
7.51495
7.65991
7.62391
7.45797
7.4389
7.67303
7.85995
7.63702
7.54189
7.442
7.58195
7.50899
7.55
7.47991
7.70497
7.48491
7.64012
7.53212
7.47585
7.59506
7.65491
7.69806
7.5798
7.7281
7.59602
7.56502
7.52592
8.01086
7.59387
7.71308
7.47585
7.42698
7.71308
7.6592
7.80797
7.56907
7.36618
7.4811
7.64585
7.80702
7.56001
7.58314
7.60102
7.83992
7.63297
7.66706
7.61914
8.10218
7.60889
7.50589
7.53498
7.46894
7.52497
7.41315
7.48086
7.77602
7.57098
7.57384
7.57408
7.65896
7.73883
7.57098
7.64489
7.66397
7.48992
7.52711
7.48992
7.622
7.67803
7.53188
7.50303
7.63583
7.59506
7.47108
7.55095
7.63297
7.58505
7.74407
7.792
7.67684
7.53498
7.71403
7.53999
7.67279
7.69496
7.80892
7.69806
7.43699
7.56884
7.51305
7.59387
7.622
7.48706
7.71403
7.74598
7.55596
7.62987
7.56192
7.42793
7.56311
7.7281
7.62296
7.54404
7.62415
7.39384
7.57003
7.52306
7.6139
7.7281
7.51805
7.54309
7.53498
7.56598
7.51591
7.50303
7.72595
7.76291
7.63893
7.48014
7.79819
7.62701
7.586
8.00109
7.78818
7.71213
7.66897
7.75099
7.62796
7.69615
7.84111
7.40719
7.53808
7.81298
7.72905
7.85804
7.59888
7.5841
7.46989
7.52687
7.56001
7.46989
7.48205
7.56812
7.70283
7.61104
7.48897
7.4079
7.52306
7.52997
7.65491
7.64084
7.48396
8.01587
7.40695
7.64513
7.56311
7.65896
7.59792
7.57599
7.67899
7.51019
7.55215
7.5798
7.49016
7.6201
7.57599
7.44414
7.478
7.56216
7.52497
7.40695
7.48682
7.406
7.58505
7.70712
7.45296
7.66206
7.48992
7.69305
7.53403
7.64489
7.70617
7.59101
7.59196
7.77912
7.61199
7.75003
7.658
7.52997
7.45702
7.47514
7.66397
7.63798
7.88808
7.69687
7.58004
7.35188
7.70998
7.658
7.6499
7.48992
7.49302
7.91907
7.47991
7.5829
7.60198
7.67088
7.94792
7.49898
7.6201
7.6921
7.5109
7.57194
7.936
7.74598
7.42602
7.67207
7.90381
7.70903
7.62296
7.61199
7.44915
7.59697
7.49612
7.55215
7.51281
7.59315
7.50208
7.64203
7.64108
7.51805
7.4861
7.55191
7.85995
7.689
7.72595
7.66087
7.64608
7.67803
7.52306
7.5469
7.46989
7.71594
7.60293
7.67589
7.64298
7.59101
7.57694
7.60198
7.48301
7.5438
7.72309
8.05902
7.60388
7.99894
7.5891
7.69091
7.67303
7.57909
7.62987
7.44796
7.56907
7.68209
7.73501
7.51805
7.87592
7.54786
7.77197
7.67589
7.59292
7.70807
7.50303
7.66492
7.65991
7.58696
7.44295
7.68209
7.50613
7.66182
7.53093
7.51305
7.67493
7.69281
7.5171
7.68399
7.52521
7.60007
7.67398
7.61199
7.68209
7.77507
7.66611
7.51805
7.53212
7.60818
7.61509
7.45893
7.49493
7.42602
7.71713
7.64298
7.86591
7.71594
7.54213
7.76315
7.5469
7.50089
7.87401
7.70402
7.74312
7.84588
7.82585
7.63917
7.50613
7.63083
7.67207
7.75695
7.56383
7.67994
7.53498
7.56884
7.52711
7.5841
7.51996
7.56502
7.46894
7.3359
7.82609
7.55501
7.53498
7.66706
7.55405
7.63488
7.49493
7.58696
7.49516
7.61604
7.77388
7.49493
7.83706
7.82514
7.74813
7.375
7.72691
7.65491
7.76911
7.586
7.55
7.54619
7.78413
7.50685
7.57909
7.59697
7.54714
7.44009
7.90596
7.63011
7.31111
7.69186
7.54809
7.92599
7.71809
7.53212
7.689
7.41005
7.61604
7.65681
7.51305
7.59292
7.47705
7.61104
7.51495
7.44009
7.58314
7.64894
7.44987
7.53498
7.53093
7.57003
7.5531
7.74288
7.71403
7.49993
7.45797
7.65991
7.50399
7.53188
7.54905
7.51495
7.35188
7.7529
7.71308
7.77292
7.67589
7.41887
7.64298
7.72595
7.81894
7.59506
7.77006
7.50995
7.52902
7.65181
7.57504
7.67708
7.64513
7.447
7.54809
7.5798
7.42102
7.55095
7.65085
7.48706
7.57694
7.70187
7.55
7.76601
7.69496
7.70688
7.6201
7.54213
7.60293
7.51901
7.78604
7.78604
7.67612
7.81894
7.8609
7.67899
7.66087
7.56812
7.53403
7.35807
7.62582
7.53403
7.55095
7.63607
7.65204
7.40385
7.54809
7.57909
7.58386
7.74503
7.54499
8.03304
7.44605
7.70807
7.586
7.44987
7.52902
7.72119
7.56693
7.60818
7.6139
7.75003
7.61414
7.44081
7.77102
7.50303
7.42412
7.49016
7.4451
7.72786
7.60102
7.653
7.40099
7.73382
7.95507
7.56192
7.61199
7.77292
7.64799
7.7889
7.71594
7.56979
7.66802
7.653
7.36499
7.53999
7.68113
7.62892
7.85494
7.54595
7.64084
7.76601
7.90906
7.76386
7.88689
7.60508
7.39384
7.61104
7.88593
7.61986
7.53307
7.50995
7.61485
7.38406
7.64012
7.88498
7.65896
7.67088
7.4749
7.58696
7.91502
7.46322
7.53307
7.581
7.63392
7.50399
7.46989
7.70783
7.98702
7.77483
7.7939
7.86185
7.47895
7.66802
7.82108
7.52807
7.58386
7.46608
7.51019
7.70807
7.69305
7.71618
7.73501
7.59006
7.41291
7.78294
7.65204
7.71904
7.99489
7.99108
7.49302
7.5531
7.60698
7.43294
7.57504
7.45702
7.54499
7.51781
7.66802
7.63607
7.92694
7.76196
7.54213
7.75194
7.4439
7.581
7.51686
7.81298
7.61104
7.67517
7.75981
7.68709
7.60007
7.76601
7.76196
7.78294
7.62987
7.60102
7.58004
7.49612
7.5779
7.37405
7.57098
7.53188
7.47991
7.78413
7.4861
7.50184
7.514
7.55095
7.99894
7.82204
8.14104
7.67303
7.53188
7.47514
7.71713
7.51495
7.69591
7.46393
7.70807
7.50208
7.48491
7.47085
7.67303
7.66587
7.56216
7.86591
7.58696
7.45296
7.67994
7.49803
7.66492
7.70211
7.47299
7.60794
7.411
7.48801
7.586
7.55095
7.46799
7.64513
7.64489
7.30395
7.61986
7.55
7.65491
7.41291
7.48205
7.48682
7.48801
7.64585
7.82704
7.57289
7.61604
7.59292
7.47895
7.622
7.46083
7.72309
7.64298
7.55501
7.7579
7.68089
7.43294
7.5469
7.74503
7.49397
7.5829
7.62296
7.49493
7.82204
7.65085
7.42602
7.4439
7.59506
7.60317
7.55119
7.46608
7.45916
7.54094
7.54213
7.57098
7.48992
7.64918
7.5891
7.70783
7.86591
