8.91185
8.90589
8.883
8.8799
8.88109
8.89897
8.89802
8.90303
8.89587
8.88801
8.89897
8.88586
8.89993
8.90303
8.9128
8.89301
8.89587
8.92401
8.8861
8.89421
8.87012
8.89206
8.8892
8.89206
8.89993
8.89397
8.88515
8.88515
8.88896
8.89587
8.89683
8.88991
8.87799
8.90398
8.88896
8.88109
8.89707
8.88515
8.89206
8.88991
8.89397
8.87203
8.89206
8.88181
8.87704
8.883
8.88705
8.88801
8.88395
8.89397
8.8861
8.87895
8.89587
8.88014
8.89206
8.89492
8.88681
8.88681
8.90994
8.88705
8.89802
8.87895
8.90183
8.87394
8.88681
8.89182
8.89802
8.88395
8.8861
8.89301
8.90803
8.89087
8.88491
8.89897
8.8799
8.88491
8.90493
8.88896
8.87418
8.89802
8.87704
8.88991
8.90207
8.8892
8.88395
8.88395
8.91519
8.87799
8.90088
8.91995
8.89015
8.88705
8.89015
8.89206
8.87895
8.90398
8.88395
8.87394
8.88705
8.89421
8.88515
8.88205
8.89492
8.90207
8.883
8.89111
8.91304
8.88181
8.89111
8.90398
8.8861
8.89111
8.89301
8.91805
8.90708
8.89611
8.88109
8.89802
8.87799
8.88085
8.88014
8.88491
8.88395
8.88395
8.88705
8.88586
8.88991
8.88109
8.89516
8.90899
8.89802
8.89421
8.87799
8.87299
8.89397
8.91709
8.90398
8.88801
8.88586
8.90422
8.88705
8.89707
8.89897
8.89587
8.89397
8.89707
8.88491
8.89611
8.88801
8.89087
8.883
8.87012
8.88801
8.88085
8.88801
8.90112
8.89111
8.90803
8.89802
8.89492
8.91209
8.91113
8.88515
8.89182
8.87609
8.90517
8.89492
8.88705
8.89611
8.8799
8.87489
8.88801
8.89182
8.90207
8.883
8.89802
8.883
8.88085
8.87799
8.86297
8.89611
8.91304
8.89397
8.89111
8.89492
8.90112
8.919
8.91495
8.88801
8.90112
8.89778
8.90303
8.89492
8.89516
8.87799
8.883
8.89897
8.73208
8.88109
8.90684
8.90183
8.90183
8.8799
8.90613
8.88014
8.883
8.90398
8.91995
8.88896
8.89921
8.87799
8.90684
8.90088
8.87704
8.88801
8.89111
8.89015
8.90398
8.87609
8.89111
8.89993
8.8799
8.883
8.88801
8.90112
8.89397
8.8861
8.89516
8.90803
8.89111
8.88419
8.919
8.88515
8.91399
8.89587
8.88491
8.90613
8.90803
8.88205
8.88896
8.90899
8.90517
8.88705
8.8861
8.88991
8.88014
8.89587
8.89301
8.88681
8.87299
8.89897
8.90803
8.90279
8.91018
8.89301
8.89611
8.89897
8.87203
8.8861
8.89897
8.91185
8.89087
8.88205
8.87179
8.87084
8.89111
8.89421
8.86703
8.88586
8.91185
8.89492
8.89492
8.89611
8.90899
8.88205
8.88515
8.88109
8.88205
8.89015
8.88991
8.8892
8.89397
8.87704
8.90207
8.90303
8.90589
8.87489
8.90088
8.89182
8.8861
8.90207
8.89707
8.89277
8.88419
8.89301
8.91209
8.88586
8.88109
8.90994
8.89206
8.91519
8.89111
8.91995
8.89611
8.89492
8.9221
8.89492
8.90398
8.88705
8.88705
8.89587
8.90493
8.90493
8.89492
8.89897
8.90493
8.90398
8.89182
8.88801
8.91089
8.88777
8.90017
8.8768
8.88085
8.88491
8.89707
8.91495
8.90088
8.8861
8.87609
8.90708
8.90303
8.89111
8.88395
8.89993
8.89301
8.90088
8.90279
8.93188
8.88896
8.88491
8.88705
8.89516
8.89111
8.8861
8.8799
8.88586
8.88991
8.90493
8.89206
8.93092
8.89301
8.89111
8.89587
8.88109
8.88991
8.89707
8.89897
8.90899
8.89587
8.88205
8.89111
8.88991
8.89707
8.89206
8.89611
8.8799
8.89492
8.88109
8.88205
8.91709
8.89111
8.90017
8.87895
8.88896
8.88801
8.91304
8.8861
8.88395
8.91495
8.89206
8.89397
8.91304
8.89802
8.88801
8.90899
8.88896
8.8799
8.88181
8.89587
8.89516
8.89301
8.89301
8.89111
8.88896
8.87799
8.88014
8.89397
8.883
8.87609
8.90207
8.88705
8.91304
8.89778
8.883
8.89707
8.87108
8.90517
8.87108
8.88991
8.87084
8.87895
8.89206
8.8799
8.8768
8.90303
8.88014
8.8861
8.91399
8.88109
8.74209
8.89802
8.91709
8.88491
8.89921
8.89301
8.89015
8.87108
8.88014
8.89397
8.90899
8.87895
8.89683
8.89397
8.88586
8.88085
8.89707
8.90493
8.88896
8.89277
8.8799
8.88395
8.9159
8.88801
8.89707
8.88586
8.90994
8.88491
8.883
8.90899
8.89611
8.89206
8.883
8.88014
8.91185
8.8799
8.89492
8.8799
8.89397
8.89301
8.90803
8.88395
8.88491
8.87799
8.90088
8.90303
8.90207
8.87704
8.89683
8.88705
8.92019
8.88395
8.89897
8.883
8.87394
8.89206
8.90398
8.87799
8.89111
8.89802
8.89587
8.88681
8.89707
8.883
8.88491
8.8799
8.89802
8.89397
8.88515
8.89492
8.87108
8.91709
8.90994
8.883
8.883
8.89182
8.88801
8.87799
8.89516
8.91614
8.88109
8.88419
8.89206
8.89111
8.89087
8.89492
8.90303
8.89707
8.90589
8.89802
8.883
8.88395
8.91209
8.91709
8.89111
8.90589
8.8768
8.90589
8.86989
8.8861
8.87299
8.89087
8.92496
8.89015
8.88896
8.88586
8.88896
8.88586
8.74186
8.88681
8.89492
8.89993
8.88801
8.89802
8.89897
8.89397
8.89087
8.88205
8.89087
8.87299
8.88205
8.90303
8.90589
8.90803
8.90398
8.90207
8.88896
8.89802
8.90708
8.89301
8.91304
8.88205
8.89802
8.90994
8.90207
8.89492
8.88419
8.89897
8.89683
8.85892
8.87895
8.89587
8.90803
8.89611
8.89111
8.90088
8.88801
8.89707
8.88491
8.883
8.88896
8.89897
8.89492
8.90708
8.89087
8.89802
8.87418
8.89301
8.88991
8.883
8.89206
8.88419
8.87895
8.90398
8.88395
8.87704
8.88705
8.88491
8.88395
8.90899
8.89683
8.883
8.87299
8.92615
8.87799
8.89301
8.8799
8.87895
8.89683
8.90207
8.89206
8.89206
8.88681
8.89087
8.90112
8.88705
8.90803
8.90493
8.88395
8.90613
8.89111
8.8799
8.90303
8.90994
8.88586
8.90517
8.88109
8.89087
8.8799
8.883
8.90112
8.92591
8.88681
8.88705
8.89802
8.87895
8.88801
8.90899
8.90017
8.87704
8.88085
8.88491
8.883
8.89897
8.91519
8.90684
8.883
8.90398
8.883
8.88491
8.88681
8.88801
8.88205
8.92401
8.89802
8.8861
8.89206
8.90183
8.8799
8.88419
8.90994
8.8861
8.88896
8.89897
8.88991
8.87609
8.87513
8.87585
8.88395
8.91399
8.90493
8.89516
8.89206
8.89897
8.90899
8.88109
8.89516
8.90803
8.90613
8.91709
8.89897
8.88491
8.90207
8.89301
8.88491
8.89087
8.90899
8.89683
8.87609
8.88896
8.89492
8.89015
8.89611
8.89111
8.88896
8.89301
8.87084
8.93092
8.919
8.91495
8.90708
8.89611
8.90899
8.88205
8.89611
8.8768
8.89707
8.91209
8.88014
8.883
8.88205
8.91304
8.88491
8.88586
8.89301
8.88014
8.89897
8.88705
8.90398
8.89921
8.91209
8.86798
8.89993
8.91805
8.89993
8.89611
8.88014
8.89301
8.89587
8.89301
8.89397
8.90994
8.88681
8.89993
8.87108
8.88801
8.87799
8.88205
8.883
8.90517
8.88705
8.89492
8.88395
8.90112
8.90493
8.89015
8.8861
8.87108
8.89397
8.87799
8.90589
8.88801
8.87609
8.883
8.91304
8.90803
8.91495
8.90398
8.88705
8.89397
8.8799
8.89897
8.89897
8.89206
8.87895
8.90589
8.90303
8.88991
8.92615
8.88705
8.86393
8.87895
8.88491
8.89492
8.89301
8.89206
8.89516
8.87513
8.90088
8.87489
8.87895
8.89206
8.88991
8.89397
8.90899
8.88109
8.88586
8.88085
8.91304
8.8861
8.90613
8.88801
8.88491
8.88491
8.90112
8.90589
8.87513
8.88205
8.90803
8.88395
8.89421
8.90183
8.88014
8.88395
8.90088
8.89015
8.89087
8.91304
8.89015
8.89492
8.89301
8.88801
8.87704
8.88395
8.88991
8.90398
8.89492
8.90207
8.90422
8.87799
8.8892
8.88014
8.90207
8.89087
8.88586
8.88491
8.8861
8.89993
8.89993
8.90994
8.89301
8.88896
8.89397
8.89301
8.883
8.87704
8.88109
8.883
8.91685
8.88801
8.89182
8.87799
8.89778
8.89587
8.91805
8.90589
8.90017
8.86607
8.89182
8.89087
8.91399
8.87609
8.87895
8.89587
8.88896
8.87203
8.89802
8.90613
8.89707
8.87799
8.86703
8.89802
8.90207
8.88491
8.87203
8.89206
8.88801
8.88586
8.90899
8.90589
8.88705
8.883
8.88801
8.89611
8.90112
8.89397
8.89516
8.88705
8.89802
8.87394
8.89921
8.89587
8.89301
8.89301
8.87299
8.8861
8.91709
8.87609
8.89516
8.88491
8.89397
8.89492
8.90493
8.89778
8.87704
8.87513
8.88586
8.89707
8.883
8.87108
8.88586
8.88491
8.91519
8.90708
8.90708
8.88991
8.90398
8.88395
8.88896
8.89015
8.86798
8.89397
8.88896
8.88681
8.89993
8.89611
8.89397
8.89015
8.89206
8.90398
8.89802
8.90207
8.88205
8.87394
8.89492
8.89397
8.87513
8.89802
8.89897
8.88801
8.89802
8.89397
8.883
8.90303
8.90017
8.88801
8.90779
8.90589
8.90493
8.88991
8.89206
8.88586
8.89397
8.89897
8.89206
8.8861
8.87012
8.90017
8.88395
8.90183
8.87895
8.89707
8.88896
8.88491
8.90398
8.89206
8.89182
8.87799
8.88395
8.87394
8.89993
8.89492
8.90899
8.89587
8.88109
8.89492
8.88419
8.90517
8.89707
8.89707
8.89492
8.89277
8.86989
8.88205
8.88705
8.88515
8.89587
8.91209
8.89993
8.883
8.90398
8.88586
8.89492
8.90017
8.87513
8.89516
8.87299
8.8799
8.89182
8.90303
8.88014
8.88801
8.90994
8.89611
8.89492
8.89611
8.92282
8.89111
8.89301
8.89206
8.883
8.88085
8.89587
8.92496
8.89301
8.92091
8.90112
8.89206
8.88896
8.91709
