58.1381
57.6129
57.0362
57.2941
57.3711
56.957
57.1339
56.844
57.2829
56.7911
56.9811
57.003
57.1129
57.1408
56.989
57.0459
57.4429
56.9549
57.282
57.0581
57.3599
57.5709
56.802
57.142
57.2278
57.467
57.1661
57.271
57.018
56.7892
57.3249
57.74
56.7951
56.86
56.7369
57.1661
57.2371
57.1361
56.7501
57.42
57.0259
56.9708
57.327
57.1911
57.2672
57.1821
57.404
57.2591
57.7562
57.0202
57.029
57.3039
57.3082
57.2271
57.0531
57.4551
56.9782
57.276
57.111
57.2529
57.297
57.2181
57.5049
57.2999
56.9439
57.256
57.236
57.328
56.8609
57.0471
57.2362
57.0569
57.0469
57.2379
57.4939
57.287
57.3878
57.0469
57.2629
57.1909
56.823
57.286
57.4269
57.147
57.3602
56.711
57.301
57.2929
56.8771
57.2288
56.802
56.973
57.3471
57.173
56.8409
57.1249
57.174
56.808
57.2801
58.0552
57.122
57.4479
57.065
56.906
57.05
57.215
57.1978
57.2469
56.9949
57.276
57.0781
57.354
56.8709
56.8321
57.339
57.1818
56.9861
56.777
57.3568
57.168
57.369
57.205
57.236
56.9351
56.7751
56.9291
57.1311
57.2538
57.0829
57.0741
57.107
57.7271
56.9749
56.792
57.312
57.1549
57.3549
56.8948
57.313
57.164
57.1041
56.9119
56.7369
56.865
57.2028
56.7679
57.333
57.029
57.0509
57.4629
57.3661
57.1551
56.9072
56.783
56.818
57.5292
57.1771
57.014
57.3208
57.0741
57.3721
56.7241
57.0641
57.2071
57.179
57.0822
57.2109
56.963
57.3649
56.885
57.2579
57.2829
56.8759
56.8609
57.127
57.4679
57.0469
57.39
57.0152
57.472
57.2379
57.1189
56.8819
57.3769
57.246
56.6869
57.3659
57.343
57.2259
56.7961
57.2059
57.1439
57.061
57.5809
57.229
56.881
57.126
56.89
57.606
57.6432
57.0281
57.337
57.3399
56.7601
56.885
57.2991
57.194
56.8151
57.3871
57.307
57.555
57.1339
56.869
57.5299
56.917
56.9069
57.4651
57.4839
57.2832
56.823
56.8802
57.0209
57.313
57.194
57.1351
57.291
57.4062
56.7679
57.77
57.199
57.2689
56.9189
57.111
57.0121
57.003
57.42
57.029
56.849
56.746
57.373
57.2648
56.8039
57.482
57.3981
57.1589
57.1151
57.601
57.5721
57.2619
56.844
57.014
57.3781
57.302
57.2059
57.0362
57.3521
57.0722
57.3821
57.1849
56.6981
57.7621
56.9699
57.184
57.5669
56.8779
56.9401
57.451
57.2679
57.179
56.756
56.746
57.4231
57.0662
56.9229
57.143
56.6719
57.461
56.9332
57.389
57.174
56.725
57.2891
57.0681
57.2221
57.0669
57.3599
57.168
57.261
56.905
57.107
57.2889
57.1928
56.843
57.5001
56.7119
57.349
57.0951
57.039
57.2319
57.286
56.9801
57.215
57.1339
57.287
57.1671
57.3568
57.1969
57.198
56.999
57.0409
57.2209
56.803
57.3001
57.2462
57.4679
57.22
56.9389
57.1201
57.3859
57.0011
57.157
57.0099
56.9451
57.1928
56.916
56.988
56.9849
57.0018
56.901
56.7701
56.885
57.3549
57.0312
57.234
57.236
57.2162
57.0111
57.133
56.849
57.461
57.174
57.143
56.8521
57.272
57.4012
56.85
57.1029
57.3719
56.9789
57.3518
57.2369
56.6881
57.147
57.1842
57.189
57.023
57.5609
57.169
57.0788
57.0509
57.265
57.1609
57.152
56.998
56.519
57.092
57.3199
57.0149
57.1239
57.143
57.061
57.0469
57.1101
57.199
56.9959
57.4288
56.8161
57.0819
56.8149
57.1389
56.972
57.395
56.9918
56.7179
57.1849
57.0529
57.2839
56.9439
57.0421
57.0021
56.998
57.1201
57.1411
57.1039
57.2271
57.337
56.946
57.1799
56.9749
56.9749
56.9279
57.1208
56.8321
57.0221
57.7521
57.3201
56.9961
56.951
57.318
57.0529
57.1461
57.26
56.9739
57.3621
57.2271
56.993
57.1558
57.1399
57.21
56.7491
56.977
57.117
56.932
57.317
57.1289
56.8821
57.3151
57.1828
57.029
57.178
56.9351
57.5039
56.8349
56.9909
57.137
57.502
56.953
57.2209
57.158
56.7219
57.447
57.3359
56.7148
57.116
57.4079
57.235
57.3602
57.0581
57.132
56.8829
56.9398
56.9119
56.659
56.9971
57.1692
57.091
57.2441
57.4489
57.014
57.1232
57.6611
57.1289
57.2219
57.1599
56.9351
57.1301
57.055
56.952
57.0369
56.9799
57.2689
56.916
56.859
56.9291
57.0929
56.85
57.1811
57.416
57.122
57.229
57.1659
57.251
56.9682
57.373
56.689
57.2178
57.0779
57.3628
57.2901
57.3401
57.5049
57.008
56.9689
56.637
56.695
56.9649
57.3509
56.8569
57.0149
56.6549
56.9389
57.215
57.0099
57.019
57.1001
56.6139
57.034
57.339
57.2639
57.5271
56.932
57.229
57.1411
56.901
57.38
56.8779
56.999
57.086
57.2281
57.5941
57.096
57.385
57.2498
57.0171
57.0421
57.2021
56.998
57.0049
57.096
57.2252
57.3039
57.2031
57.1332
57.2371
57.2379
56.9272
57.2541
56.9131
56.736
57.339
57.518
57.4188
56.7241
56.689
57.225
57.291
57.3139
57.3301
57.0641
57.0791
56.9658
57.0939
57.328
56.947
56.9861
57.025
56.9139
57.3399
57.0838
57.1749
57.2951
56.9251
56.9081
57.353
56.9909
56.9789
57.267
56.7281
57.023
56.9801
56.7801
56.9818
57.198
56.896
56.8039
57.0178
57.1399
57.0199
56.9129
57.591
57.235
57.2481
57.158
56.581
57.2681
57.2391
56.766
57.416
57.538
57.2109
57.0722
57.0061
56.906
57.4131
57.3211
57.1108
57.199
57.019
57.616
57.256
57.261
57.2169
57.0529
56.735
56.813
56.88
57.1799
57.451
57.1749
57.302
57.2259
57.3449
57.066
56.9611
57.1771
57.0619
57.3778
57.0681
56.8721
56.8991
57.0722
57.2901
56.844
57.029
56.896
57.1022
57.061
57.179
56.994
57.214
56.9251
57.035
56.51
57.291
57.0278
57.4999
57.431
57.332
56.963
56.947
57.0841
57.1828
56.983
56.7291
56.993
57.277
57.143
57.1041
57.3139
56.818
57.2908
56.8881
57.6041
57.2391
57.0469
57.3051
57.1718
56.8459
57.472
57.0581
57.188
56.8419
57.174
57.09
56.8531
57.2429
57.1558
57.2159
57.1711
57.044
57.018
57.548
56.8209
56.865
57.3349
57.2579
57.0319
57.683
56.9971
56.9432
57.251
57.1918
57.2329
57.071
57.4269
56.999
57.2751
57.101
57.5089
57.0922
57.071
56.8099
57.1799
56.927
57.395
56.8998
57.4789
57.2159
57.1671
57.4589
56.937
56.9272
57.277
57.6899
57.0111
56.911
56.885
57.41
57.2398
57.2519
56.7789
57.4839
57.327
57.188
56.8521
57.075
57.0459
56.9742
56.782
57.1671
57.3199
57.071
57.023
57.2619
57.004
56.807
56.9339
57.3621
56.7641
57.57
56.9279
57.1649
57.3409
57.06
57.133
57.0149
56.9448
56.953
56.9811
57.1291
56.931
57.039
57.2011
57.3041
57.1671
56.7009
56.757
56.7861
56.9141
57.3139
57.045
56.854
56.9739
56.8259
57.056
56.9229
57.0419
57.2541
57.024
57.5218
57.4889
57.2319
57.1611
57.4651
57.6301
56.9198
56.6149
56.7441
56.9971
57.265
56.7791
57.0672
57.384
57.4062
57.0531
56.9851
57.276
57.2939
56.603
57.003
57.2619
56.838
57.049
57.2431
56.952
57.4
56.6752
56.8631
56.8531
57.426
57.497
56.9119
56.7758
57.024
57.3001
57.343
56.819
56.9551
57.127
57.2851
57.004
57.1589
56.937
57.2691
56.9561
57.5278
57.1649
57.349
57.2329
57.363
57.2891
57.5831
56.7861
56.947
57.029
57.426
57.261
57.4141
56.9069
57.2641
57.121
57.09
56.9458
56.7839
56.839
57.2622
57.106
57.2519
57.153
57.21
57.0762
57.59
57.389
57.2281
56.9191
57.179
57.0669
56.9968
57.1589
57.091
57.138
57.379
57.503
57.1859
57.1439
56.8981
56.931
57.3111
56.8461
57.246
57.3189
57.2138
57.106
57.1051
57.404
57.4021
56.787
57.6971
56.9661
57.6839
57.6868
57.3289
57.0118
57.1239
56.8609
56.9258
56.8709
57.0309
57.3711
56.905
57.013
56.705
56.725
57.241
57.174
57.0428
56.91
57.261
56.947
56.9561
56.9861
57.56
57.039
56.8001
57.0459
57.5099
56.8249
57.0989
56.654
57.0538
57.6041
57.1501
56.9232
57.3261
56.963
57.045
56.8759
57.4179
56.787
57.0052
57.0319
57.1029
57.1601
57.2541
57.225
57.1511
57.719
57.5271
57.2219
57.05
57.3559
57.0629
57.3909
57.3218
57.143
57.4269
57.132
57.0879
56.6781
57.4811
57.1289
57.0209
57.1539
56.881
56.8051
57.0779
57.173
56.958
56.8309
57.317
57.3461
57.092
57.3409
57.2159
57.2689
56.7491
56.9961
57.255
57.478
57.0462
57.1339
56.942
57.0571
57.1079
57.1752
56.9742
57.4551
57.1821
56.7548
57.148
57.2538
56.932
57.2
56.9131
56.9341
57.4391
57.024
56.901
56.838
57.112
57.1308
57.133
56.8159
57.282
57.116
57.0979
57.1229
57.368
57.153
57.044
56.9389
57.3342
56.7729
56.73
56.9639
56.983
57.477
57.5011
56.715
57.0199
57.205
57.2901
57.317
57.4582
57.0321
56.9851
56.8559
57.1959
56.978
56.6568
57.601
57.255
57.1508
57.302
57.2138
56.901
57.375
57.477
57.122
57.061
