16.017
10.53
10.3102
10.3149
10.3121
10.3099
10.3121
10.3328
10.324
10.3338
10.2999
10.2961
10.324
10.3159
10.3011
10.299
10.3121
10.298
10.2758
10.242
10.2339
10.2198
10.2179
10.215
10.236
10.2239
10.2041
10.2079
10.1991
10.2091
10.2119
10.2019
10.181
10.1931
10.2119
10.216
10.2041
10.206
10.1929
10.2131
10.215
10.2441
10.2069
10.19
10.222
10.216
10.21
10.2069
10.185
10.2251
10.1919
10.206
10.2479
10.2031
10.221
10.217
10.2301
10.216
10.2029
10.2119
10.2119
10.205
10.185
10.2201
10.1881
10.215
10.1879
10.2031
10.2041
10.2081
10.2131
10.2
10.2069
10.2
10.1922
10.2179
10.2298
10.206
10.21
10.217
10.21
10.196
10.2119
10.1881
10.2239
10.205
10.2251
10.2248
10.2172
10.1969
10.2181
10.2072
10.1972
10.2849
10.2429
10.1929
10.226
10.196
10.2031
10.1831
10.217
10.2012
10.2069
10.2069
10.181
10.217
10.1879
10.186
10.196
10.2031
10.1972
10.222
10.2301
10.2172
10.2129
10.2119
10.2131
10.1681
10.2081
10.2251
10.1969
10.1972
10.2139
10.2201
10.2098
10.206
10.1991
10.21
10.1991
10.2
10.1879
10.1862
10.2
10.217
10.19
10.2069
10.231
10.211
10.2091
10.2198
10.1871
10.205
10.2041
10.205
10.195
10.2029
10.2069
10.195
10.2232
10.2172
10.2181
10.2148
10.215
10.1831
10.206
10.217
10.1969
10.2081
10.221
10.2232
10.205
10.21
10.211
10.2232
10.2081
10.211
10.1979
10.1919
10.2232
10.1962
10.1948
10.253
10.2119
10.2081
10.2
10.216
10.2029
10.206
10.2
10.217
10.206
10.2129
10.2329
10.2129
10.215
10.216
10.2131
10.2019
10.226
10.2198
10.2129
10.211
10.206
10.2122
10.2022
10.1991
10.2029
10.2038
10.211
10.1938
10.1988
10.2382
10.206
10.211
10.2131
10.186
10.1941
10.2048
10.2031
10.196
10.201
10.1919
10.2141
10.2179
10.2251
10.1981
10.221
10.1998
10.205
10.2172
10.216
10.1979
10.2041
10.2081
10.216
10.2019
10.227
10.246
10.21
10.2201
10.211
10.2119
10.1981
10.2172
10.231
10.1979
10.2241
10.2
10.205
10.2398
10.1991
10.2141
10.2339
10.215
10.179
10.2041
10.205
10.206
10.221
10.19
10.196
10.206
10.221
10.2131
10.201
10.201
10.1941
10.21
10.21
10.2301
10.196
10.222
10.186
10.205
10.1891
10.216
10.2022
10.21
10.1981
10.1972
10.21
10.217
10.2358
10.205
10.2279
10.191
10.1891
10.211
10.1871
10.1969
10.201
10.2198
10.2129
10.2041
10.2038
10.19
10.195
10.216
10.2091
10.2119
10.2069
10.2091
10.2398
10.2081
10.2141
10.1991
10.181
10.2091
10.2179
10.1929
10.2358
10.242
10.222
10.21
10.246
10.201
10.206
10.205
10.211
10.1838
10.195
10.217
10.2022
10.217
10.2029
10.206
10.1888
10.2
10.206
10.2489
10.2251
10.1988
10.206
10.1938
10.2229
10.2351
10.2141
10.1891
10.222
10.211
10.216
10.1929
10.2279
10.195
10.191
10.21
10.2072
10.196
10.2229
10.2181
10.2141
10.195
10.2129
10.2191
10.1771
10.1912
10.2141
10.1941
10.2308
10.236
10.195
10.2119
10.2119
10.2029
10.2129
10.205
10.1831
10.191
10.1991
10.2351
10.1991
10.2081
10.1969
10.1979
10.2022
10.227
10.2079
10.201
10.205
10.2181
10.21
10.2048
10.211
10.2241
10.217
10.2198
10.2391
10.2181
10.205
10.216
10.2179
10.2189
10.19
10.19
10.1709
10.1881
10.2229
10.2069
10.2329
10.1919
10.2069
10.216
10.2091
10.2098
10.2139
10.201
10.196
10.21
10.2069
10.205
10.2198
10.2239
10.196
10.211
10.1929
10.1881
10.1888
10.205
10.206
10.2119
10.2198
10.185
10.226
10.196
10.2129
10.2131
10.19
10.2019
10.1881
10.1919
10.1991
10.1988
10.21
10.201
10.2019
10.2029
10.2432
10.215
10.2029
10.211
10.215
10.222
10.1769
10.2148
10.211
10.2081
10.21
10.215
10.2472
10.206
10.222
10.2251
10.2038
10.2041
10.206
10.2022
10.1819
10.2091
10.191
10.1891
10.2122
10.1991
10.2
10.2201
10.196
10.2081
10.2079
10.2029
10.2
10.181
10.1991
10.2141
10.2148
10.206
10.221
10.1922
10.2
10.2222
10.196
10.2038
10.2191
10.216
10.2069
10.201
10.2041
10.2131
10.211
10.1979
10.2131
10.1831
10.1991
10.2088
10.221
10.2029
10.2
10.2112
10.1988
10.2031
10.1979
10.1988
10.21
10.1941
10.2279
10.195
10.2
10.1919
10.2341
10.2072
10.221
10.195
10.2088
10.1991
10.1881
10.195
10.2241
10.2088
10.2072
10.2251
10.2029
10.227
10.216
10.2079
10.211
10.2029
10.205
10.221
10.1991
10.2272
10.222
10.206
10.2181
10.2379
10.216
10.2029
10.2239
10.215
10.2041
10.201
10.2379
10.2279
10.205
10.196
10.1941
10.216
10.1998
10.2041
10.2201
10.1922
10.205
10.201
10.2069
10.211
10.2119
10.1838
10.1991
10.195
10.2198
10.2322
10.2088
10.2239
10.1991
10.196
10.2019
10.2451
10.1969
10.2119
10.195
10.1871
10.196
10.2022
10.2072
10.2031
10.2131
10.2201
10.226
10.2172
10.2282
10.2
10.215
10.1991
10.2019
10.205
10.2031
10.2079
10.201
10.2079
10.2119
10.2131
10.2069
10.2131
10.2489
10.2139
10.2291
10.185
10.2038
10.2119
10.1969
10.2088
10.222
10.201
10.2019
10.19
10.186
10.211
10.21
10.1929
10.195
10.205
10.1879
10.2201
10.2041
10.206
10.2401
10.1941
10.185
10.2291
10.1781
10.2069
10.1981
10.2241
10.2141
10.2201
10.2351
10.195
10.196
10.2069
10.2031
10.191
10.184
10.2191
10.19
10.2019
10.2191
10.1831
10.2081
10.2029
10.201
10.205
10.205
10.1929
10.241
10.2019
10.21
10.222
10.21
10.2029
10.1991
10.2
10.1991
10.1838
10.206
10.1931
10.2291
10.2332
10.215
10.2091
10.2072
10.2241
10.2191
10.222
10.184
10.191
10.2229
10.1779
10.2248
10.1941
10.211
10.1891
10.1988
10.1941
10.2139
10.2019
10.1938
10.2022
10.2189
10.211
10.2019
10.19
10.2251
10.2019
10.2019
10.1812
10.1912
10.201
10.21
10.1941
10.1988
10.2091
10.196
10.1879
10.2041
10.2332
10.201
10.2048
10.2391
10.2072
10.2179
10.2069
10.2251
10.2038
10.2081
10.2
10.2091
10.179
10.206
10.2189
10.2041
10.1941
10.1991
10.2289
10.217
10.2131
10.2031
10.2022
10.2022
10.1972
10.2019
10.2038
10.1991
10.211
10.186
10.185
10.2401
10.2029
10.2029
10.205
10.227
10.232
10.1869
10.2301
10.2038
10.2091
10.2129
10.2031
10.2181
10.2041
10.1931
10.2012
10.237
10.205
10.2141
10.1969
10.2131
10.2191
10.2229
10.185
10.2
10.1962
10.2069
10.1969
10.2031
10.1988
10.205
10.21
10.1962
10.21
10.205
10.2069
10.231
10.2379
10.2031
10.2081
10.206
10.2088
10.2091
10.195
10.222
10.1759
10.1912
10.2201
10.2041
10.2088
10.191
10.2029
10.196
10.1981
10.196
10.196
10.1819
10.2038
10.2091
10.21
10.2129
10.2081
10.2229
10.1969
10.2
10.2012
10.2031
10.215
10.2
10.2081
10.217
10.2
10.2429
10.2139
10.2119
10.2079
10.206
10.2339
10.236
10.2
10.2091
10.201
10.1981
10.1972
10.205
10.1991
10.1922
10.216
10.1941
10.2339
10.2098
10.216
10.2069
10.2031
10.2041
10.2019
10.1972
10.206
10.2251
10.2038
10.2229
10.2029
10.216
10.2329
10.2041
10.1941
10.2122
10.184
10.1988
10.2241
10.191
10.216
10.2031
10.1981
10.2041
10.2172
10.2298
10.2091
10.2091
10.2038
10.1979
10.205
10.21
10.2241
10.2069
10.2048
10.2041
10.216
10.195
10.2501
10.227
10.21
10.2098
10.19
10.196
10.2069
10.2141
10.2122
10.184
10.195
10.1991
10.2229
10.2131
10.185
10.2
10.1948
10.211
10.2189
10.21
10.2069
10.205
10.2069
10.2139
10.2351
10.19
10.2069
10.1991
10.2069
10.1922
10.1912
10.222
10.2289
10.232
10.1998
10.2141
10.2019
10.2191
10.2088
10.2201
10.2272
10.206
10.195
10.1871
10.1988
10.1969
10.2
10.196
10.2229
10.191
10.2
10.2088
10.2069
10.2079
10.1969
10.237
10.1969
10.1919
10.206
10.221
10.2229
10.2041
10.2069
10.2379
10.2029
10.2072
10.1972
10.2131
10.216
10.227
10.2129
10.217
10.196
10.191
10.1929
10.2129
10.215
10.191
10.1972
10.2248
10.1972
10.1981
10.217
10.2031
10.201
10.2119
10.2048
10.2038
10.215
10.2181
10.201
10.221
10.2201
10.2072
10.2079
10.2189
10.2201
10.1929
10.1922
10.2282
10.215
10.2069
10.2091
10.2429
10.237
10.2079
10.2029
10.2062
10.201
10.2069
10.216
10.1938
10.2022
10.2031
10.2189
10.2029
10.2041
10.2041
10.2098
10.211
10.191
10.205
10.2232
10.2291
10.21
10.2
10.1869
10.2201
10.1891
10.1988
10.1979
10.206
10.2282
10.205
10.227
10.221
10.2079
10.211
10.2081
10.1769
10.2198
10.2041
10.1881
10.2072
10.1931
10.1912
10.205
10.2
10.206
10.1981
10.1991
10.21
10.2119
10.206
10.2069
10.2179
10.247
10.232
10.1972
