10.6831
10.9649
11.059
10.8778
11.0619
10.709
10.92
10.807
10.8409
10.8719
10.7012
10.906
11.0381
10.885
10.8709
11.0459
11.065
10.8392
10.6649
10.627
10.896
10.8149
10.6351
11.086
10.848
10.7911
10.9489
11.09
10.7951
10.74
10.8631
10.9551
11.0619
10.864
10.736
10.9541
10.7841
10.874
10.8719
10.7262
10.745
10.797
11.0471
10.659
10.6871
11.0071
10.8001
10.9031
11.059
10.7698
11.075
10.941
10.844
10.994
10.7529
10.968
10.9529
10.8099
10.988
10.823
11.045
10.695
10.824
11.0381
10.9038
10.9539
10.9639
11.0888
10.8061
10.921
10.9079
10.8259
10.6709
10.783
10.7529
11.06
10.957
11.117
10.9708
10.772
10.9251
11.0991
10.8581
10.9911
10.694
10.8511
10.989
10.8349
10.9041
11.1318
10.8459
10.833
10.808
11.0688
10.91
10.704
10.9282
10.7851
10.7732
10.823
10.937
10.699
10.879
10.771
11.102
10.874
10.9499
11.0161
10.9751
10.8809
10.812
10.9069
10.7942
10.9649
10.824
11.0738
10.721
11.122
10.7539
10.9499
10.6671
11.0619
10.679
11.0681
10.7419
10.891
10.8421
10.689
10.6599
10.6831
10.9971
11.131
10.699
10.9079
10.8721
10.9651
10.7131
10.8252
10.7021
10.829
11.0841
10.752
10.828
10.9279
11.071
10.9541
10.792
10.8759
11.0869
10.8159
11.0929
10.9608
10.8809
11.0199
11.061
10.926
10.8039
10.926
10.6699
10.9582
11.096
11.054
11.0478
10.8962
10.9401
10.8039
10.7241
10.8612
10.8471
11.044
10.989
10.8242
11.1051
10.874
10.8719
10.9439
10.859
11.122
10.807
10.6368
10.6571
10.689
10.7181
10.7262
10.762
10.838
11.0378
11.044
10.884
10.972
10.9179
10.9441
10.6902
10.999
11.0731
10.9091
10.942
10.6752
11.0281
10.977
10.8309
10.7281
10.7
10.982
10.7622
10.685
10.8089
10.7589
11.0071
11.126
11.0531
10.9229
11.018
10.9489
10.9191
10.901
10.8411
11.0641
10.8368
10.7551
10.869
10.951
10.9301
10.8149
11.0619
11.0891
10.9031
10.988
11.0879
10.9739
10.8778
10.8368
10.7059
10.8631
10.8511
10.9229
10.8981
10.9689
10.88
10.658
10.8769
11.044
10.951
10.7691
10.8361
10.699
11.0109
10.901
10.6828
10.7679
10.8371
10.9169
10.6831
10.9019
10.684
10.8349
10.6881
10.8678
10.9632
10.8461
10.7749
10.668
10.8399
10.947
10.6821
11.004
11.0672
10.7729
10.9479
10.622
10.885
10.9699
10.957
10.854
10.8471
10.9382
10.699
10.8879
10.9031
10.7369
10.8349
10.807
10.941
10.69
10.7009
10.932
11.045
10.9558
10.891
11.0409
10.771
10.829
11.0629
10.9389
10.793
10.7851
10.8941
11.009
11.101
10.659
10.905
10.7179
10.7529
10.668
10.7961
11.0319
10.8089
11.0569
10.6971
10.7732
10.8631
10.9322
10.699
10.9119
10.8881
10.9801
10.7491
10.8378
10.659
11.0478
10.9999
11.0219
10.9921
11.0722
10.8361
10.895
11.09
11.0569
10.767
10.7958
10.823
11.1229
11.1039
10.726
10.9749
10.7119
11.08
10.998
10.7639
10.982
10.8562
11.1301
10.8991
10.7141
10.916
10.9529
10.659
10.9298
10.747
10.848
11.03
10.998
10.6699
10.829
11.059
10.9639
10.6702
10.7172
10.9401
10.6719
10.8149
11.0199
11.018
11.0869
10.813
10.9
10.9148
10.978
10.7269
10.92
10.8588
10.664
10.8042
11.0619
10.8008
10.838
11.085
10.982
10.6871
10.7231
10.8969
10.8759
11.004
10.761
10.9251
10.886
10.9859
11.0769
10.6549
10.941
11.04
10.9491
11.008
10.8421
10.8552
10.7231
11.1291
10.9251
10.824
11.076
11.1458
11.097
10.9098
10.8249
10.9401
10.7591
10.7379
10.983
10.9921
10.9839
10.9119
10.8988
10.922
11.059
10.6928
10.8309
10.885
11.018
10.772
10.7491
10.725
10.8969
11.039
10.8931
10.9892
10.72
10.745
11.086
10.808
10.9591
10.7789
10.8531
10.7951
10.905
10.679
10.6959
10.9651
10.8352
11.0471
10.9699
10.644
10.9329
10.956
11.035
10.9951
10.6649
10.633
10.6492
11.0891
10.942
10.8562
11.055
11.1411
10.792
10.7749
10.8221
11.0211
10.8941
10.7698
10.8778
10.9911
11.0359
10.6549
10.8409
10.7212
10.8511
10.7419
10.704
11.0381
10.762
10.901
10.668
10.891
10.7729
11.0161
10.653
11.085
10.998
10.844
10.87
10.69
10.8278
10.9639
10.947
10.7989
11.0798
11.0059
10.782
10.7579
10.751
10.8452
11.019
11.0679
10.9239
10.8471
10.9191
10.998
10.7858
11.0159
10.9482
