0.0184431
0.0176311
0.0176101
0.017616
0.0176001
0.0176091
0.0175972
0.0176089
0.0176179
0.017628
0.017632
0.0176191
0.017611
0.0176229
0.017606
0.0176179
0.0176449
0.017617
0.0176299
0.0176041
0.0176079
0.017617
0.0176151
0.017611
0.0176229
0.0176039
0.0176191
0.0176232
0.017626
0.0176158
0.017621
0.0176089
0.017597
0.0176291
0.0176141
0.017606
0.0176129
0.0176079
0.017606
0.017612
0.017611
0.0176649
0.0176229
0.0176151
0.0176139
0.0176308
0.017612
0.0176289
0.017612
0.0176232
0.0176189
0.0176289
0.017596
0.0176179
0.0176098
0.0176201
0.017611
0.017611
0.017626
0.017607
0.0176139
0.0176089
0.0176141
0.0176051
0.0176351
0.0176239
0.0176139
0.0176229
0.0176189
0.0176141
0.0176091
0.017616
0.017627
0.0176089
0.017622
0.017622
0.0176308
0.0176239
0.0176289
0.0176189
0.0176141
0.017607
0.0176139
0.0176001
0.017616
0.017616
0.017616
0.0176201
0.017638
0.0176151
0.0176198
0.0176079
0.0176198
0.0176198
0.0176179
0.0176301
0.0176082
0.0176151
0.0176241
0.0176079
0.0176289
0.017633
0.017607
0.0176151
0.0176048
0.017612
0.0176051
0.017592
0.0175939
0.0176108
0.0176239
0.0176032
0.0176041
0.0176091
0.0176148
0.0176098
0.0176148
0.0176051
0.017627
0.0176101
0.017627
0.0176051
0.0176311
0.0176001
0.0176032
0.017597
0.017616
0.017606
0.0176029
0.0175891
0.0176132
0.0176091
0.0176132
0.017627
0.0176039
0.017622
0.0176191
0.0176101
0.017617
0.0176182
0.017607
0.0176151
0.0176139
0.017606
0.0176151
0.0176148
0.017606
0.017621
0.017612
0.0176079
0.0176051
0.0176198
0.017612
0.017607
0.0176032
0.0176089
0.0176122
0.017602
0.017611
0.0176041
0.0176101
0.0176091
0.0176129
0.017617
0.017612
0.0176201
0.0176291
0.017611
0.0176139
0.017597
0.0175982
0.0176151
0.0176132
0.017611
0.017616
0.0176229
0.017616
0.0176129
0.0175939
0.0176098
0.017626
0.0176101
0.0176001
0.017611
0.017607
0.0175939
0.0176318
0.0176239
0.0176189
0.017612
0.0176289
0.0176358
0.0176051
0.0176139
0.017637
0.0176251
0.0176141
0.017612
0.017611
0.017628
0.0176041
0.0176241
0.017648
0.0176198
0.0176151
0.0176299
0.0176139
0.0176079
0.017607
0.0176258
0.017622
0.0176048
0.0176091
0.0176029
0.017616
0.017607
0.0175941
0.0176241
0.0176039
0.017607
0.0175991
0.0176241
0.0176241
0.0176239
0.0175989
0.0175951
0.0176101
0.017602
0.0176508
0.0176089
0.0176191
0.0176091
0.017621
0.0176249
0.017627
0.017616
0.017616
0.0176101
0.0176091
0.017616
0.0176189
0.0175998
0.017616
0.0176229
0.017612
0.017616
0.0176079
0.0176151
0.0176032
0.0176289
0.0176129
0.0176289
0.0174649
0.0176089
0.0176108
0.0176079
0.0176229
0.017622
0.0176079
0.0176048
0.0176311
0.017622
0.0176129
0.0176239
0.017621
0.0175991
0.017611
0.0176139
0.017616
0.017626
0.017607
0.017621
0.017617
0.017611
0.017602
0.0176289
0.0176311
0.0176032
0.0176141
0.0176089
0.0176179
0.0176151
0.017617
0.0176179
0.0176189
0.0175998
0.017611
0.017616
0.017616
0.0176129
0.0176048
0.0176089
0.0175989
0.0176158
0.0176151
0.0176032
0.017648
0.0176079
0.017607
0.0176299
0.0176449
0.017611
0.017632
0.0175979
0.0176129
0.017637
0.0176129
0.017626
0.0176239
0.0176101
0.017612
0.0176079
0.0176108
0.0176129
0.0176089
0.017612
0.0175989
0.0176179
0.0176151
0.0176082
0.017617
0.0176108
0.017621
0.017626
0.0176101
0.0176201
0.0175989
0.0176101
0.017596
0.0176098
0.017607
0.0176239
0.0176172
0.0176201
0.017616
0.017638
0.017616
0.0176129
0.0176139
0.017626
0.0176139
0.0176139
0.0175989
0.0175998
0.0176029
0.017626
0.017626
0.0176091
0.017628
0.0176311
0.0176129
0.0176139
0.017606
0.0176101
0.0176179
0.0176079
0.0176241
0.0176251
0.0176139
0.017607
0.0176132
0.0176151
0.0176132
0.0176191
0.0176311
0.0176282
0.017607
0.0176139
0.017602
0.0176039
0.0176051
0.0176001
0.017622
0.0176251
0.0176001
0.017602
0.017622
0.017602
0.0176108
0.017638
0.017607
0.0176241
0.017602
0.017617
0.0176148
0.017628
0.0176299
0.0176189
0.017632
0.0175951
0.0176311
0.0176308
0.0176101
0.017622
0.0176229
0.0176101
0.0176079
0.0176201
0.0176191
0.0176139
0.017628
0.0175989
0.0175989
0.0176151
0.0176339
0.0176051
0.0176251
0.0175991
0.0175979
0.017607
0.0176101
0.0176048
0.0176351
0.0176151
0.0176129
0.017611
0.0176189
0.0175979
0.0176189
0.0176241
0.0176141
0.0176132
0.0176129
0.017633
0.017601
0.0176101
0.017627
0.0176029
0.0176048
0.017633
0.0176048
0.017606
0.0176041
0.017616
0.0176349
0.017616
0.0176001
0.0176051
0.0176079
0.0176229
0.017616
0.017621
0.0176051
0.017606
0.0176229
0.0176249
0.0176029
0.0176141
0.0176079
0.017621
0.0175991
0.017607
0.017611
0.017602
0.017617
0.0175929
0.0176141
0.017611
0.0176458
0.017597
0.0176282
0.0176079
0.017622
0.017642
0.0176151
0.0176091
0.017612
0.017617
0.0176251
0.0176229
0.0176041
0.017626
0.0176289
0.0176039
0.017621
0.0176091
0.017612
0.0176239
0.0176198
0.017617
0.0176089
0.0175982
0.0176151
0.0176041
0.017622
0.0176249
0.017601
0.017621
0.0176089
0.0176032
0.0176089
0.0176151
0.0176072
0.0176179
0.017611
0.017612
0.0176089
0.0176079
0.017622
0.017606
