0.0325229
0.032707
0.032691
0.0327139
0.032629
0.032692
0.0327098
0.03264
0.032711
0.0326989
0.0326312
0.032701
0.032697
0.0326121
0.032707
0.0326951
0.0326428
0.0326979
0.0327022
0.0326951
0.0326209
0.0327039
0.0327101
0.032618
0.03268
0.032692
0.0326259
0.0327032
0.032685
0.03269
0.0326848
0.032716
0.032614
0.032685
0.0327051
0.0326788
0.032685
0.0326889
0.032625
0.0326822
0.03269
0.0326262
0.032696
0.032697
0.0326829
0.0326431
0.0326931
0.0327151
0.0326421
0.0327001
0.0326898
0.0326281
0.032691
0.0326951
0.0326219
0.0326989
0.0326779
0.0326819
0.0327201
0.0326879
0.0326178
0.0326879
0.03269
0.0326941
0.0327079
0.03269
0.0326881
0.0326259
0.0326941
0.032691
0.0326431
0.032706
0.0326998
0.0326381
0.0326979
0.0326991
0.0326278
0.032706
0.0326941
0.0326331
0.0327079
0.0326822
0.032619
0.0326991
0.032692
0.0326159
0.0326779
0.0326922
0.0326149
0.0327051
0.0327101
0.0326369
0.0327229
0.032707
0.0326838
0.0327001
0.0327182
0.0327098
0.0326419
0.0326951
0.0326951
0.032634
0.0326979
0.0327039
0.03265
0.032702
0.032726
0.0327098
0.032712
0.0327101
0.0326931
0.0326991
0.0327129
0.032697
0.032701
0.0327079
0.0326951
0.0327179
0.0326869
0.0326948
0.032686
0.032629
0.03269
0.032712
0.0326359
0.032707
0.032701
0.0326431
0.0326951
0.03269
0.0326829
0.0327008
0.0326939
0.0326869
0.0327101
0.0327098
0.032696
0.0326171
0.0327091
0.032721
0.0326929
0.0326879
0.0327051
0.0326939
0.0326989
0.0327091
0.0326989
0.0326231
0.032702
0.0327091
0.032645
0.032685
0.032711
0.032634
0.0327072
0.032702
0.032696
0.0326431
0.032691
0.0327072
0.0326989
0.0326979
0.032701
0.0327072
0.032692
0.032721
0.032697
0.0327079
0.032706
0.032712
0.0326209
0.0326822
0.0326791
0.032686
0.032697
0.0327041
0.0326259
0.0327001
0.0326941
0.0326431
0.0326951
0.0326729
0.03269
0.0327041
0.0326891
0.032707
0.03268
0.032681
0.0327172
0.0326281
0.0327132
0.032697
0.032613
0.032685
0.032692
0.0326812
0.0327029
0.0326922
0.032691
0.032697
0.0326972
0.0327051
0.0326381
0.0327029
0.032701
0.0326328
0.032685
0.032692
0.0326891
0.0326862
0.0326951
0.0327072
0.032692
0.0326889
0.032675
0.0326929
0.032702
0.0326741
0.0326929
0.032686
0.032692
0.032676
0.0326772
0.0326838
0.0326109
0.0326798
0.0327051
0.0326638
0.032676
0.032681
0.0326729
0.0326898
0.032696
0.0326791
0.032696
0.0327079
0.0326941
0.032706
0.0326781
0.0326991
0.0326829
0.0326831
0.032686
0.0326829
0.0327051
0.0326941
0.0326869
0.0326929
0.0326941
0.0326822
0.0326879
0.032676
0.0326922
0.0326741
0.0326989
0.0327041
0.0326929
0.0327129
0.0327022
0.032697
0.0326688
0.032697
0.0326889
0.032676
0.0326939
0.0326929
0.0326989
0.0327051
0.0327029
0.0326951
0.0326822
0.032686
0.0326798
0.032692
0.0326889
0.0326869
0.032697
0.032675
0.0326841
0.0326731
0.032685
0.032701
0.0326939
0.03268
0.0326848
0.0327001
0.0326869
0.0326941
0.032685
0.0326989
0.0326869
0.0327101
0.0327129
0.032697
0.0327179
0.0326879
0.032676
0.0327008
0.0326891
0.0326982
0.0326841
0.032676
0.0326929
0.0327129
0.0326822
0.0326951
0.0326779
0.0326769
0.0326819
0.032676
0.032707
0.0326941
0.0326929
0.0326898
0.0326891
0.0327041
0.032691
0.0326829
0.032692
0.0326848
0.0326791
0.032685
0.032711
0.0326929
0.0326989
0.0326889
0.0327041
0.0326829
0.0326838
0.0326979
0.032686
0.0326791
0.0326822
0.0326831
0.0326769
0.0326791
0.032697
0.0326719
0.0326228
0.0326719
0.0326769
0.032686
0.0326829
0.032671
0.03268
0.0326788
0.032686
0.0327051
0.0326931
0.0326939
0.032691
0.032692
0.0326869
0.0326891
0.032702
0.032696
0.0326951
0.0326889
0.032686
0.0326788
0.0326979
0.0326819
0.0326998
0.0326898
0.0326869
0.032685
0.032676
0.0326798
0.0326679
0.0326979
0.032686
0.03269
0.0326831
0.032675
0.0326831
0.0326741
0.03268
0.0326848
0.032696
0.0326819
0.032681
0.0326769
0.0326872
0.032696
0.032675
0.0326681
0.0326881
0.0326769
0.0326641
0.0326991
0.0326869
0.0326979
0.0326869
0.0326831
0.0326819
0.0327089
0.0327079
0.0326779
0.0326791
0.032671
0.0327022
0.0326931
0.032692
0.032685
0.0326891
0.0326171
0.0326891
0.0326891
0.0326731
0.0326779
0.032696
0.0326922
0.03268
0.0326848
0.0326791
0.0326781
0.0326691
0.0326822
0.032685
0.0326848
0.0326879
0.0326631
0.0326929
0.0327089
0.03269
0.0326922
0.032706
0.0326838
0.0326979
0.032701
0.032686
0.032676
0.032697
0.032686
0.032697
0.0327139
0.032702
0.0326848
0.032702
0.0326879
0.03269
0.032702
0.0326829
0.0326891
0.032701
0.032681
0.032691
0.0326939
0.03268
0.0326819
0.032691
0.0326931
0.032685
0.0326838
0.0326951
0.0327041
0.0327051
0.032701
0.032711
0.0327091
0.0326262
0.032691
0.0326841
0.0326769
0.0326891
0.032697
0.0326779
0.032685
0.03269
0.0326972
0.032701
0.0327051
0.0326769
0.032691
0.0326991
0.0326872
0.0326929
0.032696
0.032702
0.032692
0.0326941
0.0326841
0.03268
0.0326831
0.0326881
0.0327091
0.0326102
0.032697
0.032696
0.032686
0.0326989
0.0326889
0.03269
0.03269
0.0326722
0.0326719
0.0326819
0.0326719
0.032686
0.0326719
