0.0217071
0.021064
0.02108
0.02107
0.0210631
0.0210681
0.0210559
0.021045
0.021071
0.0210412
0.02107
0.02108
0.02107
0.0210621
0.0210562
0.021071
0.0210619
0.0210629
0.021059
0.0210562
0.021055
0.02106
0.0210531
0.021065
0.0210769
0.021064
0.0210562
0.0210569
0.021081
0.0210891
0.021085
0.0210721
0.021065
0.021059
0.0210681
0.021065
0.0210819
0.0210731
0.021059
0.0210679
0.0210741
0.0210681
0.021054
0.0210578
0.0211408
0.0210619
0.0210719
0.021086
0.0210669
0.0210629
0.0210741
0.0210671
0.0210681
0.021059
0.021065
0.021055
0.0210638
0.021075
0.021142
0.0210578
0.0210631
0.0210819
0.021069
0.0210631
0.02107
0.021069
0.021065
0.0211329
0.02109
0.0210559
0.0210721
0.0210819
0.021126
0.0210681
0.0210719
0.0210559
0.0210772
0.021054
0.0210619
0.0210671
0.0211391
0.02107
0.021065
0.021138
0.0210662
0.0211251
0.0210621
0.02107
0.0210531
0.021064
0.021055
0.0211172
0.0211201
0.0210531
0.021142
0.0210631
0.0210671
0.0210531
0.0211179
0.0210681
0.0210571
0.02106
0.021153
0.02107
0.021117
0.0210552
0.0211411
0.0211282
0.021049
0.0211411
0.0210719
0.021055
0.021127
0.0211239
0.0211272
0.021131
0.0210531
0.0211289
0.0210569
0.0211191
0.0210779
0.0210631
0.0211349
0.0211339
0.021111
0.0211201
0.02107
0.02106
0.0211461
0.021065
0.0210822
0.0211151
0.0211251
0.0211148
0.0211201
0.0211151
0.0210662
0.0211229
0.021054
0.021059
0.021132
0.0211251
0.021066
0.021116
0.0211148
0.021127
0.02106
0.021126
0.021054
0.0211151
0.0210488
0.0211229
0.0211189
0.021112
0.0210521
0.021117
0.0211329
0.0210822
0.021117
0.0211332
0.021106
0.0211308
0.0211222
0.021117
0.0211089
0.021121
0.0211072
0.021065
0.0211179
0.0211241
0.0211151
0.0211432
0.021121
0.0211401
0.021137
0.021071
0.0210609
0.0211232
0.0211139
0.0211301
0.0211282
0.021121
0.0211251
0.0210631
0.021132
0.021111
0.0211148
0.021117
0.0211589
0.021111
0.0211301
0.0211282
0.02107
0.021117
0.021132
0.021106
0.0211201
0.021121
0.0211301
0.0211129
0.0211248
0.021066
0.021132
0.021137
0.0211461
0.021136
0.0211129
0.021127
0.0210581
0.0211151
0.0210631
0.021138
0.0211251
0.021122
0.021116
0.0211282
0.0211329
0.0211229
0.0210841
0.021132
0.0211129
0.021117
0.021136
0.0211248
0.0211051
0.0211191
0.021127
0.021143
0.0211241
0.0211141
0.0211191
0.0211031
0.0211329
0.0211239
0.021064
0.0211151
0.0211279
0.021152
0.0211232
0.0211229
0.021121
0.0211298
0.021111
0.021112
0.021111
0.021122
0.0211301
0.0211191
0.0211308
0.021138
0.0211382
0.0211332
0.0211041
0.021126
0.0211232
0.0211179
0.021121
0.0211289
0.0210619
0.0211089
0.0211151
0.021136
0.0211282
0.0211251
0.0211191
0.0211151
0.021116
0.0211251
0.021137
0.0211251
0.021111
0.0211289
0.0211279
0.0211229
0.021126
0.021136
0.021121
0.0211329
0.0211189
0.0211229
0.0211182
0.021111
0.0210762
0.0211418
0.021101
0.0211201
0.0211148
0.0211279
0.0211051
0.0211461
0.0211179
0.0211241
0.0211189
0.021112
0.021126
0.021127
0.0211172
0.0211279
0.0211401
0.0211341
0.0211198
0.0211179
0.0211229
0.0211279
0.0211191
0.0211351
0.021132
0.021132
0.0211132
0.0211251
0.021132
0.0211232
0.0211241
0.0211349
0.0211408
0.0211179
0.0211329
0.0211189
0.0211332
0.021127
0.021122
0.021116
0.021122
0.0211201
0.021138
0.0211298
0.021126
0.0211182
0.0211229
0.021132
0.0211241
0.021127
0.0211289
0.0211332
0.021127
0.0211141
0.0211151
0.0211308
0.0211151
0.0211201
0.0211241
0.0211411
0.0211239
0.021157
0.02107
0.0211349
0.0211332
0.021122
0.021132
0.0211279
0.0211201
0.0211201
0.021136
0.021116
0.021122
0.0211289
0.021127
0.0211132
0.021127
0.0211051
0.0211341
0.021131
0.0211341
0.0211301
0.0211122
0.021143
0.0211079
0.021132
0.0211301
0.0211189
0.0211401
0.0211172
0.021137
0.0211141
0.0211101
0.0211399
0.0211241
0.021132
0.021122
0.021126
0.0211201
0.021111
0.021137
0.021127
0.021127
0.0211442
0.0211339
0.0211968
0.0211148
0.0211198
0.021116
0.021122
0.021132
0.0211229
0.0211351
0.0211051
0.0211172
0.021127
0.021127
0.0211129
0.0211308
0.0211279
0.0211282
0.0211272
0.0211232
0.0211229
0.021127
0.0211151
0.021131
0.0211229
0.021126
0.0211251
0.0211229
0.0211151
0.0211198
0.0211298
0.021127
0.021126
0.0211241
0.0211251
0.0211179
0.021117
0.0211492
0.0211248
0.021126
0.021132
0.021117
0.0211332
0.0211279
0.021132
0.0211391
0.021126
0.021127
0.0211341
0.0211279
0.021153
0.021153
0.0211248
0.021121
0.0211139
0.021179
0.0211339
0.021137
0.0211091
0.0211461
0.021131
0.021122
0.021111
0.0211411
0.0211301
0.0211418
0.021131
0.021122
0.0211461
0.021142
0.021137
0.021126
0.021122
0.0211329
0.0211241
0.0211232
0.0211229
0.021127
0.0211532
0.021127
0.0211201
0.0211248
0.0211251
0.0211229
0.021131
0.0211098
0.021132
0.021127
0.0211511
0.021138
0.0211399
0.0211301
0.021112
0.021126
0.0211101
0.0211358
0.0211139
0.0211189
0.021183
0.0211279
0.0211172
0.021122
0.0211482
0.021121
0.021131
0.0211308
0.0211251
0.0211291
0.0211279
0.0211279
0.0211308
0.021189
0.021127
0.0211239
0.0211909
