0.029814
0.02916
0.0291719
0.029165
0.029156
0.0291572
0.029182
0.0291722
0.0291929
0.0291669
0.02916
0.029175
0.029176
0.029171
0.0291622
0.0291569
0.0291691
0.02916
0.0291638
0.029161
0.0291619
0.029161
0.0291569
0.029156
0.0291789
0.0291739
0.0291579
0.02916
0.029166
0.02916
0.029186
0.0291631
0.0291572
0.0291512
0.02917
0.0291531
0.029166
0.0291741
0.02916
0.0291631
0.02918
0.0291698
0.0291529
0.029182
0.0291688
0.02914
0.029161
0.029161
0.0291669
0.0291569
0.02916
0.029171
0.0291779
0.0291622
0.0291641
0.029156
0.02917
0.02918
0.02914
0.0291581
0.029144
0.0291679
0.0291731
0.0291572
0.0291688
0.029165
0.029161
0.0291588
0.0291779
0.029166
0.02916
0.0291629
0.029166
0.0291581
0.029156
0.029175
0.029166
0.029177
0.029156
0.029171
0.0291619
0.029166
0.0291741
0.0291879
0.0291679
0.0291629
0.0291851
0.02916
0.029165
0.02917
0.029176
0.0291562
0.0291691
0.0291622
0.0291779
0.029181
0.0291688
0.0291591
0.0291679
0.0291719
0.0291569
0.0291681
0.029177
0.029165
0.0291681
0.0291622
0.0291641
0.029177
0.02917
0.0291569
0.0291622
0.0291719
0.029165
0.0291569
0.029192
0.02918
0.0291688
0.0291591
0.0291698
0.0291779
0.0291779
0.029176
0.029161
0.029166
0.0291731
0.029161
0.02917
0.029177
0.0291731
0.0291669
0.0291748
0.0291719
0.0291669
0.0291789
0.0291779
0.02918
0.0291669
0.029166
0.0291619
0.029144
0.0291741
0.0291688
0.0291629
0.029161
0.029155
0.0291488
0.029151
0.0291569
0.0291591
0.0291591
0.029186
0.029177
0.029175
0.0291729
0.02918
0.0291851
0.029176
0.029166
0.0291679
0.0291591
0.0291591
0.029177
0.0291681
0.0291841
0.029166
0.02918
0.0291669
0.0291729
0.0291679
0.029176
0.0291929
0.0291569
0.029161
0.0291741
0.0291719
0.02917
0.029165
0.029166
0.0291471
0.0291631
0.0291591
0.0291569
0.02917
0.029177
0.029166
0.0291591
0.0291791
0.0291679
0.029166
0.0291688
0.0291641
0.029166
0.0291591
0.029176
0.0291681
0.0291581
0.0291691
0.0291522
0.0291741
0.029181
0.0291691
0.02918
0.0291719
0.0291731
0.0291629
0.029171
0.0291688
0.0291779
0.029161
0.0291748
0.029177
0.029186
0.0291729
0.0291748
0.0291619
0.02916
0.0291691
0.0291629
0.0291729
0.029166
0.0291741
0.0291572
0.029166
0.0291619
0.0291638
0.029177
0.0291591
0.029171
0.0291619
0.0291729
0.029176
0.0291641
0.0291638
0.0291491
0.0291772
0.0291719
0.029161
0.0291641
0.0291779
0.0291679
0.0291719
0.0291531
0.0291641
0.029151
0.029165
0.0291781
0.0291641
0.029171
0.029191
0.0291779
0.0291789
0.029165
0.0291719
0.0291629
0.029175
0.0291631
0.0291562
0.0291731
0.029175
0.029182
0.02915
0.029165
0.029155
0.0291781
0.0291741
0.0291619
0.0291691
0.02915
0.029175
0.0291779
0.02917
0.0291841
0.0291882
0.0291748
0.0291829
0.0291688
0.0291739
0.029161
0.029171
0.029171
0.0291841
0.0291569
0.0291622
0.0291791
0.0291772
0.029175
0.029177
0.029171
0.0291879
0.0291739
0.029181
0.0291839
0.02917
0.0291681
0.0291691
0.0291619
0.029175
0.029175
0.0291729
0.029165
0.0291829
0.029175
0.029181
0.0291681
0.029182
0.02917
0.0291779
0.0291929
0.0291839
0.0291619
0.0291991
0.0291889
0.0291741
0.0291629
0.0291712
0.0291638
0.0291731
0.0291791
0.0291641
0.029186
0.0291772
0.029175
0.0291791
0.029181
0.0291729
0.0291779
0.0291939
0.029175
0.0291531
0.02915
0.0291619
0.029176
0.0291691
0.029165
0.029176
0.029176
0.029175
0.029166
0.0291781
0.0291829
0.029177
0.029175
0.029165
0.0291719
0.0291779
0.0291679
0.02918
0.02917
0.0291641
0.0291779
0.0291719
0.029161
0.029181
0.0291941
0.0291741
0.029187
0.029176
0.0291739
0.0291979
0.0291789
0.0291779
0.0291829
0.0291641
0.029171
0.0291731
0.0291729
0.0291729
0.0291679
0.029166
0.029192
0.0291681
0.029165
0.0291641
0.0291731
0.029171
0.029161
0.029166
0.029161
0.029175
0.0291569
0.029165
0.029181
0.029171
0.0291719
0.0291729
0.029171
0.029186
0.0291698
0.0291982
0.029177
0.0291641
0.0291729
0.0291779
0.0291739
0.02917
0.0291762
0.029191
0.029175
0.0291781
0.029171
0.0291669
0.0291681
0.0291672
0.029166
0.029175
0.029196
0.0291779
0.0291879
0.0291691
0.02918
0.0291739
0.029182
0.0291629
0.0291729
0.0291729
0.02916
0.029171
0.029181
0.029176
0.029156
0.029186
0.029156
0.0291791
0.0291781
0.0291889
0.0291669
0.0291669
0.0291779
0.0291719
0.0291679
0.0291679
0.0291669
0.0291672
0.0291619
0.0291622
0.0291638
0.02917
0.029187
0.0291841
0.029176
0.029187
0.029166
0.0291648
0.0291779
0.029181
0.029176
0.0291741
0.029181
0.029181
0.0291798
0.0291772
0.029181
0.0291851
0.0291679
0.0291729
0.02917
0.02917
0.029177
0.0291739
0.0291739
0.029171
0.0291798
0.029186
0.0291631
0.0291879
0.0291591
0.029166
0.0291698
0.029191
0.0291741
0.0291882
0.029171
0.029161
0.0291829
0.02915
0.0291741
0.02917
0.0291741
0.0291519
0.0291829
0.029176
0.0291731
0.0291829
0.029175
0.0291829
0.0291591
0.0291781
0.0291879
0.029166
0.0291891
0.0291579
0.0291779
0.0291679
0.029181
0.0291781
0.0291679
0.0291579
0.0291691
0.02918
0.0291591
