0.011682
0.011472
0.011447
0.011461
0.0114391
0.011456
0.0114429
0.0114489
0.0114629
0.011446
0.011456
0.0114598
0.0114269
0.0114441
0.0114412
0.011462
0.01144
0.0114381
0.0114601
0.011436
0.011446
0.011462
0.011482
0.011446
0.011441
0.011435
0.011451
0.0114391
0.0114629
0.0114529
0.0114338
0.0114441
0.0114441
0.011447
0.011441
0.0114272
0.011451
0.011452
0.011467
0.0114441
0.0114388
0.0114279
0.011431
0.0114419
0.011447
0.011445
0.0114501
0.0114701
0.0114641
0.0114441
0.0114412
0.0114422
0.011435
0.0114429
0.0114472
0.0114491
0.011471
0.011462
0.0114532
0.011452
0.0114579
0.0114522
0.0114419
0.0114369
0.0114479
0.011441
0.011445
0.0114322
0.011426
0.0114501
0.0114429
0.011445
0.011425
0.0114551
0.0114608
0.011456
0.011431
0.0114472
0.0114548
0.01144
0.0114479
0.011441
0.0114369
0.0114338
0.0114572
0.0114481
0.0114529
0.011445
0.01143
0.011466
0.0114529
0.0114439
0.0114429
0.0114591
0.0114601
0.011461
0.0114441
0.0114388
0.0114629
0.0114751
0.0114429
0.0114439
0.011452
0.0114582
0.0114441
0.0114441
0.0114651
0.0114799
0.0114601
0.011446
0.0114419
0.011435
0.011445
0.0114379
0.0114629
0.0114942
0.0114579
0.0114582
0.011452
0.0114632
0.0114541
0.0114529
0.0114608
0.0114489
0.0114269
0.0114539
0.0114341
0.0114279
0.011456
0.0114229
0.0114191
0.0114481
0.0114651
0.0114391
0.0114369
0.011431
0.0114372
0.0114579
0.0114539
0.0114548
0.011451
0.0114698
0.011452
0.0114658
0.0114501
0.0114319
0.011441
0.0114529
0.011441
0.011441
0.011441
0.011457
0.0114429
0.0114489
0.011456
0.0114429
0.0113161
0.0114338
0.011436
0.0114379
0.011446
0.01144
0.0114391
0.0114579
0.011441
0.011445
0.0114429
0.0114341
0.011415
0.011441
0.0114291
0.011452
0.0114532
0.0114479
0.0114501
0.0114431
0.0114281
0.011436
0.011456
0.0114672
0.01144
0.0114431
0.011461
0.011457
0.011445
0.01144
0.0114601
0.0114331
0.0114322
0.0114489
0.0114248
0.0114429
0.011436
0.0114231
0.01144
0.0114372
0.0114441
0.0114279
0.0114379
0.0114391
0.0114601
0.0114479
0.011471
0.011451
0.0114501
0.011446
0.0114431
0.011472
0.0114429
0.0114598
0.011421
0.011447
0.0114491
0.0114341
0.0114641
0.0114501
0.0114479
0.011421
0.0114491
0.0114479
0.0114331
0.0114429
0.0114379
0.0114369
0.0114572
0.011456
0.0114341
0.0114229
0.011447
0.0114272
0.0114229
0.0114541
0.0114579
0.0114472
0.011431
0.0114489
0.011446
0.011461
0.0114439
0.011456
0.011457
0.0114481
0.011467
0.0114419
0.0114629
0.0114479
0.0114448
0.011452
0.0114601
0.0114601
0.0114651
0.0114338
0.0114429
0.0114551
0.011452
0.0114532
0.0114479
0.011447
0.0114419
0.0114322
0.011445
0.011436
0.0114598
0.011441
0.01143
0.011435
0.0114231
0.0114751
0.0114648
0.0114679
0.011445
0.0114422
0.01144
0.011421
0.011425
0.0114501
0.0114341
0.0114501
0.011457
0.0114448
0.0114441
0.0114279
0.011436
0.011461
0.0114419
0.01144
0.01144
0.0114429
0.0114388
0.0114429
0.0114758
0.011462
0.011445
0.011451
0.0114429
0.0114758
0.0114341
0.011441
0.0114391
0.0114579
0.011441
0.011472
0.0114422
0.0114388
0.011447
0.0114639
0.0114379
0.0114241
0.011451
0.0114331
0.011457
0.0114529
0.0114439
0.0114319
0.0114441
0.011436
0.0114291
0.0114329
0.011441
0.0114622
0.0114682
0.0114369
0.0114429
0.0114379
0.011457
0.0114319
0.011457
0.011456
0.0114419
0.0114288
0.0114498
0.0114391
0.0114901
0.0114431
0.011447
0.0114391
0.011461
0.0114331
0.0114582
0.0114572
0.0114539
0.0114369
0.0114639
0.0114479
0.011477
0.011452
0.011435
0.0114541
0.0114529
0.0114372
0.0114429
0.0114679
0.011452
0.0114701
0.011447
0.011436
0.0114281
0.0114429
0.011472
0.0114479
0.0114651
0.011446
0.0114439
0.0114319
0.011426
0.0114481
0.01144
0.011456
0.0114379
0.011461
0.011456
0.011446
0.011456
0.0114591
0.0114419
0.011451
0.0114539
0.0114601
0.011462
0.011447
0.011446
0.011445
0.01144
0.011452
0.0114331
0.0114331
0.0114319
0.0114529
0.0114229
0.0114331
0.0114522
0.01144
0.011461
0.0114341
0.0114551
0.0114322
0.0114369
0.0114369
0.01144
0.011457
0.011451
0.0114431
0.0114341
0.0114591
0.0114579
0.0114582
0.011447
0.011446
0.011431
0.011457
0.0114739
0.011451
0.0114379
0.01142
0.011456
0.011436
0.011435
0.011445
0.011447
0.0114579
0.0114479
0.011445
0.011445
0.0114439
0.0114341
0.01144
0.0114388
0.011446
0.011451
0.0114501
0.0114279
0.011441
0.011441
0.011441
0.0114422
0.0114491
0.0114381
0.0114281
0.011446
0.0114489
0.0114329
0.0114429
0.011425
0.0114431
0.0114498
0.0114429
0.0114291
0.011436
0.011451
0.0114622
0.011435
0.0114491
0.0114279
0.01142
0.0114319
0.0114269
0.011472
0.011447
0.011446
0.011456
0.0114441
0.0114541
0.0114472
0.0114439
0.0114391
0.0114319
0.011457
0.011451
0.0114501
0.0114331
0.011445
0.011441
0.0114231
0.011435
0.01144
0.0114441
0.0114501
0.0114429
0.0114479
0.0114679
0.0114231
0.0114529
0.011441
0.0114391
0.0114629
0.011431
0.011446
0.0114589
0.0114341
0.0114379
0.0114331
0.011435
0.0114398
0.0114329
0.011446
0.0114241
0.0114419
0.011426
0.0114591
0.011441
