0.0172291
0.0171771
0.017185
0.017169
0.0171649
0.017189
0.0171812
0.0171728
0.0171719
0.0171778
0.0171869
0.0172069
0.017168
0.01719
0.0171781
0.0172021
0.017195
0.0171759
0.0171978
0.0171971
0.0171769
0.0171828
0.017185
0.0171859
0.0171981
0.0171878
0.017194
0.0171971
0.0172009
0.0171771
0.0171759
0.0171869
0.0172
0.0171878
0.017168
0.0171869
0.0171819
0.0171912
0.0171709
0.0171781
0.0171759
0.0171819
0.0171852
0.017179
0.0171809
0.0171821
0.0171759
0.0171809
0.01719
0.0172079
0.017179
0.017184
0.017175
0.017199
0.01718
0.0171611
0.0171711
0.0171878
0.017199
0.0172029
0.0172231
0.01717
0.0171769
0.017175
0.017175
0.0171881
0.017205
0.017185
0.0172019
0.0172169
0.0171909
0.0171971
0.017185
0.0171831
0.0171731
0.01718
0.017175
0.0172
0.017179
0.017194
0.017215
0.017184
0.0171919
0.017175
0.0172012
0.017194
0.0171821
0.0171921
0.017179
0.0171819
0.0171781
0.0171809
0.0172019
0.0171649
0.0171838
0.0171869
0.0171921
0.017205
0.0171869
0.0171881
0.0171909
0.017189
0.017185
0.01721
0.0171731
0.017195
0.0171809
0.0171871
0.0171878
0.0171881
0.017184
0.0171731
0.0171859
0.0171719
0.01719
0.0171912
0.017185
0.0171731
0.0171809
0.017204
0.0171709
0.0172009
0.017175
0.017199
0.0171809
0.0172071
0.0172
0.0171781
0.017184
0.017194
0.017194
0.0171859
0.0171769
0.017195
0.0171859
0.017184
0.017194
0.0171759
0.017199
0.0172069
0.0171959
0.01719
0.0171821
0.0171912
0.0171902
0.01719
0.017175
0.0172029
0.0171919
0.0171921
0.0171981
0.017184
0.0171959
0.0171819
0.0171819
0.0171909
0.017189
0.0171838
0.01721
0.0171869
0.0171769
0.0171862
0.0171981
0.0171831
0.0171731
0.017184
0.0171781
0.0171912
0.0171921
0.0171721
0.017179
0.0171719
0.017194
0.0171881
0.0171931
0.017194
0.0172019
0.0172021
0.017194
0.017199
0.0171809
0.0172091
0.017195
0.0171862
0.0171812
0.0171871
0.0172081
0.017199
0.017195
0.0171981
0.017189
0.0171819
0.0171902
0.017175
0.0171709
0.017184
0.0171931
0.017179
0.017199
0.0171871
0.0171721
0.0171869
0.017199
0.0171931
0.0171869
0.0171771
0.017199
0.0171981
0.0171802
0.0171731
0.017194
0.017174
0.0172002
0.0171919
0.0171909
0.0171852
0.017179
0.0171821
0.017184
0.01719
0.0171878
0.0171828
0.017194
0.0171881
0.01722
0.0171819
0.0172
0.017204
0.0172081
0.017194
0.0171919
0.0171871
0.0171909
0.0171659
0.0171762
0.0172071
0.0172009
0.0171869
0.0171709
0.0171821
0.0172
0.0171781
0.01718
0.0171959
0.0171928
0.0171909
0.017175
0.0171719
0.017185
0.0171831
0.0171769
0.0171981
0.0171909
0.017189
0.017185
0.0171759
0.0171831
0.0172019
0.0171721
0.017174
0.017179
0.017189
0.0171721
0.017169
0.017185
0.0171819
0.0171859
0.0171859
0.0171881
0.0171752
0.0171862
0.0171938
0.0171881
0.017189
0.0171869
0.017189
0.017185
0.017179
0.0171969
0.0171919
0.0171919
0.017169
0.0171819
0.01718
0.01718
0.017194
0.0171881
0.0171759
0.0171819
0.0171909
0.017185
0.017175
0.0171928
0.0171719
0.0171971
0.0171871
0.0171731
0.0171771
0.017195
0.0171931
0.0171919
0.0171719
0.017175
0.0171931
0.01719
0.0172031
0.017184
0.0172
0.017174
0.0171819
0.0171981
0.0171771
0.017189
0.0172219
0.0172009
0.017184
0.0171721
0.0171921
0.0171728
0.017189
0.01719
0.0171921
0.0171871
0.0171871
0.0171721
0.017184
0.0171831
0.0171731
0.01718
0.0171731
0.0171981
0.0171919
0.0171878
0.017199
0.01719
0.0171652
0.0171871
0.0171771
0.0172009
0.017185
0.0171881
0.01717
0.0172009
0.0171812
0.0171771
0.017184
0.0172
0.0171971
0.0171971
0.0171731
0.0171778
0.0171769
0.0171881
0.017189
0.0171878
0.01719
0.017179
0.0171731
0.0171862
0.0171909
0.0172031
0.017168
0.017174
0.0171599
0.0171909
0.017195
0.0171871
0.0171909
0.017184
0.0171862
0.0171912
0.017194
0.01719
0.01718
0.0171821
0.0171719
0.0171809
0.0171762
0.0172071
0.0171921
0.0171711
0.017174
0.0171809
0.017189
0.0171771
0.0171859
0.017199
0.017225
0.0171702
0.017185
0.0171928
0.0172
0.0171902
0.0172079
0.0171909
0.0171869
0.0171981
0.0171971
0.0172181
0.0171778
0.017169
0.017185
0.017179
0.0171921
0.0172009
0.0171909
0.01721
0.0172081
0.0171871
0.0171931
0.0171831
0.017174
0.0171721
0.017195
0.0171862
0.017185
0.0171821
0.0171981
0.0172
0.0171859
0.0172009
0.0171711
0.0171921
0.017179
0.0171821
0.017205
0.0171859
0.0172081
0.0171828
0.017205
0.0171831
0.017189
0.0171938
0.017185
0.017189
0.0171809
0.0171781
0.0172231
0.0171831
0.0171969
0.0171649
0.0171902
0.017185
0.0171721
0.0171959
0.0171781
0.0171762
0.0171731
0.017185
0.0171812
0.0171852
0.017189
0.0171771
0.0172031
0.017184
0.01719
0.01719
0.017184
0.0171971
0.017185
0.017175
0.0171819
0.0171828
0.0171809
0.0171859
0.0171912
0.0171711
0.017184
0.0172009
0.017206
0.0171869
0.017211
0.017195
0.017205
0.0171731
0.0172138
0.0171771
0.017174
0.017185
0.0171919
0.0171831
0.017194
0.0171771
0.0171831
0.0172062
0.0171971
0.0171771
0.017221
0.0171731
0.0171802
0.0171781
0.0171771
0.0171769
0.01721
0.0172
0.0171731
0.0171921
0.01719
0.0171771
0.01719
