0.0163081
0.0162258
0.0162492
0.0162668
0.016232
0.0162389
0.0162511
0.0162442
0.016247
0.016263
0.0162401
0.0162358
0.016232
0.016238
0.016222
0.0162439
0.016263
0.0162399
0.016238
0.016232
0.0162439
0.016252
0.0162749
0.016248
0.016274
0.0162561
0.0162611
0.0162399
0.016258
0.0162709
0.0162401
0.0162451
0.016259
0.0162411
0.0162439
0.0162451
0.0162518
0.016257
0.0162311
0.0162761
0.0162539
0.016259
0.0162399
0.016248
0.016252
0.016248
0.016258
0.0162411
0.0162451
0.016258
0.016253
0.0162611
0.0162349
0.016248
0.0162401
0.016252
0.0162339
0.0162551
0.0162342
0.0162349
0.0162389
0.0162399
0.0162511
0.0162299
0.0162411
0.0162611
0.0162508
0.016264
0.0162539
0.0162368
0.0162392
0.0162489
0.0162518
0.0162489
0.0162539
0.0162711
0.016243
0.0162499
0.016242
0.0162551
0.016232
0.0162642
0.0162301
0.0162461
0.016258
0.016257
0.0162442
0.0162442
0.0162389
0.0162449
0.016257
0.016242
0.016243
0.016248
0.0162449
0.0162411
0.0162749
0.0162389
0.0162339
0.016237
0.0162411
0.0162401
0.016242
0.0162442
0.016237
0.016248
0.0162561
0.0162458
0.0162401
0.016233
0.016243
0.016243
0.016263
0.0162661
0.0162709
0.0162621
0.016228
0.0162492
0.0162339
0.016268
0.0162342
0.0162451
0.016227
0.0162382
0.016233
0.0162549
0.0162752
0.0162499
0.016252
0.0162301
0.0162492
0.0162351
0.0162539
0.0162668
0.016274
0.016237
0.016237
0.016238
0.0162489
0.0162439
0.016232
0.0162292
0.0162301
0.0162368
0.0162361
0.0162439
0.0162351
0.0162399
0.0162399
0.0162618
0.016238
0.0162561
0.0162539
0.016248
0.016233
0.0162261
0.0162408
0.016237
0.0162611
0.016233
0.016257
0.0162299
0.016237
0.0162599
0.0162501
0.016248
0.016242
0.016238
0.016237
0.0162339
0.0162411
0.016252
0.0162361
0.0162411
0.016242
0.016227
0.0162411
0.0162358
0.0162499
0.016248
0.0162368
0.0162311
0.0162501
0.016247
0.016259
0.016243
0.0162661
0.0162439
0.0162621
0.0162439
0.0162389
0.0162439
0.0162508
0.0162671
0.0162659
0.016247
0.0162599
0.0162539
0.0162451
0.0162351
0.0162241
0.0162251
0.016242
0.0162661
0.016232
0.0162499
0.0162649
0.0162561
0.0162561
0.016263
0.0162618
0.0162511
0.016243
0.016253
0.0162649
0.0162258
0.016242
0.0162339
0.016252
0.016257
0.0162339
0.016242
0.0162361
0.016238
0.0162449
0.0162449
0.0162308
0.0162539
0.016242
0.0162349
0.016242
0.0162392
0.016258
0.016238
0.0162451
0.0162501
0.0162461
0.0162389
0.0162489
0.016232
0.0162599
0.0162611
0.0162392
0.0162649
0.0162499
0.016253
0.0162621
0.0162611
0.0162442
0.016247
0.0162289
0.0162508
0.0162401
0.0162611
0.0162568
0.0162511
0.0162451
0.0162508
0.0162489
0.0162511
0.0162251
0.016227
0.016242
0.016242
0.016223
0.0162621
0.016252
0.0162411
0.0162311
0.0162299
0.0162539
0.016227
0.0162439
0.0162399
0.0162458
0.0162339
0.016283
0.0162539
0.0162449
0.0162449
0.016238
0.016232
0.0162418
0.0162802
0.016247
0.016233
0.016242
0.0162499
0.0162609
0.0162551
0.016264
0.0162442
0.016252
0.0162349
0.0162401
0.016243
0.0162458
0.0162408
0.0162451
0.0162299
0.0162358
0.016242
0.016252
0.0162621
0.0162311
0.0162511
0.016233
0.0162392
0.016258
0.0162349
0.016237
0.0162439
0.0162449
0.0162549
0.0162568
0.016242
0.0162351
0.0162339
0.016242
0.0162511
0.016273
0.0162408
0.0162489
0.016243
0.0162642
0.0162561
0.016237
0.0162408
0.016252
0.0162539
0.0162539
0.0162451
0.0162261
0.0162249
0.016242
0.0162342
0.0162549
0.0162401
0.0162461
0.016233
0.0162539
0.0162451
0.0162439
0.0162461
0.016252
0.016238
0.016252
0.0162399
0.0162449
0.0162408
0.016247
0.0162661
0.0162499
0.0162401
0.0162659
0.0162458
0.0162549
0.0162439
0.016264
0.0162652
0.0162451
0.0162239
0.0162401
0.016248
0.0162401
0.016263
0.0162599
0.0162439
0.0162549
0.0162461
0.016259
0.0162549
0.0162499
0.016247
0.016238
0.016247
0.016252
0.016269
0.0162601
0.016228
0.0162339
0.016227
0.0162561
0.0162399
0.0162361
0.0162611
0.0162339
0.0162661
0.0162439
0.0162601
0.016264
0.0162439
0.0162401
0.0162399
0.0162449
0.0162489
0.016237
0.0162411
0.016247
0.016253
0.016237
0.0162439
0.016237
0.0162551
0.0162489
0.0162508
0.0162449
0.0162239
0.016243
0.016273
0.016247
0.0162489
0.0162361
0.016238
0.016248
0.0162342
0.0162389
0.0162451
0.0162439
0.0162489
0.0162389
0.0162411
0.016247
0.0162458
0.016264
0.0162461
0.0162442
0.016243
0.0162508
0.0162539
0.0162919
0.0162342
0.0162241
0.016243
0.0162339
0.016257
0.0162451
0.0162411
0.016247
0.0162451
0.0162568
0.0162342
0.0162389
0.016243
0.0162511
0.0162439
0.0162461
0.0162308
0.016247
0.0162442
0.0162501
0.0162411
0.016264
0.0162659
0.0162539
0.0162299
0.016228
0.0162301
0.0162678
0.0162492
0.016232
0.016258
0.016248
0.016248
0.0162449
0.0162671
0.0162501
0.0162411
0.0162468
0.016247
0.0162461
0.0162392
0.016248
0.016247
0.0162389
0.016253
0.0162501
0.0162451
0.0162611
0.0162411
0.0162489
0.016253
0.0162411
0.0162649
0.0162361
0.0162399
0.0162468
0.016284
0.016258
0.0162501
0.0162702
0.0162401
0.016243
0.0162389
0.016242
0.016253
0.016247
0.0162499
0.016242
0.0162411
