0.0132051
0.013016
0.0130229
0.0130148
0.0130112
0.0130191
0.0129881
0.013025
0.0130031
0.0130172
0.01301
0.0130191
0.0130241
0.013006
0.013
0.013011
0.01299
0.0130181
0.0129969
0.0130241
0.013006
0.0130239
0.0130141
0.0130341
0.0130219
0.0129972
0.0129969
0.013006
0.0130169
0.012991
0.013021
0.0130301
0.0129941
0.012989
0.013041
0.0130229
0.0130029
0.012991
0.0129988
0.0130119
0.013031
0.0129938
0.0129979
0.013027
0.013
0.013021
0.0130129
0.013001
0.013
0.0130169
0.013
0.013006
0.0130119
0.0130072
0.0130231
0.013006
0.0130038
0.013016
0.013031
0.0130138
0.012991
0.0130172
0.013025
0.0129859
0.0130289
0.0129991
0.0130332
0.0129969
0.0130041
0.01302
0.01301
0.0130172
0.0130191
0.0130091
0.012989
0.0130029
0.0130219
0.0130072
0.0130129
0.013006
0.01302
0.0129919
0.0130141
0.0130141
0.013016
0.0129941
0.0130339
0.0129919
0.012995
0.0129991
0.0130191
0.013
0.0129988
0.012996
0.0130081
0.0130019
0.0130179
0.0130229
0.0129881
0.0130141
0.0130301
0.012995
0.0130379
0.013
0.0129991
0.0129859
0.013
0.0130022
0.01302
0.0130329
0.01301
0.0129969
0.0129948
0.0130041
0.012995
0.013011
0.013016
0.013037
0.013036
0.0130131
0.0129991
0.0130088
0.013005
0.0130129
0.013001
0.013021
0.013001
0.013021
0.0130298
0.0130332
0.0130291
0.0130091
0.013006
0.0130289
0.0130069
0.0130122
0.0130069
0.012985
0.013015
0.013011
0.0130022
0.0130341
0.013016
0.0130179
0.0129972
0.0130298
0.01299
0.0130081
0.0130012
0.013011
0.013011
0.0129941
0.012991
0.012985
0.013001
0.013025
0.0130172
0.0130222
0.013026
0.0130289
0.0130191
0.013047
0.0130191
0.0129972
0.0129931
0.0130079
0.013001
0.013015
0.013011
0.013005
0.0130169
0.0130022
0.0130198
0.0130141
0.013021
0.01301
0.0130198
0.013042
0.0130129
0.0130429
0.012996
0.0130029
0.012984
0.0130191
0.0130219
0.013006
0.0130031
0.013011
0.0130291
0.0130088
0.01302
0.0130429
0.0130432
0.013005
0.0130041
0.0129862
0.0129941
0.0129778
0.013041
0.0130239
0.013026
0.013
0.0130081
0.013005
0.0130079
0.0130131
0.0130391
0.0129888
0.0130229
0.013015
0.0130141
0.013025
0.0130181
0.0130148
0.0130122
0.0130041
0.01301
0.013036
0.0130279
0.0129988
0.013011
0.0130339
0.0130029
0.0129929
0.013
0.0130289
0.0130191
0.0130241
0.0130119
0.013031
0.0130098
0.0130022
0.013001
0.0129988
0.0129919
0.01301
0.0130298
0.013025
0.0130029
0.013011
0.013
0.0130031
0.0130229
0.01299
0.0130141
0.0129998
0.0130181
0.0130341
0.0130041
0.013036
0.0130191
0.0130138
0.013011
0.013001
0.0130031
0.013006
0.0130031
0.0130348
0.0129981
0.012996
0.0130191
0.01301
0.013021
0.01302
0.0130131
0.0130198
0.0129991
0.0129941
0.01301
0.013016
0.0130341
0.013006
0.0130219
0.0130222
0.013001
0.0130022
0.0130191
0.012995
0.013021
0.0130041
0.013
0.013036
0.0129991
0.0130122
0.0129991
0.0129969
0.012996
0.0129879
0.012995
0.0130191
0.013016
0.0130241
0.0129881
0.01301
0.013005
0.0130119
0.013011
0.0129969
0.0130329
0.0130091
0.0130079
0.0130088
0.012996
0.013015
0.0130219
0.013001
0.0129979
0.0130188
0.01302
0.0130138
0.0130081
0.0130332
0.012995
0.0130031
0.0130091
0.0130138
0.0130279
0.013006
0.013011
0.013032
0.0130088
0.013016
0.0130019
0.013026
0.0130239
0.013016
0.0130081
0.0130029
0.0130291
0.013
0.013015
0.0130031
0.0130279
0.0129979
0.0130188
0.0130188
0.01301
0.0130191
0.0129972
0.0130181
0.0130191
0.0129962
0.0129981
0.012996
0.0130191
0.013011
0.0130029
0.0129929
0.0130219
0.0130012
0.0129972
0.0129972
0.0129869
0.013032
0.0130169
0.012979
0.0130489
0.01301
0.0130289
0.0130541
0.0130241
0.0130191
0.0130169
0.0130041
0.0130141
0.0130341
0.0129941
0.013
0.0130191
0.0130091
0.0129831
0.013037
0.01302
0.0130119
0.0130081
0.0130119
0.01302
0.0130141
0.0130148
0.013031
0.0130088
0.0130379
0.01302
0.0130231
0.0129781
0.013006
0.0130048
0.0130029
0.0129941
0.013031
0.0130138
0.0130131
0.0129919
0.0128779
0.0129941
0.0130069
0.0130041
0.013015
0.0129991
0.013021
0.0130131
0.0129969
0.0130029
0.013021
0.0130029
0.0130069
0.0130069
0.0130169
0.0129869
0.0130019
0.0130041
0.0130091
0.0130141
0.0130029
0.0130041
0.013011
0.0130091
0.0130091
0.01301
0.01301
0.0130281
0.013027
0.0130038
0.0130079
0.0130138
0.0130138
0.0130398
0.0130351
0.013036
0.013031
0.013021
0.013015
0.0130141
0.0129981
0.0130141
0.0130429
0.0129941
0.0130129
0.0129972
0.0130169
0.013005
0.013015
0.0130241
0.013011
0.0130231
0.013015
0.0129991
0.0130072
0.0130119
0.0130038
0.013021
0.013011
0.0130129
0.013
0.0130079
0.0129981
0.013016
0.0130069
0.0129979
0.0130081
0.0130711
0.0130301
0.012996
0.0130122
0.012995
0.013042
0.0130489
0.013025
0.013001
0.0130069
0.01302
0.013011
0.013027
0.01299
0.013032
0.013015
0.0130179
0.0130029
0.0129912
0.0130219
0.0130131
0.013001
0.0130012
0.0130031
0.0130272
0.0130069
0.013027
0.0130322
0.0130069
0.0130191
0.0130281
0.013001
0.0130181
0.0130401
0.013021
0.012996
0.0130291
0.012989
0.013015
0.0130231
