0.0108109
0.010906
0.0109122
0.010906
0.010916
0.0108941
0.010911
0.0108891
0.01091
0.010926
0.010911
0.010891
0.0108988
0.0108929
0.010931
0.010896
0.0109169
0.0108809
0.0109131
0.0108931
0.0108991
0.0109091
0.0109138
0.010911
0.0108972
0.0108969
0.0108962
0.0108869
0.0109038
0.0108972
0.0108941
0.0108969
0.0109119
0.0109138
0.010895
0.0109119
0.0109019
0.0109131
0.010895
0.010926
0.0109019
0.0109022
0.0109079
0.0108941
0.0109069
0.0109048
0.010915
0.010916
0.0109038
0.0109119
0.0109069
0.0108931
0.0109131
0.010916
0.010911
0.0108979
0.0109079
0.0109138
0.0107481
0.0109069
0.010915
0.010906
0.0109122
0.010915
0.0109289
0.0109029
0.0109079
0.010927
0.010906
0.010926
0.010932
0.0109019
0.0108922
0.0109081
0.0109
0.010921
0.010906
0.010937
0.0109301
0.0108879
0.0109129
0.0108981
0.010905
0.010905
0.01091
0.0109119
0.0109091
0.0108991
0.0109
0.010905
0.0109191
0.0109229
0.01092
0.0108981
0.0108922
0.0108969
0.0109029
0.0108819
0.0109169
0.0109179
0.0109229
0.010911
0.010905
0.010895
0.0109248
0.0108969
0.0109019
0.0108879
0.0109069
0.010916
0.0108941
0.010901
0.010915
0.0108929
0.0109198
0.0109129
0.010906
0.0108888
0.0109119
0.0109141
0.0109141
0.0108981
0.0109
0.0108941
0.010901
0.0108979
0.0109229
0.0109031
0.0109119
0.010901
0.0109091
0.0108879
0.0109048
0.0109
0.0109081
0.0109231
0.0108931
0.010901
0.0109439
0.0108998
0.0109091
0.010911
0.01091
0.0109022
0.0109191
0.0109081
0.010922
0.0109229
0.0109279
0.01089
0.0109141
0.010901
0.0109081
0.010915
0.0108891
0.010927
0.0108991
0.0108972
0.0109031
0.010911
0.010916
0.0109141
0.0109179
0.010896
0.0109019
0.01089
0.010896
0.0109019
0.010891
0.0109041
0.010896
0.010901
0.0109081
0.0109041
0.0109069
0.0108991
0.010915
0.010911
0.010901
0.0109141
0.010895
0.0109119
0.0108972
0.0108922
0.0108969
0.0108988
0.0109069
0.010922
0.0109022
0.0109069
0.0109
0.010916
0.0108831
0.0108981
0.0109091
0.0109181
0.0108941
0.0109129
0.0109119
0.0108981
0.0109141
0.0109041
0.0109131
0.010896
0.0109189
0.01091
0.0109062
0.0109
0.010906
0.010915
0.010906
0.010906
0.0108969
0.0108972
0.01089
0.0109022
0.010891
0.0108979
0.0109091
0.010895
0.0109029
0.0109069
0.010922
0.0109038
0.0109029
0.0109
0.0109251
0.0109081
0.010916
0.0109069
0.0108988
0.0109138
0.0109
0.0109041
0.010751
0.0109069
0.010905
0.0108781
0.0109081
0.0109019
0.010896
0.0109129
0.0109119
0.0109072
0.0109019
0.0109169
0.0109029
0.01091
0.0109169
0.0109072
0.0109069
0.010905
0.0108898
0.0109141
0.0109169
0.0108891
0.0108891
0.0109012
0.010896
0.010926
0.0108991
0.0108991
0.0108938
0.0109141
0.0109141
0.0109198
0.0109091
0.0109169
0.0108991
0.0109138
0.0109298
0.010916
0.010901
0.0109029
0.010895
0.0108972
0.010901
0.01092
0.0108941
0.0109138
0.010901
0.0109088
0.010911
0.010906
0.01091
0.0109029
0.0108969
0.0108991
0.010927
0.010915
0.0108891
0.010922
0.010896
0.010905
0.0108991
0.0109251
0.0109131
0.0109031
0.0109222
0.0109031
0.010905
0.0108979
0.010896
0.0108919
0.0109048
0.0109131
0.0108972
0.0109282
0.0108881
0.0109172
0.010926
0.0109062
0.0109301
0.010915
0.0109
0.0108929
0.0109
0.0109191
0.0109069
0.0108988
0.0109291
0.0109169
0.0109229
0.0108979
0.0109141
0.0109141
0.0108972
0.0109079
0.0109138
0.010896
0.0109
0.0109079
0.0109119
0.0109189
0.010891
0.010911
0.0109169
0.010901
0.0109038
0.0109
0.01091
0.0109138
0.0108998
0.0109091
0.0109341
0.0108981
0.0109019
0.0109069
0.0109079
0.0108969
0.010896
0.0109138
0.0108991
0.010905
0.0109138
0.0109141
0.0109019
0.010905
0.0109
0.0109031
0.01091
0.010896
0.0109031
0.0108979
0.0109191
0.0109091
0.0108871
0.0109031
0.010915
0.0108941
0.01089
0.010911
0.0109079
0.01091
0.0109172
0.0109119
0.010895
0.01091
0.010895
0.010891
0.010895
0.010932
0.01091
0.0109072
0.010916
0.0108948
0.01092
0.0109138
0.0109069
0.0109079
0.0108869
0.0109119
0.0109069
0.0109
0.0109069
0.0109029
0.0109088
0.010932
0.010921
0.0109088
0.0109198
0.010895
0.0109069
0.0109079
0.010932
0.010895
0.010921
0.010896
0.0109091
0.0108969
0.0108981
0.0109131
0.0109029
0.0109148
0.010896
0.0109119
0.0109129
0.0109289
0.0109169
0.0109019
0.010896
0.010926
0.010922
0.01091
0.0109251
0.010922
0.0109048
0.0108981
0.01091
0.0109141
0.0109141
0.0109038
0.010905
0.0108991
0.0108931
0.0109122
0.010911
0.010927
0.0108938
0.01091
0.010916
0.0109222
0.0108941
0.010905
0.0109279
0.0109141
0.0109141
0.0109062
0.0108991
0.0109069
0.0109081
0.01089
0.0108941
0.0109138
0.0109091
0.0109091
0.0108881
0.0109062
0.0109251
0.0109
0.0108991
0.0109038
0.0109169
0.0109
0.0109062
0.0109
0.01089
0.0109079
0.0108981
0.0108941
0.010916
0.0109019
0.0109379
0.0108988
0.0108981
0.0109081
0.01091
0.0109081
0.0109069
0.010915
0.010911
0.0109251
0.0109062
0.01091
0.010906
0.0109129
0.010911
0.0109081
0.0109081
0.0109241
0.010901
0.0109019
0.0109141
0.0108888
0.0109041
0.0108991
0.0109141
0.0109022
0.01091
0.0109129
