0.0183251
0.018286
0.0182891
0.0182798
0.0182979
0.018301
0.0182769
0.018271
0.0182841
0.0182631
0.018259
0.0182891
0.018285
0.0182738
0.0182769
0.0182788
0.0182838
0.018296
0.0182841
0.0182741
0.0182798
0.01829
0.0182741
0.018275
0.0182941
0.01828
0.0182869
0.0182941
0.0183048
0.018291
0.0182641
0.018265
0.018281
0.01829
0.0182822
0.018295
0.0182741
0.0182891
0.01827
0.0182848
0.018276
0.0182729
0.01828
0.0182791
0.0182829
0.0182931
0.0183001
0.0183241
0.018281
0.0182681
0.018286
0.0182781
0.018292
0.0182691
0.01827
0.0182838
0.018285
0.01828
0.0182638
0.0182741
0.0182781
0.0182929
0.0182898
0.018302
0.018301
0.0182719
0.018286
0.0182881
0.01828
0.0182531
0.018285
0.0182731
0.0182779
0.0182712
0.018307
0.018291
0.0182672
0.0182731
0.018291
0.0182931
0.0182719
0.018249
0.0182838
0.0182769
0.0182779
0.018281
0.018275
0.0182872
0.0182769
0.0182781
0.0182769
0.0182791
0.018295
0.0182788
0.018271
0.018271
0.0182729
0.0182719
0.01828
0.0183129
0.0182691
0.018281
0.018265
0.0183051
0.0182838
0.0182719
0.0182831
0.0182829
0.01828
0.0182781
0.0182731
0.0182781
0.0182979
0.018286
0.01828
0.018286
0.018275
0.0182838
0.0182679
0.0183001
0.01829
0.018292
0.018285
0.018271
0.0182788
0.018276
0.0182822
0.0182979
0.0182669
0.01827
0.018286
0.018297
0.0182781
0.018307
0.018271
0.0182681
0.0182691
0.0183032
0.0183032
0.01828
0.018281
0.0182941
0.018275
0.018291
0.0183079
0.0183098
0.0183029
0.0182891
0.0182691
0.0182819
0.0182731
0.0182719
0.018307
0.018271
0.018275
0.0182798
0.0182719
0.0182848
0.018292
0.018265
0.0182881
0.0182819
0.018286
0.0182638
0.018276
0.0182791
0.018286
0.01828
0.018302
0.0182741
0.0182941
0.018286
0.0182791
0.018276
0.018286
0.0182681
0.0182729
0.018286
0.018285
0.018271
0.018285
0.0182829
0.0182841
0.01827
0.0182822
0.0182791
0.0183001
0.0182679
0.0182779
0.0182729
0.018271
0.0183029
0.018302
0.0182981
0.018307
0.018292
0.0183001
0.0182929
0.0182931
0.018286
0.018291
0.0182722
0.0182979
0.018276
0.0182781
0.01827
0.0182748
0.018281
0.018295
0.0182838
0.0182869
0.0182719
0.0182979
0.0182679
0.0182929
0.0182838
0.0182869
0.018296
0.018291
0.0182841
0.018306
0.0182788
0.018306
0.0182681
0.0182691
0.01829
0.018281
0.018286
0.01828
0.0182869
0.01827
0.0182879
0.0182629
0.0182679
0.0182619
0.0182848
0.0182869
0.018285
0.0182829
0.0182779
0.0182879
0.0182769
0.018291
0.0182891
0.0182681
0.0182822
0.018301
0.0182941
0.0183072
0.018286
0.0182741
0.0182691
0.018265
0.018281
0.0182841
0.01829
0.018296
0.0182741
0.0182941
0.0182841
0.0182879
0.0182829
0.018266
0.018276
0.01827
0.018296
0.0182829
0.0182889
0.0182989
0.01827
0.0182829
0.0182719
0.01827
0.0182769
0.018276
0.018297
0.0182891
0.0182672
0.0183041
0.0182881
0.0182819
0.018276
0.01828
0.018255
0.0182719
0.0183082
0.0182948
0.0182719
0.018275
0.018276
0.0182738
0.0182781
0.018285
0.0182931
0.0182948
0.0182729
0.018265
0.0182719
0.018296
0.018292
0.018301
0.0182881
0.01828
0.0182991
0.0182972
0.0183001
0.0182562
0.0182769
0.018276
0.018276
0.018301
0.0182731
0.018295
0.0182931
0.018296
0.018296
0.0182719
0.018265
0.018275
0.0182738
0.0182979
0.0182688
0.0182879
0.0182879
0.0183198
0.0182569
0.0182638
0.0182869
0.018276
0.0182772
0.0182731
0.0182769
0.0182619
0.018276
0.01827
0.0182669
0.0182822
0.0182741
0.018285
0.018302
0.0182669
0.018281
0.01828
0.0182841
0.01828
0.018259
0.0182669
0.0182791
0.0182872
0.0182879
0.0182629
0.0182719
0.0183039
0.018271
0.0182641
0.018285
0.0183101
0.0183051
0.0182891
0.018286
0.0182679
0.018307
0.0182929
0.0182772
0.0182731
0.0182831
0.0182991
0.018301
0.0182929
0.018286
0.01828
0.0182979
0.0182788
0.0183089
0.018286
0.018296
0.0182679
0.0182619
0.0182879
0.0182769
0.018265
0.018297
0.0182719
0.018292
0.018291
0.018292
0.018291
0.018276
0.01829
0.018295
0.0182719
0.018275
0.0182929
0.01828
0.0183091
0.018307
0.0182891
0.018281
0.0182929
0.0182841
0.01828
0.0182819
0.0182879
0.018312
0.0182798
0.0182939
0.018296
0.0182869
0.0182791
0.0182791
0.0183098
0.0183001
0.0182891
0.0182791
0.0182991
0.018285
0.0182812
0.018281
0.0183039
0.018285
0.018302
0.0182869
0.0182781
0.0182881
0.0182929
0.018271
0.018281
0.018296
0.018296
0.0182719
0.01828
0.018295
0.018276
0.018301
0.0182791
0.018276
0.0182719
0.0182941
0.01828
0.018281
0.018291
0.018275
0.0182712
0.0182891
0.0182869
0.0182869
0.018296
0.0182831
0.0182681
0.0182841
0.018306
0.01827
0.018297
0.0182979
0.018296
0.0182822
0.01829
0.0182788
0.01827
0.01828
0.0182891
0.0182731
0.0182791
0.018266
0.018275
0.0182791
0.0182881
0.018271
0.0182681
0.0182881
0.0182819
0.0183022
0.0182841
0.018295
0.0183241
0.0182991
0.0182741
0.018291
0.0182741
0.0182791
0.0182731
0.0182762
0.01828
0.0182612
0.0182929
0.0182641
0.0182831
0.01829
0.01827
0.0182869
0.0182738
0.0182669
0.0182612
0.0182769
0.018297
0.0182781
0.018266
0.01827
0.0182831
0.0182841
