0.0209889
0.0209391
0.0209408
0.0209272
0.020925
0.0209348
0.0209429
0.0209391
0.020956
0.0209301
0.020936
0.0209341
0.0209429
0.0209379
0.020936
0.0209219
0.0209231
0.020915
0.0209339
0.020946
0.020937
0.0209332
0.0209241
0.0209379
0.0209301
0.02092
0.020911
0.0209279
0.020931
0.0209329
0.0209212
0.0209329
0.020941
0.0209489
0.0209498
0.0209348
0.020931
0.0209432
0.0209341
0.0209451
0.0209382
0.020937
0.020946
0.0209422
0.020937
0.020957
0.0209472
0.0209291
0.0209429
0.0209711
0.0209332
0.0209298
0.020925
0.020942
0.0209229
0.0209389
0.020962
0.0209379
0.020951
0.0209391
0.0209498
0.020927
0.0209489
0.0209439
0.020941
0.0209429
0.0209379
0.0209329
0.0209212
0.0209391
0.0209501
0.0209401
0.0209301
0.020942
0.0209489
0.0209522
0.0209658
0.0209231
0.0209291
0.0209241
0.0209351
0.0209341
0.0209291
0.0209422
0.0209389
0.0209389
0.020932
0.020947
0.0209241
0.0209181
0.020931
0.0209279
0.0209489
0.020931
0.020916
0.0209372
0.0209501
0.0209341
0.0209479
0.020916
0.020951
0.0209272
0.0209479
0.020932
0.0209239
0.020926
0.020931
0.020921
0.020936
0.020936
0.0209548
0.020952
0.020941
0.0209279
0.0209501
0.02092
0.020931
0.020927
0.020931
0.020932
0.020941
0.0209301
0.0209389
0.0209339
0.0209429
0.0209439
0.020921
0.0209281
0.020937
0.0209458
0.020937
0.020946
0.0209231
0.0209429
0.0209401
0.0209301
0.0209172
0.02092
0.020957
0.020941
0.0209339
0.0209348
0.0209401
0.0209489
0.020931
0.0209351
0.0209432
0.0209219
0.0209339
0.0209489
0.020927
0.0209401
0.0209351
0.0209441
0.020932
0.0209301
0.0209341
0.020931
0.0209351
0.0209339
0.0209339
0.0209339
0.020952
0.0209339
0.0209291
0.0209351
0.0209279
0.0209558
0.0209539
0.0209339
0.0209241
0.020927
0.020956
0.020931
0.020916
0.0209348
0.0209451
0.0209529
0.0209432
0.0209341
0.020926
0.0209329
0.0209389
0.020957
0.0209222
0.0209429
0.0209332
0.020916
0.020921
0.0209351
0.0209322
0.0209451
0.0209332
0.020937
0.0209579
0.0209379
0.0209351
0.020941
0.0209522
0.020937
0.020942
0.020936
0.0209191
0.0209472
0.0209432
0.0209639
0.020951
0.020937
0.0209379
0.020937
0.020932
0.0209379
0.020947
0.0209639
0.0209289
0.020941
0.020931
0.0209341
0.0209429
0.020931
0.0209339
0.0209329
0.0209401
0.0209191
0.020942
0.0209439
0.0209219
0.020931
0.0209501
0.0209339
0.0209718
0.0209279
0.0209339
0.0209188
0.0209389
0.020916
0.0209229
0.020952
0.020932
0.0209401
0.0209229
0.0209582
0.020937
0.020968
0.0209429
0.0209389
0.020931
0.020932
0.0209532
0.0209332
0.0209382
0.020926
0.0209229
0.0209329
0.020941
0.020926
0.0209329
0.0209191
0.0209322
0.0209591
0.0209301
0.0209479
0.0209429
0.0209541
0.020926
0.0209382
0.020951
0.0209372
0.020946
0.020927
0.0209289
0.0209301
0.020947
0.0209348
0.0209129
0.0209451
0.0209379
0.020941
0.020931
0.0209291
0.0209241
0.020951
0.0209301
0.0209372
0.020942
0.0209541
0.0209351
0.020931
0.0209539
0.0209389
0.020941
0.020946
0.0209529
0.020946
0.0209398
0.0209591
0.0209339
0.0209401
0.0209301
0.0209301
0.020951
0.020957
0.020937
0.0209289
0.0209348
0.020941
0.0209329
0.0209341
0.0209422
0.020932
0.020961
0.020937
0.0209289
0.0209379
0.020931
0.0209422
0.020941
0.020941
0.020951
0.0209432
0.0209291
0.0209391
0.0209401
0.0209501
0.020927
0.020931
0.020942
0.0209389
0.0209351
0.0209301
0.0209541
0.0209441
0.0209391
0.0209529
0.020936
0.020931
0.020937
0.0209432
0.0209579
0.0209491
0.0209551
0.0209351
0.020942
0.020961
0.0209508
0.0209761
0.020942
0.0209382
0.0209401
0.020946
0.0209429
0.0209448
0.0209401
0.0209451
0.0209482
0.020962
0.020957
0.020942
0.0209429
0.0209391
0.020937
0.0209329
0.0209448
0.0209389
0.0209138
0.0209479
0.0209582
0.020946
0.0209491
0.0209341
0.0209489
0.020925
0.020936
0.0209301
0.020937
0.0209301
0.020936
0.020925
0.0209379
0.0209401
0.020956
0.0209291
0.0209379
0.0209441
0.0209281
0.0209451
0.0209539
0.020931
0.0209279
0.0209241
0.0209429
0.0209429
0.0209348
0.020926
0.0209422
0.0209451
0.0209289
0.0209279
0.0209279
0.020931
0.0209239
0.020956
0.020941
0.0209501
0.020916
0.0209382
0.0209219
0.0209141
0.020931
0.0209429
0.020925
0.0209281
0.0209141
0.020931
0.020916
0.0209401
0.020946
0.020941
0.0209179
0.020936
0.020925
0.0209379
0.0209329
0.020937
0.020931
0.0209248
0.0209472
0.020947
0.020932
0.0209379
0.020936
0.0209219
0.020947
0.0209479
0.0209498
0.020921
0.0209332
0.020927
0.020932
0.0209491
0.020921
0.020927
0.0209501
0.020931
0.0209301
0.0209329
0.0209389
0.020932
0.0209281
0.0209339
0.020931
0.0209301
0.0209429
0.020941
0.0209281
0.0209351
0.020921
0.0209341
0.0209379
0.0209501
0.0209529
0.0209329
0.0209548
0.020932
0.020927
0.02091
0.020936
0.020931
0.020926
0.0209539
0.0209451
0.0209379
0.020937
0.020932
0.0209279
0.0209382
0.0209279
0.0209379
0.0209429
0.020947
0.020947
0.0209401
0.0209272
0.0209551
0.0209429
0.020942
0.020927
0.0209348
0.0209301
0.020951
0.0209398
0.0209432
0.020926
0.0209439
0.020936
0.020942
0.0209279
0.0209351
0.0209548
0.020937
