0.0034709
0.00341582
0.00341511
0.00341201
0.00341392
0.00341415
0.00341415
0.00341702
0.00341606
0.00341487
0.00341201
0.00341606
0.00341296
0.00341702
0.00341606
0.00341415
0.00341606
0.00341201
0.00341797
0.0034132
0.00341487
0.00341392
0.00341082
0.00341392
0.0034132
0.00341511
0.00341797
0.00341296
0.00341415
0.00341201
0.00341582
0.00341392
0.00341415
0.00341415
0.00341606
0.00341702
0.00341392
0.00341797
0.00341415
0.00341606
0.00341892
0.00341606
0.00341797
0.00341606
0.00341201
0.00341702
0.00341415
0.00341296
0.00341296
0.00341201
0.00341487
0.00341392
0.00341797
0.00341511
0.00341511
0.00341797
0.00341916
0.00341702
0.00341892
0.00341511
0.00342011
0.00341916
0.00341916
0.00341392
0.00341702
0.00341296
0.00341487
0.00341797
0.00341415
0.00341797
0.00341392
0.00341702
0.00341201
0.00341702
0.00341702
0.00341392
0.00341988
0.00341392
0.00341702
0.00341392
0.00341582
0.00341511
0.00341702
0.00341606
0.00341487
0.00341797
0.00341511
0.00341702
0.00341821
0.00341702
0.00341487
0.00341702
0.00341511
0.00341606
0.00341606
0.00341415
0.00341511
0.00341797
0.00341988
0.00341702
0.00341702
0.00341797
0.00341487
0.00341487
0.00341582
0.00341487
0.00341702
0.00341702
0.00341821
0.00341511
0.00341606
0.00341606
0.00341606
0.00341606
0.00341702
0.00341892
0.00341606
0.00341105
0.00341797
0.00341296
0.00341511
0.00341606
0.00341511
0.00341821
0.00341392
0.00341296
0.00341702
0.00341487
0.00341702
0.00341415
0.00341797
0.00341606
0.00341511
0.00342107
0.00341606
0.00341511
0.00341392
0.00341892
0.00341082
0.00341892
0.00341702
0.00341582
0.00341702
0.00341415
0.00341702
0.00341392
0.00341821
0.00341392
0.00341606
0.00341892
0.00341702
0.00341702
0.00341797
0.00341892
0.00341702
0.00341606
0.00341821
0.00341511
0.00341892
0.00341487
0.00341678
0.00341702
0.00341511
0.00341702
0.00341392
0.00341821
0.00341797
0.00341821
0.00341606
0.00341296
0.00342083
0.00341582
0.00341487
0.00341797
0.00341797
0.00341702
0.00341415
0.00341702
0.00341702
0.00341582
0.00341892
0.00341702
0.00341702
0.00341511
0.00341702
0.00341797
0.00341797
0.00342083
0.00341582
0.00341606
0.00341702
0.00341511
0.0034132
0.00342202
0.00341511
0.00341511
0.00341606
0.00341511
0.00341582
0.00341892
0.00341702
0.00341487
0.00341988
0.00341296
0.00341606
0.00342011
0.00341606
0.00341415
0.00341511
0.00341702
0.00341606
0.00341392
0.00341678
0.00341392
0.00341487
0.00341392
0.0034132
0.00341892
0.00341797
0.00341702
0.00341296
0.00341702
0.00341582
0.00341797
0.00341511
0.00341797
0.00341797
0.00341606
0.00341702
0.00341487
0.00341892
0.00341916
0.00341296
0.00341606
0.00341296
0.00341797
0.00341797
0.00341702
0.00342011
0.00341797
0.00341892
0.00341582
0.00341797
0.00341511
0.00341702
0.00341392
0.00341392
0.00341702
0.00341487
0.00341606
0.00341296
0.00341201
0.00341296
0.00341201
0.00341797
0.00341487
0.00341892
0.00341797
0.00341487
0.00341606
0.00341392
0.00341487
0.00341702
0.00341988
0.00341702
0.00341702
0.00341296
0.00341392
0.00341487
0.00341702
0.00341702
0.00341487
0.00341201
0.00341606
0.00341916
0.00342011
0.00341702
0.00341702
0.00341606
0.00341797
0.00341678
0.00341392
0.00341702
0.00341392
0.00341487
0.00341582
0.00341797
0.00341582
0.00341487
0.00341296
0.00341201
0.00341702
0.00341797
0.00342083
0.00341487
0.00342202
0.00341415
0.00341606
0.00341797
0.00341702
0.00341892
0.00341892
0.00341582
0.00341582
0.00341797
0.00341415
0.00342298
0.00341797
0.00341797
0.00341487
0.00341582
0.00341797
0.00341511
0.00341415
0.00341606
0.00341511
0.00341606
0.00341511
0.00341511
0.00341797
0.00341511
0.00341606
0.00342202
0.00341892
0.00342107
0.00341296
0.00341511
0.00341511
0.00341606
0.00342202
0.00341702
0.00341201
0.00341511
0.00341606
0.00341606
0.00341296
0.00341201
0.00341892
0.00341797
0.00341702
0.00341415
0.00341606
0.00341392
0.00341392
0.00341892
0.00341511
0.00341797
0.00341988
0.00341892
0.00341821
0.00341296
0.00341678
0.00341797
0.00341415
0.00341797
0.00341702
0.00342011
0.00341916
0.00341201
0.00341487
0.00341702
0.00341892
0.00342178
0.00341988
0.00341797
0.00341702
0.00341487
0.00341582
0.00341797
0.00341606
0.00341487
0.00341606
0.00341487
0.00341606
0.00341606
0.00341678
0.00341892
0.00341296
0.00341606
0.00341511
0.00341892
0.00341821
0.00341392
0.00341702
0.00341511
0.00341821
0.00341487
0.00341702
0.00341606
0.00341702
0.00341606
0.00341988
0.00341606
0.00341702
0.00341606
0.00342011
0.00341511
0.00341702
0.00341487
0.00341678
0.00341606
0.00341511
0.00341702
0.00341511
0.00341821
0.00342298
0.00341201
0.00341392
0.00341702
0.00341296
0.00341582
0.00341487
0.00341296
0.00341511
0.00341892
0.00341487
0.00341392
0.00341296
0.00341606
0.00341296
0.00341606
0.00341797
0.00341892
0.00341916
0.00341606
0.00341606
0.00341296
0.00341392
0.00341702
0.00341892
0.00341487
0.00341797
0.00341606
0.00341821
0.00341797
0.00341487
0.00341988
0.00341702
0.00341606
0.00341296
0.00341582
0.00341606
0.00341487
0.00341606
0.00341392
0.00341797
0.00341606
0.00341606
0.00341392
0.00341606
0.00341916
0.00341606
0.00341606
0.00341797
0.00342298
0.00341821
0.00341392
0.00341797
0.00341606
0.00341582
0.00341606
0.00341487
0.00341392
0.00341392
0.00341797
0.00341487
0.00341702
0.00342011
0.00341511
0.00341797
0.00341392
0.00341487
0.00342202
0.00341892
0.00341606
0.00341606
0.00341511
0.00341606
0.00341702
0.00342202
0.00341392
0.00341702
0.00342107
0.00341511
0.00341702
0.00341797
0.00342202
0.00341702
0.00341988
0.00341487
0.00341487
0.00341487
0.00341797
0.00341916
0.00341415
0.00341511
0.00341511
0.00341606
0.00341821
0.00341392
