28.939
28.7251
28.718
28.7199
28.717
28.7189
28.7149
28.728
28.7261
28.703
28.7149
28.7149
28.7099
28.7271
28.722
28.717
28.7402
28.717
28.7471
28.7209
28.712
28.7302
28.7211
28.743
28.739
28.7261
28.702
28.7199
28.7271
28.6999
28.7111
28.7242
28.7158
28.723
28.7201
28.7161
28.728
28.713
28.729
28.722
28.7058
28.7158
28.7411
28.722
28.724
28.728
28.7149
28.713
28.7108
28.7209
28.7061
28.723
28.7209
28.722
28.712
28.7211
28.7321
28.718
28.724
28.729
28.722
28.7189
28.717
28.7421
28.7302
28.7411
28.7309
28.729
28.7471
28.7211
28.7161
28.7302
28.7211
28.7001
28.7251
28.7271
28.7099
28.7218
28.7271
28.738
28.7199
28.7421
28.7199
28.717
28.738
28.7089
28.7209
28.7189
28.723
28.7158
28.7428
28.7299
28.7242
28.7249
28.7101
28.7051
28.722
28.7089
28.718
28.7111
28.708
28.7149
28.733
28.718
28.7089
28.7292
28.703
28.7261
28.692
28.6939
28.713
28.7211
28.7142
28.7151
28.729
28.733
28.733
28.718
28.723
28.723
28.733
28.713
28.717
28.723
28.718
28.7371
28.7309
28.708
28.7039
28.718
28.718
28.723
28.7249
28.712
28.7068
28.722
28.7261
28.7368
28.748
28.7211
28.7361
28.7261
28.712
28.734
28.7259
28.743
28.723
28.7089
28.7061
28.717
28.7461
28.7168
28.723
28.7271
28.7249
28.7259
28.724
28.717
28.7249
28.7192
28.7039
28.717
28.7321
28.717
28.7199
28.722
28.7299
28.7139
28.7061
28.717
28.723
28.718
28.7299
28.729
28.7189
28.7292
28.7268
28.733
28.7302
28.7349
28.7099
28.7149
28.734
28.7249
28.7249
28.7271
28.7299
28.7151
28.739
28.7352
28.7368
28.7321
28.728
28.722
28.733
28.724
28.738
28.729
28.7111
28.7361
28.7211
28.7161
28.7218
28.7209
28.717
28.7311
28.7101
28.7361
28.7321
28.733
28.729
28.739
28.729
28.7578
28.7321
28.713
28.7201
28.7342
28.7189
28.7189
28.733
28.739
28.7349
28.722
28.724
28.729
28.7259
28.722
28.7268
28.733
28.729
28.7259
28.723
28.723
28.7099
28.748
28.7142
28.728
28.7521
28.733
28.7249
28.7271
28.7459
28.7249
28.7299
28.7521
28.718
28.7099
28.743
28.7139
28.717
28.724
28.7302
28.738
28.7268
28.7249
28.7089
28.729
28.7189
28.7292
28.7292
28.7371
28.7242
28.7328
28.712
28.7461
28.744
28.7349
28.722
28.7359
28.7299
28.7118
28.729
28.733
28.729
28.7359
28.7449
28.729
28.733
28.729
28.7299
28.729
28.7549
28.7218
28.739
28.7292
28.753
28.718
28.7261
28.723
28.739
28.7199
28.718
28.7261
28.729
28.7368
28.7249
28.7311
28.7149
28.734
28.728
28.728
28.7349
28.7299
28.7449
28.7418
28.7321
28.7271
28.7201
28.713
28.7151
28.717
28.723
28.7139
28.7299
28.7259
28.7299
28.7261
28.717
28.734
28.7321
28.7271
28.7271
28.7189
28.713
28.712
28.729
28.7302
28.7201
28.7352
28.7349
28.7139
28.7259
28.744
28.7261
28.7292
28.7209
28.7061
28.718
28.712
28.7321
28.7321
28.7149
28.724
28.7108
28.7402
28.7302
28.7249
28.7049
28.713
28.7189
28.7302
28.7468
28.728
28.7211
28.722
28.7268
28.717
28.7321
28.7311
28.7321
28.7201
28.7161
28.718
28.724
28.744
28.7149
28.729
28.7418
28.7161
28.729
28.7192
28.7218
28.734
28.7199
28.7271
28.724
28.7089
28.7001
28.724
28.724
28.7161
28.713
28.7409
28.7209
28.7259
28.7189
28.7409
28.7342
28.729
28.7249
28.7421
28.7218
28.7311
28.7251
28.7471
28.728
28.733
28.7418
28.7309
28.7449
28.7352
28.713
28.7211
28.708
28.7099
28.7018
28.718
28.7302
28.7061
28.717
28.7509
28.734
28.7399
28.7452
28.718
28.7321
28.7361
28.739
28.743
28.7271
28.724
28.7399
28.7108
28.739
28.7259
28.717
28.722
28.7271
28.7311
28.7189
28.734
28.7352
28.7371
28.743
28.724
28.718
28.724
28.738
28.7411
28.7108
28.7371
28.739
28.7368
28.7292
28.7478
28.7089
28.733
28.753
28.7061
28.723
28.7201
28.734
28.713
28.708
28.7158
28.703
28.7299
28.7199
28.7249
28.744
28.717
28.7302
28.7199
28.723
28.7149
28.7139
28.7349
28.7571
28.7361
28.7249
28.7471
28.753
28.729
28.7151
28.7318
28.7299
28.708
28.7361
28.718
28.7271
28.7361
28.7361
28.7349
28.733
28.7409
28.722
28.729
28.7449
28.717
28.723
28.7249
28.7199
28.713
28.7251
28.749
28.724
28.7259
28.723
28.7349
