0.00000000000000000000000000000000
0.00000000240826847353048378863605
0.00000000481653694706096757727209
0.00000000722480564263605629093945
0.00000000963307389412193515454419
0.00000001204134214560781401814893
0.00000001444961128527211258187890
0.00000001685787864857957174535841
0.00000001926614778824387030908838
0.00000002167441692790816887281835
0.00000002408268429121562803629786
0.00000002649095343087992660002783
0.00000002889922257054422516375780
0.00000003130748993385168432723731
0.00000003371575729715914349071681
0.00000003612402821318028145469725
0.00000003853229557648774061817676
0.00000004094056293979519978165627
0.00000004334883385581633774563670
0.00000004575710121912379690911621
0.00000004816536858243125607259572
0.00000005057363949845239403657615
0.00000005298190686175985320005566
0.00000005539017422506731236353517
0.00000005779844514108845032751560
0.00000006020670895168223069049418
0.00000006261497986770336865447462
0.00000006502325078372450661845505
0.00000006743151459431828698143363
0.00000006983978551033942494541407
0.00000007224805642636056290939450
0.00000007465632023695434327237308
0.00000007706459115297548123635352
0.00000007947286206899661920033395
0.00000008188112587959039956331253
0.00000008428939679561153752729297
0.00000008669766771163267549127340
0.00000008910593152222645585425198
0.00000009151420243824759381823242
0.00000009392247335426873178221285
0.00000009633073716486251214519143
0.00000009873900808088365010917187
0.00000010114727899690478807315230
0.00000010355554280749856843613088
0.00000010596381372351970640011132
0.00000010837208463954084436409175
0.00000011078034845013462472707033
0.00000011318861936615576269105077
0.00000011559689028217690065503120
0.00000011800515409277068101800978
0.00000012041341790336446138098836
0.00000012282168881938559934496880
0.00000012522995973540673730894923
0.00000012763823065142787527292967
0.00000013004650156744901323691010
0.00000013245477248347015120089054
0.00000013486302918863657396286726
0.00000013727130010465771192684770
0.00000013967957102067884989082813
0.00000014208784193669998785480857
0.00000014449611285272112581878901
0.00000014690438376874226378276944
0.00000014931264047390868654474616
0.00000015172091138992982450872660
0.00000015412918230595096247270703
0.00000015653745322197210043668747
0.00000015894572413799323840066791
0.00000016135398084315966116264462
0.00000016376225175918079912662506
0.00000016617052267520193709060550
0.00000016857879359122307505458593
0.00000017098706450724421301856637
0.00000017339533542326535098254681
0.00000017580359212843177374452353
0.00000017821186304445291170850396
0.00000018062013396047404967248440
0.00000018302840487649518763646483
0.00000018543667579251632560044527
0.00000018784494670853746356442571
0.00000019025320341370388632640243
0.00000019266147432972502429038286
0.00000019506974524574616225436330
0.00000019747801616176730021834373
0.00000019988628707778843818232417
0.00000020229455799380957614630461
0.00000020470281469897599890828133
0.00000020711108561499713687226176
0.00000020951935653101827483624220
0.00000021192762744703941280022264
0.00000021433589836306055076420307
0.00000021674416927908168872818351
0.00000021915242598424811149016023
0.00000022156069690026924945414066
0.00000022396896781629038741812110
0.00000022637723873231152538210154
0.00000022878550964833266334608197
0.00000023119378056435380131006241
0.00000023360203726952022407203913
0.00000023601030818554136203601956
0.00000023841857910156250000000000
0.00000024082683580672892276197672
