7.69615
7.67207
7.66206
7.66611
7.68709
7.67708
7.32899
5.91302
5.91993
5.94616
5.90706
5.90014
5.91993
5.94616
5.96404
5.94115
5.93209
5.92899
5.94616
5.94091
5.92089
5.91588
5.94211
5.91207
5.91612
5.9309
5.94592
5.91588
5.93019
5.91207
5.91993
5.97286
5.91898
5.94187
5.93519
5.90301
5.91898
5.92685
5.92208
5.94401
5.83005
4.63009
4.61602
4.60505
4.59909
4.59504
4.57978
4.57907
4.57597
4.57597
4.57692
4.58884
4.59909
4.60505
4.60792
4.62985
4.62604
4.63009
4.63009
4.63104
4.63605
4.6289
4.63486
4.6258
4.63295
4.63104
4.6351
4.6339
4.63605
4.64106
4.632
4.62699
4.63796
4.64082
4.6401
4.6401
4.64201
4.63319
4.63605
4.65202
4.64106
4.65417
4.64106
4.63414
4.6401
4.63796
4.63796
4.64201
4.64201
4.64606
4.64106
4.6401
4.64106
4.64511
4.6351
4.63605
4.632
4.63319
4.63104
4.64392
4.63104
4.6339
4.6339
4.6401
4.63295
4.632
4.63295
4.64511
4.632
4.64201
4.64797
4.63223
4.64201
4.632
4.637
4.62985
4.62389
4.63295
4.63414
4.637
4.63104
4.6382
4.6289
4.63104
4.62914
4.632
4.63009
4.63009
4.63104
4.63891
4.62985
4.63295
4.62604
4.6289
4.63414
4.637
4.632
4.6289
4.63104
4.62389
4.637
4.62794
4.62699
4.632
4.62914
4.6339
4.6339
4.63605
4.63486
4.6308
4.63295
4.63009
4.6401
4.63319
4.62699
4.62794
4.6339
4.62794
4.63295
4.63796
4.6289
4.62818
4.63104
4.63104
4.62794
4.63605
4.62985
4.63414
4.6351
4.63295
4.63605
4.63104
4.62985
4.6308
4.62484
4.6308
4.62699
4.632
4.632
4.632
4.63009
4.62985
4.632
4.63796
4.62484
4.63486
4.632
4.6289
4.637
4.62699
4.63295
4.62914
4.62508
4.62794
4.63915
4.63009
4.63605
4.63295
4.63581
4.62699
4.63295
4.63986
4.63295
4.62794
4.632
4.632
4.63796
4.6339
4.62508
4.62914
4.63414
4.64201
4.65894
4.65989
4.66084
4.66108
4.66609
4.66013
4.66299
4.66013
4.65798
4.65679
4.65798
4.66514
4.65989
4.66084
4.66394
4.66108
4.66204
4.65798
4.65798
4.66084
4.65894
4.67992
4.73881
4.73499
4.74095
4.7369
4.82106
4.82821
4.81892
4.82297
4.82106
4.82392
4.81987
4.81701
4.82297
4.8151
4.78601
4.78077
4.79698
4.79007
4.79007
4.78506
4.78005
4.73881
4.7369
4.7431
4.74215
4.73094
4.74381
4.73809
4.74501
4.72403
4.7071
4.70114
4.70996
4.70996
4.69804
4.69899
4.69995
4.69995
4.66394
4.65989
4.65512
4.66013
4.673
4.65679
4.6649
4.65894
4.65894
4.6649
4.6649
4.66204
4.673
4.65989
4.66204
4.6649
4.66514
4.66204
4.66609
4.6761
4.66609
4.673
4.673
4.67801
4.67205
4.67205
4.6711
4.67706
4.6711
4.6649
4.67515
4.6711
4.67396
4.67515
4.673
4.67181
4.6699
4.67086
4.67396
4.6711
4.65798
4.65894
4.66108
4.63605
4.632
4.63295
4.62604
4.62818
4.62604
4.63009
4.632
4.63796
4.63009
4.64106
4.63414
4.62794
4.6351
4.63104
4.6351
4.62699
4.62914
4.632
4.63486
4.62914
4.632
4.63009
4.63605
4.63295
4.6401
4.63104
4.62508
4.632
4.63605
4.637
4.64201
4.6289
4.6351
4.6339
4.63605
4.63295
4.64106
5.32699
4.63104
4.63009
4.63319
4.6339
4.6339
4.63009
4.63104
4.63009
4.632
4.63796
4.62604
4.6351
4.63104
4.63319
4.63486
4.63605
4.632
4.63414
4.63915
4.63295
4.63605
4.63295
4.63796
4.6289
4.63104
4.62794
4.62794
4.64392
4.63414
4.63104
4.62604
4.62794
4.63796
4.63581
4.62794
4.6308
4.637
4.62914
4.63605
4.62794
4.62985
4.62985
4.64416
4.6289
4.63104
4.632
4.632
4.632
4.6308
4.63605
4.62699
4.63295
4.62699
4.632
4.63295
4.632
4.6339
4.637
4.632
4.63104
4.62818
4.632
4.63104
4.63009
4.62604
4.62317
4.632
4.63295
4.63295
4.64582
4.66084
4.66895
4.66418
4.66609
4.65608
4.6649
4.66704
4.66514
4.67801
4.704
4.6978
4.704
4.69804
4.69804
4.70901
4.69518
4.69804
4.69494
4.69708
4.69804
4.69494
4.69303
4.69804
4.69398
4.69303
4.70209
4.73499
4.7369
4.73809
4.73905
4.73595
4.73094
4.72999
4.74191
4.73404
4.73595
4.74191
4.73809
4.73499
4.74286
4.74381
4.73905
4.74286
4.73595
4.7431
4.74
4.74
4.74381
4.73404
4.74286
4.74286
4.74
4.74191
4.74715
4.73499
4.74906
4.74501
4.74405
4.73499
4.74501
4.73213
4.70495
4.70996
4.70614
4.69804
4.70805
4.71115
4.71902
4.70018
4.69494
4.7102
4.71711
4.71091
4.70805
4.70591
4.71807
4.7121
4.67801
4.67706
4.67801
4.67801
4.67587
4.68206
4.67396
4.67515
4.6699
4.67491
4.67896
4.67205
4.67896
4.67205
4.68516
4.6711
4.66919
4.67491
4.6761
4.6711
4.673
4.67205
4.67086
4.68493
4.67396
4.673
4.6761
4.66204
4.65894
4.66418
4.66299
4.66084
4.65798
4.66514
4.65894
4.66704
4.65703
4.65894
4.66299
4.66299
4.66204
4.65989
4.66084
4.65989
4.66418
4.65488
4.65703
4.66585
4.66394
4.66514
4.66299
4.66514
4.66299
4.66299
4.65989
4.65918
4.66609
4.66299
4.65798
4.66609
4.65703
4.6742
4.67491
4.66585
4.66609
4.668
4.668
4.65894
4.66394
4.67014
4.66204
4.65989
4.67515
4.66394
4.66394
4.66108
4.66609
4.65894
4.637
4.63796
4.63486
4.6401
4.6351
4.63295
4.632
4.62914
4.63605
4.632
4.62389
4.62914
4.62604
4.6382
4.63104
4.63009
4.6289
4.6308
4.63104
4.6289
4.62914
4.64702
4.66013
4.66394
4.66299
4.65393
4.65703
4.65584
4.65488
4.66514
4.65703
4.66394
4.66609
4.66108
4.66204
4.66418
4.67896
4.67801
4.67587
4.67491
4.67515
4.68087
4.67801
4.67491
4.6711
4.67205
4.67801
4.67086
4.67205
4.6711
4.67515
4.67801
4.673
4.67181
4.6699
4.6711
4.67706
4.66895
4.66084
4.65679
4.66394
4.66108
4.65989
4.66084
4.66418
4.63605
4.64201
4.632
4.63009
4.63104
4.62985
4.63796
4.63605
4.6401
4.65202
4.65894
4.673
4.66418
4.66204
4.66299
4.6618
4.66204
4.65488
4.66609
4.65894
4.66514
4.668
4.66108
4.65894
4.66204
4.65894
4.66895
4.6649
4.66585
4.65918
4.67205
4.70209
4.69708
4.69112
4.69303
4.7071
4.71902
4.71711
4.71807
4.7121
4.71306
4.70805
4.70614
4.70805
4.70901
4.71401
4.70901
4.71091
4.72021
4.71091
4.71282
4.71187
4.71497
4.72403
4.70519
4.70591
4.70996
4.704
4.69494
4.69804
4.68802
4.69208
4.69899
4.69589
4.70209
4.66418
4.66204
4.65894
4.6649
4.66299
4.66299
4.67014
4.67801
4.67205
4.69708
4.69899
4.69708
4.69899
4.69398
4.69613
4.69398
4.69995
4.6978
4.69804
4.69494
4.69303
4.69398
4.69494
4.70686
4.70686
4.7009
4.65608
4.66704
4.668
4.66704
4.66895
4.66681
4.6699
4.65703
4.66514
4.66514
4.6649
4.66681
4.66394
4.66108
4.66204
4.66585
4.66108
4.66514
4.66299
4.65608
4.6618
4.66394
4.66299
4.6618
4.65989
4.66204
4.66084
4.66299
4.65608
4.66299
4.66418
4.66609
4.668
4.66108
4.65798
4.65989
4.66204
4.66108
4.668
4.66394
4.66299
4.66204
4.65798
4.66585
4.66108
4.65894
4.65512
4.67086
4.66204
4.66394
4.6618
4.65298
4.66514
4.66204
4.66609
4.65894
4.65989
4.6699
4.673
4.65798
4.66585
4.66299
4.66204
4.66418
4.66895
4.65894
4.66204
4.67014
4.65608
4.6711
4.66204
4.6711
4.67801
4.66299
4.66299
4.6618
4.65488
4.65989
4.66013
4.66204
4.66895
4.65703
4.65798
4.65512
4.66704
4.65798
4.66299
4.66299
4.65703
4.66108
4.65894
4.65989
4.65703
4.66299
4.67277
4.66204
4.65798
4.66108
4.65512
4.66204
4.66514
4.65703
4.66108
4.66299
4.66013
4.668
4.66299
4.65989
4.65894
4.66204
4.65798
4.673
4.66204
4.65584
4.65989
4.65608
4.66084
4.6618
4.66084
4.66299
4.66394
4.66013
4.66394
4.65989
4.66299
4.66514
4.66204
4.65393
4.65989
4.6649
4.65918
4.65202
4.66204
4.65703
4.66394
4.66299
4.668
4.66704
4.66609
4.66204
4.65798
4.6649
4.67014
4.65894
4.65989
4.66299
4.6618
4.65894
4.6618
4.6649
4.66514
4.67396
4.68683
4.69208
4.70591
4.7071
4.69708
4.704
4.70686
4.70614
4.69899
4.71091
4.70304
4.70901
4.70996
4.70614
4.71306
4.71187
4.71592
4.70996
4.7071
4.71902
4.71401
4.71115
4.7121
4.70996
4.704
4.7121
4.7071
4.70114
4.70996
4.7121
4.69995
4.69184
4.70281
4.6978
4.69303
4.69303
4.69899
4.704
4.69279
4.69398
4.69708
4.69613
4.704
4.69613
4.704
4.69613
4.69518
4.66204
4.65989
4.6699
4.6699
4.66514
4.65798
4.66108
4.66704
4.65679
4.66084
4.668
4.66204
4.6649
4.6649
4.66704
4.66394
4.66394
4.66585
4.65798
4.66704
4.668
4.668
4.6649
4.66204
4.668
4.66108
4.66204
4.65798
4.67014
4.66609
4.67515
4.66108
4.66585
4.65798
4.66013
4.66394
4.66418
4.66299
4.65918
4.66204
4.65894
4.6649
4.66204
4.66585
4.66299
4.66108
4.6711
4.6649
4.66585
4.66609
4.66418
4.668
4.66609
4.67396
4.66084
4.6618
4.65989
4.668
4.67491
4.66013
4.66394
4.66585
4.66299
4.66394
4.65989
4.66084
