13.5531
13.505
13.4771
13.459
13.545
13.484
13.5231
13.4771
13.5131
13.4859
13.4521
13.4809
13.5241
13.468
13.5121
13.464
13.5539
13.4819
13.4802
13.504
13.4981
13.54
13.495
13.4802
13.4759
13.495
13.5109
13.5069
13.4728
13.541
13.4499
13.5159
13.5109
13.489
13.4389
13.485
13.5229
13.4749
13.4511
13.5341
13.453
13.509
13.5059
13.4811
13.494
13.5269
13.5009
13.541
13.49
13.509
13.478
13.4702
13.5291
13.49
13.5219
13.519
13.453
13.4809
13.5322
13.52
13.5541
13.4761
13.5329
13.4568
13.49
13.495
13.5322
13.4559
13.499
13.5
13.5159
13.5059
13.4552
13.5131
13.4771
13.5131
13.4709
13.4699
13.4721
13.4571
13.4361
13.4559
13.5069
13.4692
13.463
13.468
13.4852
13.509
13.4499
13.4959
13.464
13.4578
13.53
13.433
13.4301
13.469
13.4592
13.5241
13.4871
13.5019
13.521
13.5112
13.4809
13.5009
13.4671
13.474
13.4702
13.526
13.4771
13.4771
13.4881
13.3801
13.5341
13.4909
13.566
13.4659
13.428
13.4549
13.4959
13.4761
13.5241
13.4981
13.4718
13.525
13.5279
13.4499
13.4799
13.469
13.5081
13.519
13.52
13.4599
13.442
13.5031
13.5009
13.4881
13.4821
13.4361
13.495
13.4592
13.5241
13.5219
13.5131
13.468
13.427
13.4928
13.5269
13.4931
13.5291
13.526
13.4931
13.485
13.494
13.473
13.4988
13.4959
13.519
13.5021
13.5291
13.5381
13.51
13.504
13.521
13.5009
13.5221
13.5231
13.4339
13.5171
13.4859
13.485
13.4749
13.4699
13.4881
13.5131
13.4809
13.5159
13.433
13.4881
13.4511
13.5312
13.504
13.4449
13.485
13.4439
13.464
13.4609
13.459
13.505
13.5109
13.417
13.5138
13.5128
13.5279
13.4721
13.494
13.464
13.5
13.4771
13.5281
13.504
13.5329
13.4621
13.4461
13.4881
13.4799
13.4819
13.5169
13.5241
13.489
13.504
13.4821
13.5179
13.448
13.5219
13.4728
13.495
13.5021
13.459
13.4602
13.489
13.483
13.447
13.473
13.4902
13.4881
13.4959
13.464
13.4571
13.5219
13.5009
13.4871
13.4602
13.4759
13.464
13.505
13.4439
13.5159
13.4931
13.4931
13.479
13.4912
13.499
13.463
13.4928
13.5128
13.4869
13.509
13.49
13.479
13.4592
13.474
13.5062
13.4809
13.5269
13.499
13.4959
13.51
13.5012
13.5181
13.5131
13.4869
13.4568
13.49
13.5241
13.5021
13.5062
13.5059
13.525
13.49
13.474
13.4859
13.4871
13.4389
13.4649
13.469
13.5069
13.4621
13.4571
13.4501
13.499
13.5381
13.4881
13.4749
13.4659
13.4912
13.4258
13.5419
13.458
13.504
13.5059
13.4699
13.4521
13.4702
13.5279
13.4709
13.4611
13.449
13.5341
13.5338
13.4709
13.4759
13.5541
13.4771
13.519
13.5231
13.5319
13.4811
13.4671
13.4559
13.4499
13.4981
13.479
13.5388
13.4702
13.4451
13.4881
13.525
13.4809
13.4609
13.541
13.531
13.473
13.469
13.4821
13.504
13.468
13.4881
13.4752
13.484
13.509
13.494
13.5109
13.5028
13.495
13.5391
13.5491
13.4461
13.5078
13.5109
13.4912
13.5078
13.4969
13.5181
13.4752
13.5229
13.5188
13.526
13.4861
13.494
13.4091
13.505
13.4962
13.4869
13.519
13.495
13.458
13.5159
13.5019
13.5131
13.479
13.4742
13.4599
13.469
13.4749
13.526
13.4988
13.4418
13.495
13.473
13.4771
13.4749
13.469
13.4902
13.474
13.5012
13.54
13.4599
13.499
13.4468
13.505
13.5119
13.4718
13.4881
13.53
13.5159
13.5269
13.4771
13.5059
13.478
13.4749
13.5031
13.5159
13.515
13.5391
13.5379
13.4668
13.53
13.437
13.4709
13.473
13.5
13.526
13.51
13.4909
13.5159
13.5059
13.483
13.458
13.49
13.4909
13.479
13.4969
13.5
13.4521
13.4969
13.4819
13.4749
13.5019
13.5169
13.4921
13.4981
13.454
13.478
13.525
13.5
13.5391
13.52
13.535
13.4969
13.4559
13.4811
13.4799
13.4358
13.499
13.4709
13.5279
13.5229
13.504
13.5028
13.504
13.5078
13.468
13.4921
13.5109
13.526
13.4912
13.4919
13.526
13.5
13.4878
13.453
13.5
13.49
13.494
13.473
13.5009
13.5329
13.49
13.4571
13.4649
13.541
13.5479
13.4289
13.4881
13.473
13.55
13.519
13.4962
13.4981
13.4559
13.4659
13.5472
13.5009
13.521
13.489
13.4971
13.485
13.505
13.5
13.526
13.4711
13.4399
13.525
13.504
13.505
13.515
13.514
13.4671
13.4509
13.4859
13.4861
13.5338
13.4919
13.5121
13.4931
13.478
13.526
13.52
13.4959
13.474
13.454
13.5021
13.4289
13.4809
13.4761
13.478
13.4871
13.4671
13.509
13.5181
13.5159
13.5002
13.4928
13.5128
13.4799
13.5331
13.5159
13.5341
13.453
13.5028
13.4702
13.489
13.478
13.474
13.495
13.4771
13.484
13.4809
13.4559
13.4828
13.4919
13.454
13.458
13.5372
13.5219
13.4752
13.469
13.4881
13.4959
13.4768
13.468
13.4881
13.4652
13.4819
13.4399
13.4861
13.4871
13.4959
13.5269
13.489
13.474
13.4699
13.4988
13.5169
13.5021
13.453
13.4931
13.509
13.5121
13.495
13.4549
13.4981
13.52
13.4449
13.479
13.509
13.5429
13.5012
13.484
13.473
13.4711
13.5219
13.4768
13.5329
13.495
13.54
13.4799
13.5012
13.443
13.4821
13.5119
13.4859
13.4799
13.463
13.4592
13.485
13.4642
13.4869
13.4981
13.5241
13.4859
13.4518
13.5
13.519
13.5241
13.5009
13.4389
13.5419
13.4859
13.4571
13.4821
13.469
13.4888
13.469
13.505
13.4752
13.4931
13.49
13.485
13.468
13.504
13.51
13.4768
13.4351
13.494
13.5281
13.448
13.5171
13.458
13.474
13.463
13.505
13.5241
13.514
13.4661
13.5441
13.4819
13.5088
13.4959
13.525
13.49
13.4881
13.4609
13.541
13.4959
13.5272
13.4711
13.519
13.531
13.4811
13.4439
13.5012
13.5059
13.4308
13.485
13.5021
13.4931
13.478
13.453
13.5
13.535
13.464
13.4501
13.51
13.5179
13.4861
13.469
13.5071
13.4301
13.4768
13.4978
13.525
13.499
13.468
13.5379
13.49
13.478
13.4561
13.4449
13.5119
13.4442
13.4749
13.4921
13.474
13.4819
13.483
13.4819
13.479
13.5269
13.4611
13.5241
13.5121
13.4699
13.479
13.428
13.4361
13.464
13.519
13.4799
13.4771
13.4952
13.4671
13.5059
13.4921
13.4671
13.5291
13.51
13.536
13.484
13.4509
13.4971
13.4561
13.5009
13.541
13.4749
13.4828
13.469
13.4969
13.5338
13.525
13.4559
13.5181
13.4621
13.5071
13.49
13.51
13.463
13.4599
13.5
13.5
13.525
13.4799
13.453
13.473
13.468
13.4871
13.53
13.469
13.499
13.526
13.525
13.442
13.4659
13.4389
13.478
13.4981
13.4771
13.499
13.5341
13.4721
13.483
13.464
13.4609
13.473
13.489
13.484
13.469
13.5138
13.4559
13.521
13.4821
13.5159
13.4828
13.4649
13.4962
13.4761
13.4978
13.5159
13.51
13.5059
13.5441
13.4931
13.4602
13.468
13.448
13.484
13.4668
13.5019
13.494
13.53
13.4649
13.4749
13.4709
13.4828
13.5589
13.4559
13.5121
13.525
13.4659
13.4611
13.442
13.489
13.5231
13.5009
13.5219
13.447
13.5062
13.4699
13.5231
13.5272
13.4759
13.5212
13.468
13.5031
13.5319
13.515
13.4869
13.5081
13.4799
13.4909
13.489
13.5081
13.4699
13.4568
13.5329
13.4759
13.49
13.5489
13.5021
13.514
13.5071
13.5331
13.4718
13.5069
13.485
13.479
13.4861
13.4971
13.474
13.474
13.453
13.4699
13.5181
13.536
13.438
13.5529
13.504
13.485
13.4671
13.464
13.4909
13.515
13.519
13.5021
13.469
13.473
13.4981
13.5272
13.4909
13.4709
13.5021
13.51
13.4912
13.499
13.5021
13.5441
13.5231
13.514
13.4339
13.484
13.4778
13.4521
13.525
13.494
13.515
13.4871
13.5131
13.4921
13.485
13.5221
13.4981
13.5059
13.474
13.4859
13.4661
13.4389
13.509
13.489
13.509
13.433
13.4342
13.4599
13.4802
13.4768
13.49
13.5021
13.485
13.5291
13.474
13.5
13.5391
13.514
13.4931
13.4871
13.494
13.4721
13.514
13.51
13.4931
13.5081
13.484
13.468
13.4761
13.4909
13.4709
13.459
13.4881
13.5171
13.473
13.5071
13.526
13.4962
13.4599
13.4549
13.483
13.5071
13.459
13.5021
13.5319
13.453
13.449
13.5188
13.51
13.505
13.5221
13.458
13.5171
13.5291
13.5319
13.49
13.541
13.4661
13.5159
13.4959
13.485
13.468
13.5009
13.4931
13.4411
13.4399
13.5159
13.5362
13.49
13.479
13.5281
13.515
13.5069
13.5081
13.4771
13.5031
13.5391
13.4878
13.495
13.5322
13.4649
13.4912
13.5009
13.469
13.464
13.509
13.5329
13.5288
13.526
13.473
13.5181
13.5219
13.504
13.473
13.4771
13.499
13.51
13.5128
13.453
13.5269
13.4852
13.4571
13.5429
13.4652
13.5059
13.4921
13.5031
13.5071
13.514
13.5341
13.53
13.5109
13.479
13.4809
13.4909
13.5221
13.4859
13.5009
13.4771
13.438
13.4981
13.4351
13.433
13.5341
13.5
13.5069
13.515
13.526
13.504
13.5059
13.5188
13.4969
13.4771
13.4242
13.519
13.5231
