189.97
176.731
173.958
177.292
176.931
178.304
178.589
178.429
178.763
178.755
178.712
178.174
177.961
177.981
177.708
177.769
177.765
173.803
175.628
175.493
175.263
174.993
175.136
174.383
174.742
174.535
174.541
174.408
174.449
174.435
173.868
173.881
173.963
173.825
173.617
170.817
170.739
171.407
170.736
171.118
170.737
171.467
170.977
170.866
171.435
170.957
171.684
171.159
171.847
171.246
171.43
171.33
171.273
171.43
171.439
171.257
171.4
171.571
171.262
171.566
171.398
169.453
171.461
170.85
171.416
171.471
171.395
171.328
171.402
171.129
171.489
171.382
172.092
169.799
169.13
171.393
171.612
169.076
171.253
171.507
171.492
171.516
171.334
169.811
171.156
171.384
171.173
168.982
171.305
168.983
171.157
171.028
171.112
170.964
171.222
170.983
171.12
173.621
173.766
173.678
