7.57003
7.55811
7.53403
7.54786
7.54309
7.54094
7.55906
7.53498
7.55906
7.53498
7.5469
7.54499
7.53999
7.55215
7.54595
7.53498
7.54595
7.53212
7.5469
7.55215
7.54094
7.52497
7.55191
7.53188
7.55906
7.53903
7.54404
7.52807
7.52997
7.54309
7.53522
7.53903
7.52997
7.52091
7.54499
7.54094
7.54094
7.51996
7.52783
7.54905
7.52711
7.55215
7.54309
7.54404
7.52592
7.54404
7.53593
7.51901
7.53808
7.53593
7.53498
7.55095
7.5531
7.55191
7.52711
7.54809
7.53593
7.54809
7.54905
7.54094
7.54595
7.55692
7.53498
7.54189
7.53689
7.54094
7.52997
7.53593
7.57313
7.54094
7.52902
7.53379
7.53808
7.52521
7.54595
7.54499
7.52306
7.54595
7.56407
7.53498
7.53307
7.54714
7.53498
7.54595
7.55501
7.55119
7.54809
7.54809
7.54905
7.54404
7.53999
7.53999
7.54094
7.5388
7.54118
7.54809
7.54619
7.54905
7.54285
7.50995
7.5469
7.54094
7.5469
7.53403
7.53903
7.54285
7.52997
7.54881
7.54499
7.57003
7.52997
7.54404
7.53307
7.51996
7.54881
7.54404
7.54714
7.54189
7.54094
7.53689
7.55215
7.5531
7.53498
7.53784
7.54499
7.53498
7.53903
7.55405
7.53808
7.53403
7.55095
7.54499
7.55405
7.54285
7.53307
7.54094
7.57098
7.55191
7.54118
7.53117
7.56502
7.54189
7.52997
7.52878
7.54309
7.53808
7.53713
7.53808
7.55
7.52616
7.53307
7.53307
7.54619
7.54094
7.54309
7.52807
7.53593
7.54285
7.5438
7.53212
7.55811
7.55405
7.54809
7.52521
7.54285
7.55
7.53498
7.54499
7.54285
7.5438
7.54905
7.54285
7.55095
7.54499
7.5562
7.54309
7.53498
7.53403
7.55
7.55
7.55095
7.54094
7.53498
7.55215
7.55
7.54118
7.54309
7.53093
7.53999
7.52497
7.53498
7.54309
7.56097
7.53522
7.52902
7.53808
7.52401
7.52997
7.53403
7.53999
7.53403
7.53784
7.54499
7.54905
7.55501
7.52807
7.54189
7.54404
7.54809
7.55405
7.5531
7.54619
7.55119
7.54905
7.53593
7.54094
7.5562
7.52592
7.53093
7.52997
7.55095
7.55095
7.54499
7.54094
7.53498
7.53999
7.53593
7.55692
7.52902
7.53713
7.54309
7.56407
7.56383
7.54905
7.54809
7.5438
7.52902
7.54094
7.54905
7.53713
7.54309
7.52521
7.54404
7.54905
7.55
7.5469
7.53498
7.54404
7.55095
7.5469
7.54094
7.53808
7.55119
7.56121
7.54499
7.55906
7.52401
7.52902
7.5469
7.53284
7.53284
7.53093
7.55215
7.56383
7.54404
7.54285
7.56693
7.5469
7.53593
7.53713
7.52902
7.55882
7.53593
7.53689
7.53093
7.52711
7.5531
7.54309
7.54404
7.53999
7.55501
7.54786
7.55095
7.55095
7.53093
7.54213
7.53808
7.54499
7.55095
7.55095
7.5469
7.53498
7.5469
7.55
7.54595
7.52807
7.54499
7.55095
7.54094
7.52711
7.56598
7.54809
7.55095
7.53617
7.53617
7.55501
7.53403
7.53689
7.54309
7.53403
7.5531
7.55596
7.53403
7.54404
7.54595
7.54881
7.53593
7.53903
7.53188
7.52401
7.52497
7.55119
7.54595
7.53403
7.56502
7.56192
7.55215
7.54094
7.5438
7.55501
7.53808
7.53593
7.54285
7.55
7.54189
7.54809
7.53617
7.55501
7.53903
7.53093
7.53093
7.53713
7.56812
7.56693
7.53403
7.53903
7.55191
7.55405
7.55501
7.54595
7.53689
7.54499
7.53021
7.53999
7.56598
7.53784
7.54309
7.53999
7.54619
7.53808
7.55095
7.54404
7.54499
7.56288
7.55191
7.5531
7.53903
7.55596
7.53403
7.53403
7.54094
7.55906
7.55095
7.54499
7.55
7.52282
7.53713
7.54499
7.52401
7.54309
7.54404
7.55095
7.54404
7.53403
7.53593
7.54905
7.53403
7.53403
7.54905
7.57003
7.53379
7.54786
7.53808
7.52711
7.56001
7.53498
7.52807
7.54189
7.52902
7.53403
7.54309
7.56121
7.55787
7.53021
7.54809
7.54714
7.54619
7.53307
7.54094
7.56311
7.53307
7.54285
7.55
7.55
7.54404
7.54905
7.55596
7.54809
7.54619
7.54404
7.55692
7.52592
7.53188
7.54404
7.56192
7.53498
7.54595
7.53999
7.54905
7.52807
7.54595
7.53307
7.54094
7.53117
7.54905
7.52807
7.52497
7.53021
7.53713
7.54189
7.54499
7.54118
7.55405
7.54094
7.53498
7.55382
7.53903
7.53617
7.5388
7.54809
7.54285
7.53498
7.52497
7.54404
7.54309
7.55191
7.55906
7.56192
7.54595
7.52687
7.54285
7.54189
7.56192
7.52997
7.54404
7.55191
7.55405
7.53713
7.54595
7.54309
7.52306
7.54189
7.53903
7.54595
7.54809
7.52306
7.52783
7.52592
7.54285
7.53403
7.52902
7.53498
7.5562
7.53093
7.55
7.55405
7.5748
7.54189
7.54595
7.55596
7.54118
7.55
7.5469
7.55382
7.52807
7.54404
7.55095
7.53593
7.53903
7.55405
7.53212
7.54905
7.55191
7.54189
7.53903
7.53212
7.54714
7.55286
7.54786
7.55215
7.55119
7.54309
7.56001
7.57003
7.54595
7.53713
7.55715
7.54404
7.53999
7.55095
7.53593
7.54094
7.53403
7.55811
7.55119
7.53307
7.54809
7.54189
7.53713
7.53713
7.54499
7.55692
7.54189
7.53808
7.52997
7.53999
7.54404
7.54786
7.52807
7.53593
7.53403
7.52807
7.53498
7.55286
7.53498
7.53307
7.53498
7.54905
7.53903
7.53307
7.57599
7.54213
7.55405
7.55191
7.55191
7.53498
7.52807
7.54595
7.53284
7.56001
7.53188
7.54309
7.53713
7.54786
7.54619
7.56693
7.55382
7.54094
7.53117
7.53593
7.54094
7.5562
7.54094
7.5469
7.53617
7.54213
7.53713
7.5531
7.53903
7.54499
7.54786
7.54189
7.54189
7.54094
7.53188
7.54499
7.53713
7.54905
7.54595
7.52687
7.54189
7.55501
7.52807
7.53188
7.55405
7.54189
7.55286
7.54499
7.54213
7.54905
7.54905
7.53903
7.57098
7.5469
7.53999
7.54309
7.53808
7.52807
7.54189
7.54404
7.54499
7.55715
7.53999
7.55095
7.53903
7.54118
7.53689
7.53999
7.53593
7.54905
7.56001
7.54094
7.5438
7.55095
7.54905
7.5531
7.54905
7.56907
7.54189
7.55
7.38192
7.53999
7.55095
7.52807
7.52282
7.52807
7.54094
7.56097
7.54595
7.54189
7.52687
7.53093
7.54404
7.53403
7.54309
7.53689
7.5531
7.54786
7.55882
7.53784
7.54809
7.53999
7.54213
7.53808
7.53379
7.53021
7.53713
7.53403
7.53808
7.55596
7.52401
7.56001
7.53498
7.53903
7.52711
7.52711
7.56598
7.54499
7.53403
7.52616
7.5469
7.53617
7.53593
7.54213
7.53689
7.53999
7.53593
7.54309
7.53593
7.55
7.55405
7.54595
7.54189
7.55191
7.55191
7.53808
7.52592
7.54595
7.54809
7.54094
7.55
7.53593
7.54404
7.57194
7.52497
7.54094
7.55787
7.52902
7.54905
7.53808
7.5438
7.56192
7.54499
7.52997
7.53784
7.54118
7.52997
7.53593
7.53498
7.5562
7.53999
7.55501
7.53808
7.54499
7.53999
7.52687
7.55286
7.53093
7.56502
7.54285
7.54094
7.52878
7.54595
7.53808
7.55501
7.54189
7.53808
7.54404
7.54499
7.55692
7.54094
7.54404
7.55692
7.53808
7.53903
7.53498
7.54499
7.53117
7.55382
7.53784
7.55
7.52711
7.53593
7.52592
7.55906
7.54118
7.55405
7.54499
7.54499
7.54499
7.53689
7.54786
7.54499
7.53403
7.5202
7.54499
7.54595
7.53689
7.54499
7.54809
7.5469
7.57098
7.52497
7.52187
7.53903
7.54404
7.54714
7.54809
7.52616
7.54905
7.53212
7.54905
7.54595
7.53403
7.55
7.54285
7.53593
7.52807
7.55286
7.54595
7.53498
7.53307
7.54189
7.55286
7.54499
7.54809
7.53593
7.52997
7.54619
7.56407
7.53498
7.53093
7.52807
7.53403
7.54309
7.55
7.55596
7.53284
7.53498
7.54404
7.54309
7.5469
7.54404
7.56001
7.52282
7.52902
7.53999
7.53784
7.56717
7.53689
7.53784
7.55692
7.53284
7.54499
7.54404
7.55882
7.53212
7.53617
7.53593
7.53093
7.53713
7.56311
7.53999
7.55
7.55119
7.54619
7.54309
7.54595
7.53689
7.53689
7.54499
7.53403
7.56097
7.54189
7.55
7.55
7.55692
7.56311
7.53498
7.53307
7.54285
7.53593
7.55501
7.53403
7.54094
7.54285
7.55191
7.55
7.53999
7.52211
7.54905
7.55
7.54905
7.54023
7.53999
7.54809
7.51901
7.55095
7.5531
7.55
7.56598
7.53999
7.5438
7.53903
7.54809
7.52687
7.55596
7.54499
7.55
7.53808
7.53498
7.54094
7.54499
7.54499
7.53784
7.54404
7.55095
7.54499
7.53999
7.5469
7.55811
7.54595
7.5388
7.53617
7.5388
7.54213
7.54595
7.57003
7.54189
7.55095
7.54786
7.54404
7.54404
7.52187
7.52783
7.5469
7.54714
7.56001
7.55215
7.54404
7.53689
7.53808
7.53808
7.53498
7.53212
7.52711
7.53903
7.53403
7.55095
7.55882
7.54809
7.56097
7.54595
7.53403
7.52997
7.54499
7.53999
7.55191
7.56812
7.54786
7.56407
7.52592
7.53999
7.55095
7.54213
7.55692
7.53999
7.54285
7.5531
7.57098
7.55
7.53212
7.53403
7.54499
7.53284
7.53403
7.53713
7.55
7.53307
7.56311
7.54094
7.55286
7.56192
7.55
7.52997
7.54285
7.54595
7.52997
7.53999
7.53498
7.53999
7.54523
7.56192
7.56216
7.54285
7.54595
7.54404
7.53498
7.5562
7.54404
7.54285
7.55405
7.55191
7.54285
7.52807
7.52902
7.53307
7.52592
7.55382
7.54499
7.53403
7.54905
7.54786
7.54404
7.53784
7.55095
7.53689
7.53593
7.54023
7.54714
7.54309
7.54094
7.53999
7.55215
7.53617
7.54404
7.54499
7.54404
7.53808
7.54714
7.54309
7.54809
7.55787
7.54499
7.53593
7.55906
7.5388
7.53689
7.54213
7.5438
