248.858
245.175
250.969
248.646
245.918
240.884
236.006
229.524
229.582
224.607
229.308
231.244
224.582
230.488
232.831
226.693
227.577
235.081
230.521
232.337
230.366
223.839
221.544
216.408
212.528
214.086
208.188
204.747
204.332
198.987
202.199
211.841
205.683
201.368
203.277
209.243
209.968
208.77
212.963
212.878
208.362
207.947
209.579
212.34
208.688
208.247
209.644
209.657
209.522
209.92
207.652
209.95
208.027
209.989
209.665
207.873
209.568
210.324
226.659
212.683
209.478
210.284
209.264
208.721
209.624
209.125
215.665
208.051
209.296
210.556
209.334
208.155
216.002
208.783
210.26
207.919
209.365
208.169
209.762
207.945
210.078
243.651
226.878
222.361
212.011
211.58
222.132
214.914
210.573
212.501
215.826
210.635
212.182
219.947
211.97
221.117
214.678
212.195
212.427
210.693
