172.729
162.435
150.817
154.818
159.228
160.132
171.922
184.801
188.099
180.871
176.514
183.349
177.992
190.788
200.586
198.878
197.416
189.252
188.867
195.269
197.04
197.256
203.502
187.401
189.204
187.253
202.13
201.42
202.189
203.486
204.436
214.014
210.377
216.863
213.619
205.805
210.783
211.535
210.335
210.73
202.277
197.892
193.432
205.021
202.445
217.829
211.894
211.62
211.716
212.799
213.969
211.714
211.318
210.711
211.461
211.788
214.978
212.023
216.523
212.435
211.993
216.321
210.796
213.262
215.605
209.534
210.783
210.368
216.966
211.655
209.852
212.178
211.323
212.58
211.46
213.173
211.678
213.457
215.343
213.888
210.329
212.449
213.992
215.918
210.918
211.963
211.819
212.336
214.342
214.154
210.44
218.013
217.68
213.123
218.037
212.976
214.696
215.519
215.644
217.178
