11.6148
8.87203
8.86679
8.87394
8.86512
8.84819
8.85701
8.85081
8.8582
8.85201
8.84914
8.85296
8.84891
8.84795
8.85916
8.85701
8.85296
8.85201
8.85391
8.85797
8.85701
8.84485
8.85201
8.85582
8.85296
8.847
8.84914
8.84795
8.85081
8.85105
8.86106
8.85296
8.85201
8.86321
8.85606
8.85701
8.86607
8.85415
8.85606
8.87084
8.86202
8.85701
8.86106
8.84891
8.85487
8.86297
8.85415
8.85701
8.85892
8.84986
8.85797
8.86202
8.85701
8.85892
8.84414
8.85415
8.85606
8.85391
8.85201
8.85606
8.85892
8.85201
8.86512
8.8501
8.85701
8.85582
8.86297
8.86583
8.86202
8.85487
8.84986
8.85201
8.86106
8.84914
8.85606
8.86202
8.85391
8.8551
8.84509
8.86011
8.86202
8.86989
8.86703
8.87322
8.85201
8.86393
8.85606
8.85606
8.86416
8.86106
8.85701
8.85296
8.84891
8.85296
8.84795
8.86202
8.85892
8.85296
8.85487
8.86393
8.8501
8.86202
8.84795
8.85415
8.85701
8.85797
8.86488
8.86607
8.86488
8.86893
8.85892
8.85892
8.84485
8.85487
8.85391
8.85391
8.86106
8.86798
8.85201
8.86202
8.85797
8.85391
8.86488
8.85606
8.85201
8.86297
8.85105
8.86893
8.84795
8.86512
8.85916
8.85892
8.85582
8.85606
8.84795
8.85606
8.85105
8.86011
8.85415
8.86798
8.86202
8.86703
8.85797
8.85892
8.85415
8.8551
8.85606
8.85606
8.85415
8.85701
8.85487
8.85487
8.85201
8.85201
8.85391
8.86607
8.85201
8.86106
8.85201
8.86083
8.86488
8.8551
8.87489
8.85701
8.85296
8.86202
8.8551
8.86703
8.85797
8.85391
8.85296
8.86202
8.85201
8.85987
8.84604
8.86607
8.8532
8.84509
8.85201
8.86488
8.86106
8.85916
8.85201
8.85606
8.86416
8.84414
8.85606
8.8551
8.85296
8.86393
8.86106
8.85606
8.85797
8.85606
8.85701
8.85797
8.8501
8.85415
8.8551
8.85797
8.85701
8.85701
8.86202
8.85415
8.85797
8.85701
8.84914
8.85701
8.85105
8.85701
8.86202
8.85606
8.85701
8.8532
8.85105
8.85916
8.85391
8.86106
8.85606
8.86393
8.85606
8.85606
8.85987
8.85415
8.87299
8.85797
8.84819
8.85701
8.86106
8.85296
8.87394
8.85201
8.85606
8.85105
8.85105
8.85487
8.85582
8.85105
8.85701
8.8551
8.85701
8.85797
8.85916
8.86416
8.86011
8.84509
8.85391
8.85916
8.847
8.85296
8.84914
8.86703
8.86202
8.8501
8.85391
8.87012
8.85797
8.85487
8.86512
8.86202
8.85987
8.86822
8.85296
8.86488
8.85105
8.86106
8.85415
8.84795
8.86202
8.86297
8.84891
8.86297
8.86607
8.86703
8.85296
8.86703
8.85892
8.85606
8.86202
8.86106
8.86512
8.86011
8.84914
8.85415
8.85415
8.86989
8.85987
8.85081
8.86393
8.86393
8.86202
8.84485
8.84795
8.85487
8.85797
8.84485
8.84795
8.85701
8.84795
8.85892
8.85081
8.8551
8.85201
8.86321
8.86893
8.85415
8.84295
8.84891
8.85296
8.85391
8.87203
8.87799
8.85797
8.85487
8.86488
8.85677
8.86512
8.85487
8.8501
8.86011
8.847
8.85201
8.86011
8.85391
8.85987
8.84986
8.85296
8.86297
8.86083
8.8551
8.84914
8.85105
8.85892
8.85892
8.847
8.87299
8.87084
8.86798
8.87012
8.85606
8.85391
8.85415
8.85105
8.8501
8.85296
8.85487
8.84914
8.85916
8.84414
8.85296
8.85677
8.84795
8.85296
8.85296
8.85391
8.86297
8.85797
8.85415
8.85987
8.84891
8.86989
8.84485
8.85487
8.84891
8.85892
8.86202
8.85201
8.8551
8.84414
8.86798
8.86106
8.85582
8.85701
8.85606
8.85701
8.847
8.85606
8.85201
8.85701
8.71491
8.87203
8.85987
8.85606
8.8551
8.86607
8.86488
8.85892
8.84485
8.84914
8.84604
8.84795
8.85391
8.85487
8.85296
8.85701
8.86703
8.85797
8.85415
8.85701
8.8551
8.84295
8.85105
8.85105
8.86297
8.84795
8.86106
8.8551
8.84795
8.85892
8.86321
8.85606
8.85797
8.86202
8.86607
8.86393
8.86297
8.8799
8.86011
8.85105
8.86106
8.84819
8.85415
8.86011
8.85105
8.85916
8.86297
8.84914
8.84795
8.84295
8.84914
8.85701
8.85892
8.85391
8.85487
8.86488
8.86202
8.85987
8.86178
8.85296
8.8551
8.85105
8.85701
8.87704
8.87012
8.85487
8.87704
8.8551
8.8501
8.85081
8.85105
8.85296
8.87299
8.84795
8.84604
8.85296
8.85916
8.85105
8.86512
8.8551
8.86798
8.86607
8.85701
8.86488
8.85487
8.85606
8.86083
8.84986
8.85987
8.86607
8.84581
8.84795
8.85487
8.86011
8.86202
8.87203
8.85987
8.83794
8.85391
8.8551
8.85606
8.85797
8.85606
8.86297
8.85892
8.86106
8.847
8.85797
8.85415
8.85892
8.8501
8.84986
8.84891
8.84986
8.85296
8.85415
8.85797
8.85701
8.85701
8.84509
8.85797
8.84891
8.85201
8.86106
8.8551
8.84509
8.85201
8.85987
8.85296
8.84795
8.8551
8.85892
8.86202
8.85296
8.84795
8.86297
8.86416
8.85606
8.85201
8.85606
8.86917
8.86297
8.85296
8.85606
8.85797
8.85892
8.85201
8.85606
8.85487
8.85296
8.86488
8.85415
8.85606
8.85892
8.84795
8.86202
8.85582
8.86703
8.86607
8.85701
8.84295
8.86893
8.85987
8.85606
8.84581
8.85487
8.87108
8.86083
8.86297
8.8501
8.85701
8.85105
8.85487
8.85391
8.85892
8.86512
8.85296
8.88419
8.85701
8.85701
8.86393
8.85391
8.85701
8.85606
8.85797
8.85201
8.86703
8.85606
8.85701
8.85916
8.86297
8.85606
8.85201
8.85487
8.85391
8.85797
8.86512
8.86202
8.85701
8.87704
8.86488
8.85916
8.86679
8.8551
8.85892
8.84891
8.85201
8.8551
8.85701
8.8551
8.85487
8.85391
8.84986
8.85582
8.85296
8.85892
8.883
8.86202
8.86488
8.8501
8.85701
8.84795
8.85391
8.8551
8.70705
8.85296
8.85916
8.87513
8.86893
8.85606
8.86583
8.85487
8.86607
8.86512
8.85201
8.86106
8.85296
8.87084
8.85701
8.86106
8.85391
8.85296
8.86202
8.85487
8.86083
8.8501
8.86297
8.86416
8.85701
8.86083
8.85987
8.86202
8.86106
8.86798
8.85701
8.8501
8.85415
8.87012
8.85391
8.85916
8.85797
8.85487
8.85487
8.84986
8.86202
8.86488
8.84199
8.86297
8.86178
8.85105
8.86202
8.85296
8.85892
8.85391
8.85201
8.86703
8.86798
8.86512
8.85892
8.85415
8.86011
8.86512
8.847
8.85391
8.85892
8.84914
8.85892
8.85296
8.85892
8.86583
8.86607
8.85391
8.86297
8.86798
8.85797
8.86512
8.86703
8.85701
8.85797
8.86703
8.86083
8.8532
8.86798
8.85296
8.85916
8.86011
8.87203
8.85487
8.87489
8.85701
8.87203
8.8551
8.85105
8.86893
8.86393
8.8532
8.85606
8.85606
8.87585
8.85892
8.86083
8.86703
8.84414
8.87394
8.87203
8.8501
8.8551
8.86297
8.86512
8.85892
8.85296
8.86106
8.86703
8.85391
8.86488
8.84604
8.85201
8.8582
8.85391
8.86083
8.85892
8.85892
8.8532
8.84795
8.85797
8.85987
8.86011
8.8501
8.85415
8.86202
8.86202
8.86393
8.85391
8.847
8.86607
8.86416
8.85296
8.85701
8.85296
8.85701
8.86703
8.86202
8.85201
8.84891
8.85916
8.85606
8.86106
8.86893
8.8501
8.85296
8.85296
8.8582
8.85201
8.85415
8.85701
8.85701
8.87108
8.8501
8.86178
8.87012
8.85582
8.85201
8.86798
8.8532
8.85892
8.85606
8.85296
8.85201
8.85415
8.85606
8.86297
8.84819
8.8439
8.85701
8.86416
8.8501
8.86106
8.85987
8.86011
8.86798
8.85296
8.86202
8.85797
8.84914
8.84914
8.86488
8.86989
8.85606
8.85391
8.85487
8.85701
8.85391
8.8582
8.85201
8.8551
8.85415
8.86106
8.85987
8.85296
8.85391
8.87203
8.86106
8.86011
8.85606
8.86297
8.86321
8.84604
8.85296
8.86202
8.84795
8.85892
8.85606
8.85391
8.85296
8.86798
8.86011
8.847
8.847
8.85582
8.85892
8.85606
8.87203
8.86178
8.85487
8.85201
8.86512
8.84795
8.847
8.847
8.85296
8.86297
8.84795
8.85606
8.86202
8.8501
8.85201
8.85987
8.85487
8.85987
8.86202
8.85391
8.85987
8.84986
8.84891
8.85296
8.8501
8.85606
8.84914
8.85606
8.85606
8.85606
8.85105
8.85415
8.85701
8.85797
8.86321
8.8551
8.86416
8.86583
8.86488
8.85797
8.86583
8.84891
8.84485
8.86798
8.85487
8.85487
8.87108
8.85916
8.85391
8.85916
8.85987
8.86607
8.84795
8.85296
8.85797
8.86106
8.86679
8.86011
8.87084
8.86607
8.87799
8.85701
8.85105
8.85487
8.86083
8.86512
8.86512
8.85105
8.85201
8.86011
8.86202
8.86202
8.8551
8.85701
8.86393
8.85916
8.85797
8.85415
8.86703
8.86297
8.84509
8.85701
8.86011
8.87012
8.86488
8.85987
8.85487
8.85391
8.85916
8.85201
8.84986
8.86393
8.85201
8.85296
8.86393
8.85391
8.87179
8.86583
8.85797
8.86583
8.85201
8.84819
8.85701
8.85797
8.86202
8.85391
8.86106
8.85105
8.85606
8.85296
8.85415
8.85296
8.84581
8.85296
8.85582
8.85797
8.85916
8.86297
8.85415
8.85606
8.85892
8.84604
8.85201
8.85606
8.85606
8.85105
8.85701
8.85201
8.85415
8.86178
8.86416
8.85987
8.86703
8.86106
8.8582
8.86202
8.84485
8.85606
8.85892
8.86703
8.86011
8.8532
8.86393
8.86893
8.85296
8.84414
8.85701
8.85701
8.87299
8.85415
8.85105
8.85916
8.85701
8.86488
8.85105
8.85701
8.85296
8.8551
8.85296
8.85415
8.85892
8.85987
8.85582
8.85296
8.86202
8.85987
8.85487
8.85105
8.85701
8.86011
8.85081
8.85105
8.84199
8.85296
8.85415
8.86989
8.86416
8.86297
8.85105
8.85415
