12.1229
11.6489
11.6501
11.662
11.6501
11.6398
11.6558
11.646
11.647
11.6301
11.6558
11.6482
11.6382
11.656
11.636
11.657
11.6491
11.652
11.641
11.6432
11.6479
11.6699
11.6501
11.6508
11.6541
11.646
11.658
11.6591
11.6432
11.6508
11.6549
11.647
11.652
11.6551
11.6489
11.646
11.6501
11.6339
11.652
11.663
11.652
11.658
11.6429
11.6482
11.646
11.658
11.636
11.6591
11.662
11.6389
11.637
11.641
11.652
11.6441
11.632
11.652
11.6479
11.641
11.6558
11.6541
11.6498
11.6441
11.6549
11.6501
11.6491
11.6489
11.651
11.672
11.647
11.6479
11.662
11.641
11.651
11.6549
11.646
11.6439
11.6501
11.6451
11.6539
11.6429
11.6601
11.651
11.6489
11.657
11.6551
11.6558
11.6632
11.652
11.637
11.6589
11.6389
11.6489
11.6558
11.6601
11.631
11.6451
11.651
11.6489
11.6539
11.647
11.6408
11.6451
11.6558
11.6451
11.641
11.647
11.6491
11.631
11.6539
11.6448
11.6429
11.6448
11.651
11.642
11.6539
11.652
11.6451
11.6639
11.651
11.6482
11.6479
11.6398
11.6658
11.6439
11.652
11.6589
11.6401
11.647
11.6549
11.6439
11.647
11.667
11.651
11.6391
11.6532
11.6539
11.6639
11.6439
11.657
11.6491
11.6611
11.6439
11.657
11.656
11.6491
11.657
11.6401
11.6611
11.651
11.657
11.662
11.6422
11.651
11.6401
11.6372
11.646
11.6389
11.647
11.6439
11.6448
11.6541
11.6401
11.637
11.6482
11.6479
11.6541
11.6401
11.6479
11.6429
11.656
11.646
11.652
11.6491
11.651
11.647
11.642
11.6479
11.657
11.646
11.6472
11.641
11.647
11.6401
11.656
11.6479
11.642
11.6451
11.6541
11.6389
11.657
11.6532
11.6439
11.6498
11.6379
11.6589
11.6351
11.658
11.657
11.6498
11.6439
11.6558
11.6501
11.6439
11.642
11.6482
11.6689
11.657
11.647
11.6479
11.6498
11.6501
11.646
11.6458
11.6498
11.652
11.6479
11.6529
11.6448
11.637
11.6379
11.652
11.656
11.6401
11.663
11.652
11.6441
11.663
11.6432
11.6429
11.663
11.6539
11.642
11.6382
11.6601
11.656
11.658
11.6441
11.6749
11.6699
11.656
11.662
11.6348
11.642
11.6379
11.6429
11.651
11.6379
11.646
11.646
11.656
11.6551
11.651
11.6391
11.6429
11.6429
11.647
11.6451
11.6541
11.6391
11.6801
11.663
11.6441
11.6451
11.6529
11.6398
11.6451
11.6549
11.6489
11.6451
11.646
11.6642
11.6441
11.6451
11.658
11.6401
11.6529
11.6491
11.6479
11.6401
11.646
11.6429
11.678
11.651
11.642
11.641
11.6441
11.651
11.646
11.6379
11.657
11.647
11.6341
11.647
11.6642
11.6291
11.656
11.6479
11.667
11.6382
11.6451
11.651
11.6501
11.6372
11.6432
11.657
11.6601
11.6482
11.658
11.657
11.6451
11.657
11.647
11.657
11.6549
11.652
11.652
11.6489
11.642
11.651
11.667
11.6451
11.6582
11.6441
11.642
11.642
11.647
11.647
11.658
11.6472
11.658
11.6382
11.6539
11.6501
11.651
11.6491
11.667
11.6498
11.6532
11.662
11.6611
11.652
11.647
11.647
11.6448
11.652
11.6591
11.6432
11.6539
11.641
11.641
11.6439
11.6458
11.6429
11.641
11.6451
11.6489
11.657
11.6389
11.6529
11.647
11.6429
11.6358
11.642
11.6539
11.6479
11.6401
11.6482
11.6401
11.642
11.6439
11.6489
11.6439
11.6479
11.6549
11.656
11.6642
11.663
11.667
11.6551
11.6639
11.637
11.6611
11.6491
11.652
11.646
11.6432
11.6551
11.657
11.6329
11.6482
11.642
11.6501
11.651
11.6489
11.642
11.6389
11.6429
11.6401
11.6479
11.636
11.6508
11.6551
11.647
11.6541
11.646
11.652
11.656
11.6479
11.637
11.6501
11.657
11.6401
11.6429
11.652
11.6429
11.651
11.6489
11.6601
11.656
11.6432
11.6401
11.6401
11.6389
11.6439
11.6749
11.6479
11.6482
11.6501
11.662
11.6489
11.662
11.647
11.6379
11.6508
11.6439
11.6489
11.6439
11.6529
11.6408
11.651
11.641
11.6398
11.652
11.6482
11.662
11.6601
11.663
11.662
11.642
11.6358
11.6539
11.6451
11.636
11.652
11.6489
11.6439
11.657
11.6451
11.646
11.6498
11.652
11.6391
11.662
11.651
11.6339
11.658
11.6589
11.6479
11.647
11.6358
11.6589
11.6751
11.657
11.6501
11.6441
11.6489
11.651
11.6589
11.636
11.646
11.6379
11.6451
11.6479
11.6479
11.6489
11.6439
11.6489
11.6451
11.6611
11.646
11.6441
11.663
11.6451
11.646
11.6558
11.651
11.6401
11.6591
11.6532
11.656
