8.00991
5.53918
5.50222
5.51414
5.51105
5.50985
5.50795
5.512
5.50318
5.50199
5.50914
5.50699
5.50294
5.50008
5.50795
5.5089
5.50604
5.51605
5.50604
5.50604
5.50914
5.50008
5.50985
5.51319
5.50199
5.50389
5.5058
5.50508
5.50604
5.50103
5.50508
5.51009
5.49889
5.50294
5.50818
5.50389
5.5089
5.50199
5.51295
5.51105
5.512
5.50389
5.50103
5.50699
5.50103
5.50413
5.512
5.51009
5.50294
5.51295
5.50604
5.50795
5.50103
5.50508
5.50699
5.50604
5.49984
5.51486
5.51009
5.50485
5.50294
5.50699
5.49507
5.50413
5.49912
5.50604
5.49817
5.50795
5.50699
5.50699
5.50508
5.50508
5.50604
5.5089
5.51295
5.50294
5.50914
5.50389
5.50508
5.50699
5.50389
5.51295
5.52082
5.50699
5.50699
5.50795
5.51295
5.50389
5.51105
5.50318
5.50604
5.50604
5.50604
5.49817
5.50294
5.50604
5.50508
5.51414
5.50485
5.49793
5.512
5.5089
5.49698
5.5151
5.51105
5.51414
5.50604
5.50294
5.50389
5.50795
5.51009
5.50795
5.51295
5.50294
5.49912
5.50604
5.5089
5.50508
5.5089
5.50604
5.50699
5.50413
5.5089
5.51295
5.50413
5.51105
5.51391
5.50103
5.51295
5.50103
5.50795
5.49889
5.5089
5.50199
5.50103
5.5089
5.50318
5.49698
5.50914
5.49603
5.50318
5.51486
5.5058
5.50103
5.50294
5.50389
5.50103
5.51105
5.51105
5.49603
5.50985
5.51105
5.50413
5.50485
5.49889
5.50723
5.5182
5.50103
5.50413
5.50699
5.50294
5.50485
5.51105
5.51295
5.51009
5.5151
5.51009
5.50914
5.5151
5.50294
5.5058
5.51009
5.50914
5.50103
5.50294
5.49316
5.50294
5.49912
5.50294
5.512
5.51796
5.50389
5.49793
5.50699
5.50294
5.50413
5.50604
5.49793
5.51701
5.50199
5.50699
5.50604
5.50485
5.49984
5.51295
5.50103
5.50604
5.50818
5.51796
5.50795
5.50389
5.50508
5.50795
5.50795
5.50199
5.5182
5.49412
5.51605
5.50389
5.51105
5.50199
5.50389
5.50795
5.51105
5.50795
5.512
5.50294
5.5089
5.50985
5.51295
5.512
5.50604
5.51605
5.51391
5.5089
5.50389
5.50485
5.50318
5.49912
5.50008
5.50199
5.50604
5.50604
5.50294
5.5089
5.50103
5.50699
5.50795
5.50389
5.50604
5.49698
5.50103
5.51105
5.50413
5.512
5.512
5.5151
5.49889
5.51295
5.50294
5.50914
5.5058
5.52201
5.50699
5.5058
5.50294
5.50508
5.50699
5.51391
5.50389
5.512
5.50294
5.50413
5.50199
5.49793
5.50795
5.50199
5.49603
5.50199
5.51105
5.50985
5.512
5.50318
5.512
5.51391
5.50914
5.49698
5.50485
5.50103
5.50294
5.50103
5.51295
5.51081
5.50294
5.50413
5.51009
5.51391
5.49603
5.50604
5.51701
5.50199
5.50795
5.50413
5.50199
5.50389
5.50389
5.49889
5.50103
5.50294
5.52106
5.49912
5.50604
5.50699
5.50699
5.50818
5.5151
5.51391
5.49698
5.50008
5.51486
5.5089
5.51295
5.50199
5.50985
5.50103
5.50508
5.49793
5.50008
5.50294
5.50485
5.50103
5.512
5.49579
5.50699
5.50985
5.50294
5.50008
5.50985
5.50079
5.50699
5.49912
5.50413
5.50604
5.50413
5.50413
5.50389
5.49698
5.50914
5.50604
5.50914
5.50604
5.5089
5.50508
5.50604
5.49579
5.49793
5.50985
5.51486
5.49603
5.51081
5.50294
5.51105
5.50485
5.50508
5.51009
5.512
5.50795
5.51009
5.50485
5.49698
5.51009
5.50699
5.50914
5.50985
5.49698
5.50199
5.50604
5.50914
5.50699
5.51605
5.51987
5.5151
5.50008
5.49412
5.50413
5.49102
5.50103
5.50103
5.50008
5.5089
5.50485
5.51105
5.49698
5.50222
5.53203
5.50103
5.49603
5.50604
5.50199
5.49889
5.50103
5.50604
5.50985
5.50485
5.5151
5.51105
5.51295
5.51009
5.50604
5.51701
5.50604
5.50699
5.50222
5.50294
5.5089
5.50413
5.50389
5.49817
5.512
5.50485
5.50818
5.51105
5.51009
5.50318
5.50389
5.49817
5.50318
5.50699
5.51391
5.50795
5.5089
5.5089
5.50199
5.52082
5.49603
5.50485
5.51105
5.50294
5.50389
5.49984
5.50008
5.50699
5.50508
5.50389
5.50199
5.512
5.50389
5.50699
5.50294
5.50389
5.50389
5.50199
5.50103
5.50199
5.50413
5.51105
5.52201
5.51414
5.51009
5.5089
5.50699
5.512
5.50914
5.51295
5.51009
5.50294
5.49984
5.51486
5.50389
5.50508
5.50294
5.50699
5.50008
5.49507
5.50795
5.512
5.50604
5.49698
5.51009
5.50318
5.51391
5.49984
5.50985
5.50389
5.50389
5.50199
5.51105
5.51295
5.50699
5.50389
5.50699
5.50508
5.50914
5.50294
5.5058
5.51701
5.50485
5.50485
5.51009
5.50508
5.50485
5.51891
5.512
5.50699
5.51486
5.51414
5.50604
5.50914
5.50914
5.512
5.51105
5.50508
5.51009
5.50413
5.50699
5.51105
5.49388
5.51295
5.50199
5.50699
5.50604
5.50818
5.50914
5.50008
5.50699
5.50485
5.49912
5.49912
5.50604
5.50914
5.50222
5.51891
5.49817
5.51486
5.512
5.512
5.50389
5.51009
5.50294
5.50103
5.50699
5.50199
5.49912
5.50604
5.512
5.5089
5.51391
5.50389
5.51701
5.50699
5.50199
5.51105
5.50294
5.51605
5.49912
5.50103
5.5182
5.50079
5.50294
5.50485
5.50985
5.512
5.50818
5.50508
5.49889
5.50795
5.50604
5.50318
5.5089
5.50199
5.49984
5.50008
5.50699
5.49793
5.49912
5.50604
5.50413
5.50604
5.51414
5.51009
5.51081
5.512
5.49984
5.50485
5.51295
5.50294
5.51105
5.51701
5.51105
5.50318
5.50985
5.51009
5.51009
5.50413
5.50318
5.51105
5.50604
5.50508
5.50795
5.50699
5.51295
5.50699
5.50199
5.50508
5.52487
5.51009
5.512
5.50699
5.50199
5.5151
5.51391
5.50485
5.50389
5.50795
5.50699
5.51486
5.51391
5.50318
5.50103
5.50985
5.50508
5.50604
5.52106
5.50103
5.50699
5.50485
5.51295
5.51105
5.50699
5.49793
5.50508
5.51486
5.512
5.512
5.51009
5.50604
5.49912
5.50699
5.512
5.51319
5.49603
5.50103
5.50699
5.50222
5.49912
5.50699
5.50699
5.5089
5.50294
5.50604
5.50699
5.52011
5.49817
5.51009
5.50485
5.50294
5.50294
5.50699
5.51414
5.50318
5.50699
5.50103
5.50199
5.50508
5.5089
5.50318
5.50103
5.50294
5.5089
5.50199
5.51295
5.50795
5.50699
5.50199
5.50103
5.5151
5.50818
5.5058
5.50699
5.50318
5.50103
5.51009
5.51009
5.49483
5.49984
5.50914
5.50485
5.50699
5.50795
5.50008
5.50604
5.50318
5.50294
5.50294
5.50413
5.50199
5.50413
5.512
5.50294
5.50604
5.50103
5.51009
5.50699
5.49793
5.50508
5.50294
5.50508
5.50318
5.50103
5.5058
5.50699
5.50199
5.50604
5.49722
5.50604
5.50795
5.50199
5.51295
5.51009
5.50795
5.50199
5.49912
5.51105
5.50199
5.50294
5.51891
5.50604
5.50699
5.50199
5.50604
5.50914
5.50294
5.50604
5.50199
5.50413
5.51009
5.50485
5.50699
5.50699
5.512
5.50389
5.50914
5.50508
5.5089
5.50699
5.51295
5.49698
5.51414
5.50199
5.50508
5.50222
5.50508
5.5089
5.49603
5.51796
5.50103
5.50699
5.50199
5.50199
5.51081
5.51105
5.50485
5.50389
5.50699
5.51605
5.50985
5.50199
5.50699
5.50604
5.512
5.50294
5.50318
5.50914
5.50413
5.50008
5.50604
5.50103
5.49793
5.51319
5.51295
5.51009
5.50508
5.50413
5.51295
5.51295
5.50413
5.50914
5.50079
5.51105
5.5058
5.50485
5.50914
5.50818
5.50508
5.50818
5.51701
5.50699
5.50795
5.50985
5.49889
5.50723
5.50199
5.5089
5.50508
5.50413
5.50699
5.512
5.5089
5.512
5.51605
5.5089
5.50294
5.512
5.50795
5.5089
5.50985
5.51796
5.50389
5.50699
5.50914
5.50795
5.512
5.50485
5.51295
5.50699
5.49793
5.50795
5.50199
5.50795
5.50508
5.50795
5.50604
5.50318
5.50795
5.50985
5.51414
5.50199
5.5089
5.50699
5.50294
5.51486
5.50079
5.50294
5.51414
5.49316
5.512
5.49984
5.50699
5.50103
5.50413
5.50318
5.50508
5.49889
5.5089
5.512
5.5058
5.50699
5.51796
5.52297
5.51295
5.50008
5.51701
5.51701
5.51414
5.51009
5.50389
5.49722
5.50389
5.51414
5.50103
5.50795
5.50485
5.51081
5.50508
5.50389
5.49889
5.50294
5.49817
5.5089
5.50318
5.50294
5.50699
5.512
5.512
5.50723
5.49603
5.50508
5.50485
5.50914
5.49793
5.49793
5.50199
5.51105
5.49483
5.50699
5.51081
5.50604
5.49889
5.512
5.50604
5.51009
5.51701
5.51009
5.50914
5.50699
5.50699
5.51295
5.50199
5.50985
5.50008
5.51701
5.50914
5.50413
5.50103
5.50199
5.50199
5.51009
5.50604
5.5151
5.512
5.49889
5.50103
5.50008
5.50103
5.50508
5.5058
5.50199
5.51391
5.50413
5.49698
5.50508
5.50008
5.50199
5.51295
5.50413
5.51605
5.51105
5.50914
5.51295
5.50795
5.50199
5.51105
5.49293
5.51009
5.49817
5.50699
5.49984
5.51391
5.50699
5.50985
5.50199
5.50103
5.5089
5.50604
5.50103
5.50604
5.50485
5.49889
5.50413
5.52416
5.50318
5.50389
5.51105
5.50389
5.50389
5.50985
5.50199
5.49603
5.50103
5.49889
5.50294
5.50795
5.50008
5.512
5.49603
5.50199
5.49912
5.50008
5.50199
5.51295
5.5089
5.50008
5.51414
5.50795
5.50413
5.50699
5.49912
5.5058
5.50199
5.50699
5.50008
5.50795
5.49984
5.50199
5.50199
5.50604
5.50795
5.50199
5.51891
5.50985
5.5089
5.51009
5.50413
5.49603
5.50485
5.51009
5.50604
5.49293
5.49984
5.50103
