103.418
87.5001
87.882
88.058
88.3288
88.3369
88.6099
88.5532
88.7048
88.8031
88.866
88.6629
88.7589
88.7749
88.7389
88.84
88.907
88.521
88.5291
88.6071
88.5291
88.629
88.6741
88.45
88.5541
88.2769
88.341
88.2449
88.4709
87.96
88.4089
88.1701
88.0909
87.9571
88.0411
87.512
87.8191
87.8749
87.6379
87.549
87.6272
87.193
87.5549
87.513
87.548
87.3179
87.3559
87.1601
87.1701
87.2889
87.2221
87.2841
86.992
87.1601
87.039
87.6062
86.76
86.602
86.731
86.5579
86.2269
86.4408
86.412
86.6251
86.8862
85.9611
86.0741
86.1042
86.014
88.551
88.5479
86.154
85.8889
85.7291
85.8519
85.8479
87.0321
87.3389
86.561
85.6681
85.7091
85.5591
85.3789
87.451
87.0719
87.3501
85.722
85.371
85.8109
85.6981
85.8409
87.249
87.77
87.43
86.499
85.8679
86.163
86.081
85.9699
86.1361
