98.408
71.928
71.8532
71.6729
71.9061
71.9531
72.2601
71.945
71.049
71.6338
72.144
71.516
71.8269
71.3851
71.173
71.5261
71.3329
71.959
71.5761
71.8699
71.8701
71.5249
72.247
71.6689
71.928
71.2941
72.052
72.072
71.6369
72.0801
71.8
71.1088
72.0711
72.0301
71.7509
71.372
72.072
71.528
70.941
71.2929
71.753
71.3358
71.7311
71.316
71.2721
71.841
71.9602
72.284
71.7781
71.9481
71.934
71.8348
71.377
71.342
71.583
71.7099
71.5389
71.47
71.6271
71.4869
71.794
71.383
71.6059
72.093
71.5029
71.717
71.2919
72.2101
71.6879
72.047
72.0069
71.6982
71.974
71.4869
71.5389
71.584
71.9581
71.4281
71.7101
71.6949
71.6751
71.717
71.811
71.533
71.7859
71.804
71.8319
71.501
71.584
71.527
71.9681
71.48
71.5489
71.465
71.681
72.099
71.8601
71.3031
72.063
71.728
