nan
nan
nan
nan
nan
nan
nan
nan
nan
nan
nan
nan
nan
nan
nan
nan
nan
nan
nan
nan
nan
nan
nan
nan
nan
nan
nan
nan
nan
nan
nan
nan
nan
nan
nan
nan
nan
nan
nan
nan
nan
nan
nan
nan
nan
nan
nan
nan
nan
nan
nan
nan
nan
nan
nan
nan
nan
nan
nan
nan
nan
nan
nan
nan
nan
nan
nan
nan
nan
nan
nan
nan
nan
nan
nan
nan
nan
nan
nan
nan
nan
nan
nan
nan
nan
nan
nan
nan
nan
nan
nan
nan
nan
nan
nan
nan
nan
nan
nan
nan
nan
nan
nan
nan
nan
nan
nan
nan
nan
nan
nan
nan
nan
nan
nan
nan
nan
nan
nan
nan
nan
nan
nan
nan
nan
nan
nan
nan
nan
nan
nan
nan
nan
nan
nan
nan
nan
nan
nan
nan
nan
nan
nan
nan
nan
nan
nan
nan
nan
nan
nan
nan
nan
nan
nan
nan
nan
nan
nan
nan
nan
nan
nan
nan
nan
nan
nan
nan
nan
nan
nan
nan
nan
nan
nan
nan
nan
nan
nan
nan
nan
nan
nan
nan
nan
nan
nan
nan
nan
nan
nan
nan
nan
nan
nan
nan
nan
nan
nan
nan
nan
nan
nan
nan
nan
nan
nan
nan
nan
nan
nan
nan
nan
nan
nan
nan
nan
nan
nan
nan
nan
nan
nan
nan
nan
nan
nan
nan
nan
nan
nan
nan
nan
nan
nan
nan
nan
nan
nan
nan
nan
nan
nan
nan
nan
nan
nan
nan
nan
nan
nan
nan
nan
nan
nan
nan
nan
nan
nan
nan
nan
nan
nan
nan
nan
nan
nan
nan
nan
nan
nan
nan
nan
nan
nan
nan
nan
nan
nan
nan
nan
nan
nan
nan
nan
nan
nan
nan
nan
nan
nan
nan
nan
nan
nan
nan
nan
nan
nan
nan
nan
nan
nan
nan
nan
nan
nan
nan
nan
nan
nan
nan
nan
nan
nan
nan
nan
nan
nan
nan
nan
nan
nan
nan
nan
nan
nan
nan
nan
nan
nan
nan
nan
nan
nan
nan
nan
nan
nan
nan
nan
nan
nan
nan
nan
nan
nan
nan
nan
nan
nan
nan
nan
nan
nan
nan
nan
nan
nan
nan
nan
nan
nan
nan
nan
nan
nan
nan
nan
nan
nan
nan
nan
nan
nan
nan
nan
nan
nan
nan
nan
nan
nan
nan
nan
nan
nan
nan
nan
nan
nan
nan
nan
nan
nan
nan
nan
nan
nan
nan
nan
nan
nan
nan
nan
nan
nan
nan
nan
nan
nan
nan
nan
nan
nan
nan
nan
nan
nan
nan
nan
nan
nan
nan
nan
nan
nan
nan
nan
nan
nan
nan
nan
nan
nan
nan
nan
nan
nan
nan
nan
nan
nan
nan
nan
nan
nan
nan
nan
nan
nan
nan
nan
nan
nan
nan
nan
nan
nan
nan
nan
nan
nan
nan
nan
nan
nan
nan
nan
nan
nan
nan
nan
nan
nan
nan
nan
nan
nan
nan
nan
nan
nan
nan
nan
nan
nan
nan
nan
nan
nan
nan
nan
nan
nan
nan
nan
nan
nan
nan
nan
nan
nan
nan
nan
nan
nan
nan
nan
nan
nan
nan
nan
nan
nan
nan
nan
nan
nan
nan
nan
nan
nan
nan
nan
nan
nan
nan
nan
nan
nan
nan
nan
nan
nan
nan
nan
nan
nan
nan
nan
nan
nan
nan
nan
nan
nan
nan
nan
nan
nan
nan
nan
nan
nan
nan
nan
nan
nan
nan
nan
nan
nan
nan
nan
nan
nan
nan
nan
nan
nan
nan
nan
nan
nan
nan
nan
nan
nan
nan
nan
nan
nan
nan
nan
nan
nan
nan
nan
nan
nan
nan
nan
nan
nan
nan
nan
nan
nan
nan
nan
nan
nan
nan
nan
nan
nan
nan
nan
nan
nan
nan
nan
nan
nan
nan
nan
nan
nan
nan
nan
nan
nan
nan
nan
nan
nan
nan
nan
nan
nan
nan
nan
nan
nan
nan
nan
nan
nan
nan
nan
nan
nan
nan
nan
nan
nan
nan
nan
nan
nan
nan
nan
nan
nan
nan
nan
nan
nan
nan
nan
nan
nan
nan
nan
nan
nan
nan
nan
nan
nan
nan
nan
nan
nan
nan
nan
nan
nan
nan
nan
nan
nan
nan
nan
nan
nan
nan
nan
nan
nan
nan
nan
nan
nan
nan
nan
nan
-7.02354697811116679417864361312240
-5.53148068219245292453933871001936
-4.95762811962892246953060748637654
-4.59531473721188099545997829409316
-4.32992750757066779954129742691293
-4.12040341961500722334221791243181
-3.94726565889688441046700972947292
-3.79972685839430157628271444991697
-3.67118322351883152876439453393687
-3.55729682782753720005075592780486
-3.45506459353328887473821851017419
-3.36232121568273178979779913788661
-3.27745388469315601653875091869850
-3.19922896721591598634404363110662
-3.12668173527963899616111120849382
-3.05904347850121149932078878919128
-2.99569175236308327114898020226974
-2.93611547355971413963970917393453
-2.87988984370900880094268359243870
-2.82665795680430109726444243278820
-2.77611706041618910845159007294569
-2.72800812543613124816488380020019
-2.68210781203035120157096571347211
-2.63822220012597341565196984447539
-2.59618183887576803314800599764567
-2.55583779551951995046010779333301
-2.51705847090308854063778198906220
-2.47972700979408022803340827522334
-2.44373917746593605215821298770607
-2.40900160530116913548681623069569
-2.37543033103547651663234319130424
-2.34294957618745014471528520516586
-2.31149071587940335703592609206680
-2.28099140582411763489290024153888
-2.25139483855443378601535187044647
-2.22264910659430636741262787836604
-2.19470665463433434183571080211550
-2.16752380618942375178903603227809
-2.14106035290771368195805735012982
-2.11527919683585263754821426118724
-2.09014603765212791941507930459920
-2.06562909825038598654600718873553
-2.04169888316659919880180495965760
-2.01832796524130175797040465113241
-1.99549079664785478094302106910618
-1.97316354102150470772869539359817
-1.95132392392353959387207851250423
-1.92995109928870389737198820512276
-1.90902552984866824559162523655687
-1.88852887981236583492261615901953
-1.86844391832582612522628551232629
-1.84875443243776249602206007693894
-1.82944514846941719277140236954438
-1.81050166083322516819009706523502
-1.79191036746926335432306132133817
-1.77365841117461053855208774621133
-1.75573362619175643573043998912908
-1.73812448950030051797455143969273
-1.72082007632356059900757827563211
-1.70381001941982646030737669207156
-1.68708447177842368880362755589886
-1.67063407238445260638570744049503
-1.65444991475420155602193972299574
-1.63852351797641460073862162971636
-1.62284680002370329532368486979976
-1.60741205312382073877586208254797
-1.59221192100293373883346248476300
-1.57723937783268297607719432562590
-1.56248770873022890803838436113438
-1.54795049167579579219022889446933
-1.53362158072584842116725667438004
-1.51949509041206010095947931404226
-1.50556538122696470516359568136977
-1.49182704610670735512201190431369
-1.47827489782980014965119153202977
-1.46490395725840549800977896666154
-1.45170944235542020983587008231552
-1.43868675791675748598663631128147
-1.42583148596363917803842014109250
-1.41313937674464851212974281224888
-1.40060634030167130426036692369962
-1.38822843855786071110003376816167
-1.37600187788930772292417259450303
-1.36392300214538031433164633199340
-1.35198828608557897190678431798005
-1.34019432920345238358095230069011
-1.32853784991048251562517634738469
-1.31701568005506786107616790104657
-1.30562475975368696978762272919994
-1.29436213251315646033390294178389
-1.28322494062452041596600338380085
-1.27221042081062929440804509795271
-1.26131590011081184954377931717318
-1.25053879198732187383313885220559
-1.23987659263935734443862202169839
-1.22932687751152625033057574910345
-1.21888729798456441066889510693727
-1.20855557823702164377266399242217
-1.19832951226741002415110415313393
-1.18820696106708401096341276570456
-1.17818584993477415423512866254896
-1.16826416592435466945687494444428
-1.15843995541797761816837919468526
-1.14871132181726953724876238993602
-1.13907642334575065490298584336415
-1.12953347095612310901913133420749
-1.12008072633646382776362315780716
-1.11071650000978139338769778987626
-1.10143914952172439214450605504680
-1.09224707771159246227909989102045
-1.08313873106208613528167461481644
-1.07411259812354065168449324119138
-1.06516720800863695650662066327641
-1.05630112895384975502111046807840
-1.04751296694410367393857086426578
-1.03880136439734438447146658290876
-1.03016499890590762511521916167112
-1.02160258203178178071368620294379
-1.01311285815300355928059161669808
-1.00469460335861970889936856110580
-0.99634662438976717702132646081736
-0.98806775762459431167172851928626
-0.97985686810485062014919321882189
-0.97171284860212070455531829793472
-0.96363461872177003098016712101526
-0.95562112404279886401781141103129
-0.94767133529188274376764411499607
-0.93978424754999012602496577528655
-0.93195887949003941574943610248738
-0.92419427264415665579377900940017
-0.91648949069915897069904531235807
-0.90884361881897524071405314316507
-0.90125576299276999314713521016529
-0.89372504940761854363984184601577
-0.88625062384462172104804267291911
-0.87883165109742722442831563967047
-0.87146731441215830038515832711710
-0.86415681494781781957215116563020
-0.85689937125627124725468775068293
-0.84969421878096618172548915026709
-0.84254060937357899696564800251508
-0.83543781082783152847071050928207
-0.82838510642974338971100678463699
-0.82138179452363702104378262447426
-0.81442718809323078055228961602552
-0.80752061435720190463172230010969
-0.80066141437861648721963092611986
-0.79384894268766803548942334600724
-0.78708256691717448649825428219629
-0.78036166745032975455842461087741
-0.77368563708020854363667240249924
-0.76705388068056667982830276741879
-0.76046581488748055122073310485575
-0.75392086779141009866833655905793
-0.74741847863926902384434924897505
-0.74095809754612240727311700538849
-0.73453918521613492664812383736717
-0.72816121267242028824995259128627
-0.72182366099544859050496370400651
-0.71552602106969453998885910550598
-0.70926779333820932915699586374103
-0.70304848756482840599346673116088
-0.69686762260372503430261303947191
-0.69072472617604496747389930533245
-0.68461933465335667037265920953359
-0.67855099284767517175964712805580
-0.67251925380781640839700230571907
-0.66652367862185812885655877835234
-0.66056383622548586753708832475240
-0.65463930321601782047480355686275
-0.64874966367190500804440489446279
-0.64289450897751720948036791014601
-0.63707343765302715254961185564753
-0.63128605518921887540528814497520
-0.62553197388704773196366204501828
-0.61981081270179017028709722580970
-0.61412219709162674252667102337000
-0.60846575887050757813767631887458
-0.60284113606515543626329645121587
-0.59724797277606778145297994342400
-0.59168591904238543310867726177094
-0.58615463071049689336433630160172
-0.58065376930625856033429954550229
-0.57518300191070848015328920155298
-0.56974200103916250448321534349816
-0.56433044452358138709513468711521
-0.55894801539810401447283538800548
-0.55359440178764440787517742137425
-0.54826929679945490825332399253966
-0.54297239841756150813267822741182
-0.53770340939998040319380834262120
-0.53246203717862772286650852038292
-0.52724799376183906218784613884054
-0.52206099563941732455418787139934
-0.51690076369012993851015380641911
-0.51176702309158095260954723926261
-0.50665950323238484465093733888352
-0.50157793762657121305892360396683
-0.49652206383015434765226814306516
-0.49149162335980034477245226298692
-0.48648636161352998286133697547484
-0.48150602779339646275502673233859
-0.47655037483007889331787509945570
-0.47161915930933501206467894917296
-0.46671214140025851779824961340637
-0.46182908478528783557948145244154
-0.45696975659191579888229739481176
-0.45213392732605017787506085369387
-0.44732137080697809139451237570029
-0.44253186410388739568944060920330
-0.43776518747390175123612721108657
-0.43302112430158468114882452937309
-0.42829946103987248662292586232070
-0.42359998715239466360316100690397
-0.41892249505714390656052614758664
-0.41426678007145650850517881735868
-0.40963264035826851827692962615401
-0.40501987687361074019776197019382
-0.40042829331530982450715328013757
-0.39585769607286097615528319693112
-0.39130789417844158428749778977362
-0.38677869925903385350807184295263
-0.38226992548962712703541910741478
-0.37778138954747020328284179413458
-0.37331291056734566824459875533648
-0.36886431009783965384585258107109
-0.36443541205857915565857751971635
-0.36002604269841304018839878153813
-0.35563603055451004086862099029531
-0.35126520641235148278980204850086
-0.34691340326659414472487696912140
-0.34258045628278088745588547681109
-0.33826620275987745456447441938508
-0.33397048209361401838179972401122
-0.32969313574061048788266248266154
-0.32543400718326592757634330155270
-0.32119294189539265849120397433580
-0.31696978730857550132782307628077
-0.31276439277923923087953994581767
-0.30857660955640475730632488193805
-0.30440629075011821358387464897532
-0.30025329130053540760414421129099
-0.29611746794764548518230640183901
-0.29199867920161848289239969744813
-0.28789678531376045045320211102080
-0.28381164824806248692112831122358
-0.27974313165332803654550275496149
-0.27569110083586517712106456201582
-0.27165542273272974549414016109949
-0.26763596588550658816885174928757
-0.26363260041461500371440251910826
-0.25964519799412694167628501418221
-0.25567363182708541247123434914101
-0.25171777662131028518999187326699
-0.24777750856568175885641380773450
-0.24385270530688843426680989523447
-0.23994324592663038298034905437817
-0.23604901091926588918568086228333
-0.23216988216989181692540000767622
-0.22830574293284749964882962558477
-0.22445647781063229886377996535884
-0.22062197273322736723599746255786
-0.21680211493781248455192667279334
-0.21299679294886855740465136932471
-0.20920589655865756695263257824990
-0.20542931680807088867801724063611
-0.20166694596783804604989143172133
-0.19791867752008746039749098599714
-0.19418440614025173074352892399475
-0.19046402767930925570283307024511
-0.18675743914635514753008749266883
-0.18306453869149399982241277484718
-0.17938522558904709813809574825427
-0.17571940022106774526022832105809
-0.17206696406115756792232218685967
-0.16842781965857703263544919991546
-0.16480187062264442521275498165778
-0.16118902160741643836416869817185
-0.15758917829664439991255164841277
-0.15400224738900059051616153737996
-0.15042813658356837813734330211446
-0.14686675456559070140905021162325
-0.14331801099247157282867703997908
-0.13978181648002499515293095555535
-0.13625808258896623947897808193375
-0.13274672181164007267462068284658
-0.12924764755898152102098208615644
-0.12576077414770367446372745234839
-0.12228601678770822935859996505314
-0.11882329156971400963005436324238
-0.11537251545309884503964781288232
-0.11193360625395060159448235026503
-0.10850648263332292320360039639127
-0.10509106408569153512377880588247
-0.10168727092760702912510595297135
-0.09829502428654006418451416493554
-0.09491424608991522182677158525621
-0.09154485905432947767668139249508
-0.08818678667495180589774861346086
-0.08483995321510012788124299731862
-0.08150428369599212186091818921341
-0.07817970388666638237307182635050
-0.07486614029407057113729706543381
-0.07156352015331327032221508943621
-0.06827177141807620752711471823204
-0.06499082275118388263290825079821
-0.06172060351532726585332966351416
-0.05846104376393876367323798604048
-0.05521207423221540649960203950286
-0.05197362632828735062862079985280
-0.04874563212452899529925076649306
-0.04552802434900979355880679122492
-0.04232073637708224506104315310040
-0.03912370222310431605583502800982
-0.03593685653229374693529152295923
-0.03276013457271179096785829187866
-0.02959347222737383417690004705491
-0.02643680598648452673149478187042
-0.02329007293979514642279227132349
-0.02015321076908076908251743475375
-0.01702615774073508794761444562482
-0.01390885269848065805553538609729
-0.01080123505619239900055195136019
-0.00770324479083226570930165166828
-0.00461482243549302638407905163831
-0.00153590907254912449261818885304
0.00153355367308734107101297894360
0.00459362364060744883531572924085
0.00764435813984499015760754048188
0.01068581395771655943860434234693
0.01371804736456399761990176955351
0.01674111412040097182640785433705
0.01975506948106543064769269335557
0.02275996820427958824972769491524
0.02575586455561917204049038332414
0.02874281231439350381418051938454
0.03172086477943800858492195970939
0.03469007477482076440278291329378
0.03765049465546455031983441585908
0.04060217631268592253235283351387
0.04354517117965282096969659164643
0.04647953023676205247527448705114
0.04940530401693812856400711552851
0.05232254261085483165727438858994
0.05523129567208080042961526601175
0.05813161242215053592374829349865
0.06102354165556206355702784094319
0.06390713174470252777581436021137
0.06678243064470298917534307747701
0.06964948589822363145263039996280
0.07250834464017053004880608568783
0.07535905360234528005403120687333
0.07820165911802838543120941494635
0.08103620712649786672621132765926
0.08386274317748387829851708374918
0.08668131243556059795096757625288
0.08949195968447637428155871930358
0.09229472933142324198030337356613
0.09508966541124669324958063043596
0.09787681159059685720436050360149
0.10065621117202196155293592028102
0.10342790709800502024773294351689
0.10619194195494484345143604286932
0.10894835797708203595224318860346
0.11169719705037114976242662578443
0.11443850071629976805631656588957
0.11717231017565522821488599447548
0.11989866629224024685562710601516
0.12261760959653780767020236908138
0.12532918028932646392625827047596
0.12803341824524677727836774465686
0.13073036301631960065527948700037
0.13342005383541705176853042758012
0.13610252961968705154305325777386
0.13877782897393187155898885976057
0.14144599019394171746100141717761
0.14410705126978387569103290388739
0.14676104988904847825637034475221
0.14940802344005088553302584841731
0.15204800901499204712763457791880
0.15468104341307736815380735606595
0.15730716314359438623426967751584
0.15992640442895020291835805892333
0.16253880320766930789311288663157
0.16514439513735240661063130573893
0.16774321559759650113186069120275
0.17033529969287755645446225116757
0.17292068225539558579129106874461
0.17549939784788304297791228236747
0.17807148076637738243199748922052
0.18063696504295775890902575611108
0.18319588444844686625501140042616
0.18574827249507822046759031309193
0.18829416243912955319927959862980
0.19083358728352275979212038237165
0.19336657978039084593291363489698
0.19589317243361251130728817315685
0.19841339750131478658623507271841
0.20092728699834430661219641933712
0.20343487269870727529585963111458
0.20593618613797934346898443891405
0.20843125861568520540423321563139
0.21092012119764844135794135127071
0.21340280471831249431424737394991
0.21587933978303275317500720120734
0.21834975677034021424027798730094
0.22081408583417749813548880410963
0.22327235690610713891857130874996
0.22572459969749303354547009803355
0.22817084370165499618288151850720
0.23061111819599705574646009154094
0.23304545224411007953158048167097
0.23547387469784850089205008316640
0.23789641419938223343422123434721
0.24031309918322357743747375025123
0.24272395787822972912373131748609
0.24512901830958130910964598569990
0.24752830830073696555260198692849
0.24992185547536488465780735168664
0.25230968725925084772399031862733
0.25469183088218388943957393166784
0.25706831337981955742932882458263
0.25943916159552055100689926803170
0.26180440218217654324561749490385
0.26416406160400157654422059749777
0.26651816613831086355546062804933
0.26886674187727660489954928380030
0.27120981472966310121819333289750
0.27354741042254188121418678747432
0.27587955450298629056504751133616
0.27820627233974720704523519998475
0.28052758912490832754471625776205
0.28284352987552313640762235991133
0.28515411943523244486797807439871
0.28745938247586333424976601236267
0.28975934349901005804284181976982
0.29205402683759645876548916021420
0.29434345665742045472512700143852
0.29662765695868126281098398067115
0.29890665157748902425183246123197
0.30118046418735694436108474292269
0.30344911830067705649227605135820
0.30571263727017894407111953114509
0.30797104429037208683794801800104
0.31022436239897199783399628358893
0.31247261447831009562037252180744
0.31471582325672814439698754540586
0.31695401130995681793223184286035
0.31918720106247883139261034557421
0.32141541478887730720614968049631
0.32363867461516837575885574551648
0.32585700252011978728106100788864
0.32807042033655464674524182555615
0.33027894975264043830875948515313
0.33248261231316433850224711932242
0.33468142942079420754097895951418
0.33687542233732575835958300558559
0.33906461218491629194815573100641
0.34124901994730472143402266738121
0.34342866647101838450950594960887
0.34560357246656669971685005293693
0.34777375850962205516836434071593
0.34993924504218759663487503530632
0.35210005237375252562515015597455
0.35425620068243524052320481132483
0.35640771001611371016082330243080
0.35855460029354396800371773679217
0.36069689130546650490671822808508
0.36283460271570106003835576302663
0.36496775406222953241908157906437
0.36709636475826740165118167169567
0.36922045409332382437384012519033
0.37134004123425029542104880420084
0.37345514522627865083848064386984
0.37556578499404769111436053208308
0.37767197934261920178045102147735
0.37977374695848314933854794617218
0.38187110641055255211284702454577
0.38396407615114785949472775428148
0.38605267451697083957995459968515
0.38813691973006864133211024636694
0.39021682989878753167189984196739
0.39229242301871708464844346053724
0.39436371697362421206989324673486
0.39643072953637792377179493996664
0.39849347836986404036707654086058
0.40055198102789107972299120774551
0.40260625495608642898659468301048
0.40465631749278352380372325569624
0.40670218586989970166456487277173
0.40874387721380561755424309922091
0.41078140854618516719654053304112
0.41281479678488697260263506905176
0.41484405874476754094715147402894
0.41686921113852504205965487926733
0.41889027057752575844418174710881
0.42090725357262109840306152364064
0.42292017653495739271107822787599
0.42492905577677653194967888339306
0.42693390751220977596958050526155
0.42893474785806234850227269816969
0.43093159283459125941107004109654
0.43292445836627457822487485827878
0.43491336028257393531148977672274
0.43689831431868819677788451372180
0.43887933611630114416612968852860
0.44085644122432054992088978906395
0.44282964509961070254107085020223
0.44479896310771716017029575596098
0.44676441052358523142729040955601
0.44872600253227001854128275226685
0.45068375422964140897263973783993
0.45263768062307996320470238060807
0.45458779663216825062121984046826
0.45653411708937358115534266289615
0.45847665674072535235694658695138
0.46041543024648518001029628976539
0.46235045218181092252507369266823
0.46428173703741387745580482260266
0.46620929922021014935040739146643
0.46813315305396518972713693074184
0.47005331277993284144756103160034
0.47196979255748744419562967777892
0.47388260646475077741968107147841
0.47579176849921195335824108951783
0.47769729257834264712911931383132
0.47959919254020533241344992347877
0.48149748214405668766957546722551
0.48339217507094439651993411644071
0.48528328492429917417894102982245
0.48717082523052035458732689221506
0.48905480943955692563207549028448
0.49093525092548206956166723102797
0.49281216298706320699807292839978
0.49468555884832576818865845780238
0.49655545165911313398865445378760
0.49842185449563936039396594424034
0.50028478036103873893836180286598
0.50214424218590891779712137577008
0.50400025282884941546512891363818
0.50585282507699524945365965322708
0.50770197164654573551700877942494
0.50954770518328773576399726152886
0.51139003826311479894428657644312
0.51322898339254141575338508118875
0.51506455300921227813404357220861
0.51689675948240687564094741901499
0.51872561511353987295791512224241
0.52055113213665660243378852101159
0.52237332271892389368161957463599
0.52419219896111701739727095628041
0.52600777289810141112980090838391
0.52782005649931074131586683506612
0.52962906166922063544433285642299
0.53143480024781697412805669955560
0.53323728401106196272962733928580
0.53503652467135420778276966302656
0.53683253387798535172237279766705
0.53862532321759304387853717344115
0.54041490421460913751161569962278
0.54220128833170422311127367720474
0.54398448697022827591496252352954
0.54576451147064697355659745880985
0.54754137311297490509076624221052
0.54931508311720400605793201975757
0.55108565264372877390286475929315
0.55285309279376781965709142241394
0.55461741460978142281845748584601
0.55637862907588497840549734974047
0.55813674711826044561036042068736
0.55989177960556146818049683133722
0.56164373734931805071113330996013
0.56339263110433512871111361164367
0.56513847156908936231189954924048
0.56688126938612115601756613614270
0.56862103514242468005335240377462
0.57035777936983300673290386839653
0.57209151254540135944637313514249
0.57382224509178558768951461388497
0.57554998737761897675824229736463
0.57727474971788395041727426360012
0.57899654237428255232345009062556
0.58071537555560204246773992053932
0.58243125941807860623811166078667
0.58414420406575695565720707236324
0.58585421955084771017396860770532
0.58756131587408111371928498556372
0.58926550298505786518177274047048
0.59096679078259750639290359686129
0.59266518911508303535384811766562
0.59436070778080296594936271503684
0.59605335652829061210411509819096
0.59774314505666048535914569583838
0.59943008301594147280155766566168
0.60111418000740801659276257851161
0.60279544558390707464923252700828
0.60447388925018441518943745904835
0.60614952046320602629947416062350
0.60782234863247852629797307599802
0.60949238312036557729811647732276
0.61115963324240285547972462154576
0.61282410826760946864766310682171
0.61448581741879726436650344112422
0.61614476987287747355992451048223
0.61780097476116468957485494684079
0.61945444116967851577726378309308
0.62110517813944277065729693276808
0.62275319466678180635454964431119
0.62439849970361493980419709259877
0.62604110215774810832556340756128
0.62768101089316330476464145249338
0.62931823473030545912365596450400
0.63095278244636698872227498213761
0.63258466277557068302428433526075
0.63421388440944914677288579696324
0.63584045599712257779145829772460
0.63746438614557487944978220184566
0.63908568341992599837197985834791
0.64070435634370381805524630181026
0.64232041339911249977490115270484
0.64393386302729949122181096754503
0.64554471362861975958225002614199
0.64715297356289858132782910615788
0.64875865114969144542556023225188
0.65036175466854262428029187503853
0.65196229235924119116418751218589
0.65356027242207515026706232674769
0.65515570301808323527836819266668
0.65674859226930581979075896015274
0.65833894825903183090076709049754
0.65992677903204610689869014095166
0.66151209259487220304407628646004
0.66309489691601619654193200403824
0.66467519992620538449301648142864
0.66625300951862820308946311342879
0.66782833354916959489600003507803
0.66940117983664637613117065484403
0.67097155616303971736869016240234
0.67253947027372684708268479880644
0.67410492987770898043464740112540
0.67566794264784002521651018469129
0.67722851622105173508003872484551
0.67878665819857719743168900095043
0.68034237614617365519364966530702
0.68189567759434255300732274918118
0.68344657003854836219147728115786
0.68499506093943540729895858021337
0.68654115772304347142807046111557
0.68808486778102140313251311454223
0.68962619847083894697448158694897
0.69116515711599757487704209779622
0.69270175100623854191894679388497
0.69423598739775116417405342872371
0.69576787351337721077015885384753
0.69729741654281551799243743516854
0.69882462364282493805234253159142
0.70034950193742417923203902319074
0.70187205851809220114034815196646
0.70339230044396505725501356209861
0.70491023474203373666568950284272
0.70642586840733734288022560576792
0.70793920840315793796548859972972
0.70945026166121138988529537527938
0.71095903508183888597216082416708
0.71246553553419522675227426589117
0.71396976985643667568126602418488
0.71547174485590736559004199079936
0.71697146730932403979608125155210
0.71846894396295957196940662470297
0.71996418153282470964171579907998
0.72145718670484926260400015962659
0.72294796613506151494732421269873
0.72443652644976552767985822356422
0.72592287424571866338851577893365
0.72740701609030666840993717414676
0.72888895852171797784535556274932
0.73036870804911591115171631827252
0.73184627115281120079970378355938
0.73332165428443119026269414462149
0.73479486386709003120643046713667
0.73626590629555532796501893244567
0.73773478793641544815073984864284
0.73920151512824450179550694883801
0.74066609418176665435851191432448
0.74212853138001888542163442252786
0.74358883297851274818413003231399
0.74504700520539490771199098162469
0.74650305426160667998658482247265
0.74795698632104212766336104323273
0.74940880753070493458523060326115
0.75085852401086461416213069242076
0.75230614185521138548295994041837
0.75375166713100960613758161343867
0.75519510587925042788270957316854
0.75663646411480300901786222311785
0.75807574782656594880592137997155
0.75951296297761505815770988192526
0.76094811550535268462880367223988
0.76238121132165437288108478242066
0.76381225631301574718889924042742
0.76524125634069628532074602844659
0.76666821724086453571089805336669
0.76809314482474033702885662933113
0.76951604487873770388262073538499
0.77093692316460460389748732268345
0.77235578541956428910708609691937
0.77377263735645285258613057521870
0.77518748466385878348461346831755
0.77660033300625863628141587469145
0.77801118802415403230554602487246
0.77942005533420621876672385042184
0.78082694052937051676366309038713
0.78223184917902954804702631008695
0.78363478682912524053705283222371
0.78503575900229050077427928044926
0.78643477119797966512493303525844
0.78783182889259761871869613969466
0.78922693753962880336416674253996
0.79062010256976489319669099131715
0.79201132939103158214777522516670
0.79340062338891448323607846759842
0.79478798992648425070228768163361
0.79617343434452092498787578733754
0.79755696196163705646853259167983
0.79893857807440049612068833084777
0.80031828795745563187580273734056
0.80169609686364484701925903209485
0.80307201002412798018781359132845
0.80444603264850156332244068835280
0.80581816992491739348736246029148
0.80718842702019988344375178712653
0.80855680907996307915652778319782
0.80992332122872590094431188845192
0.81128796857002827280780365981627
0.81265075618654492028980484974454
0.81401168914019872424603363469942
0.81537077247227407461593884363538
0.81672801120352844783667478623101
0.81808341033430442834628593118396
0.81943697484463906555163248413010
0.82078870969437478510855044078198
0.82213861982326763566675253969152
0.82348671015109642379314891513786
0.82483298557776951742681603718665
0.82617745098343187137857057678048
0.82752011122857138669672849573544
0.82886097115412471492135182415950
0.83020003558158073087014372504200
0.83153730931308600382578788412502
0.83287279713154693805421402430511
0.83420650380073357865740035776980
0.83553843406538030880170708769583
0.83686859265128810125844438516651
0.83819698426542477154299604080734
0.83952361359602478696473326635896
0.84084848531268874261002110870322
0.84217160406648194914680516376393
0.84349297449003224347308105279808
0.84481260119762779936536389868706
0.84613048878531293972571347694611
0.84744664183098494802948152937461
0.84876106489448910341621967745596
0.85007376251771393782519226078875
0.85138473922468460575174731275183
0.85269399952165703115980477377889
0.85400154789721072212671515444526
0.85530738882234114139890834849211
0.85661152675055118876912274572533
0.85791396611794268345363434491446
0.85921471134330640317955385398818
0.86051376682821278940593856532359
0.86181113695710054312115744323819
0.86310682609736599779637344909133
0.86440083859945071598218646613532
0.86569317879693008510599838700728
0.86698385100659924873411910084542
0.86827285952856037010150203059311
0.86956020864630845235154765759944
0.87084590262681682570899965867284
0.87212994572062163545211888049380
0.87341234216190666295176470157458
0.87469309616858637035363699396839
0.87597221194239016650584517265088
0.87724969366894434141812553207274
0.87852554551785444481026843277505
0.87979977164278666545982332536369
0.88107237618154987668361854957766
0.88234336325617523932862695801305
0.88361273697299669294125123997219
0.88488050142273055875818954518763
0.88614666068055514269730110754608
0.88741121880618822892472508101491
0.88867417984396612773423385078786
0.88993554782292061400283955663326
0.89119532675685708689172770391451
0.89245352064442973194502428668784
0.89371013346921879261230969859753
0.89496516919980595439199078100501
0.89621863178984961795237040860229
0.89747052517815895100738998735324
0.89872085328876927246000150262262
0.89996962003101499405488539196085
0.90121682929960333918728565549827
0.90246248497468717353342526621418
0.90370659092193716954710680511198
0.90494915099261430402322048394126
0.90619016902364091237132015521638
0.90742964883767218697840917229769
0.90866759424316612125949177425355
0.90990400903445467495345155839459
0.91113889699181294101748562752618
0.91237226188152864558844612474786
0.91360410745597075976576206812751
0.91483443745365877752817596046953
0.91606325559932999524903607380111
0.91729056560400756836770597146824
0.91851637116506767988255433010636
0.91974067596630626475473491154844
0.92096348367800562328966407221742
0.92218479795700047940698595994036
0.92340462244674303970981554812170
0.92462296077736905175470383255742
0.92583981656576219698706609051442
0.92705519341561815060970275226282
0.92826909491750941860743751021801
0.92948152464894806534800864028512
0.93069248617445010651749726093840
0.93190198304559712649819402940921
0.93311001880109978312560770064010
0.93431659696685920302172689844156
0.93552172105602948715130651180516
0.93672539456907832899901222845074
0.93792762099384863194728723101434
0.93912840380561835029737949298578
0.94032774646716188460260354986531
0.94152565242880914553325055749156
0.94272212512850528387531312546344
0.94391716799186997644000030049938
0.94511078443225660095095008728094
0.94630297785080985661920749407727
0.94749375163652482800813459107303
0.94868310916630438356378363096155
0.94987105380501657414527016953798
0.95105758890555192053284372377675
0.95224271780887992377984119229950
0.95342644384410613067615258842125
0.95460877032852720081024244791479
0.95578970056768786101031309954124
0.95696923785543541729481376023614
0.95814738547397571011288164299913
0.95932414669392673811643135195482
0.96049952477437461340059599024244
0.96167352296292640811969931746717
0.96284614449576499950467223243322
0.96401739259770169443442000556388
0.96518727048223018627481906150933
0.96635578135157906842778174905106
0.96752292839676445890262357352185
0.96868871479764262488743042922579
0.96985314372296116403049381915480
0.97101621833041162901167808740865
0.97217794176668037575694825136452
0.97333831716749974471980522139347
0.97449734765769879807351117051439
0.97565503635125361281410505398526
0.97681138635133846204183782901964
0.97796640075037410966274364909623
0.97912008263007876962547015864402
0.98027243506151695573436199993012
0.98142346110514866452945170749445
0.98257316381087755896572843994363
0.98372154621810048436003626193269
0.98486861135575465286962071331800
0.98601436224236660432751477856073
0.98715880188609872458727068078588
0.98830193328479754022453107609181
0.98944375942604034790406331012491
0.99058428328718262090291091226391
0.99172350783540375029900815206929
0.99286143602775400740512168340501
0.99399807081120017393516263837228
0.99513341512267217137122088388423
0.99626747188910735886224756541196
0.99740024402749660747957705098088
0.99853173444492915322712178749498
0.99966194603863756107386961957673
1.00079088169604180080796140828170
1.00191854429479354493537357484456
1.00304493670282091066781049448764
1.00417006177837131453145502746338
1.00529392237005521515413875022205
1.00641652131688985605251218657941
1.00753786144834189819619041372789
1.00865794558437005257189866824774
1.00977677653546837888143272721209
1.01089435710270714174896511394763
1.01201069007777677555282025423367
1.01312577824302851858817575703142
1.01423962437151571336357847030740
1.01535223122703643916509008704452
1.01646360156417348008517365087755
1.01757373812833629145302438701037
1.01868264365580052377424635778880
1.01979032087374932302736851852387
1.02089677250031329869273122312734
1.02200200124461115791518750484101
1.02310600980678789717615018162178
1.02420880087805610259010791196488
1.02531037714073458566588215035154
1.02641074126828746315709395275917
1.02750989592536301486802585714031
1.02860784376783298554869361396413
1.02970458744283033247768344153883
1.03080012958878830531261883152183
1.03189447283547752753918302914826
1.03298761980404485427698091370985
1.03407957310705023168395655375207
1.03517033534850511067304523749044
1.03625990912390908427198610297637
1.03734829702028630293852984323166
1.03843550161622344418788088660222
1.03952152548190679404171987698646
1.04060637117915644189736212865682
1.04169004126146491628901458170731
1.04277253827403204589074903196888
1.04385386475380093074249998608138
1.04493402322949413552066744159674
1.04601301622164855054109011689434
1.04709084624265069685122853115899
1.04816751579677247541155793442158
1.04924302738020558400933168741176
1.05031738348109615621694956644205
1.05139058657957962239493099332321
1.05246263914781490456107349018566
1.05353354365001838921500620926963
1.05460330254249812220734838774661
1.05567191827368800360886780254077
1.05673939328418042826740474993130
1.05780573000676092476624035043642
1.05887093086644035189181067835307
1.05993499828048820532444551645312
1.06099793465846681250752681080485
1.06205974240226175275836340006208
1.06312042390611671827116424537962
1.06417998155666393422791315970244
1.06523841773295835366752726258710
1.06629573480650785555212678445969
1.06735193514130632941316889628069
1.06840702109386498364074213895947
1.06946099501324387581746577779995
1.07051385924108344305238915694645
1.07156561611163536618107627873542
1.07261626795179410009950515814126
1.07366581708112751591954747709678
1.07471426581190732107984331378248
1.07576161644914058967970049707219
1.07680787129059862827773486060323
1.07785303262684895031497944728471
1.07889710274128414191352476336760
1.07994008391015228198739350773394
1.08098197840258625213039067602949
1.08202278848063437877158321498428
1.08306251639928885488473042641999
1.08410116440651527192073899641400
1.08513873474328215174011802446330
1.08617522964358981241161927755456
1.08721065133449945605548236926552
1.08824500203616092441905038867844
1.08927828396184223080922492954414
1.09031049931795798180189649428939
1.09134165030409691077295519789914
1.09237173911305074369693102198653
1.09340076793084151063339959364384
1.09442873893675018948101751448121
1.09545565430334357337471828941489
1.09648151619650247035053780564340
1.09750632677544857074281026143581
1.09853008819277220275978379504522
1.09955280259445897783621148846578
1.10057447211991732416436207131483
1.10159509890200513204661092458991
1.10261468506705573311421630933182
1.10363323273490609999214484560071
1.10465074401892149325021819095127
1.10566722102602299493412374431500
1.10668266585671348778419087466318
1.10769708060510319036495729960734
1.10871046735893563628394531406229
1.10972282819961476363346264406573
1.11073416520222800762951465003425
1.11174448043557450027662980573950
1.11275377596218905118519160168944
1.11376205383836701656719014863484
1.11476931611419094458881318132626
1.11577556483355411209856811183272
1.11678080203418628180145333317341
1.11778502974767812716549997276161
1.11878824999950565732831364584854
1.11979046480905508609282605902990
1.12079167618964792296765153878368
1.12179188614856295558297460956965
1.12279109668706333913235084764892
1.12378930980041835674398953415221
1.12478652747792784438729540852364
1.12578275170294750395783012208994
1.12677798445290999751478011603467
1.12777222769935070445512792502996
1.12876548340792992597414468036732
1.12975775353845664383811708830763
1.13074904004491139097865470830584
1.13173934487547023231002185639227
1.13272866997252630305581533320947
1.13371701727271423365550617745612
1.13470438870693124400190754386131
1.13569078620036156834771645662840
1.13667621167249754954298168740934
1.13766066703716250962941103352932
1.13864415420253317634546874614898
1.13962667507116233167607788345776
1.14060823153999923995627341355430
1.14158882550041407277774396789027
1.14256845883821744891406524402555
1.14354713343368352695961220888421
1.14452485116157176570084175182274
1.14550161389114713017534086247906
1.14647742348620318431073883402860
1.14745228180508251902836036606459
1.14842619070069806852529836760368
1.14939915202055420451188183506019
1.15037116760676827453835358028300
1.15134223929609058600931348337326
1.15231236891992638859960607078392
1.15328155830435541417955391807482
1.15424980927015341514163537794957
1.15521712363281281454874260816723
1.15618350320256157992560019920347
1.15714894978438542771925767738139
1.15811346517804714117971798259532
1.15907705117810677641898564615985
1.16003970957394164642551004362758
1.16100144214976630507862864760682
1.16196225068465253116301028057933
1.16292213695254953442770329274936
1.16388110272230194119913448957959
1.16483914975767133270778685982805
1.16579627981735445274580342811532
1.16675249465500296963682558271103
1.16770779601924346025043632835150
1.16866218565369450743673951365054
1.16961566529698846039764248416759
1.17056823668278875416604023484979
1.17151990153980856135262911266182
1.17247066159183144229416484449757
1.17342051855772777635422698949696
1.17436947415147541207147696695756
1.17531753008217720868344713380793
1.17626468805407902173953971214360
1.17721094976658924302626019198215
1.17815631691429700822482118383050
1.17910079118698885025651179603301
1.18004437426966890534174581262050
1.18098706784257534430082614562707
1.18192887358119924634536346275127
1.18286979315630258469127511489205
1.18380982823393487990415451349691
1.18474898047545162960147990816040
1.18568725153753296019942808925407
1.18662464307219872594600929005537
1.18756115672682871498011536459671
1.18849679414417708223083991470048
1.18943155696239299956573631789070
1.19036544681503464460092800436541
1.19129846533108874062634185975185
1.19223061413498587768344805226661
1.19316189484661894226746881031431
1.19409230908135866044972317467909
1.19502185845007158349062592606060
1.19595054455913585300663726229686
1.19687836901045874249405187583761
1.19780533340149264454055355599849
1.19873143932525128008137471624650
1.19965668837032701787848054664209
1.20058108212090708377672854112461
1.20150462215678865973700339964125
1.20242731005339664740461103065172
1.20334914738179876714241345325718
1.20427013570872198933159324951703
1.20519027659656874362781309173442
1.20610957160343179594974571955390
1.20702802228311179000286301743472
1.20794563018513123608954629162326
1.20886239685475116445445564750116
1.20977832383298711249608459183946
1.21069341265662333562147523480235
1.21160766485822968263619259232655
1.21252108196617602864364471315639
1.21343366550464781816742743103532
1.21434541699366183031827404192882
1.21525633794908105578258528112201
1.21616642988262935176635437528603
1.21707569430190698511751179466955
1.21798413271040595340366508025909
1.21889174660752397372220912075136
1.21979853748858024786727582977619
1.22070450684482945113984442286892
1.22160965616347705342548124463065
1.22251398692769375209365989576327
1.22341750061663012694168628513580
1.22432019870543062900480890675681
1.22522208266524934572316851699725
1.22612315396326243543967393634375
1.22702341406268455870076650171541
1.22792286442278131275429586821701
1.22882150649888455262725983629934
1.22971934174240660198051955376286
1.23061637160085290965128024254227
1.23151259751783803686464580096072
1.23240802093309831377609953051433
1.23330264328250516214779963775072
1.23419646599808130460473876155447
1.23508949050801164482038529968122
1.23598171823665903268363308598055
1.23687315060457692084128211718053
1.23776378902852290941893897979753
1.23865363492147295687573205213994
1.23954268969263425859139715612400
1.24043095474745834749796813412104
1.24131843148765552697909697599243
1.24220512131120663923411484574899
1.24309102561237794226656205864856
1.24397614578173310029285403288668
1.24486048320614628437397186644375
1.24574403926881571713636276399484
1.24662681534927677340363061375683
1.24750881282341397060520193917910
1.24839003306347495758643617591588
1.24927047743808250501729162351694
1.25015014731224782806862094730604
1.25102904404738324295465190516552
1.25190716900131371325244344916428
1.25278452352829128280120585259283
1.25366110897900595588794203649741
1.25453692670059924196834799658973
1.25541197803667636812008367996896
1.25628626432731782536222908674972
1.25715978690909291337618469697190
1.25803254711507128682512757222867
1.25890454627483494576267730735708
1.25977578571449111421998168225400
1.26064626675668400856977768853540
1.26151599072060660589045255619567
1.26238495892201307846391955536092
1.26325317267323011805046917288564
1.26412063328316981447585476416862
1.26498734205734053581693387968699
1.26585330029785891881033421668690
1.26671850930346252539493434596807
1.26758297036952027880829518835526
1.26844668478804445399532596638892
1.26930965384770289006155508104712
1.27017187883382942636956158821704
1.27103336102843700317066577554215
1.27189410171022698747833601373713
1.27275410215460271778908918349771
1.27361336363367882995589752681553
1.27447188741629457986448414885672
1.27532967476802294726212494424544
1.27618672695118418047854902397376
1.27704304522485423412092586659128
1.27789863084487853583937067014631
1.27875348506388131220035120350076
1.27960760913127713500614390795818
1.28046100429328180148047522379784
1.28131367179292321445416291680885
1.28216561287005270663996725488687
1.28301682876135525468441755947424
1.28386732070035991526424368203152
1.28471708991745181549504195572808
1.28556613763988236698310174688231
1.28641446509177836965420738124521
1.28726207349415533442993364587892
1.28810896406492569887802801531507
1.28895513801891037353186675318284
1.28980059656784917798688638868043
1.29064534092041061086320041795261
1.29148937228220361816966033075005
1.29233269185578647508805261168163
1.29317530084067722206953021668596
1.29401720043336476706485882459674
1.29485839182731887753163846355164
1.29569887621299906221850051224465
1.29653865477786678361837857664796
1.29737772870639345157428579113912
1.29821609918007196959877092012903
1.29905376737742606074732520937687
1.29989073447402003758099908736767
1.30072700164246923826283364178380
1.30156257005244957447587239585118
1.30239744087070707934117308468558
1.30323161526106856555884405679535
1.30406509438444984105842650023988
1.30489787939886725531835054425756
1.30572997145944613706092241045553
1.30656137171843034217033618915593
1.30739208132519268978910531586735
1.30822210142624362205765464750584
1.30905143316524141816614701383514
1.30988007768300085409407529368764
1.31070803611750319461748404137325
1.31153530960390574122698126302566
1.31236189927455093595654034288600
1.31318780625897479907848719449248
1.31401303168391780928914158721454
1.31483757667333311935919937241124
1.31566144234839543791792948468355
1.31648462982751146554960541834589
1.31730714022632744431007267849054
1.31812897465773914973397040739655
1.31895013423190166079734808590729
1.31977062005623579921120835933834
1.32059043323544034187477791419951
1.32140957487149823812444537907140
1.32222804606368748991940265113954
1.32304584790858825726900249719620
1.32386298150009329432919003011193
1.32467944792941527687446523486869
1.32549524828509701634970952000003
1.32631038365301878734214824362425
1.32712485511640765345475756475935
1.32793866375584679317967129463796
1.32875181064928216123632864764659
1.32956429687203314671251064282842
1.33037612349680034462551247997908
1.33118729159367288339410606567981
1.33199780223013908297957641480025
1.33280765647109289417926447640639
1.33361685537884389063378876016941
1.33442540001312415220979801233625
1.33523329143109781291798299207585
1.33604053068736861042964392254362
1.33684711883398876786088749213377
1.33765305692046587715537953044986
1.33845834599377333518077648477629
1.33926298709835611688845347089227
1.34006698127614076732072589948075
1.34087032956654272908281200216152
1.34167303300647344777019043249311
1.34247509263035080806503174244426
1.34327650947010468485132150817662
1.34407728455518604704366225632839
1.34487741891257517323765569017269
1.34567691356678875713726029061945
1.34647576953988834524977846740512
1.34727398785148810844702893518843
1.34807156951876216943730923958356
1.34886851555645304046038290834986
1.34966482697687939484865182748763
1.35046050478994250632069906714605
1.35125555000313579689930065796943
1.35204996362155105416036349197384
1.35284374664788731301712232379941
1.35363690008245662887986782152439
1.35442942492319384761856326804264
1.35522132216566193463336276181508
1.35601259280306174481722791824723
1.35680323782623757367105099547189
1.35759325822368537295403712050756
1.35838265498156030020027174032293
1.35917142908368382414607822283870
1.35995958151155194038040008308599
1.36074711324434027837071425892645
1.36153402525891453755946258752374
1.36232031852983492825615030596964
1.36310599402936505342154305253644
1.36389105272747879205041954264743
1.36467549559186696050971931981621
1.36545932358794530614432005677372
1.36624253767886072452597545634490
1.36702513882549925305909255257575
1.36780712798649251027427453664131
1.36858850611822524534488820791012
1.36936927417484133329139694978949
1.37014943310825221267634788091527
1.37092898386814288080870483099716
1.37170792740197922121581086685183
1.37248626465501444293693111831089
1.37326399657029663003982022928540
1.37404112408867495886966025864240
1.37481764814880724756562813126948
1.37559356968716595126522861392004
1.37636888963804571162086176627781
1.37714360893356890791494606673950
1.37791772850369431679951048863586
1.37869124927622199727750285092043
1.37946417217680039613014741917141
1.38023649812893411947811728168745
1.38100822805398926185205255023902
1.38177936287120006753070811100770
1.38254990349767648005752107565058
1.38331985084840924926652405702043
1.38408920583627836897733232035534
1.38485796937205751788724228390492
1.38562614236442183113240389502607
1.38639372571995411753675853105960
1.38716072034315107686097690020688
1.38792712713642929500679201737512
1.38869294700013323762277650530450
1.38945818083253902486262632010039
1.39022282952986331316935775248567
1.39098689398626795821201085345820
1.39175037509386667622379718523007
1.39251327374273148329564264713554
1.39327559082089957875894015160156
1.39403732721437756403304319974268
1.39479848380714988032025303255068
1.39555906148118302745331220648950
1.39631906111643355750118189462228
1.39707848359085295975035023730015
1.39783732978039365590916531800758
1.39859560055901566144598291430157
1.39935329679869280283810439868830
1.40011041936941738050848016428063
1.40086696913920816243148692592513
1.40162294697411482502502622082829
1.40237835373822417039946230943315
1.40313319029366678769576992635848
1.40388745750062171602223770605633
1.40464115621732399397103563387645
1.40539428730006887846570862166118
1.40614685160321850609932425868465
1.40689884997920766629420086246682
1.40765028327854935241703060455620
1.40840115234984075698321248637512
1.40915145803976948890579024009639
1.40990120119311757029834097920684
1.41065038265276965212535742466571
1.41139900325971634487132178037427
1.41214706385306154601266825920902
1.41289456527002710295448650867911
1.41364150834595903027945951180300
1.41438789391433283881838178785983
1.41513372280675908676528251817217
1.41587899585298870874794374685735
1.41662371388091967716604813176673
1.41736787771660077694946267001797
1.41811148818423848894099137396552
1.41885454610620209692228854692075
1.41959705230302857259516713384073
1.42033900759342879283053662220482
1.42108041279429264669431631773477
