69.308
53.7939
53.0641
53.4649
54.3568
54.2881
54.7271
55.151
55.3939
54.0459
54.239
54.2209
55.846
56.2611
56.227
55.649
54.7528
54.621
54.574
58.413
57.94
57.379
57.6501
57.6701
57.5809
57.724
57.6959
67.2741
67.574
64.4841
57.982
58.0621
57.9739
58.0821
57.9131
57.873
57.8809
58.1851
58.007
59.5782
59.536
57.7009
57.8949
57.919
59.1469
67.7619
67.487
61.9102
59.2599
59.3152
59.185
63.3199
62.4812
59.1888
71.0359
73.9222
68.7401
60.4479
62.7751
66.4039
60.941
61.5311
62.973
71.182
72.8719
64.27
60.8361
60.8771
60.8749
62.386
70.168
72.355
66.3769
62.4671
62.4809
62.5679
62.428
62.4671
62.4151
73.524
73.698
63.6561
63.2608
64.656
68.3029
63.1349
63.1461
66.8941
74.712
74.6391
74.4469
74.3258
72.9139
73.1471
74.893
72.8569
73.8058
74.12
73.2532
73.1139
