343.935
331.966
323.822
320.547
326.488
327.215
314.907
316.416
308.848
302.181
305.296
302.9
296.427
307.644
303.432
298.9
307.498
294.767
289.446
285.768
282.819
279.551
270.399
266.111
260.259
270.924
275.385
268.996
260.221
272.995
272.757
274.126
282.594
278.673
276.915
271.677
273.567
272.502
278.741
273.074
273.712
282.387
275.16
280.763
281.713
277.203
272.382
285.201
272.237
272.436
278.271
271.293
282.494
274.411
280.63
273.922
273.635
272.453
272.312
273.594
272.757
277.366
274.617
278.334
282.738
286.446
279.617
274.02
274.765
285.301
283.718
273.391
280.449
275.868
280.079
272.879
277.153
276.05
272.729
319.74
278.916
278.076
273.979
274.165
274.321
281.313
325.299
278.894
273.269
277.315
277.58
274.89
275.728
272.893
277.335
274.323
278.974
277.207
283.367
272.791
