278.643
267.134
267.379
266.966
267.53
267.46
267.791
277.733
267.556
268.453
267.639
267.828
267.165
267.647
267.448
267.481
269.933
267.705
268.28
269.362
272.236
269.76
267.522
268.039
267.585
273.103
271.162
267.901
268.647
268.238
267.185
269.696
267.539
267.408
267.796
268.22
267.697
268.088
267.504
267.949
267.492
267.469
267.517
267.689
268.28
277.353
267.769
267.262
268.234
267.63
267.486
267.929
267.668
268.535
267.667
267.652
267.34
268.315
267.506
268.082
267.329
266.964
267.099
267.845
267.327
268.658
267.713
267.824
268.682
267.599
268.661
268.944
267.715
273.97
269.064
268.111
267.6
267.929
271.397
268.235
267.424
271.332
272.241
267.828
268.902
278.866
270.342
268.589
269.285
270.271
268.009
268.209
269.352
270.406
275.096
267.536
268.198
268.772
269.467
267.568
