228.805
219.514
220.59
214.977
214.938
216.414
216.614
211.253
215.588
210.404
199.553
199.239
199.579
198.07
197.695
202.392
200.438
195.996
197.315
204.622
187.842
187.227
184.321
186.858
187.886
182.03
179.284
175.561
175.62
175.776
175.551
176.355
175.632
171.164
176.97
173.415
177.538
179.3
177.554
173.45
179.031
180.539
179.804
180.726
180.515
180.006
180.345
181.182
180.198
180.005
179.95
179.924
180.312
180.718
179.922
179.841
181.199
181.21
180.598
180.542
180.089
181.114
179.97
179.802
181.758
179.502
180.472
179.497
180.907
179.625
180.604
181.1
180.456
179.63
180.301
180.139
180.855
180.363
179.795
179.414
180.205
180.525
180.593
180.386
180.522
180.25
180.28
180.833
179.808
180.071
179.75
180.051
179.818
180.293
180.942
180.976
180.259
180.961
179.671
180.248
