0.00000000000000000000000000000000
204872824088507116085542125568.00000000000000000000000000000000
409745648177014232171084251136.00000000000000000000000000000000
614618491154987279735207231488.00000000000000000000000000000000
819491296354028464342168502272.00000000000000000000000000000000
1024364101553069648949129773056.00000000000000000000000000000000
1229236982309974559470414462976.00000000000000000000000000000000
1434109711951152018163052314624.00000000000000000000000000000000
1638982592708056928684337004544.00000000000000000000000000000000
1843855473464961839205621694464.00000000000000000000000000000000
2048728203106139297898259546112.00000000000000000000000000000000
2253601083863044208419544236032.00000000000000000000000000000000
2458473964619949118940828925952.00000000000000000000000000000000
2663346694261126577633466777600.00000000000000000000000000000000
2868219423902304036326104629248.00000000000000000000000000000000
3073092455774936398676036157440.00000000000000000000000000000000
3277965185416113857368674009088.00000000000000000000000000000000
3482837915057291316061311860736.00000000000000000000000000000000
3687710946929923678411243388928.00000000000000000000000000000000
3892583676571101137103881240576.00000000000000000000000000000000
4097456406212278595796519092224.00000000000000000000000000000000
4302329438084910958146450620416.00000000000000000000000000000000
4507202167726088416839088472064.00000000000000000000000000000000
4712074897367265875531726323712.00000000000000000000000000000000
4916947929239898237881657851904.00000000000000000000000000000000
5121820356649620792917002027008.00000000000000000000000000000000
5326693388522253155266933555200.00000000000000000000000000000000
5531566420394885517616865083392.00000000000000000000000000000000
5736438847804608072652209258496.00000000000000000000000000000000
5941311879677240435002140786688.00000000000000000000000000000000
6146184911549872797352072314880.00000000000000000000000000000000
6351057338959595352387416489984.00000000000000000000000000000000
6555930370832227714737348018176.00000000000000000000000000000000
6760803402704860077087279546368.00000000000000000000000000000000
6965675830114582632122623721472.00000000000000000000000000000000
7170548861987214994472555249664.00000000000000000000000000000000
7375421893859847356822486777856.00000000000000000000000000000000
7580294321269569911857830952960.00000000000000000000000000000000
7785167353142202274207762481152.00000000000000000000000000000000
7990040385014834636557694009344.00000000000000000000000000000000
8194912812424557191593038184448.00000000000000000000000000000000
8399785844297189553942969712640.00000000000000000000000000000000
8604658876169821916292901240832.00000000000000000000000000000000
8809531303579544471328245415936.00000000000000000000000000000000
9014404335452176833678176944128.00000000000000000000000000000000
9219277367324809196028108472320.00000000000000000000000000000000
9424149794734531751063452647424.00000000000000000000000000000000
9629022826607164113413384175616.00000000000000000000000000000000
9833895858479796475763315703808.00000000000000000000000000000000
10038768285889519030798659878912.00000000000000000000000000000000
10243640713299241585834004054016.00000000000000000000000000000000
10448513745171873948183935582208.00000000000000000000000000000000
10653386777044506310533867110400.00000000000000000000000000000000
10858259808917138672883798638592.00000000000000000000000000000000
11063132840789771035233730166784.00000000000000000000000000000000
11268005872662403397583661694976.00000000000000000000000000000000
11472877695609216145304418516992.00000000000000000000000000000000
11677750727481848507654350045184.00000000000000000000000000000000
11882623759354480870004281573376.00000000000000000000000000000000
12087496791227113232354213101568.00000000000000000000000000000000
12292369823099745594704144629760.00000000000000000000000000000000
12497242854972377957054076157952.00000000000000000000000000000000
12702114677919190704774832979968.00000000000000000000000000000000
12906987709791823067124764508160.00000000000000000000000000000000
13111860741664455429474696036352.00000000000000000000000000000000
13316733773537087791824627564544.00000000000000000000000000000000
13521606805409720154174559092736.00000000000000000000000000000000
13726478628356532901895315914752.00000000000000000000000000000000
13931351660229165264245247442944.00000000000000000000000000000000
14136224692101797626595178971136.00000000000000000000000000000000
14341097723974429988945110499328.00000000000000000000000000000000
14545970755847062351295042027520.00000000000000000000000000000000
14750843787719694713644973555712.00000000000000000000000000000000
14955715610666507461365730377728.00000000000000000000000000000000
15160588642539139823715661905920.00000000000000000000000000000000
15365461674411772186065593434112.00000000000000000000000000000000
15570334706284404548415524962304.00000000000000000000000000000000
15775207738157036910765456490496.00000000000000000000000000000000
15980080770029669273115388018688.00000000000000000000000000000000
16184952592976482020836144840704.00000000000000000000000000000000
16389825624849114383186076368896.00000000000000000000000000000000
16594698656721746745536007897088.00000000000000000000000000000000
16799571688594379107885939425280.00000000000000000000000000000000
17004444720467011470235870953472.00000000000000000000000000000000
17209317752339643832585802481664.00000000000000000000000000000000
17414189575286456580306559303680.00000000000000000000000000000000
17619062607159088942656490831872.00000000000000000000000000000000
17823935639031721305006422360064.00000000000000000000000000000000
18028808670904353667356353888256.00000000000000000000000000000000
18233681702776986029706285416448.00000000000000000000000000000000
18438554734649618392056216944640.00000000000000000000000000000000
18643426557596431139776973766656.00000000000000000000000000000000
18848299589469063502126905294848.00000000000000000000000000000000
19053172621341695864476836823040.00000000000000000000000000000000
19258045653214328226826768351232.00000000000000000000000000000000
19462918685086960589176699879424.00000000000000000000000000000000
19667791716959592951526631407616.00000000000000000000000000000000
19872663539906405699247388229632.00000000000000000000000000000000
20077536571779038061597319757824.00000000000000000000000000000000
20282409603651670423947251286016.00000000000000000000000000000000
20487281426598483171668008108032.00000000000000000000000000000000
