27.004
15.6541
15.5821
15.604
15.64
15.5768
15.645
15.61
15.624
15.6312
15.6131
15.5671
15.6031
15.5461
15.6181
15.6209
15.6062
15.5971
15.537
15.651
15.625
15.635
15.6121
15.6112
15.5749
15.5859
15.5721
15.6071
15.6081
15.5599
15.6159
15.6081
15.6372
15.6178
15.625
15.604
15.6012
15.5549
15.6171
15.61
15.5921
15.543
15.6121
15.5771
15.5971
15.594
15.574
15.605
15.6231
15.528
15.6221
15.6341
15.6081
15.63
15.619
15.624
15.626
15.5671
15.5969
15.5988
15.6069
15.61
15.631
15.5401
15.636
15.5931
15.568
15.615
15.65
15.6181
15.6131
15.6031
15.6081
15.63
15.6019
15.6028
15.5728
15.5249
15.548
15.6181
15.6059
15.563
15.6031
15.619
15.6112
15.5921
15.6
15.6012
15.625
15.6138
15.6519
15.5911
15.5959
15.5928
15.609
15.59
15.5962
15.6391
15.604
15.6031
15.5752
15.604
15.61
15.5799
15.619
15.6651
15.6159
15.558
15.6529
15.6419
15.63
15.61
15.6181
15.626
15.6128
15.6491
15.6269
15.6419
15.5358
15.6019
15.554
15.595
15.626
15.631
15.6071
15.6291
15.6291
15.6069
15.6372
15.6291
15.588
15.558
15.543
15.5361
15.636
15.6209
15.564
15.6071
15.6419
15.6081
15.6121
15.635
15.5821
15.6331
15.6231
15.6209
15.6081
15.614
15.66
15.605
15.6131
15.6579
15.6121
15.624
15.6069
15.655
15.6112
15.6338
15.6109
15.5852
15.5549
15.6178
15.5861
15.6341
15.5699
15.6031
15.5611
15.6019
15.6209
15.6062
15.6219
15.6398
15.6291
15.5571
15.626
15.5492
15.6329
15.6128
15.5821
15.6231
15.6159
15.6119
15.5969
15.619
15.6579
15.6281
15.6541
15.6541
15.5668
15.631
15.6109
15.6429
15.6271
15.641
15.635
15.584
15.523
15.595
15.63
15.631
15.6
15.631
15.6231
15.605
15.6109
15.595
15.63
15.5709
15.6121
15.5971
15.5962
15.62
15.6162
15.599
15.6441
15.5561
15.6291
15.626
15.599
15.625
15.5678
15.595
15.6162
15.59
15.584
15.6319
15.6028
15.615
15.614
15.5921
15.619
15.615
15.6181
15.6319
15.5952
15.6219
15.6341
15.6169
15.6221
15.61
15.6381
15.6281
15.6519
15.6109
15.5962
15.589
15.594
15.6212
15.6109
15.6162
15.6209
15.6229
15.6081
15.6121
15.6469
15.5489
15.6109
15.6209
15.5799
15.62
15.6431
15.614
15.6281
15.5931
15.6171
15.6131
15.6069
15.614
15.5699
15.6271
15.6279
15.5668
15.6128
15.5652
15.6059
15.5509
15.6429
15.6481
15.626
15.62
15.528
15.6078
15.5952
15.5389
15.6031
15.6159
15.6169
15.5861
15.6341
15.6171
15.609
15.583
15.5952
15.6329
15.6438
15.5969
15.578
15.605
15.6062
15.5859
15.6021
15.646
15.5861
15.6391
15.6121
15.6059
15.6112
15.584
15.6021
15.6391
15.63
15.63
15.64
15.595
15.599
15.6181
15.63
15.5821
15.595
15.5962
15.604
15.6441
15.5592
15.6281
15.5849
15.615
15.6209
15.5721
15.574
15.6362
15.6119
15.6341
15.6329
15.5551
15.589
15.5969
15.5771
15.619
15.62
15.589
15.584
15.5659
15.568
15.6169
15.6431
15.521
15.588
15.614
15.5602
15.5461
15.574
15.5931
15.636
15.6438
15.604
15.5981
15.5871
15.5721
15.5189
15.6
15.646
15.6062
15.6181
15.578
15.6369
15.6519
15.6109
15.5878
15.59
15.533
15.5509
15.533
15.5771
15.636
15.5978
15.5959
15.6171
15.6109
15.6121
15.6159
15.5981
15.6312
15.5349
15.5518
15.6119
15.6178
15.641
15.599
15.656
15.641
15.6391
15.599
15.615
15.6178
15.609
15.5871
15.569
15.6128
15.5718
15.6078
15.6171
15.6059
15.5969
15.5549
15.5711
15.6279
15.6538
15.605
15.615
15.5861
15.6169
15.579
15.6381
15.5652
15.6
15.6131
15.6131
15.5931
15.6119
15.5549
15.5611
15.6491
15.5959
15.6341
15.605
15.6221
15.583
15.5971
15.6059
15.6231
15.6291
15.6112
15.5959
15.6188
15.5878
15.542
15.599
15.589
15.6181
15.6131
15.656
15.646
15.615
15.6119
15.589
15.6209
15.6341
15.6212
15.6071
15.6159
15.651
15.5902
15.619
15.636
15.6369
15.6491
15.614
15.604
15.6181
15.6741
15.6209
15.599
15.6419
15.614
15.5399
15.6009
15.62
15.573
15.605
15.5728
15.605
15.548
15.5718
15.61
15.583
15.645
15.6291
15.6231
15.6169
15.61
15.584
15.615
15.6112
15.625
15.625
15.6221
15.609
15.6181
15.615
15.583
15.6019
15.6112
15.6
15.624
15.6171
15.599
15.6181
15.558
15.6081
15.6059
15.6279
15.5489
15.6641
15.6021
15.6059
15.6119
15.59
15.6419
15.5921
15.579
15.619
15.61
15.5659
15.6028
15.6238
15.631
15.677
15.631
15.589
15.631
15.6178
15.626
15.6231
15.595
15.5959
15.6381
15.6231
15.6169
15.625
15.6231
15.6209
15.624
15.6419
15.5699
15.6209
15.6422
15.609
15.5981
15.5931
15.625
15.6021
15.6062
15.6078
15.5241
15.5621
15.6641
15.6112
15.568
15.5721
15.5952
15.605
15.5752
15.5959
15.6238
15.645
15.624
15.5871
15.563
15.553
15.5919
15.65
15.6009
15.655
15.59
15.6431
15.5981
15.636
15.6131
15.553
15.6019
15.6209
15.6159
15.6329
15.5208
15.619
15.6229
15.6229
15.615
15.6071
15.595
15.5931
15.5761
15.5611
15.5821
15.6469
15.6081
15.6541
15.6212
15.583
15.605
15.5971
15.6112
15.6279
15.5549
15.6121
15.62
15.6088
15.605
15.568
15.5981
15.605
15.5849
15.6229
15.6119
15.5902
15.635
15.6121
15.5909
15.5959
15.5931
15.5289
15.5809
15.6279
15.61
15.6131
15.6369
15.5878
15.6209
15.5921
15.604
15.6331
15.6071
15.6081
15.588
15.5931
15.6329
15.6088
15.6219
15.6131
15.6081
15.6002
15.6479
15.6059
15.5721
15.5451
15.6369
15.6279
15.5821
15.554
15.6209
15.6479
15.6338
15.6081
15.6119
15.6229
15.6019
15.6178
15.5408
15.589
15.6291
15.5249
15.619
15.589
15.6019
15.6059
15.6012
15.619
15.6281
15.6119
15.6002
15.6231
15.6159
15.584
15.6279
15.6128
15.619
15.614
15.5551
15.5661
15.574
15.5702
15.5818
15.615
15.5501
15.624
15.6231
15.615
15.624
15.5962
15.6059
15.6031
15.599
15.6069
15.6238
15.5699
15.583
15.6081
15.614
15.645
15.6069
15.6109
15.5811
15.6059
15.583
15.5849
15.5661
15.6269
15.65
15.5799
15.5981
15.6319
15.6059
15.6109
15.625
15.61
15.6031
15.6159
15.656
15.5861
15.6271
15.6159
15.6071
15.641
15.6412
15.6119
15.6448
15.6119
15.6019
15.6381
15.5959
15.594
15.6281
15.5649
15.553
15.5609
15.5809
15.6322
15.569
15.6102
15.5821
15.6
15.6381
15.6071
15.619
15.6262
15.6081
15.578
15.619
15.619
15.615
15.6279
15.5852
15.589
15.645
15.6209
15.6209
15.6291
15.6498
15.599
15.626
15.5182
15.553
15.6012
15.5931
15.6159
15.6212
15.6019
15.599
15.609
15.6112
15.578
15.636
15.599
15.6
15.5849
15.5962
15.6071
15.625
15.5461
15.604
15.6212
15.6291
15.6841
15.6012
15.578
15.6331
15.564
15.6291
15.626
15.6128
15.615
15.625
15.5981
15.553
15.63
15.6291
15.626
15.6162
15.6219
15.6128
15.5809
15.6119
15.5811
15.6059
15.624
15.6159
15.573
15.5568
15.6398
15.5799
15.6121
15.5652
15.5549
15.6152
15.6
15.6441
15.6188
15.614
15.615
15.6491
15.5828
15.6279
15.61
15.6159
15.6372
15.6691
15.609
15.6391
15.599
15.6112
15.6059
15.6212
15.6081
15.63
15.6131
15.624
15.609
15.5971
15.6269
15.6028
15.5852
15.624
15.584
15.6171
15.589
15.5399
15.6009
15.5411
15.6121
15.6209
15.6019
15.6291
15.636
15.5659
15.5718
15.59
15.615
15.579
15.62
15.528
15.599
15.6
15.6031
15.5931
15.568
15.5778
15.584
15.6071
15.6069
15.6391
15.579
15.5928
15.5709
15.62
15.59
15.5699
15.62
15.635
15.6062
15.6391
15.6181
15.6319
15.6288
15.61
15.619
15.6631
15.6109
15.5711
15.6131
15.6159
15.615
15.6219
15.6002
15.6
15.641
15.6109
15.661
15.6078
15.625
15.5559
15.5749
15.6121
15.6569
15.625
15.6229
15.558
15.619
15.625
15.6071
15.5911
15.6169
15.594
15.6028
15.6109
15.5959
15.5659
15.6031
15.594
15.5809
15.573
15.6279
15.5749
15.5849
15.6279
15.6028
15.5919
15.6009
15.625
15.605
15.589
15.6341
15.626
15.5771
15.528
15.594
15.6009
15.626
15.5799
15.6078
15.573
15.5611
15.542
15.6069
15.6441
15.614
15.6159
15.635
15.615
15.6178
15.5642
15.6109
15.6291
15.5571
15.6221
15.6269
15.6038
15.589
15.589
15.5771
15.619
15.5852
15.614
15.6
15.6269
15.6212
15.63
15.5709
15.6429
15.6119
15.6322
15.625
15.5911
15.6178
15.5818
15.599
15.6159
15.631
15.6028
15.5909
15.636
15.5978
15.5718
15.625
15.6
15.6369
15.6209
15.624
15.6322
15.609
15.636
15.6312
15.6128
15.5959
15.6271
15.624
15.594
15.6531
15.5799
15.6012
15.625
15.6212
15.6059
15.6291
15.6221
15.635
15.6081
15.6171
15.624
15.6381
15.645
