9.84406
9.74798
9.74703
9.75513
9.73892
9.76086
9.758
9.74011
9.73392
9.74798
9.73892
9.74417
9.73201
9.74298
9.73701
9.74393
9.74488
9.74393
9.77898
9.74894
9.74011
9.74393
9.75013
9.73606
9.74107
9.74822
9.74798
9.74202
9.73606
9.75394
9.73701
9.758
9.74703
9.75204
9.75704
9.74202
9.74798
9.74894
9.75084
9.758
9.7301
9.74107
9.75609
9.74607
9.75084
9.74703
9.74202
9.73988
9.73797
9.75084
9.74488
9.75013
9.74393
9.74202
9.75704
9.74822
9.74202
9.75513
9.74011
9.75895
9.74607
9.74894
9.7549
9.75299
9.74083
9.73821
9.76014
9.74798
9.73392
9.75299
9.73892
9.73582
9.75299
9.74512
9.74202
9.73606
9.75013
9.758
9.7239
9.75704
9.73296
9.75394
9.75204
9.74202
9.73701
9.73701
9.74894
9.75513
9.74703
9.7332
9.75013
9.76205
9.7301
9.74917
9.7549
9.74298
9.73701
9.74393
9.74083
9.74202
9.74011
9.74011
9.73296
9.67097
9.74488
9.74607
9.75204
9.75299
9.75394
9.74607
9.73606
9.727
9.75585
9.74393
9.73988
9.74894
9.74917
9.73892
9.74703
9.75704
9.75299
9.74321
9.73797
9.72486
9.74083
9.74393
9.74584
9.73296
9.75108
9.73797
9.74798
9.75704
9.74393
9.74298
9.74178
9.74488
9.73892
9.75299
9.73582
9.76086
9.74298
9.75299
9.74488
9.74584
9.74798
9.74584
9.74488
9.73988
9.74298
9.74298
9.74989
9.74989
9.74488
9.74298
9.73916
9.75013
9.75013
9.73201
9.74607
9.73606
9.72319
9.74107
9.75299
9.75513
9.75394
9.74393
9.74703
9.74011
9.73797
9.74798
9.74703
9.74894
9.75013
9.74083
9.76896
9.7549
9.73701
9.73701
9.74798
9.73892
9.73988
9.73392
9.75704
9.7611
9.75204
9.74512
9.74202
9.75013
9.72199
9.763
9.74512
9.74798
9.74083
9.74917
9.75394
9.74202
9.74488
9.75204
9.74011
9.73797
9.74989
9.73606
9.74488
9.74298
9.74417
9.74584
9.74202
9.74512
9.73201
9.74417
9.73892
9.73606
9.74298
9.74107
9.74488
9.73105
9.74894
9.75013
9.74417
9.75299
9.74393
9.7611
9.73988
9.73392
9.74107
9.73797
9.74083
9.74298
9.7568
9.75919
9.75204
9.73606
9.75204
9.7518
9.73797
9.74417
9.74417
9.74703
9.74488
9.73201
9.75013
9.7611
9.74107
9.75084
9.75013
9.7549
9.74488
9.7611
9.73415
9.74584
9.73606
9.74298
9.74989
9.73892
9.73988
9.75084
9.74989
9.75394
9.73606
9.758
9.72605
9.73201
9.74512
9.74894
9.73487
9.73201
9.75394
9.74703
9.73392
9.73392
9.727
9.74298
9.727
9.74202
9.74202
9.74894
9.73797
9.73892
9.75299
9.7599
9.74298
9.74488
9.75513
9.72795
9.74703
9.75299
9.74298
9.75108
9.73511
9.73606
9.72605
9.73892
9.74798
9.74989
9.74393
9.73821
9.74202
9.73701
9.73487
9.73988
9.74798
9.72795
9.74417
9.75013
9.74202
9.74011
9.74417
9.74488
9.76086
9.74894
9.73201
9.75108
9.74894
9.7549
9.74488
9.74011
9.75204
9.75204
9.74607
9.73797
9.74202
9.74679
9.73892
9.7599
9.73821
9.74393
9.73392
9.75895
9.75394
9.73797
9.74607
9.74107
9.74202
9.76992
9.74798
9.74107
9.74703
9.75919
9.75299
9.75585
9.73487
9.74703
9.73701
9.74703
9.74298
9.73201
9.75394
9.74298
9.75084
9.74083
9.74703
9.73606
9.74298
9.74393
9.75084
9.75609
9.72915
9.74703
9.74488
9.74989
9.73105
9.74298
9.74083
9.74202
9.74917
9.74989
9.75299
9.76396
9.75299
9.73296
9.727
9.74703
9.73701
9.74107
9.74894
9.74798
9.73392
9.74607
9.758
9.74393
9.7549
9.74321
9.73201
9.74083
9.75108
9.74917
9.74703
9.73916
9.75108
9.75204
9.73296
9.73797
9.74011
9.73296
9.73511
9.72891
9.74703
9.73511
9.74202
9.74083
9.75299
9.74202
9.7599
9.74488
9.75204
9.75418
9.74512
9.758
9.7568
9.74989
9.74298
9.74512
9.74512
9.73392
9.74798
9.74512
9.74607
9.74417
9.75108
9.73105
9.74488
9.73797
9.75418
9.74584
9.74083
9.74298
9.74607
9.75513
9.74703
9.74083
9.74703
9.74798
9.73582
9.73511
9.74894
9.74703
9.74298
9.73701
9.73606
9.74798
9.727
9.75585
9.74703
9.74202
9.74298
9.7549
9.75704
9.73797
9.73392
9.75704
9.74989
9.74607
9.74107
9.7518
9.75895
9.74679
9.73392
9.73296
9.75204
9.74798
9.74417
9.73511
9.74679
9.74703
9.74679
9.75704
9.73916
9.75513
9.74512
9.75299
9.74298
9.74703
9.73797
9.73821
9.75704
9.73392
9.75585
9.7611
9.74011
9.74298
9.73582
9.74798
9.74607
9.75323
9.73988
9.75609
9.75013
9.75013
9.73392
9.74417
9.75299
9.73988
9.74703
9.73892
9.73606
9.73105
9.7208
9.73606
9.73511
9.73701
