18.918
18.892
18.8692
19.0589
18.8601
18.856
18.863
18.8711
18.842
18.8541
18.856
18.851
18.863
18.8549
18.857
18.8661
18.8591
18.8489
18.8761
18.867
18.8711
18.8642
18.862
18.8689
18.8711
18.8699
18.8582
18.8549
18.8551
18.8541
18.8611
18.8692
18.8558
18.852
18.8589
18.894
18.8601
18.877
18.8539
18.8811
18.8642
18.863
18.867
18.858
18.8611
18.8692
18.8541
18.887
18.8529
18.8508
18.8689
18.867
18.8439
18.8589
18.8661
18.858
18.8599
18.878
18.8661
18.8699
18.8639
18.8642
18.8601
18.8739
18.8611
18.857
18.8651
18.8608
18.857
18.873
18.858
18.8479
18.856
18.8589
18.8632
18.852
18.8661
18.863
18.8689
18.8539
18.8639
18.8649
18.8529
18.8651
18.8601
18.8539
18.862
18.8601
18.8761
18.851
18.8498
18.882
18.862
18.8749
18.8611
18.868
18.857
18.8761
18.8692
18.868
18.8699
18.8482
18.8429
18.8839
18.8489
18.8489
18.8811
18.856
18.8751
18.8589
18.8498
18.8589
18.8658
18.877
18.872
18.872
18.856
18.8601
18.8658
18.8711
18.8551
18.8689
18.8751
18.8441
18.852
18.8549
18.868
18.8649
18.8649
18.8711
18.8558
18.852
18.8711
18.883
18.872
18.852
18.8801
18.8611
18.8711
18.8711
18.8649
18.8501
18.8539
18.8839
18.8589
18.8539
18.8549
18.8549
18.8611
18.867
18.8761
18.883
18.868
18.8532
18.867
18.8739
18.862
18.868
18.8632
18.862
18.858
18.8551
18.8658
18.857
18.883
18.8649
18.8479
18.8689
18.8842
18.887
18.8651
18.8591
18.8601
18.8501
18.8739
18.852
18.852
18.8491
18.8529
18.857
18.8651
18.877
18.858
18.857
18.8661
18.858
18.8749
18.882
18.8611
18.8589
18.867
18.8851
18.8951
18.8601
18.8761
18.873
18.8699
18.8789
18.8708
18.8608
18.868
18.8549
18.847
18.857
18.8599
18.851
18.8701
18.8651
18.8601
18.8661
18.8639
18.857
18.858
18.8541
18.877
18.852
18.8758
18.8611
18.8639
18.8639
18.8639
18.8549
18.8699
18.882
18.857
18.8639
18.8708
18.8661
18.8642
18.8661
18.872
18.867
18.862
18.8661
18.867
18.8589
18.858
18.863
18.8739
18.8661
18.8808
18.8599
18.872
18.856
18.856
18.878
18.8689
18.8699
18.868
18.868
18.8649
18.852
18.8651
18.8761
18.867
18.8591
18.851
18.8761
18.8658
18.8711
18.8589
18.872
18.868
18.8639
18.8601
18.867
18.878
18.8799
18.8539
18.858
18.857
18.862
18.8608
18.8501
18.8601
18.867
18.8582
18.858
18.8651
18.867
18.8689
18.862
18.8799
18.8749
18.8842
18.8608
18.873
18.8651
18.8789
18.878
18.863
18.8711
18.858
18.8711
18.8689
18.8711
18.867
18.863
18.8661
18.851
18.8699
18.877
18.877
18.862
18.8608
18.8761
18.863
18.852
18.8689
18.8661
18.8599
18.862
18.862
18.862
18.851
18.862
18.8491
18.872
18.878
18.8761
18.8639
18.847
18.841
18.867
18.867
18.8529
18.847
18.8632
18.857
18.8649
18.887
18.863
18.8749
18.858
18.8611
18.8611
18.8639
18.883
18.8651
18.8429
18.8692
18.8839
18.8811
18.873
18.8608
18.8611
18.8739
18.872
18.888
18.863
18.8899
18.867
18.8708
18.851
18.8761
18.8749
18.857
18.8501
18.8529
18.867
18.8398
18.8498
18.868
18.8649
18.8689
18.867
18.877
18.8711
18.863
18.8651
18.8811
18.8689
18.8599
18.8711
18.836
18.883
18.878
18.852
18.8701
18.8699
18.8661
18.8491
18.863
18.8642
18.868
18.8591
18.863
18.8549
18.867
18.8689
18.8639
18.847
18.867
18.857
18.8591
18.8742
18.8789
18.867
18.8799
18.858
18.868
18.8661
18.863
18.863
18.8751
18.8611
18.8689
18.867
18.872
18.8739
18.8551
18.862
18.8639
18.8501
18.883
18.8539
18.8658
18.851
18.8551
18.857
18.8601
18.8489
18.851
18.8661
18.8589
18.856
18.862
18.8808
18.867
18.8711
18.863
18.8611
18.868
18.8498
18.858
18.8761
18.8608
18.863
18.889
18.858
18.872
18.867
18.878
18.8742
18.8699
18.8611
18.8749
18.868
18.872
18.8718
18.867
18.8751
18.8591
18.8601
18.877
18.858
18.8589
18.8589
18.868
18.8539
18.8589
18.858
18.8551
18.8539
18.862
18.8801
18.852
18.8599
18.868
18.8539
18.8918
18.8839
18.8689
18.8739
18.8808
18.872
18.858
18.8661
18.8489
18.867
18.8601
18.883
18.883
18.8611
18.862
18.867
18.8799
18.8701
18.8651
18.8661
18.8639
18.868
18.8761
18.8639
18.8649
18.867
18.868
18.863
18.8642
18.862
