18.271
17.9439
17.7979
17.6101
17.616
17.3969
17.441
17.4389
17.657
18.0881
18.4071
17.92
18.5671
17.601
17.9069
17.5638
17.5009
17.8759
17.503
17.606
17.8881
17.9
17.5991
17.626
17.5691
18.1429
17.7031
18.0759
17.5731
17.694
17.8239
17.817
17.9229
17.4301
18.26
18.5549
18.085
17.1509
17.554
16.6998
17.539
17.4072
17.782
17.658
17.9632
17.4851
17.992
17.705
17.5431
17.921
17.916
17.714
18.2621
18.105
17.149
18.122
17.2479
17.9088
17.9372
17.7832
16.8679
18.013
17.5679
17.864
18.311
17.8151
17.235
17.7479
18.7089
17.6048
18.2781
18.2838
17.2179
18.0252
17.5619
17.5841
17.7009
17.7739
17.6649
17.7391
17.736
17.766
18.007
18.239
17.7178
18.369
18.1429
17.6752
17.4561
17.7691
18.224
17.297
17.381
17.3631
17.9019
18.275
18.2979
17.5331
17.1599
17.5622
17.729
17.992
18.028
18.1458
18.774
17.9472
17.859
17.7519
18.4481
17.3659
17.7481
17.4232
18.223
17.2729
18.4741
17.7131
17.6382
17.5309
18.6331
17.2851
18.1131
17.756
17.8549
18.044
18.398
17.256
17.575
17.529
17.8339
17.4398
17.6649
17.7901
17.2319
17.5719
17.915
18.1501
17.699
18.333
17.406
17.5352
18.0562
18.5099
17.6651
17.4978
17.9851
18.2471
17.9
18.023
17.549
18.177
18.086
18.033
18.214
17.7891
18.003
17.714
17.2069
17.607
17.7629
17.7329
17.967
17.6868
17.7209
17.9131
17.5881
17.864
17.2589
18.0101
18.0631
18.1582
19.0861
17.3259
17.813
17.8761
17.6191
17.5791
18.193
17.9679
18.3029
16.9809
17.1189
17.477
17.2222
18.321
18.0278
18.1971
17.7801
18.2891
17.4701
18.1479
17.761
18.254
17.8251
17.5359
18.1799
17.0729
17.596
17.6809
18.0449
17.545
18.77
17.5309
17.59
17.9279
17.854
17.287
17.2391
17.462
16.849
17.5562
17.9551
17.6029
18.0731
17.9172
18.3029
17.8261
17.5848
17.977
17.446
17.3619
18.0151
18.1811
18.5299
18.357
18.012
18.281
18.327
17.287
17.5688
17.7438
17.621
17.3621
18.1558
16.9761
16.8529
17.6179
18.1539
18.0709
17.0829
17.7269
17.859
17.936
17.8578
17.88
18.1339
17.9079
17.4229
17.3779
17.3931
17.5691
17.2579
18.043
17.8301
18.394
17.9081
17.251
18.291
17.8721
18.0171
17.916
17.9982
17.2491
18.312
17.1099
17.452
18.1301
17.7441
17.8251
18.306
17.7882
17.2539
17.843
17.4649
17.2272
17.6208
17.8649
17.3678
18.317
17.2379
17.5948
17.4949
17.8769
17.698
17.875
17.2231
18.193
18.3718
17.266
18.219
17.796
17.339
18.06
18.08
17.7698
17.3049
17.5641
16.9539
17.622
17.2198
17.3061
18.152
17.8239
18.3001
17.5209
17.5231
17.5722
18.2261
17.8151
17.8041
17.5271
17.761
17.889
17.9441
17.807
17.7579
17.921
18.461
17.9579
17.653
17.066
17.9121
17.3202
18.342
17.519
17.73
18.0552
17.0691
17.5099
17.9322
17.467
18.1689
17.3419
17.7779
18.0359
17.9269
17.7741
17.2031
18.0321
18.5459
17.766
17.0541
17.796
17.422
17.6332
17.3271
17.9231
17.4508
18.1179
18.193
18.0161
17.4229
17.843
17.668
17.4809
17.1249
18.5301
17.817
17.7939
17.673
17.673
17.3352
18.4071
18.136
17.8671
17.7891
17.565
18.147
17.519
17.8759
17.9491
17.9121
17.4439
17.7569
17.53
17.122
18.3401
17.761
17.9281
17.8659
17.3841
18.0109
17.648
17.3678
17.905
17.875
17.4439
18.126
17.5328
17.7591
17.673
18.3899
17.9141
17.8919
17.7238
17.724
17.848
17.3571
17.133
17.8001
18.2641
18.327
17.828
16.9392
18.4309
17.242
17.592
17.5979
17.904
17.8182
17.102
18.0459
17.405
18.146
18.4639
17.58
18.2791
18.2528
17.7
18.3792
17.338
17.6289
17.1309
18.461
18.719
17.3762
17.493
17.9629
17.5941
17.4801
17.4341
17.4122
18.117
17.7691
17.4351
17.3991
18.209
18.327
17.1649
17.9012
17.0951
18.1768
17.8621
17.566
17.7131
18.189
18.6901
17.796
17.895
18.806
17.5102
17.5991
18.0049
17.9
18.0581
17.6752
18.0931
17.453
17.781
17.9429
17.767
17.4799
17.545
17.386
18.2149
18.0769
18.5759
17.4432
17.513
17.8771
17.7181
17.4999
17.602
17.946
18.105
17.5231
17.725
18.4128
18.0659
17.792
17.4301
17.1008
18.0261
17.8399
17.6921
18.1229
17.405
17.5779
17.185
18.3501
17.8699
17.4999
17.657
17.8881
18.1
17.3292
17.5591
17.839
17.8721
18.0919
17.5068
