8.955
7.68113
7.60293
7.62606
7.64084
7.62105
7.64179
7.60388
7.63202
7.62606
7.61294
7.59006
7.62606
7.63416
7.617
7.60794
7.61986
7.61294
7.63011
7.63512
7.60889
7.61008
7.6251
7.62796
7.63488
7.6251
7.61414
7.62701
7.60388
7.6201
7.64084
7.622
7.61509
7.62701
7.63106
7.6251
7.63297
7.6201
7.62582
7.60508
7.61104
7.62701
7.62486
7.617
7.6158
7.62796
7.6139
7.61485
7.617
7.61199
7.61104
7.63702
7.62606
7.6251
7.62987
7.61318
7.6251
7.61914
7.60794
7.6251
7.63011
7.63297
7.61819
7.63392
7.62081
7.61795
7.6139
7.60889
7.62701
7.61509
7.62582
7.59888
7.60388
7.60698
7.60698
7.60984
7.61199
7.6139
7.62486
7.59482
7.6251
7.62105
7.61986
7.6201
7.6251
7.63702
7.61104
7.60579
7.60794
7.62391
7.61294
7.63297
7.61414
7.62105
7.62987
7.6158
7.62105
7.63106
7.60412
7.60102
7.62701
7.61414
7.62105
7.63702
7.61986
7.62701
7.60794
7.60794
7.622
7.62391
7.6139
7.61199
7.60818
7.62796
7.64394
7.622
7.61199
7.60412
7.61414
7.60603
7.61104
7.61104
7.61795
7.62105
7.61318
7.62606
7.6139
7.62796
7.60102
7.63583
7.622
7.6201
7.63702
7.64394
7.63297
7.6139
7.61914
7.61414
7.60007
7.60698
7.61104
7.61604
7.63202
7.61414
7.61986
7.61795
7.62796
7.61914
7.6139
7.61819
7.63702
7.60484
7.61294
7.62105
7.61986
7.64203
7.6189
7.62892
7.61199
7.61509
7.61199
7.61604
7.61485
7.61199
7.62796
7.61318
7.617
7.60698
7.617
7.61914
7.63416
7.617
7.62486
7.63202
7.6189
7.61986
7.61795
7.60794
7.61604
7.61604
7.60698
7.60603
7.6108
7.61509
7.60102
7.62796
7.61414
7.622
7.617
7.61604
7.62701
7.64418
7.61199
7.62486
7.60698
7.60007
7.6251
7.60984
7.6189
7.63106
7.60794
7.63297
7.617
7.62892
7.60293
7.61008
7.59697
7.6201
7.622
7.64608
7.61986
7.62606
7.61104
7.62296
7.60102
7.60889
7.63583
7.60889
7.64704
7.62415
7.61795
7.63297
7.64799
7.61199
7.622
7.64203
7.61485
7.60698
7.61008
7.62701
7.62105
7.63011
7.617
7.61199
7.61819
7.62081
7.59411
7.6201
7.61914
7.62486
7.6189
7.59888
7.60889
7.63893
7.61604
7.60984
7.6139
7.61509
7.63297
7.62105
7.60818
7.63392
7.62606
7.61199
7.60198
7.62796
7.622
7.61104
7.61795
7.617
7.61914
7.62081
7.63202
7.622
7.62987
7.6139
7.63583
7.63392
7.63798
7.62391
7.61294
7.61509
7.62105
7.62415
7.6158
7.622
7.63106
7.617
7.60508
7.61104
7.62606
7.63416
7.62105
7.6251
7.62296
7.63488
7.62606
7.62701
7.60508
7.622
7.61509
7.6189
7.61509
7.63202
7.62415
7.6139
7.62987
7.61795
7.61318
7.61318
7.60102
7.62296
7.62892
7.6158
7.6201
7.6108
7.63202
7.60984
7.62105
7.60913
7.60198
7.6139
7.62796
7.60794
7.60102
7.64012
7.62701
7.61795
7.63297
7.63798
7.61294
7.61199
7.61795
7.61485
7.61604
7.60889
7.62701
7.63202
7.63202
7.62916
7.65014
7.60913
7.63083
7.63798
7.62892
7.6158
7.62701
7.63202
7.60889
7.60698
7.61104
7.62415
7.61795
7.59792
7.60698
7.62391
7.62486
7.6139
7.6232
7.62582
7.62916
7.61986
7.61199
7.62296
7.61986
7.6139
7.60818
7.6201
7.61795
7.63893
7.62701
7.64704
7.6201
7.61199
7.60889
7.6201
7.60198
7.62701
7.6251
7.6189
7.61008
7.61914
7.62701
7.61724
7.617
7.61819
7.6158
7.60698
7.60508
7.62701
7.62391
7.61795
7.61199
7.617
7.60293
7.622
7.622
7.617
7.63083
7.59888
7.63607
7.63798
7.61795
7.61914
7.617
7.63297
7.6251
7.61104
7.6251
7.60794
7.61509
7.60698
7.62296
7.62081
7.63702
7.6189
7.62391
7.6158
7.61914
7.62296
7.6251
7.62677
7.63702
7.6139
7.64394
7.61795
7.60603
7.61914
7.60984
7.63011
7.62796
7.61795
7.60913
7.622
7.62796
7.62892
7.62105
7.6139
7.62486
7.63798
7.617
7.60698
7.60317
7.617
7.60794
7.61318
7.61223
7.63607
7.60698
7.62415
7.62701
7.61199
7.61509
7.59697
7.62296
7.6201
7.6139
7.61294
7.61008
7.62105
7.62892
7.63583
7.61795
7.60913
7.61986
7.61199
7.62296
7.62486
7.61294
7.61104
7.62415
7.63392
7.65204
7.62486
7.63607
7.6139
7.61604
7.63106
7.60388
7.622
7.6139
7.60698
7.62296
7.63083
7.61795
7.617
7.62987
7.63321
7.61604
7.59697
7.61104
7.61414
7.617
7.60102
7.60293
7.64608
7.60603
7.60913
7.60984
7.60794
7.63011
7.60794
7.62296
7.62486
7.61104
7.60794
7.61485
7.64894
7.62105
7.6189
7.60603
7.62105
7.63798
7.61104
7.60198
7.6189
7.62105
7.60388
7.60603
7.6251
7.61199
7.62701
7.62415
7.62296
7.61199
7.60889
7.62105
7.60889
7.61819
7.62796
7.61604
7.622
7.61914
7.60412
7.6189
7.60984
7.617
7.63702
7.61199
7.622
7.622
7.6232
7.61294
7.61914
7.61294
7.617
7.6139
7.62606
7.617
7.62796
7.60412
7.62296
7.62105
7.63392
7.62987
7.63607
7.62081
7.64489
7.61104
7.62391
7.61509
7.62701
7.60603
7.61199
7.62296
7.63083
7.6251
7.64108
7.61819
7.64108
7.61819
7.622
7.61914
7.61986
7.60889
7.62701
7.59888
7.65395
7.61414
7.60913
7.60794
7.62486
7.61414
7.59912
7.6189
7.61294
7.61414
7.62296
7.61199
7.622
7.622
7.6158
7.60698
7.62391
7.60508
7.62415
7.61199
7.61604
7.62105
7.59983
7.622
7.59888
7.62081
7.6201
7.62296
7.60412
7.617
7.62391
7.60889
7.64108
7.62987
7.6139
7.62081
7.60698
7.6282
7.60508
7.58815
7.63202
7.6251
7.61223
7.6232
7.62486
7.62892
7.61604
7.59506
7.61509
7.62105
7.622
7.61294
7.62486
7.62105
7.61414
7.62916
7.617
7.63512
7.60794
7.62582
7.62701
7.62296
7.63416
7.61104
7.62796
7.622
7.62486
7.62701
7.62296
7.63702
7.60818
7.6139
7.62391
7.61104
7.61914
7.6201
7.62391
7.61008
7.63607
7.63297
7.63988
7.63702
7.60603
7.63392
7.61485
7.62701
7.6139
7.62582
7.61294
7.60889
7.63702
7.60889
7.6139
7.61485
7.6201
7.61604
7.62606
7.62892
7.64108
7.62105
7.61414
7.64608
7.61414
7.60388
7.62987
7.64203
7.62606
7.62892
7.61104
7.62105
7.61318
7.62391
7.64894
7.62892
7.62582
7.60984
7.622
7.64298
7.62105
7.60579
7.61485
7.622
7.6189
7.59792
7.62296
7.62701
7.62391
7.6189
7.61509
7.6251
7.617
7.61604
7.62296
7.63202
7.62486
7.62296
7.62391
7.622
7.62677
7.60603
7.59792
7.62701
7.61509
7.60889
7.60412
7.62391
7.622
7.617
7.6282
7.62081
7.63798
7.61795
7.63988
7.62606
7.63083
7.58886
7.61485
7.62296
7.61604
7.62892
7.46989
7.61199
7.62796
7.61914
7.622
7.64084
7.61199
7.60388
7.60078
7.622
7.60794
7.61199
7.62486
7.6201
7.63893
7.61318
7.6189
7.622
7.60293
7.62987
7.63321
7.6189
7.622
7.64203
7.60603
7.61914
7.61509
7.64585
7.61294
7.61104
7.61509
7.59912
7.59792
7.63297
7.60198
7.61104
7.62606
7.61414
7.62391
7.60818
7.61008
7.64203
7.622
7.6139
7.6232
7.60698
7.6139
7.62606
7.63083
7.62892
7.61509
7.6201
7.60198
7.61604
7.6282
7.61509
7.62391
7.6189
7.62606
7.63512
7.63106
7.62701
7.61604
7.62081
7.62105
7.62391
7.62296
7.62391
7.63083
7.60102
7.62105
7.63202
7.617
7.61604
7.617
7.62105
7.62606
7.60102
7.61509
7.61795
7.62105
7.62606
7.62606
7.60794
7.62081
7.62796
7.61914
7.60794
7.61795
7.62105
7.617
7.62081
7.60603
7.63011
7.63798
7.62987
7.63297
7.60508
7.61604
7.65085
7.62415
7.62105
7.60794
7.63011
7.6158
7.6282
7.61008
7.617
7.60913
7.62892
7.62892
7.60388
7.61795
7.62796
7.63988
7.60603
7.61008
7.6139
7.61604
7.61414
7.617
7.60293
7.59792
7.63202
7.62296
7.63011
7.6282
7.60293
7.63392
7.61199
7.61414
7.64203
7.62892
7.61509
7.63297
7.6251
7.6282
7.61294
7.61294
7.61294
7.60794
7.617
7.62701
7.62081
7.60603
7.63011
7.62081
7.61604
7.61199
7.61104
7.60484
7.60293
7.63607
7.617
7.61795
7.60198
7.61509
7.60913
7.61485
7.61914
7.61914
7.6201
7.60603
7.62105
7.60007
7.61724
7.622
7.6139
7.63106
7.60198
7.62296
7.61414
7.617
7.60794
7.60698
7.60603
7.61199
7.61604
7.63798
7.61485
7.61795
7.59983
7.62415
7.62892
7.62105
7.62081
7.62391
7.6139
7.6251
7.6158
7.61008
7.62296
7.60794
7.63083
7.61819
7.60603
7.62796
7.60198
7.62486
7.60984
7.62606
7.62987
7.60293
7.62296
7.60913
7.62606
7.60293
7.63297
7.63011
7.62677
7.62606
7.61914
7.6232
7.62296
7.60913
7.6201
7.62391
7.62391
7.60794
7.60889
7.64894
7.61485
7.61509
7.65085
7.61509
7.60794
7.62606
7.62701
7.59888
7.60198
7.62105
7.61509
7.63011
7.61104
7.6251
7.63488
7.61914
7.62296
7.63011
7.61914
7.6158
7.6201
7.61819
7.64918
7.61795
7.60913
7.60913
7.63297
7.60794
7.62105
7.64108
7.6282
7.6251
7.62391
7.61294
7.63011
7.62916
7.62606
7.63202
7.62701
7.62415
7.62105
7.62391
7.61795
7.622
7.62296
7.62105
7.61604
7.622
7.61795
7.63106
7.63106
7.622
