12.9361
5.45907
5.44119
5.44405
5.4431
5.44286
5.03898
4.81796
4.81987
4.82106
4.81892
4.82917
4.81701
4.81796
4.81391
4.81892
4.82416
4.81391
4.82202
4.82202
4.81796
4.82011
4.82488
4.81796
4.81796
4.82512
4.82607
4.81796
4.81701
4.82082
4.81486
4.81987
4.81915
4.82011
4.82202
4.81606
4.81701
4.82392
4.82106
4.82106
4.81319
4.82297
4.82583
4.82202
4.8151
4.82392
4.82821
4.81796
3.84212
3.6881
3.6881
3.66783
3.66807
3.67188
3.66402
3.66282
3.66402
3.62587
3.62396
3.6211
3.62802
3.62992
3.60513
3.59488
3.59702
3.59893
3.59917
3.60203
3.59607
3.59511
3.59607
3.59488
3.59797
3.59702
3.59607
3.59607
3.59607
3.59702
3.59917
3.59702
3.59893
3.59893
3.59416
3.59392
3.59583
3.59488
3.59583
3.59321
3.59797
3.59702
3.59988
3.59583
3.59678
3.59106
3.59607
3.59893
3.59917
3.59607
3.59607
3.59702
3.59297
3.59893
3.59797
3.59797
3.59821
3.60394
3.6068
3.59297
3.59416
3.59392
3.59797
3.60107
3.60298
3.59893
3.59583
3.59297
3.60012
3.59702
3.59392
3.59583
3.59893
3.59511
3.59797
3.59702
3.59392
3.59607
3.60394
3.59797
3.59511
3.59201
3.59082
3.59988
3.60107
3.60203
3.59297
3.59392
3.59821
3.59392
3.59583
3.59678
3.59488
3.59607
3.60107
3.59416
3.59893
3.59917
3.59488
3.62492
3.62015
3.62206
3.61991
3.62182
3.61991
3.6242
3.62587
3.6242
3.62086
3.62206
3.62706
3.62206
3.62396
3.618
3.62492
3.62301
3.6242
3.62206
3.62492
3.62086
3.62301
3.61896
3.63111
3.63493
3.64399
3.63803
3.63398
3.63183
3.63183
3.63088
3.63994
3.63588
3.63493
3.63708
3.63302
3.63588
3.63302
3.63183
3.62897
3.63898
3.63111
3.62897
3.63779
3.63398
3.63612
3.63302
3.63302
3.63898
3.63111
3.63302
3.62492
3.62396
3.62015
3.62492
3.62277
3.618
3.61991
3.62301
3.62086
3.62587
3.61395
3.59893
3.59607
3.59201
3.59488
3.59297
3.59702
3.59797
3.59702
3.59416
3.59201
3.59917
3.59988
3.59893
3.59511
3.59917
3.59297
3.61991
3.62206
3.62206
3.62396
3.61991
3.62206
3.62396
3.62015
3.62396
3.62611
3.62086
3.62182
3.62396
3.61991
3.62086
3.62182
3.62301
3.62301
3.618
3.62682
3.62086
3.62301
3.618
3.62301
3.62301
3.6211
3.618
3.62206
3.62492
3.61919
3.618
3.618
3.62206
3.61919
3.61609
3.66783
3.63111
3.62897
3.62492
3.6068
3.59678
3.59488
3.59797
3.59511
3.60107
3.60012
3.59488
3.59797
3.60012
3.59702
3.59583
3.59821
3.59583
3.59297
3.59797
3.60584
3.62301
3.62086
3.62301
3.62897
3.62515
3.61896
3.62396
3.62015
3.62206
3.62301
3.62587
3.63588
3.6459
3.64804
3.65305
3.63994
3.6509
3.66616
3.66092
3.66688
3.66211
3.66998
3.66497
3.66306
3.66306
3.66092
3.66402
3.66092
3.66497
3.66497
3.65996
3.66211
3.66402
3.64995
3.6428
3.63994
3.64518
3.64208
3.64184
3.64184
3.64184
3.64089
3.6459
3.64304
3.64494
3.64494
3.6459
3.65305
3.64423
3.64304
3.64494
3.64089
3.64304
3.64494
3.64113
3.62992
3.62206
3.62015
3.62492
3.62587
3.62301
3.62182
3.62182
3.62086
3.62277
3.62587
3.63016
3.62301
3.62015
3.6211
3.62301
3.62611
3.62206
3.62015
3.61705
3.62802
3.62182
3.62086
3.62206
3.61991
3.6211
3.62611
3.61991
3.62587
3.63111
3.62396
3.62086
3.61586
3.62206
3.62682
3.62396
3.6149
3.62396
3.62515
3.618
3.62015
3.61991
3.62515
3.61991
3.61991
3.62301
3.62301
3.62301
3.62515
3.62611
3.62301
3.62301
3.62396
3.62301
3.62301
3.62301
3.62396
3.6211
3.6211
3.62086
3.62301
3.61896
3.61991
3.62396
3.62301
3.6211
3.62396
3.62396
3.62301
3.6211
3.62015
3.6211
3.618
3.62015
3.62992
3.62301
3.61991
3.6211
3.62206
3.62301
3.62587
3.6211
3.62706
3.62206
3.61919
3.62206
3.61991
3.62611
3.61896
3.618
3.6211
3.62492
3.62396
3.6211
3.62492
3.60703
3.59702
3.60298
3.60799
3.60012
3.59488
3.59583
3.59893
3.59702
3.60107
3.59511
3.59511
3.59392
3.59488
3.59797
3.59607
3.59201
3.59797
3.59917
3.60107
3.60203
3.59607
3.59917
3.62301
3.62015
3.61991
3.62587
3.62301
3.618
3.62301
3.61896
3.61991
3.61896
3.62206
3.62206
3.61705
3.62206
3.61896
3.61991
3.62206
3.62396
3.6211
3.62396
3.62086
3.62515
3.62206
3.62992
3.63994
3.63493
3.63302
3.63588
3.63207
3.63421
3.63803
3.63398
3.63517
3.63302
3.63612
3.63302
3.63612
3.63207
3.62897
3.63207
3.63398
3.63898
3.63898
3.63684
3.63088
3.63398
3.63398
3.63398
3.63684
3.63803
3.63493
3.62396
3.61896
3.62515
3.62492
3.62015
3.62492
3.618
3.61991
3.61991
3.6242
3.6211
3.61896
3.6211
3.62301
3.62015
3.62682
3.62301
3.62086
3.62396
3.62396
3.61991
3.62206
3.62515
3.61896
3.6211
3.62206
3.62301
3.62515
3.62301
3.62206
3.62301
3.62206
3.61919
3.61991
3.62301
3.62301
3.61609
3.62396
3.62015
3.62206
3.62206
3.61705
3.62396
3.62206
3.62206
3.62206
3.62587
3.62086
3.62396
3.62182
3.62182
3.61896
3.61705
3.62182
3.618
3.62182
3.62086
3.61991
3.618
3.62086
3.62277
3.62587
3.61896
3.61896
3.62206
3.62301
3.62396
3.61991
3.62015
3.61991
3.61896
3.62206
3.61896
3.61896
3.6211
3.62802
3.62301
3.62587
3.61991
3.61919
3.62086
3.62897
3.62015
3.62301
3.62015
3.63708
3.63207
3.62396
3.62206
3.62492
3.62015
3.62086
3.62206
3.62396
3.62015
3.62301
3.6211
3.61991
3.62182
3.62086
3.62086
3.62301
3.61896
3.61991
3.62301
3.62396
3.62301
3.61991
3.6211
3.62492
3.62396
3.62015
3.6211
3.61705
3.61991
3.62706
3.62396
3.62396
3.62206
3.62802
3.62492
3.62182
3.61919
3.62301
3.62396
3.62182
3.62492
3.61896
3.62206
3.62086
3.61991
3.61919
3.62301
3.61896
3.62301
3.62396
3.62492
3.618
3.62086
3.62301
3.62396
3.62015
3.61705
3.62396
3.62206
3.62086
3.62206
3.62206
3.6211
3.62206
3.62206
3.62015
3.6211
3.62492
3.62182
3.62206
3.6211
3.62492
3.62206
3.618
3.62301
3.61896
3.618
3.61991
3.62015
3.61991
3.62515
3.618
3.61896
3.62492
3.62492
3.61991
3.62086
3.62587
3.62802
3.61586
3.62182
3.61991
3.6211
3.62396
3.61991
3.61991
3.62706
3.6211
3.62206
3.6211
3.61896
3.62301
3.62492
3.618
3.6149
3.62587
3.62396
3.62015
3.61896
3.62492
3.62897
3.61991
3.62015
3.62587
3.62206
3.63207
3.62682
3.62206
3.62206
3.6211
3.62206
3.61991
3.62086
3.61681
3.62301
3.62301
3.62515
3.61991
3.62182
3.62897
3.618
3.62396
3.61991
3.62301
3.62802
3.62015
3.62492
3.62206
3.618
3.62611
3.62396
3.6211
3.62086
3.618
3.6211
3.62492
3.62611
3.61609
3.618
3.62396
3.62206
3.62301
3.6211
3.62301
3.62015
3.62396
3.62515
3.61991
3.61586
3.62206
3.62301
3.6211
3.61991
3.62992
3.62396
3.62086
3.62086
3.61896
3.61991
3.62301
3.62492
3.61991
3.62301
3.62992
3.62206
3.62015
3.62706
3.62396
3.618
3.62086
3.62182
3.63111
3.62492
3.618
3.62015
3.62206
3.6242
3.61991
3.62086
3.62301
3.62277
3.62396
3.62015
3.62206
3.62015
3.62396
3.62015
3.62206
3.62611
3.62015
3.62086
3.62611
3.63111
3.63302
3.6211
3.62206
3.62515
3.62301
3.62301
3.62301
3.62396
3.62396
3.62015
3.6211
3.62611
3.62086
3.62182
3.62301
3.62587
3.61896
3.62301
3.62182
3.62086
3.62396
3.62206
3.62206
3.62206
3.62206
3.62301
3.61896
3.62396
3.62301
3.62396
3.62301
3.62492
3.62206
3.62206
3.61705
3.62015
3.62301
3.618
3.61991
3.62301
3.62015
3.62301
3.62515
3.62706
3.62706
3.61896
3.61991
3.62492
3.62301
3.618
3.62301
3.62206
3.62301
3.62706
3.62206
3.62802
3.6242
3.62706
3.62206
3.61896
3.62206
3.6242
3.62206
3.61395
3.62396
3.62706
3.62015
3.61896
3.62301
3.6211
3.61896
3.61681
3.62206
3.62086
3.62396
3.6211
3.62301
3.62396
3.62492
3.62682
3.62492
3.62015
3.62396
3.62587
3.62206
3.62611
3.61896
3.6242
3.62396
3.62515
3.62396
3.62015
3.62492
3.62587
3.62492
3.6242
3.62301
3.61896
3.62015
3.62206
3.62301
3.62182
3.62015
3.61991
3.62086
3.62015
3.62015
3.61896
3.6211
3.61991
3.61991
3.62182
3.61991
3.62015
3.618
3.62992
3.62611
3.62206
3.62206
3.62206
3.62611
3.62301
3.62492
3.618
3.62206
3.62206
3.62206
3.62515
3.61896
3.62015
3.62301
3.62611
3.6211
3.62206
3.62492
3.62587
3.61896
3.62396
3.62086
3.61991
3.62015
3.62802
3.6211
3.62492
3.61586
3.62086
3.62301
3.62587
3.61919
3.61991
3.618
3.62086
3.62206
3.62396
3.62587
3.61991
3.62206
3.61919
3.62206
3.62396
3.6211
3.62515
3.62396
3.62206
3.62706
3.62301
3.62277
3.62301
3.6211
3.62301
3.62301
3.62086
3.62206
3.6242
3.62396
3.61896
3.62301
3.62611
3.62611
3.62301
3.62301
3.6242
3.62396
3.62206
3.62396
3.62301
3.62206
3.62015
3.61991
3.62182
3.62301
3.62396
3.62015
3.6211
3.61896
3.618
3.62301
3.62206
3.62492
3.62182
3.64089
3.64399
3.63898
3.64113
3.64399
3.64113
