14.467
14.3631
14.2829
14.3411
14.307
14.318
14.3769
14.369
14.36
14.3459
14.293
14.348
14.327
14.2841
14.353
14.3342
14.3571
14.317
14.3521
14.317
14.3261
14.3619
14.328
14.3559
14.3139
14.2882
14.353
14.2891
14.3669
14.3442
14.353
14.334
14.3502
14.3189
14.3509
14.3111
14.3399
14.3371
14.3862
14.267
14.2949
14.3549
14.37
14.3442
14.354
14.3611
14.3571
14.3671
14.344
14.359
14.323
14.3459
14.3559
14.3471
14.3371
14.3471
14.3311
14.3571
14.364
14.3352
14.3399
14.3578
14.2798
14.334
14.3511
14.334
14.3151
14.36
14.3631
14.3449
14.3399
14.3089
14.3209
14.348
14.266
14.3452
14.3671
14.2641
14.344
14.3511
14.3039
14.3418
14.3459
14.3268
14.3669
14.3042
14.3061
14.329
14.359
14.3232
14.364
14.3361
14.344
14.358
14.358
14.2908
14.262
14.343
14.3709
14.3671
14.3712
14.3199
14.358
14.3869
14.3528
14.3359
14.349
14.313
14.3058
14.3471
14.3442
14.3559
14.338
14.3621
14.302
14.2961
14.3199
14.334
14.3301
14.364
14.297
14.328
14.3619
14.3719
14.3411
14.3161
14.287
14.303
14.338
14.307
14.329
14.2879
14.3471
14.3189
14.343
14.2992
14.338
14.322
14.3011
14.3421
14.3621
14.3611
14.2879
14.3652
14.3549
14.3671
14.3709
14.349
14.2949
14.3371
14.298
14.3428
14.344
14.354
14.317
14.3361
14.3111
14.3352
14.3368
14.303
14.3361
14.338
14.2841
14.334
14.348
14.297
14.2899
14.3528
14.2939
14.354
14.2899
14.25
14.338
14.2941
14.3089
14.3631
14.365
14.3158
14.2949
14.3509
14.359
14.3139
14.308
14.3409
14.3318
14.3411
14.318
14.3199
14.3411
14.374
14.3771
14.2601
14.312
14.266
14.286
14.327
14.3471
14.344
14.327
14.3368
14.3199
14.2572
14.2789
14.317
14.354
14.307
14.333
14.2841
14.3111
14.3011
14.297
14.261
14.257
14.3371
14.312
14.3199
14.3321
14.4079
14.385
14.379
14.3671
14.3559
14.3399
14.2691
14.3209
14.3421
14.2879
14.358
14.3552
14.328
14.3411
14.3421
14.365
14.2598
14.2968
14.3309
14.3108
14.354
14.3459
14.3001
14.339
14.323
14.3509
14.3459
14.3521
14.3301
14.3461
14.327
14.3101
14.374
14.3349
14.353
14.3301
14.308
14.3719
14.3402
14.3349
14.2651
14.2648
14.3478
14.4
14.339
14.2648
14.318
14.329
14.3549
14.2779
14.3399
14.2832
14.3161
14.327
14.2469
14.353
14.3301
14.307
14.3731
14.3042
14.3728
14.2989
14.3392
14.3058
14.3518
14.2951
14.338
14.3549
14.255
14.3621
14.339
14.3352
14.329
14.2958
14.3709
14.3731
14.3621
14.348
14.358
14.338
14.3578
14.2958
14.2689
14.3392
14.3299
14.3459
14.2691
14.282
14.3061
14.3111
14.2889
14.3039
14.3611
14.3249
14.2748
14.3161
14.3392
14.354
14.313
14.323
14.327
14.2961
14.327
14.3402
14.3669
14.3661
14.3521
14.37
14.312
14.302
14.3681
14.3161
14.3762
14.3261
14.3259
14.3349
14.359
14.2961
14.272
14.328
14.3609
14.3869
14.3511
14.3001
14.3399
14.3418
14.2629
14.3151
14.3399
14.2879
14.318
14.348
14.3089
14.3521
14.3321
14.297
14.3399
14.3371
14.3061
14.3409
14.3459
14.3292
14.303
14.3402
14.3819
14.3502
14.3111
14.2879
14.3142
14.369
14.281
14.3609
14.2958
14.313
14.3371
14.298
14.292
14.3349
14.2798
14.323
14.2689
14.2851
14.333
14.3011
14.3521
14.2372
14.298
14.2891
14.2779
14.348
14.307
14.3161
14.3209
14.344
14.3301
14.327
14.375
14.323
14.343
14.3309
14.3399
14.323
14.338
14.3301
14.348
14.353
14.3521
14.3502
14.339
14.3449
14.353
14.339
14.3251
14.3189
14.3659
14.353
14.322
14.353
14.3161
14.3561
14.3411
14.3621
14.3299
14.3521
14.3299
14.293
14.492
14.5199
14.4219
14.3411
14.3471
14.3311
14.323
14.3101
14.312
14.358
14.3731
14.343
14.353
14.3321
14.2691
14.364
14.333
14.272
14.349
14.261
14.349
14.333
14.349
14.2951
14.328
14.2672
14.3409
14.364
14.3239
14.3352
14.3621
14.3249
14.327
14.3361
14.3421
14.2841
14.3869
14.313
14.344
14.3359
14.3571
14.3402
14.3209
14.328
14.36
14.3211
14.358
14.343
14.3552
14.334
14.334
14.2939
14.2579
14.3521
14.2891
14.364
14.3452
14.3368
14.2739
14.3619
14.3361
14.3349
14.3669
14.3349
14.369
14.3321
14.343
14.3471
14.2729
14.261
14.339
14.36
14.308
14.317
14.333
14.2858
14.3089
14.3661
14.2851
14.3349
14.3371
14.323
14.327
14.359
14.3309
14.3569
14.3549
14.348
14.3301
14.3499
14.3602
14.3199
14.3399
14.3762
14.307
14.3011
14.329
14.3042
14.287
14.3361
14.281
14.349
14.2701
14.3549
14.3471
14.293
14.3571
14.297
14.3392
14.354
14.3559
14.3809
14.3461
14.3721
14.3449
14.2989
14.328
14.359
14.3368
14.344
14.333
14.3681
14.349
14.339
14.3211
14.348
14.3161
14.2949
14.344
14.3352
14.3459
14.3628
14.3249
14.3461
14.2989
14.317
14.3158
14.3409
14.3449
14.3311
14.339
14.358
14.3471
14.3392
14.2879
14.365
14.364
14.3371
14.359
14.3301
14.322
14.36
14.3571
14.293
14.323
14.348
14.2989
14.3552
14.365
14.3011
14.2672
14.313
14.297
14.293
14.293
14.3471
14.298
14.3402
14.36
14.3039
14.291
14.3111
14.3301
14.3209
14.2829
14.3449
14.3478
14.348
14.354
14.2682
14.3619
14.2839
14.3111
14.3321
14.3311
14.36
14.3409
14.359
14.3459
14.369
14.3371
14.3929
14.3659
14.293
14.3209
14.3151
14.349
14.343
14.3762
14.3671
14.2989
14.334
14.302
14.354
14.327
14.3018
14.344
14.379
14.359
14.317
14.322
14.2832
14.333
14.3499
14.334
14.3139
14.303
14.3149
14.3828
14.3399
14.3681
14.3561
14.379
14.3499
14.338
14.3909
14.318
14.38
14.2941
14.3631
14.339
14.3628
14.3108
14.2958
14.3039
14.313
14.3368
14.3559
14.329
14.3309
14.344
14.293
14.338
14.339
14.3099
14.379
14.3399
14.3032
14.2751
14.3249
14.2961
14.379
14.318
14.3111
14.353
14.3311
14.339
14.3561
14.343
14.354
14.3061
14.2939
14.334
14.2891
14.3471
14.3621
14.328
14.3521
14.3411
14.364
14.3352
14.3681
14.3189
14.2932
14.3509
14.334
14.313
14.359
14.3309
14.334
14.348
14.2949
14.317
14.3509
14.354
14.3449
14.365
14.334
14.349
14.281
14.3671
14.364
14.3602
14.2989
14.313
14.286
14.349
14.3011
14.3299
14.3242
14.364
14.339
14.2641
14.3371
14.334
14.281
14.3659
14.282
14.349
14.328
14.3452
14.2798
14.3559
14.3561
14.287
14.344
14.3631
14.348
14.338
14.3449
14.3008
14.313
14.3449
14.2438
14.2782
14.2801
14.3158
14.36
14.286
14.3151
14.3111
14.3468
14.3499
14.3161
14.3042
14.3361
14.2939
14.338
14.3518
14.3468
14.3378
14.3249
14.3321
14.3521
14.318
14.3628
14.3559
14.3051
14.3831
14.3452
14.3421
14.3149
14.344
14.2992
14.3321
14.3511
14.3471
14.3321
14.339
14.3371
14.3092
14.291
14.2889
14.3149
14.3249
14.2629
14.318
14.3571
14.358
14.353
14.3561
14.2789
14.3569
14.338
14.343
14.3139
14.3468
14.2789
14.3261
14.349
14.343
14.3359
14.3371
14.328
14.364
14.2899
14.292
14.272
14.3569
14.364
14.328
14.281
14.3239
14.3299
14.302
14.3149
14.3261
14.3361
14.3371
14.364
14.358
14.3051
14.3521
14.2961
14.3089
14.3812
14.339
14.3418
14.277
14.3311
14.2779
14.3309
14.3471
14.3039
14.307
14.3249
14.3511
14.365
14.334
14.3001
14.333
14.3468
14.3371
14.3681
14.3268
14.291
14.2739
14.3468
14.312
14.3521
14.317
14.3559
14.323
14.297
14.292
14.3411
14.3311
14.3471
14.318
14.374
14.3619
14.3101
14.3402
14.3061
14.3311
14.287
14.322
14.2901
14.333
14.3468
14.3459
14.302
14.2779
14.3161
14.2989
14.2989
14.3352
14.3449
14.349
14.334
14.359
14.2932
14.2851
14.339
14.349
14.3669
14.343
14.343
14.303
14.3471
14.3771
14.3449
14.3352
14.2989
14.3619
14.313
14.334
14.3309
14.2601
14.2872
14.348
14.3418
14.3628
14.343
14.312
14.3259
14.3049
14.349
14.338
14.3511
14.3709
14.318
14.354
14.3509
14.297
14.3371
14.338
14.3631
14.3449
14.3192
14.334
14.3681
14.3049
14.3301
14.3249
14.3378
14.3139
14.3142
14.3189
14.359
14.255
14.3139
14.3251
14.353
14.3051
14.369
14.338
14.2832
14.328
14.3001
14.2851
14.339
14.298
14.3189
14.3328
14.3719
14.2782
14.3409
14.349
14.322
14.322
14.3011
14.333
14.3511
14.369
14.3411
14.302
14.308
14.3299
14.3671
14.3471
14.3411
14.339
14.3239
14.3239
14.2682
14.349
14.3511
14.3239
14.2701
14.3051
14.348
14.2982
14.297
14.3251
14.2989
14.3502
14.3139
14.3559
14.3652
14.3549
14.353
14.3499
14.344
14.2939
14.327
14.3521
14.317
14.3421
14.348
14.3092
14.2939
14.3321
14.317
14.2789
14.3452
14.344
