0.00000000000000000000000000000000
0.04176509380340576171875000000000
0.08353018760681152343750000000000
0.12529526650905609130859375000000
0.16706037521362304687500000000000
0.20882546901702880859375000000000
0.25059053301811218261718750000000
0.29235565662384033203125000000000
0.33412075042724609375000000000000
0.37588581442832946777343750000000
0.41765093803405761718750000000000
0.45941600203514099121093750000000
0.50118106603622436523437500000000
0.54294621944427490234375000000000
0.58471131324768066406250000000000
0.62647640705108642578125000000000
0.66824150085449218750000000000000
0.71000653505325317382812500000000
0.75177162885665893554687500000000
0.79353678226470947265625000000000
0.83530187606811523437500000000000
0.87706696987152099609375000000000
0.91883200407028198242187500000000
0.96059709787368774414062500000000
1.00236213207244873046875000000000
1.04412734508514404296875000000000
1.08589243888854980468750000000000
1.12765753269195556640625000000000
1.16942262649536132812500000000000
1.21118760108947753906250000000000
1.25295281410217285156250000000000
1.29471778869628906250000000000000
1.33648300170898437500000000000000
1.37824809551239013671875000000000
1.42001307010650634765625000000000
1.46177828311920166015625000000000
1.50354325771331787109375000000000
1.54530847072601318359375000000000
1.58707356452941894531250000000000
1.62883853912353515625000000000000
1.67060375213623046875000000000000
1.71236872673034667968750000000000
1.75413393974304199218750000000000
1.79589903354644775390625000000000
1.83766400814056396484375000000000
1.87942922115325927734375000000000
1.92119419574737548828125000000000
1.96295940876007080078125000000000
2.00472426414489746093750000000000
2.04648947715759277343750000000000
2.08825469017028808593750000000000
2.13001966476440429687500000000000
2.17178487777709960937500000000000
2.21354985237121582031250000000000
2.25531506538391113281250000000000
2.29708003997802734375000000000000
2.33884525299072265625000000000000
2.38061022758483886718750000000000
2.42237520217895507812500000000000
2.46414041519165039062500000000000
2.50590562820434570312500000000000
2.54767060279846191406250000000000
2.58943557739257812500000000000000
2.63120102882385253906250000000000
2.67296600341796875000000000000000
2.71473097801208496093750000000000
2.75649619102478027343750000000000
2.79826116561889648437500000000000
2.84002614021301269531250000000000
2.88179135322570800781250000000000
2.92355656623840332031250000000000
2.96532154083251953125000000000000
3.00708651542663574218750000000000
3.04885196685791015625000000000000
3.09061694145202636718750000000000
3.13238191604614257812500000000000
3.17414712905883789062500000000000
3.21591210365295410156250000000000
3.25767707824707031250000000000000
3.29944229125976562500000000000000
3.34120750427246093750000000000000
3.38297247886657714843750000000000
3.42473745346069335937500000000000
3.46650290489196777343750000000000
3.50826787948608398437500000000000
3.55003285408020019531250000000000
3.59179806709289550781250000000000
3.63356304168701171875000000000000
3.67532801628112792968750000000000
3.71709322929382324218750000000000
3.75885844230651855468750000000000
3.80062341690063476562500000000000
3.84238839149475097656250000000000
3.88415384292602539062500000000000
3.92591881752014160156250000000000
3.96768379211425781250000000000000
4.00944852828979492187500000000000
4.05121421813964843750000000000000
4.09297895431518554687500000000000
4.13474416732788085937500000000000
4.17650938034057617187500000000000
