4.52495
4.498
4.46606
4.4539
4.46916
4.47106
4.46391
4.47583
4.49014
4.48394
4.48012
4.48322
4.46677
4.46391
4.45986
4.46391
4.46105
4.47106
4.47011
4.47798
4.47202
4.48704
4.48203
4.47893
4.48704
4.47798
4.48489
4.47106
4.48799
4.47202
4.46987
4.47392
4.47297
4.48704
4.47798
4.47607
4.46796
4.47917
4.47512
4.47488
4.47989
4.47106
4.47989
4.457
4.493
4.47798
4.47607
4.4651
4.47202
4.46606
4.48012
4.49085
4.47416
4.48012
4.46582
4.47512
4.47202
4.4601
4.46796
4.48704
4.498
4.47989
4.493
4.46105
4.46701
4.4601
4.48799
4.47798
4.498
4.47822
4.45509
4.46105
4.47297
4.4651
4.47893
4.47607
4.47798
4.46892
4.4899
4.46415
4.47106
4.48203
4.46892
4.45795
4.47893
4.46987
4.47798
4.46296
4.46606
4.48108
4.47202
4.45986
4.48513
4.48418
4.493
4.48298
4.48012
4.48012
4.4632
4.47607
4.49204
4.46606
4.45604
4.48108
4.46892
4.47798
4.46606
4.47321
4.4601
4.47106
4.47607
4.47702
4.46391
4.47392
4.457
4.46987
4.47392
4.46296
4.47011
4.47416
4.462
4.50206
4.49705
4.49109
4.49991
4.47702
4.49586
4.47893
4.46796
4.47106
4.46892
4.48084
4.4651
4.4632
4.47106
4.47202
4.46701
4.47488
4.48298
4.46701
4.46892
4.48489
4.47011
4.47702
4.47893
4.47798
4.47798
4.47702
4.48203
4.48203
4.47202
4.47106
4.47583
4.49014
4.47011
4.47798
4.49395
4.47583
4.47392
4.47893
4.47297
4.47178
4.47607
4.48895
4.49204
4.46892
4.493
4.46892
4.46582
4.48108
4.47488
4.46892
4.45795
4.48895
4.48108
4.47989
4.462
4.498
4.4632
4.48823
4.47011
4.48394
4.48203
4.48203
4.46296
4.48012
4.48203
4.46701
4.47202
4.46486
4.47392
4.462
4.46296
4.46701
4.4589
4.47893
4.46701
4.47297
4.46892
4.46892
4.47893
4.48298
4.48704
4.47297
4.47106
4.46892
4.47202
4.50993
4.48489
4.51493
4.45795
4.46486
4.48704
4.49491
4.48298
4.46105
4.47297
4.47679
4.46701
4.47989
4.46701
4.47798
4.48799
4.46105
4.46701
4.46892
4.47488
4.48298
4.47392
4.47392
4.48895
4.48608
4.49014
4.48704
4.47488
4.47512
4.48704
4.47083
4.49395
4.47202
4.47893
4.46796
4.48394
4.47893
4.48394
4.47989
4.47392
4.50492
4.5011
4.45986
4.46701
4.47893
4.48608
4.47679
4.47702
4.48012
4.48513
4.46892
4.47512
4.47798
4.4899
4.47416
4.4539
4.46892
4.47202
4.47583
4.46606
4.47416
4.48394
4.47798
4.49419
4.47106
4.48084
4.49204
4.47106
4.47083
4.46296
4.47297
4.47583
4.46916
4.46796
4.48203
4.48418
4.4632
4.48418
4.457
4.47106
4.48895
4.45986
4.47321
4.47607
4.46892
4.46892
4.4589
4.47512
4.457
4.47321
4.47917
4.48608
4.47297
4.47702
4.47798
4.46296
4.4899
4.48513
4.47702
4.47106
4.50897
4.49109
4.46916
4.47011
4.47297
4.48608
4.46892
4.48394
4.48513
4.50087
4.46796
4.47798
4.47917
4.47106
4.47392
4.47702
4.48394
4.47798
4.48394
4.47798
4.47416
4.47512
4.48799
4.48108
4.47607
4.48489
4.47297
4.46701
4.47083
4.46606
4.493
4.46296
4.48298
4.47392
4.48608
4.48298
4.47488
4.46701
4.46892
4.47106
4.48608
4.47416
4.48799
4.46391
4.47702
4.47798
4.462
4.46486
4.47893
4.48012
4.48108
4.48203
4.47917
4.4651
4.48203
4.45914
4.48298
4.4651
4.47917
4.4632
4.46606
4.49705
4.45819
4.48012
4.47297
4.47106
4.46391
4.47512
4.49109
4.462
4.47297
4.47202
4.46892
4.47893
4.46916
4.47392
4.47202
4.47702
4.46701
4.48513
4.48012
4.47202
4.47893
4.51183
4.48012
4.48704
4.47392
4.46987
4.49085
4.48608
4.46892
4.47202
4.48704
4.47512
4.48394
4.46391
4.48489
4.47011
4.47321
4.47416
4.48012
4.48084
4.48513
4.46486
4.48084
4.46415
4.48608
4.47893
4.50206
4.47583
4.46415
4.47512
4.48108
4.49204
4.48012
4.46987
4.47512
4.46916
4.48513
4.47583
4.48513
4.47416
4.47202
4.47416
4.47202
4.47893
4.49014
4.48608
4.47392
4.46796
4.493
4.48298
4.47893
4.48513
4.46296
4.47798
4.47822
4.48608
4.47202
4.4601
4.4899
4.49491
4.48108
4.46486
4.4961
4.47798
4.48918
4.48203
4.47202
4.4651
4.46296
4.457
4.48203
4.47989
4.46701
4.46892
4.47011
4.4961
4.47893
4.46796
4.47702
4.47106
4.46892
4.48895
4.5011
4.49181
4.46415
4.47702
4.47488
4.47702
4.47488
4.46391
4.47202
4.46892
4.493
4.47893
4.47989
4.47106
4.47512
4.47202
4.46582
4.47512
4.47488
4.46296
4.48394
4.46916
4.48108
4.47416
4.47702
4.47512
4.47607
4.48394
4.47202
