4.55809
4.46892
4.462
4.48298
4.47392
4.54211
4.45604
4.47798
4.47917
4.48513
4.49896
4.47798
4.47798
4.47702
4.48608
4.46701
4.47106
4.47798
4.47392
4.47893
4.48895
4.47583
4.49514
4.493
4.47297
4.47297
4.47202
4.48513
4.47083
4.47893
4.46606
4.47202
4.48012
4.4899
4.45795
4.50301
4.47607
4.48585
4.49395
4.48608
4.47488
4.47106
4.48012
4.47392
4.48203
4.47583
4.48203
4.46987
4.48489
4.47822
4.48203
4.48608
4.47416
4.47512
4.45986
4.47607
4.47893
4.48108
4.48203
4.50301
4.47297
4.47488
4.49395
4.48418
4.47917
4.47989
4.47893
4.47607
4.46415
4.46391
4.48489
4.47106
4.47488
4.46796
4.46391
4.47392
4.5042
4.5011
4.46892
4.462
4.46105
4.47011
4.47702
4.47702
4.47798
4.47989
4.46606
4.47607
4.4868
4.47297
4.47917
4.47798
4.47607
4.48108
4.49204
4.48203
4.48799
4.48585
4.48012
4.47106
4.4589
4.48799
4.46391
4.46486
4.46916
4.49109
4.47893
4.47106
4.46606
4.47607
4.498
4.51207
4.47798
4.47488
4.48203
4.47202
4.48513
4.48585
4.47583
4.47512
4.47583
4.46606
4.47702
4.47917
4.47512
4.48084
4.47011
4.4899
4.50087
4.47702
4.48298
4.46606
4.48394
4.47392
4.47798
4.48489
4.46701
4.48012
4.49014
4.47798
4.48394
4.49204
4.47106
4.47798
4.49896
4.48298
4.47488
4.4651
4.46892
4.47083
4.46796
4.49395
4.47416
4.48513
4.46987
4.47512
4.47106
4.46796
4.47202
4.46892
4.47297
4.48394
4.46701
4.47989
4.47297
4.47702
4.47392
4.46987
4.47607
4.48489
4.498
4.46701
4.48895
4.46987
4.46606
4.46796
4.4651
4.48799
4.4601
4.47679
4.48608
4.48179
4.51422
4.47702
4.47607
4.48418
4.462
4.47392
4.48394
4.493
4.48298
4.46701
4.47392
4.49586
4.47893
4.493
4.48489
4.48394
4.49014
4.45914
4.4899
4.46987
4.47202
4.49085
4.47392
4.47917
4.4632
4.48489
4.49085
4.47416
4.46296
4.46987
4.46105
4.46796
4.47607
4.48179
4.47202
4.47202
4.47297
4.50492
4.49395
4.493
4.48012
4.462
4.47202
4.48298
4.47416
4.49109
4.48394
4.48799
4.47702
4.47798
4.4899
4.4601
4.47011
4.47893
4.47083
4.47011
4.47702
4.47011
4.47321
4.47488
4.493
4.48489
4.47202
4.4651
4.45914
4.48203
4.50206
4.49014
4.49085
4.47893
4.48895
4.47392
4.47202
4.48585
4.47702
4.46296
4.46606
4.47917
4.48012
4.48203
4.47917
4.46486
4.47798
4.48203
4.48704
4.47392
4.47011
4.4868
4.5011
4.48704
4.48704
4.48179
4.47702
4.48394
4.46987
4.47917
4.47512
4.47989
4.47297
4.47392
4.47607
4.47989
4.47202
4.48203
4.48513
4.47392
4.46796
4.493
4.48799
4.47512
4.47297
4.47488
4.48895
4.46796
4.46987
4.47893
4.47607
4.47607
4.48895
4.46081
4.47106
4.45986
4.47011
4.47989
4.47392
4.47893
4.49085
4.48108
4.4899
4.47893
4.50015
4.48012
4.47297
4.48799
4.47488
4.48799
4.47297
4.47083
4.48799
4.47798
4.47989
4.47607
4.46701
4.48704
4.47917
4.46701
4.47488
4.47297
4.48084
4.49014
4.498
4.47917
4.47202
4.47893
4.47607
4.48895
4.48799
4.47893
4.48084
4.48799
4.47512
4.47512
4.49491
4.4601
4.46796
4.47679
4.47798
4.46987
4.47416
4.48608
4.48394
4.47607
4.47202
4.46606
4.47702
4.50015
4.48108
4.47512
4.47416
4.46987
4.47297
4.47917
4.48799
4.46796
4.47106
4.47202
4.46892
4.47488
4.47607
4.4899
4.47106
4.46701
4.48608
4.46796
4.47989
4.47893
4.47893
4.5011
4.49491
4.48704
4.48203
4.47202
4.51183
4.47893
4.46701
4.46892
4.48394
4.4961
4.50015
4.4632
4.46606
4.47297
4.46796
4.48298
4.47392
4.49109
4.45819
4.47702
4.49514
4.49085
4.48108
4.47297
4.47702
4.47297
4.47011
4.49014
4.48799
4.49109
4.48394
4.48084
4.49896
4.49491
4.46892
4.47702
4.46987
4.47798
4.48418
4.48513
4.47488
4.47607
4.49586
4.47202
4.47989
4.47702
4.4899
4.48489
4.48704
4.45795
4.49014
4.4961
4.47702
4.47702
4.49085
4.47607
4.46916
4.49181
4.46892
4.47106
4.47297
4.46892
4.49204
4.51589
4.46606
4.47989
4.47512
4.493
4.46892
4.49204
4.47893
4.46796
4.498
4.48203
4.47702
4.47893
4.46582
4.48203
4.47392
4.47798
4.47202
4.48704
4.48084
4.47607
4.48203
4.46105
4.47798
4.47607
4.48012
4.47488
4.49705
4.4651
4.48298
4.47297
4.47297
4.46391
4.48895
4.46701
4.462
4.4992
4.48513
4.47679
4.47917
4.49085
4.48489
4.493
4.47202
4.47583
4.46105
4.46606
4.47392
4.47297
4.49991
4.47392
4.46606
4.49491
4.46701
4.48298
4.48704
4.48585
