6.31213
4.89402
4.89092
4.89306
4.88305
4.884
4.89116
4.88281
4.89187
4.89211
4.88877
4.90212
4.89497
4.89521
4.88615
4.89902
4.89593
4.91095
4.89402
4.89402
4.90379
4.89116
4.90284
4.89116
4.89712
4.90785
4.90093
4.89807
4.89497
4.90308
4.90093
4.90308
4.89116
4.89283
4.90093
4.89593
4.89616
4.90212
4.89497
4.88997
4.89902
4.89688
4.89807
4.89902
4.8902
4.90713
4.90093
4.90308
4.89306
4.89187
4.89306
4.89593
4.89807
4.89402
4.89616
4.90117
4.89116
4.90379
4.90808
4.89902
4.90808
4.92096
4.89402
4.89616
4.90212
4.90904
4.89807
4.89092
4.89688
4.89211
4.89879
4.89402
4.88997
4.88901
4.90093
4.90284
4.89211
4.90212
4.89593
4.89998
4.89092
4.89497
4.90785
4.89092
4.89211
4.90212
4.90403
4.89497
4.89902
4.89402
4.91285
4.89092
4.90093
4.90212
4.89616
4.89283
4.90999
4.90808
4.89116
4.89211
4.89902
4.89902
4.88997
4.89688
4.89402
4.90499
4.89902
4.88901
4.90999
4.89187
4.88901
4.89187
4.89998
4.89306
4.89211
4.90284
4.90403
4.88901
4.89593
4.89497
4.90093
4.89497
4.89593
4.90308
4.89807
4.90093
4.90594
4.90403
4.90117
4.91309
4.88591
4.89807
4.90403
4.90093
4.89688
4.89712
4.89497
4.90093
4.89497
4.88782
4.90904
4.90284
4.90212
4.89497
4.90093
4.89402
4.90189
4.90308
4.9088
4.89807
4.89688
4.88901
4.89402
4.90808
4.90403
4.89497
4.89497
4.90093
4.90522
4.89712
4.89497
4.89092
4.90093
4.88997
4.89998
4.88901
4.89879
4.89712
4.88997
4.89902
4.90212
4.89402
4.89402
4.89879
4.89306
4.90093
4.90499
4.90284
4.89807
4.89998
4.90117
4.88877
4.89807
4.89402
4.90403
4.89593
4.89497
4.90499
4.89497
4.89402
4.89616
4.90999
4.89306
4.88591
4.89807
4.90499
4.90713
4.89283
4.90808
4.89783
4.89211
4.89807
4.89306
4.89497
4.90713
4.89902
4.88901
4.91095
4.90189
4.89092
4.89116
4.90117
4.89306
4.89402
4.89497
4.90904
4.89187
4.89807
4.89497
4.88591
4.88901
4.90212
4.89593
4.89593
4.89402
4.89497
4.89712
4.90284
4.90499
4.90308
4.90999
4.89497
4.89521
4.89211
4.89497
4.90189
4.89402
4.90189
4.88901
4.90093
4.88997
4.89593
4.89688
4.8871
4.89497
4.89616
4.91214
4.89879
4.8871
4.88782
4.90904
4.89306
4.89116
4.9119
4.90284
4.90093
4.90904
4.89688
4.89593
4.90403
4.89807
4.90594
4.89593
4.90117
4.90618
4.8871
4.90093
4.89688
4.89807
4.89092
4.89306
4.8902
4.89902
4.89306
4.89593
4.89998
4.89783
4.89593
4.89092
4.88615
4.90308
4.89092
4.89688
4.90093
4.89593
4.89211
4.90117
4.89593
4.89402
4.89712
4.89688
4.88901
4.89187
4.89712
4.90117
4.90189
4.89807
4.89616
4.90117
4.90594
4.90785
4.89902
4.89593
4.89783
4.89807
4.90689
4.88496
4.89092
4.89306
4.89998
4.89902
4.88901
4.89402
4.89712
4.89283
4.89306
4.89593
4.90689
4.89187
4.89116
4.88901
4.88591
4.90594
4.89616
4.91881
4.88901
4.91095
4.89688
4.88114
4.89807
4.88591
4.89902
4.89402
4.89712
4.89497
4.90093
4.89902
4.90212
4.89497
4.89092
4.89688
4.90308
4.8871
4.88806
4.884
4.90689
4.89807
4.90189
4.88901
4.88591
4.90594
4.89807
4.89092
4.90594
4.89497
4.88782
4.89306
4.88806
4.89593
4.89593
4.90212
4.90212
4.89783
4.89902
4.89807
4.89402
4.89306
4.88591
4.89688
4.89402
4.89712
4.90904
4.89807
4.90403
4.90618
4.89092
4.89283
4.90713
4.89998
4.8871
4.89283
4.8871
4.90999
4.89402
4.91095
4.90689
4.90308
4.89998
4.89211
4.90308
4.8902
4.89712
4.89879
4.90618
4.90117
4.89402
4.89902
4.89497
4.89593
4.90093
4.90284
4.8871
4.89187
4.89092
4.884
4.89187
4.89902
4.89092
4.90403
4.90594
4.89902
4.90904
4.89092
4.89712
4.89616
4.89497
4.89593
4.90403
4.89211
4.89998
4.88877
4.89902
4.90189
4.90808
4.89593
4.90093
4.89998
4.89283
4.89807
4.90284
4.90212
4.88901
4.89306
4.90189
4.89712
4.90499
4.90618
4.89497
4.89211
4.89998
4.89998
4.8871
4.90594
4.88997
4.91214
4.89306
4.88901
4.89998
4.90022
4.89211
4.89902
4.89783
4.90594
4.89998
4.89998
4.90904
4.89306
4.89187
4.89402
4.89378
4.89807
4.89998
4.89783
4.89402
4.89092
4.90212
4.89402
4.89902
4.89783
4.89902
4.90189
4.89211
4.90904
4.88806
4.88591
4.89688
4.89092
4.89092
4.89998
4.90403
4.90189
4.884
4.90403
4.89879
4.89497
4.88997
4.90904
4.90808
4.88615
4.8852
4.89807
4.90093
4.90403
4.88591
4.89402
4.89092
4.89092
4.89402
4.88997
4.88186
4.90403
4.89902
4.89712
4.89187
4.884
4.89402
4.89402
4.89497
4.90212
4.89902
4.89211
4.89521
4.89616
4.8902
4.8902
4.90618
4.89402
4.89712
4.89712
4.89497
4.89497
4.89116
4.89497
4.89116
4.89306
4.89402
4.88901
4.88997
4.90093
4.89402
4.89807
4.90308
4.88997
4.89402
4.89998
4.89092
4.90594
4.89497
4.89593
4.89616
4.89116
4.89497
4.90117
4.89783
4.89593
4.8871
4.8902
4.90308
4.88997
4.89187
4.884
4.89998
4.89283
4.89497
4.89807
4.88782
4.88901
4.89402
4.89902
4.90308
4.89306
4.89902
4.90904
4.90403
4.90403
4.89998
4.89998
4.90308
4.89497
4.89402
4.89616
4.89497
4.89783
4.89497
4.89402
4.89998
4.89521
4.89712
4.89593
4.89092
4.88591
4.89306
4.90522
4.90713
4.89593
4.88782
4.90093
4.88901
4.88997
4.88687
4.89211
4.89807
4.89593
4.89187
4.89688
4.89807
4.89283
4.89807
4.89402
4.89902
4.90808
4.89688
4.89306
4.89402
4.89497
4.89998
4.89879
4.88997
4.89998
4.89807
4.90284
4.88305
4.88877
4.89712
4.89998
4.89593
4.88997
4.90594
4.88997
4.89998
4.90189
4.89497
4.89688
4.89593
4.89497
4.88806
4.8902
4.89807
4.89783
4.88901
4.89807
4.89616
4.90212
4.89688
4.90284
4.89306
4.89688
4.89402
4.88997
4.89879
4.89902
4.90403
4.89998
4.89807
4.89783
4.90212
4.88687
4.90808
4.90093
4.89283
4.89402
4.90093
4.89497
4.90594
4.90403
4.89902
4.89688
4.89807
4.89402
4.90499
4.89211
4.90189
4.915
4.89593
4.90093
4.89688
4.89712
4.89187
4.89998
4.89187
4.90403
4.89688
4.90308
4.89879
4.89616
4.89712
4.9088
4.90093
4.89616
4.89712
4.88782
4.90713
4.89593
4.89688
4.89497
4.90093
4.90212
4.88997
4.89712
4.89306
4.89807
4.89497
4.89306
4.90808
4.89211
4.89283
4.89211
4.90189
4.89092
4.91691
4.89712
4.89616
4.89712
4.88782
4.89807
4.89497
4.89497
4.88782
4.90308
4.90117
4.89807
4.90189
4.89902
4.89092
4.89402
4.89402
4.90093
4.90212
4.90117
4.89807
4.89497
4.89092
4.89211
4.8902
4.89593
4.88901
4.90212
4.89092
4.90093
4.88901
4.89092
4.90689
4.90189
4.89306
4.90212
4.90904
4.8871
4.90189
4.89187
4.90117
4.89306
4.89497
4.89902
4.90999
4.89712
4.89807
4.88496
4.89902
4.90117
4.90117
4.90117
4.89116
4.89378
4.89116
4.89616
4.90713
4.89497
4.89593
4.89092
4.88997
4.89593
4.89783
4.89902
4.89497
4.89306
4.88806
4.89306
4.89998
4.89616
4.90212
4.9088
4.88997
4.90093
4.89092
4.89712
4.88997
4.8871
4.89783
4.89998
4.90403
4.89116
4.90999
4.88997
4.89712
4.88997
4.89116
4.89497
4.90308
4.89998
4.89306
4.89902
4.90189
4.89902
4.89688
4.89712
4.89116
4.89497
4.89521
4.88615
4.88877
4.90904
4.89092
4.89998
4.91405
4.89902
4.89187
4.89092
4.89497
4.91691
4.89497
4.89998
4.90403
4.89998
4.89211
4.89807
4.90808
4.89712
4.89902
4.89902
4.90212
4.89593
4.89998
4.89092
4.90093
4.89688
4.89211
4.90022
4.89616
4.89616
4.88877
4.89616
4.89712
4.89902
4.90403
4.89688
4.89116
4.89211
4.89497
4.88901
4.88901
4.89807
4.90189
4.89211
4.90713
4.89306
4.89497
4.89497
4.90594
4.89998
4.90022
4.89616
4.89306
4.88496
4.89402
4.89593
4.89306
4.89402
4.89807
4.90403
4.89688
4.90189
4.89402
4.90284
4.90499
4.88997
4.91691
4.88997
4.88901
4.89902
4.89902
4.89998
4.89306
4.89402
4.90403
4.89998
4.89116
4.89521
4.88615
4.90093
4.89783
4.89092
4.89211
4.89688
4.89783
4.89807
4.89902
4.90403
4.89306
4.89879
4.89306
4.90189
4.89902
4.88997
4.89593
4.89187
4.89402
4.88901
4.88782
4.89402
4.90808
4.89807
4.89497
4.90689
4.88591
4.89306
4.89092
4.88687
4.89402
4.89402
4.88687
4.89306
4.88901
4.90594
4.89092
4.88496
4.89116
4.90117
4.89402
4.90093
4.89092
4.88997
4.89497
4.90808
4.89211
4.89116
4.89712
4.88687
4.90093
4.89402
4.89593
4.88806
4.89712
4.8871
4.90403
4.89116
4.89497
4.89807
4.90403
4.89688
4.88591
4.89688
4.89306
4.89497
4.8902
4.89306
4.89402
4.89593
4.89783
4.90308
4.89402
4.89998
4.89616
4.91023
4.89306
4.89497
4.90093
4.89998
4.88901
4.89998
4.89306
4.89497
4.89998
4.90022
4.89402
4.90499
4.89497
4.89688
4.8871
4.89521
4.89998
4.89712
4.879
4.8871
4.89688
4.89187
4.88806
4.90284
4.89593
4.88901
4.89688
4.89306
4.89497
4.90594
4.89497
4.89283
4.90093
4.89902
4.88782
4.89593
4.89211
4.88591
4.89688
4.89616
4.89306
4.88687
4.90212
4.89807
4.88496
4.89306
4.88591
