0.260115
0.149965
0.144958
0.143051
0.139952
0.140905
0.140905
0.140905
0.138998
0.138044
0.138044
0.138044
0.136137
0.135183
0.135899
0.138044
0.135899
0.137806
0.138044
0.135899
0.135899
0.134945
0.137091
0.137091
0.138044
0.135899
0.134945
0.138044
0.135899
0.136137
0.137091
0.138044
0.136137
0.136852
0.135899
0.137806
0.136852
0.135899
0.135899
0.138044
0.137806
0.135899
0.138044
0.137806
0.136852
0.135899
0.137806
0.135899
0.136137
0.136137
0.136137
0.137091
0.135899
0.138044
0.134945
0.135899
0.136137
0.138044
0.136137
0.138044
0.136137
0.137091
0.135899
0.138044
0.135899
0.135899
0.136137
0.144958
0.138044
0.137091
0.138044
0.135899
0.135899
0.135899
0.136137
0.138044
0.136137
0.138998
0.136137
0.135899
0.134945
0.136137
0.138044
0.136137
0.136137
0.135899
0.135899
0.137091
0.136137
0.138044
0.136137
0.137091
0.136137
0.135899
0.135899
0.136137
0.138044
0.135183
0.135899
0.136852
0.136852
0.135899
0.137806
0.135899
0.138044
0.137806
0.135899
0.134945
0.138044
0.136852
0.137806
0.138044
0.138044
0.137091
0.138044
0.138044
0.138044
0.135899
0.138044
0.138044
0.135899
0.136137
0.135899
0.135899
0.135899
0.138044
0.138044
0.137806
0.135899
0.136137
0.136137
0.134945
0.138044
0.134945
0.135899
0.138044
0.138998
0.138044
0.137091
0.136137
0.138044
0.136137
0.135899
0.137806
0.134945
0.136137
0.138044
0.135183
0.135899
0.134945
0.136137
0.138044
0.136137
0.135899
0.138044
0.135899
0.135899
0.136137
0.135899
0.138044
0.135899
0.138044
0.138044
0.135899
0.135899
0.134945
0.136137
0.138998
0.136852
0.135899
0.136137
0.135899
0.135899
0.136137
0.138044
0.138044
0.138044
0.136137
0.136137
0.138044
0.135899
0.138044
0.135899
0.135899
0.137806
0.136852
0.138044
0.135899
0.135899
0.135899
0.138044
0.137806
0.135899
0.137806
0.135899
0.136137
0.136137
0.138044
0.134945
0.137806
0.135899
0.134945
0.138044
0.136137
0.136137
0.137091
0.135899
0.138044
0.135899
0.135899
0.137091
0.136137
0.138044
0.135899
0.135899
0.136137
0.136137
0.138044
0.136137
0.137091
0.137091
0.135899
0.135899
0.138044
0.135183
0.137091
0.138044
0.134945
0.135899
0.135899
0.136137
0.137091
0.135899
0.135899
0.137806
0.134945
0.136137
0.134945
0.135899
0.138044
0.135899
0.138044
0.134945
0.136137
0.138044
0.135899
0.138044
0.135899
0.135899
0.135183
0.136137
0.138044
0.136137
0.135899
0.135899
0.138044
0.134945
0.136137
0.135899
0.135899
0.135183
0.135899
0.138044
0.138044
0.138044
0.136137
0.137091
0.138044
0.138044
0.138044
0.138044
0.137806
0.135899
0.134945
0.136137
0.135899
0.135899
0.138044
0.134945
0.136137
0.137091
0.138044
0.137091
0.136137
0.137091
0.135899
0.137091
0.137091
0.135899
0.135899
0.135899
0.136852
0.134945
0.136137
0.135899
0.136852
0.135899
0.138044
0.134945
0.138044
0.135183
0.135899
0.135899
0.136137
0.138044
0.135899
0.138044
0.136137
0.138044
0.137091
0.136137
0.134945
0.135899
0.136137
0.134945
0.138044
0.135899
0.134945
0.136137
0.138044
0.136137
0.137091
0.136137
0.134945
0.135899
0.135183
0.137091
0.138044
0.136137
0.135899
0.135899
0.136137
0.135899
0.135899
0.135899
0.138044
0.134945
0.136137
0.137091
0.135899
0.134945
0.136137
0.137091
0.138044
0.137091
0.136137
0.134945
0.138044
0.138044
0.138044
0.136137
0.135899
0.134945
0.136137
0.134945
0.136852
0.135899
0.135899
0.136137
0.138044
0.134945
0.135899
0.134945
0.136137
0.137091
0.136137
0.134945
0.137806
0.134945
0.137091
0.138044
0.136852
0.135899
0.136137
0.135899
0.138044
0.135899
0.135899
0.137091
0.136137
0.135183
0.138044
0.134945
0.138044
0.135899
0.138044
0.138044
0.135899
0.136852
0.134945
0.138044
0.138998
0.138044
0.138044
0.136137
0.135899
0.135899
0.136137
0.134945
0.138044
0.138044
0.137091
0.136137
0.137091
0.136137
0.135899
0.135899
0.137091
0.137091
0.136137
0.138044
0.135899
0.135899
0.135899
0.136137
0.136137
0.137091
0.135899
0.135899
0.135183
0.136137
0.138044
0.138044
0.138044
0.137806
0.135899
0.135183
0.135899
0.134945
0.138044
0.136137
0.138044
0.136137
0.135899
0.134945
0.138044
0.136852
0.135899
0.134945
0.138044
0.136137
0.138044
0.136137
0.137091
0.135899
0.134945
0.136137
0.138044
0.136137
0.135899
0.135899
0.136852
0.135899
0.136137
0.136137
0.135899
0.138998
0.136852
0.138044
0.135899
0.134945
0.136137
0.137091
0.136137
0.135899
0.137806
0.135899
0.138044
0.136852
0.135899
0.135183
0.138044
0.137091
0.136137
0.137091
0.136137
0.134945
0.135899
0.135183
0.138044
0.136137
0.134945
0.136852
0.135899
0.135183
0.138044
0.138044
0.137091
0.138044
0.136137
0.137091
0.136137
0.137091
0.135899
0.136852
0.138044
0.135899
0.135899
0.137091
0.136137
