4.884
4.81081
4.81009
4.8182
4.81987
4.80819
4.8182
4.83203
4.82011
4.81915
4.82202
4.82202
4.82893
4.82512
4.82488
4.80986
4.80795
4.82106
4.81892
4.80795
4.81391
4.82893
4.82392
4.8151
4.81796
4.82583
4.79603
4.807
4.81701
4.82798
4.81796
4.80604
4.83203
4.81701
4.80199
4.82202
4.82106
4.83513
4.82416
4.812
4.812
4.82202
4.8151
4.80008
4.83012
4.81486
4.812
4.807
4.82488
4.84014
4.82416
4.81796
4.82798
4.81415
4.80199
4.8151
4.79698
4.81582
4.812
4.80199
4.81796
4.81296
4.81701
4.81009
4.81796
4.81987
4.8089
4.848
4.82488
4.80914
4.80223
4.81009
4.812
4.81009
4.81296
4.82988
4.83012
4.81915
4.82512
4.82082
4.81915
4.80986
4.807
4.83894
4.8151
4.80986
4.8039
4.82297
4.81105
4.83298
4.81391
4.80986
4.8089
4.80914
4.79913
4.81582
4.83012
4.82202
4.81009
4.79603
4.83012
4.81319
4.79603
4.83108
4.81915
4.81296
4.85086
4.81296
4.81391
4.81296
4.83012
4.81105
4.80986
4.80509
4.82583
4.80413
4.82202
4.82106
4.82106
4.82512
4.82798
4.82082
4.83608
4.82082
4.81701
4.812
4.82202
4.812
4.80914
4.80318
4.81701
4.81915
4.81296
4.80103
4.82297
4.82583
4.82321
4.80986
4.81796
4.82202
4.81606
4.82798
4.81606
4.83799
4.81606
4.82297
4.83108
4.82488
4.81105
4.80795
4.80294
4.81296
4.83084
4.83012
4.812
4.82512
4.82082
4.82392
4.8461
4.80485
4.82297
4.81606
4.81081
4.81796
4.80604
4.80795
4.81296
4.81892
4.8151
4.81701
4.81391
4.81415
4.812
4.812
4.82607
4.82512
4.82392
4.81391
4.82106
4.81081
4.81105
4.80795
4.82011
4.81296
4.82082
4.81606
4.81892
4.81391
4.79507
4.83012
4.80986
4.80509
4.84395
4.81105
4.80604
4.82202
4.81606
4.8151
4.82202
4.83704
4.82893
4.82082
4.81915
4.81009
4.82202
4.812
4.80819
4.8151
4.82488
4.81796
4.8151
4.82082
4.80103
4.81486
4.8151
4.81606
4.80795
4.82106
4.80485
4.807
4.82798
4.82297
4.81987
4.81391
4.8399
4.80604
4.81606
4.8182
4.81701
4.82392
4.80103
4.81582
4.82416
4.81009
4.80986
4.812
4.81701
4.82106
4.80604
4.82321
4.80604
4.80413
4.81796
4.81486
4.81892
4.81296
4.80795
4.82392
4.80509
4.81987
4.82297
4.82106
4.82082
4.85396
4.82607
4.81391
4.80986
4.82607
4.80986
4.83394
4.82202
4.83799
4.848
4.80199
4.80509
4.81915
4.81606
4.81701
4.80795
4.8151
4.81486
4.81105
4.81391
4.8039
4.81606
4.82297
4.81486
4.80103
4.82607
4.81105
4.80413
4.81701
4.81796
4.81009
4.80795
4.8039
4.82392
4.82106
4.812
4.81009
4.81081
4.81009
4.80986
4.80795
4.8151
4.82011
4.80199
4.81582
4.80509
4.82321
4.81892
4.80008
4.82488
4.81796
4.81701
4.82297
4.82392
4.812
4.81701
4.79984
4.81009
4.81105
4.807
4.83203
4.81319
4.81606
4.82702
4.82082
4.82702
4.81105
4.81892
4.81081
4.81606
4.82488
4.812
4.81987
4.81296
4.807
4.812
4.812
4.80795
4.81606
4.80986
4.81415
4.81606
4.81296
4.81296
4.80795
4.80485
4.807
4.81701
4.80986
4.83203
4.82988
4.80914
4.82202
4.81606
4.81391
4.82392
4.82488
4.82416
4.8058
4.83298
4.81105
4.81987
4.8151
4.81606
4.82607
4.81415
4.83584
4.807
4.81391
4.80795
4.83799
4.80986
4.81009
4.80103
4.81701
4.83298
4.82297
4.81105
4.82082
4.80413
4.81319
4.81415
4.80819
4.80914
4.81701
4.81391
4.81606
4.82202
4.84395
4.82297
4.81391
4.81105
4.81486
4.8151
4.82392
4.81796
4.81391
4.81892
4.81701
4.82202
4.8089
4.81296
4.80199
4.80795
4.812
4.82297
4.82392
4.80103
4.807
4.8039
4.82392
4.83203
4.8058
4.80914
4.81391
4.81009
4.81105
4.81915
4.80199
4.807
4.80914
4.80604
4.81606
4.81296
4.81296
4.81892
4.81796
4.8089
4.81105
4.82893
4.8089
4.81296
4.83203
4.81701
4.81081
4.81915
4.83012
4.83394
4.82488
4.81105
4.81796
4.80199
4.82011
4.807
4.82011
4.80103
4.82607
4.81987
4.82297
4.82512
4.82512
4.81987
4.80795
4.8461
4.82512
4.81296
4.82702
4.8151
4.82392
4.82893
4.81296
4.81105
4.82798
4.80318
4.80604
4.82011
4.81105
4.82106
4.80509
4.81606
4.81415
4.82178
4.807
4.812
4.80795
4.82392
4.82297
4.79794
4.8182
4.82106
4.80914
4.81796
4.8089
4.80509
4.81987
4.8151
4.81009
4.81987
4.81415
4.81701
4.82893
4.80604
4.81391
4.79794
4.83394
4.81701
4.82202
4.81319
4.82512
4.8089
4.80509
4.82106
4.81796
4.82488
4.80509
4.80819
4.82416
