21.353
16.5219
16.614
16.5861
16.366
16.515
16.5241
16.4862
16.3052
16.4831
16.453
16.479
16.346
16.4452
16.3569
16.35
16.2389
16.2711
16.284
16.2721
16.422
16.372
16.499
16.449
16.3119
16.499
16.2902
16.372
16.4759
16.3839
16.422
16.3441
16.31
16.3579
16.4499
16.3031
16.484
16.5031
16.2721
16.49
16.3431
16.3491
16.2661
16.4061
16.2961
16.4132
16.3209
16.382
16.5431
16.4311
16.3622
16.4771
16.4552
16.432
16.4161
16.4421
16.449
16.3841
16.4602
16.3181
16.439
16.376
16.2611
16.439
16.407
16.335
16.259
16.4361
16.448
16.449
16.355
16.315
16.5038
16.392
16.315
16.2749
16.402
16.4211
16.454
16.4239
16.4881
16.2609
16.257
16.346
16.319
16.3372
16.5009
16.309
16.3679
16.4659
16.263
16.5131
16.3159
16.372
16.469
16.4261
16.4111
16.2518
16.4759
16.4759
16.433
16.2971
16.4762
16.505
16.273
16.2969
16.49
16.434
16.4051
16.4461
16.2921
16.4521
16.5081
16.479
16.3329
16.2399
16.4261
16.2699
16.438
16.453
16.4132
16.506
16.233
16.4211
16.5088
16.4139
16.4869
16.3002
16.463
16.4711
16.4239
16.4871
16.4421
16.309
16.3212
16.3622
16.5112
16.305
16.4468
16.3031
16.432
16.3319
16.4001
16.3112
16.5219
16.3279
16.345
16.4402
16.4452
16.475
16.381
16.5281
16.253
16.295
16.3808
16.49
16.377
16.2609
16.525
16.3271
16.4289
16.2849
16.4759
16.3522
16.47
16.33
16.3438
16.5679
16.5191
16.2711
16.427
16.325
16.556
16.51
16.4049
16.4189
16.4189
16.299
16.4449
16.4201
16.3481
16.448
16.325
16.484
16.4039
16.418
16.3829
16.5319
16.4669
16.3801
16.5229
16.257
16.3081
16.3949
16.427
16.293
16.4821
16.3431
16.506
16.526
16.475
16.417
16.4251
16.377
16.4649
16.4659
16.4061
16.4621
16.3519
16.376
16.3209
16.237
16.3791
16.4402
16.2811
16.325
16.432
16.402
16.485
16.407
16.371
16.4828
16.3529
16.52
16.454
16.4118
16.52
16.4371
16.3538
16.4549
16.4199
16.4931
16.309
16.3631
16.2601
16.247
16.5012
16.3281
16.3021
16.3212
16.3469
16.3519
16.2849
16.268
16.4139
16.4959
16.3162
16.361
16.4011
16.299
16.4969
16.237
16.2699
16.499
16.4809
16.4039
16.4459
16.397
16.412
16.3829
16.32
16.4568
16.403
16.3021
16.5091
16.3641
16.3822
16.252
16.2249
16.4418
16.3031
16.3641
16.5172
16.3591
16.5589
16.537
16.2749
16.269
16.2401
16.434
16.2871
16.2721
16.5269
16.3419
16.4342
16.3081
16.4571
16.3062
16.2721
16.454
16.444
16.3112
16.47
16.4919
16.391
16.464
16.2201
16.367
16.3031
16.4762
16.4611
16.304
16.2468
16.4299
16.537
16.325
16.4549
16.3469
16.3341
16.2818
16.3729
16.3391
16.3798
16.49
16.4351
16.304
16.535
16.5231
16.309
16.3701
16.4559
16.4759
16.475
16.34
16.3271
16.4061
16.4859
16.4111
16.3639
16.4039
16.377
16.32
16.3541
16.2921
16.3372
16.294
16.459
16.4518
16.32
16.5482
16.516
16.4731
16.4621
16.3651
16.418
16.5262
16.3009
16.2959
16.4309
16.36
16.3772
16.2449
16.345
16.3052
16.5009
16.4571
16.4011
16.2978
16.3999
16.34
16.3751
16.5339
16.494
16.294
16.3271
16.494
16.4928
16.3939
16.506
16.181
16.4959
16.52
16.4471
16.2311
16.284
16.402
16.3798
16.5119
16.557
16.458
16.3701
16.51
16.4261
16.459
16.3751
16.361
16.371
16.2339
16.438
16.2652
16.3159
16.3388
16.504
16.4702
16.3169
16.4599
16.428
16.433
16.469
16.319
16.4042
16.2539
16.4249
16.351
16.31
16.345
16.5131
16.4871
16.4471
16.2928
16.4649
16.469
16.4039
16.475
16.3178
16.5389
16.4268
16.4189
16.4878
16.3078
16.48
16.3999
16.4981
16.4342
16.3741
16.3021
16.346
16.315
16.3422
16.4089
16.4108
16.3209
16.2849
16.3801
16.4459
16.2361
16.397
16.468
16.494
16.5219
16.387
16.386
16.284
16.288
16.4599
16.449
16.418
16.4101
16.283
16.4199
16.4299
16.2921
16.2802
16.4471
16.294
16.408
16.2332
16.34
16.2191
16.4142
16.433
16.407
16.3951
16.489
16.2699
16.3381
16.443
16.4659
16.2818
16.3779
16.3271
16.3212
16.433
16.4549
16.4702
16.4459
16.5269
16.3081
16.4621
16.2849
16.2909
16.4609
16.397
16.4821
16.4509
16.3159
16.4189
16.4301
16.407
16.3178
16.3009
16.35
16.463
16.504
16.3479
16.3469
16.5129
16.4828
16.284
16.495
16.5501
16.293
16.48
16.3591
16.5291
16.3648
16.4418
16.362
16.4552
16.3341
16.4511
16.3171
16.5
16.2921
16.479
16.2792
16.4418
16.5401
16.402
16.5
16.4869
16.377
16.5589
16.3562
16.2909
16.4208
16.2909
16.3569
16.3991
16.3
16.3541
16.438
16.387
16.3321
16.4311
16.5
16.336
16.49
16.3081
16.222
16.439
16.232
16.3131
16.35
16.432
16.4399
16.4049
16.448
16.355
16.484
16.341
16.3589
16.3579
16.314
16.361
16.537
16.407
16.485
16.4161
16.325
16.2511
16.3541
16.51
16.396
16.3739
16.33
16.4561
16.499
16.228
16.377
16.4261
16.4311
16.2821
16.3369
16.458
16.351
16.433
16.2709
16.5029
16.4371
16.5071
16.3651
16.5141
16.3548
16.4769
16.264
16.4258
16.3739
16.381
16.4289
16.4969
16.2928
16.382
16.4621
16.346
16.293
16.2442
16.4711
16.3641
16.5012
16.3131
16.3059
16.294
16.3291
16.212
16.2821
16.228
16.36
16.489
16.3691
16.2311
16.2768
16.521
16.2351
16.474
16.459
16.2821
16.4268
16.459
16.3779
16.31
16.314
16.4161
16.5112
16.3791
16.5489
16.2809
16.294
16.3701
16.3581
16.3131
16.3381
16.371
16.4618
16.3889
16.187
16.2742
16.392
16.2411
16.3991
16.427
16.4859
16.448
16.4649
16.3331
16.5122
16.392
16.258
16.4361
16.4762
16.4349
16.4981
16.51
16.4611
16.5172
16.3851
16.5021
16.4671
16.4521
16.5498
16.3109
16.3748
16.3598
16.386
16.376
16.319
16.1791
16.3829
16.4618
16.2659
16.4289
16.4719
16.3829
16.4402
16.413
16.4001
16.4759
16.3479
16.4239
16.4409
16.4309
16.4199
16.4988
16.5019
16.5389
16.4061
16.4211
16.4819
16.2899
16.4001
16.4669
16.5169
16.5009
16.4881
16.3031
16.4809
16.4518
16.274
16.4571
16.4728
16.505
16.453
16.2809
16.2489
16.4251
16.3441
16.3221
16.5021
16.288
16.5071
16.3941
16.3231
16.259
16.386
16.531
16.4459
16.3388
16.4559
16.3269
16.494
16.2749
16.259
16.4061
16.31
16.4239
16.3698
16.4249
16.381
16.408
16.3779
16.432
16.3078
16.494
16.4852
16.4549
16.4459
16.3419
16.319
16.356
16.325
16.4139
16.4418
16.3081
16.4139
16.309
16.434
16.3319
16.3999
16.2299
16.377
16.237
16.4402
16.3081
16.3631
16.35
16.2482
16.484
16.33
16.5191
16.3481
16.325
16.4058
16.4239
16.3522
16.474
16.2811
16.4099
16.2711
16.305
16.3901
16.3019
16.541
16.4962
16.485
16.304
16.4661
16.459
16.4828
16.4928
16.4769
16.4809
16.5188
16.4471
16.4809
16.223
16.489
16.3169
16.2649
16.2482
16.2661
16.3081
16.3162
16.427
16.3071
16.526
16.448
16.459
16.4239
16.294
16.3901
16.4731
16.4361
16.3231
16.4361
16.2921
16.3059
16.3798
16.4089
16.2079
16.407
16.3529
16.525
16.432
16.336
16.3891
16.5081
16.3059
16.47
16.2079
16.2461
16.469
16.2311
16.2721
16.4971
16.233
16.3429
16.2709
16.3579
16.2771
16.3341
16.402
16.2871
16.3102
16.4871
16.3171
16.2981
16.423
16.4161
16.402
16.4912
16.4609
16.2711
16.4931
16.4371
16.382
16.346
16.5091
16.2671
16.4289
16.444
16.407
16.5319
16.3462
16.3651
16.3832
16.2539
16.4108
16.495
16.4211
16.4778
16.3269
16.3631
16.402
16.4938
16.4659
16.4359
16.3629
16.2458
16.4819
16.4819
16.5179
16.3429
16.3491
16.3178
16.3038
16.468
16.381
16.4499
16.4111
16.402
16.3829
16.495
16.3469
16.3872
16.2871
16.403
16.2699
16.4599
16.4802
16.4919
16.5141
16.412
16.3472
16.489
16.2511
16.4421
16.3391
16.326
16.3131
16.278
16.3171
16.432
16.474
16.3
16.33
16.3529
16.2299
16.4499
16.566
16.4778
16.2539
16.407
16.361
16.3438
16.3341
16.505
16.257
16.4261
16.52
16.3178
16.4449
16.413
16.2959
16.4089
16.4728
16.293
16.439
16.273
16.433
16.2921
16.4061
16.3929
16.295
16.32
16.526
16.4461
16.3879
16.3999
16.5179
16.506
16.506
16.4011
16.4089
16.2289
16.3791
16.52
16.3379
16.3381
16.4769
16.4108
16.309
16.345
16.407
16.5038
16.273
16.458
16.398
16.4461
16.4502
16.3939
16.444
16.3159
16.4511
16.381
16.5029
16.3169
16.402
16.422
16.4881
16.3982
16.232
16.232
16.4921
16.4101
16.475
16.3109
16.4359
16.4509
16.4869
16.4099
16.4919
16.4409
16.4571
16.402
16.4659
16.2299
16.4251
16.2539
16.386
16.3231
16.469
16.3779
16.427
16.3469
16.3019
16.4011
16.5629
16.2981
16.5019
16.314
