10.7999
11.1279
10.833
10.987
10.9701
10.8221
11.06
10.9818
11.0791
10.812
10.7009
10.9122
10.776
11.1489
11.019
10.6299
10.931
10.8249
10.879
10.617
10.8421
10.8569
10.9041
10.9789
10.7651
10.88
10.74
11.137
10.874
11.061
11.0519
10.7598
10.85
11.0071
10.968
10.874
11.09
11.126
10.7019
10.807
10.9959
11.0221
10.8249
10.9289
10.85
11.0099
10.9591
11.0919
10.8349
11.0071
10.7641
11.0002
11.075
11.0002
11.0531
11.0691
10.875
10.9231
10.865
11.086
11.1299
10.9239
10.838
11.0989
11.04
10.7679
11.07
11.0099
10.9012
10.7911
10.9372
10.9191
11.0028
10.833
10.8528
10.8771
10.792
11.1549
11.08
10.8018
10.694
10.9169
10.9701
11.0769
10.8209
11.116
11.091
10.9031
10.884
11.0259
10.7741
10.962
10.9301
11.0109
11.1079
10.937
10.618
10.9501
10.798
10.8149
11.1399
10.9909
11.003
11.0991
11.0378
10.956
10.9198
10.9589
10.8409
10.7269
10.6311
11.086
10.874
11.034
11.0571
11.06
11.0459
10.879
10.8709
10.7851
10.9401
10.6409
10.8871
10.823
10.9611
10.8571
10.9031
10.721
10.9861
10.926
10.9551
10.957
11.1551
10.9792
11.03
10.921
10.814
10.7841
10.8361
10.9191
10.8712
11.0281
10.9429
11.0641
10.983
10.884
10.9298
10.6778
10.9069
10.9479
10.9239
11.132
11.0261
10.9389
10.8311
10.9329
10.952
10.855
10.8378
11.0281
11.1179
10.771
10.977
10.987
10.8149
11.0469
10.8628
11.066
11.0359
10.6781
10.9761
11.1289
10.9959
10.9251
10.7548
11.0669
10.844
10.9529
10.9351
10.9899
10.9351
10.8359
10.8161
10.9279
10.9999
11.061
10.915
10.612
10.937
10.8922
11.0152
10.85
10.7951
11.0838
10.8271
10.8831
10.8469
10.7031
10.9179
10.8778
10.9839
11.066
10.9329
10.9751
10.9921
10.792
11.0459
11.0309
10.8612
11.1132
11.0571
10.848
10.8678
10.6649
10.7172
11.1392
10.8109
10.8099
11.0359
10.9501
10.957
10.85
11.05
10.8249
10.664
10.8969
10.855
10.8609
10.6809
10.8941
11.0979
10.8769
10.9241
10.865
10.8171
10.931
11.1332
11.014
10.781
10.91
10.9851
10.7582
11.1051
11.07
10.8931
10.968
10.9701
11.0161
10.7949
10.8309
10.879
11.066
11.0042
10.9639
10.6759
10.885
10.973
11.03
10.864
10.947
11.132
10.833
10.788
10.8371
10.828
10.9868
10.9041
11.0171
10.8581
10.607
11.023
10.8199
10.74
10.6318
10.7701
11.035
10.8721
11.0722
10.8669
10.7791
10.762
11.024
10.7381
10.6461
10.8371
10.963
10.9649
10.9129
10.8922
10.983
10.9582
10.8912
11.0929
10.9499
10.947
10.8681
10.8628
10.9749
11.023
11.045
11.0071
10.947
10.9661
10.8409
10.7799
10.92
10.885
10.9069
10.704
10.9348
11.0431
10.9379
10.9439
10.946
10.869
10.7679
10.9801
10.8709
10.7992
11.0362
10.8099
10.8769
11.0822
10.813
10.9251
10.9501
11.1482
10.7851
10.8211
11.1208
11.014
10.8171
10.602
10.746
11.0099
11.1082
11.1279
10.9138
10.7169
11.0869
11.0018
10.9451
10.8891
11.112
10.833
10.9849
11.0769
10.8209
10.9491
10.854
10.9921
10.8571
10.922
10.9422
10.669
10.9348
10.8631
11.03
10.9861
10.916
10.8991
10.9451
11.0211
10.901
10.906
10.906
10.843
11.039
10.797
10.8249
11.0691
11.018
10.8261
10.848
10.9119
10.6542
10.8478
10.824
10.7892
10.8609
10.916
10.906
11.061
10.7481
10.8941
10.9708
10.824
11.013
10.8609
11.004
11.05
10.85
11.0791
10.783
10.874
11.025
10.8101
10.9909
10.891
10.7441
10.9639
10.8831
10.994
11.0459
10.834
11.0159
10.7949
11.039
10.886
11.013
10.9758
10.715
10.762
11.0762
10.9141
10.694
10.711
11.0021
10.812
11.075
10.891
10.9429
10.916
10.7861
11.023
10.819
10.7911
11.029
11.0259
10.798
10.9971
10.7889
11.1091
10.8969
10.936
10.792
10.843
10.9258
11.0471
10.829
10.8089
11.0941
11.0269
10.638
11.1411
10.8161
11.0421
10.8628
11.008
10.988
10.9601
11.0121
10.8452
10.8168
10.8809
10.843
10.7641
11.0261
10.8299
11.1091
11.054
10.5908
10.9499
10.993
10.994
10.9429
10.757
10.9639
11.0469
10.8428
11.0402
10.932
10.8418
10.7579
11.0049
10.6831
11.143
10.9091
11.018
10.8669
10.978
10.9429
10.8421
10.8831
10.9551
10.8931
10.86
11.0681
10.9639
10.891
10.9479
10.8149
10.8879
10.7841
10.8409
10.7701
10.9658
11.06
10.8249
11.1079
