18.7762
18.476
18.522
18.6052
18.8811
18.6369
18.7259
18.5611
18.7609
18.6269
18.842
18.7151
18.8532
18.3959
18.6799
18.661
18.8811
18.7981
18.636
18.889
18.7931
18.3702
18.8491
18.635
18.492
18.8589
18.873
18.774
18.6551
18.6009
18.6229
18.7988
18.528
18.7371
18.6229
18.78
18.7039
18.4212
18.2331
18.7111
18.8642
18.852
18.8899
18.4629
18.6601
18.6939
18.6779
18.549
18.6081
18.7209
18.7669
18.7278
18.779
18.7321
18.9278
18.7061
18.687
18.5108
18.7252
18.553
18.8339
18.7531
18.8191
18.5261
18.9228
18.857
18.743
18.4371
18.9641
18.8079
18.7161
18.5339
18.7039
18.805
18.744
18.6131
18.723
18.8732
18.5699
18.5418
18.6992
18.79
18.786
18.7609
18.8632
18.6529
18.806
18.568
18.5401
18.8901
18.3241
18.7731
18.7919
18.6741
18.585
18.815
18.6491
18.652
18.564
18.4791
18.4879
18.8942
18.4851
18.6238
18.513
18.6119
18.8661
18.8029
18.4188
18.646
18.7821
18.7459
18.4929
18.543
18.6501
18.5351
18.8992
18.913
18.8172
18.5761
18.8122
18.9869
18.481
18.4789
18.8129
18.616
18.77
18.682
18.5511
18.786
18.63
18.647
18.5671
18.7142
18.6689
18.8019
18.693
18.6172
18.5089
18.831
18.847
18.63
18.8069
18.8301
18.5621
18.7891
18.79
18.8229
18.5311
18.811
18.9719
18.6422
18.7931
18.461
18.59
18.7459
18.868
18.574
18.846
18.6262
18.44
18.4939
18.8718
18.5061
18.811
18.7049
18.801
18.645
18.883
18.9579
18.6548
18.8379
18.6548
18.8911
18.6019
18.6288
18.9121
18.8172
18.913
18.8308
18.585
18.8541
18.6291
18.533
18.4979
18.5819
18.8279
18.765
18.7459
18.7721
18.7318
18.7569
18.398
18.7769
18.626
18.5301
18.4441
18.564
18.8041
18.5118
18.8041
18.5518
18.7221
18.4031
18.5728
18.9061
18.801
18.5711
18.857
18.831
18.9099
18.7991
18.949
18.805
18.501
18.6179
18.7941
18.4941
18.6708
18.7659
18.7762
18.759
18.5659
18.8892
18.4908
18.4171
18.846
18.461
18.919
18.6079
18.8129
18.5971
18.8229
18.6672
18.626
18.3749
18.8792
18.8122
18.563
18.822
18.5351
18.8611
18.4369
18.872
18.7891
18.6348
18.5301
18.5812
18.6059
18.8689
18.616
18.4131
18.8632
18.6729
18.5909
18.481
18.7581
18.6789
18.9259
18.6009
18.8339
18.6431
18.5192
18.6322
18.5239
18.5339
18.332
18.4019
18.698
18.8959
18.5459
18.8382
18.621
18.7421
18.8348
18.8389
18.6021
18.858
18.8329
18.5769
18.6162
18.6031
18.543
18.9159
18.7559
18.765
18.569
18.6958
18.7731
18.723
18.482
18.5921
18.9209
18.477
18.5199
18.4369
18.7969
18.5812
18.6291
18.677
18.6059
18.7631
18.707
18.61
18.4569
18.8289
18.43
18.96
18.892
18.6949
18.672
18.6992
18.5142
18.6
18.929
18.8551
18.6601
18.8549
18.6551
18.595
18.6019
18.513
18.657
18.6632
18.6839
18.914
18.8718
18.472
18.311
18.481
18.424
18.5251
18.6901
18.5299
18.868
18.8479
18.6028
18.6939
18.6689
18.7709
18.5809
18.9109
18.7049
18.5168
18.6181
18.604
18.806
18.8549
18.8129
18.6312
18.759
18.5201
18.764
18.6231
18.599
18.4369
18.815
18.873
18.5871
18.815
18.9328
18.9521
18.538
18.7621
18.76
18.8842
18.6691
18.9509
18.5552
18.805
18.4751
18.44
18.5108
18.7609
18.728
18.923
18.9321
18.595
18.5859
18.657
18.7201
18.6162
18.394
18.9669
18.827
18.6629
18.898
18.7199
18.7728
18.6701
18.743
18.8651
18.8739
18.7669
18.5869
18.8079
18.517
18.383
18.328
18.8532
18.728
18.7271
18.5282
18.636
18.7638
18.7969
18.77
18.6329
18.692
18.46
18.672
18.4779
18.508
18.5909
18.883
18.6481
18.2691
18.791
18.502
18.7571
18.6241
18.7252
18.501
18.5649
18.7049
18.9519
18.64
18.8699
18.784
18.4889
18.5111
18.6381
18.852
18.6779
18.7061
18.621
18.533
18.857
18.6679
18.645
18.5821
18.7671
18.826
18.8818
18.5461
18.7218
18.537
18.7171
18.5061
18.8839
18.5258
18.692
18.5349
18.887
18.6329
18.8761
18.892
18.862
18.7411
18.328
18.646
18.6589
18.847
18.5149
18.5659
18.8539
18.8081
18.544
18.3969
18.5819
18.754
18.8899
18.6329
18.3799
18.5261
18.6341
18.5502
18.5111
18.7399
18.7891
18.6019
18.8849
18.681
18.7671
18.661
18.692
18.8808
18.5971
18.852
18.6419
18.651
18.6789
18.5759
18.78
18.3818
18.8179
18.5931
18.8479
18.647
18.6589
