7.33709
7.31611
7.30586
7.30801
7.30991
7.30681
7.31301
7.32708
7.31921
7.29609
7.28893
7.31492
7.31492
7.29489
7.32207
7.31301
7.29609
7.32517
7.33399
7.30395
7.32517
7.3278
7.2999
7.31015
7.31611
7.29918
7.32207
7.30681
7.31087
7.30395
7.34019
7.32708
7.30205
7.29704
7.2968
7.303
7.32422
7.31301
7.29799
7.28798
7.30896
7.32303
7.30419
7.29799
7.31087
7.29918
7.303
7.29489
7.32088
7.30395
7.30205
7.29609
7.30109
7.29489
7.32398
7.31683
7.30181
7.29299
7.32803
7.32803
7.29895
7.30991
7.30801
7.31301
7.31301
7.30801
7.30991
7.31301
7.33113
7.31301
7.30085
7.3061
7.31111
7.30705
7.31683
7.32398
7.30681
7.29704
7.30109
7.30205
7.3061
7.29704
7.30681
7.30801
7.29609
7.31277
7.29799
7.30515
7.31492
7.31301
7.31707
7.31301
7.30181
7.32803
7.29489
7.32088
7.31421
7.31897
7.31111
7.30491
7.31087
7.31611
7.31897
7.30205
7.3092
7.31993
7.31111
7.31397
7.31778
7.31587
7.30896
7.31397
7.29895
7.31301
7.31087
7.30395
7.30896
7.31206
7.303
7.30109
7.30085
7.31206
7.32803
7.29895
7.30491
7.32303
7.30181
7.30491
7.30896
7.29799
7.30991
7.30991
7.32398
7.31611
7.30991
7.30205
7.33018
7.30395
7.31683
7.303
7.30419
7.30991
7.32183
7.31206
7.31611
7.33495
7.30014
7.303
7.303
7.29299
7.31087
7.31707
7.30801
7.32303
7.29418
7.31492
7.30896
7.31087
7.30109
7.31492
7.31301
7.30515
7.30801
7.29823
7.31301
7.31301
7.31611
7.32398
7.30395
7.30991
7.32017
7.30109
7.30419
7.32613
7.30681
7.29394
7.31087
7.3061
7.31516
7.29609
7.30801
7.30205
7.29418
7.29489
7.32017
7.30991
7.29799
7.3061
7.31516
7.30896
7.29895
7.3092
7.30205
7.31802
7.32589
7.31492
7.31111
7.30705
7.29108
7.28393
7.31015
7.30014
7.31802
7.31516
7.30395
7.31611
7.30491
7.31397
7.31301
7.2999
7.28393
7.29394
7.31015
7.29895
7.32803
7.31897
7.303
7.30896
7.31206
7.30801
7.28798
7.30801
7.30801
7.29704
7.30085
7.32708
7.30681
7.29799
7.32493
7.29108
7.29799
7.30109
7.32994
7.303
7.30681
7.30181
7.31087
7.29704
7.30515
7.31707
7.29799
7.31206
7.30705
7.31015
7.31516
7.28607
7.32207
7.31611
7.30896
7.30515
7.31707
7.30896
7.31611
7.30014
7.30109
7.31301
7.29895
7.29799
7.30801
7.30705
7.32398
7.31301
7.30705
7.31802
7.31707
7.29799
7.32493
7.31897
7.30705
7.30109
7.30395
7.30515
7.31921
7.29299
7.30395
7.29895
7.30085
7.31087
7.29394
7.31087
7.32613
7.30419
7.31707
7.30586
7.28798
7.31492
7.31993
7.30181
7.29895
7.31301
7.30205
7.30991
7.31182
7.32493
7.32088
7.31897
7.29799
7.303
7.3061
7.29322
7.31492
7.31516
7.303
7.30681
7.30515
7.31897
7.33304
7.31206
7.31587
7.30205
7.30896
7.32923
7.30705
7.31301
7.29799
7.3061
7.29299
7.30705
7.31397
7.29704
7.32303
7.32088
7.30395
7.30681
7.29799
7.29394
7.31301
7.30491
7.31897
7.32994
7.31015
7.30205
7.31301
7.31206
7.30395
7.29322
7.30515
7.32493
7.30586
7.31206
7.32684
7.3061
7.32017
7.31206
7.31301
7.31611
7.29895
7.29299
7.30586
7.28703
7.29609
7.32088
7.30205
7.29203
7.31707
7.31802
7.31611
7.31206
7.29895
7.2999
7.30395
7.303
7.32303
7.29895
7.29108
7.29299
7.31611
7.29609
7.29799
7.30705
7.30896
7.29704
7.30681
7.2999
7.31587
7.29299
7.30705
7.2999
7.31587
7.31301
7.303
7.339
7.32803
7.32088
7.32398
7.30085
7.30801
7.31111
7.31397
7.31897
7.32017
7.29203
7.29799
7.30896
7.32994
7.30801
7.30491
7.2999
7.30515
7.303
7.29704
7.30586
7.29895
7.3092
7.303
7.31182
7.30801
7.31492
7.28917
7.32899
7.28202
7.2968
7.31611
7.31182
7.32398
7.31492
7.31707
7.3061
7.29895
7.30515
7.31802
7.29585
7.29394
7.31897
7.30896
7.29799
7.31921
7.29108
7.32183
7.30491
7.31206
7.30515
7.31206
7.33209
7.31397
7.30419
7.30109
7.32303
7.30705
7.30896
7.303
7.30991
7.31897
7.30515
7.29394
7.303
7.30491
7.30419
7.30515
7.30491
7.29895
7.28703
7.29704
7.30896
7.30014
7.31707
7.29895
7.28989
7.30395
7.31897
7.30419
7.3092
7.32398
7.303
7.31897
7.30991
7.303
7.30395
7.30801
7.29609
7.31707
7.31802
7.2968
7.30395
7.32088
7.32398
7.31015
7.31802
7.30014
7.32207
7.30419
7.3061
7.29704
7.31421
7.31111
7.30085
7.2999
7.2968
7.30801
7.31993
7.2999
7.31206
7.30896
7.30491
7.29609
7.29513
7.31206
7.31111
7.31397
7.31111
7.31492
7.30586
7.30896
7.32303
7.3092
7.31707
7.31897
7.3061
7.3092
7.32112
7.32923
7.32207
7.31611
7.30085
7.30896
7.29704
7.31897
7.29609
7.30705
7.30705
7.33018
7.29609
7.31301
7.31421
7.30801
7.33519
7.31206
7.303
7.31087
7.31516
7.30109
7.31206
7.30705
7.29704
7.32994
7.31802
7.30491
7.29585
7.29799
7.31993
7.30801
7.31397
7.31397
7.30085
7.30801
7.31087
7.303
7.2999
7.3061
7.29609
7.32017
7.30515
7.31611
7.31802
7.31516
7.31492
7.30705
7.29799
7.31421
7.30515
7.31301
7.31206
7.33399
7.29489
7.34091
7.31897
7.32207
7.303
7.30705
7.30801
7.31301
7.31206
7.29704
7.31206
7.3061
7.31802
7.31301
7.31778
7.30705
7.31182
7.32708
7.33113
7.32684
7.30801
7.303
7.29704
7.3092
7.29489
7.3061
7.31111
7.31492
7.28106
7.31993
7.31492
7.32994
7.33113
7.32708
7.31802
7.30896
7.31087
7.32613
7.29513
7.33209
7.31206
7.31182
7.29895
7.29895
7.30801
7.32088
7.31111
7.31301
7.31587
7.32303
7.29895
7.31301
7.32303
7.33113
7.30491
7.32088
7.32303
7.31301
7.32303
7.30705
7.32684
7.31397
7.32017
7.32207
7.31087
7.32517
7.29609
7.2999
7.2968
7.29203
7.30419
7.31707
7.30491
7.32112
7.30419
7.31778
7.30515
7.32517
7.29394
7.3061
7.30991
7.30991
7.303
7.32613
7.31301
7.30395
7.31611
7.32708
7.32112
7.30705
7.30109
7.30801
7.33113
7.30395
7.31182
7.29108
7.31206
7.31397
7.30491
7.30896
7.30705
7.31015
7.30801
7.30681
7.31492
7.3061
7.31087
7.31683
7.30705
7.31802
7.29918
7.31397
7.29799
7.29489
7.33089
7.30705
7.3359
7.29918
7.33399
7.32017
7.32112
7.31611
7.31421
7.30515
7.31492
7.31611
7.32303
7.29895
7.31397
7.29895
7.30515
7.32183
7.30205
7.29609
7.32493
7.30395
7.30205
7.31206
7.31707
7.28917
7.29799
7.30181
7.30491
7.32017
7.30491
7.31015
7.3092
7.2999
7.30014
7.31897
7.31087
7.29609
7.31301
7.30586
7.30395
7.32803
7.29489
7.31492
7.31397
7.30705
7.33113
7.31802
7.32088
7.303
7.30109
7.29799
7.29203
7.30681
7.31587
7.30515
7.29609
7.29609
7.31301
7.31993
7.31111
7.29799
7.30991
7.30705
7.29203
7.29799
7.31897
7.30586
7.29299
7.32088
7.32088
7.2999
7.31802
7.28512
7.33209
7.30014
7.3061
7.31707
7.31182
7.31397
7.30109
7.29895
7.31301
7.30705
7.29799
7.30491
7.30801
7.30205
7.31421
7.30395
7.29704
7.30705
7.31182
7.30586
7.31993
7.30395
7.31492
7.31182
7.32112
7.29609
7.31611
7.30681
7.29704
7.28512
7.31421
7.30419
7.32112
7.31397
7.28607
7.32017
7.33113
7.30491
7.31587
7.31587
7.29799
7.28798
7.30395
7.30896
7.32088
7.30801
7.30181
7.30205
7.29895
7.31897
7.31182
7.29799
7.29704
7.31111
7.32303
7.31206
7.31707
7.29895
7.31897
7.29609
7.31206
7.30395
7.31301
7.31301
7.30085
7.30205
7.29609
7.30801
7.3092
7.303
7.31802
7.32088
7.32803
7.30395
7.31301
7.31611
7.3092
7.31111
7.31707
7.30181
7.2999
7.31492
7.30109
7.32112
7.30896
7.3061
7.31397
7.31611
7.339
7.30395
7.303
7.31707
7.30705
7.29108
7.30801
7.32088
7.32303
7.31301
7.30515
7.31897
7.32017
7.30991
7.31015
7.30896
7.29299
7.30705
7.30395
7.29394
7.31087
7.30801
7.3061
7.30896
7.31707
7.29895
7.30705
7.32303
7.31111
7.31015
7.30491
7.31111
7.31707
7.31301
7.31707
7.31611
7.32112
7.29203
7.30801
7.31397
7.3061
7.30705
7.30801
7.2999
7.30109
7.28297
7.30205
7.32708
7.29609
7.30705
7.29084
7.30181
7.31587
7.31182
7.31897
7.3061
7.31516
7.31492
7.31206
7.29918
7.3061
7.31206
7.30681
7.30205
7.30991
7.30205
7.31897
7.32398
7.29609
7.30181
7.33209
7.33304
7.33304
7.29299
7.29609
7.30395
7.303
7.30896
7.20596
7.27487
7.29799
7.32899
7.31397
7.29609
7.32112
7.31111
7.30991
7.28893
7.31421
7.30896
7.29299
7.31301
7.31587
7.30801
7.31301
7.32088
7.32493
7.31301
7.29394
7.30705
7.303
7.29895
7.29895
7.31206
7.30586
7.30586
7.29394
7.29513
7.32207
7.32493
7.31015
7.31397
7.30395
7.30395
7.31301
7.30705
7.31897
7.29609
7.31516
7.30014
7.31111
7.32207
7.30014
7.30109
7.33495
7.31421
7.30491
7.30205
7.31206
7.31993
7.32207
7.31111
7.32994
7.31277
7.29704
7.30681
7.32398
7.29394
7.31492
7.30085
7.33614
7.2999
7.30896
7.30705
7.30801
7.29895
7.31397
7.31421
7.31492
7.29799
7.30801
7.31397
7.29609
7.31397
7.33709
7.29918
7.31611
7.31087
7.31778
7.33495
7.30395
