4.96101
4.88377
4.87614
4.87018
4.87804
4.87304
4.89593
4.884
4.87781
4.8821
4.884
4.87304
4.87399
4.86302
4.86898
4.884
4.88091
4.88806
4.88806
4.87614
4.88305
4.90904
4.86183
4.87709
4.87804
4.86708
4.88687
4.89402
4.88687
4.87494
4.87399
4.86588
4.88997
4.85802
4.87781
4.86898
4.88901
4.87185
4.87494
4.879
4.87995
4.87804
4.87685
4.86803
4.87185
4.87995
4.89807
4.89902
4.87614
4.87185
4.8871
4.88901
4.86493
4.87304
4.87399
4.87995
4.88687
4.88687
4.88997
4.879
4.87614
4.87018
4.87804
4.87208
4.87804
4.87804
4.87804
4.87304
4.87685
4.8821
4.88496
4.88186
4.87709
4.89807
4.89593
4.89402
4.89187
4.8821
4.87518
4.88305
4.884
4.88901
4.87804
4.88496
4.87494
4.87614
4.86517
4.86779
4.87494
4.88114
4.88496
4.86898
4.8728
4.88615
4.879
4.879
4.89306
4.90785
4.86588
4.87614
4.8759
4.88687
4.86898
4.86898
4.90093
4.89998
4.86588
4.87518
4.89998
4.884
4.88687
4.87304
4.8759
4.88997
4.88305
4.88281
4.87399
4.88901
4.88186
4.86708
4.87804
4.88806
4.89783
4.89497
4.879
4.87709
4.8821
4.86588
4.86302
4.87399
4.88782
4.87208
4.87399
4.87304
4.88305
4.88305
4.88901
4.87804
4.86803
4.88901
4.90189
4.88901
4.87804
4.86588
4.86398
4.88997
4.87208
4.87399
4.89402
4.88615
4.87185
4.87709
4.90403
4.884
4.87089
4.86898
4.89092
4.90403
4.88281
4.879
4.87804
4.87089
4.86493
4.884
4.87614
4.86088
4.89902
4.86898
4.88496
4.88091
4.87685
4.86803
4.89092
4.86708
4.87614
4.87089
4.87208
4.87304
4.88496
4.87995
4.88496
4.88591
4.879
4.87399
4.88091
4.88186
4.87995
4.88997
4.89593
4.85802
4.87089
4.87018
4.86016
4.90189
4.87185
4.86398
4.89807
4.90093
4.88591
4.90189
4.879
4.89402
4.87804
4.87614
4.87614
4.87089
4.8759
4.86994
4.87399
4.89187
4.88114
4.87089
4.879
4.86898
4.88019
4.88782
4.86994
4.86803
4.87304
4.86588
4.89593
4.88591
4.86994
4.89807
4.86898
4.90189
4.879
4.88091
4.86612
4.89283
4.86493
4.87494
4.87614
4.89306
4.88091
4.89211
4.8728
4.86612
4.88114
4.87685
4.86803
4.88782
4.8821
4.8728
4.86517
4.89902
4.87089
4.86493
4.8821
4.88591
4.87614
4.89211
4.87185
4.88114
4.87995
4.87494
4.87518
4.87399
4.87614
4.87995
4.87113
4.87018
4.87804
4.86803
4.86588
4.90808
4.87709
4.87494
4.86684
4.87399
4.884
4.88305
4.884
4.86994
4.86803
4.87304
4.85611
4.88687
4.89902
4.87804
4.89187
4.87804
4.884
4.89616
4.87208
4.88305
4.90618
4.8902
4.87804
4.87089
4.86803
4.86779
4.87399
4.87995
4.86302
4.87709
4.86898
4.88591
4.88186
4.915
4.90499
4.87709
4.87614
4.86898
4.87304
4.87709
4.87494
4.88496
4.879
4.88091
4.87494
4.87685
4.89211
4.88687
4.87804
4.85992
4.87399
4.87781
4.86994
4.89616
4.88806
4.879
4.88901
4.87709
4.86994
4.884
4.88591
4.88901
4.89902
4.90618
4.87208
4.884
4.87208
4.88496
4.90808
4.879
4.86803
4.89497
4.87304
4.87709
4.88091
4.87018
4.86708
4.8759
4.89211
4.86517
4.91619
4.8821
4.89187
4.879
4.88091
4.87113
4.8871
4.88806
4.89306
4.86398
4.87781
4.879
4.88496
4.90594
4.86803
4.8759
4.92001
4.8759
4.86994
4.8871
4.86994
4.86779
4.87113
4.87781
4.89116
4.88877
4.90499
4.89092
4.86398
4.87113
4.884
4.89712
4.89783
4.87614
4.85611
4.8759
4.86207
4.87518
4.87685
4.85992
4.87113
4.86803
4.88496
4.86088
4.8821
4.88591
4.8821
4.87089
4.88305
4.88305
4.87614
4.884
4.86612
4.90284
4.88496
4.89712
4.88997
4.88496
4.87995
4.879
4.87518
4.884
4.879
4.87113
4.89998
4.86612
4.88806
4.884
4.87494
4.87995
4.88091
4.87494
4.884
4.88281
4.87804
4.87089
4.89998
4.87709
4.87208
4.87804
4.86898
4.89306
4.89497
4.86994
4.87185
4.88806
4.88997
4.89688
4.90689
4.88114
4.87685
4.86493
4.89807
4.87709
4.87089
4.87304
4.86898
4.86398
4.88687
4.88496
4.86684
4.89116
4.86898
4.86207
4.88782
4.86207
4.89306
4.87185
4.89092
4.88997
4.87995
4.86898
4.86994
4.88496
4.89306
4.86684
4.87399
4.88806
4.86898
4.87304
4.88687
4.90594
4.89116
4.86708
4.8852
4.89593
4.86994
4.87995
4.88687
4.8821
4.88901
4.87304
4.8759
4.87113
4.85897
4.87399
4.88091
4.88997
4.86207
4.884
4.86112
4.88782
4.87304
4.87614
4.88305
4.87304
4.8759
4.87304
4.8821
4.87804
4.879
4.884
4.86898
4.88806
