0.568151
0.287056
0.279903
0.28491
0.261784
0.259876
0.259876
0.259876
0.259876
0.259161
0.259161
0.260115
0.259876
0.259876
0.259876
0.259876
0.258923
0.260115
0.260115
0.260115
0.261068
0.258923
0.261068
0.259876
0.259876
0.259876
0.259876
0.259876
0.259161
0.260115
0.260115
0.259161
0.259876
0.259876
0.259876
0.259876
0.259876
0.260115
0.260115
0.260115
0.259161
0.259876
0.259876
0.26083
0.259876
0.259876
0.258923
0.258923
0.260115
0.260115
0.260115
0.260115
0.260115
0.258923
0.26083
0.261068
0.258923
0.259876
0.259876
0.262022
0.262022
0.261068
0.262022
0.260115
0.260115
0.260115
0.261068
0.260115
0.260115
0.260115
0.260115
0.261068
0.260115
0.260115
0.260115
0.260115
0.259876
0.259876
0.259876
0.260115
0.260115
0.260115
0.260115
0.261068
0.260115
0.260115
0.260115
0.259876
0.259876
0.261068
0.260115
0.259876
0.259876
0.259876
0.259876
0.259876
0.259876
0.260115
0.260115
0.260115
0.260115
0.261068
0.260115
0.260115
0.261068
0.260115
0.259876
0.259876
0.259876
0.259876
0.259876
0.259876
0.259876
0.259876
0.260115
0.260115
0.260115
0.260115
0.260115
0.260115
0.260115
0.259876
0.259876
0.261068
0.260115
0.260115
0.261068
0.260115
0.259876
0.261068
0.259876
0.260115
0.261068
0.260115
0.259876
0.261068
0.263929
0.260115
0.261068
0.260115
0.260115
0.260115
0.261068
0.260115
0.260115
0.261068
0.260115
0.261068
0.260115
0.260115
0.259876
0.261068
0.259876
0.261068
0.259876
0.259876
0.259876
0.26083
0.259876
0.259876
0.26083
0.259876
0.259876
0.26083
0.259876
0.26083
0.259876
0.26083
0.259876
0.259876
0.259876
0.26083
0.259876
0.26083
0.259876
0.259876
0.26083
0.259876
0.259876
0.261068
0.259876
0.260115
0.260115
0.261068
0.262022
0.259876
0.259876
0.261068
0.26083
0.259876
0.259876
0.260115
0.260115
0.260115
0.260115
0.260115
0.260115
0.260115
0.260115
0.260115
0.260115
0.259876
0.259876
0.259876
0.259876
0.259876
0.260115
0.260115
0.260115
0.260115
0.260115
0.261068
0.259161
0.260115
0.259876
0.259876
0.259876
0.263929
0.260115
0.261068
0.260115
0.260115
0.260115
0.260115
0.260115
0.260115
0.260115
0.260115
0.260115
0.259876
0.260115
0.259876
0.259876
0.259876
0.259876
0.259876
0.26083
0.259876
0.259876
0.259876
0.260115
0.261068
0.260115
0.260115
0.260115
0.261068
0.260115
0.260115
0.260115
0.260115
0.259876
0.259876
0.259876
0.261068
0.259876
0.259876
0.259876
0.259876
0.259876
0.260115
0.260115
0.260115
0.260115
0.260115
0.261068
0.260115
0.260115
0.260115
0.265121
0.260115
0.261068
0.260115
0.260115
0.260115
0.260115
0.259876
0.261068
0.260115
0.260115
0.259876
0.259876
0.259876
0.259876
0.259876
0.260115
0.260115
0.261068
0.261068
0.259876
0.260115
0.260115
0.260115
0.260115
0.260115
0.261068
0.259161
0.259876
0.261068
0.259876
0.259876
0.259876
0.259876
0.261068
0.259876
0.259876
0.259876
0.259876
0.259876
0.260115
0.260115
0.260115
0.260115
0.260115
0.259876
0.261068
0.261068
0.262022
0.26083
0.261068
0.259876
0.259876
0.259876
0.259876
0.259876
0.259876
0.26083
0.259876
0.259876
0.259876
0.260115
0.261068
0.260115
0.259161
0.261068
0.260115
0.260115
0.260115
0.261068
0.260115
0.259876
0.259876
0.259876
0.26083
0.259876
0.259876
0.259876
0.260115
0.260115
0.260115
0.260115
0.260115
0.260115
0.260115
0.260115
0.259876
0.261068
0.259876
0.259876
0.259876
0.259876
0.259876
0.260115
0.260115
0.260115
0.260115
0.261068
0.260115
0.261068
0.260115
0.260115
0.260115
0.261068
0.260115
0.260115
0.260115
0.259876
0.259876
0.259876
0.259876
0.261784
0.261068
0.262022
0.262022
0.259876
0.260115
0.260115
0.261068
0.260115
0.260115
0.260115
0.260115
0.261068
0.260115
0.260115
0.259876
0.259876
0.259876
0.259876
0.259876
0.260115
0.260115
0.261068
0.260115
0.260115
0.260115
0.260115
0.260115
0.259876
0.260115
0.259876
0.259876
0.259876
0.259876
0.26083
0.259876
0.259876
0.260115
0.260115
0.260115
0.260115
0.260115
0.260115
0.259876
0.261068
0.259876
0.259876
0.259876
0.259876
0.259876
0.261068
0.259876
0.260115
0.260115
0.260115
0.260115
0.260115
0.261068
0.260115
0.260115
0.260115
0.260115
0.259876
0.259876
0.262022
0.261068
0.261068
0.262022
0.259876
0.259876
0.259876
0.260115
0.260115
0.260115
0.260115
0.260115
0.260115
0.259876
0.259876
0.261068
0.260115
0.260115
0.259161
0.259876
0.259876
0.259876
0.259876
0.258923
0.260115
0.261068
0.259161
0.259161
0.260115
0.260115
0.259876
0.260115
0.259876
0.259876
0.259876
0.259876
0.259876
0.259876
0.259876
0.260115
0.260115
0.260115
0.260115
0.260115
0.260115
0.260115
0.261068
0.259161
0.260115
0.259876
0.258923
0.259876
0.259876
0.259876
0.259876
0.259876
0.260115
