161.578
121.179
121.761
118.464
117.758
115.012
127.201
121.46
123.542
127.231
141.645
132.693
127.202
125.702
139.689
143.253
124.033
122.96
122.778
143.975
132.092
128.939
129.665
130.891
134.845
133.701
136.754
141.805
136.16
139.737
139.279
136.23
152.559
153.445
150.844
159.733
161.46
158.4
163.842
158.802
160.851
161.59
169.712
162.756
160.984
160.013
167.409
164.036
163.09
164.272
170.917
164.473
163.223
163.38
164.86
163.205
161.291
161.897
161.886
162.306
163.5
162.248
161.912
161.021
162.44
161.137
160.184
159.964
159.203
161.066
161.827
161.638
160.492
159.921
161.325
160.857
160.4
159.996
159.39
162.077
162.086
161.422
160.433
161.837
160.359
161.966
160.058
160.655
161.472
160.555
160.994
160.163
161.306
160.989
160.809
162.7
161.806
160.872
160.106
159.75
