104.332
104.171
103.972
104.131
104.015
104.025
104.014
103.924
103.862
103.9
104.183
104.013
103.797
104.136
104.187
104.041
103.84
103.955
103.917
104.271
103.857
104.02
104.159
103.917
103.942
103.863
103.845
103.942
103.858
103.956
103.883
104.028
103.982
103.965
103.921
104.004
103.936
103.857
103.948
103.971
103.876
103.914
103.992
104.173
103.82
104.017
103.751
103.815
103.919
104.271
103.933
104.149
103.892
104.016
103.992
104.017
104.035
103.917
104.017
104.159
104.028
103.884
103.93
103.957
104.156
104.145
104.239
104.306
104.144
103.954
104.003
103.833
103.955
104.13
104.345
104.036
103.824
103.922
103.886
103.785
104.19
104.178
104.121
104.344
104.037
103.907
104.302
103.934
103.99
104.259
104.006
103.765
104.009
103.907
103.837
104.263
103.964
104.187
104.183
104.306
103.799
104.006
104.06
104.102
103.99
103.933
104.028
103.905
104.266
103.883
103.973
103.987
103.942
104.343
103.928
104.06
104.309
103.993
104.048
103.887
103.9
103.941
103.829
103.91
104.257
103.989
104.009
104.247
104.039
104.159
103.897
104.023
103.903
104.128
104.371
103.865
103.931
104.23
104.331
104.16
103.996
103.831
103.982
104.02
103.913
104.338
103.998
104
104.031
103.978
104.259
103.902
103.914
103.959
104.256
103.961
103.959
104.101
103.926
104.241
103.978
103.914
103.916
103.916
103.835
104.352
103.954
103.98
103.927
104.324
103.879
103.893
103.887
104.021
103.981
104.217
104.211
104.36
103.919
104.314
104.087
103.924
103.907
104.148
103.947
103.868
103.937
104.106
104.01
104.008
103.83
103.806
103.949
104.11
104.093
103.784
104.138
103.996
103.7
103.988
103.841
104.236
103.822
103.87
103.978
104.088
103.859
103.834
103.902
104.026
104.285
103.811
103.967
103.93
104.188
104.275
103.874
104.007
103.953
103.954
103.988
104.191
103.935
104.152
103.902
104.378
103.986
104.019
104.261
104.147
104.322
103.95
104.009
104.104
104.008
104.161
104.193
104.33
104.192
103.917
104.122
104.061
104.195
104.207
103.845
103.86
103.946
103.949
103.937
104.178
103.813
103.977
103.971
103.947
104.362
103.909
103.972
103.974
104.037
103.966
103.901
103.811
104.186
103.828
103.914
103.903
103.985
103.906
104.187
104.069
103.944
103.966
103.975
104.306
103.897
103.962
103.981
103.877
104.157
103.962
103.971
103.945
103.984
103.983
104.064
103.936
103.849
103.963
103.944
103.877
104.189
104.009
103.94
103.935
103.922
103.861
103.792
103.989
104.09
103.813
103.865
104.061
103.965
104.25
103.943
103.94
103.928
103.893
104.143
103.811
104.095
103.923
104.051
104.23
104.014
104.143
103.973
104.034
104.147
103.98
104.144
104.021
103.97
104.204
103.934
104.206
104.169
103.987
104.01
103.929
103.897
103.981
103.875
103.959
103.833
104.213
103.959
103.89
103.974
103.983
103.975
103.951
104.027
104.033
104.065
103.844
103.953
103.901
103.986
103.791
103.983
103.876
104.011
103.863
103.967
103.908
103.859
104.026
104.116
103.996
104.11
103.845
104.048
103.909
103.899
104.247
104.161
104.069
104.039
103.826
104.181
103.996
103.868
104.08
104.173
103.897
103.968
104.314
104.111
104.294
103.992
104.345
103.888
103.921
103.92
103.964
103.915
103.968
104.016
103.937
104.288
103.985
104.073
104.161
104.064
104.093
104.167
104.424
103.91
104.125
103.932
103.888
104.001
103.836
103.923
104.166
103.977
104.055
103.985
104.225
104.231
103.946
103.92
104.175
104.143
104.038
104.236
103.959
104.261
104.045
104.321
103.977
104.019
103.911
104.054
103.841
104.163
104.135
104.29
103.985
104.031
104.283
104.025
104.249
103.795
104.005
103.88
104.178
103.929
103.917
103.971
104.283
104.169
103.85
104.042
104.025
104.36
104.2
104.011
104.297
104.203
104.125
103.858
104.159
103.919
103.898
103.909
104.134
103.876
104.303
103.968
103.809
103.819
104.059
104.127
103.892
103.944
103.864
104.347
103.929
104.122
103.99
103.946
104.001
104.219
103.987
103.921
104.297
104.163
104.027
104.006
104.1
104.002
103.991
104.091
104.133
104.135
104.222
104.345
103.984
104.19
103.921
103.865
103.76
104.162
103.929
104.039
104.336
104.148
104.319
