9.91988
9.90701
10.3049
10.076
9.98878
9.974
10.534
9.85599
10.4859
10.334
10.2811
10.282
11.271
10.457
10.7739
10.3641
9.99093
10.1621
10.0498
10.185
10.371
9.7909
9.87911
10.0911
10.179
10.227
10.1068
10.154
10.185
10.1531
10.19
10.7272
10.268
9.81998
10.5362
9.9721
10.623
10.216
9.88483
10.8771
10.3881
10.046
10.2479
10.287
10.5422
10.123
10.1261
10.8531
10.566
10.0431
10.4671
10.386
10.3509
10.5331
10.0739
10.4401
10.196
10.139
10.427
10.133
10.0069
10.0601
10.0369
9.77898
10.4849
10.0601
10.263
10.489
10.6671
10.088
10.267
9.81903
10.7679
10.561
10.39
10.3588
10.237
10.025
9.78899
10.164
10.2382
10.2379
9.87697
10.6049
9.99403
10.416
10.0508
10.1521
10.088
10.39
10.036
10.4859
10.144
11.018
10.3531
10.0582
10.1671
10.417
10.1318
10.4761
10.1681
9.98688
10.1981
9.9709
10.433
10.0739
9.73797
10.272
10.5259
10.175
10.2248
10.047
9.66501
10.1969
10.4101
10.2289
10.083
10.072
9.85289
10.361
10.267
10.7939
10.036
10.1409
10.1759
10.077
10.803
10.2351
10.1321
10.4291
10.1569
9.91797
10.139
10.0739
10.159
10.195
10.1969
10.061
9.92298
10.761
9.91702
10.416
9.84693
10.164
9.92298
10.3092
10.3698
10.0551
9.96304
10.3571
9.93586
9.87911
9.84287
10.0949
10.6351
10.3462
10.0842
10.165
10.2749
10.3781
10.2222
10.231
10.1531
10.293
9.80687
9.99808
10.1058
9.92799
9.88913
10.2222
9.96113
10.2379
10.114
10.9379
10.21
10.0789
10.159
10.2661
10.6881
10.1371
10.242
10.0429
10.2289
9.98616
10.448
10.046
10.602
10.17
10.4558
10.0892
9.84192
9.99093
10.489
10.3128
10.4041
10.2029
10.6001
10.88
10.8578
10.3092
10.2999
10.1628
10.3791
10.206
10.0708
10.118
10.072
10.0729
9.9802
10.242
10.2479
10.1941
9.87887
9.95111
10.1342
10.0532
9.90486
10.272
10.715
9.902
10.2541
10.0989
10.1209
10.1151
10.509
10.051
10.042
9.91702
10.1759
10.0291
10.0858
10.1051
10.406
9.95302
10.0179
9.92608
10.0012
10.267
10.1011
10.8371
10.0451
10.3951
10.1509
10.309
10.4151
9.88483
9.96804
9.99284
10.251
9.89199
10.1099
10.215
10.541
9.94396
10.757
10.7789
10.1318
10.047
10.0992
10.663
9.84383
9.85718
10.0341
10.201
9.835
9.95994
9.7909
9.70006
10.7749
10.052
10.082
9.83596
10.2091
10.5011
10.69
9.97686
10.1221
10.3002
10.2179
10.3428
10.3102
10.2901
10.3319
10.0019
10.3199
10.3171
10.144
10.293
10.3822
9.91607
10.112
10.1242
10.0591
10.4539
11.1229
10.1769
10.191
10.0791
9.99379
10.2031
10.4232
9.79686
10.0441
10.278
10.2272
10.0701
10.0598
10.1211
10.0248
9.94802
10.2201
10.1779
10.0231
10.118
10.067
9.94015
10.1612
10.2141
10.1941
10.0691
10.5989
10.8531
10.4849
10.01
10.6242
10.3002
10.644
9.9349
10.0961
9.93204
10.1719
10.2291
10.047
10.108
10.0782
9.97519
10.0172
10.2119
10.6149
10.576
10.289
10.5278
9.93299
9.82809
10.0942
10.15
10.571
10.5078
9.94301
10.685
10.303
10.3149
10.1118
10.036
10.3302
9.95088
10.375
10.437
10.0601
9.94802
10.6161
10.4699
10.5422
10.0248
10.128
9.8269
10.1421
10.2959
10.1771
9.96804
9.88293
10.3159
10.283
10.0169
10.6351
9.88197
10.473
9.84192
9.8381
10.6709
10.2339
10.1399
10.2141
10.1418
10.3981
10.1061
9.99808
10.149
10.515
10.0698
10.258
9.89294
10.797
10.323
9.96709
9.80592
10.2229
10.123
10.231
10.4949
9.65285
9.8381
9.92417
10.206
10.2551
10.0439
10.0601
10.407
10.0679
9.80687
10.4079
10.3769
10.062
10.371
10.046
10.149
9.90701
10.278
9.77683
10.447
9.75108
10.2561
9.86791
10.704
10.1829
9.8691
10.4718
9.84406
10.3729
10.349
10.041
10.4752
10.2401
10.2639
10.0579
10.4201
10.1628
10.3612
9.90915
10.1049
10.087
10.1581
10.1562
10.1838
10.1361
10.0229
10.061
10.4899
10.2479
10.0429
10.272
10.0379
10.293
10.262
9.89699
10.3981
9.79996
10.474
10.0749
10.1111
10.1731
9.91607
10.211
10.0091
10.3281
10.1929
10.407
10.3118
10.4711
11.0428
10.1061
10.2458
10.1361
10.268
10.1018
10.1981
10.7961
10.011
10.2
10.287
10.2808
10.005
10.637
10.0989
10.0091
10.2482
10.3819
10.02
10.5128
10.2389
10.046
10.0222
10.1292
10.1509
10.1309
10.0641
10.1721
9.88483
10.3531
10.386
10.2282
10.154
10.051
9.88793
10.4241
9.97901
10.113
10.097
10.231
10.4439
10.0651
10.3331
10.1631
10.7019
9.88293
10.226
10.0091
10.0949
9.87601
10.3199
10.1309
10.581
10.087
9.92393
10.4089
10.329
10.359
9.97496
10.077
9.88197
10.3991
9.98902
10.0641
10.124
10.231
10.216
10.288
10.649
10.0341
9.97186
10.169
10.4358
9.86505
10.0729
10.1049
9.763
10.4189
9.758
10.5011
9.99713
10.3319
9.91011
10.4189
9.92298
10.4971
10.118
10.0911
9.93299
10.0679
9.78494
10.0191
9.94802
9.95612
10.1609
9.87887
9.86791
10.3881
10.04
10.5422
10.0961
10.308
10.0689
10.0739
10.282
10.313
10.493
10.288
10.1218
9.75513
10.3102
10.2432
10.0532
10.046
10.3738
10.7059
9.67598
10.2921
10.6452
9.74083
9.96614
9.95708
10.1259
10.2789
9.96399
10.365
10.051
10.241
10.412
10.134
9.96304
10.293
9.96113
10.1209
10.0031
10.1058
10.464
10.0751
10.0338
10.061
10.149
9.91988
10.175
9.96399
10.427
10.0479
10.402
10.3691
10.313
10.3881
9.87482
10.092
9.89795
9.85789
10.4849
10.3629
10.149
10.0939
10.1719
10.227
10.0341
10.087
10.2382
9.95684
10.077
9.91201
10.0279
10.6161
10.4561
10.468
10.1321
9.89079
10.452
10.3579
10.0601
10.242
10.2458
10.062
10.031
10.0291
10.38
9.95612
9.794
9.90891
9.99618
10.1511
10.103
10.2592
10.1659
10.0579
9.81784
10.4811
10.2038
10.1659
9.97996
10.5071
10.4532
10.1731
10.0908
10.1051
10.1089
10.098
10.005
10.205
10.076
10.0169
10.01
10.1569
10.519
9.95779
10.0851
10.15
10.5419
10.2458
10.011
10.2401
10.179
9.94492
9.99093
10.0241
9.86195
9.83
9.92298
10.211
9.90009
10.0439
9.9051
10.1519
9.95111
10.1011
10.1299
10.437
9.92894
10.103
10.257
10.617
10.0141
10.0501
10.1779
10.1202
10.2592
9.92513
10.0529
9.96995
10.35
10.092
10.4859
10.093
10.1111
10.674
10.2069
10.402
9.88984
9.91797
9.83286
10.129
10.7059
10.1252
9.99999
10.015
10.746
10.0501
10.1678
10.4151
9.97877
10.5391
10.1931
10.1972
10.066
10.396
10.1469
10.154
10.2959
9.96804
10.2479
10.6671
9.99713
10.3629
10.133
10.2379
10.1368
10.107
10.196
10.4451
10.164
9.97519
10.319
10.705
10.5491
10.1709
9.85098
10.7009
10.0091
10.3359
10.01
10.0579
10.0489
10.318
10.098
11.0149
10.2079
9.86505
10.3638
10.21
10.1039
10.273
10.195
10.1819
9.89103
10.016
10.0598
10.159
9.83596
9.97186
10.083
10.134
9.99498
10.03
10.052
10.0019
10.0291
10.222
9.85003
10.2949
10.129
10.5569
10.1459
10.4291
9.99379
10.0892
10.184
10.51
9.88102
9.89079
9.87697
10.3202
10.0272
9.98807
10.2239
10.3691
9.99713
10.2389
10.4179
10.206
10.211
10.0291
10.1769
10.293
10.2971
10.1731
10.484
10.3738
10.4191
10.0141
9.95708
10.0131
10.1919
10.1249
10.4141
10.1969
10.118
9.938
10.1888
10.1349
10.355
10.03
10.2558
10.3409
10.3412
9.91583
9.88603
9.97686
10.4601
10.211
10.695
10.3488
10.0431
10.1428
10.421
9.89389
9.96399
10.3049
10.056
10.0479
10.083
10.5019
10.1311
10.2439
10.2551
10.1562
10.155
10.0222
9.85694
9.86505
9.81092
10.4449
10.067
10.0389
10.0939
10.025
9.974
10.1039
10.129
10.298
10.066
10.0329
10.8781
9.91797
10.0989
9.85885
10.1511
10.489
10.1981
9.97806
9.88388
10.2661
10.1659
10.148
10.3662
11.657
10.0119
10.004
9.83095
10.1199
10.448
10.056
10.061
10.3412
10.318
10.088
10.304
10.3848
10.0632
10.0052
10.921
9.91201
10.1371
10.1638
9.77397
10.242
10.138
10.119
9.57894
9.79996
9.99808
9.97305
9.78088
10.195
10.5
10.021
10.7269
10.159
10.715
9.70101
10.663
10.0222
9.9349
10.0338
9.74393
10.6289
10.339
9.99093
10.3371
10.3509
9.97281
10.201
9.69195
10.1681
10.2139
9.6941
10.3738
10.438
9.96995
10.4549
9.87601
10.3471
10.0751
10.098
9.96494
10.2608
10.17
10.447
10.5109
10.1001
10.0121
10.5119
9.83691
9.86409
9.94182
10.565
10.376
10.325
10.3588
9.91011
10.0741
10.484
9.98688
10.155
10.252
9.86004
10.134
9.94802
10.1321
10.1211
10.4489
10.0119
10.2849
10.2661
10.0319
10.361
9.969
10.371
10.1252
10.0079
9.85599
9.727
10.1678
9.90319
9.96304
9.89199
10.443
10.3669
10.73
10.165
10.7849
10.3271
10.571
10.046
10.149
10.386
10.2041
