27.0429
14.9131
14.8568
14.8258
14.848
14.8809
14.9779
14.8191
14.8251
14.858
14.8799
14.8699
14.8399
14.837
14.822
14.8568
14.8408
14.828
14.941
14.8599
14.9791
14.9601
14.838
14.8249
14.8211
14.8721
14.858
14.9379
14.8752
14.8289
14.864
14.874
14.8492
14.8411
14.858
14.8351
14.9429
14.8208
14.8289
14.957
14.8339
14.8551
14.847
14.8501
14.883
14.8401
14.828
14.8251
14.8389
14.9341
14.8869
14.823
14.8261
14.8382
14.817
14.9782
14.8261
14.854
14.9732
14.8849
14.895
14.8489
14.8549
14.8251
14.8709
14.8649
14.853
14.869
14.8339
14.956
14.812
14.863
14.8301
14.8301
14.8489
14.858
14.833
14.823
14.8549
14.8339
14.8768
14.878
14.8449
14.8389
14.9319
14.8859
14.8392
14.8661
14.833
14.838
14.833
14.8711
14.8499
14.8349
14.837
14.859
14.925
14.8442
14.843
14.8571
14.842
14.9658
14.854
14.9801
14.9729
14.858
14.853
14.863
14.8551
14.8489
14.8499
14.828
14.828
14.8849
14.853
14.8129
14.8411
14.8652
14.864
15.017
14.909
14.884
14.8759
14.8311
14.838
14.838
14.852
14.8599
14.8878
14.8559
14.8299
14.8609
14.8361
14.9281
14.8749
14.837
14.8692
14.852
14.832
14.8439
14.8618
14.832
14.838
14.8361
14.848
14.864
14.8339
14.8499
14.9522
14.8499
14.8458
14.847
14.8752
14.8499
14.888
14.869
14.899
14.8661
14.951
14.8621
14.8659
14.9708
14.9589
14.8551
14.859
14.8618
14.9708
14.8439
14.811
14.8602
14.8559
14.8339
14.873
14.8251
14.817
14.9648
14.8859
14.8561
14.9221
14.8571
14.8559
14.8749
14.863
14.8611
14.852
14.8511
14.883
14.8981
14.8242
14.848
14.8442
14.9541
14.8489
14.8451
14.8859
14.9269
14.8401
14.8809
14.8692
14.8571
14.864
14.8752
14.873
14.8311
14.838
14.9109
14.9829
14.9171
14.9531
14.848
14.822
14.806
14.837
14.843
14.8549
14.854
14.8399
14.8642
14.883
14.838
14.842
14.9081
14.9181
14.89
14.838
14.8408
14.852
14.8041
14.9682
14.9999
14.7948
14.854
14.858
14.8282
14.827
14.863
14.894
14.8699
14.9
14.848
14.9801
14.879
15.0239
14.9379
14.8518
14.859
14.8699
14.9341
14.971
14.873
14.8709
14.8461
14.8411
14.848
14.863
14.884
14.9989
14.8811
14.8039
14.8418
14.894
14.8761
14.8771
14.8439
14.8818
14.8509
14.8282
14.8489
14.873
14.8861
14.8139
14.8361
14.894
14.838
14.9481
14.847
14.8342
14.842
14.828
14.8511
14.8191
14.8251
14.884
14.811
14.873
14.8621
14.884
14.8649
14.899
14.8549
14.8339
14.9639
14.812
14.8711
14.914
14.828
14.822
14.8799
14.8361
14.8652
14.8239
14.9689
14.863
14.8509
14.8208
14.8492
14.843
14.8129
14.8439
14.9951
14.8301
14.873
14.8721
14.869
14.843
14.8659
14.848
14.8549
14.8289
14.8661
14.807
14.8499
14.8592
14.8499
14.895
14.8849
14.8292
14.8501
14.878
14.8449
14.8492
14.8549
14.827
14.8339
14.9341
14.8351
14.8549
14.8578
14.8349
14.879
14.8389
14.848
14.8759
14.8392
14.8399
14.9379
14.8332
14.9441
14.864
14.854
14.8771
14.8749
14.8821
14.8149
14.802
14.8091
14.832
14.847
14.972
14.874
14.873
14.8211
14.8249
14.956
14.8561
14.853
14.883
14.807
14.8551
14.8511
14.859
14.842
14.8182
14.837
14.95
14.8501
14.8201
14.8959
14.8449
14.8051
14.848
14.8671
14.931
14.8621
14.8692
14.838
14.854
14.8861
14.8561
14.8389
14.8509
14.8509
14.8191
14.8621
14.9701
14.8611
14.842
14.878
14.8451
14.8349
14.8849
14.8671
14.8561
14.8721
14.8211
14.8909
14.884
14.9019
14.8311
14.9779
14.8542
14.859
14.8211
14.8389
14.8458
14.8411
14.9622
14.8308
14.8239
14.8561
14.823
14.828
14.8621
14.8339
14.8411
14.8191
14.8411
14.9119
14.8308
14.8909
14.889
14.8461
14.9019
14.843
14.858
14.8661
14.8511
14.847
14.854
14.9381
14.8499
14.8339
14.8439
14.8258
14.8098
14.8692
14.8349
14.843
14.8399
14.8618
14.843
14.818
14.8292
14.894
14.847
14.8511
14.8361
14.837
14.946
14.926
14.8489
14.8191
14.858
14.847
14.8401
14.8411
14.8399
14.8299
14.8561
14.8342
14.853
14.9701
14.879
14.8571
14.9381
14.863
14.8439
14.8211
14.847
14.8351
14.842
14.874
14.8079
14.8408
14.8699
14.8339
14.889
14.8671
14.854
14.847
14.8308
14.8411
14.884
14.858
14.8361
14.8401
14.8649
14.858
14.8659
14.9062
14.9
14.8661
14.955
14.9801
14.8129
14.8232
14.982
14.852
14.8439
14.873
14.9009
14.837
14.858
14.9291
14.8382
14.894
14.9212
14.832
14.8461
14.8349
14.848
14.8449
14.935
14.8799
14.8308
14.858
14.8568
14.8759
14.8621
14.957
14.833
14.8711
14.8251
14.889
14.957
14.8449
14.8158
14.9028
14.8351
14.987
14.972
14.8561
14.8981
14.8549
14.828
14.8389
14.8392
14.8649
14.8299
14.9238
14.7951
14.8711
14.8511
14.909
14.873
14.8911
14.8571
14.883
14.8692
14.869
14.8668
14.8408
14.8559
14.8139
14.8871
14.8799
14.843
14.8699
14.8489
14.8921
14.8809
14.8759
14.8652
14.951
14.936
14.972
14.8542
14.9779
14.8401
14.873
14.904
14.854
14.8418
14.9851
14.8411
14.962
14.782
14.842
14.951
14.7901
14.7991
14.863
14.8401
14.8351
14.842
14.822
14.8911
14.8089
14.9488
14.8349
14.8442
14.8239
14.8492
14.8489
14.847
14.8401
14.817
14.8182
14.847
14.8609
14.8449
14.9741
14.7989
14.8039
14.8151
14.8439
14.9519
14.8141
14.915
14.8821
14.8342
14.8559
14.8659
14.8151
14.863
14.879
14.8659
14.9539
14.869
14.833
14.8852
14.858
14.8489
14.8308
14.8551
14.8652
14.9069
14.8282
14.8489
14.8661
14.8711
14.8408
14.8368
14.8311
14.9291
14.9741
14.8621
14.848
14.822
14.9758
14.8189
14.8382
14.8859
14.8621
14.9741
14.884
14.8761
14.8361
14.853
14.8389
14.827
14.837
14.9701
14.854
14.8749
14.8649
14.981
14.8911
14.8439
14.8311
14.842
14.782
14.957
14.8778
14.8358
14.8909
14.837
14.883
14.8561
14.8501
14.863
14.8289
14.838
14.859
14.828
14.8308
14.8878
14.8609
14.8501
14.879
14.8101
14.8702
14.9438
14.888
14.873
14.8451
14.8458
14.859
14.9481
14.8389
14.863
14.8571
14.962
14.848
14.8849
14.842
14.8191
14.8151
14.869
14.859
14.8668
14.832
14.8499
14.9832
14.9319
14.884
14.8549
14.8571
14.9682
14.8859
14.941
14.854
14.8771
14.858
14.806
14.8451
14.853
14.8342
14.838
14.8771
14.8041
14.8671
14.9701
14.991
14.853
14.868
14.852
14.8301
14.8211
14.874
14.8959
14.8361
14.868
14.8401
14.8411
14.843
14.8041
14.889
14.786
14.946
14.8661
14.8139
14.868
14.873
14.833
14.909
14.828
14.9598
14.8258
14.8239
14.873
14.842
14.9078
14.8349
14.8692
14.8509
14.8449
14.832
14.8511
14.8592
14.8909
14.837
14.8609
14.8759
14.8668
14.848
14.8349
14.8499
14.9741
14.863
14.832
14.883
14.8711
14.868
14.8129
14.864
14.8771
14.869
14.8699
14.9539
14.8802
14.8449
14.905
14.854
14.9622
14.8399
14.863
14.842
14.883
14.8079
14.786
14.8499
14.8602
14.966
14.8551
14.966
14.8239
14.8668
14.8709
14.8561
14.9651
14.843
14.972
14.9331
14.9031
14.9779
14.8859
14.8451
14.9581
14.8621
14.8461
14.8399
14.8242
14.864
14.884
14.8439
14.8611
14.8251
14.8339
14.89
14.8349
14.842
14.852
14.879
14.888
14.8962
14.818
14.883
14.9808
14.8289
14.8749
14.997
14.822
14.816
14.797
14.883
14.8602
14.8561
14.864
14.8301
14.8389
14.858
14.854
14.8561
14.883
14.8551
14.859
14.9832
14.848
14.8339
14.828
14.863
14.8561
14.8201
14.843
14.8711
14.8349
14.8399
14.8242
14.8489
14.9641
14.8489
14.817
14.8451
14.9651
14.8771
14.9629
14.842
14.8029
14.853
14.8792
14.863
14.8699
14.8318
14.8411
14.8549
14.8501
14.8301
14.8959
14.8959
14.8699
14.8339
14.859
14.8509
14.863
14.842
14.9751
14.8759
14.8389
14.956
14.848
14.853
14.852
14.842
14.8549
14.843
14.8041
14.8041
14.838
14.8561
14.9441
14.8461
14.8401
14.8449
14.868
14.884
15.0042
14.811
14.9128
14.8599
14.879
14.884
14.8239
14.8921
14.8311
14.842
14.8752
14.806
14.8571
14.847
14.8702
14.8699
14.8671
14.8571
14.811
14.8458
14.854
14.8251
14.827
14.8361
14.8401
14.8339
14.9
14.9899
14.9062
14.971
14.8702
14.863
14.8661
14.853
14.868
14.868
14.8771
14.8389
14.8721
14.8201
14.9431
14.8611
14.9009
14.874
14.858
14.8549
14.823
14.823
14.854
14.853
14.838
14.842
14.818
14.8599
14.9138
14.9479
14.8332
14.874
14.833
14.8618
14.8392
14.818
14.8659
14.8361
14.8501
14.8439
14.859
14.853
14.8759
14.8299
14.9131
14.9271
14.8289
14.8511
14.8401
14.833
14.817
14.8382
14.945
14.863
14.873
14.8292
14.8561
14.8129
