17.2288
10.392
10.499
10.432
10.4091
10.417
10.4299
10.4899
10.3822
9.27496
7.4451
7.42698
7.44605
7.43294
7.44915
7.4451
7.42698
7.43794
7.4389
7.42793
7.42912
7.43389
7.4389
7.42579
7.43389
7.44104
7.43103
7.43985
7.42888
7.43413
7.4439
7.43985
7.43794
7.43413
7.43413
7.43103
7.4141
7.43294
7.43198
7.4451
7.43389
7.42793
7.46107
7.4451
7.44009
7.43604
7.44295
7.442
7.43794
7.447
7.43103
7.4501
7.45296
7.43389
7.43604
7.44295
7.42817
7.4451
7.45201
7.442
7.44891
7.43818
7.42888
7.43198
7.43794
7.4451
7.45201
7.45511
7.44009
7.44295
7.43389
7.45416
7.4389
7.44295
7.44319
7.43794
7.45416
7.43794
7.4358
7.44796
7.43699
7.4439
7.442
7.43794
7.44295
7.44319
7.447
7.43008
7.43413
7.4451
7.447
7.45511
7.43389
7.447
7.46012
7.44605
7.43604
7.44414
7.43294
7.43699
7.4501
7.44009
7.43103
7.44414
7.43103
7.43699
7.43818
7.43794
7.44486
7.43794
7.44104
7.442
7.442
7.44796
7.44414
7.4389
7.43198
7.43389
7.45106
7.44295
7.4451
7.43198
7.44319
7.43508
7.43699
7.442
7.43818
7.45702
7.447
7.43699
7.42888
7.44295
7.44796
7.45511
7.43103
7.45106
7.43008
7.43413
7.44104
7.4501
7.42602
7.44009
7.44796
7.43008
7.43508
7.43914
7.442
7.43103
7.43008
7.4451
7.42912
7.42888
7.43794
7.43413
7.42912
7.43508
7.43508
7.42912
7.43508
7.44104
7.43604
7.43699
7.43699
7.44605
7.43318
7.43008
7.43294
7.44295
7.43413
7.43604
7.43699
7.44009
7.4389
7.42483
7.42793
7.43103
7.4389
7.43389
7.43914
7.44009
7.42292
7.42888
7.41982
7.44081
7.43389
7.44605
7.43604
7.45702
7.447
7.447
7.44104
7.43723
7.44581
7.44987
7.42984
7.45487
7.43818
7.4389
7.442
7.43794
7.43794
7.442
7.43699
7.45893
7.4451
7.43914
7.42912
7.4389
7.43484
7.4389
7.45106
7.44605
7.4439
7.44796
7.44319
7.43794
7.44796
7.43294
7.43699
7.43794
7.44295
7.4501
7.43318
7.43294
7.43914
7.43604
7.44104
7.43604
7.4358
7.4389
7.4439
7.43103
7.44581
7.44987
7.4389
7.43604
7.43604
7.44295
7.44104
7.442
7.44104
7.43818
7.46107
7.4451
7.43008
7.43794
7.447
7.4451
7.43794
7.43604
7.44796
7.45296
7.442
7.4501
7.44009
7.42412
7.43508
7.4389
7.44009
7.44987
7.43008
7.45201
7.44009
7.42292
7.442
7.43794
7.43389
7.44104
7.442
7.43699
7.43818
7.43699
7.447
7.44891
7.44009
7.43198
7.4501
7.43699
7.43794
7.43413
7.44104
7.43103
7.45988
7.43318
7.4451
7.45988
7.43914
7.44414
7.44891
7.43604
7.44796
7.44295
7.43294
7.4358
7.43604
7.44486
7.43604
7.43914
7.43389
7.4482
7.44891
7.43103
7.442
7.4439
7.4439
7.43699
7.43985
7.44987
7.46298
7.43103
7.43914
7.42984
7.42984
7.43794
7.442
7.43198
7.4389
7.42698
7.44104
7.45296
7.44319
7.43794
7.43008
7.43318
7.447
7.4451
7.44796
7.42817
7.43103
7.447
7.44081
7.44295
7.44295
7.44486
7.43604
7.43604
7.43699
7.44486
7.43008
7.43699
7.44009
7.43198
7.44104
7.43794
7.44295
7.45106
7.44605
7.4482
7.44295
7.43699
7.4439
7.447
7.43985
7.44891
7.43699
7.43294
7.4389
7.44104
7.44796
7.442
7.44796
7.442
7.43484
7.44486
7.43794
7.43103
7.43699
7.44414
7.44891
7.44891
7.44104
7.45201
7.43699
7.44605
7.442
7.44104
7.4501
7.42483
7.44486
7.43222
7.45106
7.44605
7.44891
7.43484
7.44081
7.442
7.45392
7.4451
7.44104
7.4389
7.4501
7.43794
7.43484
7.43985
7.42984
7.43508
7.43413
7.43914
7.44009
7.44891
7.43294
7.44009
7.4389
7.43389
7.44295
7.43198
7.43198
7.44104
7.442
7.442
7.4532
7.442
7.44009
7.43198
7.44796
7.42888
7.44581
7.4439
7.44009
7.4501
7.44295
7.44987
7.45702
7.4501
7.4439
7.44104
7.447
7.42888
7.45893
7.45106
7.4358
7.43699
7.44891
7.44486
7.44104
7.43699
7.43604
7.45106
7.43985
7.4439
7.44104
7.45106
7.45606
7.44009
7.442
7.44486
7.43985
7.45702
7.43413
7.44295
7.44295
7.44486
7.43294
7.43508
7.45201
7.44605
7.4439
7.44009
7.4451
7.43794
7.45106
7.44796
7.42793
7.43604
7.43508
7.43103
7.44319
7.44104
7.442
7.43294
7.43604
7.44295
7.44486
7.447
7.43604
7.45416
7.44486
7.44891
7.43818
7.43794
7.442
7.43389
7.44796
7.43508
7.44104
7.4451
7.43794
7.43985
7.43699
7.44414
7.43794
7.44295
7.44081
7.44081
7.43985
7.44581
7.43508
7.43794
7.43103
7.43079
7.44605
7.43985
7.43484
7.4389
7.447
7.43294
7.43198
7.42793
7.44891
7.44295
7.4358
7.43508
7.43294
7.44605
7.44796
7.44796
7.4389
7.43103
7.44295
7.43508
7.442
7.447
7.43413
7.43294
7.44009
7.4501
7.44009
7.45201
7.43914
7.44796
7.44081
7.42793
7.44987
7.4451
7.4451
7.42912
7.43508
7.4389
7.44581
7.43294
7.447
7.45106
7.43699
7.442
7.43604
7.43198
7.43604
7.4501
7.43914
7.44796
7.43699
7.43699
7.43699
7.43508
7.4451
7.42197
7.44104
7.44987
7.44486
7.442
7.44605
7.44009
7.45201
7.44581
7.4439
7.43318
7.44486
7.43294
7.44009
7.44915
7.43294
7.44104
7.44581
7.43604
7.43508
7.43508
7.43985
7.4439
7.4439
7.44009
7.43914
7.44891
7.45583
7.4501
7.43914
7.442
7.4358
7.4389
7.44081
7.43604
7.43604
7.43198
7.447
7.44295
7.42984
7.44605
7.42888
7.44915
7.43914
7.45797
7.44915
7.44295
7.43484
7.45296
7.447
7.43604
7.43699
7.45392
7.44891
7.44605
7.43818
7.43699
7.44104
7.44796
7.447
7.43604
7.4451
7.4451
7.44605
7.44891
7.4389
7.44605
7.44295
7.44104
7.44605
7.4439
7.442
7.44796
7.43604
7.43699
7.4389
7.43985
7.4501
7.442
7.45606
7.44605
7.46417
7.43604
7.43198
7.44796
7.45511
7.447
7.43699
7.44486
7.42483
7.43294
7.43723
7.43699
7.42912
7.42912
7.43103
7.45416
7.43198
7.44319
7.44295
7.45177
7.44605
7.44891
7.442
7.43508
7.43604
7.43794
7.44414
7.43699
7.44581
7.44319
7.45201
7.4501
7.45106
7.447
7.42197
7.42602
7.442
7.43389
7.43818
7.442
7.43699
7.44486
7.4501
7.44104
7.4389
7.4451
7.43604
7.43008
7.42912
7.4451
7.43294
7.43198
7.43604
7.43198
7.442
7.44009
7.45106
7.44486
7.43198
7.44295
7.442
7.44987
7.442
7.43389
7.43604
7.4389
7.447
7.44796
7.43413
7.442
7.43484
7.43818
7.44605
7.43604
7.43318
7.43389
7.45201
7.4439
7.43699
7.42602
7.43604
7.43914
7.45296
7.4389
7.45201
7.44295
7.44605
7.45106
7.43103
7.45082
7.44581
7.44009
7.45082
7.43389
7.43389
7.44891
7.43604
7.4358
7.43294
7.44605
7.46083
7.43413
7.43914
7.44104
7.43508
7.43389
7.43508
7.44009
7.442
7.42698
7.44295
7.4439
7.44295
7.43985
7.43794
7.43699
7.4482
7.45988
7.44295
7.44104
7.43318
7.43604
7.46012
7.43699
7.447
7.442
7.43723
7.4389
7.4439
7.43914
7.45201
7.43413
7.44295
7.43604
7.44009
7.44104
7.43794
7.43508
7.43699
7.4439
7.44319
7.43103
7.43413
7.44605
7.42793
7.45201
7.42292
7.43604
7.43699
7.43818
7.43389
7.45296
7.43198
7.45201
7.44915
7.43294
7.4501
7.44009
7.4389
7.44891
7.43604
7.43914
7.45296
7.43699
7.447
7.43794
7.44295
7.44915
7.43699
7.44104
7.43222
7.43699
7.43604
7.44987
7.43389
7.4451
7.43508
7.43508
7.43008
7.42912
7.43985
7.42602
7.43794
7.44104
7.447
7.44605
7.43103
7.43318
7.45392
7.44581
7.4389
7.44295
7.44796
7.43914
7.4389
7.44295
7.43008
7.44009
7.46012
7.44987
7.43604
7.42888
7.43985
7.42602
7.43294
7.4439
7.44414
7.4439
7.43818
7.43794
7.43604
7.4389
7.442
7.442
7.46679
7.44295
7.44104
7.4532
7.44486
7.43198
7.44295
7.45082
7.43604
7.44987
7.44295
7.44104
7.4451
7.43604
7.43818
7.44987
7.45296
7.43794
7.4389
7.43699
7.43794
7.44319
7.43103
7.44605
7.43699
7.44891
7.44605
7.45606
7.44581
7.43985
7.45511
7.4451
7.4439
7.44081
7.4389
7.43914
7.43699
7.44414
7.43604
7.44104
7.4451
7.44104
7.442
7.44295
7.44414
7.43914
7.43699
7.442
7.4451
7.43604
7.45201
7.44295
7.44915
7.43794
7.4439
7.44009
7.43103
7.43794
7.4389
7.43985
7.447
7.45296
7.43985
7.44605
7.44104
7.44295
7.43604
7.43103
7.43699
7.43699
7.43604
7.45416
7.43699
7.447
7.4439
7.44915
7.43604
7.45392
7.44104
7.4439
7.447
7.42602
7.43508
7.43699
7.43294
7.43008
7.43508
7.43604
7.42888
7.45487
7.43484
7.43794
7.43914
7.42698
7.43794
7.43508
7.43818
7.43294
7.43699
7.43604
7.447
7.43103
7.43198
7.43484
7.42483
7.44891
7.4439
7.44009
7.44605
7.44891
7.42984
7.4439
7.42698
7.44987
7.43294
7.4501
7.43914
7.44104
7.43198
7.442
7.4451
7.4439
7.43318
7.43699
7.45416
7.43413
7.44605
7.4389
7.44319
7.42698
7.43699
7.43484
7.43699
7.43604
7.44104
7.44295
7.44104
7.43818
7.43794
7.45296
7.43794
7.4451
7.44414
7.442
7.442
7.43699
7.44009
7.44009
7.442
7.442
