12.176
4.96292
4.94695
4.96697
4.96507
4.96006
4.95791
4.951
4.96912
4.97293
4.96793
4.95315
4.97389
4.96888
4.96888
4.96221
4.96984
4.96888
4.96292
4.95505
4.96411
4.94814
4.96387
4.95696
4.97103
4.97222
4.95195
4.96316
4.96006
4.96602
4.96912
4.94814
4.96292
4.96984
4.95195
4.96507
4.95815
4.96101
4.95815
4.97389
4.96316
4.96006
4.97103
4.49777
3.45993
3.46518
3.45898
3.46422
3.46088
3.46184
3.46303
3.46303
3.41892
3.41201
3.407
3.41511
3.41392
3.40986
3.40796
3.40796
3.407
3.39198
3.39389
3.39198
3.37791
3.3741
3.37315
3.3741
3.37005
3.37505
3.3772
3.37505
3.38006
3.37315
3.38197
3.371
3.37386
3.37291
3.38101
3.37481
3.37911
3.3741
3.37505
3.37601
3.37386
3.37696
3.38197
3.37696
3.37505
3.37887
3.37887
3.37815
3.3741
3.37505
3.37601
3.37505
3.37315
3.37887
3.37505
3.37195
3.3741
3.37887
3.37481
3.37481
3.37386
3.37601
3.38292
3.37195
3.3741
3.37911
3.37291
3.37815
3.3741
3.35908
3.36313
3.36313
3.35908
3.371
3.37696
3.37696
3.37696
3.38006
3.38507
3.38316
3.38101
3.38507
3.37911
3.37911
3.38292
3.37911
3.3772
3.36909
3.37005
3.37315
3.36599
3.3679
3.37005
3.36814
3.36599
3.36981
3.36695
3.37315
3.37696
3.371
3.371
3.36981
3.36504
3.36599
3.36194
3.35979
3.35598
3.35908
3.36003
3.36099
3.36099
3.36003
3.36504
3.35693
3.36409
3.36194
3.36599
3.35789
3.36003
3.36099
3.36099
3.36194
3.35693
3.36003
3.36504
3.36003
3.36003
3.36218
3.36313
3.35693
3.35813
3.36099
3.35789
3.36099
3.36599
3.36194
3.35813
3.36313
3.36313
3.36504
3.36289
3.36003
3.35693
3.36099
3.36695
3.35908
3.35884
3.3648
3.36099
3.36003
3.36313
3.36409
3.35908
3.36099
3.36099
3.36003
3.36003
3.36194
3.3679
3.36409
3.36313
3.36194
3.36599
3.3679
3.3648
3.36289
3.35908
3.36385
3.36218
3.36504
3.36289
3.36099
3.36194
3.36289
3.35979
3.36289
3.36123
3.36289
3.36194
3.36099
3.36885
3.35884
3.36123
3.36409
3.36194
3.36099
3.36099
3.36289
3.36599
3.36289
3.36099
3.36313
3.36099
3.35717
3.35908
3.36504
3.36003
3.35908
3.36885
3.35979
3.3679
3.36218
3.36003
3.36099
3.36003
3.36695
3.36218
3.36409
3.36003
3.36099
3.36313
3.36504
3.36313
3.36218
3.35789
3.36385
3.36719
3.35693
3.36194
3.36099
3.36385
3.37195
3.35813
3.36099
3.36003
3.36385
3.36385
3.36099
3.36289
3.35503
3.36409
3.35908
3.36409
3.36099
3.36003
3.36099
3.36599
3.36409
3.36194
3.35884
3.36504
3.36504
3.35908
3.36099
3.36719
3.36099
3.36385
3.36289
3.36003
3.36218
3.36695
3.35884
3.36194
3.36313
3.36385
3.36695
3.36313
3.35908
3.36003
3.36194
3.35908
3.36599
3.36599
3.36099
3.36504
3.36099
3.36695
3.36385
3.36099
3.35789
3.36194
3.36003
3.36218
3.36289
3.36289
3.37005
3.35813
3.36504
3.35813
3.36099
3.35908
3.36599
3.36289
3.35884
3.36194
3.371
3.37601
3.37195
3.37982
3.37386
3.3741
3.3741
3.37601
3.371
3.37291
3.37505
3.37291
3.37219
3.36909
3.37505
3.37696
3.371
3.37291
3.37505
3.37911
3.38101
3.38316
3.38006
3.371
3.37696
3.37601
3.3741
3.37601
3.37601
3.3741
3.3741
3.37505
3.38101
3.37696
3.371
3.37791
3.371
3.371
3.37601
3.37386
3.37195
3.37291
3.37195
3.37696
3.37291
3.37911
3.3741
3.37505
3.3741
3.3741
3.37791
3.3772
3.37601
3.37005
3.36719
3.37195
3.37386
3.37005
3.37291
3.37005
3.37696
3.37291
3.37696
3.38197
3.38292
3.37887
3.3741
3.37601
3.37315
3.37291
3.37291
3.3772
3.37195
3.37601
3.37791
3.37696
3.3772
3.37291
3.37386
3.37481
3.37481
3.37219
3.38197
3.37505
3.3741
3.37505
3.371
3.37696
3.37696
3.371
3.37195
3.3772
3.37696
3.37911
3.37291
3.371
3.3741
3.3741
3.37386
3.37887
3.37601
3.37481
3.37505
3.371
3.3741
3.37505
3.37696
3.371
3.37195
3.37195
3.37815
3.37386
3.37386
3.36981
3.36885
3.37696
3.37601
3.3741
3.3741
3.37315
3.36289
3.36289
3.36099
3.35908
3.36385
3.36504
3.36194
3.36599
3.36003
3.35908
3.36099
3.36313
3.36909
3.36003
3.36099
3.36504
3.36814
3.37195
3.36289
3.36504
3.36099
3.35884
3.36099
3.35813
3.36409
3.36599
3.36099
3.36194
3.36099
3.36099
3.36313
3.36003
3.36504
3.35979
3.36194
3.36313
3.36099
3.3648
3.36385
3.36289
3.36814
3.36504
3.36814
3.36194
3.36099
3.36194
3.35979
3.35884
3.36194
3.36194
3.36289
3.36218
3.36289
3.36194
3.3648
3.36194
3.36194
3.36599
3.35503
3.36003
3.36003
3.36218
3.36003
3.36099
3.36194
3.35693
3.35789
3.371
3.36099
3.36289
3.36814
3.36099
3.36313
3.36385
3.36003
3.36409
3.35908
3.36003
3.36599
3.36385
3.36695
3.35908
3.36003
3.35908
3.36218
3.36099
3.36218
3.35908
3.36599
3.371
3.36909
3.36003
3.37005
3.36623
3.36385
3.371
3.37601
3.3741
3.37601
3.3772
3.3741
3.37505
3.37601
3.37291
3.37386
3.37815
3.371
3.37601
3.37505
3.371
3.37791
3.37005
3.37696
3.37005
3.37291
3.37911
3.37005
3.37911
3.37911
3.38101
3.37601
3.37601
3.37601
3.38101
3.38078
3.38197
3.38006
3.38411
3.38411
3.38006
3.37911
3.37505
3.36695
3.36695
3.36504
3.36814
3.36194
3.3679
3.36599
3.37195
3.37505
3.36599
3.3679
3.36909
3.36814
3.36814
3.371
3.37315
3.36385
3.3648
3.35789
3.36003
3.36409
3.36099
3.36385
3.36289
3.36313
3.36599
3.36409
3.36218
3.36099
3.36313
3.3679
3.36099
3.36003
3.36385
3.35789
3.36099
3.3679
3.36409
3.36313
3.36504
3.36599
3.37791
3.37315
3.37601
3.3741
3.37195
3.3741
3.38006
3.37601
3.37577
3.37291
3.37315
3.38292
3.38507
3.37291
3.37505
3.37887
3.37601
3.38006
3.37601
3.37005
3.3741
3.37315
3.37505
3.37315
3.37791
3.37696
3.37601
3.37696
3.37696
3.37696
3.37696
3.37601
3.37219
3.37291
3.37195
3.37505
3.371
3.37791
3.37481
3.37291
3.37505
3.37386
3.37601
3.37601
3.37791
3.37982
3.37386
3.37887
3.37696
3.37601
3.37601
3.37005
3.37505
3.37505
3.37601
3.37005
3.37505
3.37505
3.37505
3.37505
3.37505
3.371
3.37291
3.37791
3.37291
3.38197
3.37291
3.37601
3.37005
3.3741
3.37696
3.37315
3.37195
3.3741
3.38101
3.37386
3.37601
3.37887
3.37696
3.3741
3.37315
3.37291
3.37481
3.37291
3.37315
3.37505
3.3741
3.37195
3.38292
3.37696
3.37291
3.3741
3.37601
3.3772
3.37005
3.37696
3.38197
3.37291
3.3741
3.37505
3.37696
3.37601
3.38101
3.36981
3.37887
3.37577
3.38197
3.38101
3.3741
3.37696
3.37911
3.37911
3.37005
3.37505
3.37815
3.37601
3.37315
3.37291
3.37005
3.36909
3.37005
3.38197
3.37601
3.37291
3.3741
3.37601
3.3648
3.36599
3.36194
3.36099
3.35908
3.35884
3.36289
3.36504
3.35908
3.35979
3.3648
3.36289
3.36218
3.36599
3.36313
3.36003
3.36313
3.36003
3.36218
3.36289
3.36099
3.36194
3.36504
3.36313
3.35813
3.36599
3.36504
3.35884
3.36289
3.35908
3.35908
3.36719
3.36003
3.36409
3.36194
3.36409
3.36409
3.36313
3.36289
3.36099
3.35693
3.36099
3.36409
3.36409
3.36504
3.36409
3.36695
3.36099
3.35884
3.36194
3.36814
3.36313
3.36504
3.36409
3.36504
3.36289
3.35789
3.36313
3.36099
3.35979
3.36599
3.36409
3.36099
3.36599
3.35908
3.36504
3.36599
3.3679
3.36313
3.36695
3.35884
3.36385
3.36218
3.36099
3.36194
3.35789
3.36099
3.3679
3.36599
3.36289
3.36218
3.36599
3.3648
3.35884
3.36099
3.36599
3.36385
3.36123
3.36504
3.36313
3.37911
3.37601
3.37696
3.37291
3.36885
3.371
3.37601
3.3772
3.37791
3.38101
3.38292
3.37195
3.37195
3.371
3.38602
3.38697
3.37601
3.371
3.37291
3.37696
3.3741
3.3741
3.37982
3.37505
3.37791
3.37481
3.37481
3.37386
3.36981
3.37696
3.37815
3.37291
3.37291
3.37219
3.37696
3.371
3.37791
3.37219
3.36909
3.37195
3.37887
3.37315
3.37505
3.37601
3.37195
3.37601
3.37195
3.36385
3.36099
3.36599
3.36313
3.35908
3.36003
3.36289
3.3679
3.36599
3.36099
3.36289
3.3679
3.36313
3.36313
3.36194
3.36623
3.35884
3.36289
3.36194
3.36194
3.35813
3.36504
3.36289
3.36218
3.35908
3.36289
3.36099
3.35908
3.36313
3.36194
3.36003
3.36385
3.35979
3.36289
3.36719
3.36313
3.37005
3.37291
3.37005
3.37791
3.37481
3.37887
3.38411
3.38602
3.38602
3.38006
3.38483
3.38387
3.38507
3.38411
3.37791
3.38197
3.38197
3.38197
3.38006
3.38387
3.37601
3.37791
3.38483
3.38292
3.38197
3.37887
3.38888
3.38101
3.38078
3.38387
3.38411
3.37505
3.37696
3.38602
3.38101
3.38292
3.371
3.37791
3.37791
3.37911
3.37505
3.3741
3.37696
3.37505
3.37696
3.3741
3.37291
3.37791
3.38197
3.37481
3.37696
3.37696
3.371
3.37291
3.37911
3.37601
3.39103
3.37696
3.37696
3.37601
3.37195
3.37815
3.37696
3.3741
3.37315
3.37291
3.37481
3.38197
3.3741
3.37791
3.37696
3.37791
3.37481
3.37481
3.36885
3.37696
3.37315
3.37601
3.37505
