112.783
102.235
102.208
102.38
102.419
102.499
102.127
102.28
102.519
102.367
102.468
102.874
102.493
102.297
102.352
102.607
102.252
102.532
102.482
103.127
102.307
102.385
102.132
102.295
102.299
102.776
102.524
102.268
102.654
102.673
102.396
102.344
102.769
102.837
102.17
102.367
102.5
102.491
102.351
102.587
102.515
102.887
102.532
102.122
102.092
102.556
102.386
102.481
102.155
102.188
102.32
102.182
102.395
102.467
102.443
102.362
102.755
102.385
102.386
102.288
102.591
102.447
102.265
102.187
102.084
102.409
102.502
102.501
102.28
102.232
102.373
102.681
102.192
102.337
102.643
102.203
102.226
102.246
102.237
102.445
102.385
102.33
102.476
102.638
102.532
103.006
102.798
102.669
102.322
102.284
102.497
102.725
102.91
102.28
102.413
102.463
102.418
102.461
102.377
102.531
