6.72801208496093750000000000000000
6.71180534362792968750000000000000
6.69561624526977539062500000000000
6.67944717407226562500000000000000
6.66329669952392578125000000000000
6.64716529846191406250000000000000
6.63105297088623046875000000000000
6.61495780944824218750000000000000
6.59888315200805664062500000000000
6.58282709121704101562500000000000
6.56678867340087890625000000000000
6.55077028274536132812500000000000
6.53477048873901367187500000000000
6.51878976821899414062500000000000
6.50282812118530273437500000000000
6.48688364028930664062500000000000
6.47095966339111328125000000000000
6.45505428314208984375000000000000
6.43916654586791992187500000000000
6.42329883575439453125000000000000
6.40745019912719726562500000000000
6.39162015914916992187500000000000
6.37580919265747070312500000000000
6.36001586914062500000000000000000
6.34424257278442382812500000000000
6.32848787307739257812500000000000
6.31275081634521484375000000000000
6.29703378677368164062500000000000
6.28133583068847656250000000000000
6.26565694808959960937500000000000
6.24999618530273437500000000000000
6.23435354232788085937500000000000
6.21873092651367187500000000000000
6.20312738418579101562500000000000
6.18754100799560546875000000000000
6.17197465896606445312500000000000
6.15642738342285156250000000000000
6.14089918136596679687500000000000
6.12538957595825195312500000000000
6.10989761352539062500000000000000
6.09442567825317382812500000000000
6.07897233963012695312500000000000
6.06353712081909179687500000000000
6.04812192916870117187500000000000
6.03272533416748046875000000000000
6.01734733581542968750000000000000
6.00198841094970703125000000000000
5.98664712905883789062500000000000
5.97132635116577148437500000000000
5.95602369308471679687500000000000
5.94073915481567382812500000000000
5.92547464370727539062500000000000
5.91022872924804687500000000000000
5.89500188827514648437500000000000
5.87979364395141601562500000000000
5.86460304260253906250000000000000
5.84943246841430664062500000000000
5.83428096771240234375000000000000
5.81914710998535156250000000000000
5.80403327941894531250000000000000
5.78893804550170898437500000000000
5.77386188507080078125000000000000
5.75880479812622070312500000000000
5.74376487731933593750000000000000
5.72874498367309570312500000000000
5.71374416351318359375000000000000
5.69876098632812500000000000000000
5.68379783630371093750000000000000
5.66885375976562500000000000000000
5.65392827987670898437500000000000
5.63902139663696289062500000000000
5.62413263320922851562500000000000
5.60926389694213867187500000000000
5.59441375732421875000000000000000
5.57958126068115234375000000000000
5.56476879119873046875000000000000
5.54997491836547851562500000000000
5.53520059585571289062500000000000
5.52044439315795898437500000000000
5.50570631027221679687500000000000
5.49098825454711914062500000000000
5.47628879547119140625000000000000
5.46160697937011718750000000000000
5.44694519042968750000000000000000
5.43230247497558593750000000000000
5.41767835617065429687500000000000
5.40307331085205078125000000000000
5.38848590850830078125000000000000
5.37391853332519531250000000000000
5.35936975479125976562500000000000
5.34483909606933593750000000000000
5.33032798767089843750000000000000
5.31583595275878906250000000000000
5.30136251449584960937500000000000
5.28690814971923828125000000000000
5.27247142791748046875000000000000
5.25805473327636718750000000000000
5.24365711212158203125000000000000
5.22927665710449218750000000000000
5.21491670608520507812500000000000
5.20057535171508789062500000000000
5.18625259399414062500000000000000
5.17194890975952148437500000000000
5.15766286849975585937500000000000
5.14339733123779296875000000000000
5.12914991378784179687500000000000
5.11492061614990234375000000000000
5.10071134567260742187500000000000
5.08652067184448242187500000000000
5.07234859466552734375000000000000
5.05819559097290039062500000000000
5.04406070709228515625000000000000
5.02994537353515625000000000000000
5.01584911346435546875000000000000
5.00177049636840820312500000000000
4.98771142959594726562500000000000
4.97367191314697265625000000000000
4.95965051651000976562500000000000
4.94564867019653320312500000000000
4.93166399002075195312500000000000
4.91769981384277343750000000000000
4.90375375747680664062500000000000
4.88982629776000976562500000000000
4.87591791152954101562500000000000
4.86202907562255859375000000000000
4.84815883636474609375000000000000
4.83430719375610351562500000000000
4.82047367095947265625000000000000
4.80665969848632812500000000000000
4.79286479949951171875000000000000
4.77908754348754882812500000000000
4.76533079147338867187500000000000
4.75159215927124023437500000000000
4.73787260055541992187500000000000
4.72417211532592773437500000000000
4.71048879623413085937500000000000
4.69682598114013671875000000000000
4.68318176269531250000000000000000
4.66955566406250000000000000000000
4.65594911575317382812500000000000
4.64236116409301757812500000000000
4.62879228591918945312500000000000
4.61524248123168945312500000000000
4.60171031951904296875000000000000
4.58819818496704101562500000000000
4.57470464706420898437500000000000
4.56122922897338867187500000000000
4.54777336120605468750000000000000
4.53433656692504882812500000000000
4.52091836929321289062500000000000
4.50751924514770507812500000000000
4.49413776397705078125000000000000
4.48077630996704101562500000000000
4.46743345260620117187500000000000
4.45410871505737304687500000000000
4.44080352783203125000000000000000
4.42751741409301757812500000000000
4.41425037384033203125000000000000
4.40100193023681640625000000000000
4.38777112960815429687500000000000
4.37456035614013671875000000000000
4.36136817932128906250000000000000
4.34819412231445312500000000000000
4.33504009246826171875000000000000
4.32190465927124023437500000000000
4.30878782272338867187500000000000
4.29569005966186523437500000000000
4.28261041641235351562500000000000
4.26955032348632812500000000000000
4.25650930404663085937500000000000
4.24348592758178710937500000000000
4.23048210144042968750000000000000
4.21749734878540039062500000000000
4.20453166961669921875000000000000
4.19158458709716796875000000000000
4.17865562438964843750000000000000
4.16574621200561523437500000000000
4.15285587310791015625000000000000
4.13998317718505859375000000000000
4.12713050842285156250000000000000
4.11429643630981445312500000000000
4.10148143768310546875000000000000
4.08868503570556640625000000000000
4.07590675354003906250000000000000
4.06314802169799804687500000000000
4.05040836334228515625000000000000
4.03768682479858398437500000000000
4.02498435974121093750000000000000
4.01230144500732421875000000000000
3.99963712692260742187500000000000
3.98699164390563964843750000000000
3.97436404228210449218750000000000
3.96175599098205566406250000000000
3.94916725158691406250000000000000
3.93659591674804687500000000000000
3.92404484748840332031250000000000
3.91151237487792968750000000000000
3.89899873733520507812500000000000
3.88650393486022949218750000000000
3.87402701377868652343750000000000
3.86156988143920898437500000000000
3.84913182258605957031250000000000
3.83671140670776367187500000000000
3.82431077957153320312500000000000
3.81192922592163085937500000000000
3.79956626892089843750000000000000
3.78722238540649414062500000000000
3.77489614486694335937500000000000
3.76258969306945800781250000000000
3.75030231475830078125000000000000
3.73803281784057617187500000000000
3.72578287124633789062500000000000
3.71355199813842773437500000000000
3.70133996009826660156250000000000
3.68914651870727539062500000000000
3.67697119712829589843750000000000
3.66481566429138183593750000000000
3.65267896652221679687500000000000
3.64055991172790527343750000000000
3.62846088409423828125000000000000
3.61638069152832031250000000000000
3.60431933403015136718750000000000
3.59227681159973144531250000000000
3.58025217056274414062500000000000
3.56824731826782226562500000000000
3.55626130104064941406250000000000
3.54429316520690917968750000000000
3.53234505653381347656250000000000
3.52041554450988769531250000000000
3.50850486755371093750000000000000
3.49661302566528320312500000000000
3.48473930358886718750000000000000
3.47288513183593750000000000000000
3.46104979515075683593750000000000
3.44923257827758789062500000000000
3.43743491172790527343750000000000
3.42565608024597167968750000000000
3.41389632225036621093750000000000
3.40215516090393066406250000000000
3.39043211936950683593750000000000
3.37872886657714843750000000000000
3.36704421043395996093750000000000
3.35537767410278320312500000000000
3.34373092651367187500000000000000
3.33210277557373046875000000000000
3.32049369812011718750000000000000
3.30890345573425292968750000000000
3.29733109474182128906250000000000
3.28577852249145507812500000000000
3.27424454689025878906250000000000
3.26272892951965332031250000000000
3.25123262405395507812500000000000
3.23975539207458496093750000000000
3.22829699516296386718750000000000
3.21685743331909179687500000000000
3.20543599128723144531250000000000
3.19403409957885742187500000000000
3.18265104293823242187500000000000
3.17128586769104003906250000000000
3.15994048118591308593750000000000
3.14861416816711425781250000000000
3.13730645179748535156250000000000
3.12601757049560546875000000000000
3.11474680900573730468750000000000
3.10349559783935546875000000000000
3.09226322174072265625000000000000
3.08104896545410156250000000000000
3.06985449790954589843750000000000
3.05867862701416015625000000000000
3.04752159118652343750000000000000
3.03638362884521484375000000000000
3.02526354789733886718750000000000
3.01416301727294921875000000000000
3.00308156013488769531250000000000
2.99201798439025878906250000000000
2.98097419738769531250000000000000
2.96994924545288085937500000000000
2.95894289016723632812500000000000
2.94795560836791992187500000000000
2.93698620796203613281250000000000
2.92603659629821777343750000000000
2.91510581970214843750000000000000
2.90419292449951171875000000000000
2.89329981803894042968750000000000
2.88242554664611816406250000000000
2.87157011032104492187500000000000
2.86073350906372070312500000000000
2.84991502761840820312500000000000
2.83911609649658203125000000000000
2.82833600044250488281250000000000
2.81757402420043945312500000000000
2.80683159828186035156250000000000
2.79610800743103027343750000000000
2.78540349006652832031250000000000
2.77471756935119628906250000000000
2.76404976844787597656250000000000
2.75340151786804199218750000000000
2.74277210235595703125000000000000
2.73216080665588378906250000000000
2.72156929969787597656250000000000
2.71099638938903808593750000000000
2.70044255256652832031250000000000
2.68990731239318847656250000000000
2.67939043045043945312500000000000
2.66889286041259765625000000000000
2.65841436386108398437500000000000
2.64795374870300292968750000000000
2.63751292228698730468750000000000
2.62709093093872070312500000000000
2.61668753623962402343750000000000
2.60630321502685546875000000000000
2.59593701362609863281250000000000
2.58559036254882812500000000000000
2.57526254653930664062500000000000
2.56495261192321777343750000000000
2.55466246604919433593750000000000
2.54439115524291992187500000000000
2.53413867950439453125000000000000
2.52390503883361816406250000000000
2.51368951797485351562500000000000
2.50349354743957519531250000000000
2.49331641197204589843750000000000
2.48315739631652832031250000000000
2.47301793098449707031250000000000
2.46289753913879394531250000000000
2.45279574394226074218750000000000
2.44271278381347656250000000000000
2.43264794349670410156250000000000
2.42260289192199707031250000000000
2.41257643699645996093750000000000
2.40256834030151367187500000000000
2.39257955551147460937500000000000
2.38260984420776367187500000000000
2.37265872955322265625000000000000
2.36272668838500976562500000000000
2.35281252861022949218750000000000
2.34291815757751464843750000000000
2.33304238319396972656250000000000
2.32318496704101562500000000000000
2.31334710121154785156250000000000
2.30352807044982910156250000000000
2.29372763633728027343750000000000
2.28394627571105957031250000000000
2.27418303489685058593750000000000
2.26443934440612792968750000000000
2.25471448898315429687500000000000
2.24500775337219238281250000000000
2.23532056808471679687500000000000
2.22565221786499023437500000000000
2.21600270271301269531250000000000
2.20637202262878417968750000000000
2.19675946235656738281250000000000
2.18716645240783691406250000000000
2.17759227752685546875000000000000
2.16803622245788574218750000000000
2.15849995613098144531250000000000
2.14898228645324707031250000000000
2.13948345184326171875000000000000
2.13000369071960449218750000000000
2.12054181098937988281250000000000
2.11109972000122070312500000000000
2.10167622566223144531250000000000
2.09227085113525390625000000000000
2.08288526535034179687500000000000
2.07351851463317871093750000000000
2.06417036056518554687500000000000
2.05484127998352050781250000000000
2.04553008079528808593750000000000
2.03623867034912109375000000000000
2.02696609497070312500000000000000
2.01771163940429687500000000000000
2.00847649574279785156250000000000
1.99926054477691650390625000000000
1.99006319046020507812500000000000
1.98088443279266357421875000000000
1.97172451019287109375000000000000
1.96258378028869628906250000000000
1.95346188545227050781250000000000
1.94435846805572509765625000000000
1.93527388572692871093750000000000
1.92620849609375000000000000000000
1.91716194152832031250000000000000
1.90813398361206054687500000000000
1.89912474155426025390625000000000
1.89013481140136718750000000000000
1.88116359710693359375000000000000
1.87221097946166992187500000000000
1.86327719688415527343750000000000
1.85436248779296875000000000000000
1.84546673297882080078125000000000
1.83658945560455322265625000000000
1.82773101329803466796875000000000
1.81889176368713378906250000000000
1.81007134914398193359375000000000
1.80126941204071044921875000000000
1.79248642921447753906250000000000
1.78372251987457275390625000000000
1.77497744560241699218750000000000
1.76625096797943115234375000000000
1.75754320621490478515625000000000
1.74885475635528564453125000000000
1.74018502235412597656250000000000
1.73153388500213623046875000000000
1.72290158271789550781250000000000
1.71428847312927246093750000000000
1.70569407939910888671875000000000
1.69711828231811523437500000000000
1.68856143951416015625000000000000
1.68002367019653320312500000000000
1.67150473594665527343750000000000
1.66300427913665771484375000000000
1.65452265739440917968750000000000
1.64606034755706787109375000000000
1.63761675357818603515625000000000
1.62919175624847412109375000000000
1.62078547477722167968750000000000
1.61239850521087646484375000000000
1.60403037071228027343750000000000
1.59568059444427490234375000000000
1.58734977245330810546875000000000
1.57903814315795898437500000000000
1.57074534893035888671875000000000
1.56247103214263916015625000000000
1.55421566963195800781250000000000
1.54597938060760498046875000000000
1.53776192665100097656250000000000
1.52956295013427734375000000000000
1.52138292789459228515625000000000
1.51322197914123535156250000000000
1.50507986545562744140625000000000
1.49695634841918945312500000000000
1.48885166645050048828125000000000
1.48076617717742919921875000000000
1.47269940376281738281250000000000
1.46465122699737548828125000000000
1.45662188529968261718750000000000
1.44861173629760742187500000000000
1.44062042236328125000000000000000
1.43264770507812500000000000000000
1.42469370365142822265625000000000
1.41675889492034912109375000000000
1.40884292125701904296875000000000
1.40094554424285888671875000000000
1.39306688308715820312500000000000
1.38520753383636474609375000000000
1.37736690044403076171875000000000
1.36954486370086669921875000000000
1.36174166202545166015625000000000
1.35395765304565429687500000000000
1.34619235992431640625000000000000
1.33844578266143798828125000000000
1.33071792125701904296875000000000
1.32300925254821777343750000000000
1.31531941890716552734375000000000
1.30764806270599365234375000000000
1.29999566078186035156250000000000
1.29236233234405517578125000000000
1.28474783897399902343750000000000
1.27715194225311279296875000000000
1.26957488059997558593750000000000
1.26201689243316650390625000000000
1.25447773933410644531250000000000
1.24695718288421630859375000000000
1.23945558071136474609375000000000
1.23197293281555175781250000000000
1.22450923919677734375000000000000
1.21706402301788330078125000000000
1.20963776111602783203125000000000
1.20223057270050048828125000000000
1.19484221935272216796875000000000
1.18747234344482421875000000000000
1.18012142181396484375000000000000
1.17278957366943359375000000000000
1.16547656059265136718750000000000
1.15818214416503906250000000000000
1.15090656280517578125000000000000
1.14365017414093017578125000000000
1.13641250133514404296875000000000
1.12919342517852783203125000000000
1.12199330329895019531250000000000
1.11481213569641113281250000000000
1.10764992237091064453125000000000
1.10050618648529052734375000000000
1.09338140487670898437500000000000
1.08627569675445556640625000000000
1.07918882369995117187500000000000
1.07212054729461669921875000000000
1.06507098674774169921875000000000
1.05804073810577392578125000000000
1.05102920532226562500000000000000
1.04403626918792724609375000000000
1.03706216812133789062500000000000
1.03010725975036621093750000000000
1.02317106723785400390625000000000
1.01625347137451171875000000000000
1.00935482978820800781250000000000
1.00247526168823242187500000000000
0.99561446905136108398437500000000
0.98877227306365966796875000000000
0.98194891214370727539062500000000
0.97514468431472778320312500000000
0.96835929155349731445312500000000
0.96159249544143676757812500000000
0.95484453439712524414062500000000
0.94811564683914184570312500000000
0.94140565395355224609375000000000
0.93471419811248779296875000000000
0.92804163694381713867187500000000
0.92138814926147460937500000000000
0.91475349664688110351562500000000
0.90813744068145751953125000000000
0.90154021978378295898437500000000
0.89496213197708129882812500000000
0.88840281963348388671875000000000
0.88186216354370117187500000000000
0.87534028291702270507812500000000
0.86883753538131713867187500000000
0.86235368251800537109375000000000
0.85588836669921875000000000000000
0.84944188594818115234375000000000
0.84301447868347167968750000000000
0.83660596609115600585937500000000
0.83021605014801025390625000000000
0.82384490966796875000000000000000
0.81749296188354492187500000000000
0.81115978956222534179687500000000
0.80484521389007568359375000000000
0.79854947328567504882812500000000
0.79227286577224731445312500000000
0.78601509332656860351562500000000
0.77977585792541503906250000000000
0.77355551719665527343750000000000
0.76735424995422363281250000000000
0.76117187738418579101562500000000
0.75500804185867309570312500000000
0.74886304140090942382812500000000
0.74273717403411865234375000000000
0.73663014173507690429687500000000
0.73054170608520507812500000000000
0.72447210550308227539062500000000
0.71842157840728759765625000000000
0.71238988637924194335937500000000
0.70637685060501098632812500000000
0.70038259029388427734375000000000
0.69440746307373046875000000000000
0.68845117092132568359375000000000
0.68251347541809082031250000000000
0.67659461498260498046875000000000
0.67069482803344726562500000000000
0.66481387615203857421875000000000
0.65895158052444458007812500000000
0.65310811996459960937500000000000
0.64728373289108276367187500000000
0.64147812128067016601562500000000
0.63569122552871704101562500000000
0.62992310523986816406250000000000
0.62417405843734741210937500000000
0.61844390630722045898437500000000
0.61273229122161865234375000000000
0.60703957080841064453125000000000
0.60136592388153076171875000000000
0.59571111202239990234375000000000
0.59007489681243896484375000000000
0.58445757627487182617187500000000
0.57885926961898803710937500000000
0.57327979803085327148437500000000
0.56771898269653320312500000000000
0.56217700242996215820312500000000
0.55665409564971923828125000000000
0.55115002393722534179687500000000
0.54566454887390136718750000000000
0.54019796848297119140625000000000
0.53475040197372436523437500000000
0.52932173013687133789062500000000
0.52391165494918823242187500000000
0.51852041482925415039062500000000
0.51314824819564819335937500000000
0.50779491662979125976562500000000
0.50246018171310424804687500000000
0.49714434146881103515625000000000
0.49184754490852355957031250000000
0.48656958341598510742187500000000
0.48131024837493896484375000000000
0.47606974840164184570312500000000
0.47084832191467285156250000000000
0.46564573049545288085937500000000
0.46046179533004760742187500000000
0.45529666543006896972656250000000
0.45015060901641845703125000000000
0.44502338767051696777343750000000
0.43991482257843017578125000000000
0.43482509255409240722656250000000
0.42975437641143798828125000000000
0.42470255494117736816406250000000
0.41966933012008666992187500000000
0.41465497016906738281250000000000
0.40965965390205383300781250000000
0.40468317270278930664062500000000
0.39972534775733947753906250000000
0.39478635787963867187500000000000
0.38986641168594360351562500000000
0.38496530055999755859375000000000
0.38008284568786621093750000000000
0.37521925568580627441406250000000
0.37037467956542968750000000000000
0.36554893851280212402343750000000
0.36074185371398925781250000000000
0.35595360398292541503906250000000
0.35118439793586730957031250000000
0.34643402695655822753906250000000
0.34170234203338623046875000000000
0.33698946237564086914062500000000
0.33229562640190124511718750000000
0.32762065529823303222656250000000
0.32296431064605712890625000000000
0.31832683086395263671875000000000
0.31370836496353149414062500000000
0.30910873413085937500000000000000
0.30452778935432434082031250000000
0.29996564984321594238281250000000
0.29542258381843566894531250000000
0.29089832305908203125000000000000
0.28639274835586547851562500000000
0.28190600872039794921875000000000
0.27743828296661376953125000000000
0.27298939228057861328125000000000
0.26855918765068054199218750000000
0.26414781808853149414062500000000
0.25975546240806579589843750000000
0.25538197159767150878906250000000
0.25102713704109191894531250000000
0.24669113755226135253906250000000
0.24237415194511413574218750000000
0.23807601630687713623046875000000
0.23379655182361602783203125000000
0.22953593730926513671875000000000
0.22529432177543640136718750000000
0.22107155621051788330078125000000
0.21686747670173645019531250000000
0.21268223226070404052734375000000
0.20851598680019378662109375000000
0.20436859130859375000000000000000
0.20023988187313079833984375000000
0.19613002240657806396484375000000
0.19203914701938629150390625000000
0.18796712160110473632812500000000
0.18391378223896026611328125000000
0.17987929284572601318359375000000
0.17586380243301391601562500000000
0.17186714708805084228515625000000
0.16788917779922485351562500000000
0.16393005847930908203125000000000
0.15998993813991546630859375000000
0.15606865286827087402343750000000
0.15216606855392456054687500000000
0.14828231930732727050781250000000
0.14441756904125213623046875000000
0.14057165384292602539062500000000
0.13674443960189819335937500000000
0.13293606042861938476562500000000
0.12914668023586273193359375000000
0.12537615001201629638671875000000
0.12162430584430694580078125000000
0.11789130419492721557617187500000
0.11417729407548904418945312500000
0.11048212647438049316406250000000
0.10680565983057022094726562500000
0.10314803570508956909179687500000
0.09950939565896987915039062500000
0.09588960558176040649414062500000
0.09228850901126861572265625000000
0.08870626240968704223632812500000
0.08514299243688583374023437500000
0.08159856498241424560546875000000
0.07807284593582153320312500000000
0.07456596940755844116210937500000
0.07107807695865631103515625000000
0.06760901957750320434570312500000
0.06415867805480957031250000000000
0.06072717532515525817871093750000
0.05731464922428131103515625000000
0.05392096564173698425292968750000
0.05054599419236183166503906250000
0.04718986898660659790039062500000
0.04385271295905113220214843750000
0.04053440317511558532714843750000
0.03723480552434921264648437500000
0.03395405039191246032714843750000
0.03069227002561092376708984375000
0.02744932845234870910644531250000
0.02422510646283626556396484375000
0.02101972699165344238281250000000
0.01783331483602523803710937500000
0.01466574613004922866821289062500
0.01151689793914556503295898437500
0.00838689319789409637451171875000
0.00527585297822952270507812500000
0.00218365504406392574310302734375
-0.00088981940643861889839172363281
-0.00394439091905951499938964843750
-0.00698011927306652069091796875000
-0.00999700371176004409790039062500
-0.01299504563212394714355468750000
-0.01597424410283565521240234375000
-0.01893460005521774291992187500000
-0.02187611348927021026611328125000
-0.02479878254234790802001953125000
-0.02770260721445083618164062500000
-0.03058759123086929321289062500000
-0.03345372900366783142089843750000
-0.03630102798342704772949218750000
-0.03912948071956634521484375000000
-0.04193909093737602233886718750000
-0.04472985863685607910156250000000
-0.04750178009271621704101562500000
-0.05025486275553703308105468750000
-0.05298909917473793029785156250000
-0.05570449307560920715332031250000
-0.05840104445815086364746093750000
-0.06107875332236289978027343750000
-0.06373761594295501708984375000000
-0.06637763977050781250000000000000
-0.06899881362915039062500000000000
-0.07160115242004394531250000000000
-0.07418464124202728271484375000000
-0.07674929499626159667968750000000
-0.07929509878158569335937500000000
-0.08182206004858016967773437500000
-0.08433017879724502563476562500000
-0.08681945502758026123046875000000
-0.08928988873958587646484375000000
-0.09174147993326187133789062500000
-0.09417422860860824584960937500000
-0.09658812731504440307617187500000
-0.09898319095373153686523437500000
-0.10135940462350845336914062500000
-0.10371678322553634643554687500000
-0.10605531185865402221679687500000
-0.10837499797344207763671875000000
-0.11067584156990051269531250000000
-0.11295784264802932739257812500000
-0.11522100120782852172851562500000
-0.11746531724929809570312500000000
-0.11969079077243804931640625000000
-0.12189742177724838256835937500000
-0.12408520281314849853515625000000
-0.12625414133071899414062500000000
-0.12840424478054046630859375000000
-0.13053549826145172119140625000000
-0.13264791667461395263671875000000
-0.13474148511886596679687500000000
-0.13681620359420776367187500000000
-0.13887208700180053710937500000000
-0.14090913534164428710937500000000
-0.14292733371257781982421875000000
-0.14492668211460113525390625000000
-0.14690719544887542724609375000000
-0.14886885881423950195312500000000
-0.15081168711185455322265625000000
-0.15273566544055938720703125000000
-0.15464080870151519775390625000000
-0.15652710199356079101562500000000
-0.15839454531669616699218750000000
-0.16024315357208251953125000000000
-0.16207292675971984863281250000000
-0.16388384997844696044921875000000
-0.16567592322826385498046875000000
-0.16744916141033172607421875000000
-0.16920354962348937988281250000000
-0.17093910276889801025390625000000
-0.17265580594539642333984375000000
-0.17435367405414581298828125000000
-0.17603269219398498535156250000000
-0.17769286036491394042968750000000
-0.17933419346809387207031250000000
-0.18095669150352478027343750000000
-0.18256033957004547119140625000000
-0.18414513766765594482421875000000
-0.18571110069751739501953125000000
-0.18725821375846862792968750000000
-0.18878649175167083740234375000000
-0.19029591977596282958984375000000
-0.19178651273250579833984375000000
-0.19325825572013854980468750000000
-0.19471116364002227783203125000000
-0.19614522159099578857421875000000
-0.19756042957305908203125000000000
-0.19895680248737335205078125000000
-0.20033434033393859863281250000000
-0.20169301331043243408203125000000
-0.20303286612033843994140625000000
-0.20435385406017303466796875000000
-0.20565602183341979980468750000000
-0.20693932473659515380859375000000
-0.20820379257202148437500000000000
-0.20944942533969879150390625000000
-0.21067620813846588134765625000000
-0.21188415586948394775390625000000
-0.21307325363159179687500000000000
-0.21424350142478942871093750000000
-0.21539491415023803710937500000000
-0.21652747690677642822265625000000
-0.21764120459556579589843750000000
-0.21873608231544494628906250000000
-0.21981212496757507324218750000000
-0.22086931765079498291015625000000
-0.22190767526626586914062500000000
-0.22292718291282653808593750000000
-0.22392784059047698974609375000000
-0.22490966320037841796875000000000
-0.22587265074253082275390625000000
-0.22681678831577301025390625000000
-0.22774207592010498046875000000000
-0.22864852845668792724609375000000
-0.22953613102436065673828125000000
-0.23040489852428436279296875000000
-0.23125481605529785156250000000000
-0.23208588361740112304687500000000
-0.23289813101291656494140625000000
-0.23369151353836059570312500000000
-0.23446606099605560302734375000000
-0.23522177338600158691406250000000
-0.23595862090587615966796875000000
-0.23667664825916290283203125000000
-0.23737582564353942871093750000000
-0.23805615305900573730468750000000
-0.23871764540672302246093750000000
-0.23936028778553009033203125000000
-0.23998408019542694091796875000000
-0.24058905243873596191406250000000
-0.24117515981197357177734375000000
-0.24174243211746215820312500000000
-0.24229086935520172119140625000000
-0.24282044172286987304687500000000
-0.24333119392395019531250000000000
-0.24382309615612030029296875000000
-0.24429614841938018798828125000000
-0.24475036561489105224609375000000
-0.24518573284149169921875000000000
-0.24560226500034332275390625000000
-0.24599994719028472900390625000000
-0.24637877941131591796875000000000
-0.24673877656459808349609375000000
-0.24707993865013122558593750000000
-0.24740225076675415039062500000000
-0.24770571291446685791015625000000
-0.24799033999443054199218750000000
-0.24825611710548400878906250000000
-0.24850305914878845214843750000000
-0.24873115122318267822265625000000
-0.24894040822982788085937500000000
-0.24913081526756286621093750000000
-0.24930238723754882812500000000000
-0.24945510923862457275390625000000
-0.24958898127079010009765625000000
-0.24970401823520660400390625000000
-0.24980020523071289062500000000000
-0.24987755715847015380859375000000
-0.24993607401847839355468750000000
-0.24997572600841522216796875000000
-0.24999655783176422119140625000000
-0.24999852478504180908203125000000
-0.24998165667057037353515625000000
-0.24994595348834991455078125000000
-0.24989140033721923828125000000000
-0.24981801211833953857421875000000
-0.24972577393054962158203125000000
-0.24961468577384948730468750000000
-0.24948476254940032958984375000000
-0.24933598935604095458984375000000
-0.24916838109493255615234375000000
-0.24898192286491394042968750000000
-0.24877662956714630126953125000000
-0.24855248630046844482421875000000
-0.24830950796604156494140625000000
-0.24804767966270446777343750000000
-0.24776700139045715332031250000000
-0.24746748805046081542968750000000
-0.24714913964271545410156250000000
-0.24681194126605987548828125000000
-0.24645589292049407958984375000000
-0.24608100950717926025390625000000
-0.24568727612495422363281250000000
-0.24527470767498016357421875000000
-0.24484328925609588623046875000000
-0.24439303576946258544921875000000
-0.24392393231391906738281250000000
-0.24343597888946533203125000000000
-0.24292919039726257324218750000000
-0.24240356683731079101562500000000
-0.24185909330844879150390625000000
-0.24129576981067657470703125000000
-0.24071361124515533447265625000000
-0.24011260271072387695312500000000
-0.23949275910854339599609375000000
-0.23885406553745269775390625000000
-0.23819653689861297607421875000000
-0.23752015829086303710937500000000
-0.23682492971420288085937500000000
-0.23611086606979370117187500000000
-0.23537796735763549804687500000000
-0.23462621867656707763671875000000
-0.23385562002658843994140625000000
-0.23306618630886077880859375000000
-0.23225790262222290039062500000000
-0.23143078386783599853515625000000
-0.23058481514453887939453125000000
-0.22972001135349273681640625000000
-0.22883635759353637695312500000000
-0.22793386876583099365234375000000
-0.22701252996921539306640625000000
-0.22607234120368957519531250000000
-0.22511331737041473388671875000000
-0.22413544356822967529296875000000
-0.22313873469829559326171875000000
-0.22212319076061248779296875000000
-0.22108878195285797119140625000000
-0.22003555297851562500000000000000
-0.21896345913410186767578125000000
-0.21787253022193908691406250000000
-0.21676276624202728271484375000000
-0.21563415229320526123046875000000
-0.21448668837547302246093750000000
-0.21332038938999176025390625000000
-0.21213525533676147460937500000000
-0.21093127131462097167968750000000
-0.20970843732357025146484375000000
-0.20846676826477050781250000000000
-0.20720624923706054687500000000000
-0.20592689514160156250000000000000
-0.20462869107723236083984375000000
-0.20331165194511413574218750000000
-0.20197576284408569335937500000000
-0.20062102377414703369140625000000
-0.19924744963645935058593750000000
-0.19785502552986145019531250000000
-0.19644376635551452636718750000000
-0.19501367211341857910156250000000
-0.19356472790241241455078125000000
-0.19209693372249603271484375000000
-0.19061028957366943359375000000000
-0.18910482525825500488281250000000
-0.18758049607276916503906250000000
-0.18603733181953430175781250000000
-0.18447533249855041503906250000000
-0.18289448320865631103515625000000
-0.18129478394985198974609375000000
-0.17967624962329864501953125000000
-0.17803888022899627685546875000000
-0.17638264596462249755859375000000
-0.17470759153366088867187500000000
-0.17301367223262786865234375000000
-0.17130093276500701904296875000000
-0.16956932842731475830078125000000
-0.16781888902187347412109375000000
-0.16604961454868316650390625000000
-0.16426149010658264160156250000000
-0.16245451569557189941406250000000
-0.16062870621681213378906250000000
-0.15878406167030334472656250000000
-0.15692055225372314453125000000000
-0.15503822267055511474609375000000
-0.15313702821731567382812500000000
-0.15121701359748840332031250000000
-0.14927813410758972167968750000000
-0.14732041954994201660156250000000
-0.14534386992454528808593750000000
-0.14334847033023834228515625000000
-0.14133422076702117919921875000000
-0.13930113613605499267578125000000
-0.13724921643733978271484375000000
-0.13517844676971435546875000000000
-0.13308882713317871093750000000000
-0.13098037242889404296875000000000
-0.12885306775569915771484375000000
-0.12670692801475524902343750000000
-0.12454193085432052612304687500000
-0.12235810607671737670898437500000
-0.12015543133020401000976562500000
-0.11793391406536102294921875000000
-0.11569355428218841552734375000000
-0.11343434453010559082031250000000
-0.11115629971027374267578125000000
-0.10885941237211227416992187500000
-0.10654367506504058837890625000000
-0.10420910269021987915039062500000
-0.10185568034648895263671875000000
-0.09948341548442840576171875000000
-0.09709231555461883544921875000000
-0.09468236565589904785156250000000
-0.09225357323884963989257812500000
-0.08980593830347061157226562500000
-0.08733945339918136596679687500000
-0.08485413342714309692382812500000
-0.08234997093677520751953125000000
-0.07982695847749710083007812500000
-0.07728511095046997070312500000000
-0.07472441345453262329101562500000
-0.07214488089084625244140625000000
-0.06954649835824966430664062500000
-0.06692927330732345581054687500000
-0.06429320573806762695312500000000
-0.06163829565048217773437500000000
-0.05896454304456710815429687500000
-0.05627194419503211975097656250000
-0.05356050655245780944824218750000
-0.05083022266626358032226562500000
-0.04808109626173973083496093750000
-0.04531312733888626098632812500000
-0.04252631589770317077636718750000
-0.03972065821290016174316406250000
-0.03689615800976753234863281250000
-0.03405281901359558105468750000000
-0.03119063191115856170654296875000
-0.02830960415303707122802734375000
-0.02540973201394081115722656250000
-0.02249101735651493072509765625000
-0.01955345831811428070068359375000
-0.01659705862402915954589843750000
-0.01362181361764669418334960937500
-0.01062772609293460845947265625000
-0.00761479558423161506652832031250
-0.00458302162587642669677734375000
-0.00153240456711500883102416992188
0.00153705570846796035766601562500
0.00462535908445715904235839843750
0.00773250544443726539611816406250
0.01085849571973085403442382812500
0.01400332804769277572631835937500
0.01716700382530689239501953125000
0.02034952305257320404052734375000
0.02355088666081428527832031250000
0.02677109092473983764648437500000
0.03001013956964015960693359375000
0.03326803073287010192871093750000
0.03654476627707481384277343750000
0.03984034433960914611816406250000
0.04315476864576339721679687500000
0.04648803174495697021484375000000
0.04984014108777046203613281250000
0.05321108922362327575683593750000
0.05660088360309600830078125000000
0.06000952050089836120605468750000
0.06343699991703033447265625000000
0.06688332557678222656250000000000
0.07034849375486373901367187500000
0.07383250445127487182617187500000
0.07733535766601562500000000000000
0.08085705339908599853515625000000
0.08439759165048599243164062500000
0.08795697242021560668945312500000
0.09153520315885543823242187500000
0.09513226896524429321289062500000
0.09874818474054336547851562500000
0.10238293558359146118164062500000
0.10603653639554977416992187500000
0.10970897972583770751953125000000
0.11340026557445526123046875000000
0.11711039394140243530273437500000
0.12083936482667922973632812500000
0.12458717823028564453125000000000
0.12835383415222167968750000000000
0.13213934004306793212890625000000
0.13594368100166320800781250000000
0.13976687192916870117187500000000
0.14360889792442321777343750000000
0.14746977388858795166015625000000
0.15134948492050170898437500000000
0.15524804592132568359375000000000
0.15916545689105987548828125000000
0.16310170292854309082031250000000
0.16705678403377532958984375000000
0.17103071510791778564453125000000
0.17502349615097045898437500000000
0.17903511226177215576171875000000
0.18306557834148406982421875000000
0.18711487948894500732421875000000
0.19118303060531616210937500000000
0.19527001678943634033203125000000
0.19937585294246673583984375000000
0.20350053906440734863281250000000
0.20764406025409698486328125000000
0.21180641651153564453125000000000
0.21598762273788452148437500000000
0.22018767893314361572265625000000
0.22440657019615173339843750000000
0.22864431142807006835937500000000
0.23290088772773742675781250000000
0.23717631399631500244140625000000
0.24147057533264160156250000000000
0.24578368663787841796875000000000
0.25011563301086425781250000000000
0.25446644425392150878906250000000
0.25883609056472778320312500000000
0.26322457194328308105468750000000
0.26763188838958740234375000000000
0.27205803990364074707031250000000
0.27650305628776550292968750000000
0.28096690773963928222656250000000
0.28544962406158447265625000000000
0.28995114564895629882812500000000
0.29447153210639953613281250000000
0.29901078343391418457031250000000
0.30356884002685546875000000000000
0.30814576148986816406250000000000
0.31274151802062988281250000000000
0.31735610961914062500000000000000
0.32198956608772277832031250000000
0.32664185762405395507812500000000
0.33131298422813415527343750000000
0.33600294589996337890625000000000
0.34071177244186401367187500000000
0.34543943405151367187500000000000
0.35018593072891235351562500000000
0.35495126247406005859375000000000
0.35973545908927917480468750000000
0.36453849077224731445312500000000
0.36936035752296447753906250000000
0.37420108914375305175781250000000
0.37906065583229064941406250000000
0.38393905758857727050781250000000
0.38883629441261291503906250000000
0.39375239610671997070312500000000
0.39868733286857604980468750000000
0.40364110469818115234375000000000
0.40861374139785766601562500000000
0.41360518336296081542968750000000
0.41861549019813537597656250000000
0.42364466190338134765625000000000
0.42869263887405395507812500000000
0.43375948071479797363281250000000
0.43884515762329101562500000000000
0.44394966959953308105468750000000
0.44907304644584655761718750000000
0.45421525835990905761718750000000
0.45937630534172058105468750000000
0.46455621719360351562500000000000
0.46975493431091308593750000000000
0.47497251629829406738281250000000
0.48020896315574645996093750000000
0.48546421527862548828125000000000
0.49073833227157592773437500000000
0.49603128433227539062500000000000
0.50134307146072387695312500000000
0.50667375326156616210937500000000
0.51202321052551269531250000000000
0.51739156246185302734375000000000
0.52277868986129760742187500000000
0.52818471193313598632812500000000
0.53360956907272338867187500000000
0.53905326128005981445312500000000
0.54451584815979003906250000000000
0.54999721050262451171875000000000
0.55549746751785278320312500000000
0.56101649999618530273437500000000
0.56655442714691162109375000000000
0.57211118936538696289062500000000
0.57768678665161132812500000000000
0.58328121900558471679687500000000
0.58889454603195190429687500000000
0.59452664852142333984375000000000
0.60017764568328857421875000000000
0.60584747791290283203125000000000
0.61153608560562133789062500000000
0.61724358797073364257812500000000
0.62296998500823974609375000000000
0.62871515750885009765625000000000
0.63447916507720947265625000000000
0.64026206731796264648437500000000
0.64606380462646484375000000000000
0.65188437700271606445312500000000
0.65772378444671630859375000000000
0.66358202695846557617187500000000
0.66945910453796386718750000000000
0.67535501718521118164062500000000
0.68126982450485229492187500000000
0.68720340728759765625000000000000
0.69315588474273681640625000000000
0.69912719726562500000000000000000
0.70511734485626220703125000000000
0.71112638711929321289062500000000
0.71715420484542846679687500000000
0.72320085763931274414062500000000
0.72926640510559082031250000000000
0.73535078763961791992187500000000
0.74145400524139404296875000000000
0.74757605791091918945312500000000
0.75371694564819335937500000000000
0.75987666845321655273437500000000
0.76605528593063354492187500000000
0.77225267887115478515625000000000
0.77846896648406982421875000000000
0.78470408916473388671875000000000
0.79095804691314697265625000000000
0.79723083972930908203125000000000
0.80352246761322021484375000000000
0.80983293056488037109375000000000
0.81616228818893432617187500000000
0.82251048088073730468750000000000
0.82887744903564453125000000000000
0.83526331186294555664062500000000
0.84166800975799560546875000000000
0.84809160232543945312500000000000
0.85453397035598754882812500000000
0.86099517345428466796875000000000
0.86747527122497558593750000000000
0.87397420406341552734375000000000
0.88049197196960449218750000000000
0.88702857494354248046875000000000
0.89358401298522949218750000000000
0.90015828609466552734375000000000
0.90675145387649536132812500000000
0.91336339712142944335937500000000
0.91999423503875732421875000000000
0.92664390802383422851562500000000
0.93331241607666015625000000000000
0.93999975919723510742187500000000
0.94670593738555908203125000000000
0.95343095064163208007812500000000
0.96017485857009887695312500000000
0.96693760156631469726562500000000
0.97371912002563476562500000000000
0.98051953315734863281250000000000
0.98733878135681152343750000000000
0.99417692422866821289062500000000
1.00103378295898437500000000000000
1.00790965557098388671875000000000
1.01480424404144287109375000000000
1.02171766757965087890625000000000
1.02865004539489746093750000000000
1.03560113906860351562500000000000
1.04257118701934814453125000000000
1.04956007003784179687500000000000
1.05656766891479492187500000000000
1.06359422206878662109375000000000
1.07063961029052734375000000000000
1.07770383358001708984375000000000
1.08478689193725585937500000000000
1.09188878536224365234375000000000
1.09900951385498046875000000000000
1.10614907741546630859375000000000
1.11330747604370117187500000000000
1.12048482894897460937500000000000
1.12768089771270751953125000000000
1.13489592075347900390625000000000
1.14212965965270996093750000000000
1.14938235282897949218750000000000
1.15665376186370849609375000000000
1.16394412517547607421875000000000
1.17125332355499267578125000000000
1.17858135700225830078125000000000
1.18592822551727294921875000000000
1.19329392910003662109375000000000
1.20067846775054931640625000000000
1.20808184146881103515625000000000
1.21550405025482177734375000000000
1.22294509410858154296875000000000
1.23040509223937988281250000000000
1.23788380622863769531250000000000
1.24538147449493408203125000000000
1.25289785861968994140625000000000
1.26043319702148437500000000000000
1.26798725128173828125000000000000
1.27556025981903076171875000000000
1.28315210342407226562500000000000
1.29076278209686279296875000000000
1.29839229583740234375000000000000
1.30604064464569091796875000000000
1.31370782852172851562500000000000
1.32139384746551513671875000000000
1.32909870147705078125000000000000
1.33682250976562500000000000000000
1.34456503391265869140625000000000
1.35232639312744140625000000000000
1.36010670661926269531250000000000
1.36790573596954345703125000000000
1.37572371959686279296875000000000
1.38356053829193115234375000000000
1.39141619205474853515625000000000
1.39929056167602539062500000000000
1.40718388557434082031250000000000
1.41509604454040527343750000000000
1.42302703857421875000000000000000
1.43097686767578125000000000000000
1.43894565105438232421875000000000
1.44693315029144287109375000000000
1.45493948459625244140625000000000
1.46296477317810058593750000000000
1.47100877761840820312500000000000
1.47907173633575439453125000000000
1.48715341091156005859375000000000
1.49525403976440429687500000000000
1.50337350368499755859375000000000
1.51151168346405029296875000000000
1.51966881752014160156250000000000
1.52784478664398193359375000000000
1.53603959083557128906250000000000
1.54425323009490966796875000000000
1.55248570442199707031250000000000
1.56073713302612304687500000000000
1.56900727748870849609375000000000
1.57729625701904296875000000000000
1.58560419082641601562500000000000
1.59393084049224853515625000000000
1.60227644443511962890625000000000
1.61064076423645019531250000000000
1.61902403831481933593750000000000
1.62742614746093750000000000000000
1.63584697246551513671875000000000
1.64428675174713134765625000000000
1.65274536609649658203125000000000
1.66122281551361083984375000000000
1.66971909999847412109375000000000
1.67823421955108642578125000000000
1.68676829338073730468750000000000
1.69532108306884765625000000000000
1.70389270782470703125000000000000
1.71248328685760498046875000000000
1.72109258174896240234375000000000
1.72972083091735839843750000000000
1.73836779594421386718750000000000
1.74703371524810791015625000000000
1.75571846961975097656250000000000
1.76442205905914306640625000000000
1.77314448356628417968750000000000
1.78188574314117431640625000000000
1.79064583778381347656250000000000
1.79942476749420166015625000000000
1.80822253227233886718750000000000
1.81703913211822509765625000000000
1.82587456703186035156250000000000
1.83472895622253417968750000000000
1.84360206127166748046875000000000
1.85249412059783935546875000000000
1.86140489578247070312500000000000
1.87033462524414062500000000000000
1.87928318977355957031250000000000
1.88825047016143798828125000000000
1.89723670482635498046875000000000
1.90624177455902099609375000000000
1.91526567935943603515625000000000
1.92430841922760009765625000000000
1.93336999416351318359375000000000
1.94245052337646484375000000000000
1.95154976844787597656250000000000
1.96066784858703613281250000000000
1.96980488300323486328125000000000
1.97896063327789306640625000000000
1.98813533782958984375000000000000
1.99732875823974609375000000000000
2.00654101371765136718750000000000
2.01577258110046386718750000000000
2.02502226829528808593750000000000
2.03429102897644042968750000000000
2.04357886314392089843750000000000
2.05288553237915039062500000000000
2.06221079826354980468750000000000
2.07155489921569824218750000000000
2.08091807365417480468750000000000
2.09030032157897949218750000000000
2.09970092773437500000000000000000
2.10912036895751953125000000000000
2.11855888366699218750000000000000
2.12801647186279296875000000000000
2.13749241828918457031250000000000
2.14698719978332519531250000000000
2.15650105476379394531250000000000
2.16603398323059082031250000000000
2.17558526992797851562500000000000
2.18515539169311523437500000000000
2.19474482536315917968750000000000
2.20435309410095214843750000000000
2.21397972106933593750000000000000
2.22362542152404785156250000000000
2.23329019546508789062500000000000
2.24297380447387695312500000000000
2.25267577171325683593750000000000
2.26239657402038574218750000000000
2.27213692665100097656250000000000
2.28189587593078613281250000000000
2.29167318344116210937500000000000
2.30146956443786621093750000000000
2.31128501892089843750000000000000
2.32111930847167968750000000000000
2.33097219467163085937500000000000
2.34084391593933105468750000000000
2.35073471069335937500000000000000
2.36064434051513671875000000000000
2.37057256698608398437500000000000
2.38051962852478027343750000000000
2.39048600196838378906250000000000
2.40047097206115722656250000000000
2.41047453880310058593750000000000
2.42049694061279296875000000000000
2.43053865432739257812500000000000
2.44059896469116210937500000000000
2.45067811012268066406250000000000
2.46077585220336914062500000000000
2.47089266777038574218750000000000
2.48102855682373046875000000000000
2.49118280410766601562500000000000
2.50135612487792968750000000000000
2.51154851913452148437500000000000
2.52175974845886230468750000000000
2.53198933601379394531250000000000
2.54223775863647460937500000000000
2.55250549316406250000000000000000
2.56279206275939941406250000000000
2.57309722900390625000000000000000
2.58342099189758300781250000000000
2.59376430511474609375000000000000
2.60412621498107910156250000000000
2.61450648307800292968750000000000
2.62490582466125488281250000000000
2.63532423973083496093750000000000
2.64576172828674316406250000000000
2.65621757507324218750000000000000
2.66669201850891113281250000000000
2.67718601226806640625000000000000
2.68769860267639160156250000000000
2.69822978973388671875000000000000
2.70877981185913085937500000000000
2.71934914588928222656250000000000
2.72993707656860351562500000000000
2.74054360389709472656250000000000
2.75116896629333496093750000000000
2.76181364059448242187500000000000
2.77247714996337890625000000000000
2.78315901756286621093750000000000
2.79385972023010253906250000000000
2.80457973480224609375000000000000
2.81531858444213867187500000000000
2.82607579231262207031250000000000
2.83685207366943359375000000000000
2.84764742851257324218750000000000
2.85846161842346191406250000000000
2.86929416656494140625000000000000
2.88014578819274902343750000000000
2.89101648330688476562500000000000
2.90190601348876953125000000000000
2.91281414031982421875000000000000
2.92374086380004882812500000000000
2.93468713760375976562500000000000
2.94565200805664062500000000000000
2.95663547515869140625000000000000
2.96763753890991210937500000000000
2.97865915298461914062500000000000
2.98969936370849609375000000000000
3.00075817108154296875000000000000
3.01183581352233886718750000000000
3.02293252944946289062500000000000
3.03404831886291503906250000000000
3.04518246650695800781250000000000
3.05633544921875000000000000000000
3.06750774383544921875000000000000
3.07869887351989746093750000000000
3.08990836143493652343750000000000
3.10113668441772460937500000000000
3.11238431930541992187500000000000
3.12365078926086425781250000000000
3.13493561744689941406250000000000
3.14623928070068359375000000000000
3.15756225585937500000000000000000
3.16890406608581542968750000000000
3.18026423454284667968750000000000
3.19164347648620605468750000000000
3.20304179191589355468750000000000
3.21445894241333007812500000000000
3.22589445114135742187500000000000
3.23734903335571289062500000000000
3.24882268905639648437500000000000
3.26031541824340820312500000000000
3.27182626724243164062500000000000
3.28335618972778320312500000000000
3.29490518569946289062500000000000
3.30647325515747070312500000000000
3.31805944442749023437500000000000
3.32966470718383789062500000000000
3.34128928184509277343750000000000
3.35293245315551757812500000000000
3.36459422111511230468750000000000
3.37627482414245605468750000000000
3.38797473907470703125000000000000
3.39969348907470703125000000000000
3.41143059730529785156250000000000
3.42318654060363769531250000000000
3.43496179580688476562500000000000
3.44675564765930175781250000000000
3.45856833457946777343750000000000
3.47039961814880371093750000000000
3.48225021362304687500000000000000
3.49411964416503906250000000000000
3.50600743293762207031250000000000
3.51791405677795410156250000000000
3.52983999252319335937500000000000
3.54178500175476074218750000000000
3.55374813079833984375000000000000
3.56573009490966796875000000000000
3.57773160934448242187500000000000
3.58975172042846679687500000000000
3.60179042816162109375000000000000
3.61384773254394531250000000000000
3.62592434883117675781250000000000
3.63802003860473632812500000000000
3.65013408660888671875000000000000
3.66226673126220703125000000000000
3.67441892623901367187500000000000
3.68658971786499023437500000000000
3.69877910614013671875000000000000
3.71098732948303222656250000000000
3.72321486473083496093750000000000
3.73546123504638671875000000000000
3.74772572517395019531250000000000
3.76000928878784179687500000000000
3.77231216430664062500000000000000
3.78463387489318847656250000000000
3.79697394371032714843750000000000
3.80933284759521484375000000000000
3.82171106338500976562500000000000
3.83410811424255371093750000000000
3.84652352333068847656250000000000
3.85895776748657226562500000000000
3.87141156196594238281250000000000
3.88388395309448242187500000000000
3.89637470245361328125000000000000
3.90888428688049316406250000000000
3.92141342163085937500000000000000
3.93396115303039550781250000000000
3.94652724266052246093750000000000
3.95911240577697753906250000000000
3.97171664237976074218750000000000
3.98433995246887207031250000000000
3.99698138236999511718750000000000
4.00964164733886718750000000000000
4.02232170104980468750000000000000
4.03502035140991210937500000000000
4.04773712158203125000000000000000
4.06047296524047851562500000000000
4.07322788238525390625000000000000
4.08600187301635742187500000000000
4.09879398345947265625000000000000
4.11160516738891601562500000000000
4.12443590164184570312500000000000
4.13728523254394531250000000000000
4.15015268325805664062500000000000
4.16303920745849609375000000000000
4.17594528198242187500000000000000
4.18886995315551757812500000000000
4.20181274414062500000000000000000
4.21477460861206054687500000000000
4.22775602340698242187500000000000
4.24075603485107421875000000000000
4.25377416610717773437500000000000
4.26681184768676757812500000000000
4.27986812591552734375000000000000
4.29294347763061523437500000000000
4.30603742599487304687500000000000
4.31914997100830078125000000000000
4.33228206634521484375000000000000
4.34543275833129882812500000000000
4.35860204696655273437500000000000
4.37178993225097656250000000000000
4.38499736785888671875000000000000
4.39822340011596679687500000000000
4.41146802902221679687500000000000
4.42473125457763671875000000000000
4.43801403045654296875000000000000
4.45131587982177734375000000000000
4.46463537216186523437500000000000
4.47797441482543945312500000000000
4.49133253097534179687500000000000
4.50470924377441406250000000000000
4.51810455322265625000000000000000
4.53151845932006835937500000000000
4.54495191574096679687500000000000
4.55840444564819335937500000000000
4.57187509536743164062500000000000
4.58536434173583984375000000000000
4.59887361526489257812500000000000
4.61240100860595703125000000000000
4.62594699859619140625000000000000
4.63951206207275390625000000000000
4.65309619903564453125000000000000
4.66669940948486328125000000000000
4.68032073974609375000000000000000
4.69396066665649414062500000000000
4.70762014389038085937500000000000
4.72129869461059570312500000000000
4.73499536514282226562500000000000
4.74871110916137695312500000000000
4.76244592666625976562500000000000
4.77619981765747070312500000000000
4.78997182846069335937500000000000
4.80376291275024414062500000000000
4.81757354736328125000000000000000
4.83140230178833007812500000000000
4.84525012969970703125000000000000
4.85911655426025390625000000000000
4.87300205230712890625000000000000
4.88690662384033203125000000000000
4.90082931518554687500000000000000
4.91477108001708984375000000000000
4.92873239517211914062500000000000
4.94271230697631835937500000000000
4.95671033859252929687500000000000
4.97072744369506835937500000000000
4.98476409912109375000000000000000
4.99881935119628906250000000000000
5.01289272308349609375000000000000
5.02698516845703125000000000000000
5.04109716415405273437500000000000
5.05522775650024414062500000000000
5.06937694549560546875000000000000
5.08354473114013671875000000000000
5.09773159027099609375000000000000
5.11193799972534179687500000000000
5.12616205215454101562500000000000
5.14040517807006835937500000000000
5.15466785430908203125000000000000
5.16894960403442382812500000000000
5.18324899673461914062500000000000
5.19756746292114257812500000000000
5.21190547943115234375000000000000
5.22626256942749023437500000000000
5.24063730239868164062500000000000
5.25503158569335937500000000000000
5.26944494247436523437500000000000
5.28387689590454101562500000000000
5.29832744598388671875000000000000
5.31279659271240234375000000000000
5.32728528976440429687500000000000
5.34179306030273437500000000000000
5.35631895065307617187500000000000
5.37086343765258789062500000000000
5.38542747497558593750000000000000
5.40001058578491210937500000000000
5.41461181640625000000000000000000
5.42923164367675781250000000000000
5.44387102127075195312500000000000
5.45852947235107421875000000000000
5.47320604324340820312500000000000
5.48790121078491210937500000000000
5.50261640548706054687500000000000
5.51734972000122070312500000000000
5.53210163116455078125000000000000
5.54687261581420898437500000000000
5.56166267395019531250000000000000
5.57647180557250976562500000000000
5.59129905700683593750000000000000
5.60614538192749023437500000000000
5.62101078033447265625000000000000
5.63589525222778320312500000000000
5.65079784393310546875000000000000
5.66571950912475585937500000000000
5.68066072463989257812500000000000
5.69562053680419921875000000000000
5.71059846878051757812500000000000
5.72559547424316406250000000000000
5.74061155319213867187500000000000
5.75564670562744140625000000000000
5.77069997787475585937500000000000
5.78577232360839843750000000000000
5.80086421966552734375000000000000
5.81597471237182617187500000000000
5.83110332489013671875000000000000
5.84625101089477539062500000000000
5.86141824722290039062500000000000
5.87660408020019531250000000000000
5.89180850982666015625000000000000
5.90703105926513671875000000000000
5.92227363586425781250000000000000
5.93753480911254882812500000000000
5.95281457901000976562500000000000
5.96811294555664062500000000000000
5.98343086242675781250000000000000
5.99876737594604492187500000000000
6.01412248611450195312500000000000
6.02949619293212890625000000000000
6.04488849639892578125000000000000
6.06030130386352539062500000000000
6.07573175430297851562500000000000
6.09118080139160156250000000000000
6.10664987564086914062500000000000
6.12213659286499023437500000000000
6.13764238357543945312500000000000
6.15316677093505859375000000000000
6.16871023178100585937500000000000
6.18427371978759765625000000000000
6.19985485076904296875000000000000
6.21545457839965820312500000000000
6.23107433319091796875000000000000
6.24671220779418945312500000000000
6.26236820220947265625000000000000
6.27804374694824218750000000000000
6.29373788833618164062500000000000
6.30945205688476562500000000000000
6.32518339157104492187500000000000
6.34093427658081054687500000000000
6.35670471191406250000000000000000
6.37249326705932617187500000000000
6.38830041885375976562500000000000
6.40412616729736328125000000000000
6.41997098922729492187500000000000
6.43583583831787109375000000000000
6.45171833038330078125000000000000
6.46761989593505859375000000000000
6.48354148864746093750000000000000
6.49948024749755859375000000000000
6.51543807983398437500000000000000
6.53141498565673828125000000000000
6.54741048812866210937500000000000
6.56342601776123046875000000000000
6.57945966720581054687500000000000
6.59551143646240234375000000000000
6.61158370971679687500000000000000
6.62767362594604492187500000000000
6.64378213882446289062500000000000
6.65990972518920898437500000000000
6.67605590820312500000000000000000
6.69222211837768554687500000000000
6.70840644836425781250000000000000
6.72460937500000000000000000000000
6.74083232879638671875000000000000
6.75707244873046875000000000000000
6.77333211898803710937500000000000
6.78961038589477539062500000000000
6.80590724945068359375000000000000
6.82222461700439453125000000000000
6.83855915069580078125000000000000
6.85491275787353515625000000000000
6.87128639221191406250000000000000
6.88767766952514648437500000000000
6.90408802032470703125000000000000
6.92051696777343750000000000000000
6.93696451187133789062500000000000
6.95343255996704101562500000000000
6.96991777420043945312500000000000
6.98642206192016601562500000000000
7.00294685363769531250000000000000
7.01948881149291992187500000000000
7.03604936599731445312500000000000
7.05262947082519531250000000000000
7.06922769546508789062500000000000
7.08584642410278320312500000000000
7.10248279571533203125000000000000
7.11913776397705078125000000000000
7.13581275939941406250000000000000
7.15250587463378906250000000000000
7.16921710968017578125000000000000
7.18594789505004882812500000000000
7.20269680023193359375000000000000
7.21946668624877929687500000000000
7.23625326156616210937500000000000
7.25305938720703125000000000000000
7.26988506317138671875000000000000
7.28672885894775390625000000000000
7.30359125137329101562500000000000
7.32047224044799804687500000000000
7.33737230300903320312500000000000
7.35429239273071289062500000000000
7.37123012542724609375000000000000
7.38818645477294921875000000000000
7.40516328811645507812500000000000
7.42215776443481445312500000000000
7.43917083740234375000000000000000
7.45620250701904296875000000000000
7.47325325012207031250000000000000
7.49032449722290039062500000000000
7.50741291046142578125000000000000
7.52451992034912109375000000000000
7.54164743423461914062500000000000
7.55879259109497070312500000000000
7.57595634460449218750000000000000
7.59313917160034179687500000000000
7.61034059524536132812500000000000
7.62756204605102539062500000000000
7.64480113983154296875000000000000
7.66205930709838867187500000000000
7.67933750152587890625000000000000
7.69663333892822265625000000000000
7.71394777297973632812500000000000
7.73128128051757812500000000000000
7.74863338470458984375000000000000
7.76600599288940429687500000000000
7.78339576721191406250000000000000
7.80080461502075195312500000000000
7.81823348999023437500000000000000
7.83568000793457031250000000000000
7.85314559936523437500000000000000
7.87062978744506835937500000000000
7.88813257217407226562500000000000
7.90565586090087890625000000000000
7.92319631576538085937500000000000
7.94075584411621093750000000000000
7.95833587646484375000000000000000
7.97593307495117187500000000000000
7.99354887008666992187500000000000
8.01118373870849609375000000000000
8.02883720397949218750000000000000
8.04651165008544921875000000000000
8.06420326232910156250000000000000
8.08191299438476562500000000000000
8.09964370727539062500000000000000
8.11739158630371093750000000000000
8.13515853881835937500000000000000
8.15294361114501953125000000000000
8.17074871063232421875000000000000
8.18857288360595703125000000000000
8.20641517639160156250000000000000
8.22427654266357421875000000000000
8.24215793609619140625000000000000
8.26005649566650390625000000000000
8.27797412872314453125000000000000
8.29590988159179687500000000000000
8.31386566162109375000000000000000
8.33184051513671875000000000000000
8.34983348846435546875000000000000
8.36784553527832031250000000000000
8.38587760925292968750000000000000
8.40392684936523437500000000000000
8.42199516296386718750000000000000
8.44008255004882812500000000000000
8.45818805694580078125000000000000
8.47631454467773437500000000000000
8.49445819854736328125000000000000
8.51262092590332031250000000000000
8.53080368041992187500000000000000
8.54900360107421875000000000000000
8.56722259521484375000000000000000
8.58546066284179687500000000000000
8.60371685028076171875000000000000
8.62199401855468750000000000000000
8.64028835296630859375000000000000
8.65860176086425781250000000000000
8.67693519592285156250000000000000
8.69528579711914062500000000000000
8.71365642547607421875000000000000
8.73204421997070312500000000000000
8.75045204162597656250000000000000
8.76887989044189453125000000000000
8.78732490539550781250000000000000
8.80578899383544921875000000000000
8.82427310943603515625000000000000
8.84277439117431640625000000000000
8.86129570007324218750000000000000
8.87983417510986328125000000000000
8.89839267730712890625000000000000
8.91697120666503906250000000000000
8.93556690216064453125000000000000
8.95418167114257812500000000000000
8.97281646728515625000000000000000
8.99146938323974609375000000000000
9.01014041900634765625000000000000
9.02883052825927734375000000000000
9.04753971099853515625000000000000
9.06626892089843750000000000000000
9.08501529693603515625000000000000
9.10378074645996093750000000000000
9.12256622314453125000000000000000
9.14136981964111328125000000000000
9.16019153594970703125000000000000
9.17903232574462890625000000000000
9.19789218902587890625000000000000
9.21677207946777343750000000000000
9.23567008972167968750000000000000
9.25458621978759765625000000000000
9.27352237701416015625000000000000
9.29247665405273437500000000000000
9.31144905090332031250000000000000
9.33044052124023437500000000000000
9.34945106506347656250000000000000
9.36848163604736328125000000000000
9.38752937316894531250000000000000
9.40659713745117187500000000000000
9.42568397521972656250000000000000
9.44478893280029296875000000000000
9.46391201019287109375000000000000
9.48305416107177734375000000000000
9.50221538543701171875000000000000
9.52139663696289062500000000000000
9.54059600830078125000000000000000
9.55981349945068359375000000000000
9.57905197143554687500000000000000
9.59830665588378906250000000000000
9.61758136749267578125000000000000
9.63687419891357421875000000000000
9.65618610382080078125000000000000
9.67551803588867187500000000000000
9.69486808776855468750000000000000
9.71423625946044921875000000000000
9.73362541198730468750000000000000
9.75303173065185546875000000000000
9.77245616912841796875000000000000
9.79189968109130859375000000000000
9.81136226654052734375000000000000
9.83084583282470703125000000000000
9.85034561157226562500000000000000
9.86986541748046875000000000000000
9.88940429687500000000000000000000
9.90896129608154296875000000000000
9.92853736877441406250000000000000
9.94813156127929687500000000000000
9.96774482727050781250000000000000
9.98737907409667968750000000000000
10.00703048706054687500000000000000
10.02670001983642578125000000000000
10.04639053344726562500000000000000
10.06609821319580078125000000000000
10.08582401275634765625000000000000
10.10556983947753906250000000000000
10.12533378601074218750000000000000
10.14511871337890625000000000000000
10.16491985321044921875000000000000
10.18474102020263671875000000000000
10.20458221435546875000000000000000
10.22444057464599609375000000000000
10.24431705474853515625000000000000
10.26421356201171875000000000000000
10.28412818908691406250000000000000
10.30406379699707031250000000000000
10.32401561737060546875000000000000
10.34398746490478515625000000000000
10.36397933959960937500000000000000
10.38398838043212890625000000000000
10.40401649475097656250000000000000
10.42406272888183593750000000000000
10.44412899017333984375000000000000
10.46421432495117187500000000000000
10.48431777954101562500000000000000
10.50444030761718750000000000000000
10.52458286285400390625000000000000
10.54474258422851562500000000000000
10.56492137908935546875000000000000
10.58511829376220703125000000000000
10.60533523559570312500000000000000
10.62557220458984375000000000000000
10.64582538604736328125000000000000
10.66609859466552734375000000000000
10.68639183044433593750000000000000
10.70670223236083984375000000000000
10.72703170776367187500000000000000
10.74738025665283203125000000000000
10.76774692535400390625000000000000
10.78813457489013671875000000000000
10.80853939056396484375000000000000
10.82896327972412109375000000000000
10.84940719604492187500000000000000
10.86986827850341796875000000000000
10.89034843444824218750000000000000
10.91084766387939453125000000000000
10.93136596679687500000000000000000
10.95190429687500000000000000000000
10.97245979309082031250000000000000
10.99303340911865234375000000000000
11.01362895965576171875000000000000
11.03424072265625000000000000000000
11.05487155914306640625000000000000
11.07552146911621093750000000000000
11.09618949890136718750000000000000
11.11687850952148437500000000000000
11.13758563995361328125000000000000
11.15830993652343750000000000000000
11.17905616760253906250000000000000
11.19981861114501953125000000000000
11.22060012817382812500000000000000
11.24140071868896484375000000000000
11.26222038269042968750000000000000
11.28306007385253906250000000000000
11.30391693115234375000000000000000
11.32479286193847656250000000000000
11.34568881988525390625000000000000
11.36660289764404296875000000000000
11.38753509521484375000000000000000
11.40848636627197265625000000000000
11.42945671081542968750000000000000
11.45044708251953125000000000000000
11.47145462036132812500000000000000
11.49248123168945312500000000000000
11.51352787017822265625000000000000
11.53459262847900390625000000000000
11.55567550659179687500000000000000
11.57677745819091796875000000000000
11.59789848327636718750000000000000
11.61903953552246093750000000000000
11.64019870758056640625000000000000
11.66137599945068359375000000000000
11.68257331848144531250000000000000
11.70378875732421875000000000000000
11.72502231597900390625000000000000
11.74627494812011718750000000000000
11.76754665374755859375000000000000
11.78883838653564453125000000000000
11.81014823913574218750000000000000
11.83147621154785156250000000000000
11.85282421112060546875000000000000
11.87419033050537109375000000000000
11.89557456970214843750000000000000
11.91697883605957031250000000000000
11.93840026855468750000000000000000
11.95984363555908203125000000000000
11.98130321502685546875000000000000
12.00278186798095703125000000000000
12.02428150177001953125000000000000
12.04579830169677734375000000000000
12.06733322143554687500000000000000
12.08888721466064453125000000000000
12.11046028137207031250000000000000
12.13205432891845703125000000000000
12.15366458892822265625000000000000
12.17529487609863281250000000000000
12.19694423675537109375000000000000
12.21861171722412109375000000000000
12.24029827117919921875000000000000
12.26200294494628906250000000000000
12.28372669219970703125000000000000
12.30547142028808593750000000000000
12.32723236083984375000000000000000
12.34901237487792968750000000000000
12.37081336975097656250000000000000
12.39263153076171875000000000000000
12.41446876525878906250000000000000
12.43632411956787109375000000000000
12.45819854736328125000000000000000
12.48009395599365234375000000000000
12.50200557708740234375000000000000
12.52393722534179687500000000000000
12.54588890075683593750000000000000
12.56785774230957031250000000000000
12.58984470367431640625000000000000
12.61185169219970703125000000000000
12.63387680053710937500000000000000
12.65592288970947265625000000000000
12.67798519134521484375000000000000
12.70006752014160156250000000000000
12.72216987609863281250000000000000
12.74428939819335937500000000000000
12.76642704010009765625000000000000
12.78858470916748046875000000000000
12.81076049804687500000000000000000
12.83295726776123046875000000000000
12.85517120361328125000000000000000
12.87740325927734375000000000000000
12.89965629577636718750000000000000
12.92192649841308593750000000000000
12.94421577453613281250000000000000
12.96652317047119140625000000000000
12.98885059356689453125000000000000
13.01119804382324218750000000000000
