16.7551
12.146
12.131
12.1341
12.1012
12.1369
12.109
12.069
12.0761
12.1281
12.0621
12.0749
11.8971
11.4431
11.3821
11.4
11.41
11.6401
11.6668
11.615
11.399
11.4899
11.6179
11.4129
11.369
11.379
11.394
11.3299
11.3621
11.4191
11.3668
11.3561
11.353
11.369
11.307
11.3201
11.2889
11.3521
11.297
11.327
11.3058
11.3311
11.2879
11.3349
11.3358
11.301
11.3311
11.3661
11.287
11.3461
11.3361
11.2782
11.3881
11.23
11.327
11.3001
11.306
11.323
11.2851
11.3618
11.3349
11.3029
11.322
11.2259
11.3559
11.292
11.3101
11.3261
11.2898
11.3568
11.27
11.328
11.3599
11.3921
11.4071
11.301
11.302
11.3251
11.291
11.3361
11.2841
11.282
11.3142
11.358
11.2588
11.343
11.2591
11.2472
11.266
11.2739
11.3449
11.3261
11.4009
11.266
11.3199
11.3299
11.3358
11.2889
11.3831
11.302
11.323
11.2941
11.3521
11.332
11.333
11.3111
11.3368
11.2441
11.354
11.3149
11.3418
11.297
11.3442
11.333
11.3149
11.3239
11.337
11.3511
11.323
11.343
11.363
11.308
11.2691
11.3161
11.348
11.3349
11.3089
11.2748
11.3089
11.344
11.282
11.3881
11.358
11.3671
11.3311
11.2979
11.3521
11.3661
11.3409
11.287
11.2681
11.3192
11.3809
11.3499
11.3132
11.3211
11.297
11.337
11.318
11.2839
11.2848
11.297
11.3099
11.2898
11.287
11.3862
11.3411
11.3151
11.327
11.3032
11.265
11.323
11.349
11.2941
11.3041
11.3151
11.3239
11.2939
11.3208
11.338
11.317
11.251
11.3201
11.3249
11.27
11.323
11.292
11.3571
11.296
11.3039
11.2309
11.302
11.3239
11.3828
11.2751
11.3201
11.3389
11.3509
11.301
11.2641
11.348
11.261
11.3149
11.3399
11.3268
11.349
11.2879
11.3201
11.3132
11.358
11.2941
11.301
11.317
11.3101
11.2889
11.3039
11.3389
11.3101
11.328
11.3521
11.3502
11.2879
11.3311
11.312
11.2958
11.3869
11.349
11.3211
11.2829
11.3201
11.353
11.337
11.358
11.313
11.3158
11.368
11.363
11.2691
11.322
11.333
11.342
11.3151
11.3189
11.3289
11.2641
11.4751
11.2581
11.2808
11.353
11.3492
11.313
11.327
11.312
11.317
11.3349
11.276
11.276
11.2889
11.337
11.313
11.3161
11.3218
11.2689
11.3201
11.323
11.2779
11.405
11.3351
11.3339
11.2779
11.3139
11.3108
11.271
11.3161
11.3401
11.2929
11.3349
11.3139
11.3549
11.3559
11.297
11.307
11.313
11.3142
11.3292
11.3649
11.425
11.301
11.2929
11.363
11.3099
11.313
11.3001
11.3039
11.297
11.306
11.348
11.3111
11.271
11.384
11.3041
11.287
11.3299
11.3058
11.3001
11.3161
11.2572
11.308
11.265
11.323
11.349
11.4481
11.373
11.3912
11.3211
11.3621
11.3409
11.349
11.332
11.256
11.3249
11.2889
11.2951
11.343
11.317
11.38
11.286
11.3339
11.3089
11.281
11.3549
11.3149
11.3299
11.2579
11.317
11.3249
11.3649
11.3358
11.2801
11.2832
11.3189
11.3649
11.3299
11.4019
11.359
11.3471
11.2979
11.3339
11.312
11.307
11.3809
11.2491
11.2579
11.328
11.337
11.277
11.297
11.2729
11.302
11.3502
11.3449
11.3211
11.3461
11.2851
11.2941
11.338
11.2751
11.328
11.3032
11.3609
11.312
11.323
11.286
11.313
11.3351
11.3389
11.3049
11.2879
11.3461
11.3492
11.3561
11.318
11.2889
11.286
11.3142
11.291
11.2939
11.2948
11.297
11.349
11.3549
11.359
11.323
11.338
11.3111
11.389
11.327
11.3561
11.3029
11.3351
11.343
11.3158
11.2801
11.3101
11.2832
11.3189
11.291
11.3261
11.3349
11.3392
11.3041
11.3249
11.2588
11.42
11.2729
11.317
11.3399
11.344
11.277
11.2941
11.3091
11.261
11.313
11.328
11.343
11.323
11.3242
11.282
11.2851
11.3101
11.2901
11.327
11.3499
11.363
11.3161
11.3292
11.2751
11.2469
11.343
11.3552
11.297
11.3199
11.3101
11.3091
11.3599
11.3289
11.3299
11.436
11.2901
11.301
11.2829
11.3039
11.3318
11.256
11.2898
11.3409
11.3111
11.2929
11.3969
11.2989
11.266
11.3289
11.348
11.2622
11.3111
11.2901
11.2979
11.291
11.2472
11.3411
11.307
11.349
11.3029
11.266
11.318
11.2591
11.3301
11.3192
11.287
11.3358
11.307
11.3232
11.3239
11.3189
11.3008
11.2779
11.3351
11.2991
11.2982
11.3189
11.3349
11.337
11.2681
11.306
11.344
11.344
11.2598
11.296
11.306
11.337
11.3239
11.3289
11.3409
11.2789
11.3568
11.3161
11.3721
11.2951
11.389
11.2579
11.2751
11.333
11.344
11.348
11.3151
11.3349
11.3358
11.3361
11.3199
11.3451
11.2991
11.2669
11.3299
11.229
11.308
11.3301
11.3568
11.302
11.3039
11.3311
11.2519
11.2021
11.2998
11.3459
11.3249
11.3358
11.3139
11.3389
11.3621
11.2932
11.342
11.323
11.3101
11.2989
11.25
11.3411
11.3082
11.291
11.327
11.2891
11.56
11.3101
11.3301
11.3201
11.3342
11.3621
11.3711
11.2801
11.3301
11.3571
11.2882
11.3461
11.368
11.3389
11.3192
11.291
11.3099
11.318
11.2882
11.349
11.3049
11.3299
11.3389
11.25
11.3389
11.384
11.297
11.277
11.313
11.2731
11.2901
11.2722
11.2441
11.348
11.302
11.3189
11.3239
11.394
11.359
11.3261
11.312
11.3349
11.312
11.3711
11.3001
11.2929
11.307
11.3699
11.3709
11.3559
11.318
11.2951
11.3139
11.2681
11.277
11.3249
11.2851
11.286
11.3728
11.2729
11.332
11.3111
11.312
11.251
11.26
11.2979
11.338
11.332
11.3299
11.3292
11.312
11.276
11.3251
11.2979
11.308
11.287
11.2729
11.291
11.363
11.26
11.2998
11.3599
11.3308
11.318
11.3552
11.272
11.322
11.3461
11.4
11.246
11.332
11.286
11.3349
11.313
11.277
11.3621
11.2958
11.3249
11.3249
11.3471
11.2801
11.2941
11.3561
11.307
11.3049
11.3161
11.328
11.3308
11.344
11.3289
11.358
11.3099
11.337
11.3461
11.2779
11.3409
11.276
11.2782
11.3599
11.3101
11.3671
11.2832
11.333
11.323
11.2851
11.4038
11.276
11.3289
11.3471
11.3249
11.322
11.2729
11.2641
11.296
11.3621
11.2941
11.3862
11.312
11.2779
11.3368
11.3449
11.3382
11.312
11.3151
11.3091
11.3161
11.327
11.292
11.2801
11.266
11.3199
11.3041
11.3301
11.323
11.3139
11.2948
11.2751
11.3471
11.3399
11.3418
11.323
11.3301
11.322
11.2929
11.3001
11.302
11.3468
11.2901
11.3339
11.3289
11.3301
11.2209
11.3461
11.338
11.2791
11.2381
11.3091
11.3041
11.302
11.3301
11.287
11.323
11.3318
11.328
11.302
11.3831
11.297
11.318
11.3611
11.3282
11.276
11.2801
11.3058
11.2739
11.281
11.5039
11.2669
11.2879
11.3111
11.3139
11.3051
11.332
11.3089
11.2731
11.343
11.3299
11.3308
11.3149
11.3559
11.2989
11.3299
11.2848
11.323
11.3132
11.3449
11.3211
11.3311
11.2929
11.291
11.323
11.3389
11.276
11.342
11.3029
11.348
11.3561
11.2939
11.3311
11.261
11.277
11.2982
11.2851
11.3058
11.266
11.333
11.333
11.3239
11.2948
11.2538
11.312
11.296
11.3349
11.3242
11.297
11.277
11.301
11.2841
11.3029
11.389
11.2779
11.2731
11.307
11.307
11.313
11.3189
11.318
11.3001
11.3511
11.3721
11.3301
11.3201
11.2751
11.3349
11.308
11.3261
11.3292
11.3251
11.3041
11.384
11.3261
11.3358
11.349
11.3459
11.3549
11.2722
11.296
11.2798
11.354
11.3492
11.337
11.2801
11.312
11.2679
11.2739
11.266
11.344
11.297
11.3461
11.3091
11.3132
11.3261
11.3931
11.3199
11.2889
11.2641
11.323
11.2798
11.364
11.281
11.3111
11.332
11.3091
11.3571
11.2848
11.3029
11.333
11.3161
11.348
11.333
11.4088
11.281
11.313
11.313
11.3089
11.3599
11.306
11.3399
11.306
11.291
11.308
11.327
11.2879
11.342
11.291
11.3111
11.3401
11.2839
11.3089
11.3001
11.2989
11.2739
11.2541
11.3771
11.2541
11.313
11.282
11.323
11.323
11.3511
11.2798
11.2851
11.3339
11.328
11.281
11.3809
11.312
11.3111
11.3621
11.348
11.2932
11.3461
11.3461
11.343
11.291
11.3089
11.292
11.266
11.272
11.322
11.333
11.3621
11.3199
11.2729
11.353
11.3029
11.3218
11.349
11.3039
11.3258
11.3759
11.3108
11.3442
11.306
11.25
11.297
11.342
11.332
11.3101
11.3351
11.2891
11.354
11.3349
11.3029
11.3621
11.2691
11.271
11.302
11.3621
11.2741
11.2889
11.3549
11.328
11.3311
11.327
11.3158
11.2889
11.214
11.369
11.276
11.3521
11.3232
11.343
11.276
11.2851
11.3862
11.312
11.3399
11.2789
11.349
11.2941
11.3151
11.2891
11.2879
11.2989
11.297
11.332
11.302
11.3339
11.2851
11.3339
11.3091
11.3261
11.2891
11.323
11.26
11.307
11.3349
11.354
11.261
11.2991
11.3299
11.3039
11.2889
11.291
11.3552
11.327
11.3471
11.322
11.337
11.333
11.2979
11.3261
11.225
11.3409
11.3299
11.2739
11.2998
11.2829
11.27
11.337
11.2851
11.317
11.3289
11.3089
11.328
11.3411
11.3499
11.3199
11.3249
11.2901
