0.290155
0.236034
0.231028
0.229836
0.228882
0.228882
0.22912
0.22912
0.230074
0.228167
0.228167
0.228882
0.230074
0.22912
0.228882
0.227928
0.228882
0.229836
0.213861
0.212908
0.213146
0.213146
0.207901
0.198841
0.19908
0.19908
0.19908
0.200033
0.19908
0.19908
0.19908
0.19908
0.200033
0.198841
0.198841
0.200033
0.200033
0.19908
0.198841
0.198841
0.19908
0.200033
0.19908
0.19908
0.19908
0.19908
0.198841
0.198841
0.200033
0.19908
0.200033
0.200033
0.198841
0.19908
0.200033
0.200033
0.198841
0.199795
0.200033
0.19908
0.200033
0.19908
0.200033
0.200033
0.19908
0.200033
0.19908
0.200033
0.198841
0.199795
0.19908
0.200033
0.19908
0.200033
0.19908
0.200033
0.200033
0.19908
0.200033
0.199795
0.200033
0.200033
0.19908
0.200033
0.198841
0.200033
0.200033
0.19908
0.200033
0.199795
0.19908
0.200033
0.200033
0.19908
0.200033
0.199795
0.200033
0.200033
0.19908
0.200033
0.200033
0.200033
0.19908
0.200033
0.198841
0.199795
0.19908
0.200033
0.19908
0.200033
0.200033
0.19908
0.19908
0.200033
0.200033
0.199795
0.200033
0.19908
0.200033
0.19908
0.200033
0.199795
0.19908
0.200033
0.19908
0.200033
0.198841
0.201941
0.200987
0.200987
0.202179
0.19908
0.202894
0.199795
0.198841
0.200033
0.19908
0.200033
0.19908
0.200033
0.200033
0.200033
0.19908
0.200033
0.19908
0.198841
0.199795
0.19908
0.19908
0.200033
0.19908
0.200033
0.198841
0.200033
0.200987
0.200033
0.198841
0.198841
0.200033
0.200033
0.200033
0.198841
0.198841
0.19908
0.200033
0.19908
0.200033
0.19908
0.199795
0.200033
0.19908
0.200033
0.198841
0.199795
0.200033
0.200033
0.19908
0.200033
0.198841
0.198841
0.19908
0.19908
0.200033
0.19908
0.199795
0.198841
0.200033
0.19908
0.19908
0.199795
0.19908
0.200033
0.19908
0.200033
0.200033
0.198841
0.198841
0.19908
0.200033
0.19908
0.200033
0.199795
0.19908
0.200033
0.200033
0.199795
0.19908
0.19908
0.200033
0.200033
0.200033
0.19908
0.19908
0.200033
0.19908
0.199795
0.198841
0.200033
0.19908
0.200033
0.198841
0.19908
0.200033
0.19908
0.200033
0.19908
0.199795
0.198841
0.200033
0.200033
0.19908
0.200033
0.198841
0.200033
0.200033
0.19908
0.200033
0.19908
0.199795
0.198841
0.200033
0.19908
0.19908
0.19908
0.200033
0.198841
0.19908
0.19908
0.200033
0.19908
0.200033
0.199795
0.19908
0.200033
0.19908
0.200987
0.200987
0.200987
0.200987
0.200033
0.20504
0.19908
0.19908
0.200033
0.198841
0.199795
0.19908
0.200033
0.200987
0.198841
0.200033
0.19908
0.200033
0.19908
0.200033
0.198841
0.199795
0.200033
0.19908
0.200033
0.19908
0.200033
0.198841
0.200033
0.200033
0.19908
0.199795
0.198841
0.200033
0.19908
0.200033
0.19908
0.200033
0.200033
0.19908
0.200033
0.200033
0.19908
0.200987
0.19908
0.19908
0.200033
0.19908
0.200033
0.198841
0.200033
0.200033
0.19908
0.200033
0.19908
0.200033
0.198841
0.199795
0.19908
0.200033
0.19908
0.200033
0.19908
0.199795
0.198841
0.200033
0.200033
0.19908
0.19908
0.200033
0.198841
0.198841
0.200033
0.19908
0.19908
0.200033
0.19908
0.200033
0.198841
0.200033
0.19908
0.200033
0.19908
0.19908
0.200033
0.198841
0.198841
0.200033
0.19908
0.200033
0.19908
0.200033
0.198841
0.200033
0.19908
0.200033
0.19908
0.200033
0.198841
0.199795
0.200033
0.200033
0.19908
0.200033
0.198841
0.200033
0.19908
0.200033
0.200033
0.199795
0.198841
0.19908
0.200033
0.19908
0.200033
0.19908
0.198841
0.19908
0.200033
0.19908
0.200033
0.198841
0.198841
0.198841
0.19908
0.19908
0.200033
0.19908
0.200987
0.200987
0.200987
0.200987
0.200033
0.20504
0.200033
0.19908
0.200033
0.200033
0.200033
0.19908
0.200033
0.19908
0.199795
0.198841
0.19908
0.19908
0.200033
0.200033
0.200033
0.200033
0.19908
0.200033
0.200033
0.198841
0.200033
0.19908
0.19908
0.200033
0.19908
0.200033
0.198841
0.200033
0.200987
0.19908
0.200033
0.198841
0.200033
0.200033
0.19908
0.200033
0.19908
0.200033
0.198841
0.200033
0.19908
0.19908
0.200033
0.199795
0.200033
0.19908
0.19908
0.200033
0.198841
0.200033
0.19908
0.200033
0.19908
0.200033
0.19908
0.199795
0.198841
0.200033
0.200033
0.198841
0.199795
0.19908
0.19908
0.200033
0.19908
0.200033
0.198841
0.198841
0.199795
0.19908
0.19908
0.200033
0.19908
0.19908
0.198841
0.198841
0.200033
0.19908
0.200033
0.19908
0.19908
0.199795
0.198841
0.198841
0.200033
0.19908
0.200033
0.19908
0.19908
0.199795
0.198841
0.198841
0.200033
0.19908
0.19908
0.200033
0.19908
0.198841
0.199795
0.19908
0.200033
0.19908
0.200033
0.198841
0.198841
0.200033
0.19908
0.19908
0.200033
0.19908
0.19908
0.200033
0.198841
0.198841
0.200033
0.19908
0.200033
0.19908
0.19908
0.200033
0.198841
0.200033
0.200987
0.201225
0.200987
0.200987
0.198841
0.202894
0.200033
0.19908
0.200033
0.19908
0.200033
0.199795
0.198841
0.200033
0.19908
0.200033
0.19908
0.200033
0.198841
0.200033
0.200033
0.19908
0.200033
0.199795
0.200033
0.19908
0.200033
0.200033
0.19908
0.200033
0.19908
0.199795
0.200033
0.200033
0.19908
0.200033
0.198841
0.198841
0.200033
0.19908
0.200033
0.199795
0.200033
0.19908
0.200033
0.200033
0.200033
0.19908
0.19908
0.200033
0.200033
0.198841
0.200033
0.19908
0.200033
0.200033
0.198841
0.200033
0.19908
0.19908
0.200033
0.19908
0.199795
0.200033
0.200033
0.19908
0.200033
0.199795
0.200033
0.19908
0.200033
0.200033
0.198841
0.19908
0.200033
0.200033
0.19908
0.200033
0.198841
0.200033
0.19908
0.200033
0.19908
0.198841
0.200033
0.200033
0.200033
0.199795
0.200033
0.200033
0.19908
0.200033
0.199795
0.200033
0.200033
0.19908
0.200033
0.200033
0.19908
0.200033
0.200033
0.198841
0.19908
0.200033
0.200033
0.19908
0.199795
0.200033
0.19908
0.200033
0.200033
0.198841
0.200033
0.19908
0.200033
0.200033
0.19908
0.199795
0.198841
0.200033
0.200033
0.19908
0.200033
0.199795
0.19908
0.200033
0.200033
0.19908
0.202179
0.200987
0.200987
0.200987
0.200033
0.20504
0.200033
0.199795
0.198841
0.200033
0.200033
0.200987
0.198841
0.200033
0.200033
0.200033
0.198841
0.199795
0.19908
0.19908
0.200033
0.200033
0.200033
0.19908
0.19908
0.200033
0.200033
0.200033
0.19908
0.200033
0.200033
0.200033
0.200033
0.200033
0.200033
0.200033
0.19908
0.200033
0.200033
0.199795
0.200033
0.19908
0.200033
0.200033
0.199795
0.19908
0.200033
0.200033
0.199795
0.200033
0.19908
0.200033
0.199795
0.198841
0.19908
0.200033
0.19908
0.200033
0.200033
0.200033
0.200033
0.200987
0.19908
0.200033
0.200033
0.200033
0.200033
0.200033
0.200033
0.200033
0.198841
0.200033
0.200033
0.200033
0.200033
0.200033
0.200033
0.200033
0.200033
0.200033
0.200987
0.198841
0.200033
0.200033
0.200033
0.19908
0.200033
0.200033
0.19908
0.200033
0.200987
0.200987
0.200033
0.19908
0.200033
0.200033
0.200033
0.19908
0.200033
0.199795
0.198841
0.200033
0.200033
0.200033
0.199795
0.200033
0.200033
0.199795
0.198841
0.200033
0.200033
0.199795
0.198841
0.19908
0.200033
0.200033
0.198841
0.198841
0.200033
0.200033
0.199795
0.200033
0.19908
0.19908
0.200033
0.200033
0.200033
0.19908
0.202179
0.200987
0.201225
0.200987
0.200033
0.200033
0.200033
0.200033
0.199795
0.198841
0.19908
0.200033
0.199795
0.200033
0.200033
0.200033
0.19908
0.199795
0.200033
0.19908
0.200033
0.200033
0.200033
0.200033
0.200033
0.198841
0.200033
0.200033
0.200033
0.198841
0.199795
0.200033
0.200033
0.200033
0.198841
0.200033
0.200033
0.199795
0.200033
0.200033
0.200033
0.198841
0.199795
0.200033
0.200033
0.19908
0.200033
0.200033
0.200033
0.19908
0.200033
0.200033
0.200033
0.19908
0.200033
0.200033
0.200033
0.19908
0.19908
0.200033
0.200033
0.19908
0.200033
0.200033
0.200033
0.198841
0.200033
0.200033
0.19908
0.200033
0.199795
0.200033
0.200033
0.19908
0.200033
0.200033
0.19908
0.200033
0.200033
0.19908
0.199795
0.200033
0.200033
0.200033
0.200033
0.19908
0.200033
0.200033
0.200033
0.200033
0.19908
0.200033
0.198841
0.199795
0.200033
0.19908
0.200033
0.199795
0.198841
0.200033
0.200033
0.19908
0.200033
0.198841
0.19908
0.200033
0.19908
0.200033
0.199795
0.198841
0.200033
0.19908
0.200033
0.19908
0.200033
0.198841
0.200033
0.19908
0.19908
0.200033
0.198841
0.199795
0.200033
0.19908
0.200033
0.19908
0.200033
0.198841
0.201941
0.200987
0.200987
0.202179
0.200033
0.205994
0.200033
0.200033
0.200033
0.200033
0.200033
0.200033
0.200033
0.198841
0.200033
0.200033
0.200033
0.199795
0.200033
0.200033
0.200033
0.200033
0.200987
0.200987
0.19908
0.19908
0.200033
0.200033
0.198841
0.200033
0.200033
0.200033
0.200987
0.200033
0.200033
0.199795
0.198841
0.200033
0.200033
0.199795
0.200033
0.200033
0.19908
0.198841
0.200033
0.200033
0.200033
0.200987
0.19908
0.200033
0.200033
0.199795
0.200033
0.200033
0.200033
0.199795
0.198841
0.200033
0.200033
0.200033
0.198841
0.200033
0.200033
0.200033
0.198841
0.200033
0.19908
0.200033
0.200033
0.198841
0.200033
0.200033
0.19908
0.200033
0.19908
0.199795
0.200033
0.200033
0.200033
0.199795
0.198841
0.200033
0.200033
0.200033
0.199795
0.19908
0.200033
0.200033
0.19908
0.200033
0.200033
0.19908
0.200033
0.200033
0.198841
0.200033
0.200033
0.200033
0.199795
0.200033
0.19908
0.200033
0.19908
0.200033
0.199795
