8.87394
6.52599
6.54316
6.5341
6.53315
6.52409
6.52289
6.53386
6.53696
6.5341
6.52504
6.52909
6.52695
6.531
6.53505
6.53195
6.53911
6.52218
6.53005
6.5341
6.52504
6.52885
6.52695
6.53601
6.51789
6.5279
6.52885
6.52385
6.52695
6.51979
6.5341
6.52409
6.51813
6.53601
6.52599
6.54197
6.52313
6.52289
6.53505
6.5248
6.5279
6.52695
6.52003
6.52289
6.52695
6.39606
6.53601
6.53195
6.52814
6.51312
6.52695
6.52409
6.54602
6.52885
6.53195
6.53291
6.53315
6.53315
6.52695
6.53195
6.5279
6.52885
6.52885
6.52695
6.531
6.53696
6.52814
6.52599
6.52885
6.53386
6.5248
6.53386
6.531
6.53696
6.53815
6.54483
6.53696
6.53005
6.52909
6.52003
6.53696
6.52909
6.52099
6.531
6.51693
6.531
6.52599
6.531
6.52719
6.52599
6.53195
6.54411
6.53696
6.53696
6.51813
6.53601
6.52289
6.51908
6.5279
6.52504
6.52504
6.531
6.51598
6.52218
6.52599
6.52695
6.52695
6.52099
6.53005
6.53291
6.52099
6.54197
6.53982
6.53291
6.531
6.53386
6.54197
6.53481
6.52885
6.5279
6.53291
6.52599
6.5279
6.53315
6.53601
6.53195
6.51908
6.53982
6.53696
6.52194
6.5341
6.52814
6.52623
6.531
6.53481
6.52385
6.52909
6.52981
6.52194
6.53291
6.53505
6.5279
6.52504
6.51789
6.51693
6.5248
6.53005
6.51813
6.54197
6.52909
6.52313
6.52599
6.53195
6.51598
6.52885
6.53386
6.531
6.52313
6.53195
6.531
6.52003
6.53601
6.52194
6.53696
6.51908
6.52909
6.5279
6.53219
6.53982
6.5341
6.53195
6.52003
6.52504
6.52194
6.53601
6.52719
6.52909
6.531
6.52695
6.53219
6.5279
6.53195
6.52599
6.52599
6.53005
6.53386
6.5279
6.52599
6.53005
6.52194
6.51789
6.52409
6.5279
6.531
6.51598
6.52909
6.51908
6.52599
6.531
6.52909
6.52719
6.53696
6.531
6.5279
6.53505
6.52289
6.52003
6.54507
6.53195
6.52623
6.53291
6.53791
6.53791
6.53291
6.53791
6.52409
6.52909
6.53005
6.5279
6.52003
6.5279
6.531
6.53911
6.54101
6.5279
6.51979
6.52289
6.52194
6.52695
6.54006
6.5248
6.52909
6.51693
6.51693
6.52981
6.52885
6.51693
6.51002
6.54101
6.52504
6.51503
6.52695
6.53815
6.52003
6.51693
6.52909
6.52409
6.52409
6.51908
6.52504
6.53005
6.52313
6.52909
6.53887
6.531
6.53005
6.5341
6.52814
6.52504
6.53195
6.53005
6.52814
6.52099
6.52981
6.52695
6.53696
6.53291
6.5279
6.52313
6.53601
6.52003
6.52099
6.53887
6.52313
6.531
6.53601
6.52695
6.51908
6.52099
6.53195
6.53911
6.531
6.53005
6.53601
6.53696
6.53195
6.52003
6.52385
6.51693
6.52599
6.53505
6.52194
6.52194
6.52504
6.53291
6.52099
6.52409
6.52003
6.52194
6.52885
6.52981
6.52695
6.52695
6.53315
6.52814
6.531
6.52385
6.51884
6.51693
6.54292
6.52409
6.54006
6.53005
6.52599
6.51693
6.53386
6.52099
6.52099
6.53887
6.53911
6.52289
6.53005
6.51908
6.52194
6.51908
6.54387
6.52289
6.53005
6.52814
6.5341
6.531
6.52695
6.55103
6.52909
6.53005
6.53601
6.531
6.51979
6.52409
6.53601
6.53005
6.53386
6.53601
6.51908
6.52409
6.51813
6.53815
6.53195
6.52814
6.52909
6.5341
6.53291
6.52599
6.52599
6.52194
6.52289
6.531
6.52313
6.54411
6.54387
6.53005
6.53386
6.53696
6.53696
6.53195
6.52504
6.52289
6.52504
6.53505
6.52695
6.52599
6.52313
6.53291
6.53601
6.52599
6.52194
6.52695
6.53005
6.52981
6.52695
6.52194
6.53005
6.531
6.53505
6.53005
6.53195
6.52695
6.52909
6.51598
6.53911
6.52504
6.52695
6.54006
6.53791
6.531
6.52409
6.53601
6.52289
6.531
6.54197
6.53601
6.53315
6.52695
6.5279
6.54292
6.52695
6.54221
6.531
6.52099
6.52599
6.51717
6.51598
6.5341
6.53291
6.52122
6.52695
6.52599
6.52695
6.53005
6.5279
6.52385
6.5279
6.53005
6.52695
6.53195
6.51598
6.52409
6.53195
6.53195
6.52695
6.53195
6.53005
6.52504
6.52003
6.531
6.52313
6.51693
6.52695
6.52885
6.531
6.53696
6.53696
6.53195
6.53601
6.52003
6.52599
6.5279
6.52099
6.53505
6.52194
6.5341
6.53601
6.5248
6.51908
6.52695
6.52599
6.53005
6.52909
6.52409
6.52218
6.52218
6.52289
6.5279
6.52194
6.53386
6.53505
6.52814
6.52885
6.53505
6.5279
6.53005
6.531
6.51693
6.52385
6.52599
6.52099
6.52504
6.51908
6.52504
6.52099
6.52313
6.52122
6.531
6.52099
6.53195
6.53219
6.53195
6.52814
6.52909
6.52409
6.51884
6.51789
6.52289
6.52599
6.52313
6.53005
6.52313
6.51789
6.5279
6.52909
6.53291
6.54697
6.52909
6.52099
6.52599
6.52504
6.52099
6.54006
6.52885
6.52599
6.52599
6.51503
6.52289
6.52289
6.52003
6.52003
6.52504
6.52122
6.52909
6.53291
6.52504
6.531
6.5341
6.53386
6.52909
6.53315
6.5279
6.52981
6.54387
6.54006
6.52289
6.51908
6.51598
6.52194
6.52385
6.53005
6.52599
6.51193
6.53315
6.53696
6.53195
6.531
6.51312
6.53315
6.51908
6.5341
6.54101
6.52313
6.53386
6.52695
6.52504
6.53005
6.52289
6.53195
6.54292
6.5279
6.5248
6.52289
6.52695
6.52981
6.53291
6.52289
6.53005
6.52695
6.52385
6.53696
6.51503
6.52099
6.54292
6.55198
6.53195
6.52599
6.52099
6.5341
6.54006
6.53005
6.531
6.52885
6.54197
6.53195
6.52385
6.52289
6.52409
6.531
6.531
6.53291
6.53195
6.53696
6.52289
6.54793
6.52504
6.53005
6.531
6.51693
6.53505
6.55007
6.53601
6.52099
6.5341
6.531
6.531
6.54507
6.53005
6.52003
6.52313
6.54912
6.52885
6.53505
6.52695
6.52981
6.52385
6.52599
6.54316
6.52504
6.52814
6.5279
6.51979
6.53791
6.52385
6.52599
6.54602
6.52885
6.52504
6.51503
6.52194
6.52909
6.52981
6.53195
6.53791
6.53505
6.52814
6.53601
6.54101
6.53195
6.5248
6.531
6.52909
6.52194
6.52599
6.52003
6.51884
6.52003
6.54387
6.52504
6.53601
6.52385
6.5279
6.5372
6.53315
6.53696
6.53601
6.52599
6.53601
6.51693
6.52504
6.52194
6.51813
6.52981
6.52003
6.52194
6.53505
6.52981
6.53601
6.54197
6.52599
6.53315
6.531
6.52385
6.53195
6.53195
6.52313
6.5341
6.52695
6.53291
6.53601
6.51813
6.52504
6.52981
6.52909
6.53505
6.52099
6.53791
6.52599
6.52695
6.52695
6.5248
6.52099
6.5279
6.53505
6.52695
6.54197
6.52313
6.531
6.52599
6.52504
6.52719
6.51693
6.52695
6.53291
6.51789
6.54101
6.51908
6.52194
6.54006
6.53505
6.51884
6.53195
6.52599
6.51813
6.52814
6.5341
6.53505
6.53696
6.53791
6.54292
6.53195
6.52909
6.5341
6.54507
6.52885
6.53195
6.53291
6.52909
6.52313
6.52599
6.5279
6.52885
6.52099
6.5341
6.54697
6.52885
6.51693
6.52003
6.5279
6.531
6.53291
6.53219
6.531
6.5248
6.52289
6.53887
6.53195
6.54101
6.53481
6.52289
6.52599
6.52599
6.51884
6.53481
6.53505
6.52695
6.53982
6.52909
6.52003
6.51884
6.53696
6.51598
6.5279
6.52194
6.53195
6.53005
6.52504
6.52909
6.52814
6.52695
6.53791
6.52313
6.52409
6.5341
6.5279
6.55198
6.53291
6.53696
6.52885
6.54387
6.53505
6.52909
6.52885
6.54101
6.51407
6.52313
6.52409
6.52504
6.53291
6.531
6.51908
6.5341
6.53386
6.52099
6.52599
6.53481
6.51908
6.52194
6.53481
6.53291
6.53505
6.54197
6.52885
6.52504
6.53505
6.52385
6.52099
6.52909
6.53195
6.5279
6.5279
6.53219
6.52099
6.51407
6.52122
6.54006
6.5279
6.53005
6.53386
6.54197
6.531
6.53291
6.53911
6.52719
6.5372
6.52599
6.51813
6.52909
6.53005
6.52695
6.53195
6.52909
6.52313
6.52194
6.52599
6.53315
6.52218
6.52003
6.52695
6.52909
6.53291
6.5341
6.531
6.53791
6.5279
6.54292
6.51813
6.52003
6.53005
6.52599
6.53696
6.5248
6.52099
6.53601
6.52814
6.52909
6.52814
6.54101
6.53219
6.51813
6.52099
6.53791
6.53696
6.51908
6.52599
6.52885
6.52003
6.53911
6.52409
6.53291
6.52504
6.52385
6.52599
6.52599
6.53696
6.52194
6.51598
6.52599
6.531
6.53815
6.53505
6.52504
6.55389
6.52885
6.53601
6.52409
6.53315
6.52814
6.52909
6.52099
6.53791
6.53696
6.52218
6.52409
6.52885
6.54411
6.52194
6.52385
6.52885
6.51789
6.53005
6.5341
6.52814
6.52504
6.52695
6.52409
6.52695
6.531
6.5372
6.52409
6.53601
6.5372
6.5341
6.52003
6.53219
6.5341
6.53505
6.5341
6.51908
6.52695
6.53911
6.52504
6.52218
6.52409
6.53505
6.54507
6.52003
6.52099
6.531
6.52695
6.52981
6.53005
6.5341
6.52599
6.54507
6.52409
6.53005
6.5279
6.52218
6.53696
6.53911
6.531
6.52885
6.52504
6.53696
6.5341
6.531
6.52003
6.51789
6.53505
6.53386
6.53601
6.53219
6.52003
6.52695
6.52719
6.52695
6.5279
6.51884
6.52289
6.52194
6.53195
6.52409
6.52599
6.52313
6.52981
6.52695
6.52909
6.53887
6.52599
6.52599
6.38485
6.531
6.531
6.52194
6.53005
6.52909
6.52313
6.52289
6.51884
6.52099
6.51884
6.52695
6.52385
6.5248
6.52599
6.52385
6.5279
6.52194
6.52504
6.52385
6.52313
6.54197
6.53005
6.531
6.53505
6.52814
6.5341
6.52599
6.53195
6.52885
6.52885
6.52003
6.531
6.52099
