300723
300627
300429
300133
299742
299253
298662
297977
297195
296314
295339
294264
293096
291832
290475
289020
287471
285833
2129838390
229132
240258
251294
262228
273063
283794
294415
304922
315312
325581
335726
345738
355618
365362
374964
565120
682531
694733
706676
718345
729737
740851
751676
762221
772455
782401
792045
801383
810415
1349484
1469369
1480199
1490526
1500229
1509369
1965332
2835421
2845363
3231835
5493355
8398190
38864051
979237481
248351
252549
256649
260650
264553
268350
272045
275636
279124
282497
478649
577847
583939
589808
595449
600860
606040
610986
615698
620179
624406
628400
632161
635661
1196445
1283884
1289425
1294468
1299012
1303057
1809474
2619274
2624341
3117620
5262884
8386541
143637360
873533621
