0.00000000000000000000000000000000
0.00000007706459115297548123635352
0.00000015412918230595096247270703
0.00000023119378056435380131006241
0.00000030825836461190192494541407
0.00000038532294865945004858076572
0.00000046238756112870760262012482
0.00000053945211675454629585146904
0.00000061651672922380384989082813
0.00000069358134169306140393018723
0.00000077064589731890009716153145
0.00000084771050978815765120089054
0.00000092477512225741520524024963
0.00000100183967788325389847159386
0.00000107890423350909259170293808
0.00000115596890282176900655031204
0.00000123303345844760769978165627
0.00000131009801407344639301300049
0.00000138716268338612280786037445
0.00000146422723901196150109171867
0.00000154129179463780019432306290
0.00000161835646395047660917043686
0.00000169542101957631530240178108
0.00000177248557520215399563312531
0.00000184955024451483041048049927
0.00000192661468645383138209581375
0.00000200367935576650779694318771
0.00000208074402507918421179056168
0.00000215780846701818518340587616
0.00000223487313633086159825325012
0.00000231193780564353801310062408
0.00000238900224758253898471593857
0.00000246606691689521539956331253
0.00000254313158620789181441068649
0.00000262019602814689278602600098
0.00000269726069745956920087337494
0.00000277432536677224561572074890
0.00000285138980871124658733606339
0.00000292845447802392300218343735
0.00000300551914733659941703081131
0.00000308258358927560038864612579
0.00000315964825858827680349349976
0.00000323671292790095321834087372
0.00000331377736983995418995618820
0.00000339084203915263060480356216
0.00000346790670846530701965093613
0.00000354497115040430799126625061
0.00000362203581971698440611362457
0.00000369910048902966082096099854
0.00000377616493096866179257631302
0.00000385322937290766276419162750
0.00000393029404222033917903900146
0.00000400735871153301559388637543
0.00000408442338084569200873374939
0.00000416148805015836842358112335
0.00000423855271947104483842849731
0.00000431561693403637036681175232
0.00000439268160334904678165912628
0.00000446974627266172319650650024
0.00000454681094197439961135387421
0.00000462387561128707602620124817
0.00000470094028059975244104862213
0.00000477800449516507796943187714
0.00000485506916447775438427925110
0.00000493213383379043079912662506
0.00000500919850310310721397399902
0.00000508626317241578362882137299
0.00000516332738698110915720462799
0.00000524039205629378557205200195
0.00000531745672560646198689937592
0.00000539452139491913840174674988
0.00000547158606423181481659412384
0.00000554865073354449123144149780
0.00000562571494810981675982475281
0.00000570277961742249317467212677
0.00000577984428673516958951950073
0.00000585690895604784600436687469
0.00000593397362536052241921424866
0.00000601103829467319883406162262
0.00000608810250923852436244487762
0.00000616516717855120077729225159
0.00000624223184786387719213962555
0.00000631929651717655360698699951
0.00000639636118648923002183437347
0.00000647342585580190643668174744
0.00000655049007036723196506500244
0.00000662755473967990837991237640
0.00000670461940899258479475975037
0.00000678168407830526120960712433
0.00000685874874761793762445449829
0.00000693581341693061403930187225
0.00000701287763149593956768512726
0.00000708994230080861598253250122
0.00000716700697012129239737987518
0.00000724407163943396881222724915
0.00000732113630874664522707462311
0.00000739820097805932164192199707
0.00000747526519262464717030525208
0.00000755232986193732358515262604
0.00000762939453125000000000000000
0.00000770645874581532552838325500
