10.1411
9.90605
9.90701
9.88579
9.90319
9.88507
9.8989
9.89199
9.88603
9.89103
9.87983
9.89985
9.87887
9.88007
9.88793
9.89985
9.89699
9.88507
9.88102
9.88793
9.89199
9.90009
9.87697
9.88698
9.89103
9.90701
9.90105
9.90009
9.88913
9.88817
9.87101
9.89699
9.89103
9.88984
9.87601
9.89485
9.8989
9.89699
9.88698
9.87697
9.89485
9.89509
9.902
9.89294
9.90582
9.88603
9.9051
9.88793
9.89509
9.89604
9.90796
9.88388
9.89103
9.90391
9.8772
9.88412
9.88817
9.89103
9.9299
9.88984
9.92799
9.93705
9.92608
9.90295
9.95803
9.94396
9.92799
9.92489
9.93109
9.9268
9.93919
9.93991
9.94205
9.93109
9.94015
9.81808
9.93514
9.94205
9.96208
9.94515
9.94301
9.95994
9.974
9.95111
9.96709
9.92298
9.94587
9.93991
9.94515
9.92417
9.93109
9.94587
9.93919
9.94205
9.92894
9.94205
9.94706
9.95278
9.94396
9.95207
9.9349
9.92799
9.95207
9.94301
9.94897
9.95302
9.95708
9.93013
9.96208
9.9628
9.94802
9.96995
9.97615
9.95612
9.97591
9.974
9.99904
9.99308
9.99618
10.0181
10.0112
9.98116
9.99403
10.0088
10.0019
9.9988
9.99403
9.98902
9.99784
9.99403
9.99308
10.0091
9.98616
10.0009
9.98497
9.974
10.0222
9.98592
9.99403
9.99308
9.98998
9.98306
10.0021
10.0012
10.004
9.99498
10.0029
9.99618
9.98497
10.0019
9.99594
9.98402
10.016
9.98998
9.98902
10.0129
9.99784
10.01
9.9771
9.98902
9.98998
9.97591
9.99999
9.99117
10.0031
9.99594
9.99594
9.99904
9.97615
10.01
10.011
10.016
9.99689
9.98998
9.98712
9.9771
9.99093
9.99212
9.99618
9.99999
9.99808
10.0121
10.0031
10.005
9.98306
9.99022
9.99689
10.0091
9.99808
9.99093
9.98712
10.0091
10.0019
9.98402
10.0069
10.0021
10.0119
9.9988
9.99284
10.004
9.98616
9.99212
9.99403
9.98998
10.0169
9.98497
9.99594
9.99713
10.0021
10.004
10.0069
9.99188
9.98807
10.011
9.98616
10.0091
10.0131
10.0031
9.99308
10.006
9.99904
10.0062
10.011
10.0119
10.0219
10.021
10.0281
10.0021
10.025
10.01
10.0088
10.0091
10.0062
10.0191
10.0091
10.015
10.005
10.026
10.0169
10.0138
10.015
10.0169
10.015
10.0369
10.0038
10.0219
10.026
10.0288
10.0138
10.0091
10.0389
10.0281
10.0131
10.015
10.02
10.0091
10.041
10.0241
10.005
10.0331
10.0119
10.0219
10.011
10.016
10.005
10.0131
10.0231
10.005
10.004
10.021
10.0331
10.0081
10.0021
10.0222
10.0219
10.0241
10.006
10.0181
10.0222
10.011
10.025
10.005
10.015
10.015
10.005
10.01
10.015
10.031
10.026
10.0169
10.0079
10.0241
10.021
10.0131
10.021
10.0131
10.0231
10.0229
10.0219
10.006
10.0112
10.0241
10.0131
10.0131
10.0229
10.015
10.0119
10.01
10.0181
10.0119
10.031
10.0331
10.0021
9.99808
10.0091
10.0269
10.0119
10.0191
10.0191
10.015
10.025
9.98998
10.0079
10.0169
9.99403
10.021
10.0129
10.0119
10.015
10.004
10.0141
10.0172
10.0291
10.0129
10.0238
10.015
10.011
10.026
10.0198
10.0019
10.0191
10.0091
10.02
10.0188
10.025
10.025
10.01
9.99999
10.016
10.015
10.006
9.99594
10.0188
10.0219
10.011
10.0291
10.0131
10.0131
10.0241
10.016
10.0241
10.0081
10.0081
10.0219
10.0071
10.011
10.0129
10.0029
10.031
10.0212
10.016
10.0119
10.0241
10.02
10.0141
10.016
10.0241
10.021
10.005
10.015
10.026
10.0181
10.015
10.0069
10.0169
10.0181
10.0119
10.015
10.016
10.0169
10.01
10.016
10.0079
10.005
10.0069
10.0229
10.01
10.0219
10.0231
9.99618
10.0262
10.021
10.03
10.0188
10.005
10.004
10.0112
10.031
10.0179
10.0169
10.0241
10.006
10.01
10.0219
10.036
10.0069
10.0129
10.0338
10.0291
10.0091
10.006
10.0348
10.004
10.0172
10.02
10.0138
10.0091
10.015
10.0241
10.01
10.011
10.0071
10.0331
10.005
10.015
10.0119
10.0079
10.015
10.01
10.02
10.01
10.0181
10.004
10.0081
10.0021
10.006
10.0219
9.99904
10.006
10.0091
10.026
10.0141
10.0088
10.0241
10.0062
10.0141
10.0191
10.015
10.0079
10.031
10.0319
10.0121
10.026
10.004
9.99904
10.0038
10.005
10.0069
10.01
10.011
10.01
10.0121
10.0219
10.0141
10.021
10.0129
10.0169
10.0219
10.03
10.01
10.015
10.0188
10.026
10.0198
10.0172
10.011
10.0219
10.0262
10.0172
10.0191
10.0091
10.0229
10.0162
10.0081
10.006
10.0079
10.0091
10.0181
10.0119
10.0038
