15.8911
15.46
15.475
15.4581
15.4581
15.475
15.471
15.4531
15.475
15.461
15.4641
15.4681
15.4672
15.4629
15.4581
15.4541
15.461
15.4779
15.4629
15.4719
15.4622
15.4719
15.47
15.4669
15.4779
15.4641
15.465
15.4569
15.456
15.465
15.4691
15.4641
15.466
15.4722
15.47
15.4779
15.4879
15.4591
15.461
15.481
15.4729
15.486
15.4672
15.4572
15.4729
15.47
15.4731
15.476
15.465
15.465
15.4591
15.465
15.471
15.476
15.465
15.4719
15.4631
15.466
15.4731
15.4691
15.4841
15.471
15.471
15.471
15.4672
15.475
15.47
15.466
15.471
15.475
15.465
15.4541
15.4681
15.466
15.4881
15.4839
15.4781
15.4719
15.4641
15.471
15.47
15.4579
15.4641
15.4641
15.4719
15.4629
15.4769
15.471
15.4791
15.471
15.471
15.4779
15.4579
15.461
15.4779
15.4729
15.4791
15.4669
15.4521
15.4641
15.48
15.4691
15.4638
15.46
15.4669
15.4581
15.4631
15.4719
15.4741
15.4572
15.46
15.48
15.4731
15.4691
15.461
15.4669
15.4691
15.4691
15.47
15.4579
15.466
15.4579
15.4529
15.451
15.47
15.4779
15.466
15.4681
15.4741
15.4631
15.4581
15.4669
15.4569
15.4581
15.4741
15.46
15.4672
15.4791
15.4719
15.4631
15.486
15.465
15.481
15.4772
15.4569
15.4669
15.4731
15.461
15.4622
15.48
15.4719
15.45
15.461
15.4731
15.4631
15.466
15.47
15.4641
15.471
15.45
15.455
15.4569
15.4638
15.456
15.4629
15.47
15.4669
15.492
15.4679
15.47
15.465
15.4579
15.4681
15.4619
15.461
15.4662
15.471
15.455
15.4631
15.465
15.47
15.4679
15.4829
15.4729
15.4538
15.4681
15.4648
15.4779
15.4719
15.4729
15.4588
15.4641
15.466
15.4629
15.4889
15.476
15.471
15.4669
15.4769
15.465
15.4622
15.4591
15.46
15.4738
15.475
15.4772
15.4791
15.47
15.4629
15.471
15.4591
15.4679
15.455
15.4581
15.47
15.4819
15.4669
15.4681
15.4731
15.4622
15.4731
15.4612
15.487
15.471
15.4729
15.475
15.4691
15.486
15.4691
15.4822
15.48
15.4722
15.4769
15.4769
15.4798
15.465
15.4791
15.466
15.4641
15.481
15.47
15.4569
15.4629
15.4881
15.4681
15.4729
15.4669
15.466
15.4831
15.47
15.4631
15.4679
15.485
15.466
15.4622
15.4631
15.4788
15.475
15.4769
15.4641
15.466
15.465
15.471
15.4741
15.4622
15.4622
15.4731
15.47
15.4672
15.4731
15.4641
15.471
15.4679
15.4681
15.4719
15.466
15.4769
15.4729
15.4662
15.465
15.47
15.471
15.465
15.4691
15.4822
15.4719
15.466
15.4569
15.461
15.471
15.4688
15.4681
15.466
15.4662
15.47
15.4841
15.4719
15.47
15.4631
15.4688
15.4791
15.47
15.4669
15.4722
15.4729
15.4779
15.4719
15.4629
15.4719
15.47
15.4772
15.481
15.471
15.4672
15.4741
15.4741
15.465
15.4591
15.4669
15.4591
15.471
15.4681
15.48
15.466
15.475
15.4741
15.4698
15.476
15.47
15.4631
15.4681
15.4722
15.471
15.466
15.4569
15.4719
15.4622
15.4572
15.4641
15.4631
15.461
15.4741
15.4891
15.4741
15.465
15.4679
15.461
15.4698
15.4669
15.4841
15.4819
15.4638
15.4669
15.4679
15.48
15.4641
15.4519
15.48
15.4691
15.475
15.4581
15.4741
15.4641
15.4619
15.481
15.4641
15.4769
15.4569
15.466
15.466
15.475
15.4662
15.4779
15.4719
15.475
15.4581
15.47
15.48
15.465
15.4638
15.4641
15.46
15.455
15.456
15.4631
15.4598
15.48
15.481
15.4531
15.4572
15.4521
15.455
15.4779
15.471
15.4691
15.4688
15.4829
15.4581
15.47
15.46
15.4641
15.4791
15.4612
15.46
15.4672
15.466
15.4688
15.4779
15.4669
15.4669
15.475
15.4679
15.475
15.4591
15.455
15.4681
15.4619
15.465
15.47
15.47
15.4581
15.4698
15.4681
15.4779
15.4669
15.476
15.4889
15.466
15.481
15.47
15.4669
15.4772
15.4741
15.4648
15.4591
15.4591
15.4638
15.481
15.4712
15.4722
15.4729
15.47
15.4748
15.4631
15.47
15.4681
15.4729
15.475
15.4531
15.456
15.4819
15.47
15.4691
15.461
15.471
15.4638
15.4779
15.4591
15.481
15.4669
15.47
15.4788
15.4691
15.4679
15.4788
15.4629
15.4672
15.46
15.4681
15.4672
15.4719
15.4819
15.4619
15.461
15.491
15.46
15.4729
15.4669
15.4672
15.4719
15.4512
15.4681
15.4719
15.4731
15.4638
15.4688
15.466
15.455
15.4669
15.461
15.461
15.4641
15.4901
15.4769
15.4819
15.4879
15.48
15.4719
15.4638
15.4819
