5.78594
5.70798
5.70798
5.75805
5.71609
5.80001
5.6839
5.68295
5.68008
5.69487
5.70607
5.723
5.73206
5.71799
5.69987
5.69201
5.78094
5.69606
5.70798
5.75495
5.72109
5.71585
5.72205
5.70488
5.68104
5.70798
5.69701
5.69892
5.74207
5.72991
5.72085
5.70011
5.73492
5.73087
5.71012
5.72395
5.72705
5.73087
5.68199
5.68604
5.70107
5.70989
5.70297
5.70202
5.70798
5.6839
5.71513
5.69892
5.6901
5.73301
5.70011
5.69916
5.68199
5.71799
5.70393
5.687
5.72896
5.72109
5.75995
5.69797
5.69701
5.74684
5.68199
5.70107
5.71012
5.71203
5.73516
5.72801
5.68199
5.71299
5.72395
5.71704
5.69916
5.70798
5.70798
5.6951
5.73802
5.70393
5.73015
5.72896
5.71012
5.74088
5.67889
5.7261
5.71609
5.71895
5.69987
5.69701
5.7621
5.73397
5.71513
5.68581
5.70703
5.69892
5.70703
5.70703
5.69415
5.73015
5.70512
5.70083
5.70893
5.69701
5.74303
5.69701
5.70488
5.68891
5.72896
5.72181
5.69916
5.69391
5.6951
5.70297
5.70011
5.65791
5.70416
5.71299
5.6901
5.70083
5.72109
5.72181
5.69701
5.6951
5.69701
5.71203
5.66006
5.6808
5.71394
5.70512
5.7168
5.73397
5.72085
5.71012
5.68295
5.70703
5.71084
5.70416
5.73993
5.70416
5.70393
5.71799
5.7292
5.68008
5.70607
5.71418
5.70083
5.72205
5.71489
5.72205
5.6839
5.69892
5.70321
5.67794
5.71895
5.73206
5.75995
5.73516
5.6808
5.71895
5.74303
5.70512
5.71012
5.687
5.7261
5.68604
5.67889
5.69797
5.70893
5.66387
5.70011
5.73182
5.67508
5.71513
5.69916
5.71513
5.75185
5.72014
5.70512
5.67889
5.72109
5.68104
5.70798
5.70202
5.69201
5.71394
5.70393
5.70607
5.69487
5.67698
5.74398
5.69201
5.70893
5.70011
5.69201
5.71203
5.71084
5.70512
5.70893
5.72395
5.71585
5.68604
5.72085
5.68795
5.71799
5.73516
5.70202
5.71799
5.73301
5.69606
5.73707
5.70202
5.71489
5.70393
5.71299
5.69391
5.66697
5.72085
5.70393
5.71108
5.76186
5.69916
5.68199
5.70297
5.73516
5.70583
5.71299
5.71203
5.71895
5.71299
5.70297
5.70512
5.75113
5.72085
5.6951
5.69487
5.71108
5.6901
5.74803
5.69916
5.71799
5.69105
5.70393
5.70607
5.70607
5.69797
5.67889
5.71394
5.70798
5.69797
5.72515
5.70202
5.74207
5.70488
5.67603
5.71895
5.70893
5.71489
5.75089
5.71895
5.71012
5.69797
5.69797
5.6951
5.69201
5.70202
5.69296
5.69105
5.72991
5.74517
5.70297
5.69081
5.70703
5.67508
5.70107
5.72705
5.75113
5.68199
5.70202
5.68295
5.69296
5.76091
5.69701
5.7261
5.71394
5.6951
5.70703
5.71704
5.68509
5.69892
5.72109
5.723
5.72586
5.73111
5.73182
5.73206
5.68795
5.74207
5.71585
5.69201
5.71394
5.71299
5.73087
5.70297
5.69987
5.68199
5.69391
5.6901
5.67293
5.69201
5.72109
5.69606
5.71394
5.70107
5.68581
5.69606
5.69892
5.70607
5.70989
5.70798
5.67818
5.71012
5.69391
5.71895
5.73587
5.68414
5.68295
5.71799
5.70297
5.70011
5.6901
5.70297
5.70416
5.71513
5.70989
5.72991
5.73111
5.6951
5.70989
5.68795
5.70011
5.72085
5.6932
5.71203
5.70798
5.71203
5.71418
5.6932
5.70297
5.73897
5.75495
5.70011
5.69582
5.69916
5.67293
5.70393
5.70798
5.70679
5.72109
5.66983
5.72205
5.72181
5.723
5.72991
5.69415
5.71918
5.72801
5.77307
5.70297
5.687
5.74493
5.70512
5.72586
5.71609
5.70607
5.74994
5.68795
5.71084
5.71513
5.69415
5.66888
5.77307
5.69105
5.71203
5.71179
5.69201
5.73802
5.69797
5.73492
5.72705
5.71299
5.68104
5.69105
5.71394
5.71704
5.70512
5.69201
5.71799
5.68509
5.70893
5.70989
5.67198
5.73492
5.72109
5.69582
5.68795
5.69987
5.72395
5.69916
5.69797
5.7261
5.70583
5.6982
5.73993
5.72896
5.69296
5.71299
5.70512
5.6951
5.70202
5.69797
5.73397
5.6951
5.70607
5.68914
5.71418
5.69916
5.74899
5.70893
5.69105
5.6932
5.73421
5.71799
5.70011
5.72801
5.70989
5.69415
5.68104
5.70011
5.7199
5.69582
5.70202
5.70011
5.69797
5.70989
5.687
5.70607
5.72491
5.68295
5.71108
5.69296
5.68891
5.72014
5.71704
5.72896
5.67389
5.70107
5.69797
5.76782
5.73015
5.71418
5.73993
5.73897
5.69177
5.7292
5.71418
5.68509
5.68795
5.69606
5.72705
5.72109
5.70416
5.70107
5.68914
5.67698
5.72109
5.71418
5.69201
5.67603
5.70607
5.723
5.69391
5.68891
5.7261
5.72014
5.723
5.70202
5.73802
5.71394
5.6839
5.73301
5.70703
5.70798
5.72801
5.70416
5.70416
5.70893
5.69892
5.70107
5.70202
5.71895
5.72991
5.70488
5.70703
5.67889
5.77188
5.68008
5.69916
5.71108
5.687
5.68795
5.72801
5.70989
5.71203
5.69987
5.71609
5.73683
5.68509
5.6932
5.69487
5.70297
5.73397
5.71513
5.72085
5.74708
5.69487
5.69797
5.68914
5.71012
5.69892
5.68485
5.74207
5.723
5.69892
5.70607
5.68986
5.69606
5.6839
5.687
5.69201
5.68199
5.723
5.70488
5.69606
5.66983
5.69987
5.70488
5.70893
5.72395
5.71012
5.69797
5.7199
5.73611
5.71609
5.71179
5.71799
5.70202
5.71394
5.69582
5.71012
5.70488
5.69081
5.71799
5.69105
5.69582
5.70989
5.69105
5.69797
5.69582
5.70703
5.70202
5.70416
5.70917
5.70202
5.70893
5.69797
5.69606
5.68104
5.6901
5.70297
5.72085
5.75399
5.7261
5.74589
5.70607
5.67985
5.71799
5.70488
5.68891
5.70202
5.71799
5.7199
5.72205
5.68581
5.72896
5.70893
5.69606
5.71513
5.6932
5.70607
5.723
5.7199
5.70989
5.69201
5.687
5.69701
5.66912
5.78094
5.70798
5.73802
5.70107
5.71704
5.73611
5.71799
5.73993
5.68795
5.74708
5.74207
5.73897
5.67198
5.70202
5.69415
5.6982
5.69701
5.67603
5.67985
5.73611
5.70583
5.71704
5.68795
5.70393
5.74303
5.68819
5.71203
5.71299
5.71585
5.759
5.72801
5.67389
5.71704
5.71704
5.70011
5.69797
5.69987
5.71799
5.71418
5.69916
5.70202
5.7199
5.74613
5.70512
5.70798
5.7199
5.72205
5.70107
5.69582
5.73111
5.70083
5.67412
5.71322
5.71418
5.73516
5.71322
5.70202
5.72491
5.70202
5.70512
5.723
5.68604
5.70989
5.73587
5.76401
5.71299
5.70893
5.70703
5.7199
5.71704
5.68891
5.73707
5.70917
5.68223
5.70202
5.66697
5.69177
5.71895
5.72395
5.71418
5.69606
5.69296
5.70083
5.70011
5.71489
5.70393
5.70107
5.67818
5.69797
5.71108
5.687
5.66721
5.69701
5.69487
5.723
5.70703
5.68414
5.69797
5.72896
5.67222
5.71513
5.69797
5.68414
5.69582
5.71513
5.71012
5.723
5.71799
5.68485
5.7261
5.71799
5.70607
5.70893
5.68199
5.72681
5.69892
5.69105
5.68199
5.71895
5.71179
5.69415
5.73301
5.72205
5.70703
5.68485
5.67508
5.71609
5.71418
5.68318
5.78618
5.723
5.68295
5.69701
5.69892
5.70488
5.69797
5.75614
5.70416
5.759
5.70798
5.70607
5.73492
5.70083
5.73182
5.71799
5.72205
5.69797
5.70893
5.69892
5.69797
5.7199
5.72896
5.70393
5.71704
5.67508
5.72705
5.71012
5.71895
5.69487
5.70893
5.69701
5.68509
5.70202
5.6951
5.69391
5.69487
5.70607
5.70798
5.70297
5.72991
5.69987
5.71012
5.69916
5.68795
5.70989
5.71299
5.68318
5.70822
5.69201
5.70107
5.72586
5.68509
5.70893
5.71394
5.73206
5.73897
5.7261
5.70798
5.71012
5.78213
5.70393
5.71108
5.6932
5.69105
5.68414
5.68986
5.70297
5.73397
5.72395
5.73397
5.74207
5.73707
5.67198
5.73087
5.69201
5.71609
5.71084
5.70893
5.71299
5.72586
5.71203
5.72896
5.72705
5.68914
5.68819
5.68414
5.70178
5.71418
5.71704
5.70989
5.70416
5.71394
5.68986
5.69415
5.70011
5.69582
5.66912
5.72515
5.70083
5.73611
5.73516
5.68986
5.70202
5.69391
5.68509
5.70607
5.74303
5.70202
5.70011
5.70703
5.69296
5.70512
5.687
5.71513
5.70011
5.73087
5.67508
5.74017
5.70893
5.71179
5.70512
5.68604
5.72515
5.67198
5.68891
5.70488
5.71513
5.69701
5.70798
5.71704
5.71108
5.70703
5.73492
5.72181
5.71299
5.723
5.70512
5.70083
5.69892
5.68795
5.70703
5.71895
5.70607
5.70512
5.72991
5.71394
5.71394
5.7199
5.67508
5.72491
5.69701
5.68891
5.70512
5.68199
5.71704
5.75185
5.70583
5.67985
5.68104
5.67889
5.73206
5.72014
5.67818
5.67698
5.67794
5.69892
5.71489
5.70107
5.70917
5.69391
5.7199
5.71513
5.72681
5.70917
5.723
5.74517
5.66602
5.70297
5.70989
5.70512
5.67603
5.795
5.69201
5.69081
5.70488
5.75089
5.71418
5.69701
5.72586
5.71299
5.74207
5.69701
5.69391
5.69987
5.71012
5.70917
5.723
5.67794
5.70798
5.71513
5.70107
5.67698
5.68819
5.70011
5.69701
5.69892
5.71489
5.70107
5.74899
5.7528
5.69916
5.72014
5.69987
5.71799
5.67794
5.67794
5.72395
5.74803
5.70393
5.71799
5.69797
5.71704
5.70393
5.73611
5.71799
5.70297
5.67508
5.68509
5.70607
5.70083
5.71203
5.76496
5.70297
5.73707
5.77688
5.70703
5.69296
5.75399
5.70107
5.69606
5.71799
5.73897
5.73802
5.70607
5.69701
5.74613
5.70989
5.68295
5.73492
5.68914
5.74613
5.69892
5.68604
5.70297
5.70393
5.71322
5.69701
5.70393
5.71084
5.73015
5.69916
5.70917
5.70297
5.70798
5.73802
