36.896
31.6939
32.16
31.7981
30.9551
31.1899
31.0528
31.5781
31.0161
30.786
31.0009
31.378
30.776
31.2111
30.5681
30.467
31.0929
31.1868
30.9761
30.5831
31.085
30.8821
30.8731
30.7231
30.7398
30.8681
30.6349
30.998
30.8371
30.5481
30.802
30.6418
31.121
30.8342
30.5259
31.374
30.5789
31.3129
30.9861
31.3671
30.9489
31.1501
30.652
30.405
31.004
31.2932
31.023
31.143
30.9432
30.777
30.7729
30.9489
30.767
30.56
31.4291
31.142
30.6671
30.8101
30.6981
30.488
31.0161
30.762
30.6959
30.273
30.715
31.055
31.065
30.4341
30.848
30.8139
30.9782
30.745
30.9379
31.0922
31.23
30.5851
30.9072
31.0071
30.992
30.4918
30.793
31.1241
30.998
31.044
30.956
30.586
30.755
30.7529
31.1699
30.673
30.5851
31.0831
31.0109
31.0359
30.7648
31.4641
30.549
31.1539
30.8988
30.9041
31.234
31.4062
30.755
31.076
31.008
31.034
31.178
30.746
30.859
30.7741
31.0011
31.0199
31.0979
30.9758
31.0919
31.275
30.7951
30.9331
30.5581
30.6261
31.0938
31.1029
30.53
30.7672
30.7391
31.0278
30.915
30.6652
31.178
30.8268
31.0121
30.654
31.0788
30.9739
31.1201
31.208
31.1449
30.5932
30.8852
30.946
30.7219
31.332
31.307
30.8349
30.8881
30.7889
31.1599
31.146
30.9272
30.7131
30.8571
30.5929
30.8981
30.937
31.0121
30.834
31.06
30.7081
31.1589
30.802
30.5011
31.0092
30.7319
30.5879
31.312
31.111
30.761
30.7329
30.8058
31.307
31.2099
31.1182
30.899
31.131
30.5519
31.1038
31.0669
30.822
30.9651
30.9379
30.926
30.8599
30.9091
30.8242
30.73
31.0419
30.6928
30.864
30.4868
30.746
30.776
31.0051
31.2781
30.7331
30.838
31.127
30.9711
30.6201
31.2018
30.5178
30.525
30.6039
31.0688
31.2741
31.5201
30.6201
30.504
31.2109
30.952
31.1141
30.6911
30.899
30.803
30.9331
30.9851
31.1131
31.2431
30.9179
30.8301
30.813
30.8361
31.024
30.9298
30.726
31.755
30.4902
31.666
30.709
31.0309
31.055
30.7901
30.5281
31.1399
30.7729
30.7291
30.5429
30.7
30.6852
31.0569
30.8299
30.8461
30.4439
31.363
30.8418
31.065
31.5931
30.935
30.5488
30.7591
31.27
31.2989
30.9579
30.9432
31.0099
30.931
30.8099
31.009
30.7281
31.1389
30.72
31.146
30.664
30.8871
31.136
31.388
30.581
31.039
30.8061
31.584
30.647
30.551
30.6141
30.7271
30.54
31.321
30.9579
30.8311
30.519
30.9889
30.3578
31.323
30.973
30.7848
30.704
31.3342
31.2321
30.8321
30.7891
30.6001
30.9689
31.0791
30.8011
30.72
30.642
30.7622
30.9081
30.8001
30.5319
30.951
31.0099
30.7279
30.544
30.6458
30.5839
31.081
30.7238
30.8321
31.0791
31.2419
31.1122
31.1229
31.013
31.1861
31.0671
30.9491
30.612
30.6141
30.4911
30.611
31.137
31.203
31.1289
30.987
31.1661
30.9541
30.9041
30.3721
30.7801
30.9491
30.6599
30.8471
31.0481
30.2949
30.3838
30.8969
31.0309
31.003
31.054
30.8909
30.983
31.2071
30.7791
30.9021
31.261
30.9079
30.5591
30.8211
30.7801
30.9322
30.8912
30.947
30.777
31.2991
30.9842
30.5262
30.8311
31.1792
30.8201
30.6962
30.8781
30.8659
30.8042
30.7701
30.9861
30.7441
31.1768
30.827
30.453
31.4109
31.0879
30.6339
30.781
31.3821
31.39
31.27
30.8452
31.3931
31.769
30.936
30.905
30.6058
30.555
30.8259
31.2278
31.1739
30.4279
30.7319
31.4929
31.0199
30.946
30.88
31.152
31.0869
30.8871
30.652
31.275
30.823
31.2219
31.312
30.895
31.1
31.137
31.1141
31.183
31.256
30.797
31.044
30.7159
30.5438
30.627
30.6249
31.3621
30.9191
31.05
30.757
31.148
31.0209
30.4999
30.8139
30.7069
30.699
31.2011
30.8912
31.0531
30.9849
30.6718
30.71
31.3048
31.5289
30.9229
31.419
31.0531
30.638
30.7372
30.854
31.1849
30.9091
30.7372
30.8201
31.06
30.4849
30.9389
30.416
31.368
30.9558
31.172
30.93
30.5629
30.6749
31.2538
31.2459
31.3818
31.461
30.787
30.4849
31.3621
30.76
30.8058
31.0061
30.8721
30.8921
31.23
31.0931
31.1029
30.6919
30.8249
30.5228
30.786
30.7028
31.486
30.8611
31.0471
30.9532
30.8731
31.0369
30.8168
30.9479
31.1599
30.3972
30.4182
31.137
30.937
30.9918
30.6749
30.73
31.0831
31.05
30.822
31.3301
30.4801
30.5321
30.8092
30.9141
30.8108
30.679
30.9229
30.9649
30.638
31.2209
30.652
31.189
30.6649
31.2312
30.894
31.4891
30.8881
30.6249
30.412
30.6201
30.8299
30.746
30.5059
30.966
30.8101
31.3511
30.6931
30.827
30.417
31.0171
30.726
30.8211
30.575
30.6089
30.766
30.8881
31.0538
31.0071
31.0349
30.9711
30.916
30.9229
30.705
30.6659
30.7739
31.0721
31.2572
31.25
30.978
30.555
30.822
30.7579
30.9558
30.549
30.9401
30.74
30.7178
31.039
31.1892
31.347
30.7779
31.0702
30.726
30.8099
30.75
31.249
30.7
30.642
31.008
31.11
31.2011
31.2548
31.1549
30.987
30.7822
31.435
30.6768
31.0249
30.8139
30.9861
31.179
30.5948
30.8421
30.9989
30.8719
31.0209
30.905
30.4122
30.9689
30.7519
30.8309
30.827
30.8702
30.735
30.7178
31.044
30.997
30.69
30.8821
30.6351
30.8781
30.7021
30.5948
30.8261
30.5669
31.045
30.7572
31.049
31.302
31.0831
30.673
31.0669
30.9539
30.9391
30.8449
30.9751
31.1141
30.6442
30.8602
30.5331
30.468
31.1329
30.6871
31.1871
30.715
30.6652
30.6721
30.8402
30.983
30.9
31.3132
30.793
31.076
30.993
31.2662
30.8731
30.983
30.8461
30.8721
30.4489
30.6201
30.7291
30.9081
31.1172
31.22
30.9739
30.792
30.8812
30.792
31.1251
30.9432
30.782
30.983
30.798
30.709
30.7219
30.9229
30.8731
31.0302
30.9739
30.8261
30.787
30.6759
31.0009
30.9939
31.0969
30.8979
30.8471
30.777
30.6928
31.136
30.7989
30.756
31.0051
31.014
30.9849
30.9711
30.725
31.0571
30.7832
30.6201
30.7012
30.997
30.905
31.286
30.561
31.028
31.3129
30.726
31.3201
31.0199
30.9801
30.7648
31.3148
30.9451
30.658
30.663
30.8709
31.0719
31.0259
30.766
30.7329
31.1558
31.2679
31.3809
30.8058
31.09
30.6551
30.709
30.751
30.8819
30.6849
30.8318
30.6659
30.756
30.628
30.6761
31.2741
30.942
30.6501
31.07
30.812
31.0462
30.983
30.75
30.776
30.9019
30.5569
30.8769
30.695
31.1172
30.7469
30.8471
30.4241
30.6351
30.731
30.9029
31.0259
30.9701
30.8969
31.1301
30.88
30.9069
30.7212
31.0612
30.719
31.1329
31.332
30.889
30.6652
31.1801
31.404
30.931
30.8039
31.1558
31.153
30.5901
30.5841
30.8449
31.111
31.2622
30.8859
30.8361
31.409
31.3401
31.146
30.7231
30.9191
30.803
30.664
30.7181
30.8568
30.8928
30.688
30.515
30.6001
30.8411
30.8599
31.033
30.6551
31.0659
30.894
30.3152
30.8201
31.0502
30.612
30.576
31.3802
31.347
31.184
31.111
31.116
31.1041
30.9861
30.4339
30.5049
30.875
30.601
30.839
30.802
31.1079
30.9689
30.5698
30.8151
30.8161
30.9062
30.8459
31.307
30.8189
30.8988
30.941
30.8099
31.1251
31.0609
31.2829
30.5541
30.9091
31.0609
30.8702
30.8831
31.0781
30.776
31.3389
30.514
30.992
30.8208
31.04
30.8619
30.6799
30.4868
30.8161
31.0619
30.56
30.587
31.1329
31.1761
30.6351
31.0152
31.1351
30.89
31.4341
30.8511
30.992
30.865
31.1379
30.4468
30.9069
30.5059
30.956
31.641
31.4119
31.0159
31.179
30.7162
30.9842
30.8681
31.2169
31.0502
31.081
30.715
30.9038
30.9391
30.9789
30.8969
30.55
31.0729
30.7839
30.8261
31.173
30.853
30.8299
30.7519
31.023
30.9219
30.611
30.8681
31.332
30.5409
30.8969
30.937
30.6702
31.096
30.5419
30.5331
30.7441
31.0621
30.9689
30.6931
31.0102
31.117
30.6721
30.951
30.7338
31.081
30.7128
30.7188
31.1799
30.9029
30.8859
31.5819
31.1551
30.6079
31.2061
30.782
30.8659
31.3039
30.916
30.931
30.5719
30.6051
30.757
30.612
30.606
31.075
30.5591
31.0822
31.3301
31.173
30.7341
31.122
31.461
31.0481
30.833
30.442
31.142
31.286
31.049
30.9501
30.5948
31.0969
31.276
30.724
31.5249
30.7939
31.034
30.952
30.9348
30.8659
30.678
30.9401
30.8571
31.2371
30.6928
31.091
31.2641
30.9758
30.8349
30.6671
30.9281
30.894
30.941
30.7438
30.9088
30.9811
30.7629
31.0471
30.7081
30.8599
31.183
31.1091
30.7722
30.7109
30.735
30.5848
30.7751
30.7288
31.136
30.73
30.6959
30.777
30.8609
30.3738
30.6189
30.5421
30.901
31.014
31.105
31.0481
31.2798
30.755
30.8781
31.0791
30.6039
31.1389
30.6721
31.081
30.7591
30.7291
31.5392
30.5099
31.162
30.9172
31.1701
30.5951
30.5278
30.6959
30.73
30.9992
30.8619
30.551
30.7732
30.7851
30.5891
30.911
30.9341
30.7159
31.261
30.7472
30.719
30.786
30.946
