8.21495
7.71093
7.7281
7.71403
7.70497
7.71904
7.70593
7.71213
7.70211
7.70187
7.71093
7.71594
7.70497
7.70807
7.71379
7.70307
7.71189
7.70283
7.70307
7.70092
7.69901
7.70807
7.70712
7.70879
7.71403
7.70903
7.70187
7.70187
7.70593
7.72595
7.70307
7.70307
7.71308
7.71689
7.71093
7.71499
7.70688
7.7281
7.72309
7.56884
7.70903
7.70998
7.70402
7.72691
7.69901
7.70617
7.69806
7.70593
7.70593
7.70187
7.69997
7.70497
7.71999
7.69615
7.69901
7.70092
7.70688
7.70688
7.70402
7.70497
7.70903
7.71093
7.70807
7.71189
7.70092
7.71093
7.71093
7.69591
7.70092
7.70116
7.71499
7.70402
7.71689
7.71308
7.71904
7.70378
7.69687
7.70593
7.69186
7.70807
7.71785
7.71189
7.71689
7.70521
7.70998
7.70402
7.69806
7.70402
7.69687
7.70402
7.71689
7.71093
7.69401
7.70402
7.69806
7.70688
7.70593
7.70998
7.70378
7.69901
7.72905
7.69997
7.71189
7.70402
7.71904
7.70998
7.70497
7.70497
7.71999
7.72214
7.71403
7.70402
7.70783
7.70998
7.71093
7.71093
7.70998
7.71999
7.70402
7.70187
7.70783
7.71809
7.71117
7.71904
7.69591
7.73096
7.70783
7.70688
7.70998
7.71308
7.71499
7.70998
7.70187
7.70402
7.70497
7.69591
7.70712
7.71093
7.71689
7.70688
7.69687
7.70998
7.70998
7.72381
7.70402
7.70211
7.71093
7.70688
7.71403
7.71093
7.72405
7.71499
7.70187
7.70593
7.71403
7.70497
7.69877
7.70092
7.70807
7.70593
7.71499
7.70903
7.72405
7.71403
7.70402
7.70879
7.70283
7.70211
7.70712
7.69806
7.70617
7.69901
7.70903
7.70187
7.69997
7.70998
7.7188
7.70688
7.72405
7.70402
7.70307
7.70402
7.71403
7.71093
7.70402
7.70617
7.72285
7.70783
7.71117
7.70998
7.71689
7.70283
7.69901
7.70402
7.70998
7.70092
7.70092
7.69901
7.70497
7.70307
7.70688
7.70593
7.70807
7.70402
7.71189
7.71189
7.70807
7.70497
7.70593
7.70807
7.72381
7.70497
7.7219
7.70307
7.70783
7.70116
7.71403
7.71618
7.71117
7.69496
7.70783
7.71189
7.70998
7.69782
7.71284
7.71093
7.70092
7.70998
7.71117
7.69711
7.71403
7.7219
7.69591
7.69997
7.70807
7.70688
7.70807
7.70307
7.71499
7.71093
7.70497
7.71999
7.71403
7.70521
7.71403
7.70998
7.72309
7.70712
7.70998
7.69401
7.71618
7.71999
7.70903
7.71499
7.71213
7.70497
7.70903
7.72214
7.70903
7.71904
7.71689
7.70617
7.70688
7.70807
7.71284
7.70998
7.70903
7.70187
7.70402
7.70092
7.70712
7.68709
7.71713
7.71189
7.70688
7.71904
7.69496
7.71809
7.69401
7.71904
7.71403
7.70187
7.69901
7.70593
7.71403
7.69401
7.71689
7.71594
7.70807
7.70688
7.70903
7.69806
7.69806
7.70378
7.70092
7.70283
7.71117
7.73191
7.70497
7.70187
7.69997
7.70283
7.69496
7.70807
7.70497
7.69305
7.69591
7.70497
7.70402
7.72095
7.71213
7.70307
7.7002
7.69615
7.70307
7.71999
7.71308
7.71213
7.70497
7.71308
7.71499
7.70402
7.70783
7.70617
7.71594
7.69806
7.71689
7.70688
7.70187
7.70593
7.70307
7.69806
7.73191
7.71403
7.70307
7.70187
7.71618
7.70402
7.69281
7.71308
7.71117
7.70497
7.70593
7.71499
7.70807
7.70307
7.70807
7.71093
7.70783
7.70998
7.71499
7.69997
7.72214
7.71022
7.71689
7.70998
7.7312
7.69782
7.70092
7.71213
7.70211
7.70593
7.71499
7.70521
7.69806
7.70593
7.70688
7.69687
7.70903
7.70402
7.70497
7.72619
7.71904
7.70402
7.71785
7.70497
7.70211
7.70593
7.72715
7.70092
7.70307
7.71189
7.69901
7.70187
7.725
7.70807
7.69806
7.70807
7.70807
7.70998
7.70593
7.72095
7.70497
7.71499
7.71594
7.70116
7.70998
7.71499
7.70211
7.69114
7.69997
7.70497
7.70807
7.70807
7.70402
7.70211
7.70688
7.73287
7.70617
7.70617
7.70712
7.70497
7.70879
7.69901
7.71809
7.71213
7.70307
7.71713
7.70211
7.70307
7.71713
7.70783
7.70307
7.70617
7.71117
7.70211
7.70903
7.69901
7.71618
7.70903
7.70497
7.70783
7.70998
7.69997
7.70593
7.725
7.70998
7.70807
7.69496
7.71093
7.70688
7.70402
7.70283
7.7219
7.71379
7.70593
7.71117
7.71403
7.72309
7.69687
7.71499
7.71308
7.70903
7.71713
7.69591
7.70593
7.69806
7.71022
7.69401
7.71403
7.70593
7.70497
7.71093
7.70593
7.70998
7.70497
7.69591
7.71594
7.70998
7.70998
7.71809
7.70211
7.70378
7.70187
7.71403
7.70617
7.70617
7.69687
7.69997
7.70307
7.7188
7.70497
7.70116
7.71308
7.70688
7.70783
7.70187
7.69997
7.71403
7.71022
7.70402
7.69997
7.70307
7.69901
7.70378
7.70307
7.72405
7.71284
7.70903
7.69901
