6.46806
6.01006
5.99909
6.00696
6.01006
6.00004
6.00195
6.01387
6.01482
6.0091
5.99313
6.01506
6.00815
6.001
5.9948
5.99599
6.01506
6.01006
5.99909
6.01292
6.00982
6.01697
6.00505
6.00195
5.99098
5.99885
6.01411
6.00004
6.00982
6.00314
6.00696
6.00815
5.9979
5.99885
5.99694
6.00195
6.01006
6.00386
6.01888
5.99885
6.001
5.99694
6.00815
5.99313
6.01101
6.01101
6.01101
6.00386
6.00004
6.001
6.00886
6.02508
6.00386
5.99504
6.00696
6.00195
6.00481
6.00791
5.99885
5.99408
5.99694
6.0029
5.99813
6.02007
6.01411
6.02102
6.01196
5.99098
6.01506
6.006
6.0091
6.00696
6.01101
6.01912
6.001
6.01411
6.0041
5.99504
6.01292
6.00314
5.99813
5.99813
6.01411
6.0029
6.00004
6.01101
5.99599
6.00791
6.01697
6.01101
6.01792
6.00791
6.006
6.0029
6.0091
6.00195
6.00386
6.00505
6.00505
6.00481
6.00195
6.001
5.99718
5.99408
6.0091
5.99313
5.99313
6.01506
6.00386
6.00386
5.99098
6.00195
6.00696
6.001
5.99718
5.99813
5.99408
6.00791
6.00791
5.99909
6.0041
6.0091
6.01602
6.01506
6.001
6.00195
6.001
6.01292
6.01006
6.01387
5.9998
6.00696
6.00791
6.00004
6.00696
5.99718
5.99813
6.00505
5.99885
6.00195
6.00195
6.0091
6.01196
6.0029
6.00886
6.01006
5.99313
6.00791
6.01101
6.001
6.006
6.00886
5.99694
5.99694
6.001
6.0091
6.00004
5.99813
6.00505
6.00505
6.00696
6.01387
6.00505
6.01411
6.0041
6.00195
6.00696
6.01292
6.00004
6.00386
5.99885
6.00195
6.0029
5.99384
5.99694
5.99599
5.99909
6.00314
6.00195
6.01196
6.00696
6.01006
5.99885
6.0091
6.00123
6.00696
5.99813
6.00219
5.99408
6.0091
6.01006
6.00791
6.006
6.00314
5.9998
6.01506
5.99504
6.01697
6.00886
6.00696
6.0091
6.00123
6.00696
6.00791
6.01292
6.01196
6.006
6.001
6.006
6.00505
6.01315
6.00886
6.0091
6.00195
6.00386
6.01506
6.01101
6.00004
5.9979
5.99194
6.00386
6.00791
6.01101
6.00505
6.00004
6.01006
5.99813
6.01292
6.006
6.0041
6.00982
6.001
6.00195
6.0091
5.99909
6.00886
5.99885
5.99194
6.00481
6.00696
6.01196
5.99599
6.00696
6.00195
5.99694
5.99599
6.001
6.001
5.99384
6.01292
5.9979
6.00791
6.01196
5.99694
6.00791
6.00386
6.01506
6.00696
6.01506
6.01602
6.00791
6.00004
5.99885
6.01101
6.001
6.01196
6.01196
5.99909
6.0041
5.99885
5.99694
6.00195
6.0091
6.006
5.9979
6.01196
6.0091
5.99384
6.02007
6.001
6.01482
6.01196
6.0041
6.001
6.006
6.00791
6.006
6.00505
5.99909
6.0041
6.00505
6.00004
6.001
6.01006
5.9948
6.0029
5.99384
5.9979
6.00004
6.00386
5.99813
6.006
5.99694
6.01006
5.99909
6.00195
6.01292
5.99813
6.00505
6.01101
6.00719
6.00314
5.99313
6.01101
6.00696
6.01196
6.01315
6.01387
6.0091
6.006
6.00982
5.9979
6.00791
5.9979
6.00505
6.00195
5.99718
6.001
6.01006
6.00195
6.02007
6.01101
6.01292
6.02484
6.03414
6.006
6.00386
6.00505
6.006
5.99909
6.0041
6.00195
6.02007
6.00696
6.01006
5.9979
6.0029
5.99098
6.00195
6.0029
5.9979
6.01315
5.99909
5.99313
6.001
5.99694
5.99909
6.01387
5.99909
6.00386
6.01411
6.0029
6.01101
6.00505
6.00481
6.00314
5.99718
6.01506
6.001
6.00696
6.00696
6.01411
6.0041
6.00481
6.001
6.00791
6.006
6.006
6.01697
6.001
5.99599
5.99885
6.00982
5.99885
6.00696
6.00696
6.00791
6.00481
6.0122
5.99909
5.99909
5.99909
6.01792
5.99909
6.00791
6.00815
5.99813
6.01196
6.01006
6.0029
6.00886
6.00195
6.00123
6.00505
6.0029
6.00982
5.99599
6.00696
6.01196
6.01482
6.00195
6.01101
6.00195
6.02794
6.00982
6.0029
5.99885
6.00386
6.01387
6.01602
6.00815
6.00696
6.00886
6.01292
5.9979
6.006
6.0041
5.99504
5.99408
6.00696
6.01196
6.01101
5.99909
6.01292
5.9979
5.99194
5.99813
6.0122
6.00314
6.01196
6.0041
6.00505
6.006
6.00004
6.00696
5.99694
5.99909
6.00481
6.01697
6.00195
6.01101
6.00791
6.01101
6.01792
6.006
6.01983
6.001
5.99504
6.00314
5.99909
5.99909
6.01196
6.00004
6.01315
5.99909
6.01411
6.00195
5.99003
6.00696
6.001
5.99813
6.00004
5.9979
6.00386
5.9948
6.00004
6.00386
6.001
5.99599
6.00314
6.01006
6.01196
6.00314
6.0029
6.01411
6.02484
6.00505
6.01506
6.01006
6.0041
5.99909
6.001
5.99289
6.00791
6.0041
6.00886
5.9979
5.99384
6.01697
5.99384
6.01196
6.00004
6.01196
6.00004
6.00505
6.00505
5.99885
6.01006
6.01006
5.9998
6.0029
5.9998
6.00696
6.0091
6.006
6.00195
6.00386
5.99504
6.0029
5.99194
6.02102
6.00815
6.01506
6.01101
6.01196
5.99098
6.01196
5.99504
6.00386
5.9979
6.00505
6.006
6.0091
6.01101
5.99909
6.01602
6.01006
6.01721
6.00219
6.01006
6.01315
5.99885
6.01411
6.02388
5.99909
6.00386
6.01196
5.99504
6.01697
5.9979
6.00505
6.00505
6.001
6.01411
6.02198
6.00386
6.00004
6.0041
5.99504
6.00195
6.00314
6.001
6.00195
6.01792
6.00696
6.00314
6.02198
5.99885
6.00314
6.00386
6.01912
6.00505
6.00314
6.01411
6.00314
6.001
6.00195
5.99504
5.9979
6.00696
5.99599
5.99504
5.99289
6.00481
5.99885
6.00195
6.00386
6.00696
6.00004
6.01101
5.98979
6.00505
6.0091
6.006
6.00696
5.99599
5.99504
5.99718
6.006
6.00696
5.9979
6.0091
6.00886
6.00791
6.01101
6.0041
6.00696
6.00386
6.00886
6.00386
6.00004
6.006
6.00314
5.99813
6.00505
6.0029
6.00195
6.00195
6.00314
5.9979
6.0091
6.00505
6.00386
6.01101
5.99718
6.00791
6.00195
5.99694
5.99813
5.99694
6.00505
6.00004
5.99623
6.0091
6.01602
6.0041
5.99909
6.01101
6.01888
6.00696
6.02412
6.01101
6.01196
6.01196
6.0091
6.006
5.99504
5.99194
6.01506
6.0029
6.01482
6.001
5.9998
6.0091
6.0029
5.9979
6.00314
6.00314
6.00505
6.00886
6.0029
6.0091
6.01101
6.01816
6.00386
6.00982
6.0091
6.01697
6.01292
6.01506
6.00195
6.00696
6.00791
6.00982
6.006
5.99885
6.00004
6.006
6.01101
6.01411
5.99885
6.01578
5.99408
5.99003
6.006
6.0029
5.9979
6.0029
6.01411
6.01006
5.99694
5.99217
6.02412
6.01006
6.00505
5.99289
6.01506
6.00505
6.00481
6.01411
5.99885
6.00314
6.00696
6.01792
6.00791
6.0091
6.00696
6.00195
6.01315
6.0091
6.00195
6.006
5.99694
6.00004
6.00696
6.0122
6.0029
5.99694
6.0029
6.00195
6.00195
6.00314
5.99098
6.0029
6.0029
6.0041
6.00886
6.01006
6.01006
6.00195
6.01292
5.9979
6.01006
5.99694
5.99813
6.00314
6.00004
6.00195
6.01888
5.9979
6.00791
6.0029
6.0041
6.006
6.00791
5.99408
6.00886
5.99718
6.00696
5.99885
6.00791
6.0029
6.0029
6.00791
6.0091
5.99813
6.00886
6.01101
6.006
6.001
6.001
6.01006
6.006
6.00004
6.0041
6.01006
6.00004
5.99718
6.006
6.01912
6.006
6.006
6.01792
5.99003
6.00505
6.01196
6.001
5.98979
5.99289
6.0029
5.9979
6.00982
6.00886
6.00505
6.02007
5.99909
5.99599
6.01006
6.01101
6.00004
6.00195
6.00505
6.01101
6.00386
6.00195
6.01411
5.99813
6.00815
6.01292
6.00004
5.99694
5.99909
6.00314
6.01196
6.01006
5.9979
6.0041
6.001
6.00696
5.99694
6.01196
6.00505
5.99194
5.99384
6.001
6.006
5.99885
6.00815
6.006
6.01101
6.00696
6.0041
6.001
5.99694
6.01792
6.02388
6.01006
6.00386
6.01888
5.99504
6.00195
5.99599
6.00791
5.99813
6.00004
6.00195
6.01792
6.001
6.001
6.01006
5.99694
6.00195
6.00505
5.9979
5.9998
5.99885
5.99909
6.00505
6.01387
6.006
6.001
5.99909
6.00314
6.00815
6.0091
5.99599
5.99504
6.00195
6.00004
5.98598
6.00886
6.001
6.00195
6.00195
6.006
6.01315
6.006
6.02412
6.00219
6.00004
6.00195
5.99504
6.00696
6.006
6.00719
6.01101
6.00505
6.0029
5.99599
5.99813
6.001
5.9979
6.001
6.006
6.001
6.00004
6.01387
6.0041
5.99885
6.01196
6.01101
5.99885
6.00481
6.00219
6.00791
6.00505
6.001
6.00982
6.00314
6.006
5.99217
5.99718
6.00886
6.006
6.006
5.99599
6.01506
6.01101
6.00815
6.00004
6.01292
6.02889
6.00195
6.01912
6.01101
6.0041
5.99504
6.00314
5.9979
6.01387
6.0091
6.01006
6.001
6.0029
6.00791
6.01721
6.00791
6.00505
6.0041
6.01006
6.0029
6.00696
6.001
6.00505
5.99718
6.00004
6.006
6.00004
6.006
6.0029
6.01602
5.99599
6.01196
6.0029
6.0122
5.99694
6.001
6.00886
6.00004
6.01006
6.0091
6.0091
6.00815
6.00195
6.01101
6.01292
6.0091
6.00195
6.01196
6.01196
5.99694
6.02508
5.99909
5.99194
6.001
6.001
5.99194
5.9979
5.99599
6.00314
6.00195
6.01482
6.00505
6.00195
6.01506
6.00696
6.0029
6.0029
6.00815
6.01506
6.00815
6.00314
6.00505
6.00219
5.99885
6.001
6.00195
6.00505
5.99504
6.00505
6.01006
6.001
6.00386
6.0041
6.0041
6.01602
6.00719
6.00195
6.00982
6.00505
