10.1159
7.25985
7.25603
7.25698
7.267
7.267
7.26509
7.26795
7.26819
7.26509
7.27296
7.2701
7.26604
7.27296
7.267
7.27105
7.267
7.26795
7.27201
7.27296
7.26891
7.27391
7.26914
7.27582
7.26914
7.26795
7.267
7.27201
7.27797
7.27201
7.26581
7.26795
7.2701
7.26986
7.26891
7.26604
7.26891
7.26795
7.26414
7.267
7.27391
7.26509
7.26795
7.27606
7.2701
7.26604
7.267
7.27105
7.26604
7.27296
7.2751
7.27391
7.26986
7.27415
7.26891
7.26795
7.26604
7.27201
7.26914
7.27487
7.27701
7.2701
7.27081
7.27892
7.26819
7.27701
7.27201
7.27415
7.27415
7.27201
7.2732
7.27081
7.26914
7.26891
7.27391
7.27201
7.2751
7.27797
7.27105
7.27105
7.27081
7.2701
7.27081
7.27201
7.26795
7.26891
7.28011
7.26509
7.27296
7.26891
7.26795
7.26414
7.26604
7.26986
7.27201
7.27201
7.26795
7.26986
7.26795
7.26795
7.26414
7.2701
7.27487
7.27105
7.27391
7.27201
7.2701
7.26986
7.2701
7.27081
7.27201
7.2701
7.27415
7.27081
7.26819
7.2701
7.27201
7.26891
7.26986
7.26414
7.26509
7.26891
7.27105
7.27296
7.27105
7.267
7.267
7.27296
7.27105
7.26819
7.267
7.26509
7.2701
7.26581
7.26414
7.26795
7.267
7.26604
7.26604
7.26199
7.26414
7.26581
7.26199
7.26914
7.2639
7.26509
7.26199
7.26295
7.26104
7.2639
7.2639
7.26104
7.27105
7.26604
7.26819
7.26891
7.26295
7.27105
7.26986
7.2639
7.267
7.26295
7.26795
7.2701
7.27105
7.27105
7.27487
7.26414
7.26795
7.26485
7.2639
7.27201
7.27201
7.27177
7.27105
7.26795
7.267
7.26604
7.26795
7.26795
7.27201
7.27105
7.2639
7.26891
7.267
7.2701
7.26795
7.2701
7.26914
7.267
7.26795
7.2639
7.2639
7.2701
7.267
7.267
7.26604
7.2751
7.26795
7.26318
7.26819
7.2751
7.26604
7.267
7.27201
7.26008
7.267
7.25889
7.26485
7.26318
7.26819
7.26795
7.26914
7.26485
7.26604
7.2639
7.26891
7.2751
7.26485
7.26795
7.26509
7.267
7.26819
7.267
7.26414
7.26604
7.26414
7.27201
7.26604
7.26199
7.26581
7.26914
7.267
7.26199
7.267
7.2701
7.26986
7.26891
7.26295
7.26914
7.26819
7.27105
7.27105
7.26891
7.267
7.26485
7.26104
7.26724
7.26819
7.2639
7.27105
7.26485
7.26795
7.2701
7.267
7.26914
7.26819
7.26795
7.26199
7.26914
7.27391
7.2701
7.26414
7.28297
7.27201
7.2608
7.26199
7.26604
7.26581
7.267
7.26509
7.26914
7.26581
7.26318
7.26318
7.26914
7.26509
7.26795
7.2701
7.267
7.26604
7.26604
7.26891
7.26485
7.267
7.267
7.26509
7.27201
7.26509
7.26795
7.26795
7.27296
7.26581
7.2701
7.27582
7.26199
7.26509
7.26914
7.26485
7.26509
7.267
7.26914
7.26795
7.26485
7.26795
7.26891
7.26914
7.26581
7.26795
7.26819
7.26914
7.2639
7.27105
7.267
7.26795
7.26891
7.267
7.26891
7.267
7.27987
7.26795
7.26795
7.26199
7.26485
7.2751
7.26581
7.26795
7.2701
7.26986
7.26795
7.27201
7.26795
7.26581
7.26795
7.2751
7.26795
7.26891
7.26986
7.26795
7.26819
7.27105
7.26914
7.26509
7.26604
7.27105
7.26795
7.267
7.267
7.26295
7.26509
7.26914
7.26485
7.27105
7.26604
7.26604
7.27105
7.26795
7.26604
7.26819
7.26819
7.26604
7.26509
7.26986
7.26795
7.26414
7.26604
7.267
7.26891
7.27105
7.27105
7.26581
7.27105
7.26295
7.26104
7.26509
7.267
7.26318
7.26485
7.26891
7.2701
7.27201
7.267
7.26819
7.26295
7.2639
7.26795
7.26485
7.267
7.27296
7.27201
7.27105
7.26795
7.26604
7.2751
7.27487
7.26891
7.267
7.27606
7.26485
7.26604
7.26414
7.26604
7.26604
7.26485
7.27201
7.26986
7.26986
7.26509
7.26986
7.26199
7.26509
7.26199
7.26604
7.2701
7.26604
7.26795
7.26604
7.26581
7.26914
7.27105
7.26295
7.267
7.26295
7.26509
7.26295
7.267
7.27391
7.267
7.26795
7.2639
7.2701
7.26891
7.27296
7.26795
7.26414
7.26795
7.26795
7.27201
7.2639
7.26485
7.26104
7.26604
7.2639
7.27987
7.26795
7.26414
7.26819
7.27201
7.27296
7.26604
7.26581
7.26295
7.267
7.26199
7.25985
7.26604
7.26604
7.25985
7.26795
7.2701
7.26604
7.26795
7.26485
7.26414
7.26891
7.267
7.26891
7.267
7.26891
7.26509
7.26819
7.26819
7.2639
7.26485
7.27105
7.26795
7.26604
7.26581
7.26414
7.26819
7.26891
7.27201
7.26891
7.26604
7.26509
7.27201
7.26604
7.26295
7.26914
7.26604
7.26104
7.26414
7.27201
7.267
7.26485
7.26509
7.26604
7.26795
7.26604
7.26485
7.26604
7.267
7.26795
7.26604
7.2639
7.26509
7.27081
7.26795
7.26604
7.26604
7.267
7.2701
7.26199
7.27391
7.26795
7.27296
7.26795
7.26509
7.27296
7.26891
7.26485
7.27105
7.27391
7.27296
7.267
7.27201
7.26914
7.26509
7.27797
7.26795
7.267
7.26509
7.267
7.26485
7.2639
7.26604
7.26604
7.26485
7.26509
7.26891
7.267
7.2639
7.2639
7.26795
7.26295
7.267
7.26795
7.2639
7.26604
7.26795
7.26604
7.26199
7.26581
7.26604
7.27296
7.26604
7.267
7.26604
7.26199
7.27081
7.26795
7.2701
7.26295
7.26485
7.26891
7.26604
7.26795
7.27701
7.26891
7.26795
7.26604
7.27201
7.26986
7.27201
7.26891
7.26604
7.26414
7.26581
7.27105
7.26914
7.26604
7.26008
7.267
7.26509
7.26104
7.26199
7.26986
7.26604
7.26604
7.26509
7.26795
7.267
7.26604
7.26604
7.26914
7.27081
7.26509
7.27201
7.26223
7.267
7.267
7.26795
7.26485
7.26795
7.267
7.26295
7.2639
7.26509
7.26986
7.27201
7.26581
7.267
7.27105
7.26604
7.267
7.26891
7.2639
7.26604
7.26199
7.2639
7.27606
7.267
7.26986
7.26604
7.26795
7.27201
7.26986
7.26104
7.26795
7.26509
7.267
7.267
7.26604
7.2639
7.267
7.2701
7.2701
7.2639
7.26199
7.267
7.26604
7.28106
7.26604
7.2639
7.27105
7.27201
7.26509
7.27177
7.27105
7.26795
7.28011
7.26509
7.2701
7.26581
7.27201
7.267
7.2751
7.26485
7.26414
7.26914
7.26485
7.26414
7.26986
7.27892
7.27201
7.26414
7.26318
7.2701
7.267
7.26485
7.26509
7.267
7.26581
7.26604
7.26795
7.26295
7.26199
7.26485
7.27105
7.267
7.27296
7.27201
7.26485
7.26914
7.2639
7.26414
7.26819
7.26914
7.26819
7.26581
7.26509
7.26891
7.26295
7.26795
7.26795
7.27105
7.267
7.26581
7.2751
7.26795
7.2639
7.2701
7.27487
7.2701
7.267
7.26199
7.26795
7.26295
7.267
7.26604
7.26295
7.26604
7.26509
7.26795
7.27391
7.26604
7.26414
7.26581
7.26509
7.26199
7.26581
7.2701
7.26819
7.26986
7.26604
7.26104
7.26986
7.26891
7.26914
7.26914
7.267
7.26604
7.27105
7.26986
7.26414
7.267
7.26509
7.26891
7.27296
7.2639
7.26604
7.26199
7.26795
7.26295
7.26795
7.27105
7.26295
7.27391
7.26795
7.267
7.26795
7.26199
7.26891
7.26199
7.267
7.26604
7.267
7.26819
7.26318
7.27081
7.26604
7.26509
7.26485
7.26509
7.2639
7.267
7.26795
7.2751
7.26795
7.26295
7.26485
7.28488
7.27105
7.26986
7.26914
7.26604
7.27105
7.26891
7.267
7.27701
7.26795
7.26891
7.267
7.26604
7.267
7.26819
7.27201
7.267
7.26604
7.26485
7.26795
7.26008
7.26604
7.26318
7.26604
7.26795
7.2701
7.27487
7.27105
7.267
7.26509
7.26795
7.26891
7.26509
7.26318
7.26604
7.25913
7.28583
7.26199
7.26819
7.27201
7.26604
7.26604
7.26295
7.26199
7.26891
7.26795
7.26604
7.26986
7.2701
7.26485
7.26509
7.26819
7.26986
7.267
7.267
7.26604
7.26318
7.27296
7.26485
7.26795
7.27296
7.26604
7.26509
7.27296
7.267
7.26795
7.26604
7.26295
7.26581
7.26509
7.26581
7.26414
7.26914
7.26604
7.2701
7.267
7.26986
7.26509
7.2639
7.2639
7.267
7.26795
7.26199
7.26414
7.26891
7.26295
7.267
7.26485
7.26509
7.267
7.267
7.26509
7.26295
7.26795
7.26485
7.26509
7.26199
7.26295
7.26485
7.267
7.26795
7.2701
7.27201
7.26414
7.26295
7.26199
7.26581
7.26604
7.2639
7.26891
7.26295
7.26509
7.2639
7.26295
7.2639
7.27296
7.25794
7.26199
7.26795
7.26199
7.2701
7.267
7.26795
7.267
7.26104
7.26604
7.2639
7.27201
7.26604
7.28297
7.26104
7.26891
7.27105
7.26604
7.26604
7.26104
7.26485
7.26795
7.267
7.26604
7.26891
7.26795
7.26891
7.26509
7.26485
7.26509
7.2639
7.26891
7.26604
7.26795
7.26199
7.26485
7.267
7.27105
7.26604
7.26318
7.26199
7.26318
7.27201
7.26199
7.26509
7.26604
7.2701
7.26509
7.2639
7.26199
7.267
7.26891
7.2639
7.26914
7.26986
7.26509
7.26795
7.26104
7.26199
7.2701
7.26485
7.26509
7.26295
7.26199
7.26581
7.26795
7.267
7.26414
7.2639
7.26604
7.27797
7.26604
7.26581
7.26414
7.26795
7.26986
7.26414
7.26581
7.267
7.26604
7.2732
7.26485
7.26199
7.2639
7.2639
7.2701
7.267
7.2701
7.27105
7.26485
7.26318
7.26604
7.26199
7.2639
7.267
7.27391
7.26604
7.267
7.267
7.26509
7.26199
7.26604
7.26604
7.26604
7.26104
7.26509
7.26795
7.26795
7.26509
7.26509
7.2639
7.26295
7.26914
