0.196934
0.140905
0.136852
0.137091
0.134945
0.135899
0.135183
0.137091
0.137091
0.137091
0.135899
0.136852
0.134945
0.135183
0.137091
0.136852
0.134945
0.135183
0.136137
0.137091
0.134945
0.136852
0.134945
0.134945
0.134945
0.136137
0.135899
0.135899
0.138044
0.134945
0.135183
0.137091
0.133991
0.134945
0.137091
0.134945
0.136852
0.134945
0.135183
0.135899
0.136852
0.136852
0.133991
0.136137
0.137091
0.134945
0.134945
0.134945
0.134945
0.136137
0.137091
0.137091
0.133991
0.134945
0.134945
0.134945
0.136137
0.134945
0.133991
0.137091
0.133991
0.134945
0.134945
0.136852
0.136852
0.135899
0.137091
0.137091
0.134945
0.134945
0.135183
0.134945
0.137091
0.137091
0.136137
0.137091
0.137091
0.134945
0.135899
0.135183
0.134945
0.135899
0.137091
0.136137
0.134945
0.135899
0.137091
0.135183
0.136852
0.134945
0.133991
0.135899
0.136852
0.134945
0.137091
0.135183
0.135899
0.135899
0.135899
0.135183
0.134945
0.135899
0.135183
0.134945
0.135899
0.137091
0.135183
0.137091
0.134945
0.134945
0.133991
0.134945
0.136137
0.137091
0.135899
0.136852
0.133991
0.135183
0.134945
0.135899
0.135183
0.135899
0.135899
0.135899
0.137091
0.137091
0.137091
0.137091
0.134945
0.134945
0.135183
0.134945
0.135183
0.134945
0.135183
0.134945
0.138044
0.137091
0.136137
0.136137
0.134945
0.133991
0.137091
0.134945
0.134945
0.134945
0.134945
0.136137
0.134945
0.133991
0.134945
0.134945
0.137091
0.137091
0.136137
0.137091
0.135183
0.134945
0.135183
0.137091
0.137091
0.134945
0.137091
0.137091
0.137091
0.134945
0.134945
0.133991
0.134945
0.134945
0.134945
0.135899
0.135183
0.134945
0.137091
0.136137
0.137091
0.136137
0.135899
0.136852
0.134945
0.137091
0.135183
0.133991
0.135183
0.134945
0.135183
0.134945
0.136852
0.136852
0.137091
0.137091
0.136137
0.135183
0.135899
0.134945
0.135183
0.133991
0.135183
0.133991
0.136137
0.137091
0.137091
0.137091
0.133991
0.136852
0.133991
0.134945
0.136852
0.135899
0.135899
0.136137
0.134945
0.134945
0.134945
0.134945
0.137091
0.137091
0.135899
0.135899
0.135183
0.133991
0.135183
0.133991
0.136137
0.137091
0.136137
0.137091
0.136137
0.133991
0.135183
0.134945
0.136852
0.135899
0.136852
0.133991
0.134945
0.133991
0.134945
0.136852
0.135899
0.136137
0.135183
0.134945
0.133991
0.134945
0.134945
0.136137
0.136852
0.134945
0.137091
0.136137
0.133991
0.135183
0.137091
0.137091
0.134945
0.136852
0.134945
0.136137
0.134945
0.134945
0.133991
0.134945
0.133991
0.134945
0.133991
0.134945
0.137091
0.135183
0.134945
0.135183
0.134945
0.137091
0.137091
0.137091
0.13423
0.134945
0.134945
0.134945
0.133991
0.134945
0.134945
0.136137
0.137091
0.133991
0.134945
0.135183
0.134945
0.135183
0.135899
0.136852
0.133991
0.134945
0.133991
0.134945
0.134945
0.13423
0.134945
0.135183
0.134945
0.135183
0.133991
0.137091
0.137091
0.137091
0.134945
0.134945
0.135183
0.134945
0.133991
0.134945
0.137091
0.134945
0.135899
0.134945
0.133991
0.134945
0.135183
0.137091
0.133991
0.135183
0.133991
0.135183
0.133991
0.135183
0.134945
0.136852
0.135899
0.136852
0.135183
0.134945
0.135183
0.134945
0.136852
0.135183
0.134945
0.137091
0.136137
0.135183
0.134945
0.135899
0.135183
0.135899
0.136852
0.134945
0.134945
0.134945
0.134945
0.134945
0.136137
0.133991
0.135899
0.135899
0.133991
0.136852
0.134945
0.134945
0.134945
0.134945
0.134945
0.135183
0.134945
0.135899
0.133991
0.134945
0.133991
0.134945
0.135183
0.134945
0.136852
0.136852
0.134945
0.137091
0.134945
0.135183
0.135899
0.134945
0.137091
0.136137
0.136137
0.134945
0.134945
0.137091
0.134945
0.133991
0.136137
0.134945
0.134945
0.134945
0.135899
0.135899
0.135183
0.134945
0.134945
0.137091
0.134945
0.134945
0.134945
0.134945
0.137091
0.137091
0.135899
0.136852
0.135899
0.136852
0.135899
0.137091
0.13423
0.134945
0.133991
0.134945
0.135899
0.137091
0.137091
0.134945
0.134945
0.133991
0.134945
0.13423
0.137091
0.135899
0.135899
0.135899
0.135183
0.134945
0.135183
0.137091
0.134945
0.135899
0.136137
0.137091
0.136137
0.134945
0.133991
0.134945
0.136852
0.134945
0.134945
0.135899
0.134945
0.133991
0.134945
0.137091
0.134945
0.133991
0.136137
0.137091
0.134945
0.135183
0.134945
0.135899
0.136137
0.137091
0.133991
0.134945
0.137091
0.137091
0.134945
0.134945
0.134945
0.133991
0.134945
0.134945
0.134945
0.134945
0.136137
0.137091
0.133991
0.134945
0.133991
0.134945
0.136137
0.136137
0.134945
0.134945
0.133991
0.134945
0.133991
0.134945
0.136137
0.137091
0.136137
0.134945
0.133991
0.134945
0.133991
0.134945
0.133991
0.134945
0.133991
0.134945
0.133991
0.134945
0.135899
0.134945
0.133991
0.135899
0.136137
0.133991
