15.0981
15.0809
15.08
15.0661
15.099
15.08
15.0621
15.0762
15.084
15.089
15.1
15.0621
15.0831
15.1069
15.095
15.0962
15.07
15.0919
15.099
15.0731
15.084
15.0938
15.1019
15.1029
15.0921
15.0959
15.079
15.0869
15.095
15.1021
15.085
15.0881
15.069
15.0821
15.07
15.11
15.0931
15.085
15.099
15.065
15.0819
15.1041
15.0881
15.0979
15.08
15.079
15.1019
15.084
15.1012
15.075
15.094
15.0731
15.0781
15.0771
15.094
15.074
15.1
15.0909
15.0831
15.0959
15.0871
15.0871
15.101
15.0831
15.115
15.095
15.106
15.105
15.132
15.0959
15.1119
15.0921
15.0781
15.1
15.1029
15.0759
15.0931
15.0878
15.0859
15.079
15.085
15.0869
15.0859
15.085
15.1019
15.09
15.0678
15.0921
15.1031
15.084
15.054
15.0831
15.094
15.0919
15.0871
15.0821
15.094
15.0769
15.1
15.069
15.0869
15.0921
15.1019
15.1
15.0971
15.099
15.08
15.079
15.1
15.099
15.0621
15.0871
15.09
15.085
15.075
15.054
15.1031
15.084
15.0859
15.075
15.0762
15.0731
15.0869
15.0969
15.0809
15.0821
15.075
15.0928
15.0819
15.1038
15.099
15.0712
15.0931
15.0671
15.0828
15.09
15.075
15.0819
15.0969
15.0778
15.095
15.085
15.08
15.0962
15.08
15.0859
15.101
15.0921
15.084
15.0819
15.0812
15.09
15.07
15.09
15.0921
15.099
15.1141
15.1069
15.0809
15.095
15.1019
15.1079
15.1069
15.0931
15.11
15.0781
15.0871
15.08
15.089
15.0721
15.1081
15.0959
15.0721
15.099
15.0819
15.0969
15.085
15.084
15.079
15.084
15.089
15.069
15.089
15.064
15.1019
15.0838
15.0878
15.0909
15.075
15.09
15.074
15.0759
15.099
15.0862
15.084
15.0888
15.1191
15.1088
15.0778
15.089
15.0859
15.089
15.084
15.09
15.0909
15.074
15.0969
15.094
15.079
15.0909
15.0819
15.08
15.0871
15.075
15.0971
15.08
15.084
15.094
15.07
15.0988
15.1
15.09
15.1
15.079
15.0828
15.1
15.0769
15.0881
15.0821
15.094
15.0871
15.0809
15.0578
15.0981
15.0461
15.08
15.12
15.0909
15.1041
15.0909
15.079
15.0809
15.0809
15.0919
15.1119
15.0702
15.0831
15.0871
15.105
15.0759
15.0988
15.0781
15.0621
15.0821
15.1021
15.0821
15.0821
15.0781
15.101
15.0812
15.09
15.095
15.0931
15.0802
15.0769
15.0888
15.084
15.0831
15.0709
15.1079
15.084
15.0881
15.0902
15.085
15.084
15.105
15.1019
15.0981
15.0821
15.0909
15.0959
15.0938
15.1029
15.11
15.0771
15.1021
15.0881
15.0869
15.0819
15.0859
15.084
15.0928
15.0549
15.105
15.1
15.0979
15.0809
15.0969
15.0919
15.0771
15.1041
15.1021
15.0871
15.0959
15.089
15.1131
15.1138
15.09
15.0769
15.105
15.0919
15.0921
15.0881
15.0921
15.1041
15.094
15.101
15.111
15.0962
15.111
15.1031
15.1
15.116
15.0809
15.0721
15.0769
15.08
15.0819
15.0981
15.0871
15.0971
15.089
15.095
15.0771
15.09
15.0931
15.0912
15.0921
15.0812
15.11
15.084
15.0709
15.101
15.0921
15.1029
15.0681
15.0712
15.08
15.0762
15.0881
15.0621
15.09
15.074
15.0819
15.1122
15.079
15.0938
15.1031
15.079
15.0812
15.089
15.089
15.08
15.085
15.084
15.0909
15.079
15.1119
15.0979
15.089
15.1031
15.08
15.0871
15.0762
15.1222
15.075
15.085
15.0671
15.0959
15.0969
15.0809
15.0781
15.1021
15.099
15.0919
15.1019
15.1041
15.11
15.0719
15.0721
15.08
15.1029
15.0828
15.0871
15.094
15.095
15.059
15.0869
15.0759
15.07
15.079
15.0771
15.0921
15.105
15.0938
15.1041
15.0878
15.0759
15.101
15.095
15.0819
15.0719
15.0819
15.0809
15.0909
15.09
15.0771
15.1029
15.1138
15.0721
15.0928
15.0778
15.105
15.0881
15.0721
15.0981
15.1031
15.1198
15.0721
15.084
15.1012
15.09
15.1079
15.07
15.1072
15.0881
15.085
15.1081
15.094
15.0869
15.0781
15.1021
15.0909
15.0928
15.0831
15.101
15.0781
15.0971
15.0931
15.0788
15.08
15.0909
15.0869
15.09
15.0919
15.115
15.099
15.0852
15.1138
15.1019
15.0678
15.0971
15.09
15.0812
15.0969
15.1069
15.0859
15.0802
15.09
15.1019
15.0909
15.0931
15.08
15.08
15.1031
15.0678
15.0909
15.099
15.0919
15.1231
15.099
15.0928
15.1029
15.0819
15.085
15.0928
15.099
15.0828
14.9391
15.095
15.0862
15.0931
15.0771
15.0862
15.07
15.0979
15.0919
15.1019
15.075
15.085
