16.8781
16.8688
16.89
16.8688
16.8488
16.8641
16.8879
16.8722
16.8779
16.865
16.854
16.871
16.8631
16.8631
16.876
16.885
16.8769
16.8591
16.88
16.875
16.8712
16.8738
16.9101
16.865
16.8879
16.8819
16.865
16.8481
16.8831
16.942
16.9101
16.8731
16.8591
16.876
16.8669
16.8509
16.8662
16.8691
16.8769
16.8719
16.88
16.8922
16.8641
16.87
16.881
16.861
16.8691
16.8481
16.8991
16.861
16.885
16.875
16.8591
16.866
16.8819
16.8779
16.886
16.9001
16.8622
16.8622
16.8741
16.865
16.8891
16.866
16.8719
16.8672
16.866
16.8819
16.8741
16.8591
16.8841
16.8591
16.876
16.8769
16.86
16.8591
16.9029
16.896
16.9051
16.8622
16.8769
16.885
16.8571
16.8521
16.8641
16.8519
16.866
16.8579
16.8948
16.866
16.89
16.8841
16.861
16.875
16.876
16.8848
16.866
16.8681
16.897
16.8719
16.85
16.8672
16.854
16.906
16.866
16.8569
16.856
16.85
16.875
16.839
16.861
16.8672
16.8672
16.866
16.8841
16.8519
16.8478
16.854
16.897
16.87
16.902
16.9158
16.861
16.8781
16.8829
16.8791
16.8591
16.8781
16.8989
16.881
16.8509
16.861
16.8679
16.8481
16.8612
16.8879
16.8839
16.8769
16.8669
16.8791
16.87
16.8641
16.87
16.8688
16.8951
16.886
16.8681
16.845
16.865
16.8889
16.916
16.8791
16.9022
16.8841
16.8769
16.866
16.881
16.9079
16.855
16.892
16.8989
16.8869
16.866
16.8998
16.8679
16.8428
16.866
16.8779
16.9289
16.8681
16.8631
16.84
16.876
16.8569
16.89
16.8531
16.875
16.866
16.87
16.861
16.8731
16.861
16.8679
16.87
16.865
16.86
16.8741
16.855
16.8402
16.8922
16.876
16.8819
16.911
16.891
16.8772
16.8798
16.8819
16.881
16.8741
17.571
16.8519
16.8571
16.856
16.86
16.8531
16.8869
16.9001
16.8631
16.8889
16.8719
16.8488
16.8509
16.8591
16.8788
16.8889
16.8712
16.861
16.897
16.85
16.8478
16.8941
16.8931
16.881
16.866
16.8982
16.8788
16.865
16.8619
16.8781
16.87
16.8822
16.896
16.8829
16.8591
16.871
16.8631
16.8831
16.8791
16.871
16.8791
16.8579
16.8729
16.8638
16.8641
16.89
16.8481
16.861
16.88
16.854
16.8841
16.8731
16.86
16.87
16.85
16.865
16.932
16.8719
16.8591
16.8982
16.8869
16.881
16.8381
16.856
16.8481
16.8569
16.8769
16.906
16.8641
16.8929
16.8819
16.891
16.886
16.8571
16.8819
16.9001
16.855
16.85
16.896
16.8471
16.9029
16.8738
16.88
16.9141
16.865
16.8972
16.8588
16.8631
16.8691
16.8738
16.865
16.856
16.8691
16.901
16.8679
16.8841
16.87
16.8452
16.845
16.89
16.8951
16.8729
16.855
16.881
16.8781
16.8641
16.8982
16.902
16.881
16.8579
16.897
16.9039
16.881
16.8641
16.856
16.891
16.8459
16.8982
16.876
16.8588
16.891
16.897
16.87
16.875
16.886
16.8581
16.906
16.8591
16.8428
16.8369
16.8619
16.8982
16.876
16.87
16.876
16.8531
16.8791
16.8691
16.861
16.876
16.897
16.8979
16.8731
16.8731
16.8748
16.85
16.8641
16.8679
16.9032
16.8669
16.865
16.876
16.8359
16.8619
16.8841
16.85
16.8729
16.87
16.845
16.8672
16.8459
16.8881
16.8719
16.886
16.8769
16.871
16.866
16.8898
16.866
16.8741
16.8669
16.8669
16.8841
16.8459
16.89
16.8831
16.8722
16.8831
16.902
16.875
16.8579
16.8691
16.8722
16.9098
16.8819
16.86
16.8831
16.8819
16.8588
16.88
16.8922
16.8521
16.8848
16.9129
16.861
16.8679
16.861
16.8641
16.88
16.8889
16.845
16.8579
16.866
16.8869
16.854
16.854
16.8879
16.8531
16.854
16.881
16.8781
16.9029
16.881
16.8741
16.866
16.8741
16.8521
16.8669
16.8331
16.8619
16.875
16.8629
16.8929
16.8591
16.85
16.855
16.886
16.8748
16.8879
16.8569
16.9029
16.8772
16.875
16.8691
16.856
16.86
16.8941
16.856
16.845
16.8531
16.8738
16.886
16.901
16.8679
16.839
16.861
16.824
16.8941
16.854
16.8672
16.8869
16.8831
16.8662
16.892
16.8471
16.8581
16.8619
16.849
16.86
16.8729
16.8869
16.8729
16.8619
16.8869
16.86
16.871
16.8481
16.9082
16.8889
16.8359
16.8481
16.855
16.8738
16.8788
16.8529
16.8791
16.865
16.8698
16.876
16.855
16.8669
16.876
16.855
16.8729
16.8958
16.89
16.861
16.8481
16.8848
16.9032
16.8679
16.8931
16.8769
16.8891
16.865
16.9051
16.865
16.922
16.8779
16.8879
16.8819
