4.2069
3.94201
3.4821
3.42417
3.42894
3.42202
3.42107
3.41916
3.42393
3.42107
3.41892
3.41797
3.42202
3.42011
3.42107
3.42298
3.42512
3.42202
3.41988
3.41892
3.42202
3.41988
3.42393
3.42298
3.42417
3.42512
3.42298
3.42083
3.41988
3.42107
3.42107
3.42202
3.42679
3.42488
3.41988
3.42202
3.42298
3.42202
3.42011
3.42798
3.42298
3.42202
3.41988
3.42298
3.42512
3.41988
3.42298
3.42202
3.42011
3.42107
3.42011
3.42107
3.41916
3.42512
3.42107
3.42202
3.41988
3.42584
3.41988
3.42393
3.42107
3.42298
3.42202
3.42488
3.41916
3.42607
3.42298
3.42298
3.42393
3.42703
3.42417
3.42107
3.42202
3.42202
3.42202
3.42822
3.42393
3.41988
3.41892
3.41797
3.42298
3.41916
3.42607
3.42298
3.42107
3.42011
3.42798
3.27587
3.42202
3.42202
3.42107
3.42083
3.41988
3.42298
3.42107
3.42393
3.42512
3.42011
3.42107
3.42607
3.42011
3.42107
3.42298
3.42298
3.42488
3.42107
3.42107
3.42011
3.42202
3.42512
3.42202
3.42703
3.42083
3.41892
3.42298
3.42011
3.42298
3.42488
3.42607
3.42202
3.42011
3.42011
3.42202
3.42107
3.42107
3.42488
3.42393
3.42083
3.42107
3.42202
3.42202
3.41797
3.41988
3.42703
3.42202
3.42011
3.42107
3.41702
3.41892
3.42393
3.42512
3.42512
3.41821
3.41892
3.42011
3.42298
3.42417
3.42512
3.42417
3.42393
3.42393
3.42607
3.42178
3.41988
3.41988
3.42202
3.42298
3.42083
3.41988
3.42083
3.41988
3.42298
3.42083
3.42298
3.42512
3.42107
3.42894
3.42202
3.42584
3.42107
3.42202
3.42178
3.42393
3.42083
3.41988
3.41988
3.41892
3.42488
3.41988
3.41702
3.41892
3.42011
3.42298
3.42178
3.42011
3.42202
3.42107
3.42202
3.41892
3.42584
3.42798
3.42202
3.42202
3.42393
3.42321
3.42488
3.42298
3.42703
3.42298
3.42417
3.42393
3.42488
3.42417
3.42011
3.42107
3.41916
3.42107
3.42512
3.42512
3.42011
3.42512
3.42107
3.42107
3.42417
3.42298
3.42107
3.42083
3.42107
3.41797
3.41892
3.42202
3.42107
3.42298
3.42298
3.41916
3.42107
3.42417
3.42393
3.42202
3.42011
3.42202
3.42298
3.42298
3.42488
3.42393
3.42298
3.42011
3.42107
3.42107
3.41797
3.42298
3.42298
3.42107
3.42393
3.42202
3.41797
3.41797
3.41988
3.42107
3.42011
3.42393
3.42298
3.42107
3.42488
3.42011
3.42417
3.42607
3.42011
3.42202
3.42178
3.42393
3.42083
3.42488
3.42202
3.42202
3.42417
3.42202
3.41916
3.42512
3.42011
3.42202
3.42083
3.42298
3.42107
3.41797
3.42822
3.42393
3.42393
3.42011
3.41916
3.42107
3.42393
3.42083
3.42298
3.42512
3.42298
3.42298
3.42298
3.42298
3.41797
3.42298
3.42298
3.41916
3.42202
3.42393
3.58701
3.42202
3.42011
3.42607
3.42417
3.42107
3.42011
3.42107
3.41916
3.42607
3.42011
3.42178
3.42202
3.42178
3.42202
3.42107
3.42202
3.41797
3.41702
3.41797
3.42703
3.42083
3.41988
3.42178
3.42107
3.41988
3.41797
3.42202
3.42107
3.41916
3.42202
3.42393
3.42894
3.42584
3.42202
3.42202
3.41892
3.42607
3.41988
3.42798
3.42512
3.42107
3.42107
3.42011
3.42107
3.41988
3.42488
3.42107
3.42011
3.42011
3.42107
3.42107
3.42202
3.42607
3.42393
3.42607
3.42107
3.42202
3.41892
3.42107
3.42488
3.42202
3.42298
3.42703
3.42202
3.42178
3.42298
3.42178
3.42298
3.41916
3.42298
3.42393
3.42083
3.42703
3.42417
3.42202
3.42488
3.42011
3.42298
3.41797
3.42393
3.42107
3.41916
3.42298
3.42584
3.42488
3.42107
3.42107
3.42298
3.42298
3.42679
3.27706
3.42989
3.42107
3.42298
3.42107
3.42393
3.42011
3.42107
3.42083
3.41892
3.42298
3.42107
3.42584
3.42703
3.42298
3.42393
3.42417
3.42107
3.42107
3.41797
3.42202
3.42417
3.42107
3.42011
3.42107
3.42107
3.41821
3.42393
3.42298
3.42488
3.42107
3.42107
3.42298
3.42393
3.42488
3.41988
3.42298
3.41511
3.42083
3.41797
3.41892
3.42512
3.42083
3.41988
3.42298
3.42011
3.42107
3.42178
3.42202
3.42417
3.42512
3.42298
3.42083
3.42107
3.42107
3.42298
3.42083
3.42011
3.42107
3.42321
3.42202
3.41797
3.42393
3.42202
3.42107
3.41892
3.42202
3.42202
3.41988
3.42393
3.42107
3.42202
3.41892
3.42393
3.42393
3.42202
3.42202
3.42798
3.42298
3.42393
3.42393
3.42298
3.42393
3.42894
3.42512
3.42202
3.42083
3.42298
3.42607
3.42417
3.42512
3.42011
3.42512
3.42512
3.42202
3.42298
3.42107
3.41988
3.42298
3.42107
3.42202
3.41892
3.42107
3.42011
3.42321
3.42202
3.42202
3.41892
3.42202
3.42488
3.42107
3.42202
3.42011
3.42011
