1.70708
0.113964
0.110149
0.108957
0.109911
0.108957
0.108957
0.110149
0.110149
0.110149
0.109196
0.108957
0.109196
0.109196
0.108957
0.109911
0.10705
0.104904
0.104904
0.105858
0.536919
0.11301
0.109911
0.108004
0.10705
0.498056
0.110865
0.104904
0.105143
0.105143
0.104904
0.104904
0.108004
0.10705
0.10705
0.10705
0.108004
0.104904
0.104904
0.105143
0.105143
0.10705
0.105143
0.10705
0.105143
0.108004
0.106096
0.105858
0.108004
0.422955
0.109911
0.104904
0.106096
0.106096
0.108004
0.10705
0.106812
0.104904
0.104904
0.10705
0.105858
0.106096
0.105143
0.104904
0.10705
0.3829
0.109911
0.10705
0.106812
0.104904
0.105143
0.105143
0.108004
0.106096
0.10705
0.105143
0.10705
0.10705
0.105143
0.104904
0.105858
0.10705
0.104904
0.104904
0.104904
0.10705
0.104904
0.105143
0.105143
0.104904
1.03998
0.112057
0.108004
0.104904
0.105858
0.104904
0.10705
0.10705
0.105143
0.10705
0.121117
0.109911
0.108957
0.108957
0.109911
0.109911
0.109911
0.109911
0.108004
0.10705
0.106096
0.105143
0.10705
0.105143
0.10705
0.10705
0.108004
0.109911
0.106812
0.10705
0.105858
0.10705
0.10705
0.10705
0.10705
0.106096
0.105858
0.105858
0.108004
0.105858
0.10705
0.105858
0.109911
0.106096
0.10705
0.105143
0.10705
0.106812
0.104904
0.106812
0.10705
0.104904
0.104904
0.106096
0.106096
0.106096
0.10705
0.10705
0.106096
0.105858
0.104904
0.105143
0.105143
0.10705
0.151157
0.111103
0.10705
0.105143
0.105143
0.10705
0.106096
0.104904
0.104904
0.105143
0.108004
0.106096
0.105143
0.104904
0.104904
0.106812
0.106812
0.104904
0.109911
0.108004
0.104904
0.104904
0.10705
0.106812
0.10705
0.108004
0.108004
0.10705
0.104904
0.108004
0.106812
0.10705
0.10705
0.106096
0.105858
0.105858
0.105143
0.105143
0.108004
0.10705
0.10705
0.104904
0.106096
0.106096
0.105858
0.106812
0.104904
0.108004
0.10705
0.10705
0.105143
0.104904
0.104904
0.10705
0.104904
0.106096
0.108004
0.10705
0.10705
0.108004
0.105143
0.105143
0.104904
0.10705
0.104904
0.104904
0.10705
0.106096
0.105143
0.10705
0.108004
0.108004
0.10705
0.10705
0.108004
0.108957
0.10705
0.10705
0.106096
0.10705
0.106812
0.10705
0.10705
0.106096
0.10705
0.10705
0.106096
0.10705
0.10705
0.106096
0.106096
0.104904
0.104904
0.106096
0.106096
0.108004
0.10705
0.106812
0.10705
0.108004
0.104904
0.104904
0.108004
0.108004
0.108004
0.10705
0.108004
0.10705
0.10705
0.108004
0.10705
0.106812
0.108004
0.108004
0.108004
0.106812
0.104904
0.106812
0.105858
0.104904
0.105143
0.108004
0.108004
0.10705
0.10705
0.105143
0.104904
0.10705
0.10705
0.104904
0.108004
0.10705
0.10705
0.105143
0.105143
0.10705
0.106096
0.105858
0.104904
0.106812
0.10705
0.10705
0.108004
0.108004
0.106812
0.10705
0.10705
0.105143
0.109911
0.111103
0.10705
0.105143
0.105143
0.10705
0.105143
0.104904
0.104904
0.106096
0.10705
0.106812
0.10705
0.10705
0.10705
0.10705
0.105143
0.105143
0.10705
0.10705
0.10705
0.105858
0.106812
0.10705
0.10705
0.104904
0.10705
0.104904
0.106812
0.104904
0.104904
0.105143
0.10705
0.105143
0.105143
0.104904
0.104904
0.106096
0.10705
0.106096
0.10705
0.105858
0.10705
0.106812
0.104904
0.104904
0.10705
0.106812
0.104904
0.104904
0.105143
0.105143
0.104904
0.105858
0.104904
0.108004
0.10705
0.10705
0.10705
0.105143
0.10705
0.105143
0.105143
0.104904
0.104904
0.106812
0.10705
0.104904
0.105858
0.105143
0.10705
0.108004
0.108004
0.108004
0.10705
0.10705
0.108004
0.108004
0.10705
0.10705
0.108004
0.108004
0.108004
0.10705
0.10705
0.10705
0.108004
0.104904
0.10705
0.10705
0.108004
0.108004
0.10705
0.10705
0.10705
0.106812
0.104904
0.105143
0.105143
0.104904
0.104904
0.104904
0.10705
0.104904
0.10705
0.106812
0.10705
0.108004
0.108004
0.106812
0.106812
0.108004
0.108004
0.108004
0.104904
0.105143
0.106096
0.105143
0.10705
0.108004
0.108004
0.106812
0.10705
0.10705
0.105143
0.106096
0.104904
0.10705
0.10705
0.10705
0.10705
0.104904
0.106096
0.105143
0.10705
0.10705
0.10705
0.10705
0.104904
0.105143
0.105143
0.106096
0.10705
0.106096
0.10705
0.10705
0.10705
0.105143
0.10705
0.105143
0.10705
0.108004
0.10705
0.104904
0.105143
0.10705
0.105143
0.112057
0.10705
0.105143
0.10705
0.10705
0.106096
0.106096
0.104904
0.104904
0.104904
0.10705
0.106812
0.106812
0.108004
0.106812
0.108004
0.105858
0.108004
0.104904
0.104904
0.10705
0.104904
0.106096
0.106096
0.10705
0.10705
0.106096
0.10705
0.10705
0.10705
0.106096
0.106096
0.10705
0.108004
0.106096
0.106096
0.10705
0.10705
0.104904
0.10705
0.10705
0.108004
0.108004
0.106812
0.104904
0.104904
0.105143
0.105143
0.10705
0.10705
0.104904
0.104904
0.106812
0.108004
0.108004
0.10705
0.106812
0.108004
0.10705
0.10705
0.105143
0.10705
0.10705
0.10705
0.10705
0.106812
0.10705
0.108004
0.105143
0.104904
0.104904
0.106096
0.10705
0.10705
0.104904
0.105143
0.10705
0.106096
0.106096
0.108004
0.10705
0.10705
0.105143
0.105143
0.10705
0.106096
0.105858
0.104904
0.105858
0.105858
0.104904
0.105143
0.105143
0.104904
0.10705
0.104904
0.104904
0.104904
0.105143
0.106096
0.104904
0.105143
0.108004
0.106812
0.104904
0.104904
0.106096
0.106096
0.104904
0.108004
0.108004
0.108004
0.10705
0.10705
0.104904
0.105858
0.104904
0.108004
0.105858
0.106812
0.106812
0.10705
0.108004
0.10705
0.104904
0.104904
0.10705
0.10705
0.10705
0.105143
0.106096
0.104904
0.104904
0.10705
0.108004
0.108004
0.10705
0.10705
0.108004
0.108004
0.10705
0.10705
0.10705
0.108004
0.108004
0.106096
0.105858
0.104904
0.105143
0.10705
0.106096
0.10705
0.106096
0.10705
0.106096
0.108004
0.106812
0.10705
0.10705
0.108004
0.108004
0.106096
0.106096
0.10705
0.105143
0.104904
0.104904
0.106812
0.10705
0.105858
0.105858
0.10705
0.104904
0.10705
0.105143
0.108004
0.10705
0.106812
0.10705
0.104904
0.104904
0.106812
0.10705
0.104904
0.10705
0.108004
0.10705
0.106096
0.108004
0.108004
0.10705
0.10705
0.10705
0.108004
0.110149
0.105143
0.104904
0.105858
0.10705
0.10705
0.10705
0.10705
0.108004
0.105858
0.106812
0.106812
0.10705
0.108004
0.10705
0.105143
0.105143
0.104904
0.104904
0.105858
0.104904
0.10705
0.106812
0.105858
0.104904
0.105143
0.106096
0.105858
0.108004
0.105858
0.105858
0.10705
0.106096
0.105143
0.104904
0.10705
0.10705
0.10705
0.10705
0.10705
0.105143
0.105143
0.104904
0.108004
0.105858
0.104904
0.10705
0.108004
0.108004
0.106096
0.105858
0.105858
0.106096
0.108004
0.10705
0.105143
0.10705
0.106096
0.106096
0.105858
0.108004
0.10705
0.10705
0.108004
0.108004
0.10705
0.104904
0.10705
0.105858
0.105858
0.106096
0.106096
0.108004
0.105143
0.106096
0.10705
0.104904
0.10705
0.10705
0.10705
0.105143
0.10705
0.105143
0.10705
0.104904
0.104904
0.106812
0.104904
0.104904
0.10705
0.104904
0.106096
0.105143
0.106096
0.105858
0.106812
0.10705
0.104904
0.104904
0.104904
0.105143
0.106096
0.105143
0.10705
0.105143
0.104904
0.104904
0.104904
0.105143
0.106096
0.105143
0.104904
0.104904
0.10705
0.106812
0.10705
0.10705
0.10705
0.10705
0.108957
0.106812
0.10705
0.10705
0.108004
0.108004
0.10705
0.10705
0.10705
0.10705
0.107765
0.10705
0.10705
0.108004
0.108004
0.10705
0.10705
0.105143
0.104904
0.104904
0.106812
0.104904
0.106096
0.105143
0.105143
0.104904
0.104904
0.104904
0.105143
0.105143
0.104904
0.104904
0.106812
0.10705
0.104904
0.104904
0.105143
0.105143
0.106096
0.10705
0.104904
0.105858
0.104904
0.104904
0.105143
0.105143
0.104904
0.104904
0.108004
0.108004
0.10705
0.105143
0.105143
0.104904
0.106812
0.105858
0.105858
0.108004
0.10705
0.106812
0.10705
0.10705
0.105143
0.104904
0.104904
0.104904
0.105143
0.10705
0.10705
0.108004
0.108004
0.10705
0.10705
0.10705
0.104904
0.10705
0.106812
0.104904
0.105143
0.105143
0.10705
0.105143
0.104904
0.10705
0.10705
0.10705
0.105143
0.104904
0.105858
0.105858
0.106096
0.10705
0.10705
0.108004
0.10705
0.104904
0.108004
0.104904
0.106812
0.104904
0.106812
0.108004
0.108004
0.106096
0.105858
0.105858
0.104904
0.106096
0.104904
0.104904
0.104904
0.106096
0.106096
0.106096
0.104904
0.105858
0.10705
0.104904
0.104904
0.104904
0.105143
0.10705
0.108004
0.106096
0.10705
0.105143
0.10705
0.105143
0.108004
0.10705
0.105143
0.104904
0.10705
0.10705
0.10705
0.10705
0.10705
0.108004
0.108004
0.10705
0.105143
0.105143
0.104904
0.105858
0.106096
0.108004
0.106096
0.10705
0.10705
0.105143
0.10705
0.105143
0.10705
0.105143
0.106096
0.105858
0.105858
0.104904
0.105143
0.106096
0.104904
0.104904
0.106812
0.104904
0.106096
0.106096
0.104904
0.104904
0.108004
0.10705
0.108004
0.10705
0.10705
0.105143
0.10705
0.105143
0.105858
0.105858
0.10705
0.104904
0.105143
0.105143
0.104904
0.104904
0.106812
0.10705
0.10705
0.10705
0.108004
0.108004
0.108004
0.104904
0.105858
0.104904
0.105143
0.105143
0.10705
0.10705
0.106096
0.106096
0.105858
0.104904
0.106096
0.10705
0.108004
0.108004
0.104904
0.104904
0.105143
0.10705
0.106096
0.105143
0.105143
0.104904
0.104904
0.104904
0.10705
0.108004
0.106812
0.10705
0.105858
0.105858
0.106096
0.10705
0.10705
0.104904
0.105143
0.105143
