143.821
139.041
142.007
142.938
144.895
138.468
137.159
138.239
138.234
136.403
135.101
136.564
135.785
136.078
132.25
131.981
130.569
130.67
130.634
130.243
130.973
130.696
130.741
130.103
130.417
133.092
133.244
133.251
132.757
133.572
133.677
132.521
133.051
134.389
135.163
135.085
133.149
132.108
132.919
132.946
133.107
132.915
132.367
132.403
129.924
129.604
129.354
125.299
120.968
114.27
114.856
114.88
114.828
114.838
114.888
114.626
113.628
116.125
116.174
116.24
114.658
114.674
117.023
117.474
117.573
116.311
116.14
118.36
117.858
117.229
118.56
119.872
119.383
119.675
119.515
119.703
119.349
119.613
119.595
119.488
119.147
119.437
119.793
119.876
119.622
119.566
119.4
119.425
119.498
119.456
119.619
119.497
119.531
119.211
119.598
119.393
119.267
119.412
119.587
119.504
