117.578
110.942
99.6368
100.478
101.807
101.974
105.923
117.381
107.22
107.026
109.683
106.73
111.462
118.233
108.006
111.008
107.826
110.636
118.728
118.63
108.18
109.156
109.026
109.004
115.215
118.29
117.801
120.13
124.312
121.379
114.976
118.126
115.743
117.913
121.307
119.732
116.813
118.244
117.981
120.447
121.908
124.919
122.521
123.219
122.767
127.938
128.061
123.734
121.072
121.07
121.122
121.349
122.114
126.361
126.855
119.908
120.261
119.559
119.883
119.452
119.683
119.612
119.753
119.657
119.749
119.589
119.759
119.796
119.786
119.645
119.592
119.854
119.686
119.625
120.054
119.875
119.705
120.116
119.894
119.817
119.612
120.631
119.602
119.573
119.815
119.704
120.258
119.66
119.428
119.691
120.786
119.813
119.761
119.937
121.168
119.286
119.507
119.588
119.547
119.832
