21.1389
13.5081
13.54
13.4599
13.4692
13.4969
13.4649
13.504
13.4981
13.555
13.4671
13.5322
13.515
13.432
13.4799
13.453
13.4442
13.4611
13.479
13.459
13.4728
13.5081
13.447
13.499
13.4881
13.4811
13.521
13.4921
13.5159
13.5131
13.4931
13.5131
13.5002
13.489
13.4752
13.5159
13.515
13.51
13.4552
13.4711
13.514
13.4621
13.5362
13.4749
13.4871
13.495
13.509
13.4878
13.4909
13.458
13.51
13.5419
13.5312
13.4921
13.4881
13.5231
13.494
13.479
13.4599
13.5112
13.5381
13.4959
13.5462
13.4749
13.479
13.4981
13.515
13.5062
13.5219
13.5281
13.473
13.5121
13.432
13.5031
13.4921
13.5081
13.5422
13.494
13.49
13.4802
13.5059
13.4919
13.443
13.509
13.4461
13.5119
13.4799
13.4521
13.4451
13.4759
13.5119
13.5369
13.4811
13.4799
13.474
13.5159
13.489
13.4459
13.4919
13.5248
13.459
13.468
13.5331
13.438
13.5078
13.4499
13.5241
13.505
13.4361
13.5291
13.4819
13.505
13.504
13.4971
13.5229
13.4659
13.5119
13.4571
13.4599
13.4621
13.5069
13.4931
13.515
13.483
13.5159
13.4549
13.4821
13.5
13.494
13.5021
13.4749
13.499
13.4809
13.519
13.4959
13.515
13.463
13.4401
13.5021
13.5231
13.454
13.5319
13.4971
13.4971
13.515
13.525
13.484
13.443
13.4931
13.5288
13.4952
13.483
13.5241
13.4931
13.478
13.4921
13.51
13.519
13.5102
13.514
13.4571
13.5319
13.432
13.458
13.454
13.4931
13.5059
13.4962
13.5231
13.4509
13.5319
13.5088
13.459
13.4399
13.5059
13.4711
13.5181
13.5181
13.4912
13.5159
13.4699
13.5181
13.4931
13.4602
13.474
13.5012
13.5121
13.4621
13.4861
13.449
13.51
13.5138
13.525
13.5031
13.4959
13.5219
13.5062
13.4659
13.494
13.5031
13.474
13.4809
13.449
13.5469
13.468
13.483
13.442
13.509
13.5441
13.5119
13.448
13.5
13.5221
13.473
13.4931
13.504
13.5121
13.4449
13.4909
13.4821
13.4649
13.4909
13.484
13.489
13.4771
13.4709
13.52
13.535
13.4709
13.5288
13.4969
13.4768
13.5128
13.463
13.4969
13.4699
13.5071
13.4599
13.4881
13.5291
13.5291
13.4962
13.4799
13.4928
13.484
13.442
13.4771
13.49
13.449
13.478
13.49
13.52
13.489
13.4399
13.4799
13.4809
13.5
13.4969
13.4752
13.4931
13.5429
13.5069
13.4828
13.4909
13.4661
13.5391
13.464
13.485
13.485
13.4978
13.5269
13.521
13.4962
13.5121
13.463
13.5019
13.504
13.4671
13.505
13.519
13.4931
13.551
13.4828
13.5009
13.4699
13.427
13.5188
13.4518
13.4509
13.5369
13.448
13.494
13.5419
13.484
13.514
13.5009
13.4952
13.4599
13.4878
13.4768
13.469
13.4618
13.5009
13.49
13.4969
13.5128
13.484
13.51
13.4921
13.5159
13.5431
13.4461
13.4749
13.447
13.5071
13.51
13.473
13.4959
13.5021
13.4571
13.5109
13.4339
13.5319
13.5319
13.463
13.5338
13.5121
13.4749
13.5078
13.5219
13.4981
13.504
13.4749
13.494
13.535
13.5159
13.4711
13.4699
13.473
13.4609
13.4878
13.4909
13.4971
13.479
13.4621
13.474
13.49
13.4699
13.535
13.4802
13.4659
13.5221
13.5269
13.5009
13.52
13.4959
13.4771
13.4642
13.473
13.5119
13.49
13.4761
13.474
13.521
13.479
13.5128
13.4389
13.478
13.4962
13.468
13.4811
13.5109
13.504
13.4709
13.474
13.4649
13.463
13.4909
13.5081
13.468
13.536
13.4928
13.4981
13.509
13.51
13.4761
13.5219
13.4521
13.5059
13.463
13.5109
13.478
13.4811
13.51
13.4702
13.499
13.4811
13.5159
13.5021
13.5131
13.484
13.4881
13.505
13.484
13.531
13.5572
13.519
13.4921
13.4928
13.5
13.478
13.4749
13.489
13.5128
13.5419
13.4981
13.448
13.489
13.4909
13.474
13.5241
13.4542
13.5128
13.4809
13.4649
13.469
13.504
13.5121
13.473
13.52
13.4988
13.5269
13.4799
13.4699
13.4778
13.485
13.5221
13.4771
13.4871
13.478
13.4881
13.49
13.4559
13.535
13.5069
13.515
13.4649
13.478
13.4811
13.4549
13.499
13.5179
13.4928
13.458
13.479
13.474
13.4768
13.4928
13.4981
13.519
13.4759
13.468
13.4809
13.499
13.4881
13.5181
13.4091
13.546
13.51
13.5379
13.4969
13.4919
13.5088
13.494
13.4668
13.484
13.531
13.4981
13.4861
13.5119
13.504
13.4389
13.4521
13.4971
13.4771
13.4439
13.468
13.5269
13.536
13.5131
13.5128
13.4559
13.4699
13.5021
13.483
13.5219
13.4718
13.4959
13.555
13.494
13.473
13.4718
13.4802
13.526
13.4931
13.4721
13.468
13.4709
13.5291
13.4802
13.5119
13.5059
13.479
13.4981
13.526
13.509
13.551
13.464
13.483
13.4768
13.5229
13.5088
13.5069
13.5331
13.4881
13.4721
13.468
13.4981
13.478
13.4909
13.5119
13.4988
13.4881
13.519
13.464
13.5291
13.4931
13.5012
13.5379
13.479
13.4962
13.4768
13.4928
13.4742
13.464
13.483
13.4511
13.4931
13.4499
13.5131
13.5171
13.531
13.5131
13.4861
13.5019
13.4828
13.469
13.5219
13.4819
13.4759
13.473
13.5162
13.473
13.495
13.5331
13.514
13.519
13.51
13.5629
13.4969
13.5131
13.504
13.4702
13.5128
13.4881
13.4931
13.531
13.4621
13.4871
13.495
13.5322
13.495
13.5181
13.473
13.4459
13.5012
13.474
13.5021
13.505
13.4501
13.5081
13.4671
13.51
13.4671
13.4521
13.5081
13.499
13.509
13.4661
13.443
13.504
13.474
13.5119
13.4668
13.5241
13.468
13.531
13.5
13.473
13.4909
13.53
13.4981
13.521
13.4919
13.5062
13.5279
13.4928
13.4661
13.505
13.4981
13.5009
13.495
13.4931
13.495
13.521
13.4871
13.5081
13.438
13.489
13.5188
13.4599
13.505
13.4301
13.509
13.5329
13.474
13.49
13.4861
13.5059
13.5388
13.5388
13.5431
13.495
13.458
13.4749
13.5231
13.4671
13.438
13.504
13.4778
13.4859
13.515
13.4449
13.5221
13.5019
13.468
13.4878
13.4759
13.4959
13.4661
13.5031
13.448
13.4971
13.449
13.5171
13.4671
13.531
13.5331
13.4821
13.5109
13.5112
13.515
13.4711
13.51
13.5081
13.4521
13.463
13.5021
13.541
13.5052
13.5128
13.448
13.447
13.52
13.515
13.5281
13.5159
13.5112
13.484
13.4721
13.5341
13.51
13.5112
13.521
13.483
13.4611
13.5071
13.4549
13.5221
13.5019
13.4931
13.49
13.4621
13.4861
13.453
13.5031
13.474
13.4931
13.484
13.5319
13.5431
13.5369
13.468
13.5279
13.514
13.5159
13.4718
13.479
13.5498
13.4859
13.4752
13.473
13.5369
13.494
13.4869
13.4919
13.469
13.519
13.5169
13.4771
13.4692
13.5019
13.5002
13.4881
13.458
13.478
13.5131
13.479
13.5021
13.504
13.52
13.5379
13.489
13.4759
13.4912
13.53
13.5159
13.5279
13.5198
13.478
13.4718
13.5429
13.49
13.4671
13.5469
13.5331
13.4351
13.514
13.4971
13.4881
13.504
13.4699
13.505
13.5381
13.5241
13.4871
13.4871
13.494
13.4859
13.484
13.4959
13.4799
13.473
13.4711
13.469
13.5062
13.4869
13.454
13.484
13.4978
13.4721
13.4742
13.4959
13.5062
13.5
13.5219
13.484
13.479
13.4971
13.5159
13.489
13.5431
13.4749
13.4442
13.484
13.494
13.483
13.4881
13.51
13.5059
13.4711
13.51
13.5121
13.478
13.459
13.5338
13.4549
13.474
13.4668
13.495
13.483
13.4771
13.4361
13.4981
13.4411
13.489
13.5231
13.4859
13.449
13.443
13.499
13.5
13.4611
13.52
13.484
13.5422
13.473
13.526
13.4702
13.4959
13.4852
13.54
13.4449
13.474
13.485
13.4861
13.51
13.53
13.536
13.5221
13.5159
13.4881
13.489
13.4869
13.4978
13.5312
13.4859
13.5159
13.4511
13.4768
13.4649
13.5181
13.4881
13.4511
13.484
13.5472
13.505
13.4811
13.5169
13.4768
13.5131
13.485
13.509
13.5031
13.485
13.433
13.5438
13.4909
13.489
13.4511
13.495
13.5229
13.4792
13.4931
13.5059
13.5009
13.4859
13.469
13.4611
13.4969
13.4799
13.4761
13.4819
13.5269
13.5231
13.4959
13.504
13.4771
13.5431
13.478
13.495
13.4759
13.4962
13.489
13.4671
13.5331
13.4261
13.484
13.5031
13.4702
13.5169
13.5119
13.485
13.504
13.4809
13.4909
13.453
13.483
13.478
13.5038
13.545
13.4659
13.4401
13.5131
13.5031
13.5441
13.483
13.4971
13.4859
13.52
13.504
13.474
13.5169
13.54
13.4311
13.4661
13.4749
13.4959
13.5
13.4459
13.5012
13.4809
13.4499
13.4652
13.473
13.4771
13.474
13.51
13.4971
13.4971
13.51
13.463
13.5
13.5009
13.4711
13.5119
13.458
13.4609
13.509
13.473
13.4308
13.4931
13.5231
13.4981
13.5121
13.494
13.4809
13.4702
13.504
13.489
13.485
13.447
13.5059
13.515
13.5031
13.4931
13.484
13.4919
13.5159
13.5241
13.4709
13.4931
13.5279
13.5059
13.4571
13.4881
13.494
13.4871
13.4521
13.505
13.4809
13.4981
13.4552
13.5009
13.5221
13.469
13.484
13.489
13.5119
13.464
13.531
13.5059
13.4878
13.5429
13.483
13.525
13.509
13.499
13.494
13.4702
