40.103
36.3431
36.1681
35.902
36.4051
36.7472
36.0291
36.093
36.073
36.3908
36.1571
36.382
36.294
36.036
36.325
36.3321
36.387
36.0911
36.238
35.7561
36.516
35.7978
36.2279
36.1118
36.1331
35.825
36.0389
36.15
36.3419
36.1669
36.14
36.675
36.5539
36.3328
36.7811
36.371
36.0439
36.159
36.164
36.1989
36.1838
36.0119
36.361
36.2141
36.675
36.377
36.2158
36.1359
36.2451
35.7771
36.406
36.5529
36.0501
36.4211
36.3498
36.18
35.656
36.01
36.2442
36.5801
36.3572
36.366
36.0699
36.4299
36.3469
35.9981
36.37
36.2599
36.1538
35.8591
36.2549
35.9881
36.279
36.094
36.247
35.913
36.098
36.1679
36.093
36.664
36.027
36.4141
36.078
35.8489
36.0789
35.835
36.0761
36.0231
36.294
36.2902
36.293
36.171
37.1861
36.3181
36.443
36.2279
35.8999
35.9199
36.227
36.207
36.128
36.181
36.2461
35.845
36.2558
35.6231
36.3331
35.779
36.207
36.0632
35.9299
36.135
36.5782
35.9511
35.9221
36.7022
35.856
36.4962
35.9931
36.427
36.181
36.684
35.9221
36.581
36.166
35.6162
35.944
36.0999
36.1049
36.4878
36.1629
36.1021
35.8739
35.9938
36.541
36.988
36.257
36.0682
35.9039
36.1841
35.784
36.217
36.2401
36.0799
36.4211
35.9809
36.1931
35.9001
36.4611
36.2539
36.4139
36.118
35.9209
36.478
36.2692
36.566
35.8179
36.13
35.8901
36.1981
36.0601
36.587
36.2639
36.0909
36.0098
36.4139
36.078
35.9972
36.2861
36.0649
35.8219
35.8529
36.1729
36.356
35.7101
36.3371
36.0951
36.0529
36.3119
36.3581
35.892
36.2711
35.8641
35.629
36.3991
36.3882
35.9111
36.2301
36.4051
36.0951
36.088
36.71
36.1521
35.9342
36.3331
36.238
36.1328
36.5438
36.6969
36.3889
36.664
36.4771
35.8939
36.293
36.3898
36.3021
36.521
36.4931
36.4881
36.31
36.0229
36.3209
36.3278
35.769
36.1521
36.01
36.4871
36.6099
36.0911
35.758
36.1192
35.954
36.104
36.335
35.9571
36.2091
36.381
36.2709
36.428
36.587
36.0742
36.2029
36.4399
36.5708
35.8219
36.2899
35.9712
36.433
36.4048
36.0589
35.979
36.329
36.4099
36.7279
36.3679
36.2039
36.5989
36.2639
36.5272
36.705
35.8021
36.166
35.8701
36.2029
36.2389
36.206
36.088
35.8441
36.1021
36.103
36.1891
36.0699
35.8899
35.8839
36.0401
35.9249
36.458
36.546
36.109
36.5248
36.2709
36.036
35.769
36.0909
36.087
35.9571
35.7711
36.0131
36.0751
36.3061
35.8391
36.7701
36.3011
35.9521
36.0122
36.006
36.4299
36.3529
36.3178
36.3979
36.2818
35.871
36.2701
36.1741
36.0169
36.483
36.34
36.0711
36.4461
36.113
35.9929
35.985
36.2351
36.382
36.793
36.181
36.49
36.5081
36.217
36.4711
36.5131
36.4552
36.3212
36.67
36.1249
36.3739
36.1869
36.4499
36.1412
35.7859
36.164
36.679
36.3622
35.742
36.226
36.1419
35.903
36.2911
36.289
35.8779
36.0091
35.9399
36.7
36.211
36.0091
36.0842
36.2821
35.924
36.377
36.3328
35.8219
36.5112
35.98
36.0942
36.005
36.0808
36.3429
36.6089
36.3741
36.485
35.9461
36.5272
35.954
35.9261
35.8741
35.9061
36.438
36.943
36.6778
35.609
36.2971
36.5801
35.816
36.371
36.046
35.969
36.15
36.3081
37.0219
35.8019
35.7139
36.129
36.341
36.289
36.3472
35.928
36.448
36.0599
35.888
36.0482
35.6779
36.1581
36.166
35.9771
36.2921
36.0732
36.3781
36.0749
36.299
36.5489
36.139
36.5241
36.068
36.504
36.5191
36.006
36.2458
35.9221
35.8579
36.087
35.9671
35.7852
36.3889
36.6571
36.1052
35.8911
36.3901
36.1629
36.309
36.2201
36.2959
36.4881
36.4199
36.4029
36.128
36.1869
36.546
36.2499
36.535
35.8019
36.0579
36.1059
36.2952
36.2179
36.098
36.474
36.5589
36.4649
36.3538
36.124
36.3731
36.061
36.3419
36.0391
36.222
35.6939
36.2511
36.082
36.257
36.1569
36.2899
36.14
36.469
36.3209
36.4618
36.427
36.0889
36.5539
36.0959
36.042
36.0119
36.3128
36.325
36.6411
36.4811
36.2391
36.7119
36
35.6741
35.8009
36.5419
36.1881
36.5791
36.243
36.4881
36.4261
36.185
36.3858
36.1791
36.1559
36.3429
36.1729
35.917
36.047
36.2849
36.412
36.515
35.9342
35.7862
36.108
36.35
36.1149
36.2442
36.691
36.1199
36.016
36.2041
36.253
36.2661
35.763
36.0591
36.211
36.3719
36.665
36.5481
36.109
36.0792
36.041
36.006
35.7912
36.387
36.324
36.4959
35.8529
36.478
36.5551
36.1171
36.617
36.274
36.31
36.0889
36.2201
36.2082
36.3441
36.32
36.4459
36.3078
35.886
36.5729
36.2291
36.7851
36.2461
36.5551
35.9261
36.371
36.2389
36.1199
36.2031
36.2921
36.237
36.1328
36.109
35.9819
35.6829
35.9719
36.253
36.1891
36.0658
35.9809
35.8369
36.1099
36.1049
36.535
36.4001
36.2339
36.1519
36.516
36.324
35.886
36.6602
35.6371
36.082
36.175
36.0398
36.3669
36.274
36.222
36.9189
36.356
35.8901
36.1509
35.9349
36.3328
36.3278
36.0789
35.944
36.1931
36.634
36.2899
36.3719
35.8741
36.309
36.176
36.222
36.0291
36.5851
36.4611
36.0022
36.293
36.1452
36.159
36.483
36.1109
36.3569
36.1121
36.3748
36.145
36.1571
36.303
36.339
36.2198
36.5379
36.34
35.98
36.1619
36.0091
35.9471
35.7041
36.6011
36.1898
36.097
36.3522
36.3181
36.5891
36.495
36.463
36.164
36.345
36.4521
36.854
36.206
35.8438
36.1681
36.1791
36.3791
36.144
36.238
36.2718
36.015
36.3681
36.5841
36.392
36.088
35.8949
36.8278
36.4699
36.252
35.9359
36.0839
35.9099
36.171
36.5899
36.1829
36.227
36.586
35.959
36.1471
35.9411
36.047
36.4928
35.825
35.9571
36.2401
36.1629
36.5479
36.5601
36.0761
36.325
36.4301
36.2248
36.2959
36.098
36.1309
35.8551
36.011
35.9449
35.9769
36.2329
36.1328
36.514
36.0081
36.5522
36.4211
36.593
36.1569
36.36
36.0551
36.4969
36.027
36.1838
36.5939
36.1352
36.4702
35.8341
36.4461
36.5222
36.4771
36.2501
36.1881
36.258
36.34
36.087
35.9619
36.3319
36.057
36.1221
36.094
36.586
35.856
36.2589
36.021
36.557
35.9688
36.397
36.258
35.888
36.741
36.4799
36.4099
36.046
36.4289
36.279
36.438
36.257
36.3209
36.345
36.2389
36.1369
36.2601
36.176
36.9191
36.5691
35.929
36.1018
36.6509
36.428
36.1722
35.9371
36.4971
36.5911
36.2952
36.5059
36.061
36.0641
36.5191
36.0091
36.3529
36.767
36.5529
36.3841
36.3891
36.31
36.1819
36.283
36.211
36.248
36.046
36.3798
36.4389
35.702
36.2561
36.0291
36.3741
36.4251
36.2091
35.995
36.315
36.3481
35.8541
36.459
35.7609
36.1891
36.272
36.576
36.3648
35.862
36.135
36.4671
35.99
36.659
36.2542
36.6662
36.176
36.0701
36.1559
36.011
35.7471
36.396
36.025
36.1331
36.3901
36.4599
36.571
36.382
36.432
36.2639
36.067
36.844
36.608
36.1271
35.9859
36.206
36.2301
36.3591
36.144
36.0291
36.3271
35.9449
36.485
36.0272
36.7179
36.691
35.7409
35.8341
36.2821
36.6862
36.2949
36.963
36.2711
36.231
36.3011
36.3832
36.6149
36.5279
36.0501
36.3591
36.0801
36.0308
36.149
36.2518
36.2589
36.6271
36.0401
35.7609
36.212
36.6969
35.9268
36.0999
36.2699
36.16
36.2761
36.32
35.651
36.3102
36.2201
36.2122
36.0141
36.046
35.7568
36.5319
36.2639
35.785
35.9609
36.2549
36.2189
36.4358
36.114
36.9208
35.9299
36.5069
36.1469
36.1431
36.2351
36.2489
35.9859
36.4692
36.175
36.278
36.164
36.2871
36.2151
35.953
36.797
36.2799
35.9859
36.3879
36.1512
36.176
36.212
36.1111
36.1161
36.217
36.0091
36.4411
35.7721
36.17
36.1109
36.787
36.3741
36.268
36.4549
35.831
35.8791
36.0711
36.1831
36.3472
35.67
36.3388
35.9819
35.85
35.6281
36.201
36.2821
35.8369
36.382
36.0558
36.3729
36.1788
36.3181
35.929
36.14
36.2971
35.9581
36.5219
35.8078
36.005
36.02
35.8298
36.3381
36.6001
35.8629
36.0129
36.1049
36.526
36.3269
36.17
36.1061
35.5799
36.479
35.7981
36.3989
36.221
36.428
35.8222
36.1969
36.377
36.006
36.272
36.268
36.505
36.4711
35.9731
36.0792
36.3781
36.2852
36.217
35.7881
36.2771
36.355
36.365
36.1359
36.247
35.821
36.051
36.762
36.494
36.3259
36.0529
36.108
36.171
36.1791
35.8958
36.5191
35.871
35.8479
36.2022
35.8541
35.8851
36.1061
36.303
36.3672
36.0811
36.0801
36.55
36.0241
36.1521
36.3288
35.9769
36.3269
35.8939
36.375
36.3879
35.877
36.2442
36.3579
36.123
35.96
36.289
36.005
36.3441
36.2141
35.8601
36.124
36.0591
36.165
36.4258
36.1819
36.4449
36.16
36.1741
36.4802
36.361
36.2542
36.356
36.191
35.789
36.6688
36.3441
36.0501
35.7881
36.2639
36.0529
36.1838
36.3269
36.216
36.0291
35.9111
36.042
36.2289
36.346
