7.4079
7.34711
7.31611
7.39694
7.35211
7.3421
7.34997
7.34782
7.37596
7.34901
7.36785
7.35211
7.39288
7.33709
7.32613
7.3688
7.38716
7.35617
7.3359
7.36308
7.37786
7.36308
7.36094
7.34186
7.35211
7.34091
7.3669
7.44605
7.4029
7.35998
7.36094
7.35211
7.38621
7.35879
7.36499
7.339
7.36308
7.3669
7.36117
7.37906
7.32303
7.3719
7.35807
7.37691
7.35998
7.35188
7.32207
7.36213
7.375
7.34782
7.37
7.36594
7.37906
7.35617
7.45296
7.33614
7.34901
7.3421
7.35879
7.39408
7.36499
7.33781
7.39622
7.36904
7.34591
7.32899
7.31993
7.39312
7.34901
7.39813
7.36213
7.38502
7.37119
7.34901
7.35402
7.38001
7.38382
7.37715
7.40814
7.33709
7.36308
7.36094
7.406
7.35283
7.35998
7.35402
7.39598
7.35712
7.33805
7.33185
7.35402
7.40385
7.32207
7.47204
7.3328
7.39217
7.35307
7.375
7.36499
7.38621
7.3328
7.39598
7.36499
7.39193
7.34711
7.31802
7.37715
7.375
7.34806
7.34305
7.36904
7.36213
7.38978
7.34305
7.375
7.42197
7.34305
7.36904
7.39193
7.39312
7.40409
7.36594
7.35497
7.36594
7.35903
7.35402
7.4091
7.39813
7.3719
7.37309
7.339
7.35593
7.36213
7.34615
7.39193
7.36785
7.37691
7.34997
7.34305
7.35617
7.3421
7.39384
7.35998
7.38311
7.38311
7.35188
7.36809
7.3719
7.35402
7.39598
7.37095
7.38192
7.37405
7.30491
7.41601
7.35998
7.35784
7.36809
7.3638
7.36713
7.44915
7.37381
7.32303
7.36594
7.37309
7.39002
7.339
7.35211
7.33495
7.35092
7.35402
7.35021
7.35211
7.37095
7.36094
7.4091
7.375
7.3359
7.40385
7.35998
7.36403
7.35688
7.37715
7.35497
7.35998
7.36594
7.37
7.37309
7.35497
7.35712
7.38311
7.34401
7.4048
7.32994
7.35688
7.33304
7.35402
7.33805
7.34687
7.33995
7.37286
7.36213
7.37619
7.34591
7.34997
7.35688
7.38406
7.37882
7.36809
7.42483
7.41792
7.34711
7.33995
7.3359
7.35688
7.34615
7.32708
7.37095
7.34496
7.36499
7.36094
7.40409
7.34591
7.35092
7.38311
7.40981
7.35116
7.34377
7.35402
7.35712
7.35188
7.339
7.37596
7.33304
7.37691
7.36594
7.339
7.42388
7.32207
7.34687
7.38502
7.37095
7.32803
7.34019
7.35784
7.339
7.36594
7.35998
7.34806
7.43103
7.36713
7.375
7.34591
7.3669
7.35593
7.375
7.38096
7.33304
7.38788
7.43508
7.33519
7.375
7.35903
7.37214
7.34115
7.3421
7.32493
7.35497
7.39288
7.375
7.35497
7.36308
7.375
7.34615
7.39193
7.37381
7.36094
7.35617
7.38001
7.32207
7.3669
7.32517
7.37286
7.33614
7.34115
7.35283
7.33495
7.36904
7.33399
7.37906
7.37596
7.43198
7.35497
7.3638
7.34901
7.35497
7.35092
7.33995
7.34401
7.33399
7.37786
7.38311
7.36308
7.32398
7.35903
7.37286
7.39312
7.3781
7.4029
7.34115
7.33304
7.43198
7.375
7.40004
7.35402
7.34496
7.35521
7.39813
7.42698
7.38716
7.38788
7.34401
7.35307
7.30705
7.35593
7.37906
7.442
7.39121
7.35998
7.36308
7.36189
7.48491
7.33995
7.35998
7.34997
7.40385
7.35593
7.36809
7.35402
7.34496
7.33399
7.39002
7.40981
7.37095
7.33113
7.35879
7.37095
7.34901
7.36809
7.38311
7.32994
7.40099
7.35521
7.37309
7.35092
7.37691
7.35402
7.35092
7.36308
7.34901
7.39908
7.37691
7.3669
7.33113
7.39098
7.36809
7.39789
7.35497
7.38788
7.31707
7.38001
7.37119
7.32923
7.35998
7.36499
7.36308
7.36904
7.37
7.35211
7.38597
7.35497
7.35712
7.38502
7.37405
7.35497
7.31802
7.3998
7.339
7.34711
7.34901
7.34997
7.33495
7.35903
7.38311
7.36904
7.31111
7.36809
7.38883
7.36213
7.41315
7.33781
7.40981
7.35211
7.40504
7.29609
7.35402
7.34687
7.35497
7.375
7.41291
7.32112
7.36284
7.38096
7.37691
7.35211
7.35211
7.36594
7.38096
7.35807
7.36403
7.34401
7.36284
7.36594
7.33709
7.40695
7.34591
7.34687
7.406
7.35688
7.33709
7.35998
7.36189
7.33209
7.42483
7.34591
7.33614
7.36022
7.33995
7.36213
7.38597
7.36499
7.35402
7.34496
7.39217
7.34282
7.38597
7.33113
7.36117
7.38406
7.35307
7.31492
7.34997
7.35903
7.35879
7.36308
7.37786
7.32994
7.37095
7.37906
7.33399
7.37882
7.36499
7.33495
7.34401
7.3719
7.37095
7.35211
7.35807
7.3719
7.38502
7.34186
7.36308
7.34186
7.35593
7.339
7.35211
7.35021
7.41816
7.36308
7.34901
7.3781
7.3669
7.37
7.39408
7.35807
7.36499
7.39503
7.31301
7.36308
7.37
7.339
7.35903
7.34115
7.35784
7.39694
7.36904
7.36403
7.38978
7.34401
7.34496
