259.756
259.147
254.492
247.148
244.187
232.381
229.547
230.564
233.602
225.864
234.866
234.633
227.411
236.663
232.878
228.711
232.304
223.307
222.724
218.274
211.815
206.532
200.701
208.911
203.31
202.504
207.072
215.454
200.575
207.317
208.496
207.141
209.222
210.665
219.697
218.8
210.202
210.122
209.417
210.894
214.705
211.551
209.249
211.028
210.674
210.333
210.381
210.545
210.367
219.233
211.503
214.932
217.579
210.399
210.413
209.294
210.104
210.106
210.526
210.293
211.455
210.138
218.656
209.438
210.212
212.509
213.093
209.015
218.628
212.358
210.144
209.234
210.427
218.346
213.629
210.79
210.4
210.102
209.854
208.656
213.502
210.455
219.052
212.013
210.957
210.066
218.727
220.081
210.088
211.035
209.205
210.675
215.122
220.43
213.045
210.698
211.775
210.675
213.087
210.401
