9.78303
8.42404
8.40187
8.54301
8.41212
8.4219
8.45098
8.6019
8.55684
8.54611
8.51083
8.44812
8.60596
8.52013
8.3921
8.43382
8.41212
8.41498
8.46195
8.41212
8.46291
8.76307
8.45313
8.38995
8.67581
8.57902
8.49891
8.43692
8.53109
8.46601
8.58307
8.65102
8.56018
8.40402
8.4269
8.64196
8.45814
8.461
8.66103
8.497
8.48317
8.45313
8.44097
8.41689
8.40592
8.46195
8.55088
8.63504
8.6019
8.40616
8.49509
8.43191
8.56805
8.42381
8.44598
8.58903
8.46887
8.39901
8.40282
8.54707
8.57186
8.41999
8.60596
8.497
8.51393
8.3859
8.50201
8.57902
8.45504
8.51583
8.47697
8.56304
8.59404
8.70395
8.7769
8.42714
8.47006
8.61692
8.49795
8.39901
8.41594
8.44002
8.55517
8.42714
8.39996
8.43883
8.52203
8.58307
8.41594
8.51202
8.54897
8.47697
8.49104
8.63504
8.51893
8.497
8.44288
8.47101
8.44789
8.44002
8.41284
8.55589
8.57115
8.42118
8.533
8.72803
8.46601
8.47101
8.42309
8.44884
8.51297
8.67796
8.46601
8.64601
8.6112
8.56018
8.68821
8.58998
8.50296
8.53109
8.41522
8.53801
8.61192
8.41308
8.40688
8.48293
8.52799
8.47793
8.47292
8.6081
8.43716
8.54015
8.48389
8.51202
8.52513
8.50701
8.55613
8.40783
8.54993
8.43
8.78
8.42285
8.47292
8.49795
8.5299
8.46481
8.39114
8.60906
8.50105
8.60405
8.42881
8.47912
8.49819
8.42714
8.47888
8.43596
8.4722
8.497
8.5721
8.6782
8.56614
8.40592
8.43096
8.52895
8.54897
8.564
8.46601
8.6689
8.45003
8.46195
8.61716
8.425
8.49509
8.63409
8.5299
8.4331
8.50391
8.39901
8.43716
8.47793
8.46291
8.50987
8.37994
8.4281
8.41498
8.54611
8.43382
8.49104
8.58688
8.41999
8.52704
8.70419
8.43215
8.55017
8.47912
8.44502
8.53705
8.4579
8.41594
8.43191
8.47602
8.61502
8.44216
8.56996
8.7142
8.57806
8.62098
8.57782
8.48913
8.50487
8.64887
8.52513
8.41022
8.49915
8.50105
8.48389
8.41808
8.53395
8.38399
8.54993
8.43596
8.50987
8.55088
8.40116
8.48103
8.48198
8.66795
8.425
8.44812
8.46791
8.49104
8.61907
8.55088
8.52799
8.49009
8.48103
8.41594
8.40998
8.55303
8.48794
8.55994
8.3859
8.42905
8.44216
8.51512
8.67295
8.57592
8.60286
8.43692
8.4691
8.7018
8.41618
8.44502
8.5609
8.57496
8.47006
8.51703
8.3952
8.46505
8.42094
8.45098
8.43096
8.43811
8.4548
8.44097
8.4939
8.62312
8.57902
8.42214
8.44121
8.61406
8.50797
8.5299
8.45098
8.48603
8.65602
8.57306
8.47697
8.57496
8.50821
8.59809
8.57997
8.49295
8.43096
8.53086
8.53705
8.36611
8.65698
8.65078
8.70895
8.44598
8.59499
8.46887
8.52394
8.53515
8.45718
8.47411
8.67581
8.45313
8.44216
8.4281
8.55494
8.38089
8.55517
8.56709
8.50701
8.67414
8.47793
8.54111
8.5299
8.41689
8.40402
8.40497
8.51607
8.45909
8.41784
8.47292
8.45695
8.45504
8.46791
8.52394
8.44812
8.49414
8.44002
8.47507
8.65293
8.56185
8.52394
8.59809
8.52513
8.4579
8.64005
8.43
8.49509
8.55517
8.47316
8.47888
8.44502
8.41522
8.66318
8.52513
8.49485
8.56805
8.5609
8.42309
8.61979
8.41904
8.51607
8.58402
8.42905
8.53491
8.57282
8.59308
8.49891
8.49605
8.533
8.60095
8.6031
8.43382
8.44812
8.59904
8.49199
8.51393
8.50892
8.41594
8.40211
8.6081
8.43883
8.50201
8.40592
8.44312
8.5361
8.53181
8.47816
8.51512
8.38184
8.45003
8.53896
8.425
8.48794
8.44908
8.43596
8.58521
8.70085
8.45504
8.59284
8.41594
8.64601
8.605
8.43
8.42905
8.56018
8.48508
8.65602
8.65889
8.47101
8.46004
8.55994
8.51989
8.57711
8.51107
8.4219
8.4641
8.48389
8.41308
8.55017
8.61216
8.53014
8.48985
8.42404
8.68797
8.47793
8.50081
8.60596
8.64601
8.50415
8.51488
8.62002
8.45289
8.44693
8.47292
8.62408
8.52609
8.48794
8.41093
8.47101
8.4939
8.45098
8.46386
8.46004
8.69012
8.43287
8.39806
8.43596
8.54897
8.49819
8.43
8.54611
8.46195
8.61716
8.51011
8.49891
8.47507
8.48103
8.46505
8.45194
8.55303
8.55708
8.41689
8.48913
8.61907
8.47197
8.40187
8.53801
8.62098
8.54111
8.53705
8.42094
8.4939
8.44812
8.61001
8.48103
8.66699
8.44479
8.63504
8.425
8.497
8.46314
8.46696
8.48985
8.6019
8.41212
8.45313
8.48103
8.6081
8.44979
8.65006
8.41403
8.51512
8.41284
8.58593
8.67105
8.50701
8.57496
8.58116
8.43096
8.45385
8.74901
8.54993
8.54087
8.50201
8.45885
8.48508
8.40521
8.58712
8.41999
8.57615
8.50606
8.44002
8.47101
8.4722
8.70514
8.76498
8.54087
8.69894
8.81004
8.75616
8.56113
8.45098
8.51512
8.57282
8.4691
8.54683
8.46696
8.46696
8.56209
8.50487
8.44288
8.4362
8.63814
8.48722
8.47006
8.3909
8.47197
8.63504
8.6391
8.52489
8.48794
8.45194
8.53395
8.4281
8.56304
8.5721
8.66818
8.41999
8.46195
8.672
8.52489
8.5001
8.58688
8.52394
8.50606
8.4312
8.49986
8.55708
8.641
8.394
8.47507
8.43596
8.53515
8.57782
8.87513
8.40616
8.53801
8.48007
8.4362
8.52895
8.63314
8.45695
8.60405
8.58116
8.51917
8.66818
8.461
8.53205
8.4269
8.58712
8.45289
8.44789
8.47411
8.42905
8.66795
8.52704
8.46004
8.61502
8.53705
8.4672
8.47316
8.48079
8.40807
8.55088
8.45098
8.49509
8.41689
8.46791
8.55303
8.49605
8.64315
8.40402
8.51321
8.45814
8.43191
8.51798
8.39901
8.54111
8.61001
8.47912
8.46386
8.5361
8.54707
8.59308
8.56018
8.44312
8.43906
8.44908
8.39019
8.57806
8.44193
8.47101
8.40807
8.58784
8.64291
8.41498
8.53086
8.42881
8.47292
8.47101
8.40998
8.48603
8.46291
8.54683
8.46314
8.45313
8.48985
8.4281
8.49009
8.41594
8.47387
8.54397
8.41308
8.50606
8.49009
8.43406
8.49295
8.45003
8.4691
8.4548
8.46314
8.44812
8.52585
8.48007
8.37994
8.38685
8.62193
8.65889
8.43811
8.4579
8.44002
8.66985
8.54301
8.50701
8.45814
8.4281
8.52799
8.52203
8.45313
8.4548
8.55803
8.46386
8.54015
8.47721
8.52704
8.47793
8.50105
8.43501
8.49795
8.42905
8.49295
8.46291
8.48794
8.52895
8.58498
8.41689
8.48794
8.54015
8.42595
8.40712
8.50296
8.55803
8.45194
8.6081
8.49295
8.41999
8.394
8.52609
8.62885
8.461
8.50201
8.425
8.41308
8.58092
8.44193
8.6441
8.43811
8.46887
8.45408
8.41594
8.55184
8.6391
8.41308
8.46696
8.44193
8.5659
8.47006
8.44407
8.64005
8.76307
8.56996
8.59785
8.58998
8.44693
8.55303
8.43406
8.45003
8.4641
8.48413
8.44288
8.50797
8.41999
8.42881
8.48198
8.40592
8.47507
8.50821
8.46004
8.46314
8.58903
8.61096
8.48794
8.66699
8.54683
8.51393
8.55303
8.76689
8.45695
8.74901
8.55589
8.49891
8.41403
8.55398
8.46219
8.59022
8.4641
8.47292
8.3921
8.55803
8.58688
8.48699
8.47006
8.44598
8.54206
8.43406
8.44502
8.50821
8.51417
8.52013
8.57401
8.5001
8.53705
8.58998
8.44193
8.43096
8.45313
8.60906
8.44789
8.42714
8.39615
8.4939
8.56495
8.51893
8.425
8.55684
8.41999
8.50391
8.44502
8.46791
8.57687
8.49199
8.57711
8.45313
8.72684
8.49104
8.53419
8.4281
8.42905
8.6062
8.77309
8.53205
8.47912
8.43382
8.47197
8.5609
8.47101
8.48198
8.38494
8.50606
8.39901
8.38709
8.50892
8.57592
8.51798
8.51202
8.52203
8.48389
8.56209
8.4691
8.533
8.45385
8.48103
8.41188
8.43406
8.47101
8.43596
8.51202
8.48413
8.47602
8.564
8.48889
8.40998
8.60095
8.43
8.4579
8.47793
8.56805
8.41498
8.44407
8.63695
8.39281
8.3921
8.51893
8.47292
8.53395
8.44884
8.49509
8.48818
8.48293
8.53992
8.47697
8.41784
8.49104
8.50701
8.63314
8.45098
8.51417
8.49819
8.39806
8.40092
8.48794
8.43596
8.45909
8.4641
8.45289
8.53992
8.6031
8.39901
8.51512
8.41093
8.4219
8.56996
8.50606
8.4362
8.46004
8.46195
8.46004
8.40616
8.43191
8.66699
8.57615
8.46195
8.48079
8.51607
8.46887
8.82506
8.45194
8.605
8.49891
8.47983
8.52299
8.41713
8.57997
8.461
8.45194
8.45909
8.59809
8.43787
8.66103
8.54397
8.50487
8.41093
8.62193
8.42309
8.52084
8.41212
8.57711
8.564
8.48293
8.44884
8.45003
8.44407
8.65221
8.47793
8.62908
8.389
8.45098
8.41403
8.44693
8.51703
8.70585
8.49104
8.49891
8.49199
8.40998
8.44717
8.53205
8.44002
8.6689
8.53395
8.59094
8.50296
8.45289
8.41498
8.44908
8.50511
8.54897
8.48603
8.45695
8.39591
8.41308
8.42094
8.47602
8.47006
8.58498
8.42404
8.51893
8.43096
8.54993
8.41808
8.51917
8.49605
8.45909
8.46696
8.41618
8.41999
8.39806
8.45623
8.41904
8.60786
8.50511
8.63194
8.43382
8.4331
8.50821
8.44717
8.45218
8.37708
8.49891
8.44312
8.72803
8.45909
8.53419
8.46601
8.48508
8.46601
8.50415
8.43692
8.4579
8.49295
8.58283
8.42094
8.43906
8.52489
8.46601
8.46195
8.45289
8.55589
8.44097
8.48794
8.45909
8.63481
8.41403
8.54397
8.39901
8.51512
8.45098
8.425
8.61621
8.58808
8.50701
8.45504
8.4281
8.54802
8.52394
8.5659
8.44789
8.50105
8.43596
8.69823
8.45218
8.43906
8.44502
