9.74298
8.50892
8.50105
8.55112
8.55613
8.47197
8.40902
8.45003
8.43692
8.45504
8.58593
8.4579
8.49414
8.47602
8.46505
8.49986
8.40497
8.50797
8.44407
8.75306
8.40592
8.45194
8.45194
8.57496
8.48293
8.52919
8.43716
8.5032
8.44884
8.51512
8.65507
8.49104
8.52489
8.54802
8.44193
8.45289
8.4362
8.52299
8.54111
8.45385
8.44502
8.52704
8.58879
8.44312
8.43787
8.43811
8.43501
8.56304
8.4269
8.461
8.49295
8.58998
8.57902
8.43596
8.64196
8.43906
8.41117
8.44002
8.65889
8.63099
8.60405
8.58402
8.41904
8.49795
8.51989
8.4641
8.44884
8.45623
8.46601
8.49605
8.39901
8.39996
8.62193
8.54588
8.636
8.50916
8.42786
8.39996
8.43906
8.51178
8.47816
8.4641
8.40092
8.38494
8.497
8.54397
8.52704
8.51417
8.54397
8.46601
8.51011
8.55994
8.65293
8.81696
8.5659
8.49414
8.40211
8.45385
8.5721
8.43501
8.47197
8.47101
8.45313
8.41212
8.51297
8.47888
8.4331
8.53181
8.43406
8.41999
8.497
8.63886
8.564
8.42404
8.49509
8.55398
8.50582
8.57615
8.7738
8.50105
8.5969
8.44812
8.5969
8.5299
8.43906
8.50391
8.66604
8.53896
8.53181
8.48198
8.45695
8.54421
8.44002
8.60405
8.47793
8.49199
8.59904
8.44407
8.4641
8.49986
8.51798
8.49104
8.48413
8.60715
8.52299
8.53109
8.50701
8.57186
8.47602
8.53181
8.45408
8.51893
8.44693
8.41594
8.44097
8.41117
8.46601
8.66604
8.50201
8.50296
8.5969
8.42309
8.68487
8.48007
8.5578
8.61502
8.43
8.43
8.39782
8.61001
8.50105
8.49009
8.45695
8.44502
8.4579
8.44598
8.52203
8.63004
8.55017
8.569
8.43906
8.49605
8.44717
8.65006
8.58593
8.51297
8.47507
8.40902
8.63886
8.45003
8.533
8.48699
8.46004
8.36182
8.44812
8.52084
8.51893
8.59594
8.47101
8.42404
8.55708
8.55017
8.49414
8.57401
8.43787
8.45599
8.49605
8.394
8.46505
8.46004
8.57687
8.50916
8.50511
8.50582
8.48103
8.43406
8.58998
8.48007
8.51297
8.5969
8.48413
8.51989
8.57806
8.51798
8.63385
8.47316
8.47507
8.44812
8.52299
8.58688
8.42404
8.45385
8.49509
8.55398
8.48389
8.53395
8.41212
8.48007
8.54492
8.6
8.44383
8.53014
8.54492
8.41689
8.65698
8.52299
8.43406
8.49509
8.50201
8.62598
8.44598
8.51297
8.45885
8.42714
8.53515
8.58688
8.41403
8.57592
8.49295
8.53515
8.57496
8.48699
8.45504
8.4002
8.43787
8.63695
8.53205
8.4672
8.46314
8.47697
8.461
8.52895
8.52489
8.42714
8.61001
8.54492
8.49795
8.57687
8.63504
8.54492
8.50701
8.67987
8.50701
8.52394
8.58307
8.60286
8.55899
8.55613
8.51798
8.52108
8.58188
8.57902
8.44908
8.45981
8.41498
8.47602
8.5001
8.43406
8.65078
8.42714
8.4939
8.4269
8.45504
8.42786
8.47292
8.51297
8.47793
8.55398
8.425
8.63099
8.48913
8.57592
8.52203
8.59809
8.45695
8.47006
8.47101
8.53586
8.50511
8.54087
8.47101
8.56805
8.48413
8.65197
8.47197
8.57306
8.41999
8.57902
8.63814
8.43501
8.48699
8.42595
8.58688
8.47006
8.50987
8.55398
8.42714
8.45814
8.51893
8.45098
8.41808
8.4641
8.46601
8.61001
8.54111
8.37708
8.47006
8.425
8.425
8.51893
8.45814
8.57782
8.43406
8.46004
8.40616
8.44479
8.54921
8.48198
8.46696
8.41808
8.38995
8.51989
8.56996
8.49414
8.40592
8.51583
8.39996
8.53705
8.4548
8.44216
8.40878
8.43716
8.42309
8.44693
8.54802
8.47816
8.47793
8.60405
8.5938
8.48007
8.52084
8.53109
8.49795
8.42118
8.4939
8.569
8.63004
8.64315
8.72207
8.49199
8.48007
8.53205
8.53801
8.44812
8.51607
8.49199
8.47697
8.39686
8.48293
8.46004
8.42595
8.47793
8.64005
8.42619
8.67105
8.42118
8.54015
8.47101
8.47411
8.51703
8.50797
8.45885
8.59499
8.51703
8.52084
8.72493
8.48794
8.69918
8.46314
8.3859
8.44812
8.49915
8.48508
8.46815
8.48985
8.84891
8.461
8.52489
8.60715
8.672
8.46481
8.52799
8.46791
8.48508
8.46195
8.47197
8.45003
8.47101
8.51107
8.49199
8.52799
8.47292
8.56805
8.42905
8.65412
8.51083
8.49795
8.72207
8.60095
8.53992
8.46195
8.45408
8.41093
8.42214
8.45814
8.4579
8.59594
8.49009
8.49295
8.54492
8.37493
8.44693
8.533
8.40783
8.42905
8.64887
8.45098
8.50201
8.51297
8.51202
8.51297
8.40998
8.44789
8.50201
8.37708
8.51202
8.60214
8.51679
8.45814
8.5299
8.54897
8.59094
8.48413
8.49605
8.6422
8.40306
8.461
8.47507
8.57711
8.49199
8.51893
8.38399
8.62002
8.49199
8.48484
8.48293
8.56209
8.44789
8.55088
8.50511
8.54182
8.43
8.49199
8.41093
8.50701
8.50391
8.43906
8.4722
8.42214
8.48889
8.42094
8.43692
8.49605
8.55708
8.54802
8.42714
8.48913
8.53896
8.53086
8.44812
8.49605
8.57687
8.48198
8.45194
8.6751
8.55207
8.45194
8.41904
8.67295
8.38304
8.52203
8.59499
8.44789
8.6472
8.55184
8.49891
8.44193
8.52585
8.53491
8.66508
8.68487
8.425
8.66985
8.42714
8.63504
8.44193
8.64506
8.53801
8.56018
8.40688
8.48794
8.45408
8.50606
8.50201
8.55088
8.48413
8.425
8.43501
8.4641
8.54397
8.44193
8.4331
8.46195
8.55994
8.50105
8.65412
8.41403
8.64005
8.497
8.40497
8.44598
8.51893
8.47006
8.44502
8.49795
8.63218
8.45909
8.54588
8.44407
8.46386
8.52704
8.62384
8.67009
8.58402
8.44312
8.41594
8.41808
8.48198
8.53419
8.49795
8.4548
8.39996
8.54516
8.39496
8.43406
8.51488
8.44812
8.45098
8.53419
8.46791
8.49295
8.45695
8.52203
8.53419
8.51321
8.51607
8.47197
8.58593
8.53395
8.74305
8.45289
8.40616
8.44312
8.51798
8.48794
8.48985
8.65006
8.42309
8.43883
8.58212
8.45599
8.52108
8.56614
8.40306
8.54707
8.52418
8.45695
8.46815
8.46004
8.45504
8.64601
8.53109
8.71706
8.42404
8.58402
8.49891
8.50892
8.41999
8.54206
8.52084
8.55398
8.55207
8.43287
8.59499
8.47101
8.49795
8.48913
8.43906
8.62098
8.41689
8.53515
8.497
8.44693
8.5001
8.51297
8.58998
8.44288
8.53896
8.41093
8.45504
8.70609
8.51202
8.64315
8.44407
8.47983
8.46195
8.45313
8.40092
8.51798
8.5659
8.43692
8.49605
8.43
8.45695
8.54802
8.64601
8.48794
8.51297
8.52394
8.47316
8.44002
8.59499
8.42905
8.47101
8.43215
8.58188
8.44598
8.54301
8.51202
8.51083
8.51107
8.48985
8.48007
8.53586
8.47912
8.45098
8.52609
8.47793
8.46386
8.49104
8.47888
8.63719
8.4331
8.51011
8.44908
8.4691
8.5001
8.39591
8.46505
8.40402
8.4908
8.43906
8.42404
8.56781
8.43
8.43215
8.5392
8.49199
8.40592
8.52203
8.45218
8.57782
8.48293
8.49891
8.42905
8.54397
8.54611
8.47507
8.48699
8.43406
8.49891
8.50892
8.66795
8.56709
8.46982
8.43596
8.56709
8.45909
8.41093
8.47006
8.51083
8.4312
8.48913
8.38995
8.41403
8.41689
8.54802
8.52299
8.461
8.78596
8.52585
8.44407
8.51393
8.569
8.55494
8.4579
8.51107
8.63194
8.43883
8.47602
8.41308
8.47197
8.57902
8.46791
8.45194
8.52013
8.6112
8.38304
8.54206
8.43287
8.52299
8.50511
8.47793
8.58402
8.49199
8.5299
8.50391
8.49891
8.40902
8.56686
8.47316
8.48699
8.45098
8.41498
8.53109
8.4002
8.43501
8.50606
8.47697
8.48579
8.61311
8.91209
8.48413
8.71205
8.53109
8.73089
8.52299
8.50296
8.5001
8.53705
8.43096
8.53205
8.59785
8.54111
8.60906
8.48103
8.51893
8.50487
8.57592
8.394
8.50105
8.51703
8.49819
8.40211
8.59404
8.44288
8.40807
8.39305
8.41904
8.497
8.40998
8.47006
8.49199
8.44812
8.52299
8.38804
8.51607
8.47197
8.45981
8.55517
8.51417
8.58903
8.41999
8.61907
8.48317
8.46004
8.52299
8.425
8.51989
8.42595
8.43501
8.43096
8.41904
8.45385
8.44812
8.54421
8.47101
8.47006
8.74114
8.55398
8.44693
8.68702
8.62408
8.46887
8.425
8.45909
8.54707
8.47602
8.44884
8.49199
8.57782
8.42309
8.51583
8.42905
8.44884
8.4722
8.42118
8.4641
8.43883
8.54206
8.48889
8.4691
8.52013
8.49795
8.53014
8.45408
8.52299
8.57997
8.47507
8.58402
8.44598
8.41784
8.43501
8.48198
8.48007
8.47602
8.37994
8.90708
8.48079
8.48007
8.50081
8.55303
8.45218
8.53109
8.56209
8.57687
8.41689
8.49605
8.47101
8.54683
8.45098
8.45313
8.44193
8.43501
8.48794
8.50892
8.47507
8.65483
8.55803
8.47387
8.45003
8.47292
8.55899
8.44002
8.45695
8.56686
8.57997
8.461
8.4579
8.44193
8.66508
8.58092
8.50582
8.41999
8.4691
8.61216
8.46577
8.52513
8.56614
8.53992
8.6019
8.564
8.55494
8.51989
8.42595
8.46791
8.52513
8.50987
8.49915
8.45408
8.55684
8.37708
8.40306
8.48699
8.4641
8.41284
8.44002
8.44193
8.61788
8.65698
8.55708
8.46982
8.49104
8.44193
8.51989
8.76713
8.54397
8.55494
8.59809
8.6298
8.54921
8.45408
8.41784
8.46314
8.49104
8.43096
8.44097
8.50511
8.64816
8.5299
8.44789
8.49295
8.49414
8.50177
8.40902
8.43
8.44097
8.37779
8.44002
8.56209
8.44288
8.48293
8.43191
8.48198
8.43406
8.46601
8.49509
8.47793
8.49295
8.46505
8.48317
8.46815
8.42881
8.60405
8.51393
8.46696
8.56996
8.61812
8.55303
8.45003
