9.73892
9.78804
9.98998
9.81116
9.91607
9.92298
9.78088
9.52506
9.75394
10.6659
10.206
9.82499
10.1321
9.89199
9.96208
10.3471
10.0429
9.46784
10.088
9.8331
9.64212
9.77707
10.4139
10.062
9.99093
9.56607
9.67288
10.2901
9.93514
10.1008
10.0009
10.0191
9.82094
10.186
10.3841
9.794
10.0439
10.0729
10.6061
9.97806
9.6879
9.54008
10.1039
9.86004
9.78017
9.80091
9.85503
9.866
9.71603
9.57894
10.2279
10.1521
9.56702
9.68218
9.47714
10.268
10.309
9.94301
10.4182
9.76515
9.89604
9.71794
9.57799
9.65285
10.113
10.118
10.071
9.78708
10.1922
9.93109
9.9411
9.54795
9.90486
10.35
9.85599
10.071
9.91511
9.63187
10.1209
10.3371
10.066
9.94015
10.287
9.799
9.66096
9.70697
9.62806
9.57394
9.75394
9.91988
9.624
9.90105
9.92107
9.69911
9.88817
10.2308
9.85098
9.70697
10.0541
9.66716
10.185
10.1631
9.87697
9.83405
9.56917
9.938
10.205
9.81188
9.91392
9.87196
9.93991
9.92799
9.89604
10.1278
10.0341
10.0369
9.87291
9.43208
9.77206
10.0091
9.71794
9.8331
9.7599
9.84693
9.98902
9.98902
9.90415
10.0038
9.83
9.71794
10.3459
9.68814
9.799
9.68194
9.86481
9.67813
9.5892
9.94611
9.74989
10.2429
9.77302
9.9299
10.2432
9.79114
9.8629
9.6209
10.0269
10.0081
9.76086
10.2401
9.99498
9.938
9.93586
10.087
10.2699
10.077
9.92107
10.1261
9.88603
10.251
9.92298
9.62591
9.73606
9.90582
9.99093
9.83715
9.55915
9.80306
9.92298
9.89199
9.67503
10.0529
9.75704
9.83405
10.3822
9.61804
9.79209
10.0381
10.1149
9.95994
9.93204
9.69601
9.66501
9.91511
9.84788
9.81402
10.0379
9.7661
9.88913
10.0141
10.0801
9.73701
10.113
9.91297
9.64117
9.65309
9.47404
9.75609
9.90391
9.78494
9.97591
10.2391
10.268
9.82118
9.81712
9.57084
9.88817
9.66001
9.7599
9.57918
9.88913
10.0338
9.80496
10.0911
10.133
9.83596
9.74798
9.8691
9.7208
9.93705
10.0689
10.319
10.196
9.68599
9.46999
9.6941
9.655
9.86886
10.138
9.77397
9.86099
10.1111
9.60493
10.0679
9.7301
10.0839
9.84287
9.835
10.1769
9.80711
10.118
9.88102
9.84311
9.96995
9.98688
9.97591
9.96208
10.1449
9.8269
9.94611
9.95588
10.319
9.78184
10.155
9.87601
9.84502
9.8629
9.99808
9.82213
9.59897
9.72199
9.96804
10.0219
9.90796
10.02
9.86099
9.74488
9.76086
9.71913
10.1352
9.82594
10.2019
9.7661
10.129
9.5818
9.58204
10.004
9.93299
9.78804
9.75108
9.73606
10.1891
9.66811
10.114
9.84192
10.2041
9.76014
9.89795
9.81092
9.67383
9.74298
9.93299
9.80306
10.0379
9.84192
9.69005
9.84383
10.0741
9.799
10.318
9.93991
10.046
9.81903
10.2172
9.48811
10.03
9.70483
9.64308
9.83787
9.57704
9.81593
9.87697
10.1662
10.3359
9.63187
9.69005
9.60302
9.81712
9.7959
9.97305
9.84812
9.82785
10.0701
9.799
9.99117
9.82189
10.339
10.1109
9.61399
10.2551
9.69291
9.71794
9.78994
9.71198
9.95588
10.0431
10.5591
10.1039
9.88293
9.68289
10.299
9.72009
9.76205
9.50813
9.88579
9.52005
9.84693
9.408
10.1199
10.072
10.304
9.65405
9.68885
10.5951
10.385
9.75394
9.68885
9.68599
9.82594
9.89008
9.87697
9.89604
9.98402
9.59086
9.71293
10.5031
9.79781
9.619
9.71413
10.1929
9.73892
9.80806
9.74607
9.7959
10.0601
9.87792
9.94706
9.65595
9.84097
9.96208
9.77206
10.2391
10.134
10.0219
9.72891
10.072
9.94992
9.55486
9.53412
10.083
10.1309
9.90009
9.73892
10.077
10.0458
9.90605
9.92203
9.98616
9.68695
9.70387
10.103
10.139
9.8021
9.72104
10.072
9.89509
9.86695
9.56416
10.3571
10.2668
9.91106
10.03
9.86385
9.691
9.93609
9.95302
10.2642
10.0558
9.66406
9.9721
9.70411
10.2789
9.83191
9.72605
10.035
10.0639
9.83691
9.76706
10.0238
9.763
10.2911
9.75084
9.78112
9.81116
10.1969
9.88698
10.0939
9.82904
10.253
9.89389
9.77993
9.835
9.92012
9.98282
9.65714
9.86791
9.79686
10.0601
10.042
9.99594
9.83596
10.2248
9.68099
9.758
10.1891
10.134
9.68981
9.88817
10.1652
9.6221
9.77802
10.2711
9.59706
10.3471
10.617
9.34792
9.89103
9.902
9.69505
9.87291
9.763
10.0729
10.057
10.2201
9.76801
10.1299
9.84907
10.1459
10.36
9.78589
10.03
9.67598
9.74894
9.69505
10.025
9.53817
9.71723
10.4339
10.0498
9.76706
9.57298
9.55391
10.3271
9.52411
9.91511
9.79996
10.0091
10.3021
9.77683
10.5951
9.85694
9.84812
10.1378
9.83596
10.0811
9.87482
10.082
10.268
10.123
9.65095
9.63783
10.2789
9.59802
9.55391
10.0441
10.324
9.758
9.77588
9.89699
9.84907
10.1731
10.179
10.04
9.86409
10.0129
9.974
9.85599
10.0019
9.72486
9.66811
9.65619
10.16
9.84383
9.92298
10.138
9.7599
9.80496
9.94205
10.1879
9.81688
9.64212
9.79185
10.005
9.794
9.95994
9.72509
9.86099
9.99403
9.902
9.77993
10.0551
10.2241
10.1149
9.78994
10.103
10.015
9.68099
9.85694
9.77206
9.88388
9.75204
9.65595
10.093
10.2699
9.96995
10.386
9.84907
9.74298
9.69386
10.1669
9.9721
10.0989
9.71889
10.0019
9.81712
9.76396
9.97186
9.88698
9.83
9.61399
9.73296
10.0119
10.0451
9.96995
9.67312
10.2069
9.90391
9.97901
10.155
10.391
9.96804
9.95779
9.66907
9.85193
9.61995
9.43494
9.92489
10.0081
9.56702
10.0939
10.042
9.59802
10.0379
9.55009
10.1671
9.66597
9.98902
9.66001
9.84812
10.3369
9.95398
9.69982
10.0992
9.90009
10.092
9.64594
9.93395
9.81092
9.90009
9.99618
9.70602
9.67503
10.0839
9.66597
10.287
9.92894
10.1869
9.72795
10.015
10.401
9.67693
10.113
9.98998
9.86004
9.93681
10.1371
10.0489
10.1421
9.48691
9.75585
10.0441
9.88603
10.2201
9.64594
10.2789
10.1411
9.97496
9.89795
9.63879
10.1511
9.9051
9.94802
10.1678
9.96113
9.68003
9.95803
9.9709
9.79805
9.74321
9.64808
9.79304
10.072
10.093
9.51195
10.2921
9.84693
10.2649
9.91917
9.90295
9.655
9.95708
9.73105
9.92799
9.73606
10.1321
9.92393
9.91488
10.5481
9.5799
9.82404
9.50003
10.1318
9.9721
9.93204
9.85599
9.92489
9.77087
9.91702
10.015
9.59492
9.65595
9.88317
9.92584
9.97496
9.80902
10.1678
9.71317
9.7611
9.5849
10.0191
9.73701
9.5861
9.50813
10.1249
9.794
9.8269
10.257
10.1979
10.2892
9.9659
9.87506
9.71007
9.67097
10.138
10.0369
9.6879
9.45401
9.99689
9.655
9.69791
10.1171
9.68003
10.0141
10.2441
10.005
9.98306
9.84693
10.1528
9.69505
9.85098
9.98902
10.016
9.6159
9.78398
9.58896
9.6159
9.96614
9.73916
10.1569
9.84597
9.52387
10.0281
9.88102
10.39
9.76896
9.75299
9.53698
10.1271
10.0031
9.68981
9.83405
9.73701
9.81402
9.69505
10.041
9.88984
9.60803
9.60112
10.159
10.376
9.73511
9.92513
10.0319
9.76396
9.96709
9.80902
9.86195
9.89795
9.902
10.046
9.72414
10.092
10.334
9.85503
10.139
9.79614
10.2642
10.0741
10.0589
9.87911
9.88197
9.56702
9.95898
9.73296
9.59587
9.60994
9.91392
9.9051
9.78804
10.2279
9.9709
9.835
10.267
10.0958
10.1669
9.81617
9.78398
10.18
9.8989
9.71007
9.92107
10.2282
9.70507
9.7239
10.2301
9.51886
10.0009
9.91511
10.1879
9.83095
9.71293
10.617
9.85193
10.5031
9.70387
10.1659
9.93204
9.84097
9.7208
10.164
9.8269
9.67693
9.73892
9.99594
9.8362
9.85098
9.52101
9.77302
10.0141
10.01
9.78303
9.77302
10.016
9.88793
9.8021
9.64999
10.087
10.1011
10.1321
9.6488
9.73701
9.62806
9.68599
9.59992
9.90105
9.74703
10.113
9.75013
9.98402
9.85217
9.5551
9.8269
10.0861
9.97281
10.0751
9.65095
9.85503
10.0808
9.79209
9.53484
9.80806
9.9349
10.0889
9.76586
9.77612
9.82189
9.60708
10.1151
10.1628
9.80592
9.77492
10.1821
9.89318
9.94515
10.0248
9.61208
9.80091
9.70006
10.118
9.91988
9.73105
9.86695
9.48787
10.257
9.67693
9.866
10.1788
9.67121
10.433
9.73916
10.237
9.63306
10.0062
9.95302
9.75704
10.046
10.1039
9.94897
10.025
9.99808
9.87411
9.84097
10.3581
9.76801
9.794
9.80401
9.99093
10.139
10.046
9.99498
10.181
9.98712
9.97996
9.80401
9.6271
9.96208
9.82308
9.78208
9.90605
9.84311
9.799
9.73701
10.3111
10.2808
10.113
9.91511
9.8331
10.093
9.89985
9.78994
10.1869
10.1261
9.97496
9.97996
10.1509
9.89699
10.0679
10.4311
9.96113
9.64904
9.90295
9.78398
9.66311
10.19
10.057
9.86719
9.98116
9.77302
9.79614
10.0942
9.73582
10.124
9.65714
9.8629
10.5889
9.74989
9.47905
10.0069
9.72199
9.84406
9.57203
9.85312
9.7959
9.94587
10.004
10.19
9.59206
10.108
9.78494
10.164
9.81903
9.57489
10.0269
9.4471
9.68719
10.1972
9.91011
9.58204
9.73701
9.52697
9.87911
10.3312
10.0849
9.8691
9.96184
9.91297
10.1979
9.63306
9.90701
9.80282
9.96304
10.061
10.2582
9.81307
9.81998
9.6488
9.66501
10.386
9.88007
9.68695
