2.71392
2.7051
2.70486
2.7051
2.70605
2.55799
2.71297
2.70605
2.70104
2.70796
2.72799
2.707
2.71106
2.71893
2.70605
2.70391
2.70891
2.72107
2.7051
2.70796
2.70605
2.70391
2.702
2.70486
2.707
2.707
2.70391
2.70605
2.70391
2.70295
2.70391
2.70391
2.72298
2.7051
2.7051
2.707
2.70891
2.707
2.70605
2.71702
2.71201
2.7082
2.7101
2.70891
2.70987
2.70796
2.72107
2.70486
2.70391
2.70605
2.70486
2.70891
2.70486
2.707
2.70796
2.70891
2.70414
2.702
2.71392
2.70391
2.70414
2.70891
2.707
2.71583
2.70605
2.707
2.70486
2.7051
2.70605
2.707
2.72202
2.7101
2.70915
2.71297
2.70104
2.70605
2.70605
2.72489
2.7051
2.71916
2.707
2.70414
2.7101
2.72393
2.72703
2.70605
2.707
2.70486
2.70391
2.70796
2.71988
2.72894
2.70414
2.70796
2.70391
2.70391
2.70391
2.70391
2.71511
2.7101
2.70915
2.70605
2.70605
2.70605
2.70987
2.72489
2.71082
2.71201
2.70295
2.70414
2.71106
2.71702
2.72608
2.70796
2.7082
2.70295
2.70605
2.70605
2.70391
2.71893
2.70987
2.707
2.70295
2.70486
2.70796
2.707
2.72608
2.70915
2.7101
2.70891
2.702
2.70605
2.70581
2.70605
2.70605
2.70915
2.7101
2.7051
2.70414
2.70414
2.70391
2.70605
2.7101
2.7051
2.71297
2.70891
2.70796
2.71106
2.70295
2.71511
2.7051
2.707
2.70891
2.707
2.70891
2.71106
2.70605
2.72012
2.70414
2.707
2.7051
2.7082
2.707
2.72298
2.72417
2.70796
2.70987
2.70391
2.70605
2.70796
2.707
2.71416
2.70796
2.70891
2.7051
2.70605
2.70987
2.70581
2.72703
2.707
2.70891
2.70891
2.70414
2.70796
2.71201
2.72608
2.70796
2.71201
2.7051
2.70414
2.707
2.707
2.71511
2.70796
2.70605
2.70319
2.70605
2.70891
2.7051
2.72107
2.70915
2.70915
2.70915
2.71106
2.70486
2.702
2.71797
2.70796
2.70605
2.70915
2.70915
2.70605
2.70414
2.72012
2.707
2.707
2.70796
2.70486
2.70486
2.7051
2.70414
2.70605
2.70605
2.70891
2.70391
2.707
2.70295
2.707
2.707
2.70605
2.72298
2.7082
2.707
2.70796
2.707
2.70891
2.71297
2.7051
2.7082
2.70796
2.70581
2.70486
2.7051
2.70796
2.72584
2.71487
2.70987
2.70891
2.70486
2.70581
2.70605
2.72298
2.71106
2.71106
2.70605
2.7082
2.71201
2.70987
2.72584
2.70891
2.70891
2.70319
2.7051
2.7101
2.70414
2.71201
2.707
2.70796
2.707
2.707
2.707
2.70987
2.72202
2.70319
2.71487
2.70295
2.70295
2.71106
2.72584
2.73085
2.70605
2.70915
2.7051
2.70295
2.70581
2.71606
2.72608
2.70796
2.71297
2.70414
2.7051
2.70915
2.71297
2.707
2.70796
2.70891
2.7082
2.70605
2.70605
2.707
2.72202
2.70915
2.7051
2.70915
2.70605
2.7051
2.72107
2.72298
2.70796
2.707
2.707
2.702
2.71201
2.72202
2.72799
2.70915
2.71106
2.70605
2.70605
2.70581
2.71106
2.72489
2.70796
2.70987
2.707
2.7051
2.70796
2.70796
2.71606
2.70581
2.70486
2.70295
2.70605
2.70581
2.70605
2.71106
2.70581
2.70796
2.70605
2.70486
2.70581
2.70391
2.70391
2.70605
2.70295
2.70605
2.7051
2.72202
2.70581
2.70796
2.7051
2.72608
2.70319
2.70295
2.72393
2.70581
2.70605
2.707
2.72512
2.55919
2.70391
2.70796
2.72179
2.70486
2.70486
2.70391
2.70391
2.707
2.72608
2.707
2.70605
2.70605
2.707
2.70104
2.70605
2.71082
2.72989
2.70486
2.70796
2.70581
2.70987
2.70891
2.71082
2.72799
2.70987
2.707
2.7051
2.70414
2.70391
2.72894
2.72894
2.707
2.70796
2.7051
2.70486
2.707
2.71702
2.72608
2.70605
2.71583
2.71082
2.71487
2.70796
2.70796
2.70605
2.70796
2.72393
2.70391
2.70796
2.70605
2.707
2.71606
2.71106
2.72799
2.7101
2.70605
2.7101
2.72107
2.70605
2.70486
2.70486
2.70295
2.70605
2.7051
2.71583
2.72489
2.70486
2.70796
2.70391
2.70295
2.70605
2.72298
2.73108
2.70891
2.71487
2.707
2.70605
2.7051
2.71702
2.70796
2.7051
2.72393
2.7082
2.70605
2.70915
2.71893
2.70391
2.70295
2.707
2.70581
2.70391
2.707
2.71416
2.72894
2.702
2.707
2.70486
2.70486
2.70987
2.72083
2.72703
2.71201
2.70987
2.70796
2.70581
2.707
2.7101
2.70295
2.70486
2.70391
2.70796
2.70414
2.70915
2.72393
2.72679
2.70605
2.7051
2.70414
2.7051
2.70796
2.71702
2.72512
2.70605
2.71797
2.70605
2.70796
2.70891
2.72083
2.72703
2.70414
2.70605
2.70605
2.702
2.7051
2.72012
2.72512
2.70796
2.72107
2.7051
2.70605
