19.3689
19.3129
19.192
19.479
19.417
19.6021
19.273
19.3381
19.387
19.3641
19.5119
19.3291
19.48
19.264
19.1309
19.3031
19.4762
19.1591
19.618
19.249
19.0151
19.4571
19.522
19.258
19.2811
19.532
19.1851
19.3779
19.423
19.176
19.567
19.3529
19.2299
19.326
19.0039
19.582
19.4771
19.542
19.5601
19.5849
19.3119
19.217
19.469
19.2151
19.5339
19.4631
19.4461
19.4449
19.6722
19.5251
19.1228
19.2709
19.506
19.506
19.438
19.3172
19.388
19.4812
19.434
19.2759
19.3248
19.129
19.222
19.3739
19.4089
19.1472
19.5198
19.5332
19.2649
19.1982
19.521
19.0251
19.5389
19.3999
19.3622
19.531
19.4702
19.2001
19.141
19.2649
19.2101
19.5801
19.506
19.4831
19.3779
19.5751
19.4111
19.413
19.4252
19.5119
19.274
19.254
19.2869
19.356
19.4731
19.2041
19.166
19.408
19.4759
19.4502
19.501
19.541
19.4089
19.618
19.526
19.1419
19.572
19.284
19.3758
19.418
19.1989
19.197
19.367
19.3729
19.439
19.217
19.0899
19.5179
19.4709
19.433
19.484
19.5289
19.464
19.1472
19.444
19.2769
19.4299
19.2049
19.4669
19.376
19.4371
19.311
19.4042
19.419
19.465
19.3131
19.5539
19.5539
19.3582
19.2299
19.3939
19.48
19.0692
19.5322
19.5758
19.1579
19.408
19.526
19.366
19.1929
19.2192
19.5231
19.3839
19.4941
19.2361
19.408
19.3141
19.3
19.4831
19.5329
19.4778
19.1412
19.567
19.366
19.532
19.4142
19.4671
19.1488
19.2831
19.3989
19.0921
19.547
19.217
19.259
19.5091
19.2299
19.454
19.181
19.1171
19.2609
19.551
19.5451
19.273
19.5861
19.4411
19.403
19.1469
19.3491
19.2511
19.5601
19.4199
19.311
19.191
19.417
19.5
19.454
19.32
19.593
19.165
19.1522
19.3679
19.5191
19.315
19.511
19.4719
19.5689
19.2661
19.0799
19.4111
19.599
19.3069
19.3398
18.9719
19.4249
19.3601
19.2399
19.403
19.438
19.3851
19.4831
19.304
19.2161
19.417
19.6018
19.0811
19.2411
19.4168
19.1109
19.4969
19.4631
19.294
19.475
19.3398
19.454
19.623
19.269
19.3291
19.474
19.2599
19.1388
19.145
19.3739
19.2549
19.3539
19.558
19.4402
19.5742
19.5358
19.2201
19.5119
19.1898
19.4519
19.34
19.515
19.2609
19.546
19.3808
19.3429
19.4359
19.3379
19.5379
19.4881
19.294
19.5298
19.424
19.1641
19.2509
19.3591
19.515
19.3679
19.3319
19.4669
19.129
19.4719
19.551
19.428
19.3212
19.592
19.515
19.403
19.1951
19.2859
19.413
19.34
19.2828
19.047
19.305
19.5181
19.171
19.5041
19.5479
19.3491
19.5642
19.4871
19.223
19.3281
19.521
19.526
19.4471
19.4271
19.562
19.3801
19.4652
19.243
19.5451
19.2261
19.5401
19.2969
19.2311
19.3791
19.4209
19.2111
19.248
19.5439
19.2811
19.3901
19.2461
19.1388
19.3479
19.428
19.438
19.2339
19.505
19.4919
19.1271
19.2389
19.2082
19.192
19.5351
19.5141
19.5699
19.2971
19.263
19.433
19.361
19.5408
19.146
19.2029
19.5069
19.516
19.3369
19.1081
19.1579
19.3391
19.2931
19.2339
19.5179
19.326
19.1751
19.3429
19.295
19.4821
19.2289
19.527
19.371
19.6099
19.3839
19.563
19.588
19.577
19.4321
19.551
19.511
19.3961
19.1991
19.222
19.2702
19.1281
19.407
19.521
19.3651
19.309
19.2771
19.412
19.3629
19.2921
19.3932
19.2149
19.3641
19.1069
19.2769
19.6021
19.527
19.3169
19.1169
19.228
19.5851
19.125
19.2981
19.002
19.485
19.3551
19.3899
19.588
19.485
19.2671
19.3782
19.4471
19.3951
19.428
19.124
19.1109
19.172
19.532
19.28
19.273
19.614
19.3689
19.228
19.4919
19.2161
19.3861
19.3491
19.4678
19.5169
19.573
19.1619
19.424
19.1071
19.515
19.4221
19.3541
19.3911
19.537
19.208
19.207
19.244
19.3071
19.46
19.52
19.479
19.5441
19.3429
19.5489
19.0411
19.192
19.232
19.275
19.5551
19.444
19.2251
19.2339
19.6168
19.3551
19.398
19.2752
19.372
19.449
19.2101
19.4011
19.449
19.6121
19.16
19.074
19.388
19.407
19.1469
19.5811
19.3131
19.0959
19.371
19.326
19.49
19.331
19.3629
19.5019
19.208
19.3861
19.352
19.474
19.6042
19.3541
19.2661
19.232
19.0139
19.1371
19.14
19.3322
19.362
19.557
19.155
19.187
19.551
19.4468
19.48
19.2411
19.4969
19.31
19.361
19.443
19.2821
19.5189
19.4941
19.1998
19.484
19.156
19.2831
19.3231
19.0222
19.258
