128.31
123.412
124.858
124.618
123.73
123.681
123.236
123.637
121.411
119.576
120.723
122.576
122.629
123.18
123.927
123.921
123.406
116.804
116.728
115.592
115.963
116.387
115.611
114.446
117.14
117.344
117.487
116.912
116.033
117.61
118.248
118.562
118.547
117.314
116.054
116.764
117.644
117.275
117.103
117.025
113.752
114.084
116.929
116.214
116.687
114.394
114.894
115.535
116.283
116.087
113.509
111.338
108.881
108.209
107.838
105.743
105.809
107.749
108.339
108.619
107.025
106.277
104.951
106.195
107.289
108.407
109.232
104.916
105.9
106.866
107.217
107.077
107.73
107.886
107.716
108.514
108.903
109.064
106.743
107.045
107.235
108.946
108.462
108.35
108.532
108.695
105.961
107.031
107.247
108.568
107.988
108.044
108.011
108.068
108.652
108.063
107.542
106.645
106.463
107.862
