41.6849
36.706
36.4699
36.4299
36.607
36.3109
36.3598
36.474
36.8001
36.53
36.84
36.4749
36.7699
36.5989
36.2539
36.6981
35.995
36.1459
36.314
36.3691
36.5591
36.1781
36.443
36.221
36.5071
36.587
36.8259
36.2029
36.711
36.212
36.9148
36.4909
36.335
36.2902
36.489
36.4692
36.7131
36.3719
36.5629
36.3371
36.464
36.6371
36.3259
36.478
36.2949
36.6571
37.0791
36.9349
36.628
36.526
36.6681
37.0629
36.2849
36.422
36.3159
36.6681
37.0061
36.3991
36.4861
36.6361
36.6821
36.3541
36.479
36.988
36.6061
36.4881
36.325
36.1509
36.6008
36.855
36.4311
36.4258
36.9329
36.5341
36.18
36.593
36.453
36.6418
36.3629
36.603
36.773
36.7491
36.392
36.1071
36.2511
36.5222
36.2749
36.114
36.5481
36.3021
36.53
36.727
36.4778
36.5841
36.5369
36.689
36.5491
36.283
36.3019
36.8149
36.097
36.608
36.521
36.612
36.351
36.268
36.5641
36.777
36.463
36.5891
36.334
36.617
36.572
36.2911
36.8049
36.6199
36.3729
36.5169
36.175
36.309
37.0729
36.463
36.319
36.6409
36.536
36.2651
36.6211
36.593
36.3281
36.7641
36.7479
36.705
36.041
36.221
36.2561
36.6731
36.289
36.931
36.6571
36.7279
36.2711
36.263
36.438
36.2461
36.541
36.516
36.5949
36.8359
36.5438
37.0369
37.0491
36.2179
36.5851
36.3801
36.695
36.8381
36.418
36.0119
36.4859
36.2911
37.091
36.505
36.6862
36.5181
36.6011
36.412
36.788
36.911
36.659
36.4232
36.762
36.505
36.51
36.1998
36.005
36.1481
36.7801
36.447
36.931
35.8729
36.34
36.154
36.741
36.545
36.571
36.3209
36.3162
36.5181
36.2689
36.1619
35.882
37.0731
36.4239
36.324
36.895
35.9831
36.571
36.469
36.4928
36.746
36.469
36.2949
37.0839
36.6399
36.0439
36.4029
37.0371
36.5841
36.483
36.7472
36.464
36.2248
36.382
36.5951
36.1822
36.3441
36.638
36.69
36.5989
36.5851
36.3631
36.536
36.6628
36.382
36.6831
37.2918
36.355
36.371
36.1619
36.2089
36.823
36.5341
36.9
36.787
36.9051
36.433
36.3998
36.531
36.586
36.3271
36.694
36.2442
36.5419
36.155
36.8171
36.69
36.2871
36.4082
36.5579
36.392
36.9191
36.335
36.8569
36.567
36.3989
36.4749
36.2022
36.5491
36.7019
36.5949
36.2208
36.186
36.3009
36.7451
36.643
36.84
36.824
36.773
36.4909
36.7849
36.6509
36.485
36.746
36.3939
36.3359
36.3061
36.2942
36.4771
36.376
36.2191
36.7
36.1431
36.696
36.7289
36.5059
36.206
36.351
36.468
37.061
36.201
36.4289
36.521
36.2811
36.752
35.9778
36.1478
36.356
36.8118
36.3491
36.7539
36.248
36.5019
36.2442
36.927
36.613
36.4761
36.5059
36.1788
36.5269
36.593
36.622
36.5338
36.5551
36.6039
36.3779
36.639
36.428
37.014
36.695
36.2661
36.469
36.484
37.0891
36.2082
36.6762
36.726
36.294
36.731
36.6619
36.356
36.675
36.3119
36.1009
36.37
36.495
36.7959
36.5548
36.3359
36.849
36.463
36.535
36.4711
36.799
36.412
36.5012
36.485
36.557
35.8839
36.5951
37.055
36.1309
36.5071
36.294
36.5109
37.1852
36.6449
37.256
36.2511
36.4792
36.6409
36.1631
36.5891
36.9971
36.3321
36.3221
36.3281
36.4931
36.3238
35.9211
36.5341
37.2939
36.6859
36.5679
36.5829
36.772
36.2082
36.2871
35.9688
36.8359
36.787
36.5942
36.4761
36.5019
36.5129
36.711
36.449
36.7711
36.4261
36.319
36.1691
36.4518
36.376
36.1991
36.5419
36.186
36.4649
36.931
36.3381
36.2639
36.8161
36.4909
36.5889
36.2799
36.6938
35.9359
36.4459
36.0498
36.5651
36.7191
36.2909
36.6271
36.721
36.5849
36.2079
36.6828
36.557
36.685
36.4799
35.7242
36.1991
36.4621
36.5341
36.1321
36.6671
36.3271
36.391
36.536
36.8321
36.8741
36.443
36.4289
37.3061
36.4459
36.628
36.603
36.783
36.4399
36.3688
36.5689
36.5438
36.2561
36.6251
36.2921
36.53
36.504
36.8979
36.3588
36.2999
36.447
36.2558
36.0219
36.474
36.4029
36.586
36.4671
36.5212
36.443
36.201
36.35
36.3739
36.5639
36.4208
36.2811
36.845
37.0939
36.166
36.5162
36.0711
36.181
36.2771
36.2799
36.1321
36.695
36.7899
36.5179
36.736
36.6991
36.2999
36.381
36.4242
36.4699
36.351
36.629
36.098
36.305
36.211
36.695
36.5648
36.5269
36.2098
37.0219
36.392
36.7541
36.3588
36.7599
36.9151
36.5551
36.55
36.4089
36.5801
36.7081
36.6731
36.212
36.6671
36.6681
36.247
37.024
36.917
36.4189
36.582
36.248
36.4499
36.3309
36.0119
36.3879
36.4769
36.5381
36.2499
36.489
36.3071
36.4389
36.1149
36.4041
36.0751
36.5088
36.274
36.2129
36.9561
36.9079
36.4099
36.6199
36.449
36.8872
36.5281
36.3121
36.145
37.066
36.4752
36.886
36.1569
36.1691
36.3178
36.572
36.478
36.2508
36.32
36.5198
36.3619
36.7739
36.0832
36.53
36.087
36.314
36.509
36.4051
36.268
36.3221
36.0501
36.2651
36.2041
36.5641
36.7389
36.9089
36.8669
36.267
36.4301
36.6609
37.143
36.576
36.113
35.9831
36.437
36.5162
36.3011
36.911
36.3898
36.4468
36.1071
36.8621
36.9182
36.8631
36.1121
36.2461
36.711
36.7
36.7029
36.6838
36.4029
36.5951
36.5419
36.4611
36.4871
36.083
36.3889
36.1929
36.6769
36.5279
36.5009
36.4342
36.5241
36.833
36.063
36.3061
36.4501
36.7761
36.943
36.9351
36.406
36.6461
36.5591
36.3591
36.1931
36.4032
36.8221
37.281
36.3069
36.66
36.5632
36.577
36.4058
36.1941
36.7332
36.4039
36.7689
36.5329
36.232
36.4401
36.5691
35.9671
36.607
36.478
36.649
36.468
36.7129
36.8738
36.737
36.443
36.706
36.5651
36.6378
36.4699
36.8168
36.3989
36.684
36.792
36.6189
36.3431
36.7641
36.0951
36.7
36.4718
36.1669
36.4208
36.3719
36.7019
36.1562
35.99
36.1381
36.485
36.659
36.1409
36.8788
36.7479
36.3591
36.3009
36.2508
36.5961
36.0281
37.0669
36.2461
36.649
35.7449
36.294
36.624
36.3121
36.4599
36.509
36.526
36.4769
36.664
36.3319
36.1199
36.654
36.3669
36.3979
36.4602
36.6211
36.6321
36.324
36.8791
36.4361
36.3419
36.9332
37.143
36.782
36.1209
36.9051
36.2461
36.1919
36.8421
36.7
36.2761
36.232
36.4082
36.6089
36.186
36.521
36.036
36.6089
36.947
36.5601
36.4981
36.7222
36.2811
36.6011
36.495
36.4799
36.4919
36.7599
36.5729
36.3932
36.4141
36.33
36.3202
36.5989
36.4199
36.5829
36.4001
36.3688
37.133
36.561
36.6719
36.278
36.464
36.4051
35.948
36.7522
36.7129
36.3281
36.9461
36.2511
36.5129
36.4959
36.4282
35.9571
36.2511
36.6318
36.793
36.7651
36.623
36.1919
36.6321
36.4079
36.535
36.3059
36.4718
36.2051
37.2829
36.5789
36.4408
36.5238
36.3328
36.545
36.078
36.381
36.407
36.4261
36.2589
36.1922
36.1609
36.5839
36.2189
36.5961
36.3591
36.504
36.608
36.2432
36.1931
36.289
36.1261
36.694
36.149
36.6111
36.5949
36.4709
36.4249
36.1209
36.4299
36.6609
36.7942
36.2229
36.026
36.34
36.694
36.454
36.263
36.2711
36.3598
36.202
36.8249
36.53
36.4501
36.4649
36.37
36.468
36.7911
36.5691
36.571
36.361
36.2861
36.4439
36.325
37.015
36.3631
36.885
36.2451
36.52
36.5
36.5021
36.397
36.304
36.4401
36.4411
36.6161
36.756
36.685
36.818
36.6142
36.751
36.881
36.0551
36.8459
36.2642
36.535
36.042
36.5281
36.6991
36.1111
36.736
36.2258
36.6819
36.546
36.2039
36.7219
36.8369
36.5539
36.4978
36.6271
36.5942
37.035
36.4442
36.7551
36.4971
36.464
36.7949
36.6011
36.5791
36.6602
36.3891
36.3629
36.592
36.8559
36.3371
36.6759
36.387
36.1211
36.4311
36.319
36.2411
36.463
36.7939
36.505
36.3619
36.3438
36.833
36.5911
36.4239
36.818
36.474
36.654
36.7119
36.7372
36.716
36.3801
36.7069
36.0909
36.278
36.685
36.202
36.7601
36.7541
36.895
36.4509
36.53
36.376
36.7591
36.3619
36.84
36.294
37.0629
36.4301
36.288
36.644
36.4881
36.7761
36.427
36.6738
36.4261
36.4051
36.4761
36.6211
36.4859
36.314
37.2069
37.1008
36.3491
36.339
36.6151
36.6571
36.6321
36.9201
36.2568
36.8381
36.6499
36.648
36.9661
36.5741
36.5419
36.1359
36.6309
36.3429
36.4959
36.649
36.504
36.2251
36.5732
36.3381
37.236
36.2692
36.597
36.288
36.4981
36.438
35.8729
36.072
36.5059
36.2871
35.7518
36.473
36.7351
36.5911
36.5379
36.5331
36.4308
36.3679
36.3958
36.4599
36.608
37.1211
36.1741
36.798
36.304
37.02
36.2461
36.9201
36.4411
36.788
36.762
36.3421
36.396
36.932
36.273
36.593
36.283
36.2051
36.5608
36.557
36.6669
36.2689
36.4869
36.299
36.6209
36.5932
36.144
36.5069
36.562
36.032
36.305
37.0612
36.4981
36.2871
36.4151
36.2041
36.8192
36.3441
36.7551
36.3681
37.04
36.541
36.1931
