30.869
31.049
31.5869
31.347
30.961
31.5259
30.6129
30.7548
30.8909
30.5839
31.0988
30.756
31.2271
30.6959
31.136
31.3072
31.008
30.828
31.4071
30.7631
31.049
30.6742
31.0709
30.616
31.1811
30.9551
30.616
30.5259
30.8261
30.9551
30.6711
30.6861
30.6511
30.8132
31.0459
31.008
31.7252
30.8311
31.0121
31.214
30.5929
31.0509
31.409
30.812
30.664
30.9899
31.1298
30.838
31.179
31.1038
30.7701
30.817
30.905
30.8099
31.0559
31.0678
31.014
31.265
30.7009
31.0879
30.6129
30.5672
30.6239
30.7069
31.3048
30.9141
30.8721
31.0531
31.0531
30.9172
30.453
31.1251
30.7841
31.106
31.1708
31.101
30.5362
31.5421
31.3561
30.8561
30.7219
31.117
30.7579
30.746
31.194
31.2281
30.8599
31.2469
30.9439
31.0369
30.808
31.2169
30.488
30.6351
30.5519
31.0071
30.854
30.8359
30.9758
31.0731
31.1701
30.9999
30.9289
30.777
30.8611
31.3971
31.0621
31.296
31.07
30.9958
30.906
31.142
30.648
30.5901
31.0049
31.1809
30.694
30.329
31.0838
30.76
30.864
31.0788
31.1091
31.105
30.9172
30.7031
30.7181
30.72
31.1489
30.8321
30.798
30.9951
30.8659
31.1091
30.849
30.982
31.2531
31.1208
30.9091
30.6351
30.9231
30.8561
30.7841
31.1151
31.203
30.757
30.8881
30.858
30.962
30.9021
30.5741
31.074
30.7841
30.8561
31.3702
30.91
31.0159
30.6492
30.689
30.9269
31.4372
30.956
30.829
30.9799
30.7779
30.6981
30.7019
30.7689
31.229
31.1201
30.987
30.8549
30.8239
30.674
30.977
31.0919
31.075
31.2459
30.6959
31.2209
30.89
31.049
30.8411
31.013
31.013
31.1241
30.632
30.8089
30.9899
31.1658
31.059
31.069
30.9908
30.556
30.6098
30.7069
30.87
30.74
30.9179
31.0919
30.9582
30.74
30.8189
30.7329
30.947
30.7961
31.069
30.9899
30.9398
30.452
30.745
31.316
30.9689
30.448
30.7052
30.8361
31.142
30.859
30.58
30.8919
31.0099
31.2612
31.1351
31.2121
30.874
30.854
30.6981
30.7448
31.019
31.353
30.694
30.828
30.7989
30.6809
30.715
30.7889
30.8509
30.8578
30.7879
30.5338
31.3179
30.915
30.93
30.864
30.8859
31.3029
31.666
30.9651
30.899
30.8011
30.9579
30.381
31.214
30.7672
30.8981
30.643
30.807
30.869
30.9319
30.9329
31.353
31.287
30.772
31.0781
31.0371
30.8061
30.5321
30.9169
30.793
30.7729
30.9601
30.9649
30.7422
30.618
30.8509
30.647
30.76
30.8988
30.935
30.8261
30.926
30.921
31.0068
30.606
30.6301
30.8342
31.3001
31.1229
31.137
30.7798
31.064
31.11
30.977
30.9491
31.3251
31.45
31.0481
30.7021
30.5531
31.0771
31.26
30.664
30.561
30.565
30.936
30.7779
31.1749
31.1708
30.5109
30.6869
30.7019
31.2209
31.1289
31.173
30.7639
30.5972
30.5831
31.0731
31.24
31.3668
30.4139
31.1239
31.137
30.7939
30.9448
31.0431
31.224
30.9908
30.942
30.7419
30.735
30.91
31.3711
30.9861
31.2798
31.4519
30.7279
30.767
30.6408
30.7009
30.724
30.9789
30.9608
30.4511
30.8371
30.905
31.456
31.141
30.6089
30.7579
30.858
30.6439
30.926
31.0781
30.941
31.09
30.7369
30.658
30.843
30.817
30.8089
30.977
31.1081
31.2002
30.9529
30.709
30.7391
31.0721
30.8881
31.0171
30.555
30.6251
31.251
31.0349
31.153
30.762
30.7419
30.9758
30.653
30.9391
30.833
30.7391
30.8971
30.9341
30.4611
30.8912
30.952
31.0979
30.5431
31.2481
30.689
30.992
31.3401
30.8509
30.8659
30.731
31.019
31.208
30.767
30.9958
30.885
30.9792
30.899
31.146
30.7989
30.8099
31.0171
30.9391
31.1
31.1618
30.709
31.11
30.9172
31.0531
31.0552
30.601
31.0352
31.085
31.1289
31.0478
31.184
30.678
30.7219
30.8571
30.966
30.8259
30.9038
31.3549
30.8859
31.39
31.3952
31.43
30.5278
30.87
31.2979
31.27
30.7291
30.6499
30.58
31.2221
30.781
30.5159
31.234
30.833
30.9148
30.654
30.8969
30.745
31.1511
30.8771
30.616
30.8111
30.545
31.029
30.977
30.395
31.0462
30.8621
30.9031
31.0352
31.261
31.157
31.11
30.6609
30.853
31.157
30.4739
30.7951
31.0941
31.019
30.782
30.817
31.0349
30.767
30.633
31.148
30.8759
30.8449
31.0359
31.1038
30.8719
30.5519
31.2989
30.8859
31.0051
31.065
31.4288
30.8549
30.627
31.117
31.2068
30.6659
30.5021
30.762
30.9129
30.833
31.0149
30.817
30.962
30.9119
30.4179
30.5359
30.854
30.755
30.9582
31.2021
30.808
30.829
30.9761
31.5659
30.633
30.72
31.239
31.0102
30.802
30.6032
30.9141
30.623
30.957
31.215
30.88
30.6792
31.383
31.065
30.561
30.76
30.8979
31.1849
31.1821
31.2841
31.065
30.6098
30.946
30.7031
31.0051
31.244
30.9212
30.9219
31.1201
30.7109
31.2409
31.0221
30.9
31.7039
30.905
30.8421
31.131
31.143
30.9122
31.198
31.1759
30.6339
30.6509
30.7469
30.674
31.137
30.9651
31.0361
30.6232
30.72
30.6609
30.9789
31.1689
31.1382
30.6511
31.5788
30.8089
31.311
30.761
30.6349
30.6079
30.987
30.9429
30.7062
30.972
30.587
30.9081
31.3289
30.7581
30.987
30.9579
30.607
31.312
30.73
30.7419
31.1399
31.548
30.901
31.095
30.9799
30.6299
30.6299
30.776
30.838
31.7712
31.328
30.4859
30.7119
31.497
30.637
31.1899
30.781
30.6079
31.3628
31.2459
30.9088
30.8959
30.8979
30.7779
31.0342
30.931
30.8371
30.9398
31.3308
31.1539
31.044
30.7519
31.487
30.745
31.0118
31.1859
30.8599
31.064
31.502
31.1201
30.726
31.127
30.757
31.148
30.6971
31.646
31.0609
30.688
31.1358
30.838
31.2202
30.6511
31.1491
31.1561
31.0521
30.8769
30.745
31.065
31.245
30.8721
30.9031
31.0168
30.9961
30.689
30.75
30.7059
31.1191
31.4791
31.0771
30.9231
30.515
30.915
31.0712
30.7851
31.383
31.461
31.0872
31.0199
30.5018
31.0678
30.7698
31.224
30.8461
30.8671
30.674
30.7031
30.947
31.0872
31.184
31.229
30.874
31.0969
31.2679
30.9711
30.642
30.8621
31.3039
30.9339
31.373
30.6711
30.828
30.7748
30.7288
31.214
31.0202
30.4949
30.9031
31.1551
31.039
30.9522
30.7779
31.1201
30.829
30.8001
30.725
31.1279
30.9541
30.3941
30.8962
30.8659
31.1949
31.1978
30.695
30.7879
31.183
30.8208
30.6079
30.6911
31.1952
30.705
31.069
31.291
31.0318
30.8609
30.792
30.9751
30.9
30.7779
31.26
31.7879
30.71
30.906
30.6799
30.812
30.9062
31.1701
30.9081
31.1332
30.8321
31.563
30.7701
31.2369
31.1401
30.864
30.755
30.7579
31.2579
30.9448
30.9529
30.74
30.9169
30.9908
30.767
30.8301
31.0321
30.8661
31.2929
30.726
30.827
31.646
31.0729
31.0619
31.1511
31.08
31.0669
31.466
30.967
31.2798
30.957
31.2591
31.076
30.9098
30.9329
30.8039
30.9761
31.0721
30.89
30.9601
30.7839
30.756
31.1241
30.803
31.0249
31.033
30.946
31.214
31.0159
31.1399
30.6709
30.935
30.925
30.7939
31.0469
31.3139
30.611
30.694
30.9069
30.4859
31.3509
30.7889
30.545
30.9861
31.008
31.0149
30.5538
30.8161
30.4949
30.935
31.352
31.111
30.8652
30.9319
30.7078
30.4241
31.0161
30.654
30.8218
30.5421
30.74
31.096
31.307
31.004
31.3041
30.973
31.143
31.1549
30.5352
30.9379
30.9951
31.0361
30.7119
31.5809
30.9389
30.529
30.7131
31.1201
30.5181
30.8249
31.0998
30.9069
31.117
31.2471
31.0361
30.858
31.1928
31.2479
31.132
30.7889
30.4382
30.859
31.224
30.7209
31.0278
31.0359
30.8199
30.9689
30.9589
30.611
31.131
30.828
31.2729
30.746
30.6602
30.5271
30.9732
30.6032
30.515
30.9138
30.8669
31.1611
31.142
31.0979
30.889
31.0829
31.353
31.28
30.8619
31.1799
30.972
30.7291
30.884
31.167
30.6921
31.1022
30.9651
30.8301
31.059
30.4751
30.906
31.157
30.6129
31.9641
30.869
30.9019
30.6928
31.0431
30.9842
31.1279
30.6389
30.973
30.9291
30.921
30.9019
30.7639
31.3001
31.1852
30.781
31.229
30.875
31.2278
30.838
31.0671
30.7992
31.2102
31.3399
31.5211
30.951
30.781
31.2078
31.239
30.8568
30.6678
30.8709
30.5729
30.9381
30.586
30.916
30.9548
31.409
31.0671
30.7631
30.627
31.0049
30.7121
30.767
30.5479
30.88
30.8421
30.792
31.074
30.829
30.8111
30.9041
30.6349
30.9799
30.57
31.1351
31.008
31.1029
30.7941
30.899
30.8068
30.5622
31.0659
31.168
30.9429
30.7579
30.6571
30.8111
31.374
30.6051
30.71
31.033
30.7679
30.91
30.9501
31.3001
30.7479
30.4139
30.8199
31.0001
31.0311
30.7791
31.0831
31.1091
30.977
30.9649
30.9501
30.853
31.11
30.9999
31.373
30.412
31.1251
30.7779
30.9751
30.869
30.931
30.9968
30.807
31.1561
31.249
31.142
30.925
30.7481
31.183
31.0118
30.8959
30.8008
30.8769
30.9849
30.7209
30.7052
30.8681
30.6239
