10.654
5.70798
5.65314
5.66101
5.68295
5.66792
5.69606
5.70297
5.70583
5.687
5.70083
5.65004
5.75519
5.66316
5.63312
5.67317
5.67412
5.69606
5.66697
5.66912
5.71203
5.65314
5.7199
5.62096
5.64289
5.67913
5.71108
5.67794
5.69606
5.66006
5.66506
5.72395
5.66912
5.62716
5.67293
5.71299
5.65505
5.66506
5.65386
5.67484
5.71012
5.73897
5.69105
5.68819
5.69105
5.656
5.67818
5.71418
5.70703
5.67389
5.71799
5.67007
5.75089
5.69391
5.71203
5.65791
5.66077
5.70107
5.69487
5.723
5.71895
5.75805
5.71203
5.69201
5.69606
5.67794
5.66101
5.66101
5.63908
5.67317
5.6839
5.62
5.67007
5.67603
5.67317
5.68414
5.60617
5.72491
5.6479
5.68295
5.64384
5.71704
5.65696
5.61595
5.62382
5.63407
5.66912
5.71418
5.66387
5.65505
5.64909
5.64313
5.67985
5.74398
5.70488
5.66888
5.65982
5.73301
5.65004
5.66697
5.6541
5.72801
5.67603
5.656
5.64694
5.74398
5.71394
5.63598
5.66602
5.76901
5.69391
5.67389
5.74684
5.67389
5.69296
5.6951
5.60308
5.64122
5.64003
5.70107
5.68509
5.67913
5.65004
5.75304
5.69987
5.64504
5.74589
5.66292
5.64909
5.64313
5.71799
5.68891
5.66602
5.64384
5.65696
5.723
5.69487
5.6529
5.77402
5.63693
5.67389
5.66387
5.68295
5.66196
5.69797
5.64885
5.68509
5.67508
5.62096
5.69487
5.67412
5.68509
5.69201
5.64122
5.72705
5.69487
5.68199
5.72801
5.67889
5.67412
5.65195
5.64003
5.71918
5.73611
5.67007
5.69391
5.71704
5.71489
5.63908
5.63502
5.63192
5.69701
5.74899
5.67698
5.77307
5.65791
5.77211
5.72205
5.69606
5.64003
5.62096
5.71108
5.65505
5.66602
5.70798
5.63288
5.68795
5.64599
5.66721
5.68509
5.70107
5.67222
5.65386
5.65791
5.70893
5.67222
5.6901
5.71513
5.65004
5.65696
5.73802
5.63002
5.63502
5.63717
5.59497
5.63288
5.66411
5.62906
5.59592
5.67603
5.74899
5.69701
5.62596
5.75519
5.651
5.67389
5.67102
5.68104
5.66697
5.6622
5.72109
5.67007
5.67007
5.62477
5.70488
5.66387
5.64408
5.64909
5.68295
5.66387
5.71322
5.74899
5.61094
5.64599
5.723
5.71609
5.759
5.66196
5.67293
5.66912
5.72085
5.64504
5.69105
5.615
5.70893
5.64408
5.70393
5.68008
5.65791
5.69797
5.67007
5.64218
5.67102
5.66721
5.69105
5.71895
5.69606
5.60212
5.70297
5.65696
5.67222
5.68318
5.75018
5.70488
5.6839
5.68986
5.67698
5.66506
5.63598
5.64122
5.74517
5.6901
5.72491
5.70297
5.66792
5.70297
5.71108
5.66196
5.74803
5.67198
5.66387
5.68295
5.70607
5.74112
5.67102
5.71799
5.67889
5.6951
5.64814
5.63383
5.63002
5.72395
5.76615
5.75709
5.66316
5.68604
5.68509
5.66006
5.68795
5.75304
5.67007
5.70607
5.73587
5.73015
5.67484
5.72896
5.66292
5.63502
5.64384
5.67007
5.75209
5.68104
5.651
5.66506
5.67007
5.75781
5.62787
5.73993
5.68819
5.6231
5.6951
5.66721
5.67102
5.72205
5.63312
5.67889
5.77402
5.62406
5.69701
5.67484
5.72896
5.66101
5.6839
5.68891
5.68104
5.66101
5.69892
5.66983
5.74994
5.723
5.66506
5.6572
5.63407
5.70297
5.72991
5.70297
5.76591
5.64218
5.66602
5.65386
5.68295
5.59688
5.65481
5.72896
5.656
5.71203
5.63908
5.65004
5.63788
5.64384
5.71012
5.6541
5.66983
5.73897
5.65195
5.67007
5.71203
5.74994
5.71489
5.66792
5.651
5.6951
5.74493
5.62501
5.69701
5.66101
5.6541
5.65815
5.61213
5.69415
5.70798
5.69105
5.63383
5.59783
5.62406
5.62501
5.65481
5.69797
5.70893
5.615
5.70989
5.73182
5.80788
5.65195
5.64313
5.59115
5.68485
5.68199
5.63407
5.63312
5.66602
5.63097
5.68795
5.69105
5.64909
5.71012
5.69916
5.64909
5.6231
5.73206
5.65505
5.723
5.6901
5.71108
5.69081
5.70488
5.67794
5.64981
5.66196
5.66101
5.67293
5.67198
5.70488
5.71704
5.60498
5.7559
5.69081
5.66792
5.63192
5.67389
5.66387
5.63192
5.64122
5.64909
5.63192
5.70202
5.6901
5.66578
5.72896
5.64694
5.6591
5.69892
5.67508
5.65386
5.62501
5.66411
5.73182
5.63097
5.66006
5.60999
5.70798
5.687
5.64194
5.65386
5.6591
5.66101
5.69797
5.651
5.63622
5.66411
5.6529
5.66006
5.73111
5.7199
5.75399
5.65696
5.7478
5.6951
5.64885
5.72491
5.69105
5.66816
5.71513
5.66411
5.66483
5.70393
5.69582
5.66101
5.77116
5.72109
5.73015
5.77211
5.66316
5.70512
5.66816
5.63192
5.64003
5.6181
5.67698
5.62477
5.63693
5.66578
5.65195
5.6479
5.63788
5.74684
5.64814
5.63407
5.64814
5.66006
5.62692
5.66602
5.68485
5.68604
5.68914
5.71918
5.70703
5.66602
5.64313
5.64218
5.67102
5.73897
5.66316
5.67985
5.6479
5.66697
5.6951
5.69081
5.68008
5.65481
5.6541
5.73087
5.73301
5.63383
5.71012
5.67412
5.70393
5.68199
5.73993
5.59783
5.66792
5.67985
5.66196
5.68604
5.75805
5.66077
5.651
5.68414
5.70989
5.62501
5.63717
5.64313
5.68795
5.6541
5.71418
5.73993
5.66983
5.72491
5.69296
5.67007
5.69606
5.69797
5.67198
5.65982
5.71394
5.67198
5.70703
5.7261
5.68104
5.61905
5.67579
5.65791
5.77307
5.70798
5.66721
5.62787
5.651
5.67508
5.62906
5.67818
5.62811
5.68891
5.71585
5.68604
5.6541
5.64098
5.687
5.65791
5.71489
5.67508
5.615
5.6572
5.67698
5.69892
5.73492
5.67889
5.66506
5.60498
5.64408
5.67102
5.6951
5.62382
5.651
5.66292
5.70703
5.60617
5.63312
5.61309
5.69105
5.63598
5.6479
5.7528
5.65815
5.66506
5.69201
5.6529
5.66506
5.71609
5.72014
5.6951
5.68199
5.71799
5.70607
5.70703
5.74684
5.64003
5.70822
5.66578
5.6591
5.73516
5.72801
5.651
5.69987
5.64003
5.74684
5.65195
5.73897
5.75686
5.6541
5.62406
5.72705
5.67317
5.62787
5.65195
5.69296
5.6932
5.67508
5.687
5.71108
5.66006
5.65696
5.68986
5.73111
5.64003
5.66912
5.656
5.7559
5.69201
5.69987
5.63598
5.67698
5.6951
5.71108
5.68986
5.69987
5.63908
5.67603
5.67102
5.73707
5.64408
5.65195
5.69987
5.70703
5.62596
5.66792
5.70703
5.64718
5.74183
5.70393
5.72705
5.63502
5.65195
5.71609
5.651
5.687
5.69415
5.68008
5.65886
5.69201
5.6901
5.69606
5.70297
5.67794
5.71918
5.71108
5.67102
5.6529
5.63097
5.70703
5.67293
5.62406
5.68199
5.74589
5.70989
5.63884
5.67508
5.68199
5.65982
5.68485
5.63502
5.69701
5.64098
5.66912
5.66006
5.61786
5.69797
5.656
5.73015
5.687
5.66888
5.66101
5.68295
5.6169
5.63788
5.63598
5.67985
5.64313
5.68485
5.7199
5.72205
5.69487
5.74493
5.75686
5.71299
5.70393
5.70798
5.67007
5.68295
5.61595
5.72014
5.687
5.76711
5.68914
5.66697
5.6591
5.67698
5.70917
5.64313
5.71084
5.70011
5.67317
5.65696
5.73587
5.64599
5.68509
5.71489
5.72991
5.70583
5.68604
5.65886
5.65195
5.64885
5.73206
5.69606
5.74398
5.73802
5.68485
5.68199
5.62406
5.69201
5.67389
5.66912
5.7652
5.65791
5.65004
5.73301
5.69606
5.67889
5.74088
5.63812
5.69701
5.651
5.67579
5.6982
5.78094
5.64504
5.64504
5.72014
5.77497
5.68295
5.65696
5.65004
5.70083
5.62787
5.78403
5.6591
5.65696
5.69296
5.70703
5.65195
5.58901
5.723
5.64909
5.71203
5.75781
5.6951
5.62406
5.67412
5.72014
5.70512
5.67102
5.67508
5.62096
5.64694
5.67698
5.67007
5.64122
5.61404
5.73993
5.68509
5.71609
5.65982
5.64098
5.71108
5.67913
5.64003
5.66983
5.72395
5.71823
5.70393
5.65791
5.71895
5.64098
5.62406
5.65815
5.69701
5.6262
5.66912
5.65791
5.72991
5.64408
5.76997
5.69081
5.63288
5.65386
5.6479
5.69105
5.67913
5.65219
5.64408
5.73516
5.72801
5.67794
5.66816
5.7261
5.62096
5.69296
5.67794
5.69701
5.6839
5.67698
5.67079
5.66697
5.59998
5.687
5.69415
5.67102
5.70011
5.656
5.71108
5.68199
5.6231
5.63002
5.63622
5.6901
5.67198
5.63407
5.64909
5.64289
5.59998
5.60308
5.68914
5.68914
5.64313
5.723
5.68914
5.64504
5.77903
5.67102
5.73611
5.62906
5.69916
5.64718
5.69296
5.72205
5.68008
5.74303
5.64408
5.69606
5.67698
5.6448
5.67317
5.73611
5.66983
5.651
5.71394
5.66411
5.66411
5.70917
5.70798
5.68604
5.65505
5.64003
5.68891
5.70107
5.69487
5.65386
5.60999
5.67079
5.66816
5.70798
5.66506
5.64194
5.6839
5.72491
5.70393
5.69606
5.70703
5.68509
5.71108
5.73182
5.72109
5.67794
5.71299
5.67722
5.70393
5.687
5.64003
5.62
5.69105
5.66101
5.65314
5.72085
5.66792
5.74088
5.65982
5.64694
5.66101
5.67698
5.67985
5.68199
5.64408
5.70297
5.6591
5.64313
5.68008
5.67818
5.67198
5.66292
5.71895
5.69606
5.67198
5.66506
5.66101
5.64098
5.67698
5.70202
5.64313
5.72991
5.72085
5.64194
5.68914
5.66101
5.74589
5.69606
5.66506
5.68295
5.651
5.656
5.68581
5.68485
5.70488
5.73802
5.68295
5.69105
5.63502
5.61905
5.67698
5.72896
5.72205
5.73897
5.74708
5.68891
5.74088
5.65696
5.64909
5.63502
5.70488
5.66792
5.5871
5.65195
5.60308
5.651
5.63717
5.68295
5.74207
5.67889
5.61786
5.71394
5.74303
