10.0498
5.67913
5.67389
5.65886
5.67698
5.67913
5.63002
5.70083
5.64384
5.63788
5.6529
5.65696
5.6839
5.65886
5.65791
5.68604
5.71179
5.68986
5.67079
5.67698
5.687
5.65195
5.70893
5.6181
5.67913
5.67508
5.67794
5.72491
5.63979
5.73802
5.651
5.63121
5.68604
5.69606
5.67579
5.62596
5.66006
5.69296
5.7652
5.73111
5.67389
5.67889
5.69391
5.65219
5.68199
5.69391
5.65219
5.71203
5.70798
5.75781
5.66888
5.70798
5.68104
5.69606
5.67389
5.65004
5.70703
5.70607
5.65815
5.72801
5.68581
5.64003
5.67198
5.63598
5.67007
5.74303
5.6839
5.75018
5.77879
5.65505
5.68795
5.75304
5.6901
5.67889
5.66196
5.66816
5.64003
5.64909
5.64408
5.64909
5.687
5.67293
5.67603
5.66697
5.67102
5.67484
5.64599
5.68104
5.66912
5.63717
5.73301
5.63407
5.63002
5.69701
5.75614
5.70703
5.67603
5.66101
5.63502
5.63598
5.62406
5.656
5.65219
5.65314
5.72014
5.656
5.70822
5.69892
5.70893
5.65386
5.68104
5.6529
5.73206
5.63908
5.70416
5.69606
5.71513
5.64718
5.63407
5.656
5.69391
5.67722
5.64504
5.72896
5.65696
5.62906
5.6808
5.68891
5.66888
5.69797
5.67603
5.66602
5.71394
5.66411
5.66602
5.64885
5.76997
5.69201
5.62096
5.66912
5.67508
5.73206
5.67698
5.65505
5.64694
5.70488
5.66792
5.6591
5.64313
5.67508
5.66697
5.6591
5.69606
5.66101
5.68891
5.62787
5.65386
5.71084
5.70107
5.65195
5.66888
5.67389
5.63788
5.68199
5.69892
5.71704
5.74207
5.72205
5.64909
5.68295
5.67102
5.66196
5.67007
5.66506
5.66316
5.61714
5.69797
5.65386
5.67198
5.69105
5.70703
5.69701
5.66792
5.64289
5.64504
5.615
5.68008
5.63598
5.66506
5.687
5.70416
5.651
5.65791
5.64599
5.6169
5.67603
5.71203
5.67698
5.69487
5.63979
5.6901
5.68295
5.63884
5.67102
5.62906
5.68509
5.62596
5.73182
5.66602
5.66506
5.6982
5.71489
5.66697
5.7261
5.63717
5.65195
5.69987
5.66816
5.66506
5.65577
5.68891
5.66888
5.6479
5.67889
5.656
5.60689
5.64098
5.66196
5.651
5.71895
5.64384
5.71585
5.74803
5.69296
5.66483
5.7168
5.73301
5.66697
5.62
5.69105
5.72419
5.68604
5.73301
5.63478
5.69606
5.5871
5.64599
5.66101
5.67603
5.68509
5.65505
5.64003
5.66602
5.67484
5.67603
5.651
5.69105
5.67603
5.69105
5.70822
5.70297
5.67603
5.62787
5.64098
5.69987
5.64313
5.66411
5.65815
5.67913
5.66697
5.6529
5.64098
5.68604
5.66816
5.70893
5.69201
5.63407
5.66196
5.68295
5.67484
5.65481
5.73397
5.71084
5.68295
5.65505
5.7168
5.70393
5.68318
5.66912
5.73707
5.68509
5.66292
5.65791
5.64098
5.656
5.64694
5.70297
5.70989
5.61094
5.67198
5.68295
5.65505
5.64885
5.62191
5.67484
5.723
5.73301
5.67698
5.66697
5.73707
5.75185
5.67389
5.67317
5.66196
5.70107
5.67198
5.66006
5.65004
5.70393
5.62382
5.69201
5.66316
5.67508
5.66602
5.72705
5.65696
5.66602
5.65195
5.6901
5.67102
5.67794
5.65314
5.72896
5.68891
5.67102
5.72205
5.64909
5.62692
5.74398
5.76282
5.66411
5.65195
5.69582
5.65195
5.687
5.69391
5.66101
5.70989
5.70607
5.68104
5.66816
5.66196
5.66721
5.6541
5.72801
5.64504
5.66792
5.62119
5.73397
5.67198
5.64599
5.63312
5.74207
5.66006
5.66196
5.66506
5.65696
5.70202
5.63693
5.67293
5.66602
5.66292
5.69201
5.63908
5.71012
5.70011
5.66792
5.723
5.64694
5.68795
5.66697
5.68104
5.64694
5.64599
5.6231
5.64289
5.63002
5.72801
5.68485
5.67102
5.73111
5.62692
5.63097
5.62096
5.66101
5.65195
5.70488
5.69081
5.69797
5.65505
5.66387
5.67889
5.67508
5.6529
5.64003
5.64694
5.68509
5.67007
5.68008
5.63812
5.6951
5.71513
5.75805
5.66792
5.67698
5.66196
5.73397
5.68819
5.72205
5.68008
5.62906
5.68199
5.67818
5.68604
5.63478
5.61905
5.64694
5.70083
5.71084
5.70607
5.63192
5.64504
5.64003
5.66697
5.64504
5.72515
5.65696
5.65386
5.65886
5.656
5.68104
5.64909
5.60808
5.70011
5.687
5.63288
5.72109
5.66316
5.66411
5.67412
5.70107
5.70107
5.66006
5.65314
5.6591
5.67412
5.65004
5.66912
5.68414
5.68795
5.68986
5.71585
5.6529
5.6169
5.687
5.67794
5.66888
5.70798
5.71609
5.74112
5.66506
5.68318
5.66196
5.66101
5.72491
5.67484
5.71084
5.68485
5.66506
5.70607
5.65696
5.69987
5.66888
5.73087
5.71895
5.71203
5.70416
5.68104
5.67317
5.63812
5.67794
5.73993
5.70107
5.63979
5.70393
5.66792
5.74112
5.64098
5.67198
5.62596
5.64408
5.67818
5.69606
5.64098
5.70107
5.6591
5.656
5.64003
5.66483
5.67794
5.6901
5.64718
5.66292
5.71799
5.66912
5.69701
5.67508
5.6839
5.69582
5.66196
5.70512
5.68295
5.67102
5.69391
5.61619
5.60594
5.65982
5.67889
5.68581
5.63884
5.67889
5.70393
5.68104
5.68199
5.723
5.63717
5.68199
5.69081
5.68891
5.67389
5.66316
5.6901
5.62906
5.63908
5.72515
5.74112
5.68891
5.69105
5.66196
5.66602
5.68891
5.70178
5.73611
5.64003
5.64909
5.68414
5.67508
5.68414
5.68199
5.6541
5.72014
5.68414
5.65004
5.66697
5.68986
5.76091
5.67412
5.70297
5.69892
5.66196
5.76305
5.62906
5.67698
5.63192
5.66602
5.64909
5.69201
5.65886
5.71895
5.70917
5.67508
5.69105
5.65195
5.69201
5.65314
5.63717
5.66506
5.6541
5.6479
5.68104
5.71299
5.63693
5.69201
5.69701
5.73397
5.69892
5.70297
5.67985
5.66602
5.66912
5.72205
5.66316
5.67102
5.67412
5.63407
5.68008
5.65696
5.687
5.71108
5.66602
5.65791
5.63002
5.61285
5.71799
5.69797
5.656
5.63502
5.71299
5.70393
5.64003
5.67198
5.66006
5.651
5.64194
5.6181
5.64504
5.61309
5.66602
5.68199
5.72896
5.67698
5.63812
5.67102
5.67102
5.72681
5.66006
5.69606
5.69701
5.65481
5.656
5.65004
5.75209
5.68604
5.68891
5.75089
5.69701
5.67698
5.67102
5.71585
5.687
5.64003
5.6901
5.71299
5.71585
5.67293
5.68604
5.64504
5.71585
5.68891
5.62906
5.68104
5.67389
5.66387
5.67007
5.71489
5.67007
5.67079
5.68795
5.67579
5.76806
5.70893
5.656
5.63908
5.62
5.65386
5.67102
5.67889
5.67698
5.64313
5.63002
5.63216
5.63407
5.73802
5.66792
5.69916
5.68509
5.64599
5.72395
5.71203
5.63717
5.68795
5.66697
5.71203
5.71084
5.71704
5.76186
5.63288
5.69606
5.72896
5.6901
5.70703
5.67985
5.67293
5.73015
5.66816
5.7559
5.65505
5.71299
5.72085
5.64885
5.67484
5.63979
5.65004
5.66292
5.66196
5.73111
5.70512
5.66006
5.65791
5.74398
5.70703
5.62906
5.64504
5.60498
5.70607
5.68509
5.64504
5.70202
5.67102
5.65004
5.64098
5.67698
5.71108
5.69415
5.65696
5.65195
5.63812
5.71012
5.70393
5.74803
5.67794
5.6808
5.73492
5.73301
5.69916
5.64194
5.67102
5.71609
5.6901
5.64194
5.70107
5.723
5.64098
5.68199
5.68199
5.656
5.6839
5.73802
5.61213
5.64289
5.69105
5.71609
5.6901
5.65505
5.68008
5.69296
5.63097
5.66506
5.656
5.66292
5.65004
5.63788
5.69201
5.62406
5.63717
5.64003
5.6479
5.73111
5.71203
5.65696
5.72801
5.66506
5.71585
5.67603
5.68604
5.64814
5.64504
5.69701
5.66697
5.69391
5.63908
5.687
5.67293
5.72681
5.67389
5.64504
5.72801
5.66101
5.68199
5.71108
5.63717
5.69201
5.74398
5.75495
5.65791
5.72014
5.71012
5.64599
5.67222
5.68104
5.6262
5.68891
5.6529
5.67985
5.69487
5.67412
5.687
5.68199
5.67698
5.67389
5.66792
5.72991
5.68199
5.69105
5.69081
5.723
5.71108
5.67007
5.68199
5.68891
5.68414
5.70202
5.66792
5.73611
5.60308
5.69296
5.70798
5.68986
5.71799
5.66006
5.62811
5.67007
5.69201
5.70107
5.69296
5.67698
5.71394
5.63979
5.64504
5.64814
5.65791
5.70202
5.6901
5.68414
5.77593
5.65886
5.67794
5.6901
5.66912
5.69391
5.64814
5.66101
5.61309
5.74923
5.66602
5.71799
5.67794
5.66912
5.67698
5.6529
5.72395
5.66506
5.70488
5.66721
5.71108
5.65696
5.60379
5.72085
5.64384
5.66006
5.67603
5.72205
5.71704
5.68891
5.67412
5.66816
5.7199
5.62406
5.70297
5.76186
5.70607
5.68986
5.69201
5.66292
5.65791
5.6932
5.67603
5.63002
5.67293
5.70607
5.73111
5.67317
5.68199
5.651
5.63908
5.62
5.66697
5.61595
5.65886
5.69701
5.68295
5.67484
5.62286
5.63288
5.66292
5.60617
5.6231
5.73301
5.66506
5.69391
5.63407
5.69701
5.65386
5.6529
5.68008
5.64599
5.65004
5.62406
5.65696
5.66912
5.61094
5.66888
5.65886
5.7199
5.656
5.63502
5.64694
5.71585
5.62
5.71108
5.70297
5.67985
5.64694
5.65505
5.63884
5.651
5.62501
5.656
5.70583
5.66792
5.6479
5.64814
5.70011
5.68008
5.66912
5.65505
5.71299
5.68604
5.67603
5.72014
5.63598
5.73397
5.64814
5.67102
5.69701
5.66006
5.64504
5.68795
5.6529
5.67484
5.73492
5.64909
5.62501
5.69892
5.63097
5.67198
5.65696
5.64718
5.64694
5.64981
5.62906
5.6901
5.67698
5.67317
5.70202
5.63812
5.66006
5.76496
5.72896
5.70703
5.67198
5.71394
5.66816
5.68795
5.66983
5.62501
5.70512
5.61118
5.64909
5.70488
