60.0801
59.907
60.2341
60.235
60.056
59.7901
60.2489
60.3218
60.4179
59.736
60.2112
60.0431
60.4751
59.938
60.127
59.88
60.149
59.809
59.9539
59.9649
60.3199
60.01
59.8979
59.6929
59.54
60.174
60.221
59.87
59.7849
59.751
59.7491
60.0791
60.3061
59.6511
59.9301
59.479
60.041
60.1649
59.777
59.5748
59.767
60.3311
59.972
59.8969
60.1161
59.8471
59.9291
60.2281
59.829
59.8259
59.495
60.0698
60.1289
59.566
60.1361
60.256
59.9859
60.0269
59.9909
59.8969
60.204
59.9329
59.9661
59.664
59.7069
60.385
60.54
60.2419
60.359
60.127
59.9539
60.2169
60.02
60.06
59.8819
60.112
60.256
59.8991
59.9258
60.4081
59.808
60.0309
59.84
60.3731
60.008
59.87
60.312
59.7661
60.0669
59.772
60.194
59.66
59.741
59.9632
59.962
59.8722
59.6631
60.106
60.4351
59.72
59.8259
59.6559
60.0948
59.8719
59.8409
59.9689
59.6631
60.0569
59.8812
60.055
59.7389
60.3549
59.833
59.9179
59.8969
59.993
59.5121
60.0281
59.787
59.66
59.9539
60.1642
59.649
60.091
60.045
60.318
60.3249
59.7858
60.1859
59.9871
59.9029
60.0231
59.7789
60.0471
59.346
59.9289
60.5431
60.046
60.204
60.0951
60.1292
59.8321
59.9239
60.066
59.9091
60.1091
59.947
59.963
59.8421
59.8221
60.4351
59.8071
60.1201
59.741
59.9082
60.0669
59.6049
60.307
60.0731
59.833
59.988
59.7961
60.1761
59.8741
59.6859
60.07
59.8571
60.0371
60.1501
59.967
59.9809
60.066
59.7
59.6631
59.71
60.2329
59.7029
59.8969
60.07
59.6499
59.947
60.1211
60.1881
60.051
60.2939
60.174
60.447
59.659
60.2131
59.9842
60.606
59.948
59.9551
59.8981
59.947
59.7799
59.8378
59.808
59.5651
60.3809
59.7329
59.8459
60.2021
59.6468
60.0209
60.328
60.041
60.2829
59.8931
60.0162
60.075
60.1671
59.871
60.101
59.6681
60.2851
60.0801
59.72
60.3859
60.2539
59.9079
60.1919
60.272
60.2908
60.0729
60.149
60.086
59.746
60.066
60.215
60.2729
60.0781
60.2531
59.7541
60.045
59.984
59.876
59.653
60.1301
60.374
60.019
60.2329
60.024
59.9961
59.8049
60.2741
59.7601
60.0381
60.2908
59.6008
59.9871
59.8409
59.7811
60.1101
59.9101
59.701
59.458
60.2019
59.8049
60.75
59.7248
59.8791
59.7842
60.38
60.111
59.9949
59.881
60.0591
59.7839
59.9091
60.3242
59.9301
60.0202
59.7119
60.24
59.8891
60.199
59.819
59.6781
59.5751
59.8521
59.901
59.7322
59.9921
59.751
60.0309
60.1161
59.834
60.0491
60.0641
59.6871
60.0421
59.9911
60.199
59.9558
60.0119
59.896
60.312
60.0519
60.1449
59.9449
60.041
60.056
59.962
59.8302
59.8092
59.916
60.0049
60.436
59.721
60.1659
59.8989
59.6828
59.736
59.907
60.168
59.6261
60.209
59.8829
60.1039
60.225
60.0281
59.859
59.716
60.308
59.9351
59.8421
60.0171
60.0531
59.8681
60.077
59.943
60.303
59.9229
59.9551
59.6342
60.3061
60.204
60.2758
60.3549
59.7432
59.8662
60.3111
59.6681
60.1878
60.077
59.9589
59.9599
60.0429
59.902
60.2751
59.911
59.6349
60.2438
60.2329
60.22
59.8381
60.0641
59.9651
59.9878
60.1289
59.932
59.2942
59.7389
60.0059
60.353
60.1931
60.029
59.8381
59.5839
60.003
60.477
60.117
60.123
59.9239
60.287
60.0362
59.6581
59.8819
59.9492
60.097
60.3011
59.998
59.931
60.312
60.1051
59.8872
60.2281
59.9558
59.5379
59.988
60.2272
59.7541
60.3161
60.3409
59.9928
59.793
59.9639
59.8218
60.2179
60.0719
60.0641
59.6862
60.015
60.0989
59.586
60.3201
60.38
60.1869
59.917
60.133
59.726
59.6728
59.9921
60.478
60.401
60.0209
60.1161
59.9768
59.6809
59.9549
60.035
59.7889
60.0569
60.1089
60.2129
60.2069
60.0259
59.7479
59.7322
59.7131
60.0791
59.9711
59.8171
59.804
59.7241
60.2262
59.8421
60.169
60.1969
59.7758
60.1981
59.972
59.9351
60.127
60.0569
59.9649
60.256
59.9949
59.9442
60.205
59.993
59.787
60.3628
60.3449
60.1811
60.236
60.019
59.86
59.864
59.824
59.7701
59.793
59.9639
60.323
59.7169
59.8729
60.0469
59.9759
59.865
59.9511
60.426
59.8929
60.0381
60.03
59.6988
59.9461
60.0162
59.5641
59.9802
60.4401
59.9582
59.921
59.7899
59.962
59.9391
60.0941
60.0221
59.798
60.323
59.9911
59.9601
59.8772
60.0989
59.8669
59.7968
60.1399
59.8969
59.8059
60.2379
59.5498
59.8481
60.3311
60.4451
59.7131
60.2102
60.483
59.9279
60.0958
59.8249
60.1382
60.0071
60.0111
59.9711
59.9461
60.0879
60.3292
60.0121
60.2331
59.9871
60.0922
59.864
59.9711
60.3201
60.015
59.69
60.0371
59.958
59.8669
59.926
60.1552
59.9589
60.0829
59.6359
60.153
59.7761
60.0102
60.2601
59.83
59.911
60.065
59.9051
60.0328
59.972
60.302
59.937
59.489
59.9821
59.9651
60.1959
59.8929
59.7479
59.9558
60.1239
59.917
60.0061
60.0512
60.2388
59.881
60.1771
59.8459
59.624
60.1709
60.2999
60.7278
59.948
59.8838
60.425
59.989
60.2028
59.6719
60.303
59.742
59.8879
59.7749
60.1251
59.7789
59.449
60.1401
59.8221
59.9751
59.8271
60.54
59.864
59.6371
60.4999
59.87
60.065
59.9849
59.7329
60.163
60.4551
59.9091
59.89
60.0281
59.7329
59.9661
59.9241
59.952
59.926
60.087
60.2002
59.7939
59.9279
59.926
59.9701
60.2131
60.194
59.9
59.9639
60.0851
59.814
60.168
60.0231
59.7749
60.3681
60.2219
59.901
60.132
59.9182
59.9179
59.8619
59.8049
60.457
59.7351
60.0228
59.9909
60.0691
59.9711
59.751
60.0419
59.633
60.051
59.896
60.1468
60.07
59.7341
59.849
60.091
60.2131
59.814
60.004
59.7179
60.2531
60.3461
60.0312
59.8381
60.21
60.0538
59.6161
60.0359
60.086
59.9861
59.9411
59.921
59.9971
60.215
59.7599
60.04
59.9101
60.369
59.6399
59.69
60.1401
59.875
60.2798
59.854
59.7579
60.0159
59.89
59.8221
59.9248
60.271
59.9442
59.521
60.112
60.0162
59.87
60.2129
60.039
59.9651
60.288
59.9389
60.3731
59.5191
59.9039
59.592
59.8772
60.029
59.9592
60.076
60.2372
59.845
60.133
59.691
60.0691
60.0722
59.55
59.9191
60.1931
59.788
59.7479
60.2241
60.2
60.3859
59.6368
59.963
59.9861
60.1108
59.793
59.8559
59.844
60.292
59.66
60.1192
59.994
59.5479
60.241
59.762
60.2679
59.938
59.5961
60.05
59.8371
59.7861
60.2341
59.8371
59.9349
59.541
59.7429
59.9771
59.896
59.886
60.1621
60.117
59.9079
60.0469
59.917
59.8381
60.1871
60.2131
59.5839
60.1978
60.0159
59.6261
60.0829
59.737
59.695
59.9658
59.634
59.5481
59.6991
60.0772
59.9241
59.968
59.7
60.4551
60.2791
59.7558
59.948
60.1251
60.01
60.0541
59.8621
60.3151
60.1811
59.866
59.973
60.1139
60.3189
60.1032
60.163
60.461
60.3211
59.829
59.988
59.808
60.0829
60.226
59.679
59.7239
60.1029
59.86
60.138
59.8168
60.0629
59.9699
59.932
60.1728
59.7029
60.3929
59.9709
59.813
60.1969
59.9861
59.7579
60.246
59.9909
59.691
60.1029
59.84
59.9849
59.644
59.9852
59.839
59.9461
59.788
59.7441
59.798
60.2319
59.7708
59.9689
59.8891
59.819
59.9658
59.684
60.0419
59.998
59.979
60.3731
60.107
60.1439
60.7109
59.8972
59.978
59.875
59.7901
59.69
59.5911
59.7031
60.2059
59.715
59.8371
60.1108
60.122
59.8261
60.2779
60.344
59.942
59.6769
60.04
59.783
59.6631
59.8319
59.5019
59.7649
60.178
59.9751
60.328
60.219
60.153
60.051
60.21
59.727
59.6359
60.128
60.1132
60.5309
59.8118
60.2939
60.0929
60.003
59.6778
59.8791
59.7889
60.015
59.83
59.926
59.763
59.9201
60.1921
60.2431
60.01
59.715
60.2701
59.9818
59.6681
59.4909
60.3929
60.123
59.8991
59.8872
59.5491
59.798
59.9179
60.1141
60.0231
60.1611
59.8691
60.1499
60.2779
60.024
60.087
60.214
60.014
60.1251
59.617
59.886
59.773
59.818
59.6368
59.9189
59.849
60.236
59.536
59.859
59.9771
60.1079
59.9051
60.0379
60.359
60.3631
60.014
60.1981
60.0841
59.968
59.7942
60.159
60.163
60.0901
60.426
60.2889
60.056
60.06
60.267
59.83
60.1091
59.9389
59.8691
60.2682
60.055
59.824
60.199
60.1449
59.8629
60.0128
60.6329
59.7348
59.5679
59.639
59.911
59.6111
59.907
59.6869
60.1218
59.8941
59.6871
59.8841
59.819
59.8221
60.286
59.654
59.67
60.025
59.8629
59.973
59.4232
59.732
59.974
60.39
59.9561
60.0438
60.482
59.9952
59.988
59.8278
59.69
60.003
60.0319
59.6521
60.3719
60.097
60.348
59.9799
60.2078
59.9029
60.0879
59.865
59.6731
60.0321
60.2381
59.5179
59.9842
59.644
60.4289
59.9911
59.963
59.6769
60.2958
59.9639
59.793
59.9601
60.1661
59.993
59.927
59.7868
59.69
60.607
60.2682
60.2732
