26.2959
21.3339
21.378
21.3032
21.292
21.276
21.275
21.3749
21.292
21.3978
21.3239
21.3299
21.3749
21.3912
21.2672
21.3439
21.3301
21.354
21.3149
21.42
21.307
21.2519
21.2901
21.296
21.256
21.364
21.3602
21.3401
21.379
21.203
21.385
21.297
21.3261
21.373
21.4169
21.332
21.297
21.3628
21.3161
21.3439
21.3211
21.3459
21.2898
21.3592
21.287
21.3928
21.2851
21.369
21.3461
21.3051
21.4
21.348
21.343
21.348
21.301
21.364
21.317
21.3058
21.3981
21.2572
21.3029
21.3051
21.3001
21.349
21.3971
21.265
21.384
21.3258
21.26
21.2941
21.3511
21.3461
21.358
21.3091
21.3821
21.414
21.5249
21.5049
21.317
21.3449
21.3239
21.3602
21.3392
21.3749
21.3499
21.2679
21.3311
21.378
21.3151
21.3771
21.3292
21.265
21.287
21.2831
21.307
21.333
21.3568
21.389
21.327
21.3521
21.306
21.286
21.328
21.399
21.3761
21.3821
21.409
21.3821
21.3091
21.3671
21.3082
21.322
21.2839
21.342
21.3568
21.4031
21.286
21.282
21.4131
21.3568
21.2159
21.2579
21.385
21.3561
21.3151
21.3432
21.322
21.3561
21.2831
21.3001
21.3261
21.2519
21.3721
21.307
21.358
21.4
21.333
21.3099
21.338
21.261
21.378
21.3521
21.292
21.4109
21.342
21.3242
21.3521
21.265
21.3549
21.3141
21.3311
21.3289
21.369
21.317
21.3718
21.3699
21.3459
21.3261
21.2691
21.3311
21.2951
21.3082
21.281
21.3881
21.3411
21.3811
21.2879
21.277
21.2688
21.342
21.3621
21.431
21.306
21.3501
21.24
21.3559
21.3039
21.3649
21.292
21.3029
21.292
21.2262
21.395
21.3499
21.2798
21.291
21.3251
21.348
21.3499
21.354
21.3072
21.395
21.332
21.349
21.353
21.3301
21.374
21.2741
21.3611
21.3351
21.256
21.25
21.3962
21.332
21.349
21.307
21.255
21.3342
21.266
21.2851
21.3349
21.3239
21.3089
21.277
21.3659
21.3468
21.296
21.276
21.3211
21.3552
21.322
21.4059
21.3029
21.3511
21.323
21.281
21.3211
21.3079
21.3599
21.3139
21.3659
21.3692
21.337
21.291
21.3411
21.327
21.3239
21.3499
21.3158
21.27
21.307
21.276
21.4028
21.3079
21.3611
21.3442
21.3461
21.3799
21.2989
21.3358
21.332
21.364
21.3361
21.378
21.332
21.3189
21.342
21.3599
21.2741
21.363
21.2848
21.3261
21.3358
21.313
21.364
21.2722
21.3909
21.3249
21.3299
21.363
21.2982
21.3389
21.3399
21.363
21.3001
21.3442
21.4291
21.379
21.3192
21.3871
21.2421
21.3079
21.3261
21.342
21.4231
21.292
21.3571
21.3141
21.358
21.354
21.4021
21.3389
21.291
21.3571
21.3392
21.338
21.312
21.39
21.307
21.2948
21.342
21.3389
21.317
21.353
21.358
21.3151
21.3029
21.4281
21.25
21.3649
21.3332
21.2951
21.348
21.3599
21.3728
21.3349
21.3881
21.318
21.4059
21.3258
21.2691
21.3041
21.3151
21.2991
21.3001
21.3699
21.3621
21.374
21.3602
21.3761
21.333
21.291
21.333
21.297
21.328
21.3692
21.4131
21.3211
21.307
21.337
21.348
21.323
21.3308
21.2989
21.3139
21.3289
21.3158
21.3828
21.2519
21.369
21.3521
21.4012
21.3349
21.415
21.277
21.4031
21.333
21.2858
21.3439
21.3189
21.245
21.2991
21.42
21.2929
21.4639
21.3029
21.3459
21.311
21.354
21.3158
21.337
21.3051
21.3902
21.276
21.3311
21.2641
21.2691
21.3108
21.281
21.374
21.3881
21.3351
21.2882
21.2801
21.3039
21.327
21.281
21.404
21.3418
21.3521
21.271
21.3859
21.302
21.333
21.395
21.4059
21.3211
21.281
21.2679
21.3449
21.3311
21.3242
21.3351
21.4171
21.3661
21.2979
21.2901
21.436
21.2891
21.414
21.364
21.383
21.318
21.3811
21.3192
21.281
21.3158
21.379
21.3232
21.3361
21.3921
21.3752
21.3981
21.2948
21.3349
21.2591
21.337
21.3249
21.4119
21.3218
21.354
21.3208
21.3859
21.256
21.359
21.301
21.4698
21.287
21.2731
21.2801
21.3141
21.3041
21.3392
21.265
21.317
21.3189
21.2278
21.353
21.301
21.4012
21.3971
21.3511
21.2419
21.394
21.384
21.328
21.3881
21.4109
21.2119
21.3299
21.3108
21.313
21.3339
21.3492
21.3821
21.2951
21.2922
21.3242
21.338
21.3459
21.2791
21.328
21.3399
21.2729
21.292
21.3439
21.271
21.353
21.3969
21.389
21.3089
21.353
21.2791
21.348
21.394
21.3041
21.2431
21.2691
21.343
21.3749
21.3189
21.3082
21.323
21.322
21.384
21.4269
21.3299
21.3709
21.23
21.3151
21.3048
21.364
21.2619
21.302
21.239
21.395
21.317
21.297
21.2839
21.3161
21.297
21.3809
21.389
21.3001
21.3552
21.348
21.311
21.3411
21.2839
21.2789
21.2719
21.3668
21.3099
21.3721
21.3201
21.318
21.3549
21.277
21.373
21.3981
21.3461
21.302
21.3709
21.3161
21.3749
21.3189
21.3749
21.3602
21.3161
21.2421
21.296
21.3161
21.281
21.3749
21.3199
21.3189
21.3459
21.358
21.3299
21.3668
21.4059
21.3761
21.3351
21.3621
21.3099
21.3299
21.3439
21.359
21.266
21.25
21.2519
21.3931
21.343
21.3809
21.266
21.3718
21.3668
21.3339
21.287
21.3461
21.286
21.3809
21.436
21.4002
21.349
21.3201
21.2951
21.2679
21.3721
21.3249
21.358
21.3301
21.2851
21.3559
21.2018
21.378
21.3721
21.333
21.3139
21.3609
21.3649
21.3399
21.378
21.3389
21.255
21.2951
21.3101
21.266
21.2791
21.2691
21.347
21.333
21.327
21.26
21.286
21.4031
21.282
21.3559
21.266
21.3921
21.3959
21.3721
21.2979
21.2789
21.3671
21.414
21.2922
21.338
21.282
21.4028
21.323
21.4071
21.2932
21.404
21.3349
21.3959
21.246
21.333
21.39
21.3399
21.368
21.312
21.322
21.3912
21.318
21.4081
21.3039
21.3521
21.3029
21.3201
21.327
21.3852
21.3079
21.409
21.2681
21.256
21.363
21.337
21.3449
21.4
21.2941
21.3079
21.363
21.3859
21.3361
21.3661
21.3971
21.394
21.323
21.2409
21.2898
21.379
21.354
21.3709
21.3439
21.3671
21.277
21.3258
21.3859
21.296
21.2858
21.3048
21.3029
21.2498
21.3001
21.318
21.3349
21.359
21.2831
21.277
21.3749
21.3201
21.3549
21.3439
21.3861
21.379
21.2331
21.3211
21.436
21.4078
21.2829
21.3289
21.4238
21.3251
21.3771
21.3201
21.2951
21.3048
21.333
21.3079
21.347
21.296
21.368
21.364
21.2879
21.348
21.2891
21.4109
21.287
21.349
21.282
21.3461
21.379
21.266
21.3242
21.384
21.3549
21.2529
21.446
21.306
21.2989
21.3001
21.3399
21.342
21.395
21.3459
21.2998
21.353
21.3511
21.3561
21.2772
21.378
21.358
21.3261
21.3661
21.3211
21.2588
21.3261
21.3151
21.348
21.3592
21.3621
21.3599
21.3881
21.358
21.383
21.3888
21.2879
21.2879
21.239
21.2791
21.2271
21.349
21.3161
21.3029
21.3978
21.347
21.394
21.2851
21.2841
21.385
21.282
21.3299
21.3618
21.3358
21.322
21.358
21.368
21.3001
21.2991
21.3051
21.3671
21.368
21.3161
21.3189
21.359
21.3382
21.3101
21.3959
21.347
21.3082
21.3401
21.3461
21.4109
21.4069
21.4219
21.4319
21.379
21.364
21.328
21.3239
21.3871
21.265
21.3239
21.3389
21.435
21.3721
21.3239
21.3301
21.3141
21.3091
21.3571
21.3459
21.301
21.3351
21.39
21.3261
21.317
21.3189
21.2929
21.3611
21.3182
21.3141
21.446
21.3728
21.313
21.3499
21.337
21.2729
21.3599
21.3549
21.3101
21.378
21.2891
21.3909
21.354
21.3621
21.3161
21.338
21.419
21.3938
21.354
21.322
21.2901
21.327
21.4028
21.4009
21.312
21.3242
21.3811
21.3861
21.39
21.3089
21.4059
21.3408
21.354
21.3678
21.363
21.3509
21.3199
21.3909
21.301
21.3921
21.383
21.3649
21.2829
21.3349
21.2989
21.3289
21.369
21.347
21.3151
21.3201
21.3239
21.347
21.3079
21.306
21.328
21.385
21.3821
21.322
21.318
21.3358
21.2629
21.3261
21.318
21.3008
21.3969
21.3261
21.2829
21.3289
21.306
21.2681
21.27
21.3351
21.368
21.359
21.327
21.317
21.328
21.3339
21.3349
21.3368
21.312
21.328
21.265
21.4069
21.2848
21.322
21.3621
21.3339
21.3261
21.3449
21.3668
21.2829
21.4169
21.4059
21.399
21.3299
21.354
21.349
21.385
21.3861
21.3511
21.2841
21.338
21.3339
21.3442
21.2619
21.2369
21.3821
21.302
21.338
21.347
21.3089
21.3969
21.4219
21.3568
21.3261
21.3201
21.245
21.3201
21.2591
21.349
21.3561
21.3621
21.2548
21.3249
21.25
21.291
21.26
21.3671
21.379
21.2719
21.313
21.3759
21.2591
21.342
21.3201
21.4062
21.3101
21.3151
21.3261
21.317
21.3199
21.318
21.2898
21.3721
21.348
21.3592
21.3411
21.2831
21.2371
21.271
21.3909
21.3339
21.3058
21.27
21.373
21.383
21.297
21.421
21.297
21.306
21.3339
21.281
21.4069
21.3988
21.312
21.3351
21.2781
21.2841
21.3032
21.3339
21.3871
21.3161
21.4012
21.3289
21.347
21.379
21.3301
21.3339
21.2801
21.246
21.348
21.337
21.3449
21.3189
21.389
21.4128
