20.092
13.86
13.859
13.9289
13.891
13.876
13.907
13.921
13.8941
13.8981
13.9232
13.8829
13.8628
13.8919
13.8671
9.47404
8.58998
8.67295
8.64911
8.58617
8.57711
8.56495
8.5628
8.52895
8.53419
8.53896
8.55398
8.55994
8.55803
8.54111
8.55994
8.58188
8.59404
8.57997
8.55994
8.55494
8.54492
8.55803
8.55708
8.52704
8.5609
8.56304
8.57186
8.54993
8.56209
8.53014
8.57592
8.57592
8.5659
8.58283
8.55184
8.55684
8.57782
8.57806
8.56996
8.58688
8.57186
8.56304
8.58092
8.5628
8.5659
8.57782
8.55017
8.58808
8.54897
8.564
8.52799
8.55517
8.54802
8.57997
8.51989
8.569
8.56304
8.54707
8.55303
8.54707
8.58307
8.56113
8.55398
8.57782
8.57496
8.57115
8.57806
8.56209
8.55803
8.53992
8.56495
8.53801
8.57806
8.54397
8.53705
8.54492
8.64601
8.64697
8.64911
8.67391
8.66103
8.67891
8.68511
8.67391
8.68106
8.62885
8.55684
8.54897
8.54707
8.57115
8.61311
8.56614
8.56996
8.53801
8.569
8.58808
8.58402
8.55613
8.56996
8.5969
8.62002
8.66699
8.68583
8.67796
8.65912
8.66294
8.66985
8.88181
8.85296
8.86703
8.86703
8.73184
8.86083
8.85487
8.86106
8.883
8.86989
8.88085
8.78119
8.76093
8.73899
8.64005
8.67105
8.66413
8.64196
8.6689
8.65412
8.62598
8.68702
8.66604
8.66795
8.69083
8.65602
8.68392
8.66008
8.65889
8.68511
8.64506
8.67701
8.70299
8.68416
8.68106
8.64911
8.66508
8.65793
8.67081
8.636
8.64291
8.636
8.54897
8.5609
8.569
8.55899
8.55803
8.54206
8.58617
8.55803
8.55613
8.55303
8.55899
8.55112
8.569
8.55398
8.55994
8.57615
8.64291
8.6689
8.65912
8.66699
8.66818
8.62098
8.67414
8.65912
8.67295
8.61311
8.57115
8.55994
8.54182
8.57687
8.61692
8.64387
8.60405
8.57306
8.605
8.56781
8.58498
8.62002
8.68106
8.68416
8.60691
8.5721
8.55207
8.57306
8.641
8.67987
8.63814
8.66103
8.65698
8.67701
8.65006
8.6751
8.66008
8.65507
8.5721
8.57496
8.55017
8.56709
8.54897
8.58712
8.6019
8.58593
8.54397
8.68487
8.70085
8.67701
8.70705
8.70895
8.69393
8.6782
8.76284
8.79502
8.77309
8.74805
8.76594
8.77285
8.76689
8.78501
8.77595
8.76594
8.76284
8.75998
8.66914
8.65912
8.65889
8.67605
8.73995
8.76999
8.74496
8.66199
8.66199
8.67105
8.708
8.67105
8.71706
8.70299
8.68988
8.68511
8.69703
8.70085
8.744
8.82411
8.76689
8.65197
8.67605
8.68797
8.67605
8.68201
8.6751
8.61192
8.55684
8.56686
8.57592
8.55017
8.61406
8.63004
8.62789
8.66508
8.67796
8.66985
8.66485
8.67486
8.68201
8.67891
8.67891
8.641
8.63099
8.65102
8.65102
8.64792
8.64983
8.54993
8.56018
8.55994
8.58116
8.58688
8.66914
8.67295
8.64983
8.708
8.67105
8.70705
8.72087
8.67701
8.70299
8.69298
8.70514
8.72612
8.71801
8.70013
8.70109
8.62789
8.54993
8.55899
8.57902
8.54611
8.61597
8.672
8.66199
8.67891
8.66485
8.66795
8.67295
8.67987
8.69298
8.67605
8.71396
8.68917
8.65698
8.71611
8.68416
8.68201
8.71301
8.67486
8.67796
8.65006
8.66413
8.65602
8.67105
8.63695
8.55899
8.59189
8.6441
8.68511
8.66795
8.63886
8.64697
8.67796
8.66508
8.67581
8.69298
8.66795
8.66294
8.66413
8.66604
8.65602
8.67391
8.6751
8.67009
8.68106
8.66318
8.68702
8.67319
8.65889
8.66413
8.68201
8.672
8.68106
8.68797
8.77118
8.75807
8.76784
8.73423
8.67009
8.64387
8.6689
8.66199
8.70705
8.74496
8.75497
8.67701
8.69608
8.70895
8.67701
8.66604
8.70705
8.71611
8.71515
8.71897
8.68821
8.67105
8.69012
8.68201
8.61716
8.58307
8.57091
8.55803
8.55684
8.64196
8.63314
8.63695
8.57401
8.56113
8.56805
8.57115
8.63004
8.65102
8.64315
8.66199
8.67105
8.66699
8.66795
8.7111
8.76999
8.74901
8.64887
8.65412
8.68201
8.66008
8.65793
8.64911
8.68201
8.66103
8.65984
8.67701
8.67701
8.67891
8.67081
8.65483
8.67701
8.66294
8.67605
8.67486
8.7378
8.77786
8.744
8.67605
8.68988
8.67891
8.6751
8.69298
8.71086
8.68106
8.73208
8.68201
8.69107
8.66199
8.71897
8.65889
8.67987
8.67391
8.66008
8.67105
8.66199
8.66199
8.6689
8.67701
8.64911
8.67295
8.67486
8.66795
8.68392
8.68082
8.63981
8.54897
8.54897
8.6751
8.66199
8.67105
8.68082
8.6689
8.65793
8.65483
8.66103
8.67391
8.75998
8.75688
8.75401
8.6441
8.6751
8.68297
8.65197
8.73184
8.74186
8.72993
8.65602
8.708
8.6689
8.66389
8.78215
8.80909
8.72803
8.69107
8.68821
8.68797
8.69012
8.67009
8.66508
8.6441
8.67891
8.67701
8.68201
8.68106
8.65412
8.68297
8.605
8.55398
8.57091
8.52489
8.57711
8.65912
8.72707
8.708
8.70705
8.70609
8.71396
8.68392
8.68392
8.69513
8.65698
8.57711
8.58116
8.53395
8.55017
8.62384
8.67105
8.6
8.56614
8.56209
8.57496
8.5609
8.61812
8.69203
8.68011
8.56113
8.57091
8.708
8.66103
8.69989
8.66795
8.6391
8.65602
8.69513
8.66508
8.69298
8.75401
8.79788
8.7862
8.67486
8.69799
8.71396
8.68201
8.71706
8.71801
8.66604
8.60786
8.54802
8.5609
8.58521
8.64291
8.66508
8.641
8.55422
8.55899
8.58402
8.54492
8.6081
8.66699
8.68988
8.6422
8.66795
8.66914
8.68416
8.67486
8.66485
8.66485
8.68392
8.65793
8.66413
8.65507
8.68607
8.66199
8.67987
8.65793
8.64911
8.67009
8.66199
8.72684
8.75497
8.75115
8.68011
8.65507
8.67605
8.65316
8.74901
8.78906
8.76808
8.73995
8.77595
8.74901
8.76904
8.74901
8.7781
8.73899
8.72898
8.69584
8.7018
8.69107
8.78787
8.811
8.77094
8.70419
8.71611
8.6751
8.64005
8.62885
8.66485
8.66103
8.68797
8.67009
8.65507
8.67605
8.672
8.65483
8.65293
8.55613
8.51893
8.66604
8.64697
8.66413
8.68011
8.61788
8.54588
8.5752
8.64291
8.68201
8.68201
8.68702
8.69203
8.68011
8.68511
8.69298
8.68678
8.7769
8.78716
8.76498
8.69799
8.69799
8.69489
8.64196
8.66699
8.64697
8.65793
8.65102
8.66795
8.64387
8.65412
8.74496
8.76617
8.74186
8.65197
8.67105
8.65602
8.6472
8.67105
8.65293
8.63194
8.56805
8.56996
8.52585
8.56614
8.65197
8.69703
8.68201
8.60691
8.58784
8.69799
8.68201
8.66818
8.70395
8.68106
8.69012
8.70895
8.70585
8.68583
8.67391
8.68607
8.71897
8.65984
8.72517
8.70705
8.72207
8.68821
8.69703
8.72993
8.68607
8.66103
8.672
8.66103
8.67105
8.64887
8.62598
8.66508
8.67891
8.68988
8.68011
8.66103
8.60691
8.66699
8.67987
8.66914
8.67915
8.64196
8.72087
8.72898
8.73804
8.65912
8.65984
8.65793
8.66914
8.68511
8.64315
8.64887
8.67796
8.69703
8.63504
8.66914
8.72207
8.73208
8.708
8.66199
8.67486
8.68201
8.66604
8.6441
8.66699
8.641
8.67081
8.67391
8.64792
8.68511
8.68297
8.66818
8.65698
8.56996
8.533
8.66508
8.67009
8.67605
8.65698
8.64315
8.65793
8.64196
8.64601
8.69608
8.73494
8.79908
8.80313
8.79788
8.79288
8.811
8.80408
8.77905
8.78906
8.79884
8.8191
8.78906
8.672
8.67701
8.69584
8.67605
8.6751
8.69608
8.71205
8.68893
8.64506
8.67319
8.6689
8.66795
8.67915
8.65197
8.64697
8.66103
8.65102
8.61907
8.66699
8.66699
8.65388
8.65507
8.6441
8.67605
8.67414
8.67701
8.67915
8.65412
8.67295
8.6391
8.64911
8.65912
8.68487
8.67796
8.65293
8.65889
8.67081
8.66699
8.66795
8.74615
8.7781
8.73709
8.641
8.65579
8.6689
8.68392
8.65412
8.67295
8.66914
8.66199
8.67486
8.66795
8.64601
8.72684
8.7688
8.7359
8.64911
8.68201
8.67701
8.67891
8.74186
8.77595
8.73399
8.68702
8.67891
8.63504
8.65197
8.72111
8.76093
8.71086
8.6689
8.66413
8.68106
8.67414
8.68988
8.66413
8.66699
8.65793
8.67009
8.66294
8.68702
8.65602
8.68821
8.69298
8.70514
8.71205
8.71992
8.68797
8.72111
8.67295
8.68797
8.65793
8.64196
8.67105
8.66914
8.64816
8.68988
8.63981
8.66294
8.63004
8.65293
8.641
8.75807
8.76784
8.73184
8.67987
8.66604
8.62813
8.66795
8.73804
8.75592
8.71682
8.67391
8.65602
8.67701
8.64697
8.75592
8.75902
8.7769
8.75998
8.75998
8.76689
8.78119
8.74996
8.71897
8.69703
8.63194
8.70705
8.68893
8.67486
8.72302
8.70109
8.70395
8.67105
8.68297
8.70609
8.71801
8.68797
8.66604
8.65698
8.67295
8.6689
8.6689
8.68416
8.67295
8.63886
8.65602
8.67486
8.65197
8.67701
8.66795
8.65507
8.65507
8.67009
8.68392
8.66294
8.69012
8.68201
8.65602
8.64697
8.66294
8.66199
8.6689
8.68487
8.65984
8.67891
8.66795
8.72707
8.77905
8.74901
8.66699
8.64005
8.66508
8.67796
8.71086
8.76617
8.72898
8.62503
8.65006
8.66508
8.65507
8.66199
8.65483
8.66294
8.66103
8.672
8.67009
8.67605
8.74615
8.76403
8.73303
8.67915
8.68392
8.69083
8.65602
8.76188
8.75783
8.72588
8.6751
8.69203
8.65316
8.65889
8.7409
8.7769
8.78096
8.7738
8.75306
8.7831
8.81004
8.83007
8.79908
8.76904
8.71205
8.70895
8.7049
8.70013
8.70895
8.69799
8.68511
8.67105
8.68392
8.67605
8.67391
8.67414
8.65793
8.66318
8.65293
8.67987
