15.7871
15.3389
15.3301
15.3348
15.3232
15.3351
15.347
15.327
15.337
15.3251
15.3229
15.332
15.326
15.3191
15.3461
15.3399
15.3079
15.3229
15.336
15.3382
15.3291
15.316
15.3129
15.321
15.3241
15.3239
15.348
15.3251
15.3069
15.3098
15.327
15.3499
15.3549
15.332
15.348
15.3208
15.3229
15.332
15.3441
15.337
15.3251
15.3389
15.3229
15.348
15.3308
15.3401
15.3339
15.3332
15.3139
15.3401
15.3379
15.343
15.327
15.3348
15.3401
15.3291
15.3451
15.321
15.3401
15.336
15.332
15.3451
15.3379
15.3389
15.3251
15.3511
15.3282
15.331
15.3232
15.3329
15.3389
15.322
15.326
15.3291
15.3308
15.331
15.3451
15.332
15.3189
15.3301
15.326
15.3501
15.3339
15.3179
15.3408
15.3129
15.306
15.337
15.316
15.348
15.312
15.3432
15.3501
15.3339
15.3439
15.3208
15.3351
15.343
15.3351
15.316
15.336
15.3301
15.3449
15.3248
15.3272
15.336
15.3232
15.3301
15.3148
15.3301
15.3179
15.336
15.3351
15.3298
15.3091
15.3208
15.317
15.3358
15.3222
15.327
15.326
15.3301
15.3339
15.3232
15.317
15.341
15.3332
15.337
15.321
15.3198
15.342
15.343
15.352
15.321
15.326
15.332
15.3391
15.3332
15.316
15.3351
15.3491
15.327
15.342
15.3141
15.3401
15.3329
15.321
15.3511
15.3601
15.326
15.3041
15.3351
15.3501
15.3351
15.316
15.3601
15.3182
15.3401
15.3282
15.3179
15.3399
15.321
15.316
15.3179
15.3229
15.3079
15.317
15.312
15.3611
15.3439
15.337
15.3179
15.3291
15.31
15.332
15.3222
15.3191
15.342
15.348
15.3301
15.3449
15.3291
15.316
15.321
15.342
15.322
15.322
15.337
15.3179
15.352
15.3298
15.358
15.3179
15.3339
15.3379
15.321
15.3348
15.3301
15.3332
15.3539
15.3189
15.317
15.3351
15.3441
15.3301
15.3179
15.3179
15.3491
15.326
15.321
15.3329
15.3508
15.321
15.322
15.3329
15.336
15.332
15.3239
15.31
15.3201
15.3461
15.3298
15.3339
15.3461
15.3201
15.3329
15.332
15.3272
15.3129
15.3091
15.3298
15.321
15.3391
15.3291
15.3348
15.317
15.3151
15.3201
15.3332
15.3332
15.3182
15.348
15.342
15.3329
15.3449
15.3239
15.3291
15.3182
15.31
15.3439
15.3289
15.342
15.3301
15.348
15.317
15.3139
15.322
15.3332
15.337
15.321
15.326
15.3248
15.3251
15.3241
15.3251
15.327
15.311
15.3248
15.3341
15.3432
15.3241
15.327
15.317
15.3389
15.3151
15.3301
15.322
15.3232
15.3439
15.3339
15.3329
15.312
15.332
15.3289
15.3439
15.3332
15.3248
15.321
15.3332
15.337
15.337
15.3229
15.3358
15.342
15.3179
15.3432
15.3191
15.3251
15.326
15.3391
15.322
15.3451
15.322
15.3339
15.3139
15.332
15.317
15.3408
15.3551
15.3282
15.3351
15.321
15.3491
15.3131
15.3339
15.321
15.3279
15.327
15.327
15.3201
15.3358
15.3549
15.3201
15.327
15.3289
15.327
15.3179
15.3298
15.3201
15.3401
15.347
15.3239
15.3291
15.3351
15.331
15.3229
15.322
15.3508
15.3272
15.3229
15.321
15.317
15.3332
15.3341
15.3391
15.331
15.341
15.3329
15.3389
15.311
15.312
15.316
15.3248
15.343
15.3241
15.3229
15.336
15.3229
15.3399
15.341
15.3291
15.3451
15.316
15.326
15.3339
15.342
15.312
15.3131
15.341
15.322
15.3239
15.337
15.3561
15.3322
15.3501
15.322
15.3069
15.3151
15.321
15.3451
15.3151
15.3329
15.3129
15.317
15.3451
15.317
15.336
15.336
15.3201
15.322
15.337
15.3551
15.336
15.3458
15.3339
15.3232
15.3329
15.331
15.3339
15.347
15.3329
15.327
15.3329
15.3401
15.3599
15.3248
15.332
15.3301
15.3279
15.1939
15.3179
15.332
15.3351
15.3322
15.3301
15.321
15.336
15.3499
15.336
15.3222
15.3151
15.3491
15.3091
15.317
15.343
15.332
15.348
15.3332
15.337
15.3329
15.336
15.343
15.322
15.3251
15.3251
15.3291
15.3279
15.3382
15.3201
15.3141
15.3279
15.3041
15.3232
15.3351
15.326
15.332
15.3301
15.317
15.3189
15.337
15.3279
15.3279
15.316
15.3248
15.321
15.3029
15.31
15.31
15.3232
15.3279
15.3251
15.3232
15.31
15.331
15.326
15.3348
15.3139
15.3301
15.332
15.336
15.3401
15.321
15.3351
15.327
15.3379
15.3401
15.3301
15.3379
15.3141
15.316
15.3241
15.3141
15.3511
15.3279
15.312
15.336
15.3201
15.342
15.3611
15.332
15.3389
15.3491
15.322
15.326
15.331
15.3401
15.3329
15.3511
15.3432
15.3291
