263.872
240.949
241.227
241.7
242.29
242.763
242.14
242.342
242.015
242.193
241.881
241.817
241.21
241.193
241.221
240.741
240.62
240.093
240.132
239.628
239.614
239.373
239.202
239.158
238.498
238.718
238.575
238.308
237.361
237.467
237.452
237.31
237.122
237.313
236.829
236.926
236.828
236.908
236.758
236.733
236.96
236.803
236.865
236.805
236.877
236.849
236.774
236.883
236.718
236.781
236.725
236.685
236.878
236.772
236.712
236.75
236.78
236.815
236.83
236.821
236.736
236.669
236.774
236.981
236.796
236.762
236.805
236.804
236.763
236.789
236.83
236.85
236.751
236.995
236.947
236.736
236.788
237.079
236.779
236.915
236.819
236.766
236.785
236.994
236.862
236.685
236.889
236.912
236.95
236.92
236.92
236.887
236.918
236.788
236.869
236.914
236.97
236.785
236.726
236.904
