39.2139
39.0821
39.4552
39.6399
39.4349
39.9349
39.6519
39.505
39.6268
39.602
39.3369
39.65
39.412
39.4089
39.7608
39.3751
39.4199
39.6671
39.6881
39.3949
39.7022
39.6931
39.7389
39.0229
39.922
39.391
39.7298
39.345
40.0021
39.0568
39.325
39.397
39.7069
39.7542
39.5949
39.4311
39.2821
39.6721
39.34
39.4819
39.2129
39.397
39.7122
39.7291
39.3741
39.4881
39.5699
39.439
39.6631
39.238
39.402
39.4459
39.1321
39.4349
39.957
39.2821
39.9802
39.3531
39.521
39.69
39.813
39.597
39.772
39.7069
39.8209
39.7201
39.6371
39.763
39.4969
39.793
39.9289
39.4988
39.3791
39.7761
39.752
39.7081
39.7711
39.782
39.423
39.695
39.155
39.1622
39.489
39.3569
39.7439
39.4681
39.681
39.4189
39.645
39.119
39.731
39.53
39.711
39.3789
39.7179
39.1781
39.4621
39.4921
39.721
39.8321
39.536
39.387
39.243
39.331
39.7449
39.3882
39.325
39.3991
39.4499
39.712
39.0551
39.4812
39.7551
39.993
39.304
39.324
39.4571
39.6688
39.7608
39.6681
39.336
39.2828
39.6769
39.2029
39.7739
39.367
39.2032
39.7258
39.9821
39.6819
39.346
39.6159
39.2251
39.7871
39.526
39.5219
39.469
39.7239
39.5091
39.7232
39.494
39.572
39.3672
39.3369
39.499
39.6349
39.3
39.31
39.835
39.2311
39.7341
39.686
39.34
39.335
39.813
39.583
39.5
39.351
39.4459
39.16
39.5739
39.3159
39.13
39.639
39.459
39.397
39.1989
39.3751
39.5908
39.4502
39.7899
39.1171
39.531
39.7611
39.8431
39.5792
39.4449
39.4831
39.1648
39.3071
39.484
39.6769
39.541
39.4568
39.458
39.5601
39.3219
39.68
39.362
39.3841
39.5021
39.8929
39.361
39.551
39.325
39.459
39.4521
39.5341
39.4731
39.7341
39.7532
39.748
39.712
39.5141
39.6738
39.4349
39.685
39.413
39.7859
39.3429
39.6059
39.7811
39.7341
39.5761
39.6059
39.124
39.5381
39.3009
39.5541
39.701
39.412
39.5432
39.6562
39.592
39.897
39.4371
39.813
39.634
39.2799
39.7861
39.269
39.825
39.197
39.0141
39.8121
39.238
39.736
39.748
39.3629
39.119
39.7251
39.4008
39.557
39.2559
39.7422
39.4921
39.618
39.4132
39.5741
39.3319
39.7739
39.068
39.4571
39.7429
39.49
39.8829
39.4628
39.716
40.061
39.407
39.2749
39.757
39.3529
39.5579
39.485
39.474
39.5191
39.274
39.448
39.691
39.3441
39.356
39.346
39.3379
39.783
39.6879
39.5501
39.773
39.52
39.31
39.736
39.5651
39.2878
39.654
39.3939
39.84
39.6209
39.712
39.1738
39.804
39.696
39.382
39.9621
39.767
39.9179
39.2311
39.5
39.695
39.4619
39.408
39.638
39.4199
39.752
39.2232
39.4821
39.361
39.459
39.7511
39.165
39.8149
39.336
39.5498
39.427
39.433
39.4239
39.5038
39.83
39.809
39.2749
39.5069
39.758
39.7179
39.5761
39.855
39.16
39.2749
39.7921
39.6039
39.8791
39.4371
39.9191
39.485
39.2289
39.3569
39.269
39.5861
39.448
39.2911
39.6781
39.3491
39.566
39.5641
39.2501
39.4368
39.2699
39.3939
39.746
39.4549
39.675
39.5091
39.603
39.392
39.7592
39.676
39.4011
39.8331
39.7391
39.5081
39.8231
39.7079
39.788
39.35
39.403
39.4299
39.2129
39.5119
39.7558
39.485
39.4969
39.2599
39.8901
39.839
39.6121
39.557
39.0978
40.0569
39.2799
39.3071
39.8612
39.1631
39.211
39.432
39.525
39.5851
39.83
39.9599
39.34
39.6559
39.362
39.994
39.721
39.7918
39.3209
39.676
39.5501
39.732
39.6161
39.7482
39.145
39.475
39.3269
39.726
39.6872
39.259
39.4058
39.114
39.742
39.319
39.712
39.3269
39.345
39.485
39.7611
39.6481
39.8669
39.1002
39.932
39.465
40.0081
39.6831
39.243
39.8932
39.1631
39.9771
39.325
39.1989
39.4959
39.7289
39.5029
39.7918
39.3369
39.515
39.691
39.7601
39.423
39.881
39.5389
39.475
39.4571
39.413
39.8631
39.577
39.6111
39.839
39.9511
40.0121
39.7949
39.7351
39.6831
39.9432
39.659
39.783
39.3381
39.314
39.825
39.7391
39.664
39.4192
39.9702
39.161
39.6252
39.3481
39.6452
39.0928
39.5911
39.9461
39.901
39.5179
39.9039
39.438
39.799
39.5451
39.732
39.387
39.686
39.5179
39.7029
40.0159
39.541
39.7789
39.7439
40.01
39.7561
39.4681
39.5272
39.362
39.5589
39.551
39.3209
39.6581
39.495
39.484
39.5629
39.583
39.746
39.577
39.892
39.7911
39.4261
39.8681
