12.641
12.61
12.567
12.6102
12.5871
12.574
12.588
12.5701
12.583
12.5871
12.5902
12.5589
12.5711
12.568
12.5859
12.5718
12.604
12.578
12.6131
12.5821
12.5461
12.6061
12.568
12.568
12.5868
12.5608
12.609
12.5899
12.5659
12.5651
12.5952
12.5859
12.63
12.5971
12.599
12.594
12.5959
12.542
12.6369
12.5959
12.6531
12.604
12.569
12.604
12.6379
12.6271
12.5701
12.594
12.568
12.603
12.6259
12.6009
12.5918
12.5999
12.6081
12.5892
12.5539
12.5759
12.5768
12.578
12.5811
12.609
12.562
12.5711
12.5971
12.573
12.5639
12.598
12.5942
12.5608
12.5918
12.6119
12.5818
12.563
12.6121
12.594
12.594
12.5301
12.676
12.567
12.5909
12.578
12.584
12.599
12.5721
12.5759
12.578
12.5921
12.562
12.5651
12.5649
12.5859
12.5871
12.6288
12.6309
12.6231
12.5749
12.584
12.6181
12.615
12.5902
12.598
12.5861
12.574
12.5642
12.6841
12.567
12.583
12.646
12.598
12.5961
12.6491
12.578
12.567
12.598
12.588
12.558
12.567
12.5799
12.584
12.6112
12.5999
12.6052
12.5949
12.5899
12.5861
12.603
12.5771
12.5639
12.578
12.61
12.583
12.6021
12.598
12.6071
12.5649
12.5909
12.574
12.5799
12.589
12.6071
12.594
12.562
12.5868
12.5589
12.5911
12.5811
12.6131
12.615
12.5961
12.5701
12.5899
12.569
12.5799
12.583
12.562
12.5921
12.5849
12.5759
12.5611
12.579
12.6059
12.665
12.589
12.609
12.5828
12.5549
12.5601
12.568
12.578
12.5721
12.589
12.5971
12.563
12.609
12.574
12.5868
12.6119
12.5542
12.5861
12.594
12.5601
12.6982
12.547
12.5751
12.5451
12.579
12.604
12.578
12.625
12.61
12.573
12.5668
12.563
12.6071
12.63
12.5141
12.593
12.588
12.5968
12.583
12.6228
12.614
12.5659
12.6009
12.6071
12.5721
12.5661
12.568
12.6112
12.562
12.5821
12.5921
12.5899
12.5818
12.5721
12.604
12.598
12.583
12.5899
12.6128
12.569
12.604
12.603
12.5949
12.5749
12.5892
12.594
12.5999
12.5721
12.5968
12.568
12.579
12.6011
12.5821
12.563
12.5701
12.5859
12.6009
12.588
12.588
12.614
12.594
12.6121
12.5749
12.5868
12.583
12.604
12.558
12.5749
12.593
12.5742
12.5449
12.6131
12.5971
12.594
12.6121
12.676
12.5902
12.67
12.6159
12.558
12.5999
12.5759
12.5952
12.5849
12.5859
12.599
12.594
12.5921
12.5852
12.5659
12.589
12.61
12.603
12.5611
12.5771
12.5809
12.6159
12.5909
12.5899
12.5859
12.605
12.5761
12.589
12.5649
12.6078
12.5821
12.5809
12.578
12.583
12.605
12.5489
12.578
12.5482
12.573
12.593
12.589
12.6128
12.5959
12.5842
12.574
12.5661
12.6081
12.5971
12.5651
12.5909
12.578
12.569
12.567
12.5589
12.6128
12.5999
12.6061
12.588
12.5949
12.5492
12.5511
12.5909
12.6281
12.604
12.5649
12.579
12.5599
12.599
12.6119
12.5868
12.5439
12.5751
12.599
12.614
12.567
12.5759
12.5701
12.5909
12.599
12.563
12.61
12.6538
12.5542
12.5999
12.6171
12.5861
12.6209
12.5439
12.5849
12.5759
12.6081
12.574
12.6119
12.5721
12.6009
12.5692
12.583
12.578
12.6112
12.584
12.568
12.583
12.6171
12.5599
12.588
12.6081
12.583
12.598
12.584
12.593
12.5811
12.567
12.5999
12.589
12.6021
12.5868
12.5909
12.558
12.598
12.62
12.6419
12.5811
12.5821
12.5859
12.578
12.5699
12.594
12.588
12.5771
12.568
12.5751
12.5921
12.5449
12.5768
12.5809
12.5592
12.5771
12.63
12.6112
12.5461
12.5849
12.6121
12.5771
12.5391
12.5849
12.5709
12.5721
12.6238
12.583
12.562
12.5949
12.5649
12.5902
12.6059
12.563
12.5811
12.5918
12.6009
12.5711
12.5802
12.5821
12.6219
12.589
12.5949
12.604
12.583
12.6131
12.5799
12.6722
12.588
12.5749
12.5768
12.5859
12.609
12.5699
12.573
12.634
12.5771
12.6209
12.6052
12.593
12.5852
12.5639
12.604
12.6169
12.5651
12.6481
12.605
12.584
12.6529
12.578
12.5802
12.5802
12.605
12.5821
12.589
12.5809
12.6121
12.5561
12.574
12.5849
12.5651
12.6009
12.5558
12.5639
12.609
12.603
12.5849
12.619
12.542
12.62
12.5611
12.5861
12.5959
12.583
12.578
12.5721
12.563
12.531
12.6069
12.5608
12.5659
12.598
12.614
12.6071
12.615
12.599
12.5861
12.578
12.5909
12.5411
12.5811
12.593
12.6231
12.6081
12.5461
12.5539
12.5792
12.5661
12.6119
12.6028
12.5828
12.6078
12.604
12.594
12.5651
12.604
12.5711
12.6071
12.61
12.5849
12.5411
12.605
12.5849
12.6162
12.5721
12.573
12.593
12.5918
12.6579
12.5978
12.5799
12.5721
12.6162
12.747
12.6941
12.588
12.5921
12.5799
12.584
12.5601
12.691
12.5749
12.5849
12.5721
12.578
12.5909
12.6171
12.5999
12.6109
12.5849
12.5499
12.563
12.5868
12.5751
12.5661
12.6131
12.557
12.594
12.5761
12.5391
12.598
12.5699
12.573
12.574
12.5661
12.5721
12.5699
12.5718
12.5849
12.579
12.573
12.573
12.584
12.5692
12.578
12.5971
12.6061
12.5999
12.568
12.573
12.568
12.5582
12.599
12.5711
12.548
12.5661
12.603
12.574
12.5999
12.5451
12.5639
12.5701
12.569
12.6631
12.604
12.5768
12.5952
12.6081
12.599
12.63
12.625
12.573
12.5558
12.5551
12.5861
12.5911
12.645
12.573
12.5742
12.609
12.5852
12.578
12.599
12.5999
12.6171
12.598
12.5699
12.5959
12.5518
12.5799
12.5802
12.615
12.5949
12.584
12.5921
12.583
12.5499
12.6002
12.548
12.5701
12.5611
12.6119
12.6181
12.593
12.6231
12.5921
12.5699
12.562
12.583
12.5799
12.6011
12.6109
12.5709
12.6269
12.5751
12.5701
12.6531
12.589
12.5511
12.5511
12.557
12.5611
12.5721
12.569
12.599
12.5918
12.605
12.599
12.5821
12.583
12.568
12.552
12.5849
12.5699
12.5811
12.557
12.5501
12.5451
12.7099
12.5759
12.6069
12.563
12.5721
12.5721
12.6021
12.558
12.538
12.5749
12.5921
12.5742
12.5608
12.5818
12.6059
12.557
12.573
12.5668
12.5608
12.5771
12.5852
12.5911
12.5959
12.5809
12.574
12.5868
12.579
12.5911
12.599
12.5692
12.6081
12.599
12.578
12.5742
12.5721
12.5809
12.5809
12.558
12.5768
12.6019
12.5659
12.6009
12.6021
12.6009
12.593
12.594
12.578
12.5771
12.6832
12.5871
12.562
12.578
12.5642
12.584
12.574
12.5711
12.5742
12.5709
12.603
12.5959
12.6951
12.553
12.67
12.568
12.563
12.6021
12.568
12.5709
12.5661
12.5802
12.569
12.5642
12.6269
12.584
12.5701
12.5799
12.6209
12.573
12.5821
12.603
12.574
12.5611
12.5899
12.6011
12.558
12.5551
12.588
12.578
12.598
12.5651
12.5449
12.5639
12.578
12.5809
12.562
12.6281
12.5771
12.583
12.5971
12.6021
12.563
12.6021
12.5661
12.589
12.574
12.578
12.5561
12.615
12.5661
12.5661
12.614
12.5861
12.5511
12.5999
12.588
12.552
12.579
12.588
12.578
12.6112
12.598
12.61
12.5642
12.5499
12.599
12.5639
12.5971
12.5952
12.5809
12.5558
12.619
12.5868
12.66
12.5818
12.593
12.6169
12.6159
12.5592
12.5749
12.5651
12.568
12.5871
12.6681
12.5711
12.5899
12.5751
12.5821
12.605
12.598
12.5928
12.588
12.5589
12.5759
12.5902
12.538
12.5711
12.5921
12.588
12.516
12.547
12.579
12.5589
12.5501
12.583
12.5721
12.6209
12.605
12.614
12.5692
12.5489
12.5911
12.578
12.588
12.5909
12.609
12.5759
12.5659
12.5809
12.5499
12.6112
12.589
12.553
12.5999
12.5749
12.5799
12.6131
12.5639
12.584
12.6021
12.629
12.553
12.557
12.5501
12.579
12.5842
12.5451
12.6119
12.5649
12.5458
12.5759
12.6162
12.6741
12.5589
12.6381
12.6081
12.5949
12.5849
12.5971
12.579
12.5871
12.5802
12.5771
12.5999
12.619
12.5751
12.5661
12.5651
12.5721
12.5849
12.6181
12.5721
12.583
12.5878
12.5918
12.604
12.5511
12.6081
12.5799
12.5799
12.569
12.6002
12.5999
12.5751
12.5761
12.557
12.5911
12.5799
12.573
12.625
12.5771
12.5861
12.574
12.615
12.574
12.5508
12.5399
12.5749
12.578
12.5921
12.6081
12.588
12.5999
12.5461
12.588
12.599
12.5751
12.5959
12.6832
12.5821
12.5771
12.593
12.5902
12.584
12.5961
12.588
12.5692
12.574
12.5749
12.5589
12.5601
12.5721
12.5661
12.5949
12.5711
12.593
12.5911
12.583
12.5761
12.5442
12.5959
12.557
12.5751
12.5811
12.574
12.5771
12.5802
12.598
12.619
12.5871
12.579
12.5899
12.588
12.5489
12.5761
12.5461
12.594
12.598
12.5661
12.563
12.6638
12.5461
12.686
12.5859
12.599
12.5639
12.5999
12.5821
12.615
12.5911
12.563
12.5842
12.599
12.5821
12.569
12.583
12.5921
12.5902
12.5799
12.5859
12.6059
12.5589
12.5849
12.594
12.563
12.5751
12.5849
12.6421
12.5961
12.5749
12.5792
12.6019
12.5978
12.598
12.6491
12.553
12.5391
12.5899
12.6209
12.5561
12.588
12.5921
12.5751
12.5611
12.599
