33.1891
33.4561
33.457
33.4561
33.4539
33.4558
33.4311
33.231
33.2451
33.2229
33.21
33.221
33.2241
33.2282
33.2251
33.2201
33.2341
33.2191
33.2291
33.2451
33.217
33.252
33.215
33.2131
33.2191
33.2339
33.2201
33.2379
33.2291
33.2491
33.2551
33.2479
33.2408
33.2379
33.2258
33.231
33.2329
33.2179
33.2291
33.246
33.237
33.2499
33.268
33.2608
33.247
33.252
33.246
33.2441
33.257
33.2432
33.2339
33.222
33.227
33.2379
33.2401
33.2332
33.2391
33.2301
33.222
33.2291
33.241
33.2391
33.2341
33.237
33.2408
33.237
33.2382
33.2439
33.2289
33.237
33.247
33.2501
33.253
33.2358
33.231
33.237
33.2482
33.221
33.2272
33.247
33.2561
33.2611
33.2601
33.2551
33.232
33.2322
33.242
33.2491
33.252
33.2451
33.2291
33.2451
33.237
33.237
33.2389
33.2451
33.253
33.247
33.2489
33.262
33.2549
33.2339
33.2592
33.2429
33.2389
33.2501
33.2501
33.2401
33.2401
33.2429
33.241
33.2558
33.252
33.242
33.253
33.2401
33.253
33.241
33.2348
33.2422
33.251
33.252
33.251
33.251
33.2601
33.2701
33.272
33.277
33.253
33.2499
33.2398
33.2479
33.2651
33.247
33.2649
33.252
33.2379
33.237
33.226
33.246
33.2661
33.2639
33.2561
33.252
33.232
33.237
33.2289
33.2379
33.2391
33.2429
33.2401
33.231
33.2329
33.2491
33.231
33.2332
33.2189
33.2189
33.2241
33.2482
33.2379
33.222
33.211
33.2329
33.2332
33.232
33.236
33.2372
33.226
33.253
33.236
33.2351
33.2351
33.246
33.2332
33.2351
33.2339
33.2069
33.2141
33.2301
33.2351
33.2091
33.2091
33.221
33.221
33.2229
33.2341
33.227
33.2291
33.2291
33.241
33.2429
33.2451
33.226
33.2372
33.236
33.2341
33.2401
33.2232
33.237
33.2432
33.231
33.2389
33.2389
33.2198
33.2069
33.2091
33.206
33.221
33.2119
33.2301
33.2301
33.2181
33.215
33.2129
33.226
33.2189
33.2251
33.2291
33.227
33.246
33.2539
33.237
33.232
33.232
33.231
33.2282
33.2451
33.2301
33.232
33.2408
33.241
33.232
33.236
33.2429
33.247
33.2429
33.2322
33.2329
33.2382
33.2391
33.2329
33.252
33.221
33.2339
33.2439
33.237
33.232
33.237
33.237
33.2611
33.2279
33.2348
33.257
33.2379
33.2391
33.2351
33.2301
33.2391
33.2479
33.2718
33.215
33.2301
33.2379
33.2391
33.2301
33.221
33.2198
33.2229
33.2282
33.2339
33.2329
33.2251
33.211
33.217
33.237
33.2289
33.2201
33.2201
33.2229
33.241
33.2282
33.2341
33.217
33.2508
33.2348
33.2229
33.226
33.2541
33.231
33.236
33.2239
33.222
33.2229
33.227
33.2329
33.216
33.2179
33.217
33.2339
33.2339
33.221
33.226
33.2282
33.215
33.2479
33.211
33.2019
33.222
33.2139
33.2201
33.232
33.2282
33.227
33.2229
33.2191
33.215
33.2282
33.21
33.2179
33.2041
33.2248
33.2119
33.1941
33.2069
33.211
33.2189
33.2201
33.2139
33.2069
33.2119
33.2229
33.2229
33.227
33.215
33.2088
33.221
33.221
33.217
33.2298
33.2148
33.2239
33.2291
33.236
33.2401
33.216
33.206
33.226
33.2229
33.217
33.231
33.2129
33.2179
33.211
33.2119
33.2232
33.2129
33.215
33.2201
33.201
33.2119
33.2189
33.2229
33.2172
33.1979
33.2022
33.21
33.1981
33.201
33.2088
33.2022
33.222
33.2122
33.221
33.2341
33.2301
33.2189
33.2201
33.222
33.2191
33.2119
33.2229
33.2282
33.222
33.222
33.2141
33.2201
33.2141
33.215
33.2191
33.232
33.2232
33.2119
33.2148
33.2189
33.2022
33.2019
33.215
33.222
33.2301
33.215
33.2229
33.241
33.237
33.2119
33.227
33.227
33.221
33.246
33.252
33.253
33.226
33.2439
33.2382
33.242
33.2301
33.226
33.2282
33.2339
33.231
33.2391
33.2451
33.252
33.273
33.263
33.2501
33.2642
33.2611
33.2479
33.2379
33.2441
33.2541
33.2549
33.2708
33.2642
33.253
33.267
33.2339
33.2499
33.247
33.252
33.2389
33.2561
33.2661
33.2539
33.267
33.2701
33.277
33.2711
33.2651
33.2551
33.2658
33.262
33.2611
33.2601
33.253
33.247
33.2479
33.2661
33.2611
33.2811
33.2799
33.2739
33.2582
33.258
33.2429
33.2739
33.2451
33.242
33.2448
33.2301
33.2372
33.241
33.252
33.2601
33.251
33.237
33.2379
33.2601
33.2611
33.2589
33.2432
33.2639
33.2701
33.2811
33.2541
33.2439
33.2482
33.231
33.226
33.2561
33.2499
33.2448
33.2489
33.252
33.2539
33.2649
33.267
33.2611
33.2639
33.241
33.2451
33.2451
33.258
33.2491
33.2479
33.2448
33.257
33.251
33.237
33.2558
33.273
33.267
33.246
33.2441
33.247
33.2861
33.2379
33.247
33.253
33.262
33.241
33.247
33.2458
33.251
33.2479
33.262
33.2558
33.2558
33.2558
33.263
33.2689
33.2589
33.253
33.2549
33.2432
33.2489
33.2422
33.2499
33.2489
33.2429
33.253
33.257
33.2561
33.251
33.2682
33.2549
33.2489
33.253
33.2558
33.2379
33.251
33.247
33.232
33.2451
33.2441
33.252
33.242
33.2401
33.2379
33.263
33.258
33.2491
33.2451
33.246
33.2429
33.237
33.232
33.217
33.221
33.231
33.2341
33.222
33.246
33.221
33.2191
33.2391
33.205
33.2191
33.231
33.2339
33.2129
33.2232
33.2279
33.2391
33.231
33.2401
33.2291
33.2251
33.222
33.232
33.2229
33.2482
33.217
33.2081
33.226
33.231
33.2339
33.231
33.232
33.237
33.2448
33.232
33.2439
33.2551
33.2482
33.2401
33.2379
33.2532
33.2539
33.2539
33.247
33.2439
33.2301
33.231
33.2592
33.2689
33.2539
33.232
33.242
33.236
33.237
33.231
33.2201
33.226
33.2429
33.2558
33.2532
33.257
33.251
33.246
33.258
33.242
33.2649
33.2479
33.2699
33.262
33.251
33.242
33.2532
33.258
33.2761
33.2539
33.258
33.2551
33.242
33.2508
33.263
33.2639
33.2489
33.252
33.2708
33.246
33.2549
33.2532
33.2589
33.258
33.2251
33.2351
33.236
33.2441
33.236
33.2689
33.2448
33.2489
33.2561
33.2382
33.2398
33.2439
33.2291
33.2379
33.242
33.2451
33.2351
33.247
33.2351
33.2391
33.2341
33.2429
33.231
33.242
33.237
33.222
33.2251
33.2248
33.2179
33.227
33.211
33.2251
33.216
33.217
33.206
33.2201
33.2241
33.2232
33.222
33.226
33.2329
33.215
33.2091
33.2301
33.2329
33.211
33.2301
33.232
33.2341
33.232
33.2081
33.2191
33.21
33.2081
33.217
33.227
33.2179
33.2241
33.2129
33.2398
33.2222
33.211
33.216
33.217
33.231
33.2229
33.2329
33.2282
33.222
33.2119
33.2139
33.2119
33.222
33.226
33.2119
33.232
33.21
33.2291
33.227
33.227
33.2129
33.2091
33.2232
33.2239
33.2351
33.2239
33.236
33.2348
33.2079
33.211
33.2201
33.2398
33.2298
33.2229
33.242
33.2408
33.2429
33.2181
33.2379
33.2191
33.231
33.2201
33.2329
33.2289
33.2291
33.242
33.2251
33.2329
33.217
33.227
33.2239
33.227
33.2329
33.246
33.2451
33.2758
33.222
33.2451
33.2401
33.236
33.227
33.2429
33.2322
33.2439
33.2289
33.2241
33.231
33.2248
33.2139
33.2141
33.221
33.2179
33.2222
33.211
33.2341
33.2301
33.231
33.232
33.252
33.2439
33.236
33.2282
33.2241
33.236
33.2019
33.222
33.236
33.232
33.236
33.21
33.206
33.216
33.2191
33.2289
33.2239
33.2012
33.2119
33.211
33.211
33.2289
33.2282
33.221
33.2232
33.2031
33.2119
33.1931
33.205
33.196
33.21
33.206
33.211
33.2229
33.247
33.232
33.215
33.2432
33.2479
33.2401
33.2282
33.236
33.2191
33.2251
33.226
33.2232
33.2451
33.222
33.227
33.222
33.2251
33.2451
33.2329
33.2241
33.227
33.2439
33.2541
33.2429
33.2389
33.2682
33.2489
33.251
33.241
33.2332
33.2241
33.253
33.251
33.2341
33.236
33.241
33.257
33.2491
33.252
33.237
33.2332
33.231
33.222
33.232
33.2279
33.2479
33.2692
33.251
33.2589
33.2351
33.227
33.2382
33.2141
33.2351
33.2389
33.2239
33.216
33.2148
33.2189
33.2282
33.2251
33.2391
33.2479
33.2241
33.2191
33.206
33.2131
33.2141
33.217
33.2239
33.2291
33.226
33.2229
33.2341
33.2088
33.231
33.227
33.2382
33.2379
33.2382
33.236
33.236
33.2391
33.2289
33.2379
33.236
33.237
33.2248
33.2189
33.241
33.2191
33.231
33.2391
33.2279
33.2479
33.2391
33.241
33.236
33.227
33.2239
33.2401
33.2322
33.2339
33.242
33.2439
33.2541
33.257
33.257
33.2448
33.2541
33.2661
33.251
33.236
33.237
33.2329
33.2391
33.236
33.237
33.241
33.2291
33.231
33.2298
33.216
33.232
33.2391
33.242
33.2351
33.237
33.2389
33.2541
33.2332
33.221
33.2191
33.2379
33.231
33.2398
33.2448
33.242
33.246
33.231
33.227
33.226
33.2322
33.2448
33.2229
33.236
33.2439
33.217
33.236
33.2339
33.2239
33.2308
33.237
33.237
33.241
33.2391
33.2379
33.2339
33.2332
33.2289
33.2298
33.2379
33.2241
33.221
33.2379
33.2589
33.2479
33.2282
33.247
33.247
33.242
