4.44288301467895507812500000000000
4.43854188919067382812500000000000
4.43420124053955078125000000000000
4.42986011505126953125000000000000
4.42551946640014648437500000000000
4.42117881774902343750000000000000
4.41683769226074218750000000000000
4.41249704360961914062500000000000
4.40815591812133789062500000000000
4.40381526947021484375000000000000
4.39947414398193359375000000000000
4.39513349533081054687500000000000
4.39079236984252929687500000000000
4.38645172119140625000000000000000
4.38211107254028320312500000000000
4.37776994705200195312500000000000
4.37342929840087890625000000000000
4.36908817291259765625000000000000
4.36474704742431640625000000000000
4.36040639877319335937500000000000
4.35606527328491210937500000000000
4.35172462463378906250000000000000
4.34738397598266601562500000000000
4.34304285049438476562500000000000
4.33870220184326171875000000000000
4.33436107635498046875000000000000
4.33001995086669921875000000000000
4.32567930221557617187500000000000
4.32133865356445312500000000000000
4.31699800491333007812500000000000
4.31265687942504882812500000000000
4.30831575393676757812500000000000
4.30397510528564453125000000000000
4.29963445663452148437500000000000
4.29529285430908203125000000000000
4.29095220565795898437500000000000
4.28661155700683593750000000000000
4.28227090835571289062500000000000
4.27792978286743164062500000000000
4.27358913421630859375000000000000
4.26924800872802734375000000000000
4.26490736007690429687500000000000
4.26056623458862304687500000000000
4.25622558593750000000000000000000
4.25188446044921875000000000000000
4.24754381179809570312500000000000
4.24320316314697265625000000000000
4.23886203765869140625000000000000
4.23452091217041015625000000000000
4.23018026351928710937500000000000
4.22583913803100585937500000000000
4.22149848937988281250000000000000
4.21715736389160156250000000000000
4.21281671524047851562500000000000
4.20847606658935546875000000000000
4.20413494110107421875000000000000
4.19979429244995117187500000000000
4.19545316696166992187500000000000
4.19111204147338867187500000000000
4.18677139282226562500000000000000
4.18243074417114257812500000000000
4.17809009552001953125000000000000
4.17374897003173828125000000000000
4.16940784454345703125000000000000
4.16506719589233398437500000000000
4.16072607040405273437500000000000
4.15638542175292968750000000000000
4.15204429626464843750000000000000
4.14770364761352539062500000000000
4.14336252212524414062500000000000
4.13902187347412109375000000000000
4.13468074798583984375000000000000
4.13034009933471679687500000000000
4.12599945068359375000000000000000
4.12165832519531250000000000000000
4.11731719970703125000000000000000
4.11297655105590820312500000000000
4.10863590240478515625000000000000
4.10429525375366210937500000000000
4.09995412826538085937500000000000
4.09561300277709960937500000000000
4.09127235412597656250000000000000
4.08693122863769531250000000000000
4.08259057998657226562500000000000
4.07824993133544921875000000000000
4.07390880584716796875000000000000
4.06956815719604492187500000000000
4.06522703170776367187500000000000
4.06088638305664062500000000000000
4.05654525756835937500000000000000
4.05220460891723632812500000000000
4.04786348342895507812500000000000
4.04352283477783203125000000000000
4.03918218612670898437500000000000
4.03484106063842773437500000000000
4.03049993515014648437500000000000
4.02615928649902343750000000000000
4.02181863784790039062500000000000
4.01747751235961914062500000000000
4.01313638687133789062500000000000
4.00879573822021484375000000000000
4.00445508956909179687500000000000
4.00011396408081054687500000000000
3.99577307701110839843750000000000
3.99143218994140625000000000000000
3.98709154129028320312500000000000
3.98275041580200195312500000000000
3.97840952873229980468750000000000
3.97406888008117675781250000000000
3.96972799301147460937500000000000
3.96538710594177246093750000000000
3.96104598045349121093750000000000
3.95670533180236816406250000000000
3.95236444473266601562500000000000
3.94802331924438476562500000000000
3.94368243217468261718750000000000
3.93934178352355957031250000000000
3.93500089645385742187500000000000
3.93066024780273437500000000000000
3.92631912231445312500000000000000
3.92197823524475097656250000000000
3.91763758659362792968750000000000
3.91329646110534667968750000000000
3.90895557403564453125000000000000
3.90461492538452148437500000000000
3.90027403831481933593750000000000
3.89593315124511718750000000000000
3.89159202575683593750000000000000
3.88725137710571289062500000000000
3.88291049003601074218750000000000
3.87856936454772949218750000000000
3.87422871589660644531250000000000
3.86988782882690429687500000000000
3.86554694175720214843750000000000
3.86120629310607910156250000000000
3.85686516761779785156250000000000
3.85252451896667480468750000000000
3.84818363189697265625000000000000
3.84384250640869140625000000000000
3.83950161933898925781250000000000
3.83516073226928710937500000000000
3.83082008361816406250000000000000
3.82647919654846191406250000000000
3.82213830947875976562500000000000
3.81779742240905761718750000000000
3.81345677375793457031250000000000
3.80911564826965332031250000000000
3.80477476119995117187500000000000
3.80043387413024902343750000000000
3.79609322547912597656250000000000
3.79175233840942382812500000000000
3.78741121292114257812500000000000
3.78307032585144042968750000000000
3.77872967720031738281250000000000
3.77438855171203613281250000000000
3.77004766464233398437500000000000
3.76570701599121093750000000000000
3.76136612892150878906250000000000
3.75702548027038574218750000000000
3.75268411636352539062500000000000
3.74834346771240234375000000000000
3.74400258064270019531250000000000
3.73966145515441894531250000000000
3.73532080650329589843750000000000
3.73097991943359375000000000000000
3.72663903236389160156250000000000
3.72229838371276855468750000000000
3.71795725822448730468750000000000
3.71361637115478515625000000000000
3.70927572250366210937500000000000
3.70493459701538085937500000000000
3.70059370994567871093750000000000
3.69625282287597656250000000000000
3.69191217422485351562500000000000
3.68757128715515136718750000000000
3.68323016166687011718750000000000
3.67888951301574707031250000000000
3.67454862594604492187500000000000
3.67020750045776367187500000000000
3.66586685180664062500000000000000
3.66152596473693847656250000000000
3.65718531608581542968750000000000
3.65284442901611328125000000000000
3.64850330352783203125000000000000
3.64416241645812988281250000000000
3.63982176780700683593750000000000
3.63548064231872558593750000000000
3.63113975524902343750000000000000
3.62679910659790039062500000000000
3.62245821952819824218750000000000
3.61811733245849609375000000000000
3.61377620697021484375000000000000
3.60943555831909179687500000000000
3.60509467124938964843750000000000
3.60075354576110839843750000000000
3.59641265869140625000000000000000
3.59207201004028320312500000000000
3.58773136138916015625000000000000
3.58339047431945800781250000000000
3.57904934883117675781250000000000
3.57470870018005371093750000000000
3.57036781311035156250000000000000
3.56602668762207031250000000000000
3.56168580055236816406250000000000
3.55734515190124511718750000000000
3.55300426483154296875000000000000
3.54866361618041992187500000000000
3.54432225227355957031250000000000
3.53998160362243652343750000000000
3.53564095497131347656250000000000
3.53129959106445312500000000000000
3.52695894241333007812500000000000
3.52261805534362792968750000000000
3.51827716827392578125000000000000
3.51393651962280273437500000000000
3.50959539413452148437500000000000
3.50525450706481933593750000000000
3.50091385841369628906250000000000
3.49657273292541503906250000000000
3.49223184585571289062500000000000
3.48789119720458984375000000000000
3.48355031013488769531250000000000
3.47920966148376464843750000000000
3.47486853599548339843750000000000
3.47052764892578125000000000000000
3.46618676185607910156250000000000
3.46184563636779785156250000000000
3.45750474929809570312500000000000
3.45316410064697265625000000000000
3.44882321357727050781250000000000
3.44448256492614746093750000000000
3.44014143943786621093750000000000
3.43580055236816406250000000000000
3.43145990371704101562500000000000
3.42711877822875976562500000000000
3.42277789115905761718750000000000
3.41843724250793457031250000000000
3.41409635543823242187500000000000
3.40975546836853027343750000000000
3.40541434288024902343750000000000
3.40107369422912597656250000000000
3.39673280715942382812500000000000
3.39239168167114257812500000000000
3.38805079460144042968750000000000
3.38371014595031738281250000000000
3.37936925888061523437500000000000
3.37502837181091308593750000000000
3.37068748474121093750000000000000
3.36634659767150878906250000000000
3.36200571060180664062500000000000
3.35766458511352539062500000000000
3.35332393646240234375000000000000
3.34898328781127929687500000000000
3.34464240074157714843750000000000
3.34030151367187500000000000000000
3.33596038818359375000000000000000
3.33161950111389160156250000000000
3.32727885246276855468750000000000
3.32293772697448730468750000000000
3.31859707832336425781250000000000
3.31425619125366210937500000000000
3.30991530418395996093750000000000
3.30557465553283691406250000000000
3.30123353004455566406250000000000
3.29689288139343261718750000000000
3.29255199432373046875000000000000
3.28821086883544921875000000000000
3.28386998176574707031250000000000
3.27952933311462402343750000000000
3.27518844604492187500000000000000
3.27084755897521972656250000000000
3.26650643348693847656250000000000
3.26216578483581542968750000000000
3.25782489776611328125000000000000
3.25348377227783203125000000000000
3.24914312362670898437500000000000
3.24480223655700683593750000000000
3.24046134948730468750000000000000
3.23612070083618164062500000000000
3.23177957534790039062500000000000
3.22743868827819824218750000000000
3.22309803962707519531250000000000
3.21875667572021484375000000000000
3.21441602706909179687500000000000
3.21007537841796875000000000000000
3.20573449134826660156250000000000
3.20139360427856445312500000000000
3.19705247879028320312500000000000
3.19271183013916015625000000000000
3.18837094306945800781250000000000
3.18402981758117675781250000000000
3.17968916893005371093750000000000
3.17534828186035156250000000000000
3.17100739479064941406250000000000
3.16666650772094726562500000000000
3.16232562065124511718750000000000
3.15798473358154296875000000000000
3.15364408493041992187500000000000
3.14930295944213867187500000000000
3.14496207237243652343750000000000
3.14062118530273437500000000000000
3.13628029823303222656250000000000
3.13193964958190917968750000000000
3.12759852409362792968750000000000
3.12325787544250488281250000000000
3.11891698837280273437500000000000
3.11457586288452148437500000000000
3.11023497581481933593750000000000
3.10589432716369628906250000000000
3.10155344009399414062500000000000
3.09721279144287109375000000000000
3.09287166595458984375000000000000
3.08853077888488769531250000000000
3.08418989181518554687500000000000
3.07984900474548339843750000000000
3.07550811767578125000000000000000
3.07116723060607910156250000000000
3.06682658195495605468750000000000
3.06248569488525390625000000000000
3.05814456939697265625000000000000
3.05380392074584960937500000000000
3.04946303367614746093750000000000
3.04512190818786621093750000000000
3.04078125953674316406250000000000
3.03644037246704101562500000000000
3.03209972381591796875000000000000
3.02775883674621582031250000000000
3.02341771125793457031250000000000
3.01907682418823242187500000000000
3.01473593711853027343750000000000
3.01039505004882812500000000000000
3.00605416297912597656250000000000
3.00171351432800292968750000000000
2.99737238883972167968750000000000
2.99303174018859863281250000000000
2.98869061470031738281250000000000
2.98434972763061523437500000000000
2.98000907897949218750000000000000
2.97566795349121093750000000000000
2.97132706642150878906250000000000
2.96698641777038574218750000000000
2.96264553070068359375000000000000
2.95830488204956054687500000000000
2.95396375656127929687500000000000
2.94962286949157714843750000000000
2.94528198242187500000000000000000
2.94094085693359375000000000000000
2.93660020828247070312500000000000
2.93225932121276855468750000000000
2.92791843414306640625000000000000
2.92357778549194335937500000000000
2.91923666000366210937500000000000
2.91489577293395996093750000000000
2.91055512428283691406250000000000
2.90621399879455566406250000000000
2.90187311172485351562500000000000
2.89753246307373046875000000000000
2.89319157600402832031250000000000
2.88885068893432617187500000000000
2.88450980186462402343750000000000
2.88016891479492187500000000000000
2.87582802772521972656250000000000
2.87148690223693847656250000000000
2.86714625358581542968750000000000
2.86280536651611328125000000000000
2.85846471786499023437500000000000
2.85412383079528808593750000000000
2.84978270530700683593750000000000
2.84544205665588378906250000000000
2.84110093116760253906250000000000
2.83676004409790039062500000000000
2.83241915702819824218750000000000
2.82807850837707519531250000000000
2.82373762130737304687500000000000
2.81939673423767089843750000000000
2.81505584716796875000000000000000
2.81071496009826660156250000000000
2.80637407302856445312500000000000
2.80203318595886230468750000000000
2.79769229888916015625000000000000
2.79335141181945800781250000000000
2.78901076316833496093750000000000
2.78466963768005371093750000000000
2.78032875061035156250000000000000
2.77598810195922851562500000000000
2.77164721488952636718750000000000
2.76730632781982421875000000000000
2.76296520233154296875000000000000
2.75862455368041992187500000000000
2.75428366661071777343750000000000
2.74994277954101562500000000000000
2.74560189247131347656250000000000
2.74126100540161132812500000000000
2.73692011833190917968750000000000
2.73257923126220703125000000000000
2.72823834419250488281250000000000
2.72389745712280273437500000000000
2.71955680847167968750000000000000
2.71521568298339843750000000000000
2.71087479591369628906250000000000
2.70653390884399414062500000000000
2.70219326019287109375000000000000
2.69785237312316894531250000000000
2.69351124763488769531250000000000
2.68917059898376464843750000000000
2.68482971191406250000000000000000
2.68048882484436035156250000000000
2.67614793777465820312500000000000
2.67180705070495605468750000000000
2.66746640205383300781250000000000
2.66312527656555175781250000000000
2.65878438949584960937500000000000
2.65444350242614746093750000000000
2.65010285377502441406250000000000
2.64576172828674316406250000000000
2.64142084121704101562500000000000
2.63707995414733886718750000000000
2.63273930549621582031250000000000
2.62839818000793457031250000000000
2.62405729293823242187500000000000
2.61971664428710937500000000000000
2.61537575721740722656250000000000
2.61103487014770507812500000000000
2.60669398307800292968750000000000
2.60235309600830078125000000000000
2.59801220893859863281250000000000
2.59367132186889648437500000000000
2.58933019638061523437500000000000
2.58498954772949218750000000000000
2.58064889907836914062500000000000
2.57630777359008789062500000000000
2.57196688652038574218750000000000
2.56762599945068359375000000000000
2.56328535079956054687500000000000
2.55894422531127929687500000000000
2.55460333824157714843750000000000
2.55026268959045410156250000000000
2.54592180252075195312500000000000
2.54158091545104980468750000000000
2.53723978996276855468750000000000
2.53289914131164550781250000000000
2.52855849266052246093750000000000
2.52421736717224121093750000000000
2.51987648010253906250000000000000
2.51553559303283691406250000000000
2.51119494438171386718750000000000
2.50685381889343261718750000000000
2.50251293182373046875000000000000
2.49817204475402832031250000000000
2.49383139610290527343750000000000
2.48949050903320312500000000000000
2.48514938354492187500000000000000
2.48080873489379882812500000000000
2.47646784782409667968750000000000
2.47212696075439453125000000000000
2.46778607368469238281250000000000
2.46344518661499023437500000000000
2.45910429954528808593750000000000
2.45476341247558593750000000000000
2.45042252540588378906250000000000
2.44608163833618164062500000000000
2.44174075126647949218750000000000
2.43739986419677734375000000000000
2.43305897712707519531250000000000
2.42871809005737304687500000000000
2.42437744140625000000000000000000
2.42003631591796875000000000000000
2.41569542884826660156250000000000
2.41135454177856445312500000000000
2.40701389312744140625000000000000
2.40267300605773925781250000000000
2.39833188056945800781250000000000
2.39399123191833496093750000000000
2.38965034484863281250000000000000
2.38530945777893066406250000000000
2.38096857070922851562500000000000
2.37662768363952636718750000000000
2.37228703498840332031250000000000
2.36794590950012207031250000000000
2.36360502243041992187500000000000
2.35926413536071777343750000000000
2.35492348670959472656250000000000
2.35058236122131347656250000000000
2.34624147415161132812500000000000
2.34190058708190917968750000000000
2.33755993843078613281250000000000
2.33321905136108398437500000000000
2.32887816429138183593750000000000
2.32453727722167968750000000000000
2.32019639015197753906250000000000
2.31585550308227539062500000000000
2.31151461601257324218750000000000
2.30717372894287109375000000000000
2.30283308029174804687500000000000
2.29849195480346679687500000000000
2.29415106773376464843750000000000
2.28981018066406250000000000000000
2.28546953201293945312500000000000
2.28112840652465820312500000000000
2.27678751945495605468750000000000
2.27244663238525390625000000000000
2.26810598373413085937500000000000
2.26376509666442871093750000000000
2.25942397117614746093750000000000
2.25508332252502441406250000000000
2.25074243545532226562500000000000
2.24640154838562011718750000000000
2.24206066131591796875000000000000
2.23771977424621582031250000000000
2.23337888717651367187500000000000
2.22903800010681152343750000000000
2.22469711303710937500000000000000
2.22035622596740722656250000000000
2.21601557731628417968750000000000
2.21167445182800292968750000000000
2.20733356475830078125000000000000
2.20299291610717773437500000000000
2.19865202903747558593750000000000
2.19431090354919433593750000000000
2.18997001647949218750000000000000
2.18562936782836914062500000000000
2.18128848075866699218750000000000
2.17694759368896484375000000000000
2.17260646820068359375000000000000
2.16826581954956054687500000000000
2.16392517089843750000000000000000
2.15958404541015625000000000000000
2.15524315834045410156250000000000
2.15090227127075195312500000000000
2.14656162261962890625000000000000
2.14222073554992675781250000000000
2.13787961006164550781250000000000
2.13353872299194335937500000000000
2.12919807434082031250000000000000
2.12485718727111816406250000000000
2.12051606178283691406250000000000
2.11617541313171386718750000000000
2.11183452606201171875000000000000
2.10749363899230957031250000000000
2.10315251350402832031250000000000
2.09881186485290527343750000000000
2.09447097778320312500000000000000
2.09013009071350097656250000000000
2.08578920364379882812500000000000
2.08144831657409667968750000000000
2.07710742950439453125000000000000
2.07276654243469238281250000000000
2.06842565536499023437500000000000
2.06408476829528808593750000000000
2.05974411964416503906250000000000
2.05540323257446289062500000000000
2.05106210708618164062500000000000
2.04672145843505859375000000000000
2.04238057136535644531250000000000
2.03803968429565429687500000000000
2.03369879722595214843750000000000
2.02935791015625000000000000000000
2.02501726150512695312500000000000
2.02067613601684570312500000000000
2.01633524894714355468750000000000
2.01199436187744140625000000000000
2.00765347480773925781250000000000
2.00331258773803710937500000000000
1.99897170066833496093750000000000
1.99463093280792236328125000000000
1.99029016494750976562500000000000
1.98594915866851806640625000000000
1.98160827159881591796875000000000
1.97726750373840332031250000000000
1.97292661666870117187500000000000
1.96858572959899902343750000000000
1.96424472332000732421875000000000
1.95990395545959472656250000000000
1.95556318759918212890625000000000
1.95122218132019042968750000000000
1.94688129425048828125000000000000
1.94254040718078613281250000000000
1.93819963932037353515625000000000
1.93385875225067138671875000000000
1.92951774597167968750000000000000
1.92517697811126708984375000000000
1.92083621025085449218750000000000
1.91649520397186279296875000000000
1.91215431690216064453125000000000
1.90781354904174804687500000000000
1.90347278118133544921875000000000
1.89913177490234375000000000000000
1.89479076862335205078125000000000
1.89045000076293945312500000000000
1.88610923290252685546875000000000
1.88176822662353515625000000000000
1.87742733955383300781250000000000
1.87308657169342041015625000000000
1.86874568462371826171875000000000
1.86440479755401611328125000000000
1.86006379127502441406250000000000
1.85572302341461181640625000000000
1.85138225555419921875000000000000
1.84704124927520751953125000000000
1.84270036220550537109375000000000
1.83835959434509277343750000000000
1.83401870727539062500000000000000
1.82967782020568847656250000000000
1.82533681392669677734375000000000
1.82099604606628417968750000000000
1.81665527820587158203125000000000
1.81231427192687988281250000000000
1.80797326564788818359375000000000
1.80363249778747558593750000000000
1.79929172992706298828125000000000
1.79495084285736083984375000000000
1.79060983657836914062500000000000
1.78626906871795654296875000000000
1.78192830085754394531250000000000
1.77758729457855224609375000000000
1.77324640750885009765625000000000
1.76890552043914794921875000000000
1.76456475257873535156250000000000
1.76022386550903320312500000000000
1.75588285923004150390625000000000
1.75154209136962890625000000000000
1.74720132350921630859375000000000
1.74286031723022460937500000000000
1.73851943016052246093750000000000
1.73417866230010986328125000000000
1.72983777523040771484375000000000
1.72549688816070556640625000000000
1.72115588188171386718750000000000
1.71681511402130126953125000000000
1.71247434616088867187500000000000
1.70813333988189697265625000000000
1.70379233360290527343750000000000
1.69945168495178222656250000000000
1.69511079788208007812500000000000
1.69076991081237792968750000000000
1.68642890453338623046875000000000
1.68208813667297363281250000000000
1.67774736881256103515625000000000
1.67340636253356933593750000000000
1.66906547546386718750000000000000
1.66472458839416503906250000000000
1.66038382053375244140625000000000
1.65604293346405029296875000000000
1.65170192718505859375000000000000
1.64736115932464599609375000000000
1.64302039146423339843750000000000
1.63867938518524169921875000000000
1.63433849811553955078125000000000
1.62999761104583740234375000000000
1.62565684318542480468750000000000
1.62131595611572265625000000000000
1.61697494983673095703125000000000
1.61263418197631835937500000000000
1.60829341411590576171875000000000
1.60395240783691406250000000000000
1.59961140155792236328125000000000
1.59527063369750976562500000000000
1.59092998504638671875000000000000
1.58658897876739501953125000000000
1.58224797248840332031250000000000
1.57790720462799072265625000000000
1.57356631755828857421875000000000
1.56922543048858642578125000000000
1.56488442420959472656250000000000
1.56054377555847167968750000000000
1.55620288848876953125000000000000
1.55186200141906738281250000000000
1.54752099514007568359375000000000
1.54318022727966308593750000000000
1.53883934020996093750000000000000
1.53449845314025878906250000000000
1.53015744686126708984375000000000
1.52581667900085449218750000000000
1.52147591114044189453125000000000
1.51713502407073974609375000000000
1.51279401779174804687500000000000
1.50845324993133544921875000000000
1.50411248207092285156250000000000
1.49977147579193115234375000000000
1.49543046951293945312500000000000
1.49108970165252685546875000000000
1.48674893379211425781250000000000
1.48240804672241210937500000000000
1.47806704044342041015625000000000
1.47372627258300781250000000000000
1.46938538551330566406250000000000
1.46504449844360351562500000000000
1.46070349216461181640625000000000
1.45636272430419921875000000000000
1.45202195644378662109375000000000
1.44768095016479492187500000000000
1.44334006309509277343750000000000
1.43899929523468017578125000000000
1.43465840816497802734375000000000
1.43031752109527587890625000000000
1.42597651481628417968750000000000
1.42163574695587158203125000000000
1.41729497909545898437500000000000
1.41295397281646728515625000000000
1.40861308574676513671875000000000
1.40427231788635253906250000000000
1.39993143081665039062500000000000
1.39559054374694824218750000000000
1.39124965667724609375000000000000
1.38690876960754394531250000000000
1.38256788253784179687500000000000
1.37822699546813964843750000000000
1.37388610839843750000000000000000
1.36954534053802490234375000000000
1.36520445346832275390625000000000
1.36086356639862060546875000000000
1.35652267932891845703125000000000
1.35218179225921630859375000000000
1.34784090518951416015625000000000
1.34350001811981201171875000000000
1.33915913105010986328125000000000
1.33481836318969726562500000000000
1.33047747611999511718750000000000
1.32613658905029296875000000000000
1.32179570198059082031250000000000
1.31745481491088867187500000000000
1.31311392784118652343750000000000
1.30877304077148437500000000000000
1.30443215370178222656250000000000
1.30009138584136962890625000000000
1.29575049877166748046875000000000
1.29140961170196533203125000000000
1.28706872463226318359375000000000
1.28272783756256103515625000000000
1.27838695049285888671875000000000
1.27404606342315673828125000000000
1.26970517635345458984375000000000
1.26536440849304199218750000000000
1.26102352142333984375000000000000
1.25668263435363769531250000000000
1.25234174728393554687500000000000
1.24800086021423339843750000000000
1.24365997314453125000000000000000
1.23931908607482910156250000000000
1.23497819900512695312500000000000
1.23063743114471435546875000000000
1.22629654407501220703125000000000
1.22195565700531005859375000000000
1.21761476993560791015625000000000
1.21327388286590576171875000000000
1.20893299579620361328125000000000
1.20459210872650146484375000000000
1.20025122165679931640625000000000
1.19591045379638671875000000000000
1.19156956672668457031250000000000
1.18722867965698242187500000000000
1.18288779258728027343750000000000
1.17854690551757812500000000000000
1.17420601844787597656250000000000
1.16986513137817382812500000000000
1.16552436351776123046875000000000
1.16118347644805908203125000000000
1.15684258937835693359375000000000
1.15250170230865478515625000000000
1.14816081523895263671875000000000
1.14381992816925048828125000000000
1.13947904109954833984375000000000
1.13513815402984619140625000000000
1.13079726696014404296875000000000
1.12645649909973144531250000000000
1.12211549282073974609375000000000
1.11777472496032714843750000000000
1.11343383789062500000000000000000
1.10909295082092285156250000000000
1.10475206375122070312500000000000
1.10041117668151855468750000000000
1.09607028961181640625000000000000
1.09172952175140380859375000000000
1.08738851547241210937500000000000
1.08304762840270996093750000000000
1.07870686054229736328125000000000
1.07436597347259521484375000000000
1.07002508640289306640625000000000
1.06568419933319091796875000000000
1.06134331226348876953125000000000
1.05700242519378662109375000000000
1.05266153812408447265625000000000
1.04832077026367187500000000000000
1.04397988319396972656250000000000
1.03963899612426757812500000000000
1.03529810905456542968750000000000
1.03095722198486328125000000000000
1.02661633491516113281250000000000
1.02227556705474853515625000000000
1.01793467998504638671875000000000
1.01359379291534423828125000000000
1.00925290584564208984375000000000
1.00491201877593994140625000000000
1.00057113170623779296875000000000
0.99623030424118041992187500000000
0.99188941717147827148437500000000
0.98754853010177612304687500000000
0.98320764303207397460937500000000
0.97886675596237182617187500000000
0.97452592849731445312500000000000
0.97018504142761230468750000000000
0.96584415435791015625000000000000
0.96150326728820800781250000000000
0.95716243982315063476562500000000
0.95282155275344848632812500000000
0.94848066568374633789062500000000
0.94413977861404418945312500000000
0.93979895114898681640625000000000
0.93545806407928466796875000000000
0.93111717700958251953125000000000
0.92677634954452514648437500000000
0.92243546247482299804687500000000
0.91809457540512084960937500000000
0.91375368833541870117187500000000
0.90941286087036132812500000000000
0.90507197380065917968750000000000
0.90073108673095703125000000000000
0.89639019966125488281250000000000
0.89204937219619750976562500000000
0.88770848512649536132812500000000
0.88336759805679321289062500000000
0.87902671098709106445312500000000
0.87468582391738891601562500000000
0.87034499645233154296875000000000
0.86600410938262939453125000000000
0.86166322231292724609375000000000
0.85732233524322509765625000000000
0.85298150777816772460937500000000
0.84864062070846557617187500000000
0.84429973363876342773437500000000
0.83995884656906127929687500000000
0.83561801910400390625000000000000
0.83127713203430175781250000000000
0.82693624496459960937500000000000
0.82259535789489746093750000000000
0.81825453042984008789062500000000
0.81391364336013793945312500000000
0.80957275629043579101562500000000
0.80523186922073364257812500000000
0.80089104175567626953125000000000
0.79655015468597412109375000000000
0.79220926761627197265625000000000
0.78786838054656982421875000000000
0.78352749347686767578125000000000
0.77918666601181030273437500000000
0.77484577894210815429687500000000
0.77050489187240600585937500000000
0.76616400480270385742187500000000
0.76182317733764648437500000000000
0.75748229026794433593750000000000
0.75314140319824218750000000000000
0.74880051612854003906250000000000
0.74445962905883789062500000000000
0.74011880159378051757812500000000
0.73577791452407836914062500000000
0.73143702745437622070312500000000
0.72709619998931884765625000000000
0.72275531291961669921875000000000
0.71841442584991455078125000000000
0.71407353878021240234375000000000
0.70973271131515502929687500000000
0.70539182424545288085937500000000
0.70105093717575073242187500000000
0.69671005010604858398437500000000
0.69236922264099121093750000000000
0.68802833557128906250000000000000
0.68368744850158691406250000000000
0.67934656143188476562500000000000
0.67500573396682739257812500000000
0.67066484689712524414062500000000
0.66632395982742309570312500000000
0.66198307275772094726562500000000
0.65764224529266357421875000000000
0.65330135822296142578125000000000
0.64896047115325927734375000000000
0.64461958408355712890625000000000
0.64027875661849975585937500000000
0.63593786954879760742187500000000
0.63159698247909545898437500000000
0.62725609540939331054687500000000
0.62291520833969116210937500000000
0.61857438087463378906250000000000
0.61423349380493164062500000000000
0.60989260673522949218750000000000
0.60555171966552734375000000000000
0.60121089220046997070312500000000
0.59687000513076782226562500000000
0.59252911806106567382812500000000
0.58818829059600830078125000000000
0.58384740352630615234375000000000
0.57950651645660400390625000000000
0.57516562938690185546875000000000
0.57082474231719970703125000000000
0.56648391485214233398437500000000
0.56214302778244018554687500000000
0.55780214071273803710937500000000
0.55346125364303588867187500000000
0.54912042617797851562500000000000
0.54477953910827636718750000000000
0.54043865203857421875000000000000
0.53609776496887207031250000000000
0.53175687789916992187500000000000
0.52741605043411254882812500000000
0.52307516336441040039062500000000
0.51873427629470825195312500000000
0.51439344882965087890625000000000
0.51005256175994873046875000000000
0.50571167469024658203125000000000
0.50137078762054443359375000000000
0.49702993035316467285156250000000
0.49268907308578491210937500000000
0.48834818601608276367187500000000
0.48400732874870300292968750000000
0.47966644167900085449218750000000
0.47532558441162109375000000000000
0.47098469734191894531250000000000
0.46664381027221679687500000000000
0.46230295300483703613281250000000
0.45796209573745727539062500000000
0.45362120866775512695312500000000
0.44928035140037536621093750000000
0.44493946433067321777343750000000
0.44059860706329345703125000000000
0.43625771999359130859375000000000
0.43191683292388916015625000000000
0.42757597565650939941406250000000
0.42323508858680725097656250000000
0.41889423131942749023437500000000
0.41455337405204772949218750000000
0.41021251678466796875000000000000
0.40587162971496582031250000000000
0.40153074264526367187500000000000
0.39718988537788391113281250000000
0.39284899830818176269531250000000
0.38850814104080200195312500000000
0.38416725397109985351562500000000
0.37982636690139770507812500000000
0.37548550963401794433593750000000
0.37114462256431579589843750000000
0.36680376529693603515625000000000
0.36246287822723388671875000000000
0.35812202095985412597656250000000
0.35378113389015197753906250000000
0.34944027662277221679687500000000
0.34509941935539245605468750000000
0.34075853228569030761718750000000
0.33641764521598815917968750000000
0.33207678794860839843750000000000
0.32773590087890625000000000000000
0.32339504361152648925781250000000
0.31905415654182434082031250000000
0.31471329927444458007812500000000
0.31037241220474243164062500000000
0.30603155493736267089843750000000
0.30169066786766052246093750000000
0.29734981060028076171875000000000
0.29300892353057861328125000000000
0.28866806626319885253906250000000
0.28432717919349670410156250000000
0.27998632192611694335937500000000
0.27564543485641479492187500000000
0.27130457758903503417968750000000
0.26696369051933288574218750000000
0.26262280344963073730468750000000
0.25828194618225097656250000000000
0.25394108891487121582031250000000
0.24960020184516906738281250000000
0.24525932967662811279296875000000
0.24091845750808715820312500000000
0.23657760024070739746093750000000
0.23223672807216644287109375000000
0.22789585590362548828125000000000
0.22355498373508453369140625000000
0.21921409666538238525390625000000
0.21487322449684143066406250000000
0.21053235232830047607421875000000
0.20619148015975952148437500000000
0.20185060799121856689453125000000
0.19750973582267761230468750000000
0.19316886365413665771484375000000
0.18882799148559570312500000000000
0.18448711931705474853515625000000
0.18014624714851379394531250000000
0.17580537497997283935546875000000
0.17146450281143188476562500000000
0.16712363064289093017578125000000
0.16278275847434997558593750000000
0.15844188630580902099609375000000
0.15410101413726806640625000000000
0.14976014196872711181640625000000
0.14541926980018615722656250000000
0.14107839763164520263671875000000
0.13673752546310424804687500000000
0.13239665329456329345703125000000
0.12805578112602233886718750000000
0.12371490895748138427734375000000
0.11937403678894042968750000000000
0.11503316462039947509765625000000
0.11069229245185852050781250000000
0.10635141283273696899414062500000
0.10201054811477661132812500000000
0.09766966849565505981445312500000
0.09332879632711410522460937500000
0.08898792415857315063476562500000
0.08464705199003219604492187500000
0.08030617982149124145507812500000
0.07596530765295028686523437500000
0.07162443548440933227539062500000
0.06728356331586837768554687500000
0.06294269859790802001953125000000
0.05860182270407676696777343750000
0.05426095053553581237792968750000
0.04992007836699485778808593750000
0.04557920247316360473632812500000
0.04123833030462265014648437500000
0.03689745813608169555664062500000
0.03255658596754074096679687500000
0.02821571379899978637695312500000
0.02387483976781368255615234375000
0.01953396759927272796630859375000
0.01519309543073177337646484375000
0.01085222326219081878662109375000
0.00651135109364986419677734375000
0.00217047845944762229919433593750
0.00217039394192397594451904296875
0.00651126680895686149597167968750
0.01085213944315910339355468750000
0.01519301161170005798339843750000
0.01953388378024101257324218750000
0.02387475594878196716308593750000
0.02821562811732292175292968750000
0.03255650028586387634277343750000
0.03689737245440483093261718750000
0.04123824834823608398437500000000
0.04557911679148674011230468750000
0.04991998896002769470214843750000
0.05426086485385894775390625000000
0.05860173702239990234375000000000
0.06294260919094085693359375000000
0.06728348135948181152343750000000
0.07162435352802276611328125000000
0.07596522569656372070312500000000
0.08030609786510467529296875000000
0.08464697003364562988281250000000
0.08898784220218658447265625000000
0.09332871437072753906250000000000
0.09766958653926849365234375000000
0.10201046615839004516601562500000
0.10635133087635040283203125000000
0.11069221049547195434570312500000
0.11503307521343231201171875000000
0.11937395483255386352539062500000
0.12371482700109481811523437500000
0.12805569171905517578125000000000
0.13239656388759613037109375000000
0.13673743605613708496093750000000
0.14107830822467803955078125000000
0.14541919529438018798828125000000
0.14976005256175994873046875000000
0.15410092473030090332031250000000
0.15844179689884185791015625000000
0.16278266906738281250000000000000
0.16712354123592376708984375000000
0.17146442830562591552734375000000
0.17580530047416687011718750000000
0.18014617264270782470703125000000
0.18448702991008758544921875000000
0.18882790207862854003906250000000
0.19316878914833068847656250000000
0.19750966131687164306640625000000
0.20185053348541259765625000000000
0.20619140565395355224609375000000
0.21053227782249450683593750000000
0.21487314999103546142578125000000
0.21921402215957641601562500000000
0.22355489432811737060546875000000
0.22789576649665832519531250000000
0.23223663866519927978515625000000
0.23657751083374023437500000000000
0.24091838300228118896484375000000
0.24525925517082214355468750000000
0.24960012733936309814453125000000
0.25394099950790405273437500000000
0.25828185677528381347656250000000
0.26262274384498596191406250000000
0.26696360111236572265625000000000
0.27130448818206787109375000000000
0.27564534544944763183593750000000
0.27998623251914978027343750000000
0.28432711958885192871093750000000
0.28866797685623168945312500000000
0.29300883412361145019531250000000
0.29734972119331359863281250000000
0.30169057846069335937500000000000
0.30603146553039550781250000000000
0.31037235260009765625000000000000
0.31471320986747741699218750000000
0.31905406713485717773437500000000
0.32339495420455932617187500000000
0.32773581147193908691406250000000
0.33207669854164123535156250000000
0.33641755580902099609375000000000
0.34075844287872314453125000000000
0.34509932994842529296875000000000
0.34944018721580505371093750000000
0.35378104448318481445312500000000
0.35812193155288696289062500000000
0.36246281862258911132812500000000
0.36680367588996887207031250000000
0.37114456295967102050781250000000
0.37548542022705078125000000000000
0.37982630729675292968750000000000
0.38416716456413269042968750000000
0.38850802183151245117187500000000
0.39284890890121459960937500000000
0.39718979597091674804687500000000
0.40153065323829650878906250000000
0.40587154030799865722656250000000
0.41021239757537841796875000000000
0.41455328464508056640625000000000
0.41889417171478271484375000000000
0.42323502898216247558593750000000
0.42757588624954223632812500000000
0.43191677331924438476562500000000
0.43625763058662414550781250000000
0.44059851765632629394531250000000
0.44493937492370605468750000000000
0.44928026199340820312500000000000
0.45362111926078796386718750000000
0.45796200633049011230468750000000
0.46230289340019226074218750000000
0.46664375066757202148437500000000
0.47098463773727416992187500000000
0.47532549500465393066406250000000
0.47966638207435607910156250000000
0.48400723934173583984375000000000
0.48834809660911560058593750000000
0.49268898367881774902343750000000
0.49702984094619750976562500000000
0.50137072801589965820312500000000
0.50571161508560180664062500000000
0.51005250215530395507812500000000
0.51439332962036132812500000000000
0.51873421669006347656250000000000
0.52307510375976562500000000000000
0.52741593122482299804687500000000
0.53175681829452514648437500000000
0.53609770536422729492187500000000
0.54043859243392944335937500000000
0.54477947950363159179687500000000
0.54912030696868896484375000000000
0.55346119403839111328125000000000
0.55780208110809326171875000000000
0.56214290857315063476562500000000
0.56648379564285278320312500000000
0.57082468271255493164062500000000
0.57516556978225708007812500000000
0.57950645685195922851562500000000
0.58384728431701660156250000000000
0.58818817138671875000000000000000
0.59252905845642089843750000000000
0.59686994552612304687500000000000
0.60121077299118041992187500000000
0.60555166006088256835937500000000
0.60989254713058471679687500000000
0.61423337459564208984375000000000
0.61857426166534423828125000000000
0.62291514873504638671875000000000
0.62725603580474853515625000000000
0.63159692287445068359375000000000
0.63593775033950805664062500000000
0.64027863740921020507812500000000
0.64461952447891235351562500000000
0.64896041154861450195312500000000
0.65330123901367187500000000000000
0.65764212608337402343750000000000
0.66198301315307617187500000000000
0.66632390022277832031250000000000
0.67066472768783569335937500000000
0.67500561475753784179687500000000
0.67934650182723999023437500000000
0.68368738889694213867187500000000
0.68802821636199951171875000000000
0.69236910343170166015625000000000
0.69670999050140380859375000000000
0.70105087757110595703125000000000
0.70539176464080810546875000000000
0.70973259210586547851562500000000
0.71407347917556762695312500000000
0.71841436624526977539062500000000
0.72275519371032714843750000000000
0.72709608078002929687500000000000
0.73143696784973144531250000000000
0.73577779531478881835937500000000
0.74011874198913574218750000000000
0.74445956945419311523437500000000
0.74880045652389526367187500000000
0.75314134359359741210937500000000
0.75748217105865478515625000000000
0.76182305812835693359375000000000
0.76616394519805908203125000000000
0.77050483226776123046875000000000
0.77484565973281860351562500000000
0.77918654680252075195312500000000
0.78352743387222290039062500000000
0.78786832094192504882812500000000
0.79220920801162719726562500000000
0.79655003547668457031250000000000
0.80089092254638671875000000000000
0.80523180961608886718750000000000
0.80957263708114624023437500000000
0.81391352415084838867187500000000
0.81825441122055053710937500000000
0.82259529829025268554687500000000
0.82693612575531005859375000000000
0.83127701282501220703125000000000
0.83561789989471435546875000000000
0.83995878696441650390625000000000
0.84429967403411865234375000000000
0.84864050149917602539062500000000
0.85298138856887817382812500000000
0.85732227563858032226562500000000
0.86166316270828247070312500000000
0.86600404977798461914062500000000
0.87034487724304199218750000000000
0.87468576431274414062500000000000
0.87902665138244628906250000000000
0.88336753845214843750000000000000
0.88770836591720581054687500000000
0.89204925298690795898437500000000
0.89639014005661010742187500000000
0.90073102712631225585937500000000
0.90507185459136962890625000000000
0.90941274166107177734375000000000
0.91375362873077392578125000000000
0.91809445619583129882812500000000
0.92243534326553344726562500000000
0.92677623033523559570312500000000
0.93111711740493774414062500000000
0.93545800447463989257812500000000
0.93979883193969726562500000000000
0.94413971900939941406250000000000
0.94848060607910156250000000000000
0.95282143354415893554687500000000
0.95716232061386108398437500000000
0.96150320768356323242187500000000
0.96584409475326538085937500000000
0.97018492221832275390625000000000
0.97452580928802490234375000000000
0.97886669635772705078125000000000
0.98320758342742919921875000000000
0.98754847049713134765625000000000
0.99188935756683349609375000000000
0.99623018503189086914062500000000
1.00057113170623779296875000000000
1.00491189956665039062500000000000
1.00925278663635253906250000000000
1.01359367370605468750000000000000
1.01793456077575683593750000000000
1.02227544784545898437500000000000
1.02661633491516113281250000000000
1.03095710277557373046875000000000
1.03529798984527587890625000000000
1.03963887691497802734375000000000
1.04397976398468017578125000000000
1.04832065105438232421875000000000
1.05266153812408447265625000000000
1.05700242519378662109375000000000
1.06134331226348876953125000000000
1.06568408012390136718750000000000
1.07002508640289306640625000000000
1.07436585426330566406250000000000
1.07870674133300781250000000000000
1.08304762840270996093750000000000
1.08738851547241210937500000000000
1.09172940254211425781250000000000
1.09607028961181640625000000000000
1.10041117668151855468750000000000
1.10475194454193115234375000000000
1.10909283161163330078125000000000
1.11343371868133544921875000000000
1.11777460575103759765625000000000
1.12211549282073974609375000000000
1.12645637989044189453125000000000
1.13079726696014404296875000000000
1.13513815402984619140625000000000
1.13947892189025878906250000000000
1.14381980895996093750000000000000
1.14816069602966308593750000000000
1.15250158309936523437500000000000
1.15684247016906738281250000000000
1.16118335723876953125000000000000
1.16552424430847167968750000000000
1.16986513137817382812500000000000
1.17420589923858642578125000000000
1.17854678630828857421875000000000
1.18288767337799072265625000000000
1.18722856044769287109375000000000
1.19156944751739501953125000000000
1.19591033458709716796875000000000
1.20025122165679931640625000000000
1.20459198951721191406250000000000
1.20893287658691406250000000000000
1.21327376365661621093750000000000
1.21761465072631835937500000000000
1.22195553779602050781250000000000
1.22629642486572265625000000000000
1.23063731193542480468750000000000
1.23497819900512695312500000000000
1.23931896686553955078125000000000
1.24365985393524169921875000000000
1.24800074100494384765625000000000
1.25234174728393554687500000000000
1.25668251514434814453125000000000
1.26102340221405029296875000000000
1.26536428928375244140625000000000
1.26970517635345458984375000000000
1.27404594421386718750000000000000
1.27838683128356933593750000000000
1.28272783756256103515625000000000
1.28706860542297363281250000000000
1.29140949249267578125000000000000
1.29575037956237792968750000000000
1.30009126663208007812500000000000
1.30443215370178222656250000000000
1.30877304077148437500000000000000
1.31311380863189697265625000000000
1.31745469570159912109375000000000
1.32179558277130126953125000000000
1.32613646984100341796875000000000
1.33047735691070556640625000000000
1.33481824398040771484375000000000
1.33915913105010986328125000000000
1.34349989891052246093750000000000
1.34784090518951416015625000000000
1.35218167304992675781250000000000
1.35652256011962890625000000000000
1.36086344718933105468750000000000
1.36520433425903320312500000000000
1.36954522132873535156250000000000
1.37388610839843750000000000000000
1.37822699546813964843750000000000
1.38256788253784179687500000000000
1.38690865039825439453125000000000
1.39124965667724609375000000000000
1.39559042453765869140625000000000
1.39993131160736083984375000000000
1.40427219867706298828125000000000
1.40861308574676513671875000000000
1.41295397281646728515625000000000
1.41729485988616943359375000000000
1.42163574695587158203125000000000
1.42597651481628417968750000000000
1.43031740188598632812500000000000
1.43465828895568847656250000000000
1.43899929523468017578125000000000
1.44334006309509277343750000000000
1.44768083095550537109375000000000
1.45202183723449707031250000000000
1.45636272430419921875000000000000
1.46070349216461181640625000000000
1.46504426002502441406250000000000
1.46938526630401611328125000000000
1.47372627258300781250000000000000
1.47806704044342041015625000000000
1.48240780830383300781250000000000
1.48674881458282470703125000000000
1.49108970165252685546875000000000
1.49543046951293945312500000000000
1.49977135658264160156250000000000
1.50411224365234375000000000000000
1.50845324993133544921875000000000
1.51279401779174804687500000000000
1.51713478565216064453125000000000
1.52147579193115234375000000000000
1.52581667900085449218750000000000
1.53015744686126708984375000000000
1.53449833393096923828125000000000
1.53883922100067138671875000000000
1.54318022727966308593750000000000
1.54752099514007568359375000000000
1.55186176300048828125000000000000
1.55620276927947998046875000000000
1.56054377555847167968750000000000
1.56488442420959472656250000000000
1.56922519207000732421875000000000
1.57356619834899902343750000000000
1.57790720462799072265625000000000
1.58224797248840332031250000000000
1.58658874034881591796875000000000
1.59092974662780761718750000000000
1.59527063369750976562500000000000
1.59961140155792236328125000000000
1.60395228862762451171875000000000
1.60829317569732666015625000000000
1.61263418197631835937500000000000
1.61697494983673095703125000000000
1.62131571769714355468750000000000
1.62565672397613525390625000000000
1.62999761104583740234375000000000
1.63433849811553955078125000000000
1.63867926597595214843750000000000
1.64302015304565429687500000000000
1.64736115932464599609375000000000
1.65170192718505859375000000000000
1.65604281425476074218750000000000
1.66038370132446289062500000000000
1.66472458839416503906250000000000
1.66906547546386718750000000000000
1.67340624332427978515625000000000
1.67774713039398193359375000000000
1.68208813667297363281250000000000
1.68642890453338623046875000000000
1.69076967239379882812500000000000
1.69511067867279052734375000000000
1.69945168495178222656250000000000
1.70379233360290527343750000000000
1.70813322067260742187500000000000
1.71247422695159912109375000000000
1.71681511402130126953125000000000
1.72115588188171386718750000000000
1.72549664974212646484375000000000
1.72983765602111816406250000000000
1.73417866230010986328125000000000
1.73851943016052246093750000000000
1.74286019802093505859375000000000
1.74720108509063720703125000000000
1.75154209136962890625000000000000
1.75588285923004150390625000000000
1.76022374629974365234375000000000
1.76456463336944580078125000000000
1.76890552043914794921875000000000
1.77324640750885009765625000000000
1.77758717536926269531250000000000
1.78192818164825439453125000000000
1.78626906871795654296875000000000
1.79060983657836914062500000000000
1.79495060443878173828125000000000
1.79929161071777343750000000000000
1.80363249778747558593750000000000
1.80797326564788818359375000000000
1.81231415271759033203125000000000
1.81665503978729248046875000000000
1.82099604606628417968750000000000
1.82533681392669677734375000000000
1.82967758178710937500000000000000
1.83401858806610107421875000000000
1.83835959434509277343750000000000
1.84270036220550537109375000000000
1.84704113006591796875000000000000
1.85138201713562011718750000000000
1.85572302341461181640625000000000
1.86006379127502441406250000000000
1.86440455913543701171875000000000
1.86874544620513916015625000000000
1.87308657169342041015625000000000
1.87742733955383300781250000000000
1.88176810741424560546875000000000
1.88610899448394775390625000000000
1.89045000076293945312500000000000
1.89479076862335205078125000000000
1.89913165569305419921875000000000
1.90347254276275634765625000000000
1.90781354904174804687500000000000
1.91215431690216064453125000000000
1.91649508476257324218750000000000
1.92083609104156494140625000000000
1.92517697811126708984375000000000
1.92951774597167968750000000000000
1.93385851383209228515625000000000
1.93819952011108398437500000000000
1.94254040718078613281250000000000
1.94688129425048828125000000000000
1.95122206211090087890625000000000
1.95556306838989257812500000000000
1.95990395545959472656250000000000
1.96424472332000732421875000000000
1.96858549118041992187500000000000
1.97292649745941162109375000000000
1.97726750373840332031250000000000
1.98160827159881591796875000000000
1.98594903945922851562500000000000
1.99029004573822021484375000000000
1.99463093280792236328125000000000
1.99897170066833496093750000000000
2.00331258773803710937500000000000
2.00765347480773925781250000000000
2.01199436187744140625000000000000
2.01633524894714355468750000000000
2.02067613601684570312500000000000
2.02501702308654785156250000000000
2.02935791015625000000000000000000
2.03369879722595214843750000000000
2.03803944587707519531250000000000
2.04238057136535644531250000000000
2.04672145843505859375000000000000
2.05106210708618164062500000000000
2.05540299415588378906250000000000
2.05974388122558593750000000000000
2.06408476829528808593750000000000
2.06842565536499023437500000000000
2.07276654243469238281250000000000
2.07710742950439453125000000000000
2.08144831657409667968750000000000
2.08578920364379882812500000000000
2.09012985229492187500000000000000
2.09447073936462402343750000000000
2.09881186485290527343750000000000
2.10315251350402832031250000000000
2.10749340057373046875000000000000
2.11183428764343261718750000000000
2.11617541313171386718750000000000
2.12051606178283691406250000000000
2.12485694885253906250000000000000
2.12919783592224121093750000000000
2.13353872299194335937500000000000
2.13787961006164550781250000000000
2.14222049713134765625000000000000
2.14656138420104980468750000000000
2.15090227127075195312500000000000
2.15524315834045410156250000000000
2.15958380699157714843750000000000
2.16392493247985839843750000000000
2.16826581954956054687500000000000
2.17260646820068359375000000000000
2.17694735527038574218750000000000
2.18128824234008789062500000000000
2.18562936782836914062500000000000
2.18997001647949218750000000000000
2.19431090354919433593750000000000
2.19865179061889648437500000000000
2.20299291610717773437500000000000
2.20733356475830078125000000000000
2.21167445182800292968750000000000
2.21601533889770507812500000000000
2.22035622596740722656250000000000
2.22469711303710937500000000000000
2.22903776168823242187500000000000
2.23337888717651367187500000000000
2.23771977424621582031250000000000
2.24206066131591796875000000000000
2.24640130996704101562500000000000
2.25074243545532226562500000000000
2.25508332252502441406250000000000
2.25942397117614746093750000000000
2.26376485824584960937500000000000
2.26810574531555175781250000000000
2.27244663238525390625000000000000
2.27678751945495605468750000000000
2.28112816810607910156250000000000
2.28546929359436035156250000000000
2.28981018066406250000000000000000
2.29415106773376464843750000000000
2.29849195480346679687500000000000
2.30283284187316894531250000000000
2.30717372894287109375000000000000
2.31151461601257324218750000000000
2.31585526466369628906250000000000
2.32019639015197753906250000000000
2.32453727722167968750000000000000
2.32887816429138183593750000000000
2.33321881294250488281250000000000
2.33755970001220703125000000000000
2.34190058708190917968750000000000
2.34624147415161132812500000000000
2.35058236122131347656250000000000
2.35492324829101562500000000000000
2.35926413536071777343750000000000
2.36360502243041992187500000000000
2.36794567108154296875000000000000
2.37228679656982421875000000000000
2.37662768363952636718750000000000
2.38096857070922851562500000000000
2.38530921936035156250000000000000
2.38965010643005371093750000000000
2.39399123191833496093750000000000
2.39833188056945800781250000000000
2.40267276763916015625000000000000
2.40701365470886230468750000000000
2.41135454177856445312500000000000
2.41569542884826660156250000000000
2.42003631591796875000000000000000
2.42437720298767089843750000000000
2.42871809005737304687500000000000
2.43305897712707519531250000000000
2.43739986419677734375000000000000
2.44174051284790039062500000000000
2.44608163833618164062500000000000
2.45042252540588378906250000000000
2.45476317405700683593750000000000
2.45910406112670898437500000000000
2.46344518661499023437500000000000
2.46778607368469238281250000000000
2.47212672233581542968750000000000
2.47646784782409667968750000000000
2.48080873489379882812500000000000
2.48514938354492187500000000000000
2.48949027061462402343750000000000
2.49383115768432617187500000000000
2.49817204475402832031250000000000
2.50251293182373046875000000000000
2.50685381889343261718750000000000
2.51119470596313476562500000000000
2.51553559303283691406250000000000
2.51987648010253906250000000000000
2.52421712875366210937500000000000
2.52855825424194335937500000000000
2.53289914131164550781250000000000
2.53723978996276855468750000000000
2.54158067703247070312500000000000
2.54592156410217285156250000000000
2.55026268959045410156250000000000
2.55460333824157714843750000000000
2.55894422531127929687500000000000
2.56328511238098144531250000000000
2.56762599945068359375000000000000
2.57196688652038574218750000000000
2.57630777359008789062500000000000
2.58064866065979003906250000000000
2.58498954772949218750000000000000
2.58933019638061523437500000000000
2.59367108345031738281250000000000
2.59801197052001953125000000000000
2.60235309600830078125000000000000
2.60669398307800292968750000000000
2.61103463172912597656250000000000
2.61537551879882812500000000000000
2.61971664428710937500000000000000
2.62405729293823242187500000000000
2.62839818000793457031250000000000
2.63273906707763671875000000000000
2.63707995414733886718750000000000
2.64142084121704101562500000000000
2.64576172828674316406250000000000
2.65010261535644531250000000000000
2.65444350242614746093750000000000
2.65878438949584960937500000000000
2.66312503814697265625000000000000
2.66746616363525390625000000000000
2.67180705070495605468750000000000
2.67614793777465820312500000000000
2.68048858642578125000000000000000
2.68482947349548339843750000000000
2.68917059898376464843750000000000
2.69351124763488769531250000000000
2.69785213470458984375000000000000
2.70219302177429199218750000000000
2.70653390884399414062500000000000
2.71087479591369628906250000000000
2.71521568298339843750000000000000
2.71955657005310058593750000000000
2.72389745712280273437500000000000
2.72823834419250488281250000000000
2.73257899284362792968750000000000
2.73692011833190917968750000000000
2.74126100540161132812500000000000
2.74560189247131347656250000000000
2.74994254112243652343750000000000
2.75428366661071777343750000000000
2.75862455368041992187500000000000
2.76296520233154296875000000000000
2.76730608940124511718750000000000
2.77164697647094726562500000000000
2.77598810195922851562500000000000
2.78032875061035156250000000000000
2.78466939926147460937500000000000
2.78901052474975585937500000000000
2.79335141181945800781250000000000
2.79769229888916015625000000000000
2.80203294754028320312500000000000
2.80637407302856445312500000000000
2.81071496009826660156250000000000
2.81505584716796875000000000000000
2.81939649581909179687500000000000
2.82373738288879394531250000000000
2.82807850837707519531250000000000
2.83241915702819824218750000000000
2.83676004409790039062500000000000
2.84110069274902343750000000000000
2.84544205665588378906250000000000
2.84978270530700683593750000000000
2.85412335395812988281250000000000
2.85846471786499023437500000000000
2.86280536651611328125000000000000
2.86714625358581542968750000000000
2.87148690223693847656250000000000
2.87582778930664062500000000000000
2.88016891479492187500000000000000
2.88450980186462402343750000000000
2.88885045051574707031250000000000
2.89319157600402832031250000000000
2.89753246307373046875000000000000
2.90187311172485351562500000000000
2.90621399879455566406250000000000
2.91055488586425781250000000000000
2.91489577293395996093750000000000
2.91923666000366210937500000000000
2.92357730865478515625000000000000
2.92791843414306640625000000000000
2.93225932121276855468750000000000
2.93660020828247070312500000000000
2.94094085693359375000000000000000
2.94528174400329589843750000000000
2.94962286949157714843750000000000
2.95396375656127929687500000000000
2.95830464363098144531250000000000
2.96264553070068359375000000000000
2.96698641777038574218750000000000
2.97132706642150878906250000000000
2.97566795349121093750000000000000
2.98000860214233398437500000000000
2.98434972763061523437500000000000
2.98869061470031738281250000000000
2.99303150177001953125000000000000
2.99737238883972167968750000000000
3.00171351432800292968750000000000
3.00605416297912597656250000000000
3.01039505004882812500000000000000
3.01473569869995117187500000000000
3.01907682418823242187500000000000
3.02341771125793457031250000000000
3.02775835990905761718750000000000
3.03209972381591796875000000000000
3.03644037246704101562500000000000
3.04078125953674316406250000000000
3.04512190818786621093750000000000
3.04946279525756835937500000000000
3.05380392074584960937500000000000
3.05814456939697265625000000000000
3.06248521804809570312500000000000
3.06682658195495605468750000000000
3.07116723060607910156250000000000
3.07550811767578125000000000000000
3.07984900474548339843750000000000
3.08418965339660644531250000000000
3.08853077888488769531250000000000
3.09287166595458984375000000000000
3.09721231460571289062500000000000
3.10155344009399414062500000000000
3.10589432716369628906250000000000
3.11023497581481933593750000000000
3.11457586288452148437500000000000
3.11891651153564453125000000000000
3.12325787544250488281250000000000
3.12759852409362792968750000000000
3.13193941116333007812500000000000
3.13628029823303222656250000000000
3.14062118530273437500000000000000
3.14496207237243652343750000000000
3.14930295944213867187500000000000
3.15364360809326171875000000000000
3.15798473358154296875000000000000
3.16232562065124511718750000000000
3.16666626930236816406250000000000
3.17100739479064941406250000000000
3.17534828186035156250000000000000
3.17968916893005371093750000000000
3.18402981758117675781250000000000
3.18837070465087890625000000000000
3.19271183013916015625000000000000
3.19705247879028320312500000000000
3.20139336585998535156250000000000
3.20573449134826660156250000000000
3.21007537841796875000000000000000
3.21441602706909179687500000000000
3.21875667572021484375000000000000
3.22309756278991699218750000000000
3.22743868827819824218750000000000
3.23177957534790039062500000000000
3.23612022399902343750000000000000
3.24046134948730468750000000000000
3.24480223655700683593750000000000
3.24914312362670898437500000000000
3.25348377227783203125000000000000
3.25782465934753417968750000000000
3.26216578483581542968750000000000
3.26650643348693847656250000000000
3.27084732055664062500000000000000
3.27518844604492187500000000000000
3.27952933311462402343750000000000
3.28386998176574707031250000000000
3.28821086883544921875000000000000
3.29255151748657226562500000000000
3.29689288139343261718750000000000
3.30123353004455566406250000000000
3.30557441711425781250000000000000
3.30991530418395996093750000000000
3.31425619125366210937500000000000
3.31859707832336425781250000000000
3.32293772697448730468750000000000
3.32727861404418945312500000000000
3.33161950111389160156250000000000
3.33596038818359375000000000000000
3.34030127525329589843750000000000
3.34464240074157714843750000000000
3.34898328781127929687500000000000
3.35332393646240234375000000000000
3.35766458511352539062500000000000
3.36200547218322753906250000000000
3.36634659767150878906250000000000
3.37068748474121093750000000000000
3.37502813339233398437500000000000
3.37936925888061523437500000000000
3.38371014595031738281250000000000
3.38805079460144042968750000000000
3.39239168167114257812500000000000
3.39673256874084472656250000000000
3.40107369422912597656250000000000
3.40541434288024902343750000000000
3.40975522994995117187500000000000
3.41409635543823242187500000000000
3.41843724250793457031250000000000
3.42277789115905761718750000000000
3.42711877822875976562500000000000
3.43145942687988281250000000000000
3.43580055236816406250000000000000
3.44014143943786621093750000000000
3.44448232650756835937500000000000
3.44882321357727050781250000000000
3.45316410064697265625000000000000
3.45750474929809570312500000000000
3.46184563636779785156250000000000
3.46618652343750000000000000000000
3.47052764892578125000000000000000
3.47486853599548339843750000000000
3.47920918464660644531250000000000
3.48355031013488769531250000000000
3.48789119720458984375000000000000
3.49223184585571289062500000000000
3.49657273292541503906250000000000
3.50091338157653808593750000000000
3.50525450706481933593750000000000
3.50959539413452148437500000000000
3.51393628120422363281250000000000
3.51827716827392578125000000000000
3.52261805534362792968750000000000
3.52695894241333007812500000000000
3.53129959106445312500000000000000
3.53564047813415527343750000000000
3.53998160362243652343750000000000
3.54432225227355957031250000000000
3.54866313934326171875000000000000
3.55300426483154296875000000000000
3.55734515190124511718750000000000
3.56168580055236816406250000000000
3.56602668762207031250000000000000
3.57036733627319335937500000000000
3.57470870018005371093750000000000
3.57904934883117675781250000000000
3.58339023590087890625000000000000
3.58773136138916015625000000000000
3.59207201004028320312500000000000
3.59641265869140625000000000000000
3.60075354576110839843750000000000
3.60509443283081054687500000000000
3.60943555831909179687500000000000
3.61377620697021484375000000000000
3.61811709403991699218750000000000
3.62245821952819824218750000000000
3.62679910659790039062500000000000
3.63113975524902343750000000000000
3.63548064231872558593750000000000
3.63982129096984863281250000000000
3.64416241645812988281250000000000
3.64850330352783203125000000000000
3.65284419059753417968750000000000
3.65718531608581542968750000000000
3.66152596473693847656250000000000
3.66586685180664062500000000000000
3.67020750045776367187500000000000
3.67454838752746582031250000000000
3.67888951301574707031250000000000
3.68323016166687011718750000000000
3.68757104873657226562500000000000
3.69191217422485351562500000000000
3.69625282287597656250000000000000
3.70059370994567871093750000000000
3.70493459701538085937500000000000
3.70927524566650390625000000000000
3.71361637115478515625000000000000
3.71795725822448730468750000000000
3.72229790687561035156250000000000
3.72663903236389160156250000000000
3.73097991943359375000000000000000
3.73532080650329589843750000000000
3.73966145515441894531250000000000
3.74400234222412109375000000000000
3.74834346771240234375000000000000
3.75268411636352539062500000000000
3.75702500343322753906250000000000
3.76136612892150878906250000000000
3.76570701599121093750000000000000
3.77004766464233398437500000000000
3.77438855171203613281250000000000
3.77872920036315917968750000000000
3.78307032585144042968750000000000
3.78741121292114257812500000000000
3.79175209999084472656250000000000
3.79609322547912597656250000000000
3.80043387413024902343750000000000
3.80477476119995117187500000000000
3.80911564826965332031250000000000
3.81345629692077636718750000000000
3.81779742240905761718750000000000
3.82213830947875976562500000000000
3.82647895812988281250000000000000
3.83082008361816406250000000000000
3.83516073226928710937500000000000
3.83950161933898925781250000000000
3.84384250640869140625000000000000
3.84818315505981445312500000000000
3.85252451896667480468750000000000
3.85686516761779785156250000000000
3.86120605468750000000000000000000
3.86554694175720214843750000000000
3.86988782882690429687500000000000
3.87422871589660644531250000000000
3.87856936454772949218750000000000
3.88291025161743164062500000000000
3.88725137710571289062500000000000
3.89159202575683593750000000000000
3.89593291282653808593750000000000
3.90027403831481933593750000000000
3.90461492538452148437500000000000
3.90895557403564453125000000000000
3.91329646110534667968750000000000
3.91763710975646972656250000000000
3.92197823524475097656250000000000
3.92631912231445312500000000000000
3.93066000938415527343750000000000
3.93500089645385742187500000000000
3.93934178352355957031250000000000
3.94368243217468261718750000000000
3.94802331924438476562500000000000
3.95236420631408691406250000000000
3.95670533180236816406250000000000
3.96104598045349121093750000000000
3.96538686752319335937500000000000
3.96972799301147460937500000000000
3.97406888008117675781250000000000
3.97840952873229980468750000000000
3.98275041580200195312500000000000
3.98709130287170410156250000000000
3.99143218994140625000000000000000
3.99577307701110839843750000000000
4.00011396408081054687500000000000
4.00445508956909179687500000000000
4.00879573822021484375000000000000
4.01313638687133789062500000000000
4.01747751235961914062500000000000
4.02181816101074218750000000000000
4.02615928649902343750000000000000
4.03049993515014648437500000000000
4.03484106063842773437500000000000
4.03918218612670898437500000000000
4.04352283477783203125000000000000
4.04786348342895507812500000000000
4.05220460891723632812500000000000
4.05654525756835937500000000000000
4.06088638305664062500000000000000
4.06522703170776367187500000000000
4.06956768035888671875000000000000
4.07390880584716796875000000000000
4.07824993133544921875000000000000
4.08259057998657226562500000000000
4.08693122863769531250000000000000
4.09127235412597656250000000000000
4.09561300277709960937500000000000
4.09995412826538085937500000000000
4.10429477691650390625000000000000
4.10863590240478515625000000000000
4.11297655105590820312500000000000
4.11731719970703125000000000000000
4.12165832519531250000000000000000
4.12599897384643554687500000000000
4.13034009933471679687500000000000
4.13468074798583984375000000000000
4.13902187347412109375000000000000
4.14336252212524414062500000000000
4.14770364761352539062500000000000
4.15204429626464843750000000000000
4.15638542175292968750000000000000
4.16072607040405273437500000000000
4.16506719589233398437500000000000
4.16940784454345703125000000000000
4.17374897003173828125000000000000
4.17809009552001953125000000000000
4.18243074417114257812500000000000
4.18677139282226562500000000000000
4.19111204147338867187500000000000
4.19545269012451171875000000000000
4.19979429244995117187500000000000
4.20413494110107421875000000000000
4.20847558975219726562500000000000
4.21281671524047851562500000000000
4.21715736389160156250000000000000
4.22149848937988281250000000000000
4.22583913803100585937500000000000
4.23017978668212890625000000000000
4.23452091217041015625000000000000
4.23886203765869140625000000000000
4.24320268630981445312500000000000
4.24754381179809570312500000000000
4.25188446044921875000000000000000
4.25622558593750000000000000000000
4.26056623458862304687500000000000
4.26490688323974609375000000000000
4.26924800872802734375000000000000
4.27358913421630859375000000000000
4.27792978286743164062500000000000
4.28227090835571289062500000000000
4.28661155700683593750000000000000
4.29095220565795898437500000000000
4.29529285430908203125000000000000
4.29963397979736328125000000000000
4.30397510528564453125000000000000
4.30831575393676757812500000000000
4.31265687942504882812500000000000
4.31699800491333007812500000000000
4.32133865356445312500000000000000
4.32567930221557617187500000000000
4.33001995086669921875000000000000
4.33436107635498046875000000000000
4.33870220184326171875000000000000
4.34304285049438476562500000000000
4.34738349914550781250000000000000
4.35172462463378906250000000000000
4.35606527328491210937500000000000
4.36040639877319335937500000000000
4.36474704742431640625000000000000
4.36908817291259765625000000000000
4.37342929840087890625000000000000
4.37776994705200195312500000000000
4.38211059570312500000000000000000
4.38645172119140625000000000000000
4.39079236984252929687500000000000
4.39513349533081054687500000000000
4.39947414398193359375000000000000
4.40381479263305664062500000000000
4.40815591812133789062500000000000
4.41249704360961914062500000000000
4.41683769226074218750000000000000
4.42117881774902343750000000000000
4.42551946640014648437500000000000
4.42986011505126953125000000000000
4.43420124053955078125000000000000
4.43854188919067382812500000000000
4.44288301467895507812500000000000
