8.87585
8.58021
8.76713
8.40783
8.57997
8.56304
8.58307
8.55207
8.50105
8.50701
8.7111
8.50105
8.54301
8.60095
8.533
8.45194
8.605
8.5969
8.59189
8.54015
8.51107
8.50606
8.50391
8.48985
8.46601
8.71086
8.6751
8.61788
8.65197
8.47816
8.37207
8.48603
8.5361
8.48413
8.68988
8.53205
8.48484
8.53992
8.59904
8.60095
8.49104
8.43906
8.55899
8.47602
8.62384
8.55994
8.69298
8.57997
8.6751
8.57997
8.47602
8.41284
8.53896
8.43692
8.49509
8.41999
8.67701
8.66508
8.50701
8.47411
8.57806
8.7471
8.59404
8.48985
8.48603
8.48413
8.58092
8.55613
8.63981
8.49509
8.6
8.40783
8.54206
8.4579
8.58498
8.52084
8.4939
8.48889
8.51202
8.55207
8.45218
8.461
8.47006
8.45003
8.49485
8.48699
8.51893
8.69203
8.60691
8.6
8.52704
8.45599
8.56709
8.46291
8.66914
8.48603
8.67391
8.51393
8.55994
8.37708
8.52203
8.52489
8.61907
8.5721
8.497
8.39114
8.67701
8.47387
8.66199
8.48317
8.54492
8.57782
8.62789
8.51893
8.64196
8.63099
8.51107
8.5628
8.56304
8.6
8.52513
8.6112
8.45003
8.53395
8.59404
8.4579
8.46004
8.4691
8.43096
8.53491
8.45814
8.45814
8.63695
8.44908
8.49819
8.53992
8.6
8.55207
8.73613
8.63791
8.6
8.56495
8.48818
8.53896
8.42094
8.58498
8.47697
8.50487
8.56304
8.51011
8.36897
8.51893
8.61216
8.55303
8.63099
8.57186
8.40592
8.50797
8.49509
8.48389
8.58808
8.64887
8.55494
8.51798
8.73613
8.61096
8.52704
8.40497
8.47697
8.4579
8.50415
8.49009
8.65698
8.61788
8.49295
8.5361
8.61406
8.52919
8.58688
8.50105
8.48007
8.61692
8.52299
8.6
8.55494
8.4269
8.53801
8.48103
8.53395
8.48103
8.54897
8.48699
8.56113
8.45718
8.60715
8.52489
8.58808
8.51917
8.6031
8.44908
8.50391
8.49485
8.72016
8.48985
8.49795
8.53896
8.48317
8.64816
8.50105
8.72993
8.5659
8.59094
8.54111
8.5721
8.47483
8.62503
8.53395
8.75187
8.4722
8.69918
8.51679
8.65006
8.60095
8.48413
8.65722
8.40187
8.57615
8.5268
8.53705
8.45098
8.45981
8.48913
8.51893
8.42905
8.51488
8.50487
8.46696
8.40688
8.46291
8.45289
8.57115
8.44908
8.57592
8.65698
8.54897
8.53992
8.57401
8.50081
8.41618
8.52919
8.51417
8.48579
8.49295
8.54301
8.42214
8.55708
8.55207
8.47006
8.49915
8.51393
8.56185
8.55184
8.58212
8.50391
8.57592
8.50201
8.52799
8.57806
8.54802
8.44193
8.53801
8.4939
8.50701
8.52418
8.61311
8.48389
8.56018
8.44502
8.56709
8.50201
8.55303
8.53086
8.61692
8.70109
8.58307
8.49414
8.47316
8.68702
8.54802
8.55017
8.58617
8.57282
8.44908
8.53992
8.59094
8.60596
8.50892
8.65197
8.56304
8.48603
8.49009
8.51202
8.52418
8.45885
8.46815
8.50487
8.5001
8.51202
8.43811
8.4331
8.47983
8.58021
8.42285
8.57592
8.41594
8.49986
8.44502
8.48007
8.49605
8.63504
8.55112
8.57282
8.54015
8.63194
8.40592
8.47197
8.55398
8.42881
8.49605
8.51297
8.54683
8.50105
8.61001
8.60715
8.51798
8.53205
8.63504
8.57496
8.56209
8.61502
8.52299
8.61096
8.41784
8.497
8.51011
8.52299
8.52609
8.72993
8.59809
8.51393
8.47793
8.47888
8.54492
8.48413
8.47387
8.53992
8.55899
8.69703
8.52895
8.55803
8.672
8.59499
8.64887
8.51893
8.46004
8.49986
8.59809
8.4219
8.42905
8.55494
8.50582
8.50201
8.57592
8.51512
8.4331
8.55708
8.47816
8.4939
8.48198
8.58188
8.55494
8.62503
8.57902
8.46291
8.65912
8.61216
8.40592
8.35991
8.62908
8.50391
8.389
8.44502
8.65793
8.43
8.58498
8.78406
8.5988
8.5001
8.50105
8.69298
8.47387
8.50296
8.78596
8.53705
8.67987
8.54301
8.57806
8.46481
8.44598
8.46815
8.58998
8.60286
8.37517
8.51202
8.48794
8.56709
8.4362
8.57282
8.60691
8.54301
8.56805
8.46195
8.61406
8.56495
8.51417
8.51202
8.57592
8.5969
8.51107
8.68297
8.54611
8.48389
8.51893
8.56304
8.57806
8.66294
8.49509
8.65006
8.58903
8.42786
8.62813
8.43096
8.4269
8.54993
8.59904
8.53586
8.4331
8.60286
8.48007
8.57091
8.65889
8.50201
8.49009
8.45098
8.63004
8.47101
8.48794
8.61907
8.62598
8.57592
8.40402
8.65793
8.44312
8.42714
8.569
8.49199
8.47602
8.57401
8.45098
8.62193
8.49199
8.40092
8.497
8.53205
8.52799
8.52799
8.48794
8.46505
8.62288
8.61502
8.52799
8.39281
8.52394
8.45814
8.43906
8.51011
8.57997
8.48603
8.56113
8.54015
8.64482
8.61001
8.48198
8.52799
8.59404
8.4269
8.51703
8.48007
8.46577
8.59714
8.54111
8.46887
8.58903
8.64601
8.49104
8.4269
8.42309
8.51703
8.47292
8.40712
8.59904
8.48103
8.49295
8.47387
8.49104
8.564
8.569
8.40712
8.53896
8.50296
8.64911
8.67796
8.51607
8.45194
8.50797
8.57902
8.49605
8.45814
8.66103
8.52704
8.54111
8.49199
8.48603
8.50511
8.5609
8.52013
8.425
8.569
8.60095
8.48913
8.43906
8.47387
8.52799
8.51202
8.46791
8.55398
8.77714
8.60715
8.52609
8.35896
8.47101
8.42309
8.56495
8.47387
8.57306
8.49891
8.44908
8.60596
8.55994
8.45289
8.59499
8.52585
8.40902
8.53896
8.42786
8.52418
8.49891
8.47697
8.57997
8.47888
8.52299
8.55207
8.51583
8.55112
8.48913
8.50296
8.44502
8.62503
8.55994
8.62408
8.57282
8.53896
8.62312
8.66199
8.55303
8.67486
8.49319
8.49485
8.53109
8.57902
8.50105
8.52799
8.54683
8.57806
8.52704
8.54993
8.53395
8.54802
8.43596
8.58402
8.44502
8.57592
8.50105
8.636
8.61597
8.61692
8.46195
8.40282
8.57401
8.58307
8.58188
8.54492
8.5392
8.55398
8.49605
8.4579
8.63814
8.53395
8.58021
8.47983
8.58808
8.69203
8.47888
8.6441
8.52799
8.49199
8.49819
8.38304
8.58402
8.44097
8.46004
8.44383
8.42309
8.50797
8.47101
8.49319
8.65102
8.54516
8.45003
8.53109
8.57592
8.48794
8.52704
8.389
8.62193
8.47411
8.4579
8.46004
8.41403
8.46004
8.49915
8.51393
8.44884
8.47912
8.68893
8.57997
8.45194
8.50296
8.60715
8.62384
8.55207
8.51893
8.55303
8.59499
8.58498
8.71682
8.47602
8.48508
8.49915
8.54492
8.48389
8.47197
8.68011
8.54993
8.62789
8.48103
8.64291
8.50892
8.54015
8.48794
8.40688
8.52108
8.52299
8.49223
8.49199
8.53181
8.44693
8.59094
8.52799
8.64792
8.49295
8.44407
8.60214
8.62098
8.44097
8.50797
8.60405
8.54993
8.48413
8.68607
8.44407
8.47387
8.60691
8.57496
8.41713
8.52108
8.53801
8.48293
8.48103
8.50606
8.58283
8.47721
8.605
8.641
8.57282
8.48007
8.49199
8.57306
8.53515
8.55184
8.4579
8.44979
8.51297
8.5361
8.4939
8.52585
8.6391
8.42094
8.41498
8.50987
8.48889
8.57615
8.51178
8.48508
8.69298
8.56304
8.51011
8.46291
8.53086
8.43501
8.42094
8.50701
8.51512
8.52513
8.57615
8.44097
8.43692
8.66985
8.61406
8.49009
8.48508
8.51798
8.50201
8.56209
8.51679
8.66604
8.4269
8.38804
8.59499
8.51107
8.5659
8.64911
8.55303
8.564
8.45885
8.56209
8.52203
8.48794
8.6
8.62098
8.44193
8.57306
8.47006
8.57401
8.47197
8.50892
8.51917
8.4641
8.48103
8.66389
8.59213
8.41689
8.5361
8.43501
8.50296
8.5032
8.45981
8.48913
8.52299
8.54301
8.6329
8.71587
8.55207
8.62598
8.55088
8.52799
8.58593
8.46982
8.61812
8.55708
8.51607
8.62098
8.5578
8.50701
8.59189
8.78882
8.55398
8.50511
8.71897
8.71491
8.48007
8.62789
8.51512
8.50892
8.51703
8.50892
8.66008
8.48198
8.52418
8.51607
8.50105
8.46386
8.45408
8.52108
8.5001
8.65602
8.47387
8.53896
8.44002
8.564
8.58498
8.54206
8.51297
8.49104
8.5628
8.43096
8.66294
8.59284
8.564
8.47483
8.5721
8.63981
8.42905
8.72588
8.53205
8.57496
8.50105
8.497
8.51321
8.74019
8.68702
8.57496
8.62098
8.50201
8.59284
8.6112
8.50105
8.56996
8.57902
8.51178
8.59213
8.62598
8.57902
8.51083
8.51512
8.55303
8.57496
8.50105
8.55589
8.56709
8.50701
8.51417
8.67987
8.58998
8.47912
8.60691
8.48508
8.5628
8.5001
8.4548
8.55899
8.53109
8.533
8.62718
8.59308
8.49891
8.45408
8.44312
8.65412
8.57902
8.49295
8.49199
8.533
8.57282
8.641
8.62694
8.57401
8.4331
8.48818
8.47507
8.70991
8.55398
8.57806
8.50916
8.58808
8.55899
8.48889
8.45098
8.60596
8.59714
8.59189
8.60405
8.45098
8.48699
8.57282
8.51989
8.60596
8.54492
8.51703
8.59499
8.41093
8.58903
8.45718
8.36706
8.51798
8.46601
8.5392
8.497
8.53205
8.54802
8.5361
8.4939
8.61812
8.497
8.60882
8.39806
8.57592
8.52203
8.48603
8.51393
8.63791
8.41904
8.43978
8.52609
8.43096
8.43811
8.70419
8.48699
8.55207
8.55994
8.64792
8.62288
8.564
8.65507
8.58188
8.44908
8.48699
8.57091
8.61692
8.51202
8.47197
8.533
8.5969
8.76713
8.58307
8.62193
8.58712
8.5659
8.58498
8.5268
8.41308
8.55184
8.54897
8.47793
8.51703
8.44693
8.48794
8.40592
8.52203
8.48222
8.61001
8.58712
8.52489
8.56709
8.52108
8.64291
8.54397
8.61812
8.60405
8.63218
8.48699
8.66294
8.53801
8.55613
8.54802
8.6391
8.53491
8.68106
8.52799
8.5721
