35.8291
32.208
32.2831
31.132
31.487
31.404
31.765
31.3869
31.106
30.9758
31.353
30.9019
30.854
31.26
31.4369
31.4579
31.6441
31.3232
31.5731
31.245
30.9289
31.0731
31.3451
31.2328
31.342
30.972
31.3041
31.2831
31.2591
30.9532
31.2951
30.9439
31.4991
31.2951
31.2459
31.415
30.8871
31.167
30.87
31.2839
31.0111
31.2071
31.599
31.1909
31.445
31.173
31.276
31.0099
31.04
31.776
30.9198
31.049
30.9649
31.2569
31.4829
31.5609
31.3239
31.177
31.2302
30.8321
31.112
31.415
31.4319
31.1959
31.0049
30.772
31.744
31.1909
31.528
31.1072
31.275
31.2529
31.2929
30.7519
31.626
31.0349
31.3981
31.1711
31.1291
31.2369
31.3849
31.2738
30.8959
31.23
31.724
31.4269
30.9689
31.0829
31.363
31.656
31.389
31.462
31.1239
30.9811
30.9432
31.436
31.3561
31.0829
31.312
31.255
31.4949
31.1241
31.0001
31.28
31.451
31.1952
30.937
31.8091
31.5628
31.0099
31.6241
31.074
31.251
31.5681
31.5149
31.3649
31.3668
31.3082
31.4531
31.2881
30.5321
31.466
31.4441
31.445
30.9789
31.2209
31.4889
30.715
31.1301
31.2119
31.688
31.054
31.5661
31.0361
31.1742
31.5781
31.0731
31.1699
30.9999
31.064
31.471
31.2049
31.2729
31.405
31.266
31.5058
31.364
31.3399
31.1189
31.394
31.2021
31.251
31.106
31.2259
31.4109
30.885
30.7641
31.3559
30.8719
31.6799
31.4441
31.1298
31.2049
31.6119
31.157
31.0872
31.0671
31.255
31.739
30.9429
31.162
31.518
31.193
31.821
31.296
31.2881
31.436
31.3809
31.2181
31.1308
31.179
31.4391
31.2321
31.276
30.9501
31.2819
31.0709
31.09
31.117
31.1821
31.5161
30.956
31.4541
31.023
31.054
31.1849
31.744
31.404
31.426
31.065
31.2462
31.884
31.143
31.3811
31.0941
31.234
31.2369
31.527
31.1329
31.1038
31.553
31.055
31.2698
31.281
31.5289
31.081
30.9558
31.2309
31.373
31.291
31.41
31.0571
31.146
31.1031
31.204
31.3811
31.518
31.4322
30.952
31.342
30.8881
31.517
31.316
31.354
30.916
31.038
31.3792
31.137
31.4429
31.5878
31.445
30.869
31.0678
31.378
31.5008
31.1689
31.316
31.605
31.1558
31.1031
31.436
31.0171
31.342
31.2152
30.8981
31.1751
31.2381
31.1651
30.977
31.291
31.157
31.28
31.1859
31.1499
30.8571
31.1971
31.1761
31.75
31.4541
31.3759
31.0719
31.2262
30.937
31.2169
31.0409
31.3659
31.234
31.5092
31.1291
31.6491
31.4291
31.472
31.6298
31.1379
31.2212
31.106
31.4291
31.0321
31.611
31.0071
31.0562
31.487
31.065
31.0431
31.1222
31.239
31.3749
31.251
30.9942
31.6961
31.4701
31.369
31.3661
31.3451
31.2271
31.3551
31.502
31.1558
31.5559
31.1451
31.0419
31.3199
31.287
30.9548
31.2359
31.2641
31.1031
31.0581
31.811
30.859
31.472
31.3048
31.251
31.146
31.3981
31.6551
31.6021
30.8871
31.143
31.3051
30.936
30.946
31.213
31.1041
31.5011
31.244
31.1489
30.905
31.168
31.2049
31.1301
31.126
31.5042
31.4231
31.0981
31.6861
31.498
31.1098
31.306
30.925
31.518
31.431
31.1289
31.045
31.368
31.0879
31.059
31.1031
31.3389
31.2741
31.256
31.2281
31.0879
31.194
31.497
31.2319
31.369
30.9851
31.4031
31.1441
31.069
31.3761
31.522
31.08
30.983
31.2741
31.0278
31.1799
31.0578
31.1511
31.261
31.517
31.347
31.3041
31.2359
31.395
31.3339
31.2059
31.507
31.2488
31.179
31.1489
31.3449
30.931
31.2221
31.3971
30.8831
31.0261
31.2531
31.554
31.507
31.5602
31.2541
31.261
31.271
31.06
31.383
31.652
31.8921
31.131
31.152
31.395
31.3189
31.194
31.6122
31.2471
31.477
31.2369
31.352
30.9701
31.2641
31.5611
31.311
31.1391
31.3611
31.4531
31.25
31.008
31.0001
31.409
31.5678
31.1079
31.6219
30.9451
31.204
31.1999
31.2541
31.0371
31.6398
31.163
31.4031
31.1222
31.1511
31.111
31.4209
31.3668
31.2269
31.153
31.0609
31.77
31.574
31.1339
31.189
31.5688
31.6
31.3871
31.296
31.178
31.1651
31.5421
31.306
31.3609
31.565
31.1019
31.5912
31.601
31.58
31.1761
31.2171
31.6629
31.1661
31.6732
31.2641
31.3761
31.0731
30.8461
31.1501
31.3082
31.0099
30.998
31.316
31.364
31.46
31.2469
31.502
31.2881
31.893
31.5752
31.5859
31.198
31.0981
31.3821
31.337
31.162
31.1651
31.1661
31.1978
31.2479
30.972
31.234
31.3258
31.0819
31.086
31.4891
30.9031
31.3621
31.4138
31.0211
31.287
31.11
31.383
31.2312
31.24
31.4078
30.997
31.153
31.148
31.3618
31.251
31.152
31.189
31.2691
31.1439
31.764
31.774
31.158
31.5549
31.3239
31.486
31.214
31.5659
31.4062
31.0349
31.5061
31.2741
31.2381
32.0668
31.2541
31.2951
31.467
31.1239
31.5189
31.2109
31.239
30.8571
31.3191
31.2521
31.2262
31.6281
31.2791
31.4322
31.491
30.9942
31.208
31.2529
30.926
31.059
30.9849
31.023
31.203
30.88
31.1069
30.9861
31.472
31.2281
31.4639
30.968
31.584
31.0879
30.8859
31.0071
30.9238
31.548
31.3301
31.2479
31.1229
31.2958
31.4679
31.173
31.199
30.936
31.167
31.0779
31.1482
31.1441
31.137
30.8962
30.93
31.4391
31.1439
31.4722
31.3199
31.5049
31.183
31.4331
31.4701
31.281
31.4541
31.3861
31.42
31.461
31.46
31.426
31.431
31.4689
31.2979
31.1842
31.292
30.9579
31.2262
31.018
31.327
30.972
31.3201
31.3442
31.781
30.905
31.7471
30.9241
31.1861
31.008
31.4121
31.1811
31.1711
31.2541
31.2672
31.5671
31.074
31.121
31.667
31.2901
31.4569
31.0712
31.565
31.492
31.4991
31.765
31.512
31.1229
31.065
31.2479
31.482
31.219
31.2059
31.131
31.4381
31.482
31.2428
31.0559
31.8351
31.424
31.0779
31.008
31.054
31.286
31.0349
31.1351
31.234
31.0431
31.3499
31.842
31.522
31.6222
31.4569
31.23
31.4431
31.2681
31.1642
31.5731
31.173
31.3761
31.4999
31.5011
31.2181
30.9808
31.3849
31.101
31.0221
31.3518
31.4002
31.605
31.0349
31.07
31.179
31.5189
31.461
30.9782
31.06
31.3759
31.2099
31.225
31.2271
31.1599
30.8979
31.656
31.5661
31.358
31.209
31.1072
31.194
31.3721
31.074
31.4391
31.2519
30.993
31.1401
31.1859
31.2412
31.2471
31.1949
31.1348
31.6699
31.0781
30.9811
31.3141
31.337
31.647
30.961
31.0619
30.92
31.2991
31.286
31.0268
31.5578
31.307
31.3811
31.306
31.4839
31.8229
31.1511
31.5552
31.199
31.0929
30.8869
31.5239
31.45
30.859
30.889
31.287
32.124
31.3289
31.0459
31.064
31.27
31.4491
31.3599
31.07
31.297
31.3809
31.43
31.564
31.2419
31.179
31.3511
31.513
31.1978
30.91
31.0302
32.124
31.4231
31.3692
31.522
31.8341
31.3489
30.936
31.2662
31.1749
31.5211
31.1351
30.946
31.2021
31.868
31.2541
30.9689
31.141
31.4229
31.3308
31.672
31.225
31.59
31.1382
31.4059
31.271
31.1878
31.1799
31.117
31.6269
31.8851
31.43
30.8349
31.4388
30.9629
31.0891
30.7529
31.1661
31.074
31.137
31.353
31.5831
31.5771
31.2879
31.0869
31.3509
30.7128
31.0309
31.244
31.6658
31.3151
31.4331
31.3931
31.23
30.926
31.4329
31.2569
31.065
31.39
31.25
31.0781
31.3032
30.8759
31.6169
31.4839
31.2562
31.3811
31.2731
31.137
30.9699
31.132
31.2271
31.0152
31.064
31.1341
31.034
31.369
31.111
31.0111
31.378
31.2479
31.1291
31.5499
31.168
31.244
31.6489
31.0819
31.1308
31.1871
30.8571
31.43
31.1699
31.359
31.2901
31.3499
31.194
31.347
31.1608
31.1508
31.451
31.4949
31.0032
31.3349
31.105
30.8342
31.121
31.5962
31.126
31.2898
31.09
31.147
31.0919
30.8912
31.2409
31.327
31.4071
30.8421
31.199
31.038
31.0831
31.662
31.6529
31.302
31.214
31.0259
31.3408
31.2021
31.6119
31.214
31.286
31.4839
31.244
30.9062
31.4541
31.1632
31.0321
31.5681
30.828
31.249
31.5311
31.1191
31.2009
31.2362
30.9651
31.0581
31.3199
31.2839
31.2059
30.9558
31.5831
31.256
30.7391
31.0531
30.9289
31.872
31.2572
31.189
31.1968
31.116
31.6
31.0779
31.0938
31.2121
31.42
31.4679
31.148
31.3671
31.2641
30.7088
31.4291
31.168
31.6389
31.194
31.153
31.323
31.3091
31.343
30.8578
31.1871
31.4491
31.1172
30.8199
31.395
31.2049
31.281
31.1668
31.23
31.4372
31.671
31.22
31.0481
31.245
31.0709
31.328
31.3952
31.081
31.1878
31.05
31.4732
31.5011
31.2152
30.9751
31.435
31.24
31.2719
31.141
31.2579
31.569
30.9129
31.2591
31.0361
31.353
31.2831
30.91
30.9331
31.296
30.9939
31.0071
31.5762
30.925
31.4829
31.512
31.353
31.1921
30.961
30.906
31.1708
30.9839
31.1611
31.3158
31.343
30.8211
31.101
31.3811
31.1761
31.523
31.4331
31.5881
31.775
30.9179
31.173
31.533
31.415
