13.9031
13.7091
13.1371
13.7031
13.7041
13.072
13.6008
13.9751
13.4621
13.392
13.901
13.8681
13.0749
13.4709
14.4491
13.891
13.9031
13.3801
13.3011
13.2639
13.531
13.9439
13.5219
13.381
13.6321
13.562
13.7472
13.4652
13.6259
13.423
13.377
13.634
13.382
13.4819
13.4301
13.464
13.438
14.3201
13.4201
13.9439
13.3159
13.643
13.375
13.443
13.3481
13.3998
13.4029
13.0091
13.1671
13.55
13.9301
13.14
13.6521
13.2771
13.4699
13.377
13.418
13.4361
13.659
13.2661
13.5269
13.4211
13.423
13.412
13.555
13.35
13.7129
13.3989
13.1841
13.9298
13.6101
13.0851
13.2618
13.314
13.453
13.221
13.7579
13.557
13.4659
13.109
13.3469
13.514
13.3641
13.531
13.464
13.5548
13.3312
13.5188
13.4211
13.6809
13.526
13.629
13.217
13.9079
13.3779
13.1471
13.2802
13.2539
13.5119
13.092
13.324
13.411
13.6781
13.7219
13.566
13.716
13.6659
13.2408
13.3071
13.329
13.3331
13.4881
13.6082
13.6192
13.5539
13.2549
13.844
13.555
13.4459
13.7351
13.283
13.557
13.3281
13.304
13.685
13.9701
13.4099
13.3641
13.8021
13.6349
13.7899
13.7289
13.983
13.4861
13.212
13.6349
13.2079
13.1621
13.386
13.2
13.7172
13.7048
13.1922
13.622
13.602
13.4101
13.376
13.7479
13.2401
14.1439
13.5269
13.0839
13.262
13.505
13.5789
13.334
13.6299
13.3998
13.7112
13.3519
13.401
13.5441
13.4499
13.3331
13.737
13.675
13.8128
13.5801
13.586
13.9048
13.463
13.356
13.551
13.3231
13.5319
13.6778
13.9551
13.4628
13.5341
13.917
13.232
13.479
13.633
13.6399
13.3519
13.535
13.943
13.2239
13.7239
13.3212
13.6919
13.1969
13.701
13.3741
13.6621
13.881
13.587
13.7329
13.3829
13.5012
13.2351
13.3929
13.226
13.741
13.5248
13.7951
12.738
13.6502
14.1749
13.833
13.267
13.442
13.5589
14.071
14.009
13.571
13.5381
13.469
13.6719
13.2439
13.283
13.428
13.329
13.6371
13.2
13.5949
13.3181
13.5579
13.3131
13.3171
13.5338
13.8741
13.3889
13.6681
13.783
13.433
13.4249
13.9592
13.2401
13.247
13.361
13.222
13.541
13.737
14.02
13.9101
13.4318
13.356
13.634
13.4161
13.5529
13.1969
13.3681
13.427
13.1669
13.478
13.5179
13.3781
13.9191
13.4158
13.6449
13.49
13.5329
13.9542
13.7122
13.5541
13.3929
14.029
13.2692
13.397
13.5
13.7639
13.8881
14.318
13.5131
14.0951
13.7379
13.381
13.3569
13.396
13.5851
13.2301
13.1719
13.531
13.3622
13.3822
13.262
13.926
13.4261
13.839
13.963
13.227
13.6971
13.792
13.4799
13.67
13.988
13.8559
13.392
13.458
13.67
13.6039
13.344
13.4051
13.495
14.1909
13.396
13.4749
13.6049
13.6201
13.2718
14.173
13.6731
13.644
13.6619
13.113
13.587
13.804
13.3638
13.9551
13.9339
13.468
13.7351
13.9601
13.809
13.3839
13.694
13.8021
13.2709
13.849
13.983
13.294
13.587
13.7889
13.6299
13.5429
13.6511
13.761
13.3371
13.5009
13.6049
13.8741
13.6168
13.8092
13.4311
14.1079
14.1311
13.8459
13.417
13.453
13.5069
13.001
13.3541
13.2852
13.2458
13.7169
13.5431
13.382
13.5701
13.653
13.829
13.3491
13.6909
13.2301
13.258
13.684
13.6361
13.643
13.5219
13.4549
13.212
13.4931
13.6542
13.5942
13.5472
13.814
13.453
13.4308
13.514
13.428
13.6909
13.6011
13.4771
13.1731
13.5729
13.967
13.4199
13.689
13.541
13.3319
13.7029
13.4702
13.413
13.6189
13.675
13.34
13.4461
13.2511
13.6831
13.6299
13.3779
13.701
13.191
13.571
13.7959
13.715
13.366
13.5639
13.819
13.999
13.742
13.5961
13.6259
13.6731
13.283
13.86
13.494
13.6499
13.649
13.8371
13.3638
13.4501
13.3281
13.4521
13.4828
13.654
13.8471
13.3252
13.5272
13.438
13.2041
13.731
13.171
13.4139
13.6521
13.442
13.5319
13.5481
13.7351
13.5939
13.7231
13.8261
13.3028
13.4392
13.767
13.2251
13.5071
13.2041
13.839
13.6182
13.4292
13.299
13.958
13.418
13.4048
13.3171
13.3479
13.5641
13.3531
13.6249
13.7939
13.689
13.67
13.1559
13.7501
13.4909
13.469
13.448
13.8829
13.3851
13.593
13.7949
13.428
13.114
13.3049
13.5751
13.3328
13.499
13.895
13.6609
13.339
13.519
13.4468
13.9201
13.4499
13.8869
13.0999
13.5281
13.3359
13.2709
13.634
13.6881
13.8712
13.5691
13.345
13.2942
13.2501
13.1888
13.2561
13.562
