25.456
24.5619
24.22
24.425
24.555
24.379
23.3679
24.627
24.7788
24.2848
24.5421
24.555
24.4291
24.286
24.3268
24.3609
24.508
24.8358
23.9139
24.183
24.1489
24.1051
24.7321
24.4391
23.5012
23.9241
24.5471
24.467
25.146
24.0891
24.235
24.8139
24.7169
24.3628
23.967
24.595
24.055
23.4821
24.1539
24.1799
24.6129
24.385
24.5168
24.704
24.466
23.6959
24.3509
24.4229
24.3621
24.3089
24.2341
24.821
24.3261
24.025
23.901
24.8191
24.2569
24.0359
24.615
23.489
23.8969
24.1959
24.4021
24.823
23.7401
25.0361
24.3731
24.2281
24.4062
23.9339
24.3111
24.8671
24.694
24.204
25.0912
24.214
24.405
24.425
24.065
24.1489
24.8399
24.5881
24.3609
23.4809
24.38
24.725
24.3571
24.807
23.8872
24.6031
24.0951
23.9451
24.4288
23.7591
24.0321
24.694
24.482
24.492
24.0719
23.978
24.471
24.5419
24.101
24.0622
24.4839
24.277
24.2689
24.039
24.627
24.2
24.59
24.596
24.3731
23.8349
23.962
24.1961
24.128
24.425
23.911
24.0591
24.226
23.9599
23.9439
24.3671
24.034
24.6639
24.1852
24.04
24.4899
24.0288
24.2519
24.308
24.384
24.2519
24.0262
24.4141
24.014
24.1859
24.6842
24.6329
24.2422
24.4808
23.67
24.673
24.996
24.7881
24.3368
23.267
24.3309
24.5039
24.6031
24.4641
24.821
24.1292
23.946
24.0741
24.4038
23.711
24.2789
24.554
24.4529
24.6251
23.983
24.41
24.1649
24.087
24.895
24.792
24.4021
24.374
24.472
24.3711
23.874
24.291
24.5371
24.2789
24.1151
24.6
24.437
23.9441
24.0011
24.4901
24.0519
24.3599
24.3552
24.3869
24.605
23.8919
23.9232
23.8431
24.38
24.184
25.008
24.2679
24.4479
24.7509
23.9449
24.596
24.096
24.4169
24.9112
24.523
23.993
24.1449
24.4811
23.8991
24.044
24.8358
24.478
24.034
24.37
24.518
24.435
23.9689
24.498
24.3988
23.946
24.102
23.9758
24.8098
24.225
24.168
24.58
23.9391
24.498
24.0412
24.509
24.4591
24.3092
24.241
23.8979
24.255
24.2372
24.4231
24.3969
24.7462
24.4291
24.333
23.5081
24.2062
23.8812
23.8349
23.932
24.3108
24.3621
24.092
23.8891
23.931
24.049
24.6031
23.977
24.097
24.0881
24.2
24.7729
24.255
24.147
23.5
24.467
24.559
24.0099
24.1699
24.5769
24.4222
24.714
23.7401
24.4229
24.688
23.7989
23.2332
24.4479
24.395
24.77
24.8089
23.9818
23.7589
24.04
24.611
24.26
23.7999
24.6851
24.3449
24.6251
23.9449
24.1699
24.431
24.1961
24.8961
24.2541
24.1129
24.1652
24.132
24.193
24.2901
24.421
24.559
24.1821
23.9489
24.4329
23.9391
24.3342
23.983
24.178
24.4138
24.348
24.6038
24.1921
24.5519
23.5901
24.4019
24.5471
24.76
24.4401
24.332
23.834
24.3981
24.277
24.4579
24.853
24.5941
24.627
24.2281
24.5531
24.7831
24.7891
24.019
24.514
24.9941
24.416
24.1232
24.3042
24.3039
23.9341
24.802
24.466
24.3719
23.665
24.231
23.7491
24.0781
23.7112
24.2341
24.647
24.8492
24.6301
24.0471
24.7102
24.452
24.3418
24.1909
23.926
24.411
24.596
24.709
24.7519
24.7569
24.456
23.6821
24.2209
23.7958
24.389
24.3719
24.801
24.369
23.8578
24.009
24.0221
24.792
24.096
23.8581
23.942
24.271
24.462
24.7781
24.2059
24.2929
24.4498
24.745
24.7049
24.8199
24.0631
24.6761
24.3599
24.6549
23.8149
23.9182
23.886
24.5299
24.518
23.9201
24.529
24.991
23.9539
24.349
24.3089
24.3292
24.4441
24.0271
24.4789
24.1499
23.725
24.648
24.2691
24.7281
23.7138
24.1971
24.5569
24.266
24.4539
23.9611
24.452
24.6561
24.0829
24.683
23.9739
24.2989
24.735
23.9298
24.3831
24.2
24.1301
23.9069
24.148
24.21
24.7121
24.256
24.266
24.215
24.009
24.2491
24.874
24.0128
24.7262
24.0149
24.1132
24.3628
24.441
24.6379
23.9191
24.2748
24.6291
24.2419
24.9541
24.3201
24.1661
24.256
24.2929
23.7389
24.169
24.092
23.8919
24.267
24.3139
24.133
24.514
24.1811
24.2009
24.5731
24.0631
24.287
24.2441
24.0588
24.1439
24.029
24.385
24.5481
24.617
24.719
24.406
24.3828
24.564
24.2369
24.924
24.1079
24.8511
24.0541
24.271
23.988
24.2469
24.5819
23.87
24.091
24.348
24.3411
24.5738
24.7231
24.076
24.302
24.21
24.0059
24.0569
23.664
24.4181
23.963
24.193
24.3559
24.157
24.5972
24.792
24.291
