26.6309
13.375
13.4089
13.422
13.489
13.479
13.418
13.4161
13.4521
13.402
13.442
13.4521
13.4552
13.454
13.4499
13.401
13.464
13.392
13.479
13.4881
13.417
13.463
13.4869
13.468
13.3991
13.387
13.448
13.3889
13.417
13.4249
13.4192
13.4439
13.4189
13.4351
13.4571
13.412
13.4511
13.4549
13.474
13.4521
13.4509
13.423
13.4292
13.3989
13.3898
13.4208
13.3898
13.4768
13.3858
13.468
13.447
13.4599
13.432
13.407
13.484
13.4709
13.4542
13.406
13.4339
13.3982
13.4752
13.4039
13.4799
13.382
13.401
13.3951
13.4289
13.4821
13.463
13.397
13.463
13.4199
13.417
13.401
13.4649
13.407
13.4079
13.4761
13.3839
13.3331
13.4029
13.4091
13.3841
13.4509
13.4752
13.458
13.4401
13.418
13.447
13.453
13.438
13.468
13.422
13.478
13.3958
13.3901
13.4709
13.4301
13.453
13.474
13.428
13.4232
13.4668
13.4358
13.443
13.4161
13.412
13.4602
13.4571
13.474
13.4721
13.4311
13.433
13.4611
13.401
13.4351
13.4611
13.458
13.483
13.4339
13.469
13.4661
13.3851
13.464
13.4292
13.392
13.4201
13.355
13.4621
13.4602
13.463
13.4649
13.4609
13.3979
13.411
13.4242
13.469
13.386
13.4289
13.4351
13.406
13.437
13.4802
13.4408
13.3579
13.4711
13.5632
13.5479
13.4099
13.3791
13.432
13.4001
13.4552
13.377
13.4518
13.4618
13.4261
13.469
13.459
13.4661
13.4749
13.4611
13.4339
13.479
13.423
13.448
13.4592
13.4389
13.458
13.3679
13.473
13.4029
13.4342
13.4249
13.417
13.4649
13.382
13.454
13.427
13.4621
13.4559
13.397
13.4671
13.4308
13.4339
13.4368
13.469
13.423
13.4709
13.4439
13.478
13.3941
13.387
13.4749
13.417
13.4168
13.4609
13.4501
13.402
13.417
13.4289
13.3901
13.4678
13.464
13.4571
13.4318
13.3569
13.4308
13.438
13.4699
13.433
13.4718
13.4301
13.4501
13.4549
13.474
13.4611
13.4871
13.464
13.418
13.406
13.463
13.4251
13.449
13.4408
13.4139
13.4301
13.4931
13.418
13.4211
13.468
13.4561
13.3829
13.4408
13.4082
13.453
13.4602
13.4599
13.4072
13.4079
13.397
13.4468
13.427
13.443
13.392
13.423
13.448
13.448
13.4609
13.453
13.3901
13.4099
13.4058
13.4869
13.4761
13.4521
13.4041
13.4001
13.4079
13.3748
13.4449
13.3989
13.4101
13.411
13.4802
13.397
13.447
13.468
13.474
13.443
13.417
13.423
13.4161
13.4301
13.4001
13.402
13.4349
13.4361
13.412
13.4728
13.433
13.4602
13.4561
13.474
13.387
13.3998
13.448
13.4079
13.4351
13.447
13.4761
13.4521
13.4649
13.4761
13.396
13.4671
13.4799
13.4249
13.4199
13.417
13.3939
13.4821
13.412
13.4199
13.4518
13.4799
13.478
13.4611
13.381
13.4542
13.3951
13.417
13.443
13.4659
13.4401
13.4709
13.4549
13.4521
13.3941
13.474
13.3832
13.4411
13.406
13.3929
13.4699
13.4602
13.3901
13.469
13.4101
13.413
13.474
13.4759
13.454
13.3991
13.443
13.4411
13.4611
13.417
13.3729
13.4318
13.437
13.4599
13.3891
13.4671
13.4761
13.484
13.4621
13.474
13.391
13.447
13.423
13.341
13.4099
13.4339
13.4602
13.423
13.4029
13.453
13.448
13.4392
13.418
13.4561
13.454
13.4258
13.4618
13.4048
13.417
13.4609
13.4108
13.4728
13.4249
13.4392
13.417
13.468
13.3772
13.454
13.4568
13.4192
13.392
13.4091
13.4201
13.423
13.453
13.422
13.4249
13.4611
13.3741
13.4411
13.4301
13.4649
13.423
13.412
13.4621
13.468
13.396
13.422
13.406
13.4649
13.4611
13.4799
13.4518
13.412
13.4621
13.4089
13.4749
13.4311
13.37
13.459
13.4039
13.3781
13.4351
13.4339
13.458
13.4299
13.4311
13.4189
13.4599
13.428
13.468
13.448
13.3591
13.397
13.4919
13.4072
13.4389
13.4521
13.4511
13.469
13.4099
13.453
13.401
13.4051
13.4621
13.4189
13.3901
13.412
13.4079
13.442
13.4411
13.4621
13.449
13.4008
13.4549
13.4611
13.4201
13.4671
13.4029
13.4211
13.376
13.448
13.463
13.417
13.4029
13.407
13.422
13.4599
13.4778
13.4258
13.417
13.4199
13.366
13.449
13.4811
13.4439
13.4101
13.4811
13.4101
13.4461
13.4568
13.4249
13.4609
13.4258
13.4649
13.4511
13.447
13.428
13.458
13.4289
13.4101
13.4459
13.427
13.442
13.4571
13.4101
13.365
13.423
13.396
13.4501
13.3851
13.428
13.396
13.4392
13.3829
13.4041
13.4549
13.428
13.401
13.4749
13.4039
13.4611
13.4749
13.479
13.3989
13.459
13.402
13.4439
13.4621
13.4721
13.4799
13.4361
13.4361
13.3901
13.4602
13.469
13.4351
13.4411
13.4499
13.427
13.377
13.4661
13.371
13.4311
13.464
13.473
13.4752
13.4559
13.4349
13.396
13.4611
13.4552
13.453
13.437
13.4208
13.4358
13.454
13.4251
13.4609
13.433
13.479
13.412
13.4141
13.4201
13.4609
13.4311
13.4461
13.4451
13.458
13.484
13.3691
13.418
13.392
13.4718
13.423
13.4001
13.4771
13.4301
13.4101
13.4571
13.4449
13.3951
13.4161
13.4361
13.4799
13.427
13.3839
13.4618
13.4549
13.4151
13.443
13.483
13.464
13.458
13.463
13.4549
13.463
13.4652
13.4099
13.453
13.4189
13.382
13.4389
13.4499
13.443
13.3798
13.4699
13.4361
13.418
13.3722
13.407
13.442
13.4101
13.437
13.407
13.4099
13.5009
13.386
13.468
13.453
13.4809
13.4709
13.4659
13.4461
13.448
13.4432
13.4449
13.4149
13.459
13.4161
13.473
13.473
13.4721
13.4621
13.4811
13.454
13.4132
13.468
13.411
13.3581
13.3591
13.427
13.392
13.4289
13.3979
13.4671
13.478
13.4161
13.463
13.3882
13.3929
13.428
13.428
13.413
13.428
13.449
13.4492
13.4971
13.423
13.478
13.4611
13.417
13.4449
13.4239
13.4461
13.4032
13.4201
13.4158
13.4289
13.459
13.411
13.4609
13.396
13.443
13.4239
13.428
13.4699
13.4232
13.4289
13.413
13.4859
13.4611
13.4161
13.474
13.3789
13.489
13.437
13.4211
13.5
13.4139
13.396
13.4442
13.413
13.4292
13.411
13.479
13.438
13.478
13.4149
13.4568
13.4599
13.474
13.422
13.4652
13.469
13.428
13.4029
13.4079
13.4449
13.4239
13.406
13.4809
13.4261
13.4768
13.469
13.4139
13.4668
13.4141
13.443
13.412
13.4468
13.4518
13.442
13.4571
13.4661
13.479
13.3851
13.4509
13.464
13.4411
13.386
13.485
13.4289
13.4571
13.468
13.3641
13.3832
13.459
13.4358
13.4411
13.4211
13.4652
13.4521
13.4051
13.427
13.4552
13.4239
13.4449
13.4211
13.468
13.4611
13.458
13.4542
13.417
13.4649
13.4692
13.4029
13.4578
13.418
13.3951
13.386
13.386
13.442
13.459
13.3941
13.473
13.453
13.3679
13.443
13.478
13.428
13.4571
13.4192
13.401
13.4621
13.4571
13.4549
13.433
13.4561
13.4189
13.3889
13.4921
13.4702
13.3979
13.4001
13.459
13.4699
13.442
13.4001
13.4599
13.474
13.418
13.418
13.459
13.509
13.4521
13.4549
13.4249
13.423
13.4399
13.4311
13.447
13.4618
13.4449
13.417
13.406
13.4351
13.4699
13.454
13.4139
13.4358
13.469
13.4151
13.422
13.4101
13.417
13.423
13.4039
13.4089
13.463
13.4261
13.4451
13.4461
13.422
13.4661
13.474
13.469
13.4399
13.463
13.4552
13.411
13.397
13.4799
13.402
13.464
13.479
13.4611
13.4509
13.3789
13.4699
13.4661
13.423
13.454
13.4709
13.473
13.4771
13.459
13.4201
13.4101
13.4201
13.4289
13.3908
13.4518
13.474
13.427
13.3791
13.4492
13.4559
13.3839
13.4749
13.4552
13.438
13.4521
13.4702
13.437
13.4721
13.402
13.4921
13.4141
13.4718
13.4599
13.4101
13.4511
13.406
13.458
13.3982
13.4339
13.4141
13.4602
13.4511
13.423
13.474
13.4449
13.3941
13.4351
13.3929
13.4671
13.4461
13.3901
13.485
13.4108
13.4509
13.4652
13.4199
13.4161
13.448
13.413
13.4869
13.4699
13.4652
13.4301
13.454
13.4752
13.4299
13.4692
13.4151
13.4709
13.4621
13.4821
13.4299
13.474
13.4439
13.447
13.4592
13.361
13.4251
13.406
13.4439
13.4552
13.473
13.392
13.4299
13.463
13.4778
13.4258
13.4718
13.412
13.4869
13.4799
13.423
13.4761
13.433
13.4559
13.3979
13.443
13.499
13.4759
13.4552
13.341
13.4089
13.469
13.454
13.4771
13.443
13.4571
13.4029
13.3798
13.4108
13.4521
13.433
13.377
13.4051
13.4501
13.427
13.3772
13.411
13.4549
13.4199
13.4451
13.3989
13.4339
13.406
13.4182
13.4139
13.4399
13.432
13.4609
13.4332
13.4299
13.4749
13.4311
13.406
13.448
13.4089
13.468
13.4342
13.3898
13.386
13.4051
13.4399
13.4299
13.464
13.4768
13.453
13.4361
13.413
13.464
13.437
13.391
13.474
13.418
13.4051
13.411
13.464
13.433
13.3929
13.437
13.432
13.4139
13.495
13.459
13.4778
13.4468
13.4349
13.443
13.4931
13.4101
13.422
13.397
13.4268
13.423
13.4771
13.4301
13.4609
13.454
13.448
13.4351
13.437
13.4201
13.4521
13.423
13.4659
