65.347
60.4141
59.5438
60.3831
59.7692
60.303
59.6061
60.4
59.777
59.6218
60.374
59.809
60.405
59.9871
60.029
59.6039
59.7291
60.4169
60.1981
59.974
59.2279
59.437
60.359
59.8881
59.7641
59.536
59.7119
59.689
59.5958
59.8731
59.9911
60.5302
59.7501
59.9558
59.299
59.4141
59.654
60.1959
60.076
60.6532
59.6108
59.433
60.1919
60.446
60.3459
60.324
60.0429
59.531
60.035
60.0371
60.154
61.0609
59.653
59.221
59.8979
59.71
59.5531
59.5939
59.6671
60.277
60.36
59.896
60.3881
59.603
60.55
59.989
60.112
59.6189
59.5589
59.9611
60.2262
59.9251
60.0512
60.312
60.3778
59.9449
59.6831
60.4761
59.8071
59.557
59.8781
59.427
59.8369
59.581
59.684
59.557
60.1132
59.747
60.0359
60.1761
60.5361
59.762
60.1468
59.3059
60.1151
59.674
59.3591
58.989
60.492
59.7329
59.4449
59.603
59.5899
59.5369
59.7279
60.4162
59.875
59.679
59.495
59.664
60.051
59.783
59.0961
59.7281
60.128
60.0011
59.9182
59.829
60.204
59.5961
59.711
60.4939
60.2949
59.3278
60.2419
60.2219
59.896
59.9601
59.824
60.1208
59.536
59.5429
59.9251
60.3261
59.9439
59.406
59.71
59.8609
59.706
59.134
60.4289
60.1389
60.1969
60.2441
60.3728
59.6609
59.598
59.5901
59.906
59.7219
59.7432
60.1878
59.871
60.4861
59.715
59.3181
59.4661
59.974
59.3641
60.6148
59.5829
59.6511
59.4671
59.9809
59.773
60.1702
59.875
59.7739
59.68
59.371
59.9141
59.927
59.8919
59.571
60.2889
60.087
60.267
59.6268
60.6959
59.696
60.9529
59.341
59.5231
59.9658
59.9771
59.689
60.3249
60.4069
59.526
60.3549
59.437
59.984
60.122
60.113
59.7701
59.87
59.659
59.8891
60.1678
59.9198
59.8421
60.2231
60.2021
60.272
59.8171
59.9771
60.324
60.3442
59.4931
59.5551
60.3709
59.5431
59.927
59.984
60.2789
59.2999
60.252
60.2279
59.5379
60.1819
59.999
59.746
59.942
60.575
59.556
59.5961
59.9289
59.9289
59.931
59.3641
59.9542
59.654
59.7761
60.626
59.659
60.014
60.2841
59.6721
60.394
59.706
59.797
60.0622
59.9411
60.3211
59.2752
59.7692
60.0591
59.9401
59.9439
59.8872
59.6261
59.83
60.6291
59.9279
59.649
59.5839
59.4771
60.3192
59.9401
60.1671
59.7281
60.4761
59.7818
59.9971
59.9351
60.1611
60.087
59.443
59.9308
59.4809
60.441
60.7109
59.6049
59.9051
59.5469
60.0069
60.7409
60.2121
60.1912
59.3851
59.8581
59.8321
59.8791
60.025
60.0531
59.5901
60.3042
59.8972
59.8149
59.587
59.912
59.67
60.3521
60.0972
59.8211
59.7951
59.67
59.633
59.1929
60.349
60.0741
59.6049
59.474
59.972
59.6299
59.845
59.9689
59.5181
59.9668
59.763
59.8888
59.5939
59.5601
59.87
59.793
59.3421
60.3781
59.9549
59.397
60.282
59.7081
59.943
60.1389
60.416
59.588
59.8671
60.0441
59.906
60.1611
60.0631
59.6671
60.329
60.051
59.993
60.8079
59.896
59.6209
60.2369
59.3488
59.602
59.8099
59.2718
59.9201
59.6192
59.7999
60.5211
60.2851
59.8471
59.7491
60.127
59.8099
60.308
59.9091
59.7711
60.174
60.7572
60.008
60.091
59.912
59.8998
59.2411
60.1451
59.2601
59.2971
59.4919
60.452
59.983
59.4778
59.8481
60.1981
59.4411
59.839
60.1561
59.71
60.4341
59.233
59.4699
59.31
59.598
60.694
59.8881
60.7491
60.2028
59.6571
59.7291
59.6759
60.344
59.597
60.0221
59.6602
59.7792
60.1699
59.942
59.9458
59.6359
60.3011
60.164
59.5689
60.822
59.7968
59.51
59.5129
60.0948
59.804
59.659
59.6211
60.709
59.8609
60.1089
59.6912
59.8509
59.8969
59.643
60.041
59.2999
59.7219
59.603
59.8218
59.587
59.7701
59.8121
60.596
60.4031
60.0102
59.397
59.7439
60.1149
59.916
59.7899
59.6111
59.587
59.752
60.096
60.262
59.998
60.3249
60.478
60.209
60.154
60.1211
60.3161
59.6962
59.5582
60.133
59.7608
59.5779
60.334
59.339
59.9601
59.2761
60.6809
60.1749
59.9818
60.7009
59.9101
60.4551
59.7501
60.0231
59.55
59.448
60.539
59.6631
59.871
60.4198
59.927
60.3268
60.3039
60.1108
59.53
60.5052
60.1161
60.2889
60.2319
59.618
60.0071
59.958
59.5281
59.9051
59.8738
59.8819
59.3479
59.7501
59.974
60.534
60.2739
59.8149
59.1528
59.752
59.6762
59.5021
59.473
59.8679
59.514
59.9651
59.9382
60.679
60.0419
59.6249
60.303
59.5429
59.9549
60.215
60.4401
59.9189
59.051
59.515
59.696
59.5522
59.6659
60.2679
59.6259
60.3521
59.9611
60.2999
59.947
59.8841
59.9959
60.133
60.168
59.6681
59.947
60.066
59.6249
60.1919
60.5109
59.9771
59.9689
60.4351
59.109
59.705
59.844
59.8681
59.459
60.0271
60.3251
59.4871
59.9091
60.734
60.575
60.4448
60.1549
60.4498
60.1051
59.4661
59.597
59.839
59.5939
59.798
59.9711
60.0231
59.7758
60.5729
60.0159
60.215
59.8631
60.22
59.4969
60.1239
60.0228
59.8481
60.127
59.943
59.7589
59.607
60.3158
60.0319
59.5429
59.7131
59.854
60.241
59.7301
59.71
59.684
60.2081
59.4611
59.737
60.0359
60.0619
60.1649
60.06
60.0441
60.0059
59.9551
59.7298
59.9689
60.2849
59.901
59.9799
59.6569
60.405
60.0681
59.7591
59.947
59.5388
60.5779
60.0801
59.6759
59.9241
60.2171
59.463
59.541
59.4752
59.875
59.8021
59.418
60.3039
60.252
59.71
60.2081
59.767
59.7811
59.7501
60.2832
59.6421
60.0309
59.7641
60.041
59.5541
60.1959
60.0371
59.834
60.5559
59.788
59.2251
60.163
61.1122
60.0522
59.4471
60.081
59.4699
59.6938
60.2071
59.8791
59.8688
59.8249
60.123
59.685
60.0829
60.19
59.9229
60.0791
60.019
59.8421
60.303
60.0061
60.7171
60.3209
59.953
60.312
60.4069
60.0131
60.194
59.7589
59.68
60.0431
60.488
60.065
60.045
60.199
59.9232
59.4311
59.5858
59.572
60.128
59.8311
59.669
59.7479
60.118
59.9549
59.402
59.8149
59.7398
59.7191
59.7291
59.8991
59.6418
60.75
60.266
59.9809
59.763
60.2379
59.9649
60.303
60.1952
59.6271
59.6731
59.279
59.9489
60.0948
59.2089
59.5379
59.5489
60.3869
59.478
59.818
60.4098
59.6941
59.7861
59.5841
59.9451
60.0471
59.701
59.4909
60.0901
59.7999
59.2921
59.7951
59.618
59.7639
59.7608
60.318
59.7391
59.9871
59.3369
59.9191
59.6561
59.5481
59.293
59.9489
58.974
59.6321
60.2949
60.168
59.7379
59.943
60.0071
59.7019
60.159
60.1768
59.607
60.5202
60.2651
60.0741
59.9449
59.6199
59.706
60.5571
59.7939
60.3139
60.286
59.3421
59.5121
60.2481
60.7891
60.122
60.0951
59.464
59.7341
59.798
59.7091
59.4339
59.4399
60.0741
59.895
60.1621
59.917
60.2419
60.416
59.3922
59.7181
59.9959
60.9159
59.628
59.7272
59.7
59.9878
60.2231
59.725
60.627
59.88
59.855
59.5369
60.1711
59.8478
59.4211
59.618
60.1938
59.7329
59.907
60.2639
60.014
60.1921
60.6279
59.5679
59.9129
59.8512
59.4499
60.05
60.3681
60.811
60.5111
60.4699
59.5689
59.9549
59.612
59.895
60.3628
59.7689
59.845
60.276
59.4718
59.2699
60.0469
59.5849
60.353
59.859
60.2241
60.395
60.1289
59.799
60.0638
59.937
59.9039
59.9968
59.844
59.8638
60.7851
60.3011
60.1289
60.3242
60.071
59.9449
60.091
59.1459
60.159
59.4208
60.395
59.8531
59.912
60.173
60.2999
59.855
60.962
59.8371
59.859
59.957
59.5689
59.6991
60.1079
60.581
59.937
59.561
60.3819
59.3121
59.917
59.2539
60.3321
59.622
59.623
60.1659
59.576
59.3009
59.9668
60.9899
60.178
60.1721
60.58
59.972
60.0371
60.25
60.231
59.4599
59.4251
59.3519
59.7589
60.0271
59.634
59.706
59.902
60.0929
59.5679
59.9408
59.9809
60.0309
60.3349
60.3261
59.8769
60.216
59.3591
59.8719
60.0491
59.818
60.147
59.6681
59.6831
59.582
59.9861
59.4771
59.3572
59.3071
60.374
60.194
60.3771
59.577
60.482
59.7281
59.7651
59.5
60.262
60.591
59.9499
59.9699
60.0069
59.8049
59.8221
59.571
59.145
59.695
59.6378
59.9201
60.0371
60.2679
59.8211
59.5582
59.629
59.803
59.3848
60.4441
60.25
59.6199
59.6902
59.5031
59.7019
60.1261
60.3819
60.2238
59.8841
59.993
60.2808
59.7379
60.0169
59.581
59.263
60.0369
60.328
59.797
59.8459
60.0219
59.9449
59.453
59.8361
59.6292
59.9129
59.824
59.5462
60.2109
59.917
60.25
60.225
60.147
60.5099
60.1871
60.9801
60.3602
59.886
60.5321
60.015
59.8881
60.411
60.328
60.1721
59.9401
60.5159
59.8199
59.9451
60.3168
60.0631
59.7491
60.8749
59.68
59.7889
60.1721
59.5601
60.1921
59.917
60.4901
59.413
60.257
59.4351
59.973
60.8349
59.274
59.8018
60.185
60.4239
59.721
60.0741
59.9251
59.9802
60.7572
59.4292
60.261
59.751
59.834
60.3931
60.029
60.158
59.7451
59.2618
60.611
