45.9921
45.8639
45.218
45.5501
44.9941
45.0571
44.915
44.77
44.9839
44.7271
44.8279
45.0289
45.4328
44.8499
44.5859
44.4429
44.867
44.8461
45.1171
44.5809
44.5249
45.018
45.1939
44.8339
45.1519
44.5421
44.9331
44.8809
44.4748
45.1491
44.805
44.8611
45.011
44.903
44.7428
44.6279
44.929
44.8751
45.217
44.7488
44.8251
44.939
44.7192
44.9951
44.9572
44.883
44.976
44.7781
44.878
44.971
44.755
45.1579
45.074
44.7571
45.043
44.7202
44.9979
44.9579
44.759
44.7061
44.6119
45.037
44.807
44.7361
45.3601
45.0411
44.5938
44.8821
44.7531
44.775
44.8489
44.7021
45.0549
44.7369
44.904
44.9178
44.9679
45.45
44.4789
44.7719
44.981
44.651
44.8749
44.759
44.843
45.0039
44.7838
45.1601
44.8461
45.1729
44.6849
45.0509
44.5409
44.462
44.7571
44.6191
44.9929
44.6892
44.8
45.0802
45.048
44.965
44.8971
44.8301
44.7521
44.7891
45.208
45.157
44.759
45.085
44.9591
44.982
44.3051
44.7638
44.8411
45.042
44.4698
44.596
44.7989
44.6138
44.8079
44.755
44.5189
44.7199
44.713
44.9131
44.7438
44.7459
45.0571
45.0161
44.698
44.8229
44.558
44.8561
44.7431
44.7421
44.914
44.7891
44.7741
44.9169
44.8799
44.7671
44.945
44.5461
44.6491
44.544
44.7519
44.7249
44.9569
44.9119
44.9359
44.9831
44.775
44.4329
44.9228
44.6758
44.832
44.9018
44.867
44.5681
45.243
44.4529
45.218
44.8809
44.6699
44.9009
44.878
44.8291
44.811
44.9889
44.5321
44.6661
44.8811
45.1601
45.0249
44.9479
45.306
44.8592
45.4021
45.1238
44.7669
44.8279
44.9059
44.6489
45.3529
45.161
44.9378
44.9271
44.4801
44.9011
44.8341
44.5921
44.8301
44.9071
44.5499
45.0289
45.079
44.842
44.7922
44.657
44.8709
44.8439
44.6479
44.9169
45.2619
45.2781
44.981
44.5731
44.8508
44.661
44.574
44.857
44.7149
44.6601
45.115
44.924
44.8442
44.9941
44.8699
44.8339
44.6851
45.0661
44.7102
44.6849
44.754
45.2921
45.0101
44.9648
44.791
44.7981
45.3701
44.9619
44.8198
44.4589
44.9228
45.042
44.6942
44.4651
44.816
44.4849
44.7719
45.188
44.7171
45.2271
44.775
44.889
44.6389
44.8229
44.7478
44.5979
44.7209
44.6429
44.9688
44.9319
44.899
44.708
45.114
45.054
44.7628
44.8189
44.7881
45.0339
44.796
44.5461
44.7919
45.0799
44.7402
44.4582
44.8229
45.193
44.7459
44.9898
44.57
45.2771
44.8081
44.755
44.7919
45.3479
44.98
44.9009
44.708
44.8301
44.857
45.1779
44.5602
45.0351
44.697
45.0819
44.769
44.9641
44.5502
44.672
45.1019
45.0659
44.8432
44.7421
44.734
44.77
44.9491
44.904
44.6429
44.9231
44.8949
44.5929
44.6539
44.874
44.745
44.795
44.7512
44.9109
44.739
44.9171
44.8241
45.0401
44.6861
44.7972
45.203
44.8139
44.7268
44.898
44.5411
45.0542
44.379
44.61
44.6219
44.6301
44.8811
44.9619
44.9612
44.8101
44.9152
44.843
45.1701
45.0191
44.498
44.884
44.714
44.9891
44.8899
44.74
44.677
45.012
45.2361
44.791
44.97
45.053
45.1429
44.899
44.5359
44.7159
44.9018
44.956
44.5318
44.9219
45.5298
45.022
44.826
45.1081
44.7838
44.646
44.7712
45.218
45.0289
44.6868
45.202
44.7831
45.2321
44.487
44.754
44.7042
45.2251
45.0671
44.96
45.2471
44.585
44.9419
44.857
44.5571
44.8558
44.9319
44.5681
44.672
44.946
44.8191
44.93
45.1128
45.1291
45.0861
44.7688
45.1629
44.4691
44.6048
44.8449
44.7221
45.058
44.343
44.7979
44.6711
45.2461
44.8232
44.836
44.5559
44.6739
45.0442
44.9281
44.508
45.001
44.7168
44.759
44.8871
44.8961
44.637
44.7321
44.7941
44.8291
45.0289
44.6441
44.878
44.9109
44.786
44.781
44.734
44.7919
44.8029
44.8079
44.7929
44.759
45.1319
44.8349
44.9889
44.625
44.739
44.96
45.037
44.6332
44.9221
44.898
45.213
44.5211
44.6479
44.862
44.8349
45.1798
45.0239
44.848
44.9929
44.6689
44.502
44.8999
45.3708
44.6341
44.8811
44.529
44.843
45.0079
45.505
44.9791
44.929
45.0301
44.646
45.125
44.5881
45.2619
44.7249
44.9829
44.62
45.0208
45.0649
44.4698
44.672
44.8248
44.8558
44.817
45.27
44.7128
44.7559
44.734
44.8072
45.238
45.2199
44.7519
45.1701
45.0671
44.4319
45.1062
44.9941
44.889
44.951
45.192
44.7559
44.91
44.8809
44.873
45.3131
44.9898
44.903
44.6811
44.6942
44.8229
44.8258
44.925
44.7249
45.0301
44.9641
44.5271
44.853
44.8461
44.8859
45.018
44.4379
44.5659
44.6119
44.879
44.6889
45.054
44.5089
45.1992
44.832
45.0411
44.795
44.939
44.8711
45.022
44.6389
45.0289
45.213
44.6689
44.838
44.688
44.904
44.4479
44.7898
44.7681
45.104
44.8139
45.0048
44.873
44.585
44.8439
45.0299
44.8611
44.7791
44.8742
44.8141
45.1181
44.5361
44.631
45.1291
44.8751
44.8701
44.544
45.342
44.6792
44.8351
44.7922
44.8451
44.8229
44.492
44.7888
44.697
44.4729
45.3739
44.739
44.9541
44.9049
44.7261
45.15
44.9748
44.5831
44.7099
44.445
44.7221
45.027
44.6711
44.9781
44.558
44.785
44.76
44.5311
44.7409
44.6742
44.939
44.9722
44.5721
44.7681
44.4088
44.6808
44.853
44.8771
45.13
44.955
44.8878
45.013
44.8089
45.084
44.661
44.7319
44.6999
44.8329
44.4851
44.708
44.8389
44.4632
44.9409
44.651
44.589
45.0718
45.2521
44.8961
45.0261
44.924
44.9851
44.883
44.831
44.6839
44.251
44.7261
44.5991
44.837
44.858
44.9169
44.4138
45.0761
44.765
44.795
45.1519
44.641
44.584
44.7712
45.0439
44.8771
44.8251
45.0511
44.9641
44.4608
44.8601
44.7149
44.919
45.1241
45.074
44.6041
44.9591
44.6708
44.8489
44.5299
44.6789
44.672
44.8079
44.8668
44.56
44.8079
45.011
44.688
44.816
44.991
44.769
44.771
44.9791
45.5291
45.0089
44.8759
45.0668
44.4219
44.745
44.904
45.074
45.002
44.554
45.0599
44.7791
44.6491
44.9791
44.862
44.7469
44.4331
45.1491
44.801
44.807
44.7881
45.1221
44.7981
44.518
44.6429
44.4648
44.5371
44.8961
45.0752
44.7941
44.884
44.894
44.7729
45.1629
45.0909
44.5158
45.0089
44.703
44.5559
44.7791
44.826
44.6541
44.5011
44.955
45.1322
44.5399
44.627
45.1059
44.9588
44.7991
44.9491
45.0878
44.929
44.9522
44.5821
44.7412
44.611
45.2828
44.9121
44.7671
44.7261
45.1131
45.0101
44.7211
44.687
45.069
44.456
44.4901
44.765
44.6451
44.888
44.8339
44.6839
44.728
44.554
44.796
44.384
44.5571
45.0768
44.8658
44.8489
44.8899
44.791
44.4629
44.8239
45.0599
45.028
45.29
44.9948
44.8539
45.085
44.9958
44.759
44.6482
44.703
45.1319
45.0871
45.089
44.7741
44.8031
45.0981
44.7352
44.91
45.028
44.7261
44.507
45.2979
44.735
44.898
44.852
45.0392
44.8351
44.6341
44.8928
45.1231
44.9588
44.7841
44.868
44.5321
44.8821
44.9281
44.7838
45.1438
44.5411
44.899
45.1689
44.6589
44.996
45.064
44.7359
45.1391
44.6029
44.898
44.836
44.5011
44.687
44.6482
45.049
44.8549
44.8279
44.6379
44.7412
44.961
44.7829
44.703
44.589
44.5061
44.898
44.5681
45.125
44.857
44.9591
44.9789
44.74
44.662
44.9231
44.5981
44.796
44.8201
45.2058
45.0151
44.4481
44.4629
45.125
44.9431
44.4689
44.6029
44.903
45.188
44.8601
44.7431
44.9121
44.6579
44.7071
44.714
44.5731
44.8251
45.0201
44.7822
44.7421
45.145
44.6739
45.1338
45.078
44.786
44.6458
44.6689
44.8039
44.874
44.646
45.0451
44.6591
45.0351
45.0289
45.2211
45.0351
45.2552
45.083
44.838
44.672
44.7891
45.047
45.1601
44.6289
44.6441
45.1519
44.611
44.626
44.713
44.9891
44.56
44.8961
44.858
45.13
44.884
44.9569
45.0921
45.2819
45.0668
44.7299
44.343
44.6429
44.6451
44.369
45.0799
44.714
44.7412
45.0139
44.7669
44.8298
44.534
44.7729
44.862
44.9181
44.8711
44.615
44.8251
44.6889
45.1169
44.8611
45.1939
44.4951
44.929
44.858
44.7891
44.7659
45.0029
45.5
45.074
44.7409
44.9641
44.9491
45.1291
45.4268
44.8949
44.9681
44.9162
44.884
44.5621
45.0699
44.8179
44.4639
44.801
44.6651
44.92
45.3281
44.929
44.9631
44.8511
45.4502
45.1531
45.4159
44.8689
44.8351
44.641
44.9059
44.8639
44.718
45.0459
45.1179
44.5011
44.888
44.677
44.867
44.6811
44.641
44.4858
44.8899
44.615
44.9641
44.564
44.8909
44.9388
45.063
45.074
44.7681
44.831
45.203
44.539
44.3308
44.43
44.9769
44.8689
44.704
44.9691
44.8918
44.641
44.6911
44.58
44.615
44.7049
44.837
44.6091
44.8301
44.755
44.908
45.0232
45.28
44.8649
44.718
44.6582
44.868
45.0439
44.867
44.724
44.765
44.791
45.1829
44.6851
44.8802
44.7412
44.667
44.6041
45.1431
44.529
44.6398
45.0859
45.356
44.8592
45.121
44.9429
44.8601
