10.056
9.97615
9.97782
9.97901
9.98092
9.97496
9.96399
9.97019
9.974
9.99308
9.97305
9.97782
9.97019
9.96017
9.98402
9.98402
9.97281
9.974
9.97496
9.97901
9.97305
9.98092
9.96208
9.974
9.97496
9.97305
9.97996
9.98378
9.9709
9.96804
9.9771
9.98187
9.96685
9.97996
9.97305
9.98282
9.97901
9.97496
9.96304
9.96995
9.96804
9.97615
9.97496
9.97591
9.99093
9.97901
9.98211
9.9721
9.9721
9.98998
9.96995
9.98306
9.9771
9.98616
9.98187
9.97806
9.99403
9.9721
9.97806
9.99784
9.99284
9.97996
9.97806
9.98878
9.98712
9.98712
9.97496
9.97901
9.97186
9.96804
9.97281
9.97591
9.9628
9.95898
9.98998
9.98592
9.98402
9.97901
9.97806
9.9721
9.97806
9.98402
9.98592
9.974
9.98402
9.98306
9.97615
9.9771
9.97901
9.96399
9.98688
9.96184
9.97686
9.97996
9.98998
9.974
9.98306
9.96518
9.98688
9.97496
9.96709
9.97305
9.98497
9.97519
9.98211
9.98402
9.99403
9.99498
9.97305
9.96804
9.98902
9.974
9.97996
9.98092
9.969
9.99784
9.97782
9.974
9.99403
9.97281
9.9659
9.97496
9.97806
9.98306
9.97806
9.98592
9.9771
9.974
9.969
9.98402
9.9659
9.97901
9.98592
9.96304
9.99308
9.98497
9.97782
9.98807
9.96995
9.96995
9.9771
9.96017
9.97114
9.9709
9.98497
9.98497
9.97686
9.98688
9.97996
9.969
9.99188
9.9709
9.97591
9.98902
9.96614
9.98902
9.99498
9.97901
9.98211
9.9721
9.96995
9.9721
9.98497
9.98187
9.97615
9.95708
9.97019
9.98402
9.98116
9.99284
9.99212
9.97591
9.98998
9.974
9.99904
9.98902
9.98998
9.98902
9.9771
9.98211
9.98092
9.97686
9.99498
9.98878
9.97901
9.97901
9.96995
9.99188
9.97496
9.97305
9.97305
9.97496
9.96017
9.9721
9.97615
9.83286
9.97996
9.98783
9.95612
9.97901
9.96494
9.9721
9.97186
9.98306
9.98092
9.98998
9.97186
9.95588
9.98187
9.98712
9.9709
9.98092
9.98306
9.97996
9.98402
9.98211
9.9678
9.97686
9.97806
9.97591
9.98712
9.96494
9.97686
9.98092
9.98306
9.97114
9.9771
9.97019
9.97305
9.98211
9.97496
9.99403
9.97686
9.98092
9.9802
9.98187
9.97591
9.98807
9.98402
9.9709
9.98497
9.97901
9.9771
9.96995
9.98211
9.97114
9.9721
9.99212
9.98592
9.974
9.97615
9.98187
9.96685
9.97686
9.96685
9.97996
9.9709
9.97806
9.98402
9.97901
9.9721
9.969
9.96614
9.98807
9.9771
9.96804
9.96995
9.98712
9.97281
9.97996
9.96804
9.96113
9.97996
9.9721
9.98282
9.97901
9.99689
9.974
9.98187
9.97305
9.9721
10.0019
9.98998
9.98306
9.9709
9.97686
9.98187
9.97806
9.98902
9.99093
9.95898
9.98092
9.98402
9.98998
9.96399
9.9709
9.98092
9.97806
9.97615
9.97901
9.97496
9.98116
9.97281
9.97019
9.99308
9.96685
9.97186
9.95612
9.98497
9.99403
9.97186
9.96685
9.96494
9.97901
9.9721
9.9802
9.96804
9.98712
9.97496
9.97901
10.0009
9.98998
9.97806
9.97615
10.0021
9.96804
9.96804
9.97996
9.98497
9.97281
9.969
10.0031
9.98306
9.97519
9.96804
9.98116
9.97591
9.96804
9.98402
9.97186
9.97901
9.97186
9.97615
9.97901
9.99808
9.97615
9.99594
9.9678
9.97591
9.974
9.97519
9.96208
9.97901
9.98807
9.98282
9.99594
9.98402
9.97591
9.97806
9.98402
9.98807
9.98402
9.96709
9.9771
9.99594
9.96804
9.96399
9.97114
9.96113
9.97305
9.96804
9.95612
9.97615
9.96995
9.97901
9.99188
9.97591
9.99999
9.97996
9.97901
9.98306
9.96399
9.98402
9.97996
9.9721
9.99093
9.97996
9.98092
9.98902
9.969
9.96804
9.974
9.969
9.9709
9.96304
9.95684
9.974
9.99594
9.974
9.97519
9.98282
9.97996
9.97496
9.98402
9.96685
9.96494
9.969
9.97996
9.98497
9.99498
9.98783
9.974
9.9771
9.9659
9.98211
9.97114
9.97281
9.969
9.97019
9.97496
9.95708
9.97305
9.99403
9.97114
9.98998
9.98211
9.969
9.97901
9.96685
9.9709
9.97496
9.97496
9.98306
9.98592
9.96494
9.96614
9.98497
9.98497
9.98306
9.974
9.96804
9.9771
9.969
9.98497
9.96995
9.969
9.9771
9.9802
9.97305
9.99308
9.95898
9.98688
9.97114
9.99618
9.97496
9.98592
9.97186
9.98497
9.98497
9.98092
9.9721
9.974
9.97615
9.99689
9.9771
9.969
9.97496
9.97496
9.98902
9.9771
9.97019
9.97496
9.99999
9.97686
9.96995
9.97996
9.97901
9.97591
9.97591
9.98902
9.97782
9.96804
9.97615
9.96614
9.96804
9.97782
9.97186
9.99188
9.98783
9.97186
9.97591
9.96804
9.96518
9.98092
9.98306
9.97996
9.96518
9.98092
9.98998
9.98497
