25.0061
24.9238
24.9319
24.9271
24.9531
24.9429
24.935
24.9329
24.9479
24.9569
24.9591
24.9739
24.9531
24.9572
24.9641
24.9772
24.9681
24.9701
24.9631
24.982
24.9741
24.9572
24.9679
24.96
24.966
24.9691
24.965
24.9631
24.9629
24.961
24.9569
24.9772
24.9579
24.9491
24.956
24.9679
24.96
24.961
24.966
24.992
24.9889
24.966
24.9741
24.976
24.9681
24.976
24.972
24.971
24.9689
24.96
24.9691
24.9572
24.966
24.9741
24.9541
24.9701
24.9622
24.961
24.9679
24.9679
24.9729
24.972
24.9579
24.9579
24.9789
24.971
24.9569
24.9782
24.9591
24.965
24.9581
24.9679
24.9681
24.9631
24.9841
24.961
24.951
24.9541
24.9751
24.966
24.9581
24.9591
24.9779
24.9739
24.9779
24.961
24.9789
24.9548
24.9701
24.9648
24.982
24.9629
24.9739
24.965
24.9748
24.9689
24.9722
24.9879
24.965
24.977
24.9569
24.966
24.9748
24.9689
24.9629
24.9751
24.9701
24.9751
24.965
24.981
24.977
24.977
24.9588
24.9689
24.9541
24.967
24.9801
24.9729
24.9619
24.9782
24.9679
24.961
24.961
24.9629
24.9789
24.9648
24.9639
24.9569
24.9679
24.9579
24.971
24.961
24.9598
24.961
24.956
24.9679
24.9588
24.9691
24.9629
24.956
24.955
24.971
24.96
24.9741
24.9701
24.9641
24.9581
24.971
24.9791
24.997
24.972
24.9782
24.9629
24.972
24.981
24.9681
24.966
24.9789
24.966
24.9679
24.9619
24.9801
24.967
24.9491
24.9591
24.9579
24.9588
24.966
24.9648
24.9722
24.9619
24.9689
24.9529
24.961
24.965
24.972
24.9648
24.9732
24.96
24.9779
24.9581
24.9679
24.9751
24.9851
24.971
24.9679
24.9631
24.9751
24.9689
24.9679
24.9629
24.961
24.9629
24.9739
24.977
24.972
24.9541
24.9579
24.9531
24.966
24.9779
24.9591
24.981
24.9722
24.9779
24.9639
24.966
24.976
24.9579
24.9619
24.9588
24.965
24.9591
24.9732
24.961
24.9839
24.9698
24.9779
24.9829
24.9639
24.9729
24.987
24.9732
24.976
24.9689
24.9619
24.996
24.9689
24.986
24.9751
24.982
24.9631
24.965
24.9679
24.955
24.976
24.96
24.9622
24.9748
24.9619
24.9701
24.971
24.9679
24.9639
24.9569
24.9808
24.9629
24.9629
24.961
24.9751
24.9732
24.966
24.972
24.971
24.9779
24.9691
24.976
24.9729
24.966
24.9689
24.9729
24.9691
24.9779
24.9729
24.9579
24.965
24.972
24.9748
24.9672
24.9732
24.9729
24.967
24.986
24.9679
24.9591
24.9841
24.9729
24.972
24.971
24.967
24.9598
24.9701
24.9631
24.976
24.967
24.9569
24.9889
24.981
24.961
24.9741
24.9748
24.9739
24.9629
24.96
24.9639
24.96
24.9619
24.9639
24.9629
24.9679
24.9779
24.965
24.9732
24.9789
24.9581
24.9679
24.9689
24.9701
24.9529
24.9789
24.9722
24.9691
24.966
24.9701
24.965
24.965
24.965
24.967
24.9672
24.9858
24.9801
24.9591
24.976
24.9588
24.966
24.9631
24.971
24.961
24.9779
24.9801
24.9629
24.976
24.9729
24.9619
24.9791
24.9598
24.9751
24.9679
24.9739
24.976
24.9541
24.9691
24.961
24.9639
24.9529
24.965
24.976
24.966
24.9681
24.971
24.9639
24.9641
24.9701
24.966
24.9698
24.9681
24.9882
24.96
24.9579
24.9851
24.965
24.9681
24.9679
24.9739
24.9631
24.9739
24.9689
24.9739
24.9689
24.9851
24.976
24.9681
24.9679
24.967
24.9529
24.986
24.9639
24.9729
24.9672
24.9681
24.9729
24.9519
24.976
24.9689
24.9569
24.9541
24.9619
24.967
24.9691
24.9832
24.961
24.9748
24.972
24.9779
24.9689
24.965
24.9739
24.961
24.966
24.966
24.9672
24.9829
24.966
24.9679
24.965
24.971
24.972
24.972
24.9679
24.9529
24.9698
24.977
24.9739
24.9648
24.9729
24.992
24.972
24.9648
24.96
24.9591
24.9748
24.96
24.967
24.982
24.9641
24.956
24.9789
24.9588
24.965
24.9679
24.971
24.955
24.9479
24.965
24.972
24.955
24.9741
24.9548
24.967
24.9751
24.972
24.9758
24.9681
24.9751
24.977
24.9941
24.961
24.987
24.9901
24.9679
24.9701
24.9631
24.977
24.976
24.9722
24.972
24.961
24.9622
24.961
24.955
24.965
24.9708
24.9701
24.9741
24.9798
24.9629
24.971
24.961
24.9791
24.966
24.9629
24.9848
24.9681
24.9701
24.9581
24.9791
24.96
24.9619
24.9631
24.9591
24.976
24.9679
24.9722
24.9619
24.9791
24.976
24.9851
24.9641
24.972
24.9751
24.9739
24.976
24.977
24.967
24.965
24.9789
24.977
24.977
24.9751
24.9519
