10.812
10.7439
10.752
10.7551
10.7448
10.7388
10.741
10.7081
10.7231
10.7551
10.72
10.745
10.7121
10.782
10.736
10.725
10.74
10.7331
10.725
10.7729
10.747
10.752
10.7169
10.7141
10.7231
10.7501
10.7472
10.7288
10.7398
10.71
10.6921
10.772
10.6921
10.7369
10.736
10.705
10.71
10.7169
10.757
10.7081
10.7481
10.7279
10.7059
10.7172
10.7439
10.7238
10.7579
10.7491
10.735
10.7422
10.7279
10.7019
10.7491
10.7491
10.716
10.73
10.71
10.7031
10.7491
10.7391
10.72
10.7069
10.7481
10.7219
10.71
10.7269
10.7629
10.736
10.7551
10.71
10.694
10.73
10.7081
10.7179
10.7169
10.72
10.6978
10.7238
10.7589
10.761
10.7419
10.71
10.752
10.7081
10.7319
10.735
10.7369
10.7429
10.7548
10.7372
10.74
10.716
10.736
10.73
10.7419
10.7548
10.7501
10.7319
10.7441
10.7551
10.745
10.7272
10.766
10.7081
10.7491
10.7331
10.7059
10.7079
10.776
10.7381
10.7541
10.7169
10.6959
10.6831
10.7551
10.7608
10.685
10.726
10.7112
10.746
10.6931
10.756
10.7419
10.721
10.7448
10.711
10.7181
10.745
10.7222
10.7632
10.7319
10.736
10.7071
10.7269
10.716
10.7231
10.7429
10.7388
10.7551
10.731
10.766
10.6919
10.716
10.745
10.7141
10.745
10.7019
10.741
10.7269
10.7231
10.721
10.7229
10.7481
10.7369
10.699
10.7379
10.726
10.7429
10.7
10.7191
10.711
10.7129
10.7398
10.7429
10.7021
10.7281
10.7219
10.735
10.745
10.747
10.7472
10.751
10.7381
10.766
10.7291
10.7329
10.7279
10.7319
10.7241
10.745
10.7291
10.747
10.6988
10.7279
10.71
10.7369
10.762
10.7291
10.741
10.74
10.745
10.7329
10.7179
10.715
10.7229
10.7191
10.7338
10.7279
10.72
10.7579
10.705
10.7341
10.7582
10.7338
10.709
10.761
10.7481
10.7269
10.747
10.752
10.73
10.7222
10.736
10.7269
10.715
10.726
10.7269
10.716
10.7489
10.6809
10.7229
10.745
10.7489
10.731
10.751
10.7241
10.7501
10.73
10.7479
10.7071
10.7181
10.7391
10.731
10.7532
10.747
10.7422
10.735
10.757
10.7379
10.7012
10.7441
10.7539
10.741
10.721
10.711
10.736
10.7369
10.7541
10.7281
10.7019
10.7639
10.7141
10.7248
10.7219
10.7331
10.709
10.73
10.7081
10.7391
10.777
10.7589
10.721
10.747
10.726
10.7479
10.7172
10.716
10.7498
10.751
10.7341
10.751
10.7441
10.7341
10.721
10.735
10.7291
10.7701
10.7331
10.736
10.72
10.7069
10.716
10.72
10.74
10.72
10.7188
10.7338
10.73
10.7369
10.752
10.7419
10.7219
10.7172
10.7529
10.7319
10.7341
10.72
10.7231
10.74
10.745
10.7112
10.752
10.7372
10.705
10.7381
10.7169
10.7298
10.741
10.7131
10.71
10.776
10.6909
10.895
10.7291
10.772
10.747
10.7491
10.746
10.766
10.7141
10.7379
10.7291
10.71
10.7129
10.7429
10.735
10.726
10.721
10.7532
10.7331
10.709
10.7279
10.7219
10.7419
10.735
10.7319
10.745
10.736
10.7059
10.7331
10.7381
10.7331
10.7059
10.7551
10.72
10.7379
10.7272
10.7119
10.762
10.7551
10.72
10.7141
10.7238
10.7088
10.767
10.731
10.7489
10.7331
10.726
10.7489
10.7589
10.7279
10.715
10.741
10.7372
10.721
10.726
10.7369
10.7369
10.741
10.72
10.7281
10.7501
10.7069
10.711
10.752
10.767
10.72
10.7231
10.704
10.7369
10.7038
10.7179
10.7088
10.7498
10.7119
10.7241
10.751
10.731
10.7441
10.736
10.7591
10.7579
10.74
10.731
10.7691
10.747
10.7429
10.736
10.7489
10.7481
10.6969
10.7298
10.736
10.7379
10.741
10.7439
10.731
10.735
10.726
10.74
10.7291
10.7181
10.7241
10.7601
10.7262
10.7679
10.777
10.746
10.74
10.7388
10.7529
10.7341
10.7081
10.735
10.721
10.7272
10.7281
10.736
10.7279
10.715
10.741
10.776
10.7112
10.7579
10.752
10.7379
10.772
10.7121
10.7689
10.71
10.7419
10.73
10.7312
10.725
10.7532
10.73
10.7419
10.736
10.715
10.7541
10.7319
10.745
10.7038
10.7028
10.721
10.7441
10.735
10.7491
10.7439
10.705
10.7009
10.7172
10.7639
10.7291
10.7501
10.7129
10.89
10.7
10.7341
10.7501
10.716
10.71
10.7281
10.7489
10.7479
10.745
10.71
10.7269
10.7291
10.7341
10.7481
10.7369
10.7241
10.7281
10.7169
10.726
10.7191
10.7341
10.745
10.736
10.752
10.7331
10.7279
10.7219
10.735
10.7081
10.7341
10.7241
10.7529
10.7229
10.7141
10.7198
10.711
10.7541
10.7689
10.711
10.7
10.735
10.7169
10.7191
10.731
10.731
10.69
10.725
10.7598
10.7481
10.704
10.716
10.7119
10.7689
10.6912
10.7441
10.74
10.7379
10.7338
10.7439
10.7222
10.7219
10.761
10.747
10.751
10.7481
10.731
10.7338
10.69
10.7279
10.7448
10.7348
10.747
10.7369
10.7141
10.7379
10.756
10.7388
10.7219
10.7369
10.735
10.7198
10.746
10.7419
10.6869
10.6971
10.7241
10.715
10.705
10.7372
10.736
10.7491
10.735
10.7331
10.72
10.721
10.7431
10.7491
10.7229
10.716
10.7381
10.73
10.7431
10.73
10.7279
10.7329
10.7379
10.7391
10.725
10.7241
10.7181
10.7241
10.7031
10.746
10.7331
10.716
10.7172
10.7341
10.711
10.726
10.6978
10.6928
10.756
10.725
10.711
10.7169
10.756
10.721
10.72
10.726
10.71
10.7179
10.7472
10.7689
10.7319
10.7381
10.7069
10.731
10.73
10.761
10.7229
10.6931
10.73
10.7381
10.6959
10.751
10.7162
10.7059
10.7191
10.74
10.751
10.6978
10.7269
10.7272
10.7069
10.7329
10.7381
10.751
10.736
10.7481
10.726
10.7319
10.73
10.7219
10.7219
10.7541
10.7141
10.7
10.7899
10.7341
10.7059
10.7191
10.638
10.633
10.6471
10.7148
10.7579
10.7589
10.736
10.731
10.7269
10.7539
10.7632
10.7279
10.751
10.762
10.7522
10.71
10.735
10.7172
10.7579
10.7381
10.7281
10.745
10.7591
10.7081
10.7131
10.7391
10.7589
10.7338
10.7121
10.736
10.7481
10.72
10.7079
10.7398
10.711
10.745
10.762
10.726
10.735
10.726
10.7341
10.762
10.725
10.756
10.7291
10.751
10.7651
10.736
10.7651
10.6931
10.721
10.72
10.7281
10.716
10.709
10.7491
10.7141
10.7231
10.7319
10.7429
10.699
10.7419
10.7369
10.7682
10.725
10.7501
10.726
10.7312
10.745
10.9119
10.684
10.7639
10.7419
10.725
10.72
10.7222
10.7391
10.7601
10.7281
10.7341
10.7369
10.704
10.7312
10.7019
10.7222
10.7589
10.7279
10.72
10.747
10.736
10.7632
10.7589
10.7138
10.7279
10.7648
10.7169
10.752
10.7388
10.7288
10.7398
10.741
10.7119
10.7319
10.7172
10.757
10.7381
10.7141
10.7391
10.7319
10.7429
10.7241
10.735
10.7141
10.715
10.7272
10.7219
10.74
10.7
10.74
10.746
10.71
10.7179
10.756
10.731
10.751
10.704
10.7529
10.7269
10.7269
10.705
10.7322
10.715
10.7391
10.7741
10.726
10.7369
10.7269
10.7601
10.731
10.7222
10.71
10.7341
10.7322
10.7079
10.709
10.7141
10.7059
10.7369
10.772
10.741
10.7388
10.757
10.7419
10.7181
10.7729
10.7388
10.7012
10.73
10.694
10.7181
10.7379
10.7491
10.761
10.7319
10.767
10.746
10.7119
10.7138
10.7288
10.7329
10.725
10.7231
10.7291
10.756
10.7288
10.7331
10.7169
10.7338
10.7501
10.7019
10.756
10.7019
10.7501
10.7219
10.746
10.7808
10.7598
10.7129
10.745
10.7429
10.7071
10.7241
10.767
10.715
10.7532
10.752
10.7338
10.7129
10.721
10.7381
10.7179
10.746
10.725
10.7
10.7191
10.7381
10.7191
10.7381
10.7379
10.7269
10.73
10.7341
10.7441
10.7479
10.7291
10.7419
10.72
10.7439
10.7398
10.7419
10.7551
10.716
10.772
10.778
10.73
10.7491
10.731
10.7532
10.6931
10.7031
10.7541
10.7279
10.7341
10.73
10.757
10.7479
10.746
10.7129
10.7191
10.747
10.761
10.7241
10.7009
10.731
10.7391
10.7419
10.7231
10.7419
10.7288
10.7181
10.736
10.7238
10.7429
10.7582
10.726
10.7341
10.7241
10.716
10.7529
10.7419
10.72
10.756
10.731
10.7241
10.766
10.725
10.7322
10.751
10.735
10.7269
10.735
10.74
10.7419
10.7579
10.741
10.6938
10.735
10.731
10.6971
10.746
10.7381
10.7172
10.741
10.6931
10.7219
10.7162
10.7241
10.7479
10.7288
10.736
10.7291
10.7119
10.7241
10.7269
10.7241
10.7248
10.7419
10.7241
10.7501
10.746
10.7291
10.72
10.7291
10.7172
10.7489
10.7319
10.735
10.741
10.7498
10.7179
10.7348
10.7191
10.7129
10.731
10.7141
10.731
10.6971
10.704
10.7031
10.731
10.7419
10.747
10.72
10.7441
10.7501
10.721
10.7141
10.7281
10.72
10.7331
10.7341
10.6869
10.705
10.7191
10.7601
10.7172
10.745
10.715
10.7191
10.7601
10.7491
10.7238
10.726
10.7419
10.736
10.715
10.741
10.7341
10.7479
10.716
10.7281
10.7319
10.746
10.7222
10.7379
10.7498
10.7319
10.7601
10.7281
10.736
10.7369
