19.1679
10.4711
10.3948
10.4229
10.411
10.4141
10.3941
10.421
10.3922
10.4311
10.401
10.407
10.4089
10.443
10.381
10.3819
10.412
10.3989
10.4139
10.412
10.3829
10.411
10.416
10.411
10.4339
10.3979
10.407
10.4299
10.417
10.412
10.3998
10.4229
10.411
10.4132
10.401
10.3819
10.4039
10.391
10.448
10.3819
10.4051
10.416
10.4351
10.4001
10.4129
10.4091
10.4091
10.416
10.3979
10.401
10.4148
10.412
10.4051
10.3991
10.4001
10.4461
10.3941
10.412
10.4208
10.4098
10.38
10.4229
10.38
10.412
10.3941
10.4351
10.4189
10.386
10.385
10.385
10.4308
10.3819
10.3941
10.385
10.3951
10.4079
10.397
10.4291
10.406
10.391
10.406
10.4711
10.3781
10.375
10.422
10.3791
10.412
10.4082
10.3781
10.4339
10.426
10.3869
10.4179
10.3898
10.4349
10.411
10.432
10.406
10.3638
10.397
10.4179
10.4029
10.3941
10.4051
10.4179
10.3939
10.4382
10.401
10.3941
10.396
10.4079
10.3838
10.4048
10.427
10.392
10.4001
10.427
10.4232
10.4201
10.5231
10.4189
10.4179
10.38
10.376
10.412
10.406
10.4201
10.3931
10.4039
10.402
10.402
10.3862
10.4539
10.433
10.391
10.39
10.406
10.3781
10.406
10.426
10.402
10.4659
10.3838
10.392
10.4129
10.4299
10.4339
10.4201
10.3812
10.4179
10.4001
10.402
10.3769
10.4032
10.3929
10.4048
10.406
10.391
10.416
10.3679
10.412
10.417
10.3741
10.3991
10.4299
10.392
10.4201
10.4001
10.411
10.3929
10.4048
10.3922
10.4139
10.4129
10.4151
10.3872
10.4148
10.4048
10.407
10.412
10.391
10.4122
10.4411
10.3819
10.3991
10.381
10.4308
10.381
10.412
10.4141
10.4029
10.3798
10.3779
10.4048
10.4198
10.4182
10.4041
10.4051
10.38
10.4179
10.397
10.391
10.4001
10.406
10.407
10.4311
10.401
10.4239
10.3981
10.4029
10.4089
10.3979
10.3922
10.3998
10.4079
10.416
10.4461
10.3891
10.4291
10.417
10.3779
10.4089
10.4191
10.4079
10.4189
10.4229
10.3989
10.417
10.3929
10.4082
10.391
10.3931
10.4179
10.4022
10.3889
10.4048
10.3998
10.4048
10.401
10.417
10.3891
10.417
10.422
10.4461
10.396
10.4151
10.4151
10.4051
10.4029
10.4039
10.3951
10.381
10.4249
10.4549
10.396
10.4439
10.4139
10.3831
10.416
10.366
10.433
10.4039
10.3939
10.4022
10.39
10.4148
10.432
10.4239
10.4051
10.3838
10.3848
10.422
10.4139
10.4191
10.401
10.3912
10.422
10.4501
10.3879
10.4039
10.3948
10.3748
10.4051
10.381
10.3979
10.4449
10.4032
10.3631
10.4179
10.4229
10.4141
10.4299
10.3998
10.4091
10.3881
10.4098
10.406
10.4079
10.4089
10.3931
10.4201
10.4101
10.4051
10.4251
10.385
10.4001
10.4201
10.396
10.4129
10.3798
10.376
10.4051
10.4361
10.4079
10.4048
10.4039
10.3881
10.4289
10.4039
10.437
10.3788
10.4008
10.391
10.417
10.3822
10.3738
10.3869
10.3831
10.401
10.3869
10.4258
10.4208
10.3869
10.39
10.3762
10.427
10.4129
10.381
10.426
10.39
10.4301
10.397
10.3972
10.4361
10.4501
10.4041
10.412
10.4179
10.3981
10.3781
10.392
10.4451
10.412
10.396
10.4201
10.392
10.3951
10.4032
10.4101
10.381
10.397
10.391
10.4508
10.3948
10.4039
10.392
10.3931
10.421
10.3951
10.4291
10.3941
10.381
10.385
10.4201
10.3951
10.407
10.3981
10.4201
10.4229
10.3831
10.427
10.412
10.4089
10.4139
10.3941
10.4101
10.4089
10.4082
10.4051
10.3931
10.4079
10.426
10.4101
10.3781
10.3981
10.4289
10.432
10.407
10.406
10.3881
10.4151
10.4082
10.4339
10.432
10.4022
10.4201
10.427
10.4191
10.428
10.3791
10.4291
10.4051
10.376
10.4141
10.3879
10.396
10.385
10.4251
10.4041
10.412
10.4141
10.4351
10.3819
10.4401
10.381
10.3891
10.428
10.4439
10.4041
10.427
10.3891
10.397
10.4072
10.411
10.4179
10.406
10.3929
10.4251
10.421
10.4079
10.4098
10.3991
10.3981
10.3979
10.417
10.4041
10.4051
10.4001
10.417
10.3879
10.4082
10.417
10.4001
10.4001
10.412
10.392
10.391
10.3939
10.4332
10.3889
10.391
10.416
10.407
10.397
10.3891
10.3929
10.4098
10.4029
10.386
10.4148
10.3941
10.4101
10.406
10.443
10.391
10.401
10.402
10.3998
10.3829
10.412
10.4108
10.4098
10.3848
10.39
10.411
10.386
10.4198
10.4032
10.4449
10.4051
10.392
10.4001
10.4051
10.3672
10.402
10.427
10.4039
10.3981
10.391
10.421
10.3881
10.401
10.4041
10.406
10.4301
10.407
10.3879
10.4301
10.39
10.3612
10.3819
10.401
10.4351
10.3979
10.4239
10.416
10.4659
10.3939
10.4082
10.3989
10.4399
10.406
10.4361
10.402
10.4182
10.407
10.38
10.407
10.3879
10.397
10.4148
10.427
10.3941
10.411
10.428
10.401
10.4599
10.407
10.3898
10.3838
10.396
10.407
10.4361
10.4189
10.412
10.397
10.3989
10.402
10.4198
10.4129
10.4141
10.421
10.4229
10.4079
10.3891
10.4201
10.392
10.4039
10.4048
10.397
10.427
10.4301
10.3981
10.4189
10.3989
10.417
10.3998
10.417
10.386
10.4041
10.416
10.3951
10.406
10.4151
10.4492
10.401
10.406
10.4032
10.412
10.4079
10.4051
10.4101
10.406
10.411
10.4289
10.4191
10.3879
10.4289
10.417
10.4702
10.3929
10.396
10.4032
10.406
10.3729
10.3788
10.4201
10.4091
10.3981
10.422
10.428
10.4001
10.426
10.4051
10.3979
10.3891
10.4022
10.4129
10.4232
10.397
10.4001
10.381
10.3972
10.4151
10.3891
10.4029
10.4089
10.4101
10.4051
10.4351
10.3941
10.406
10.381
10.416
10.39
10.406
10.407
10.381
10.4182
10.3931
10.3929
10.396
10.397
10.3791
10.4039
10.4389
10.3872
10.3829
10.3881
10.3841
10.4101
10.397
10.401
10.4208
10.381
10.3991
10.3979
10.4191
10.422
10.3672
10.4029
10.4351
10.365
10.4301
10.4041
10.397
10.397
10.3989
10.3428
10.4139
10.386
10.3929
10.3781
10.4339
10.4191
10.396
10.4182
10.3939
10.4098
10.4072
10.3939
10.397
10.4141
10.426
10.3869
10.4022
10.401
10.386
10.4001
10.392
10.432
10.4091
10.4148
10.4079
10.4022
10.3829
10.4108
10.375
10.4079
10.4051
10.4001
10.366
10.4032
10.3879
10.3989
10.4129
10.4451
10.3929
10.3972
10.3869
10.3931
10.437
10.3979
10.4229
10.392
10.4098
10.4022
10.385
10.386
10.4411
10.3981
10.417
10.4022
10.4139
10.3972
10.3939
10.4139
10.397
10.396
10.407
10.437
10.3829
10.4141
10.391
10.402
10.4232
10.4051
10.3989
10.397
10.4051
10.3822
10.4198
10.412
10.4201
10.4001
10.4051
10.416
10.396
10.396
10.416
10.4229
10.3779
10.3881
10.3931
10.4029
10.3981
10.411
10.4311
10.427
10.411
10.3869
10.386
10.391
10.3929
10.4101
10.4229
10.3848
10.3889
10.4122
10.3929
10.422
10.3691
10.4458
10.4449
10.4232
10.402
10.381
10.406
10.4001
10.412
10.3879
10.412
10.4671
10.4139
10.3838
10.3819
10.402
10.437
10.402
10.4439
10.39
10.4361
10.3838
10.391
10.4179
10.391
10.3891
10.412
10.3819
10.4089
10.406
10.428
10.416
10.3831
10.385
10.4101
10.406
10.4361
10.3691
10.3891
10.406
10.3981
10.417
10.3869
10.4041
10.4299
10.3989
10.412
10.406
10.401
10.4091
10.392
10.437
10.4029
10.447
10.391
10.3889
10.3788
10.416
10.3738
10.3929
10.421
10.4079
10.4001
10.3872
10.401
10.401
10.4039
10.37
10.4032
10.4401
10.412
10.4301
10.402
10.411
10.3922
10.428
10.3838
10.3991
10.3772
10.438
10.412
10.4141
10.402
10.4082
10.421
10.4349
10.3989
10.39
10.3869
10.401
10.411
10.4389
10.39
10.4179
10.4251
10.3989
10.4048
10.381
10.4129
10.4201
10.406
10.3991
10.428
10.4182
10.3869
10.4301
10.4091
10.427
10.3819
10.4148
10.3989
10.4139
10.4091
10.4129
10.4299
10.3848
10.3869
10.39
10.3881
10.4351
10.4139
10.3981
10.427
10.3981
10.4291
10.4029
10.3889
10.37
10.4291
10.416
10.39
10.386
10.3889
10.401
10.438
10.401
10.4132
10.401
10.416
10.416
10.4108
10.3929
10.4351
10.416
10.4041
10.4051
10.39
10.3941
10.406
10.401
10.4182
10.4189
10.39
10.4191
10.385
10.4041
10.391
10.411
10.3981
10.416
10.416
10.4041
10.401
10.4139
10.4361
10.4442
10.4239
10.3841
10.3951
10.3831
10.4001
10.4079
10.392
10.385
10.4041
10.4201
10.407
10.411
10.4072
10.4139
10.4029
10.443
10.4089
10.4389
10.3872
10.396
10.4041
10.4079
10.412
10.402
10.385
10.3922
10.38
10.4141
10.407
10.4401
10.412
10.3831
10.412
10.401
10.396
10.4089
10.3951
10.4051
10.4351
10.3979
10.4239
10.4098
10.4139
10.443
10.3879
10.397
10.3948
10.4449
10.4342
10.3781
10.406
10.381
10.3741
10.3981
10.3829
10.4108
10.402
10.4241
10.376
10.417
10.4022
10.402
10.4079
10.438
10.3819
10.4048
10.4179
10.453
10.38
10.411
10.4051
10.433
10.407
