13.159
12.625
12.6519
12.6231
12.624
12.6421
12.6381
12.7029
12.7189
12.7559
12.7161
12.7029
12.773
12.728
12.707
12.758
12.711
12.6991
12.7099
12.759
12.763
12.7008
12.773
12.6979
12.7549
12.7211
12.764
12.702
12.7559
12.697
12.768
12.763
12.7611
12.7192
12.7611
12.7151
12.7749
12.7101
12.7711
12.784
12.7668
12.7079
12.7599
12.779
12.7051
12.7258
12.7621
12.7549
12.7649
12.7261
12.78
12.7752
12.7671
12.701
12.784
12.6991
12.7621
12.7139
12.7699
12.7811
12.7711
12.711
12.7721
12.7099
12.7728
12.727
12.768
12.7671
12.758
12.7029
12.763
12.769
12.778
12.7161
12.7981
12.773
12.7628
12.7611
12.7161
12.7702
12.7661
12.7699
12.713
12.778
12.7711
12.778
12.6972
12.7721
12.774
12.7878
12.718
12.764
12.779
12.768
12.7199
12.773
12.7702
12.778
12.7041
12.7752
12.773
12.7618
12.763
12.7082
12.7671
12.7881
12.7699
12.717
12.768
12.7749
12.764
12.713
12.78
12.759
12.7861
12.7699
12.774
12.779
12.778
12.7618
12.7141
12.7702
12.7699
12.7668
12.712
12.7912
12.789
12.764
12.7079
12.805
12.769
12.758
12.778
12.711
12.7811
12.7702
12.774
12.7141
12.7749
12.7671
12.7759
12.7709
12.7671
12.789
12.7721
12.702
12.7699
12.774
12.769
12.7771
12.7749
12.764
12.7869
12.7749
12.707
12.7761
12.795
12.7881
12.7711
12.784
12.7771
12.7831
12.768
12.769
12.768
12.7671
12.7769
12.774
12.7659
12.773
12.773
12.79
12.7821
12.7599
12.7702
12.7809
12.78
12.7809
12.7711
12.768
12.7661
12.7709
12.7749
12.768
12.7912
12.7621
12.7621
12.7668
12.7769
12.7699
12.7709
12.78
12.7559
12.7649
12.779
12.763
12.764
12.7821
12.773
12.758
12.778
12.779
12.7921
12.7771
12.7621
12.7699
12.7821
12.7709
12.7771
12.7802
12.7761
12.7661
12.7871
12.7802
12.753
12.78
12.7761
12.7599
12.779
12.7819
12.764
12.769
12.784
12.769
12.7749
12.7721
12.799
12.7859
12.7859
12.78
12.778
12.7928
12.7599
12.7809
12.6259
12.7881
12.774
12.773
12.763
12.7699
12.7969
12.778
12.7759
12.764
12.795
12.785
12.7749
12.7759
12.81
12.7921
12.7831
12.7811
12.7959
12.7759
12.7649
12.769
12.7921
12.785
12.8
12.7819
12.779
12.7859
12.7819
12.794
12.789
12.7831
12.769
12.789
12.7869
12.7819
12.7819
12.794
12.789
12.7969
12.7819
12.7749
12.7771
12.789
12.8
12.7931
12.785
12.7909
12.785
12.774
12.7709
12.7759
12.795
12.7859
12.7778
12.779
12.7852
12.7931
12.7878
12.7861
12.779
12.7699
12.7749
12.7869
12.779
12.7721
12.7771
12.78
12.7971
12.7909
12.79
12.7921
12.7831
12.7721
12.7871
12.7749
12.774
12.78
12.7778
12.7871
12.785
12.768
12.785
12.7878
12.7752
12.7771
12.7809
12.779
12.7821
12.7771
12.779
12.789
12.8
12.7771
12.8021
12.7771
12.769
12.7921
12.7919
12.7769
12.7709
12.789
12.778
12.7761
12.779
12.778
12.7749
12.7821
12.7721
12.769
12.79
12.778
12.7778
12.7931
12.779
12.785
12.774
12.78
12.789
12.7931
12.779
12.7809
12.7931
12.779
12.7809
12.7771
12.774
12.7861
12.78
12.7919
12.779
12.7919
12.7759
12.789
12.779
12.7881
12.7869
12.7759
12.7819
12.7828
12.7809
12.785
12.7902
12.8429
12.7709
12.7831
12.7928
12.7881
12.7878
12.7931
12.78
12.778
12.779
12.7861
12.7909
12.785
12.7981
12.7881
12.778
12.785
12.778
12.7931
12.8331
12.78
12.7978
12.778
12.7821
12.773
12.794
12.7861
12.795
12.8601
12.7969
12.774
12.7828
12.769
12.7909
12.774
12.7871
12.794
12.789
12.784
12.7971
12.7909
12.7859
12.846
12.779
12.7971
12.7811
12.7809
12.7931
12.7909
12.7931
12.7711
12.778
12.8429
12.7852
12.7831
12.79
12.794
12.7769
12.8429
12.7909
12.7831
12.784
12.7861
12.8429
12.7821
12.779
12.7711
12.835
12.7769
12.78
12.7821
12.7752
12.7831
12.8341
12.7831
12.7759
12.779
12.841
12.78
12.789
12.78
12.7819
12.79
12.785
12.7802
12.7959
12.8431
12.7702
12.7871
12.7809
12.778
12.779
12.8491
12.779
12.794
12.7931
12.7861
12.784
12.7881
12.7771
12.785
12.861
12.7819
12.779
12.7852
12.78
12.7718
12.8329
12.7819
12.7881
12.7721
12.861
12.769
12.8
12.789
12.7761
12.784
12.8419
12.769
12.779
12.7809
12.8589
12.789
12.785
12.789
12.774
12.774
12.7819
12.784
12.778
12.8329
12.7869
12.8369
12.8
12.795
12.774
12.8012
12.83
12.7902
12.7749
12.769
12.8591
12.79
12.778
12.794
12.7819
12.851
12.7881
12.7831
12.795
12.7859
12.836
12.7909
12.7709
12.778
12.8341
12.7878
12.7881
12.7771
12.784
12.7909
12.8329
12.784
12.7859
12.7928
12.7721
12.789
12.8531
12.778
12.7711
12.7959
12.779
12.779
12.7759
12.7871
12.846
12.7769
12.7881
12.7802
12.7761
12.7861
12.8369
12.7959
12.794
12.7821
12.7761
12.8472
12.7969
12.7861
12.794
12.7912
12.7869
12.7769
12.779
12.779
12.836
12.7759
12.7819
12.7981
12.7878
12.8438
12.7831
12.7811
12.79
12.8491
12.7709
12.774
12.774
12.7909
12.7871
12.789
12.8329
12.784
12.8019
12.7909
12.7878
12.784
12.7759
12.805
12.7909
12.8419
12.8431
12.779
12.7878
12.8479
12.784
12.8071
12.7871
12.7859
12.84
12.8031
12.7931
12.795
12.7959
12.857
12.7881
12.7861
12.836
12.789
12.7878
12.8601
12.7902
12.7831
12.7909
12.7861
12.7778
12.846
12.7859
12.7869
12.7969
12.851
12.779
12.8398
12.7828
12.784
12.785
12.8388
12.7928
12.7971
12.8
12.779
12.8369
12.8582
12.785
12.7931
12.794
12.856
12.794
12.778
12.8031
12.8021
12.8651
12.7921
12.856
12.7919
12.794
12.785
12.8522
12.7821
12.8381
12.7831
12.779
12.846
12.7871
12.841
12.79
12.779
12.8422
12.784
12.8479
12.7821
12.7809
12.7881
12.841
12.7859
12.779
12.7869
12.85
12.7878
12.846
12.78
12.7828
12.8591
12.7869
12.7831
12.85
12.78
12.79
12.7749
12.7718
12.8341
12.7869
12.78
12.852
12.7881
12.8438
12.7811
12.7931
12.7859
12.841
12.79
12.7809
12.789
12.8329
12.774
12.846
12.7881
12.794
12.778
12.7802
12.8551
12.789
12.7809
12.871
12.7831
12.8338
12.773
12.7871
12.8469
12.7759
12.8338
12.7809
12.7881
12.779
12.8419
12.7752
12.866
12.795
12.79
12.7959
12.8472
12.8369
12.8028
12.7749
12.779
12.8582
12.7921
12.8419
12.794
12.7819
12.8419
12.8379
12.7859
12.8052
12.799
12.8481
12.7811
12.8479
12.7902
12.7831
12.7771
12.8551
12.789
12.8379
12.7902
12.7831
12.856
12.7759
12.7909
12.805
12.845
12.7811
12.8391
12.7749
12.7749
12.7969
12.8479
12.7771
12.8531
12.851
12.795
12.7919
12.8589
12.795
12.84
12.7931
12.7831
12.867
12.7861
12.8479
12.7869
12.8059
12.7878
12.85
12.7749
12.835
12.799
12.7752
12.8629
12.7831
12.8641
12.84
12.7881
12.8071
12.795
12.841
12.8429
12.7981
12.7878
12.857
12.7852
12.852
12.8491
12.7931
12.7878
12.8388
12.7759
12.8429
12.794
12.7769
12.851
12.774
12.8441
12.7921
12.7809
12.836
12.7811
12.774
12.8269
12.7831
12.7831
12.841
12.8329
12.7978
12.789
12.8529
12.785
12.7871
12.85
12.8541
12.8
12.778
12.852
12.7981
12.8422
12.7759
12.852
12.7709
12.8469
12.852
12.794
12.7921
12.8691
12.7878
12.7809
12.84
12.7881
12.779
12.8529
12.846
12.835
12.794
12.779
12.841
12.856
12.778
12.8629
12.7959
12.8429
12.774
12.8579
12.784
12.835
12.7931
12.79
12.8639
12.7819
12.8441
12.79
12.7809
12.8481
12.7871
12.6832
12.7962
12.861
12.8431
12.7759
12.7718
12.779
12.8541
12.84
12.8481
12.7771
12.851
12.778
12.8441
12.7919
12.789
12.8469
12.8489
12.774
12.8419
12.7871
12.8329
12.8541
12.7931
12.8541
12.78
12.8582
12.851
12.7981
12.7821
12.841
12.8551
12.779
12.852
12.8448
12.7811
12.7952
12.852
12.7919
12.8438
12.7861
12.785
12.8651
12.8672
12.774
12.8341
12.7971
12.7931
12.8441
12.8391
12.8391
12.79
12.7909
12.8448
12.8579
12.784
12.8529
12.79
12.784
12.85
12.8429
12.799
12.8491
12.7959
12.8019
12.85
12.8422
12.841
12.795
12.7931
12.857
12.7831
12.852
12.836
12.7809
12.7928
12.8522
12.7981
12.8422
12.8291
12.8069
12.789
12.845
12.8431
12.7802
12.85
12.7809
12.8531
12.7871
12.852
12.8441
12.7909
12.8429
12.7859
12.852
12.8548
12.8429
12.7859
12.7871
12.8481
12.8491
12.789
12.79
12.8541
12.845
12.7871
12.8591
12.8398
12.7809
12.8529
12.7809
12.8419
12.8341
12.8331
12.8038
12.8591
12.7749
12.8479
12.7769
12.8472
12.7821
12.846
12.7978
12.8448
12.8379
12.7959
12.8601
12.79
12.8469
12.836
12.8372
