11.915
11.8608
11.883
11.843
11.8599
11.8582
11.889
11.8861
11.888
11.8752
11.831
11.8401
11.8592
11.8718
11.863
11.8511
11.858
11.862
11.837
11.848
11.8718
11.843
11.8749
11.853
11.8699
11.8608
11.8892
11.8489
11.867
11.8968
11.8611
11.8592
11.9181
11.8511
11.831
11.8361
11.8868
11.8589
11.862
11.873
11.8759
11.8549
11.8802
11.8549
11.889
11.853
11.8551
11.8241
11.8179
11.8699
11.852
11.8492
11.878
11.842
11.858
11.806
11.8279
11.8651
11.893
11.837
11.8539
11.8392
11.9071
11.8761
11.903
11.8909
11.889
11.8761
11.8599
11.8239
11.8492
11.867
11.9228
11.8511
11.8771
11.9171
11.8289
11.8461
11.8549
11.8618
11.8449
11.8539
11.8511
11.857
11.853
11.8248
11.919
11.9059
11.898
11.863
11.852
11.8599
11.862
11.874
11.8942
11.8849
11.8601
11.8639
11.8599
11.8999
11.8551
11.8711
11.831
11.8442
11.8771
11.8511
11.8051
11.8911
11.837
11.8551
11.8799
11.8921
11.8542
11.884
11.8952
11.8511
11.863
11.868
11.8568
11.899
11.827
11.8811
11.8692
11.8811
11.873
11.868
11.863
11.8701
11.8599
11.8411
11.893
11.8561
11.899
11.8499
11.8611
11.8382
11.8361
11.857
11.8451
11.8501
11.8651
11.8179
11.8408
11.8959
11.8701
11.8811
11.8971
11.816
11.8492
11.8489
11.867
11.878
11.8461
11.863
11.8852
11.858
11.874
11.8771
11.8549
11.8809
11.8949
11.857
11.8639
11.8358
11.888
11.8711
11.8389
11.8759
11.8771
11.8341
11.853
11.874
11.8761
11.8759
11.857
11.842
11.9081
11.8811
11.867
11.8501
11.827
11.8511
11.899
11.8909
11.8802
11.868
11.8489
11.8699
11.8282
11.8821
11.847
11.8971
11.8639
11.8439
11.8511
11.8961
11.8351
11.8849
11.8709
11.8868
11.8749
11.8618
11.8339
11.8701
11.8351
11.9011
11.8339
11.925
11.8411
11.848
11.868
11.8649
11.7791
11.8949
11.8849
11.8399
11.879
11.8651
11.8749
11.853
11.867
11.8289
11.873
11.8649
11.884
11.8699
11.8539
11.874
11.874
11.8692
11.8389
11.8339
11.8692
11.843
11.8241
11.8701
11.8818
11.874
11.8761
11.858
11.8809
11.8451
11.898
11.879
11.8721
11.8809
11.8899
11.8811
11.863
11.8761
11.8761
11.8721
11.8029
11.8282
11.8449
11.8599
11.905
11.869
11.8511
11.8871
11.904
11.869
11.8599
11.903
11.8849
11.8542
11.883
11.822
11.8392
11.8279
11.8661
11.8301
11.837
11.8592
11.852
11.857
11.8661
11.847
11.9269
11.7948
11.863
11.8411
11.8561
11.884
11.8899
11.863
11.8802
11.8279
11.8308
11.837
11.8561
11.8649
11.8961
11.8749
11.8699
11.879
11.8668
11.8878
11.8279
11.939
11.843
11.848
11.8339
11.8558
11.873
11.92
11.8649
11.8592
11.878
11.837
11.893
11.863
11.8408
11.9138
11.8618
11.8358
11.8849
11.863
11.8508
11.878
11.863
11.8761
11.961
11.842
11.884
11.8389
11.8508
11.91
11.832
11.8461
11.888
11.8561
11.8451
11.8551
11.8489
11.8651
11.8489
11.853
11.879
11.8921
11.8289
11.8551
11.8151
11.874
11.8418
11.888
11.862
11.848
11.8651
11.914
11.8601
11.8439
11.8618
11.8339
11.867
11.8542
11.847
11.869
11.812
11.8389
11.8341
11.8849
11.93
11.8489
11.8909
11.8251
11.879
11.8408
11.888
11.873
11.8182
11.8899
11.847
11.8098
11.868
11.8511
11.909
11.832
11.8601
11.8821
11.8439
11.893
11.8542
11.9009
11.8859
11.8818
11.8501
11.8382
11.879
11.8592
11.869
11.868
11.8539
11.843
11.8611
11.847
11.858
11.8439
11.8692
11.8539
11.8601
11.8802
11.863
11.8651
11.8499
11.8949
11.8442
11.8759
11.873
11.848
11.8871
11.874
11.8289
11.8692
11.8608
11.8198
11.8411
11.827
11.8761
11.857
11.8911
11.8589
11.879
11.868
11.8899
11.9071
11.831
11.8921
11.919
11.9431
11.9569
11.8451
11.853
11.8861
11.848
11.8599
11.8611
11.8439
11.883
11.838
11.8539
11.879
11.811
11.8799
11.8542
11.8599
11.8539
11.8761
11.8589
11.8752
11.842
11.8852
11.8079
11.8661
11.812
11.8639
11.8611
11.889
11.8511
11.843
11.8651
11.8721
11.8389
11.8878
11.842
11.8351
11.893
11.8148
11.8539
11.888
11.894
11.889
11.832
11.8461
11.852
11.8332
11.8589
11.8818
11.903
11.852
11.8859
11.878
11.8451
11.8289
11.9019
11.8551
11.8921
11.8592
11.827
11.832
11.893
11.8649
11.8248
11.8911
11.8799
11.8699
11.858
11.8141
11.8752
11.8461
11.847
11.8601
11.837
11.848
11.786
11.8599
11.8399
11.884
11.862
11.8721
11.8859
11.863
11.8229
11.868
11.8449
11.863
11.9069
11.904
11.878
11.822
11.821
11.898
11.852
11.852
11.883
11.8749
11.8968
11.8601
11.867
11.8999
11.8401
11.8861
11.853
11.9052
11.8649
11.831
11.858
11.8589
11.8659
11.8761
11.9131
11.863
11.869
11.8711
11.8461
11.8661
11.8289
11.8771
11.8561
11.8542
11.8439
11.8401
11.883
11.8711
11.869
11.8721
11.837
11.822
11.8461
11.862
11.8251
11.8639
11.873
11.853
11.8799
11.883
11.857
11.91
11.894
11.8449
11.879
11.8279
11.8408
11.8589
11.9071
11.8439
11.8809
11.8892
11.8549
11.8518
11.9479
11.8239
11.8332
11.8539
11.842
11.8699
11.8489
11.7931
11.8439
11.842
11.867
11.8749
11.842
11.8821
11.8959
11.8549
11.8952
11.8501
11.879
11.915
11.8248
11.848
11.852
11.8451
11.863
11.8651
11.8661
11.904
11.842
11.8442
11.8661
11.8608
11.8179
11.883
11.8399
11.837
11.8909
11.8449
11.862
11.8718
11.8909
11.8692
11.874
11.883
11.8959
11.8411
11.8561
11.852
11.8601
11.8661
11.817
11.8761
11.868
11.904
11.838
11.847
11.863
11.8499
11.857
11.8411
11.9202
11.8608
11.8349
11.8361
11.801
11.827
11.8389
11.884
11.8411
11.853
11.8718
11.853
11.843
11.893
11.8458
11.8618
11.842
11.8639
11.8539
11.874
11.888
11.8511
11.8392
11.8539
11.8392
11.889
11.8721
11.867
11.8341
11.853
11.8699
11.838
11.8451
11.894
11.8411
11.8201
11.8752
11.8721
11.838
11.8461
11.8411
11.8399
11.869
11.8508
11.802
11.8439
11.8601
11.8871
11.8351
11.811
11.878
11.8511
11.8442
11.869
11.878
11.842
11.8549
11.8611
11.8792
11.8999
11.858
11.8482
11.8999
11.867
11.905
11.833
11.833
11.8639
11.8651
11.8699
11.8122
11.9081
11.873
11.8802
11.8899
11.8248
11.8811
11.884
11.8079
11.8451
11.843
11.9112
11.8539
11.8289
11.838
11.8699
11.858
11.8551
11.827
11.874
11.8539
11.847
11.858
11.8299
11.8649
11.8349
11.8392
11.843
11.8442
11.862
11.8589
11.8341
11.837
11.8599
11.8539
11.903
11.8361
11.842
11.8401
11.802
11.8542
11.848
11.889
11.8389
11.857
11.852
11.8911
11.8592
11.8649
11.899
11.8039
11.893
11.8668
11.853
11.879
11.8592
11.8489
11.8389
11.8821
11.8711
11.843
11.8392
11.9479
11.857
11.8661
11.8859
11.8759
11.8952
11.832
11.837
11.8289
11.8511
11.8721
11.8492
11.8959
11.8599
11.8859
11.8649
11.837
11.8599
11.8592
11.8749
11.868
11.8821
11.858
11.8361
11.8351
11.837
11.8952
11.868
11.8821
11.867
11.9131
11.8721
11.878
11.8661
11.868
11.9102
11.8849
11.8508
11.8828
11.8248
11.873
11.8871
11.8439
11.8809
11.8232
11.8649
11.838
11.8611
11.867
11.8539
11.8728
11.8449
11.879
11.8411
11.883
11.874
11.8382
11.821
11.863
11.857
11.874
11.8809
11.843
11.9059
11.8532
11.874
11.8351
11.874
11.858
11.821
11.8721
11.8811
11.8558
11.8599
11.8349
11.888
11.8849
11.847
11.8639
11.843
11.8709
11.8551
11.8761
11.862
11.8589
11.899
11.894
11.847
11.867
11.9069
11.863
11.8439
11.868
11.8618
11.847
11.878
11.8849
11.8759
11.8871
11.8721
11.9011
11.883
11.8451
11.8608
11.883
11.858
11.831
11.8482
11.831
11.8649
11.8649
11.8351
11.8852
11.878
11.8949
11.8551
11.8611
11.816
11.8799
11.8661
11.8029
11.8399
11.8248
11.8632
11.8721
11.858
11.883
11.909
11.869
11.9178
11.8582
11.837
11.8811
11.867
11.878
11.8458
11.8308
11.8868
11.8258
11.8568
11.858
11.858
11.837
11.8651
11.8561
11.889
11.848
11.8909
11.8818
11.8871
11.8659
11.8909
11.8501
11.857
11.873
11.812
11.8799
11.8389
11.852
11.833
11.8511
11.858
11.8041
11.8489
11.869
11.8589
11.8601
11.8661
11.8499
11.8799
11.8752
11.843
11.8802
11.8659
11.8239
11.883
11.8959
11.8492
11.888
11.878
11.8592
11.874
11.8501
11.869
11.8361
11.904
11.8401
11.9009
11.8401
11.8692
11.8389
11.8661
11.8761
11.8661
11.8489
11.847
11.8659
11.843
11.852
11.8821
11.8699
11.8289
11.8759
11.8661
11.8971
11.8539
11.8308
11.8539
11.833
11.868
11.8899
11.8289
11.8642
11.8248
11.8549
11.883
11.8189
11.8821
11.821
11.8749
11.8921
11.7981
11.8699
11.8642
11.8539
11.848
11.827
11.9169
