18.611
18.6241
18.7089
18.8088
18.435
18.548
18.6708
18.5342
18.4259
18.471
18.7719
18.847
18.82
18.8019
18.405
18.764
18.6291
18.472
18.5812
18.5781
18.7678
18.6269
18.714
18.7371
18.805
18.8289
18.841
18.7681
18.749
18.5919
18.9109
18.6989
18.564
18.831
18.641
18.4948
18.8799
18.9381
18.754
18.8138
18.8439
18.3749
18.8048
18.6732
18.394
18.8918
18.5781
18.61
18.4159
18.698
18.7609
18.7731
18.868
18.4312
18.4231
18.8582
18.775
18.6739
18.7142
18.7509
18.6021
18.868
18.8429
18.8301
18.4801
18.5521
18.6441
18.7891
18.5261
18.4181
18.7809
18.791
18.7709
18.6889
18.856
18.7261
18.528
18.7809
18.7831
18.7349
18.899
18.61
18.491
18.4531
18.5342
18.765
18.7409
18.6529
18.528
18.4331
18.383
18.724
18.4681
18.3229
18.8291
18.605
18.43
18.508
18.497
18.7171
18.78
18.41
18.641
18.6689
18.867
18.4801
18.631
18.863
18.549
18.821
18.4581
18.805
18.6479
18.786
18.677
18.471
18.8191
18.9209
18.8529
18.6532
18.9261
18.563
18.909
18.692
18.786
18.538
18.4259
18.8642
18.379
18.472
18.887
18.6169
18.518
18.852
18.7061
18.8088
18.8019
18.379
18.8119
18.8031
18.6841
18.8289
18.832
18.8181
18.837
18.6172
18.7862
18.7099
18.569
18.5921
18.5912
18.6019
18.82
18.573
18.7781
18.4822
18.6012
18.6229
18.832
18.7991
18.6689
18.4269
18.7049
18.4979
18.5649
18.8069
18.6119
18.8019
18.7349
18.8339
18.4889
18.532
18.563
18.6069
18.4021
18.64
18.5559
18.8792
18.8792
18.862
18.5819
18.6901
18.5421
18.4691
18.743
18.697
18.4991
18.589
18.3759
18.6431
18.5871
18.7259
18.8208
18.857
18.62
18.517
18.6751
18.8618
18.939
18.4209
18.8899
18.759
18.8611
18.574
18.7948
18.3539
18.76
18.9302
18.5411
18.7089
18.4839
18.9481
18.7299
18.3969
18.6191
18.5461
18.7168
18.6448
18.748
18.5399
18.7578
18.604
18.7569
18.8589
18.501
18.6129
18.729
18.7099
18.887
18.4991
18.8081
18.889
18.6791
18.4469
18.837
18.342
18.8699
18.7709
18.6319
18.472
18.856
18.5859
18.6989
18.651
18.7871
18.5921
18.508
18.9059
18.503
18.5311
18.7089
18.636
18.718
18.7221
18.723
18.4529
18.7292
18.6169
18.466
18.8038
18.4581
18.805
18.3558
18.6419
18.8129
18.6889
18.816
18.9109
18.796
18.82
18.7521
18.6081
18.785
18.7368
18.7011
18.62
18.5499
18.7588
18.4271
18.898
18.5471
18.6141
18.8589
18.832
18.6679
18.7912
18.8279
18.827
18.893
18.882
18.78
18.815
18.769
18.6038
18.5041
18.9052
18.6591
18.4801
18.538
18.398
18.6391
18.5292
18.4791
18.8179
18.9319
18.5339
18.8272
18.604
18.5938
18.821
18.8382
18.8801
18.774
18.8229
18.5111
18.4109
18.795
18.718
18.8041
18.8119
18.466
18.4412
18.8
18.712
18.7969
18.5261
18.5959
18.5342
18.6532
18.657
18.424
18.5831
18.6
18.62
18.681
18.6939
18.8558
18.729
18.503
18.7502
18.882
18.8529
18.7299
18.856
18.872
18.801
18.4641
18.5661
18.5599
18.7671
18.5161
18.79
18.6341
18.5661
18.6958
18.7919
18.852
18.8351
18.826
18.7399
18.791
18.7249
18.5149
18.822
18.3799
18.924
18.8041
18.883
18.8098
18.5299
18.724
18.6279
18.8909
18.8699
18.796
18.5201
18.6028
18.569
18.8272
18.8501
18.7731
18.7769
18.878
18.584
18.842
18.8611
18.5649
18.914
18.734
18.487
18.8088
18.96
18.5471
18.6939
18.76
18.8298
18.6899
18.563
18.8129
18.6188
18.8129
18.7349
18.647
18.718
18.913
18.5671
18.666
18.5039
18.8291
18.6162
18.8079
18.749
18.6989
18.8611
18.6789
18.729
18.626
18.651
18.81
18.455
18.553
18.796
18.5702
18.5111
18.7109
18.7881
18.8589
18.856
18.4031
18.6539
18.7399
18.708
18.609
18.769
18.8782
18.6038
18.8241
18.6849
18.584
18.796
18.625
18.8429
18.6429
18.6849
18.7881
18.8379
18.688
18.744
18.688
18.887
18.873
18.852
18.8301
18.5318
18.6069
18.744
18.7171
18.568
18.6019
18.712
18.8251
18.472
18.882
18.8229
18.681
18.7521
18.8451
18.476
18.8229
18.7209
18.6889
18.5709
18.5709
18.5699
18.7092
18.8971
18.8601
18.8861
18.7979
18.4789
18.631
18.8
18.491
18.522
18.9021
18.5051
18.7721
18.5769
18.8541
18.8501
18.8451
18.631
18.609
18.8198
18.811
18.918
18.7368
18.734
18.5549
18.8329
