16.207
11.42
11.4131
11.404
11.354
11.41
11.2569
11.0791
11.0431
11.0128
11.0469
10.978
10.988
11.102
11.0049
11.0319
11.014
11.039
11.018
11.0409
11.0121
11.0478
10.9789
11.0009
11.055
11.0462
11.0619
11.034
11.0171
11.0152
10.957
11.0512
10.9849
10.9251
10.9341
10.9792
11.0071
10.9529
11.0118
11.0409
11.0149
10.9379
11.0681
11.008
10.9689
10.9999
11.0519
11.0328
10.994
10.998
11.0021
11.04
10.9229
11.0219
10.9959
10.988
11.0021
11.014
11.0459
10.9692
11.0099
10.988
11.0431
11.0741
11.0049
11.0252
11.0071
10.988
11.0259
10.9708
10.988
11.009
11.025
10.9658
10.987
10.998
11.03
10.9611
10.9992
11.044
11.014
11.05
10.9551
11.0321
10.957
10.9751
10.9718
10.977
11.0049
11.014
11.04
10.942
10.9611
10.987
11.035
11.008
10.952
11.076
11.0161
11.0562
10.9699
11.013
11.0259
11.0502
10.956
10.9711
11.0309
10.9918
11.013
10.9692
11.0171
10.936
11.0319
11.0581
11.061
10.9758
11.0371
11.0261
10.942
11.0531
10.9971
11.024
10.9811
11.0712
11.0199
11.0369
11.0219
10.9739
10.972
11.097
10.921
10.9801
10.993
10.9842
10.9699
11.004
10.9391
10.9632
10.993
10.983
11.018
11.008
11.0581
11.003
10.999
10.983
11.059
11.0419
11.018
11.0328
11.0109
10.9899
10.9839
11.0111
11.0121
10.9711
10.932
10.962
11.0102
10.967
10.9501
10.9119
11.0152
11.029
11.054
11.0519
11.0419
11.0152
10.989
11.009
10.9749
11.0509
10.9839
10.9291
11.0371
11.0052
11.0061
10.9589
11.0719
11.0199
11.019
11.013
10.926
11.039
11.014
10.956
10.9711
11.009
10.9639
11.0328
11.009
10.994
11.035
11.018
10.9191
11.0111
11.075
10.9909
11.0779
10.9959
10.982
11.075
11.0059
10.977
10.989
11.003
10.999
10.9968
11.004
11.029
10.9639
10.9949
10.937
10.9391
10.9792
11.0021
10.9851
10.8759
11.039
10.9801
10.947
10.962
10.9992
10.998
11.0571
11.0178
10.9661
11.0791
10.988
10.9341
11.1158
10.9739
11.097
10.9582
10.9291
11.06
10.9792
10.9851
10.952
11.034
11.004
11.044
11.0149
10.988
10.9391
10.9522
11.0641
10.967
10.9489
10.9849
11.0312
10.9432
11.025
11.0939
11.0118
11.0049
10.8769
11.055
11.035
11.029
11.013
10.952
11.025
10.9618
11.0519
11.106
11.0519
11.025
11.0331
11.039
11.009
11.0118
11.014
10.9751
11.071
11.0309
10.994
11.039
10.982
10.9921
10.993
11.025
11.0261
10.9141
11.0221
11.0121
11.0731
10.9041
10.9911
10.987
11.0228
10.962
11.0559
11.023
11.0121
11.045
11.019
10.994
11.014
11.034
10.989
10.9859
11.0281
10.9169
10.9251
11.023
11.049
10.9999
11.06
11.0152
10.9191
10.9961
11.0111
11.019
11.0209
11.0569
10.999
10.9081
11.0021
10.9751
11.05
11.06
11.004
11.0219
11.0271
10.9611
11.0111
10.9601
10.9241
11.0378
11.0159
10.9739
11.0269
10.9169
11.0002
11.04
10.999
11.0462
11.0381
11.0438
10.9811
10.9961
11.0531
11.014
11.0021
10.972
10.941
10.993
11.0009
10.9789
11.061
10.9642
11.0121
11.0052
11.044
10.998
10.9348
10.937
10.9918
10.947
11.0221
11.039
10.973
11.0071
11.044
10.963
11.0331
11.0149
10.9711
11.0369
10.957
10.8819
11.0471
10.9661
10.989
10.9799
10.9861
11.0879
10.9789
11.009
11.0199
10.9599
10.91
11.0199
10.968
10.9758
10.998
10.9689
10.957
10.982
10.957
10.962
10.947
10.9911
11.044
10.9739
11.0221
11.029
11.0281
11.004
11.0459
11.0121
11.0199
11.0111
11.0061
11.0109
11.0161
10.9651
11.0538
10.9699
10.9279
10.9041
11.0049
10.9298
10.978
11.0939
10.998
10.9751
10.9651
10.9639
10.9921
11.03
11.0252
10.993
11.014
10.8941
11.0278
11.0278
10.9251
11.0111
11.029
10.932
10.9508
10.967
10.9529
11.1029
11.0159
11.0691
11.0071
11.0071
11.0371
10.9751
10.9949
10.9248
10.999
11.0211
11.014
11.0219
10.994
10.994
11.044
10.9589
11.0142
10.9699
11.049
10.994
11.003
11.0149
10.9811
10.9358
11.0569
11.059
10.963
10.9179
10.9949
11.0619
10.9589
10.9851
11.085
11.0269
10.946
11.0481
10.9651
10.988
11.0168
10.952
11.1151
11.013
11.0419
10.956
11.024
11.0219
11.0018
11.0378
11.0409
11.0669
11.0061
11.0161
11.0252
10.994
11.0569
11.0328
10.9918
10.9949
10.9739
10.994
11.0381
11.0662
10.999
10.9529
11.029
10.951
10.983
11.06
11.059
11.0011
10.988
11.0049
11.0061
10.88
10.983
11.003
10.937
10.9859
10.9749
10.952
10.946
11.0102
11.0209
10.977
11.019
11.055
10.9529
10.9639
10.9529
10.9801
10.958
10.9739
10.994
11.0481
11.0281
11.0579
11.035
11.0221
10.9892
10.989
11.03
10.9758
11.0209
11.0021
11.0319
10.9742
11.071
11.0281
11.004
11.0428
11.0459
10.968
10.9861
10.9472
10.9761
11.014
10.9859
11.0569
10.9129
10.9758
10.987
10.9999
10.994
10.941
10.963
11.1051
11.0459
10.9651
10.9661
10.9751
10.951
10.9921
11.0199
11.044
10.9942
11.0071
10.9482
11.0371
10.9921
11.122
11.076
10.972
11.008
11.0421
11.0898
10.962
10.9942
10.937
11.003
11.024
11.0009
11.0049
11.066
11.0199
11.004
11.0052
10.987
11.0588
11.03
11.0061
10.9901
11.0631
10.988
11.019
11.0559
11.0209
11.0099
10.946
10.9119
10.932
11.045
10.978
11.0302
11.0471
10.941
11.122
11.013
11.0381
11.0121
10.9558
11.0531
11.025
10.9398
11.0118
11.03
11.0209
10.973
10.9642
11.0371
11.025
11.0059
10.952
11.008
10.9749
10.9959
11.0281
10.9441
10.9589
11.024
10.9961
11.0371
11.0221
11.0052
10.8931
11.0312
10.9141
10.9282
10.9811
11.0619
10.9389
11.0209
11.0719
11.0419
10.9751
10.9591
11.0521
11.014
11.0118
10.8418
11.04
11.0009
10.9849
11.0278
11.0378
10.9999
10.9639
11.0011
11.0421
10.9921
11.044
10.8929
10.9651
11.003
10.989
10.9749
10.9332
10.9801
11.0769
11.008
11.0381
11.0531
10.9811
10.9458
11.0619
10.999
10.9529
11.029
10.952
10.9332
11.023
10.9868
10.9448
11.0259
10.9899
11.0369
10.9251
11.018
11.025
11.0528
11.003
10.9899
11.003
10.982
11.0369
11.0178
11.008
10.9441
11.06
10.9608
10.922
11.0159
10.9282
10.9692
10.9401
11.023
11.0261
10.9532
11.019
10.942
11.0412
10.9601
11.003
11.0569
10.8578
11.0731
10.9439
10.987
11.0061
10.951
11.039
11.0259
10.906
10.982
11.0271
10.9489
10.9541
10.983
10.9859
11.054
10.947
10.9611
11.023
11.0171
10.942
11.065
11.014
10.982
10.962
10.9448
10.9689
11.0469
10.9789
10.942
11.0841
10.962
11.0209
10.9408
11.0381
11.0271
10.9441
11.0519
10.993
10.9761
11.0261
11.0571
10.9329
11.0939
10.9539
11.0152
11.024
11.0049
10.988
10.9749
10.9301
10.993
10.9811
10.9789
10.987
10.982
10.993
11.0021
11.0149
11.024
10.9458
11.0409
10.994
11.0419
11.0428
10.983
11.05
10.9689
10.942
10.993
11.003
11.049
10.9589
11.0021
11.0769
11.0979
11.035
11.023
11.0219
10.998
11.0152
10.994
10.9448
11.023
11.0021
11.008
10.9749
11.0049
10.963
10.9761
11.0002
11.0021
11.0271
11.0381
11.0538
11.004
10.9639
10.9868
11.013
10.9611
11.0102
10.9589
10.999
11.0288
11.1051
10.9701
10.9701
10.9642
11.024
10.9899
10.9301
11.0199
10.9839
11.0121
11.0221
10.9532
10.9279
10.9971
10.901
10.9959
11.0228
11.0059
10.9949
10.9971
10.9141
10.9861
10.977
10.9501
10.8941
10.951
11.0369
10.9501
10.9942
10.951
10.962
11.061
10.972
10.967
11.0271
11.0261
11.0321
11.0672
10.988
11.0359
10.9921
11.004
11.0071
11.0869
11.0071
11.0281
11.0161
11.0102
10.8929
11.0199
11.024
10.9379
11.009
10.973
11.044
10.962
11.0199
11.0261
10.9501
10.994
11.045
11.045
10.957
11.0168
10.947
10.9971
11.0898
11.0531
10.9289
11.0569
10.9999
11.054
10.9701
11.004
10.9661
11.0669
10.947
11.096
11.096
10.9801
11.04
10.9851
10.9992
10.9789
11.024
10.9921
11.03
11.0359
10.9749
10.9999
11.0099
10.9909
11.018
11.019
11.014
11.0099
11.0312
10.9751
11.0521
11.0021
11.04
10.978
11.0791
11.0071
11.08
10.9851
11.024
10.9971
11.019
11.0149
11.013
10.9911
11.013
10.9758
11.029
10.9789
10.967
10.8962
11.044
11.0149
10.9971
11.0459
11.0021
10.9642
11.0071
10.9611
11.0588
11.0569
11.0319
10.9839
11.0009
10.9951
10.9169
11.0569
10.9079
10.993
11.0428
10.998
10.9661
11.0769
10.942
11.076
11.05
11.0281
10.9899
11.0118
11.076
10.9551
10.9558
10.946
11.0321
10.952
10.9839
11.076
10.9198
11.03
10.9339
10.9382
10.9022
11.0209
10.9849
11.0209
10.9529
10.946
10.9658
11.0259
11.03
10.9851
11.0018
11.0569
10.921
11.0381
10.9608
10.977
10.9801
11.025
11.039
