14.184
14.3342
14.3189
14.302
14.322
14.3239
14.308
14.3301
14.3452
14.3468
14.3261
14.3161
14.334
14.3461
14.317
14.298
14.344
14.317
14.328
14.3189
14.323
14.3061
14.3361
14.3189
14.287
14.3399
14.3311
14.3349
14.322
14.3111
14.3549
14.3418
14.308
14.3411
14.297
14.327
14.2989
14.348
14.312
14.3239
14.3471
14.3259
14.328
14.328
14.3092
14.3461
14.3402
14.3321
14.323
14.338
14.322
14.3058
14.3249
14.317
14.323
14.3461
14.3299
14.312
14.3461
14.3299
14.3142
14.3239
14.3399
14.3449
14.3318
14.3371
14.323
14.313
14.318
14.318
14.3392
14.3189
14.3368
14.339
14.3192
14.3118
14.338
14.327
14.3189
14.3418
14.318
14.3151
14.3261
14.3251
14.338
14.2989
14.3349
14.312
14.3669
14.317
14.3411
14.287
14.334
14.322
14.3321
14.3149
14.329
14.3321
14.3318
14.3039
14.3089
14.313
14.312
14.354
14.322
14.3068
14.3442
14.349
14.3631
14.3161
14.2958
14.338
14.3039
14.3359
14.3311
14.3149
14.3259
14.313
14.3442
14.3368
14.3399
14.323
14.307
14.3309
14.3471
14.344
14.3239
14.3299
14.322
14.348
14.318
14.3039
14.3211
14.3011
14.3261
14.3089
14.343
14.3409
14.3449
14.343
14.3139
14.3251
14.3239
14.3392
14.343
14.3311
14.3139
14.339
14.3511
14.344
14.3259
14.3039
14.298
14.318
14.3139
14.303
14.323
14.3411
14.318
14.312
14.322
14.348
14.298
14.3149
14.3342
14.333
14.328
14.3311
14.3349
14.308
14.3201
14.3421
14.344
14.3201
14.339
14.3399
14.3209
14.3499
14.3349
14.3418
14.3239
14.3359
14.3361
14.3099
14.3349
14.3139
14.3321
14.329
14.3189
14.3409
14.3449
14.3402
14.3301
14.3631
14.3402
14.3352
14.3292
14.3399
14.303
14.333
14.298
14.317
14.333
14.3261
14.317
14.3359
14.333
14.339
14.3411
14.334
14.3299
14.3158
14.3368
14.3192
14.3239
14.329
14.318
14.3108
14.334
14.349
14.3209
14.329
14.3518
14.3321
14.338
14.3209
14.3039
14.302
14.3158
14.317
14.354
14.3199
14.359
14.3361
14.3349
14.323
14.3139
14.3309
14.3189
14.348
14.3139
14.3449
14.2989
14.3428
14.318
14.3371
14.3211
14.298
14.339
14.2999
14.312
14.3211
14.3321
14.317
14.3399
14.3421
14.3318
14.317
14.3371
14.3108
14.3399
14.354
14.318
14.3409
14.3239
14.3459
14.3189
14.3251
14.3011
14.3361
14.338
14.3211
14.3199
14.328
14.323
14.3399
14.327
14.3449
14.3559
14.2951
14.3161
14.339
14.3461
14.3242
14.3251
14.317
14.3399
14.329
14.3449
14.3011
14.3621
14.3001
14.353
14.3189
14.2961
14.3309
14.3299
14.3199
14.3142
14.3201
14.308
14.344
14.3321
14.338
14.2999
14.3218
14.286
14.3149
14.343
14.353
14.3399
14.328
14.348
14.3158
14.3111
14.343
14.3042
14.334
14.365
14.3261
14.3199
14.3158
14.348
14.2879
14.303
14.308
14.3399
14.318
14.3292
14.3161
14.3211
14.3201
14.354
14.322
14.2951
14.3068
14.3101
14.3111
14.313
14.327
14.3259
14.333
14.338
14.3011
14.3309
14.3089
14.3161
14.313
14.2961
14.3268
14.323
14.3199
14.3411
14.3301
14.327
14.3299
14.3099
14.3089
14.3309
14.3089
14.3192
14.3301
14.323
14.3471
14.3411
14.3049
14.3259
14.3111
14.3139
14.322
14.3042
14.3452
14.3311
14.364
14.333
14.303
14.323
14.2999
14.302
14.344
14.3259
14.329
14.323
14.312
14.3549
14.3199
14.328
14.348
14.307
14.3089
14.3089
14.3611
14.3199
14.3209
14.297
14.3251
14.322
14.3089
14.3309
14.339
14.3239
14.3089
14.333
14.3061
14.3051
14.3139
14.2829
14.334
14.291
14.349
14.3342
14.339
14.318
14.303
14.3499
14.3499
14.334
14.328
14.3571
14.3118
14.317
14.3471
14.3039
14.3371
14.3311
14.3211
14.3409
14.338
14.328
14.3099
14.3249
14.3099
14.3299
14.3239
14.323
14.3182
14.339
14.329
14.3242
14.3158
14.3361
14.3049
14.327
14.343
14.312
14.327
14.302
14.3199
14.286
14.3132
14.3321
14.308
14.3039
14.3261
14.3361
14.3201
14.3149
14.307
14.322
14.328
14.3371
14.3111
14.307
14.323
14.3371
14.3299
14.3421
14.317
14.348
14.3421
14.322
14.287
14.3399
14.3201
14.3239
14.343
14.348
14.3299
14.358
14.317
14.312
14.3108
14.3449
14.3359
14.297
14.3199
14.3421
14.338
14.3449
14.359
14.3468
14.3502
14.338
14.3421
14.3468
14.3089
14.3158
14.3199
14.2958
14.3239
