37.3878
37.1959
37.1459
36.7849
36.551
36.521
36.557
36.8791
36.891
36.3178
36.438
36.4349
36.536
36.536
36.7789
36.747
36.948
36.7551
36.593
36.305
36.9759
36.5069
36.2961
36.32
36.633
36.597
36.5
36.6988
36.5109
36.3889
36.9809
36.5238
36.4389
36.32
37.08
36.6039
36.391
36.706
36.567
37.06
36.797
36.6988
36.458
36.8681
36.7172
36.9821
36.9151
36.521
36.5591
36.2959
36.377
36.7641
36.433
36.557
36.8869
36.386
36.901
36.86
36.943
37.0688
36.948
36.7801
36.037
36.6361
36.2551
36.582
36.5851
36.5469
36.2608
36.5338
36.4161
36.8021
36.495
36.3011
36.7072
36.5729
36.191
36.6099
36.3979
36.464
36.7661
36.7041
36.4108
36.6602
36.777
36.7508
36.1731
36.932
36.4592
36.7711
36.094
36.972
36.432
36.3789
36.4449
36.787
36.4041
36.844
36.5181
36.6831
36.675
36.952
36.86
36.593
36.5059
36.9439
36.6251
36.4649
36.3889
36.643
36.6781
36.1011
36.582
36.1271
36.483
36.6919
36.407
36.5181
36.725
36.5651
36.593
36.7012
36.3469
36.5851
36.823
36.7711
36.494
37.142
36.5191
36.5269
36.756
36.324
36.442
36.3078
36.4799
36.1989
36.35
36.3781
36.793
37.046
37.1308
36.3178
37.0841
36.4389
37.113
36.6559
36.844
36.4511
36.9802
36.8171
36.7031
36.1362
36.4461
36.5179
36.4699
36.4871
36.4809
36.865
36.4819
36.859
36.8121
36.0031
36.618
36.6571
37.0471
36.4571
36.916
36.957
36.5169
36.186
36.7382
36.716
37.0591
36.6001
36.701
36.5989
36.8049
37.1001
36.4549
36.3209
36.665
36.5779
36.4742
36.756
36.9601
37.183
36.7248
36.5651
36.8721
37.06
37.1799
36.6688
36.6709
36.7959
36.5541
36.1979
36.3159
36.721
36.66
36.8509
36.87
36.695
36.417
36.9151
36.2961
36.967
36.6521
36.4542
36.289
36.638
36.061
36.8199
36.4051
36.752
36.5801
36.6681
36.5319
36.5038
36.793
36.4501
36.7901
36.4602
37.1299
36.2329
36.521
36.417
36.726
36.3352
37.0009
37.0231
36.474
36.5751
36.89
36.5579
36.7768
37.0369
36.4139
36.4199
36.185
36.947
36.7339
36.772
36.5572
36.4552
36.818
37.0131
36.922
36.1941
36.696
36.5829
36.3951
36.3641
36.4521
36.6702
36.7489
37.01
36.7351
36.763
36.613
36.5021
36.581
36.5229
36.1629
36.787
36.6981
36.0532
36.742
36.5028
36.6359
36.55
36.6702
36.5222
36.845
36.6709
36.701
37.102
36.7548
36.6161
36.3569
36.6471
36.438
36.7708
36.262
36.361
36.6631
36.448
36.5069
36.7649
36.8178
36.53
36.8061
36.6261
36.4652
36.356
36.871
36.628
36.7091
36.4799
36.7191
37.0281
36.4082
36.809
36.473
36.8361
36.7231
36.598
36.2511
36.5081
36.6111
36.5939
36.7291
36.9048
36.329
36.5
36.7451
36.6771
36.6271
36.7
36.5391
36.53
36.423
36.3722
36.89
36.7608
36.689
36.891
37.034
36.617
36.3259
36.576
36.0909
36.8969
36.494
36.2751
36.793
36.3369
36.3169
36.2949
36.4242
36.747
36.865
36.768
36.387
36.5129
36.844
36.4041
36.7281
36.3779
37.0519
36.3069
36.612
36.6421
36.428
36.5222
36.3011
36.6161
36.4151
36.516
36.2148
36.6051
36.968
36.885
36.236
37.1728
36.7169
36.2489
36.494
36.691
36.5882
36.6731
36.4149
37.0638
36.5219
37.2179
36.5491
36.994
36.3891
36.5469
36.391
36.623
36.303
36.2082
36.947
36.305
36.515
36.6001
36.6919
36.587
36.551
36.0839
36.814
36.665
36.2999
36.485
36.7401
37.1559
36.504
36.603
36.479
36.8102
36.186
36.1531
36.8149
36.768
36.4308
36.8109
36.3951
36.3441
36.8371
36.871
36.4261
36.6349
36.53
36.4511
36.8149
36.8481
36.5582
36.7081
36.432
37.4041
36.2639
36.7489
36.5119
36.3221
36.2911
36.587
36.3429
36.875
36.7501
36.2818
36.881
36.1371
36.5579
36.731
36.6049
36.8559
36.5138
36.4621
36.571
36.304
36.989
37.1079
36.4201
36.4811
36.9411
37.4708
36.762
36.597
36.5739
36.8989
36.4859
36.243
36.5412
36.376
36.8249
36.7589
36.2959
37.128
36.278
36.329
36.705
36.7551
36.1199
36.5241
36.8009
36.721
36.2432
36.495
36.6678
36.5069
36.6499
36.953
36.967
36.5798
36.5698
36.5288
36.443
36.4599
36.294
36.7689
36.7529
36.7072
36.7579
36.35
36.4208
36.5601
36.8161
36.4239
36.4289
36.5069
36.6368
37.2651
36.859
36.557
36.5491
36.392
36.4881
36.968
36.387
36.479
36.5851
37.0991
36.531
36.5012
36.324
36.4149
36.3669
36.2859
36.9241
36.814
36.813
36.6371
36.5999
36.8192
36.2601
36.7661
36.3991
36.3719
36.4799
36.4649
36.6411
36.5689
36.5288
36.181
36.5622
36.371
36.9859
36.355
36.746
36.6459
36.3309
36.0432
36.9999
36.2589
36.6769
36.953
36.8581
36.5629
36.963
36.2248
36.8929
36.3209
36.8748
36.9911
36.4821
37.0131
36.4971
36.5448
36.6671
36.7379
36.968
36.7422
36.7861
36.694
36.6962
36.5541
36.72
36.469
36.6402
36.5551
36.7758
36.4931
36.747
36.917
36.3052
36.7279
36.4661
36.7551
36.9072
36.9141
36.463
36.2339
37.4331
36.705
36.345
36.2918
36.6819
36.633
36.978
36.3541
36.401
36.716
36.3169
36.86
36.3991
36.557
36.7229
36.6471
36.3331
36.5472
36.1462
36.603
36.453
36.624
36.586
36.4101
37.0882
36.108
36.468
36.66
36.401
36.5992
36.5071
36.5381
36.7451
36.3538
36.725
36.706
36.5088
36.525
36.8848
36.588
36.3939
36.4249
36.371
36.1381
37.0069
36.7532
36.6509
36.154
36.4912
36.665
37.1001
36.7439
36.5269
36.5529
36.8319
36.906
36.5891
36.2961
36.2802
36.6411
36.7451
36.7122
36.289
36.1381
36.927
36.4161
36.546
37.2291
36.7012
36.562
36.2589
37.092
36.351
37.3058
36.6209
36.808
37.0421
36.6399
36.3369
36.643
36.7148
36.7379
36.9809
36.8249
36.829
36.5939
36.732
36.351
36.5341
36.9039
36.505
36.752
36.1998
37.0409
36.33
36.273
36.5961
36.5441
37.0491
36.701
36.6192
36.8831
36.417
36.7939
36.484
36.6189
36.341
36.6681
36.6299
36.3328
36.6879
36.5701
36.716
36.396
36.727
36.869
36.7751
36.813
36.86
36.931
36.531
36.9501
36.33
36.4368
36.8071
36.2592
36.495
36.5131
36.423
36.5329
37.0719
36.315
36.562
36.7851
36.494
36.5019
36.6578
36.356
36.463
36.5911
36.1781
36.8972
36.6721
36.3781
36.238
36.4151
36.5829
37.1871
37.055
36.9582
36.5
36.4728
36.3181
36.3941
36.3209
36.6521
36.2229
36.603
36.2129
36.556
36.7529
36.5479
36.875
36.51
36.6781
36.541
36.5369
36.989
36.5701
36.3979
36.299
36.499
36.669
36.5798
36.5751
36.4161
36.6731
36.382
36.7501
36.334
36.808
36.4041
36.238
36.572
36.8371
36.551
36.1149
36.8209
36.5219
37.2109
36.8571
36.9141
36.629
36.509
36.5961
36.5939
36.546
36.571
36.412
36.5191
36.34
36.2141
36.556
36.727
36.5531
36.556
36.4149
36.4962
36.4001
36.9771
36.7241
36.6311
36.4542
36.695
36.973
36.325
36.423
36.6671
36.6361
36.6139
36.7029
36.7351
36.7601
36.4318
37.1079
36.5701
36.839
36.1912
36.6499
36.027
36.835
36.185
36.2458
36.7899
36.69
36.4749
36.6352
36.747
36.6819
36.551
36.6828
36.742
36.9499
36.7811
37.0209
36.361
36.7131
36.6361
36.8621
36.7231
36.5591
36.777
37.0431
36.3081
37.0712
36.7169
36.2179
36.716
36.258
36.902
36.4518
36.7839
36.845
36.664
36.1269
36.3119
36.762
36.309
36.8431
36.2651
36.622
36.3181
36.2589
36.238
36.9332
37.411
36.1819
36.6819
36.1202
36.7231
36.768
36.7219
37.0159
36.7019
36.4268
36.803
36.5322
36.87
36.6011
36.6311
36.2911
36.8412
36.8049
36.3889
36.936
36.3061
36.3882
36.9079
36.4909
36.7451
36.4552
36.8969
36.412
36.5889
36.526
36.7191
36.9651
36.2601
36.1431
36.8662
36.6161
36.5431
36.741
36.5839
36.382
37.0872
36.5
36.5679
36.2918
36.5241
36.2949
36.798
36.1612
36.588
36.6731
36.741
36.71
36.787
36.2089
36.5808
37.1299
36.9821
36.484
36.727
36.36
36.823
36.639
36.3491
36.633
36.6051
36.6611
36.298
36.881
36.9961
36.6371
36.5088
36.993
36.1199
36.5951
36.7689
36.402
36.1891
36.7
36.8459
36.706
36.8061
36.561
36.715
36.732
36.5889
36.562
36.207
36.973
36.797
36.7548
36.7739
36.4139
36.4749
36.4778
36.1149
36.679
36.535
36.608
36.602
36.4051
36.273
36.869
36.4261
36.3059
36.531
36.4919
36.6962
36.993
36.72
36.4749
36.3691
36.428
36.6521
36.4342
36.746
36.2902
36.407
36.7179
36.515
36.4699
37.1139
36.7739
36.8431
37.0669
36.6912
36.9201
36.875
36.222
36.4959
36.906
36.782
36.391
36.6089
36.6879
36.516
36.6101
36.2439
36.1242
36.5331
36.464
36.217
36.495
36.3321
36.495
36.6299
36.829
36.6611
36.551
36.335
36.474
37.0319
36.6569
37.055
