15.4619
10.4051
10.33
10.288
10.3009
10.2909
10.2959
10.3121
10.303
10.3831
10.288
10.3409
10.3459
10.3261
10.3052
10.2749
10.355
10.308
10.3369
10.319
10.3261
10.272
10.299
10.299
10.268
10.334
10.324
10.3021
10.3452
10.2971
10.2582
10.3271
10.303
10.3142
10.282
10.3228
10.2899
10.335
10.3381
10.3519
10.2859
10.2949
10.2789
10.251
10.3171
10.3159
10.3822
10.268
10.3312
10.2642
10.3362
10.2992
10.3121
10.4091
10.349
10.3121
10.2639
10.283
10.287
10.318
10.3071
10.3509
10.3261
10.2801
10.3168
10.319
10.323
10.2961
10.329
10.34
10.298
10.272
10.273
10.2749
10.344
10.268
10.2949
10.3271
10.288
10.2561
10.273
10.2961
10.303
10.359
10.303
10.2839
10.283
10.3478
10.3061
10.2961
10.2801
10.2589
10.3052
10.2651
10.273
10.304
10.3381
10.3369
10.293
10.334
10.2949
10.3109
10.309
10.2661
10.2801
10.2789
10.2539
10.3259
10.298
10.298
10.2379
10.268
10.3121
10.3261
10.283
10.3369
10.3199
10.314
10.2639
10.3638
10.303
10.2749
10.2592
10.314
10.3009
10.3259
10.288
10.3569
10.3321
10.3111
10.2789
10.2839
10.3452
10.318
10.2851
10.3261
10.3011
10.2692
10.371
10.3042
10.3199
10.2999
10.3121
10.2992
10.3362
10.273
10.3109
10.349
10.318
10.303
10.287
10.3672
10.2921
10.3381
10.2842
10.2861
10.3691
10.289
10.3011
10.282
10.35
10.3159
10.3009
10.2921
10.282
10.304
10.3011
10.2949
10.287
10.288
10.3121
10.294
10.3049
10.263
10.2911
10.3261
10.3621
10.3071
10.325
10.396
10.3281
10.2849
10.3109
10.2422
10.2811
10.313
10.3052
10.2911
10.318
10.298
10.277
10.422
10.3168
10.267
10.3011
10.3011
10.289
10.299
10.303
10.3009
10.288
10.3309
10.3519
10.381
10.299
10.289
10.278
10.304
10.359
10.3152
10.2761
10.309
10.289
10.2909
10.289
10.283
10.278
10.3221
10.304
10.3321
10.2971
10.293
10.314
10.3061
10.263
10.33
10.3288
10.298
10.3099
10.303
10.35
10.287
10.2892
10.313
10.2861
10.324
10.3011
10.2961
10.3209
10.308
10.283
10.288
10.298
10.2899
10.2639
10.3288
10.3159
10.4051
10.3731
10.2839
10.2789
10.3641
10.3099
10.289
10.329
10.361
10.2899
10.2401
10.3152
10.267
10.3271
10.2541
10.2811
10.2761
10.2279
10.2708
10.309
10.2851
10.3581
10.3521
10.3061
10.3331
10.3078
10.308
10.318
10.3109
10.3528
10.3319
10.2959
10.3171
10.3252
10.2761
10.283
10.2959
10.262
10.304
10.2739
10.272
10.283
10.2968
10.2971
10.33
10.2708
10.313
10.3371
10.329
10.2818
10.2539
10.3159
10.33
10.3002
10.253
10.273
10.2952
10.3531
10.3221
10.319
10.2751
10.3011
10.3302
10.2611
10.277
10.287
10.3049
10.3388
10.334
10.3562
10.3121
10.298
10.3228
10.2789
10.334
10.319
10.324
10.3092
10.308
10.287
10.349
10.2952
10.3021
10.288
10.2849
10.3061
10.3462
10.3459
10.2789
10.2899
10.2911
10.344
10.2739
10.298
10.309
10.309
10.262
10.287
10.283
10.3078
10.3111
10.3581
10.2751
10.298
10.345
10.314
10.3049
10.371
10.335
10.3209
10.3309
10.3168
10.2921
10.3221
10.3102
10.2839
10.304
10.283
10.2999
10.3219
10.299
10.267
10.2949
10.2761
10.299
10.2892
10.3221
10.319
10.2999
10.329
10.355
10.308
10.2968
10.2649
10.2921
10.303
10.3261
10.3099
10.308
10.3488
10.2949
10.278
10.3219
10.3519
10.3149
10.267
10.319
10.267
10.2959
10.2689
10.272
10.3071
10.283
10.2749
10.2582
10.3791
10.349
10.2921
10.288
10.2751
10.3011
10.289
10.278
10.2801
10.33
10.294
10.324
10.2999
10.3219
10.2999
10.304
10.3061
10.3171
10.3459
10.309
10.3068
10.273
10.3261
10.2751
10.3431
10.2942
10.282
10.293
10.309
10.3252
10.2751
10.304
10.2599
10.33
10.216
10.272
10.3002
10.335
10.34
10.2961
10.2751
10.3631
10.2961
10.354
10.339
10.3121
10.282
10.3092
10.407
10.3161
10.3621
10.2911
10.324
10.314
10.3071
10.3309
10.3199
10.3161
10.2921
10.2952
10.3071
10.354
10.3371
10.242
10.34
10.308
10.3579
10.2911
10.3269
10.2849
10.288
10.2611
10.2868
10.3021
10.324
10.2992
10.3371
10.2611
10.308
10.3378
10.289
10.2892
10.298
10.309
10.289
10.313
10.267
10.3199
10.2899
10.3688
10.3309
10.2608
10.354
10.252
10.2789
10.293
10.314
10.2942
10.3161
10.3409
10.335
10.304
10.3178
10.2911
10.3481
10.278
10.2639
10.3471
10.3562
10.3781
10.3941
10.303
10.304
10.344
10.3099
10.2639
10.2491
10.3052
10.3161
10.3321
10.314
10.303
10.2799
10.3209
10.34
10.2711
10.2601
10.2861
10.2921
10.3281
10.3679
10.2971
10.2801
10.3171
10.2689
10.2661
10.288
10.3619
10.3412
10.2839
10.324
10.2971
10.2711
10.3159
10.2942
10.251
10.349
10.34
10.3271
10.2942
10.386
10.2909
10.35
10.381
10.272
10.2539
10.3519
10.3459
10.3059
10.3109
10.294
10.2692
10.236
10.33
10.2661
10.3278
10.2959
10.3049
10.334
10.335
10.2839
10.3221
10.3121
10.3261
10.2911
10.2811
10.2689
10.2961
10.335
10.2949
10.2861
10.3452
10.2589
10.3171
10.319
10.2539
10.407
10.278
10.3269
10.2551
10.268
10.289
10.2961
10.2952
10.2949
10.2999
10.313
10.282
10.293
10.376
10.3512
10.309
10.2849
10.3009
10.35
10.2432
10.3281
10.339
10.2818
10.277
10.3052
10.2971
10.3531
10.3099
10.298
10.277
10.2892
10.273
10.2952
10.3161
10.2651
10.3221
10.272
10.283
10.2711
10.3002
10.3071
10.3309
10.3729
10.2739
10.3259
10.3071
10.2971
10.3278
10.268
10.298
10.385
10.3409
10.2599
10.3109
10.3009
10.2749
10.3431
10.3109
10.2789
10.3009
10.2599
10.298
10.2701
10.324
10.334
10.278
10.3111
10.293
10.2861
10.2561
10.4291
10.309
10.293
10.2739
10.3369
10.3309
10.334
10.3581
10.3021
10.2718
10.334
10.247
10.3059
10.293
10.319
10.3071
10.33
10.3202
10.2839
10.2909
10.298
10.268
10.293
10.3471
10.3061
10.319
10.325
10.344
10.3278
10.2909
10.3159
10.277
10.277
10.299
10.2911
10.2708
10.3228
10.2911
10.3259
10.283
10.3149
10.3021
10.2792
10.299
10.3171
10.287
10.3581
10.324
10.2639
10.329
10.2611
10.3381
10.278
10.273
10.3049
10.2911
10.3462
10.3171
10.325
10.344
10.3211
10.3471
10.294
10.3478
10.2649
10.2699
10.3328
10.3309
10.3199
10.3149
10.3202
10.2901
10.2761
10.2711
10.2398
10.2708
10.355
10.283
10.2799
10.3059
10.3061
10.3381
10.298
10.298
10.313
10.329
10.323
10.2911
10.303
10.2451
10.3271
10.3102
10.3581
10.344
10.3521
10.3269
10.3679
10.309
10.3281
10.2582
10.3021
10.2971
10.3309
10.2789
10.2651
10.3421
10.298
10.3331
10.3278
10.2699
10.289
10.278
10.2739
10.257
10.3102
10.3002
10.294
10.3021
10.314
10.3159
10.3118
10.3309
10.329
10.2949
10.2499
10.2639
10.3068
10.273
10.3331
10.273
10.282
10.278
10.318
10.2911
10.278
10.3009
10.293
10.2968
10.288
10.3111
10.3271
10.2839
10.2499
10.294
10.3209
10.3641
10.2541
10.2441
10.355
10.2701
10.2952
10.2761
10.293
10.3579
10.294
10.288
10.324
10.3219
10.3018
10.334
10.3011
10.2651
10.3421
10.2761
10.2639
10.329
10.324
10.3061
10.3061
10.34
10.3478
10.319
10.2851
10.3531
10.2961
10.299
10.2799
10.3009
10.3068
10.3059
10.298
10.3781
10.3161
10.2782
10.2799
10.3118
10.314
10.3359
10.304
10.3259
10.278
10.273
10.3099
10.2682
10.277
10.2739
10.2751
10.2801
10.3331
10.376
10.2899
10.3331
10.314
10.3691
10.3071
10.3471
10.272
10.3688
10.3061
10.3509
10.3149
10.268
10.2911
10.3061
10.282
10.3199
10.282
10.3068
10.293
10.273
10.2999
10.3378
10.282
10.3121
10.339
10.3612
10.344
10.294
10.258
10.3309
10.298
10.319
10.3538
10.308
10.3631
10.287
10.3259
10.3109
10.2649
10.282
10.2651
10.2861
10.2711
10.2901
10.2651
10.303
10.314
10.2909
10.2971
10.2692
10.282
10.3021
10.3118
10.303
10.304
10.334
10.283
10.3359
10.3199
10.3199
10.2801
10.3261
10.334
10.3099
10.2689
10.3228
10.2861
10.2701
10.308
10.3509
10.304
10.2921
10.339
10.2999
10.2959
10.277
10.2811
10.2561
10.3388
10.3099
10.402
10.344
10.361
10.2868
10.2921
10.2768
10.3459
10.349
10.3819
10.2849
10.2859
10.36
10.3281
10.2589
10.3302
10.299
10.3099
10.272
10.299
10.3228
10.3431
10.3111
10.2742
10.325
10.309
10.287
10.3509
10.2968
10.3099
10.3009
10.2949
10.3002
10.3118
10.324
10.325
10.33
10.2568
10.3281
10.3111
10.3121
10.3538
10.267
10.283
10.3569
10.2749
10.299
10.334
10.2808
10.2799
10.2899
10.2839
10.2942
10.267
10.3662
10.278
10.304
10.3371
10.2541
10.303
10.3519
10.2458
10.3629
