12.4981
4.91691
4.91714
4.91405
4.90594
4.91285
4.91786
4.91786
4.91405
4.90999
4.91285
4.91714
4.91309
4.91095
4.91118
4.91595
4.92215
4.91405
4.90808
4.91691
4.90785
4.9088
4.91285
4.91405
4.90999
4.90308
4.91309
4.90403
4.90999
4.91285
4.915
4.90999
4.90904
4.90785
4.92883
4.90499
4.91405
4.91714
4.91095
4.91619
4.90999
4.61411
3.62492
3.58701
3.58295
3.58415
3.55697
3.546
3.5429
3.54385
3.54981
3.63493
3.53408
3.52788
3.52407
3.52883
3.52788
3.5181
3.50213
3.50904
3.49998
3.50595
3.50595
3.50881
3.5038
3.50189
3.50499
3.50285
3.50595
3.50308
3.50404
3.50094
3.51
3.49808
3.50404
3.50094
3.50714
3.50094
3.50499
3.50595
3.50499
3.5038
3.50595
3.50595
3.49903
3.50285
3.50285
3.50595
3.50094
3.50785
3.50404
3.50094
3.50904
3.50714
3.50714
3.50595
3.50714
3.50499
3.50595
3.50404
3.50213
3.5069
3.50404
3.50499
3.50308
3.51095
3.51405
3.50308
3.50523
3.50285
3.51
3.49998
3.49998
3.50499
3.49903
3.50308
3.50809
3.50308
3.50904
3.5069
3.50285
3.50308
3.50785
3.50118
3.50595
3.50213
3.51095
3.52716
3.53003
3.52693
3.52597
3.52502
3.52716
3.52192
3.53098
3.52693
3.52216
3.52883
3.53003
3.52502
3.52502
3.52287
3.52788
3.53384
3.52693
3.52788
3.52716
3.52693
3.52287
3.52407
3.52311
3.53813
3.53599
3.54004
3.53312
3.54004
3.53503
3.53312
3.53694
3.53503
3.53193
3.53408
3.53217
3.53599
3.53622
3.53599
3.53408
3.51596
3.51405
3.51381
3.51095
3.5131
3.51691
3.51191
3.51191
3.51405
3.50809
3.5131
3.51501
3.50499
3.50499
3.50499
3.50618
3.50785
3.50094
3.50308
3.50595
3.5069
3.50714
3.50714
3.50499
3.50308
3.5069
3.50118
3.50404
3.50404
3.50904
3.53003
3.52478
3.52788
3.53384
3.52597
3.52597
3.52383
3.52883
3.52597
3.52597
3.52812
3.52812
3.53503
3.53599
3.53384
3.53599
3.5398
3.54195
3.53909
3.54004
3.53813
3.53694
3.54004
3.53622
3.54004
3.5429
3.54195
3.53098
3.53384
3.53384
3.53789
3.53217
3.53503
3.53193
3.52216
3.54004
3.54099
3.54099
3.53789
3.53789
3.53003
3.53003
3.52407
3.52407
3.52192
3.52788
3.52192
3.52812
3.52693
3.52812
3.52597
3.52383
3.52383
3.53694
3.53003
3.52812
3.52907
3.52502
3.52311
3.53003
3.52907
3.52097
3.52383
3.52716
3.52311
3.52788
3.52597
3.52597
3.52597
3.52502
3.52693
3.52192
3.53122
3.53098
3.52693
3.53098
3.52812
3.52597
3.52597
3.52597
3.52311
3.52693
3.53003
3.52502
3.53098
3.52597
3.52597
3.52788
3.52502
3.52597
3.53003
3.52502
3.52907
3.52311
3.53098
3.52693
3.52502
3.53408
3.52716
3.53003
3.53289
3.52597
3.52788
3.52693
3.52693
3.52287
3.52788
3.52812
3.52812
3.52502
3.52407
3.52788
3.52502
3.52883
3.52979
3.52788
3.52407
3.52693
3.52311
3.52597
3.52407
3.52693
3.52812
3.53003
3.52597
3.52097
3.52716
3.52407
3.52788
3.52502
3.52788
3.52693
3.52597
3.52788
3.52502
3.52502
3.53003
3.52597
3.52383
3.52216
3.52502
3.53098
3.52812
3.52812
3.52693
3.52693
3.52597
3.52693
3.52812
3.52407
3.52907
3.53098
3.52407
3.52097
3.52502
3.52597
3.52502
3.52788
3.52502
3.52597
3.52407
3.52597
3.52502
3.52883
3.52621
3.52812
3.52502
3.52502
3.52716
3.52502
3.52311
3.52502
3.5212
3.53289
3.52693
3.52716
3.53503
3.52788
3.52621
3.52311
3.54195
3.52383
3.52383
3.52788
3.52693
3.52407
3.52311
3.52812
3.52597
3.53003
3.53217
3.52311
3.53098
3.52812
3.52716
3.52693
3.53003
3.53408
3.52407
3.52407
3.52597
3.52311
3.52311
3.52502
3.52812
3.52693
3.52597
3.52907
3.53003
3.53003
3.52311
3.52311
3.53193
3.52311
3.52502
3.52407
3.52502
3.53193
3.52597
3.52383
3.52597
3.52597
3.52716
3.52287
3.52287
3.52407
3.53217
3.52407
3.52502
3.52788
3.52907
3.52597
3.52907
3.52502
3.53098
3.53193
3.53217
3.52788
3.52407
3.52788
3.52907
3.52383
3.53193
3.53098
3.52383
3.53122
3.53789
3.54099
3.52407
3.52597
3.52907
3.52216
3.52597
3.52812
3.52812
3.52693
3.53098
3.52979
3.53694
3.52502
3.52812
3.52311
3.52597
3.52597
3.52597
3.53098
3.52597
3.52788
3.52693
3.53599
3.53003
3.52311
3.52311
3.52216
3.52407
3.53003
3.53098
3.52383
3.53217
3.52788
3.52407
3.53384
3.52383
3.52192
3.52716
3.52502
3.52407
3.52907
3.52716
3.52097
3.52383
3.52311
3.53217
3.52597
3.52311
3.52597
3.52311
3.52597
3.52502
3.52597
3.52716
3.52502
3.52621
3.52502
3.53193
3.52907
3.53003
3.52812
3.52693
3.52979
3.52693
3.52788
3.52502
3.51977
3.52287
3.52287
3.53193
3.52907
3.53003
3.52693
3.52788
3.52883
3.52812
3.52001
3.52407
3.52597
3.52597
3.52097
3.52407
3.52693
3.52693
3.52812
3.52192
3.52311
3.52812
3.52693
3.52597
3.53003
3.52216
3.52812
3.52907
3.52597
3.52502
3.53098
3.52287
3.52597
3.52407
3.52287
3.52693
3.52907
3.52311
3.52907
3.53003
3.53098
3.52502
3.52812
3.52597
3.53003
3.52597
3.52502
3.52407
3.52597
3.52192
3.52502
3.52597
3.52693
3.52383
3.52502
3.52597
3.52716
3.52097
3.52597
3.53003
3.52311
3.52907
3.52883
3.53003
3.52597
3.52621
3.52788
3.52502
3.52883
3.52597
3.52812
3.52693
3.53003
3.52407
3.53003
3.53098
3.52597
3.52716
3.52907
3.52597
3.52812
3.52693
3.52287
3.52788
3.52812
3.52407
3.52407
3.52311
3.52788
3.52383
3.52287
3.52597
3.52407
3.52502
3.53813
3.53599
3.52788
3.52597
3.52597
3.52597
3.52502
3.52693
3.52812
3.52693
3.53122
3.52097
3.53003
3.52883
3.52383
3.53384
3.52716
3.53289
3.53098
3.52502
3.52812
3.52502
3.52407
3.52597
3.52812
3.52597
3.52502
3.52502
3.52597
3.5212
3.53098
3.52407
3.52693
3.52287
3.52693
3.52407
3.53312
3.52502
3.52788
3.52216
3.52192
3.52383
3.53003
3.52502
3.52693
3.52597
3.52407
3.52097
3.52383
3.52502
3.52287
3.52597
3.52502
3.53003
3.52883
3.52597
3.52502
3.53217
3.52597
3.52407
3.52502
3.5212
3.52407
3.53098
3.52812
3.52502
3.52502
3.52883
3.52216
3.52693
3.52597
3.52001
3.52478
3.52502
3.53098
3.53003
3.52621
3.52407
3.52502
3.52716
3.52407
3.52597
3.52883
3.52597
3.52502
3.52597
3.52597
3.52502
3.53098
3.52597
3.5212
3.53193
3.52812
3.52907
3.52502
3.52597
3.52788
3.53408
3.52597
3.52597
3.52287
3.52383
3.52502
3.52693
3.52979
3.52788
3.52597
3.53193
3.52287
3.52311
3.53408
3.52907
3.52287
3.52716
3.52788
3.52311
3.52716
3.52693
3.52502
3.52407
3.52907
3.52311
3.52597
3.52597
3.53003
3.53289
3.52597
3.52907
3.52907
3.52597
3.52192
3.52812
3.52597
3.52883
3.53193
3.53003
3.52383
3.53003
3.52502
3.52907
3.52311
3.52693
3.52383
3.52097
3.52812
3.52383
3.52883
3.52693
3.52407
3.52597
3.52788
3.52502
3.52502
3.52216
3.53098
3.52812
3.53193
3.52502
3.53098
3.52597
3.53098
3.52907
3.52001
3.52597
3.52597
3.52597
3.52383
3.52502
3.52502
3.52979
3.53289
3.52883
3.52216
3.52812
3.52502
3.52812
3.52812
3.52597
3.52502
3.52693
3.52693
3.52383
3.53003
3.52407
3.52407
3.52812
3.52311
3.52907
3.52907
3.52311
3.52812
3.52693
3.52597
3.52788
3.52383
3.52693
3.52597
3.52883
3.52883
3.52383
3.52597
3.52597
3.52407
3.52693
3.52812
3.52407
3.53718
3.52407
3.52407
3.53098
3.54004
3.52812
3.52597
3.52693
3.52597
3.52693
3.53217
3.53098
3.52502
3.53098
3.52407
3.52502
3.52001
3.52621
3.52383
3.52407
3.52693
3.52788
3.52216
3.52693
3.52097
3.52407
3.52693
3.52979
3.53003
3.53098
3.52311
3.52407
3.52597
3.53193
3.52407
3.52883
3.52788
3.52788
3.52716
3.52311
3.52693
3.53003
3.53193
3.52597
3.52788
3.52597
3.53193
3.53098
3.52812
3.53312
3.52287
3.52097
3.52597
3.52812
3.52907
3.52502
3.52407
3.52597
3.52597
3.52001
3.52907
3.52383
3.52287
3.52979
3.53098
3.52693
3.53408
3.52597
3.53098
3.52693
3.52716
3.52407
3.52287
3.53003
3.52502
3.53003
3.52597
3.52287
3.52597
3.52097
3.52693
3.52907
3.52311
3.52407
3.52597
3.52407
3.52311
3.52597
3.52788
3.52216
3.53003
3.52907
3.52502
3.52502
3.52812
3.52597
3.52597
3.53289
3.52693
3.53098
3.52621
3.52788
3.52001
3.52597
3.52597
3.52502
3.52812
3.53003
3.53098
3.52478
3.52597
3.52311
3.52407
3.52693
3.52287
3.53003
3.53503
3.53003
3.52812
3.52597
3.52502
3.52979
3.52883
3.51977
3.52407
3.52287
3.52693
3.52812
3.52597
3.52597
3.52788
3.53098
3.52311
3.52287
3.52478
3.52693
3.52907
3.52216
3.52502
3.52502
3.52597
3.52597
3.52907
3.53384
3.53193
3.52216
3.52502
3.52812
3.52693
3.52693
3.52907
3.52716
3.52407
3.52502
3.53003
3.52907
3.52597
3.52383
3.52597
3.52693
3.53003
3.52693
3.52383
3.52693
3.52407
3.53003
3.52812
3.52812
3.52693
3.52883
3.52407
3.52979
3.53003
3.52788
3.53003
3.53003
3.53003
3.52502
3.52597
3.52407
3.52693
3.53003
3.52693
3.53003
3.52597
3.52597
3.53003
3.52597
3.52907
3.52311
