14.8799
9.17602
9.18388
9.18603
9.16004
9.13811
9.15599
9.202
9.16815
9.202
9.18484
9.18198
9.202
9.19509
9.17506
9.16314
9.19294
9.20701
9.22799
9.17816
9.18198
9.18603
9.17506
9.22203
9.18388
9.197
9.16505
9.19199
9.22298
9.24683
9.21583
9.18412
9.197
9.1722
9.22298
9.20916
9.19604
9.19008
9.21607
9.19104
9.21988
9.18484
9.20987
9.22108
9.21297
9.21702
9.21988
9.19795
9.19008
9.17816
9.16505
9.23109
9.2082
9.18698
9.20081
9.21488
9.14598
9.26614
9.21917
9.21607
9.20415
9.18508
9.19104
9.18007
9.20582
9.15885
9.22394
9.20916
9.197
9.1579
9.16886
9.18603
9.21488
9.16886
9.18198
9.17006
9.21011
9.16409
9.1691
9.2051
9.16815
9.16505
9.15098
9.20391
9.18698
9.17912
9.17101
9.17387
9.17315
9.21416
9.17602
9.18794
9.21297
9.18818
9.18198
9.23586
9.21988
9.19318
9.18102
9.20105
9.21893
9.1939
9.17602
9.19294
9.20296
9.18198
9.26113
9.23204
9.16219
9.17196
9.17983
9.21082
9.23705
9.19199
9.19104
9.19199
9.18508
9.197
9.20916
9.18102
9.14001
9.17196
9.15217
9.17697
9.15885
9.21488
9.20606
9.17101
9.2361
9.19795
9.16505
9.21488
9.19509
9.197
9.17602
9.18818
9.24397
9.24397
9.18102
9.18317
9.17196
9.20892
9.21202
9.20415
9.15909
9.24015
9.21106
9.1691
9.23395
9.18698
9.15504
9.16696
9.202
9.22108
9.19795
9.15599
9.17602
9.18317
9.27711
9.238
9.21202
9.15098
9.19795
9.21893
9.16314
9.18007
9.17411
9.25016
9.25112
9.20391
9.25493
9.19104
9.20987
9.17006
9.14502
9.1722
9.16409
9.17196
9.21702
9.22394
9.17101
9.17006
9.15003
9.14907
9.19604
9.19795
9.21321
9.21607
9.19008
9.16004
9.16791
9.19104
9.17387
9.17482
9.20391
9.17292
9.15217
9.23109
9.20796
9.17482
9.15599
9.2411
9.20582
9.202
9.15599
9.21893
9.18007
9.18388
9.197
9.19986
9.17196
9.19199
9.17602
9.18412
9.23014
9.17292
9.17792
9.15909
9.1691
9.21321
9.20486
9.2299
9.17292
9.18198
9.22394
9.18603
9.233
9.15384
9.20105
9.21512
9.17888
9.16886
9.16505
9.2051
9.16409
9.21297
9.15599
9.17006
9.19414
9.19509
9.21297
9.17983
9.18698
9.197
9.202
9.18102
9.166
9.14001
9.166
9.14502
9.19914
9.20606
9.21297
9.21297
9.20796
9.17411
9.16314
9.21702
9.13715
9.20105
9.21202
9.19819
9.15909
9.16409
9.19199
9.17602
9.2001
9.14407
9.19795
9.25398
9.23395
9.18794
9.16982
9.23204
9.18293
9.22298
9.18412
9.20892
9.18698
9.16409
9.22513
9.18412
9.13692
9.20796
9.24921
9.24087
9.1989
9.11784
9.17101
9.14907
9.197
9.19294
9.16815
9.1691
9.18007
9.18388
9.21488
9.24301
9.2051
9.15504
9.20987
9.15313
9.18317
9.18508
9.233
9.18698
9.18698
9.18698
9.16314
9.18007
9.15408
9.19104
9.24921
9.24611
9.17101
9.238
9.21297
9.19986
9.18603
9.20892
9.17006
9.17101
9.18698
9.22513
9.21392
9.21798
9.2299
9.18102
9.2268
9.17387
9.15599
9.161
9.22894
9.17816
9.20606
9.2051
9.238
9.20296
9.15504
9.21082
9.19008
9.21798
9.23109
9.17602
9.20796
9.17196
9.18818
9.17101
9.15313
9.20105
9.19604
9.17697
9.24301
9.16791
9.23014
9.14407
9.17101
9.19199
9.202
9.15599
9.24397
9.14979
9.16791
9.20582
9.15885
9.20105
9.23204
9.18508
9.22298
9.28497
9.23395
9.20796
9.15098
9.17602
9.202
9.20892
9.161
9.17006
9.17292
9.22394
9.18794
9.17315
9.21702
9.14502
9.17697
9.202
9.19318
9.17602
9.15885
9.202
9.17912
9.17697
9.19604
9.22298
9.16505
9.17196
9.15909
9.20606
9.161
9.18102
9.24802
9.1188
9.22799
9.19509
9.19819
9.197
9.29308
9.2001
9.23896
9.21917
9.20987
9.1939
9.22298
9.21702
9.15313
9.22108
9.19318
9.16195
9.21297
9.15003
9.21512
9.21607
9.19414
9.20796
9.18388
9.19199
9.19199
9.17387
9.16004
9.20987
9.21106
9.17292
9.238
9.19509
9.19509
9.18818
9.14788
9.21893
9.20105
9.23395
9.21297
9.15408
9.21392
9.22394
9.18221
9.166
9.197
9.18508
9.19294
9.21893
9.19509
9.21106
9.166
9.18388
9.15694
9.20606
9.19104
9.25112
9.21607
9.22012
9.17006
9.21392
9.18198
9.22608
9.22012
9.19509
9.19604
9.21798
9.19008
9.16195
9.20796
9.18412
9.15504
9.18412
9.197
9.17387
9.17888
9.15694
9.18984
9.22179
9.21488
9.21392
9.18484
9.22298
9.20701
9.2051
9.17196
9.15098
9.21512
9.202
9.21488
9.24182
9.14288
9.22298
9.17912
9.16195
9.21297
9.22012
9.23896
9.21583
9.15885
9.18102
9.18198
9.18007
9.202
9.25589
9.233
9.22298
9.24087
9.1629
9.17196
9.19414
9.17006
9.19008
9.161
9.19986
9.19604
9.21392
9.23586
9.20916
9.26495
9.18293
9.15694
9.26113
9.21702
9.20892
9.161
9.16195
9.18484
9.20796
9.202
9.18698
9.238
9.21702
9.21082
9.166
9.17697
9.21893
9.23586
9.20582
9.18102
9.14502
9.17196
9.20701
9.17315
9.18603
9.16219
9.19294
9.1598
9.18198
9.1958
9.20391
9.15885
9.20582
9.16696
9.17101
9.24301
9.1691
9.20296
9.18198
9.17912
9.20701
9.15098
9.18007
9.14907
9.21798
9.21297
9.18794
9.19509
9.1629
9.16791
9.14121
9.24397
9.16481
9.15384
9.19795
9.22108
9.1722
9.17602
9.17602
9.19485
9.22179
9.1691
9.19795
9.18484
9.20701
9.1331
9.17602
9.17006
9.16815
9.18818
9.16409
9.22608
9.15504
9.2361
9.197
9.22799
9.22418
9.19914
9.13501
9.21822
9.17196
9.19819
9.15813
9.21893
9.19795
9.19104
9.18579
9.21988
9.19795
9.2001
9.14311
9.19509
9.18412
9.18698
9.17196
9.14693
9.17506
9.17101
9.19318
9.20391
9.21297
9.202
9.1939
9.20796
9.17387
9.19485
9.16481
9.22489
9.1629
9.23681
9.20796
9.2299
9.18818
9.24206
9.18198
9.16791
9.21512
9.1989
9.18603
9.19914
9.21512
9.18198
9.18102
9.21392
9.233
9.18603
9.17387
9.15813
9.21512
9.18198
9.19604
9.19104
9.22298
9.24087
9.15885
9.19104
9.22012
9.17602
9.22203
9.166
9.17101
9.20796
9.22585
9.19509
9.18198
9.20892
9.22489
9.21392
9.25183
9.15098
9.21988
9.21392
9.17888
9.22298
9.15718
9.20606
9.16719
9.21512
9.21297
9.2268
9.22298
9.19104
9.21202
9.18007
9.1629
9.17983
9.21011
9.13501
9.20391
9.18722
9.15408
9.24206
9.20796
9.22918
9.26614
9.166
9.21607
9.20892
9.22298
9.17101
9.20606
9.16886
9.166
9.17101
9.15599
9.22012
9.20701
9.14192
9.17602
9.17482
9.22894
9.19795
9.19509
9.23395
9.18722
9.17792
9.21702
9.17387
9.22108
9.24993
9.18603
9.21512
9.197
9.22298
9.16219
9.19509
9.22012
9.21798
9.20391
9.22585
9.17602
9.18412
9.20105
9.16791
9.21488
9.24301
9.17816
9.14812
9.21607
9.13
9.21512
9.19294
9.14598
9.22489
9.24778
9.18508
9.19414
9.20892
9.17602
9.21798
9.17387
9.2051
9.21893
9.19604
9.17506
9.2361
9.20391
9.19008
9.18984
9.20796
9.21822
9.18007
9.25422
9.17697
9.17387
9.15504
9.16505
9.19294
9.16195
9.24206
9.19986
9.21202
9.17816
9.21917
9.17816
9.1579
9.20606
9.20701
9.23681
9.161
9.19795
9.17506
9.20606
9.21798
9.18198
9.17101
9.15599
9.25207
9.20415
9.17697
9.2051
9.23109
9.18388
9.20987
9.22799
9.19509
9.18698
9.21011
9.22012
9.18317
9.161
9.161
9.21416
9.18317
9.18007
9.18078
9.1989
9.161
9.19414
9.18412
9.18913
9.18198
9.18889
9.19509
9.22298
9.15408
9.18102
9.14407
9.1629
9.25779
9.20892
9.15098
9.19294
9.2051
9.1908
9.18889
9.19199
9.17888
9.24087
9.17792
9.21988
9.19795
9.18913
9.19485
9.18603
9.18293
9.24301
9.15694
9.17792
9.20391
9.19914
9.21011
9.19294
9.19104
9.20486
9.18102
9.1989
9.20892
9.20391
9.1939
9.16886
9.24087
9.19294
9.21202
9.15599
9.14788
9.197
9.15885
9.18198
9.2001
9.166
9.21988
9.20486
9.197
9.16791
9.16481
9.15194
9.21392
9.17983
9.22203
9.19819
9.18412
9.18913
9.20606
9.19914
9.17101
9.16195
9.18603
9.14907
9.19604
9.17101
9.19509
9.21512
9.22203
9.21488
9.1958
9.20105
9.16409
9.18102
9.17387
9.19485
9.20105
9.21011
9.17196
9.16505
9.18603
9.17101
9.19604
9.21202
9.18293
9.18889
9.17912
9.19008
9.2082
9.17697
9.21202
9.19819
9.19104
9.16386
9.21583
9.21297
9.19199
9.17912
9.28116
9.21297
9.19509
9.18603
9.197
9.18007
9.23514
9.166
9.18102
9.17101
9.17602
9.21082
9.19509
9.21917
9.18102
9.17006
9.18198
9.23705
9.17983
9.20105
9.21512
9.18603
9.17387
9.22084
9.18698
9.18698
9.19414
9.2361
9.18198
9.1989
9.17101
9.18698
9.17912
9.21798
9.20892
9.23681
9.1989
9.17006
9.16004
9.22012
9.16409
9.19223
9.20796
9.16195
9.20701
9.23395
9.2001
9.20296
9.22203
9.19414
9.20701
9.15718
9.17792
9.18102
9.1908
9.21392
9.18484
9.23395
9.18293
9.1598
9.20701
9.21512
9.18007
9.21893
9.22918
9.23395
9.19509
9.17196
9.19008
9.17411
9.25207
9.18221
9.18388
9.202
9.15599
9.19199
9.22489
9.233
9.238
9.18293
9.18603
9.20701
9.20296
9.18603
9.23705
9.20415
