133.27
125.482
129.102
130.143
130.07
126.946
127.481
129.264
128.972
124.473
123.181
127.949
127.684
125.714
124.642
123.91
123.731
123.363
127.899
126.844
118.356
118.022
116.467
117.156
116.211
117.496
117.79
117.69
121.145
120.036
120.921
122.287
122.636
121.606
121.246
122.484
123.011
119.341
122.151
121.231
122.271
122.854
121.178
114.501
116.033
115.892
112.518
107.675
107.943
109.221
105.498
103.246
109.274
109.74
103.739
108.539
108.953
107.478
104.602
104.502
105.418
104.185
108.113
109.098
105.28
104.875
105.371
103.38
104.789
105.706
105.166
105.835
105.486
104.945
105.895
104.67
105.339
105.257
110.628
110.545
109.842
103.977
103.98
105.468
110.003
109.654
106.603
106.493
110.115
111.112
110.623
116.495
119.517
120.511
110.611
115.637
115.291
110.237
119.886
112.635
