114.022
103.321
103.086
103.337
103.24
103.165
103.188
102.991
103.16
103.127
103.458
102.848
103.156
102.971
102.965
102.856
105.996
104.653
102.954
103.046
102.856
103.446
102.928
102.854
102.869
102.965
102.694
103.177
102.7
103.013
102.985
102.772
102.839
102.746
103.19
103.701
102.987
103.233
103.405
103.221
103.068
103.109
103.093
103.207
103.246
102.952
102.929
102.975
103.061
103.543
102.932
103.125
103.205
103.208
103.039
102.946
103.662
103.118
103.226
103.332
102.929
103.28
103.02
103.379
103.288
103.208
102.784
103.03
103.098
103.065
103.445
103.039
102.848
103.349
103.256
103.122
102.741
103.004
102.876
103.147
103.061
103.013
103.233
102.816
103.031
103.082
103.085
103.046
103.221
103.14
103.119
103.007
103.135
102.783
103.33
103.025
103.186
103.064
102.84
103.246
