19.6469
10.8719
10.8519
10.8209
10.8669
11.117
11.0648
11.0779
11.0879
11.0712
11.0409
11.0731
11.1651
11.2071
11.2441
11.179
11.2019
11.209
11.189
11.1508
11.071
11.102
11.0471
11.0919
11.086
11.07
11.081
11.0641
11.0798
11.091
11.0619
11.0409
11.2238
11.199
11.1861
11.1799
11.219
11.2529
11.1752
11.1401
11.107
11.0819
11.1461
11.132
11.1232
11.1339
11.122
11.0981
11.1029
11.1282
11.179
11.1899
11.2069
11.235
11.2159
11.126
11.0769
11.095
11.1001
11.116
11.0991
11.1771
11.1711
11.199
11.251
11.24
11.1451
11.061
11.0998
11.0762
11.1859
11.1971
11.1952
11.2169
11.2169
11.148
11.1079
11.1089
11.0891
11.1482
11.21
11.214
11.224
11.189
11.2159
11.2181
11.194
11.1759
11.225
11.184
11.2059
11.1759
11.035
11.0819
11.07
11.0478
11.0948
11.09
11.116
11.1461
11.122
11.2021
11.235
11.225
11.2429
11.2238
11.1148
11.0629
11.066
11.061
11.23
11.21
11.204
11.178
11.2259
11.1639
11.1339
11.0798
11.1299
11.2119
11.21
11.2379
11.2519
11.204
11.1511
11.0831
11.0722
11.05
11.168
11.1899
11.2391
11.2071
11.1911
11.2
11.1749
11.1561
11.095
11.122
11.1082
11.1699
11.2309
11.2081
11.214
11.2162
11.1768
11.102
11.101
11.076
11.215
11.245
11.2128
11.168
11.168
11.2081
11.194
11.1351
11.061
11.0848
11.066
11.1051
11.1091
11.1289
11.1208
11.1439
11.1332
11.143
11.1942
11.2419
11.209
11.2228
11.2329
11.2128
11.215
11.133
11.086
11.085
11.09
11.163
11.2588
11.2081
11.2102
11.2119
11.188
11.0841
11.081
11.0562
11.1969
11.1909
11.2288
11.199
11.198
11.1279
11.1382
11.0929
11.096
11.131
11.225
11.24
11.22
11.2791
11.2209
11.158
11.0979
11.097
11.1821
11.2281
11.178
11.1921
11.194
11.2259
11.205
11.1442
11.122
11.0881
11.075
11.0931
11.071
11.101
11.0848
11.095
11.0691
11.086
11.0919
11.061
11.168
11.23
11.1771
11.2059
11.2209
11.1871
11.0781
11.061
11.1072
11.1001
11.116
11.1079
11.102
11.1511
11.1101
11.132
11.117
11.061
11.1711
11.234
11.23
11.2381
11.2419
11.1558
11.0838
11.0769
11.0891
11.0691
11.055
11.2312
11.22
11.1902
11.2181
11.2119
11.137
11.0869
11.132
11.081
11.0669
11.0872
11.1392
11.0941
11.0779
11.1001
11.091
11.0919
11.0872
11.163
11.219
11.2002
11.178
11.215
11.2009
11.2231
11.215
11.205
11.2011
11.1818
11.1899
11.2031
11.1911
11.2021
11.229
11.189
11.193
11.23
11.1821
11.2131
11.2171
11.194
11.2109
11.1861
11.1392
11.086
11.06
11.09
11.189
11.2231
11.2109
11.1969
11.2689
11.1792
11.0929
11.106
11.157
11.2069
11.272
11.225
11.215
11.24
11.1439
11.06
11.1158
11.061
11.184
11.2062
11.2221
11.1899
11.1959
11.1539
11.0579
11.0831
11.116
11.173
11.2109
11.2441
11.25
11.23
11.1699
11.24
11.1651
11.0741
11.1589
11.1849
11.2572
11.2009
11.2381
11.2271
11.162
11.1711
11.0991
11.261
11.2422
11.235
11.266
11.1759
11.2128
11.2269
11.142
11.1022
11.0991
11.081
11.1821
11.2
11.1642
11.245
11.2121
11.2
11.2319
11.168
11.225
11.199
11.173
11.2052
11.1899
11.199
11.1198
11.0688
11.107
11.075
11.179
11.2329
11.2212
11.2109
11.2269
11.1661
11.023
11.085
11.076
11.1811
11.2391
11.2031
11.1802
11.2538
11.204
11.1229
11.1022
11.1289
11.194
11.2391
11.2
11.22
11.2009
11.194
11.1959
11.127
11.101
11.1771
11.199
11.1928
11.2119
11.1959
11.1692
11.229
11.127
11.0881
11.095
11.0509
11.1809
11.215
11.2078
11.1768
11.219
11.1539
11.0788
11.0848
11.0919
11.1849
11.234
11.2491
11.2619
11.2631
11.1921
11.152
11.0891
11.095
11.1761
11.2281
11.2062
11.2059
11.2369
11.138
11.0619
11.101
11.09
11.1492
11.158
11.1949
11.199
11.1959
11.199
11.2011
11.1561
11.09
11.097
11.0838
11.0989
11.1139
11.1091
11.086
11.0941
11.1251
11.1461
11.131
11.0712
11.1768
11.225
11.184
11.219
11.178
11.2169
11.2021
11.1251
11.059
11.1802
11.245
11.194
11.2112
11.2071
11.1611
11.055
11.0881
11.107
11.157
11.219
11.2078
11.205
11.1911
11.2031
11.2109
11.1568
11.101
11.157
11.245
11.272
11.2309
11.256
11.2329
11.2622
11.199
11.1239
11.1859
11.198
11.2369
11.2119
11.241
11.2579
11.2331
11.179
11.08
11.198
11.2209
11.235
11.1639
11.2271
11.2228
11.2078
11.1489
11.1029
11.0929
11.101
11.214
11.22
11.1029
11.0781
11.08
11.0641
11.0559
11.0981
11.07
11.0872
11.0941
11.183
11.2131
11.2
11.2031
11.2429
11.1101
11.091
11.075
11.1051
11.1909
11.199
11.2219
11.2169
11.2498
11.188
11.096
11.08
11.117
11.21
11.2441
11.23
11.266
11.219
11.1639
11.0741
11.086
11.059
11.178
11.2031
11.2169
11.21
11.245
11.2109
11.2419
11.1208
11.0769
11.1392
11.2159
11.199
11.23
11.229
11.2481
11.235
11.1711
11.121
11.2329
11.204
11.261
11.2159
11.1599
11.2021
11.266
11.1711
11.035
11.157
11.2491
11.21
11.22
11.2081
11.2541
11.219
11.168
11.0929
11.204
11.236
11.2288
11.2429
11.2031
11.21
11.174
11.111
11.09
11.1279
11.2059
11.2019
11.219
11.199
11.2569
11.261
11.2019
11.127
11.1859
11.2629
11.225
11.219
11.2069
11.189
11.1921
11.167
11.1101
11.0841
11.0359
11.2019
11.189
11.224
11.2171
11.2169
11.2238
11.21
11.255
11.2541
11.2541
11.241
11.251
11.193
11.188
11.1711
11.0831
11.106
11.085
11.1921
11.2231
11.2431
11.193
11.215
11.121
11.08
11.1108
11.0791
11.137
11.1642
11.198
11.157
11.2209
11.204
11.1921
11.1659
11.075
11.168
11.2331
11.209
11.2171
11.2319
11.2329
11.26
11.158
11.1659
11.096
11.1339
11.1799
11.21
11.2109
11.219
11.1728
11.1389
11.0412
11.116
11.081
11.1959
11.2011
11.2131
11.1849
11.199
11.2221
11.1959
11.183
11.193
11.219
11.2131
11.2591
11.188
11.1711
11.132
11.1051
11.122
11.097
11.143
11.2321
11.1561
11.2002
11.2269
11.224
11.2152
11.1699
11.1091
11.209
11.2169
11.2162
11.255
11.2431
11.2429
11.2479
11.188
11.1079
11.1601
11.21
11.204
11.204
11.205
11.184
11.2159
11.1921
11.2181
11.204
11.2102
11.198
11.2081
11.1871
11.174
11.2181
11.1251
11.1301
11.1561
11.2078
11.2669
11.271
11.2052
11.2519
11.2722
11.2119
11.1659
11.1542
11.1239
11.21
11.235
11.2419
11.2321
11.25
11.1871
11.1501
11.1961
11.2429
11.2429
11.1842
11.234
11.251
11.2131
11.1911
11.256
11.193
11.184
11.205
11.1871
11.2391
11.2169
11.21
11.193
11.2081
11.235
11.2212
11.2109
11.1921
11.183
11.2422
11.183
11.2121
11.2262
11.1191
11.039
11.0941
11.0629
11.0948
11.0729
11.0869
11.0831
11.045
11.168
11.215
11.189
11.2262
11.2
11.2028
11.1978
11.2281
11.2
11.1661
11.1942
11.256
11.2331
11.2219
11.2312
11.2
11.121
11.0688
11.1489
11.2
11.204
11.184
11.2212
11.1899
11.2121
11.2031
11.2112
11.1871
11.2159
11.209
11.205
11.21
11.215
11.224
11.153
11.121
11.0989
11.1091
11.2431
11.2159
11.2069
11.24
11.2598
11.178
11.054
11.1041
11.0929
11.2
11.138
11.183
11.2169
11.25
11.1668
11.215
11.2369
11.2329
11.23
11.24
11.2832
11.2569
11.1861
11.1649
11.1248
11.138
11.137
11.219
11.2281
11.2209
11.2
11.236
11.2588
11.2689
11.1392
11.0829
11.1558
11.225
11.1861
11.2031
11.1971
11.1909
11.1828
11.1849
11.2071
11.168
11.2441
11.1971
11.198
11.209
11.204
11.2081
11.2019
11.1799
11.2271
11.22
11.1971
11.2112
11.1859
11.2078
11.2081
11.2369
11.2119
11.1949
11.1971
11.2019
11.199
11.2169
11.24
11.219
11.194
11.2011
11.204
11.1971
11.198
11.2219
11.205
11.2181
11.21
11.1341
11.1032
11.162
11.1899
11.209
11.2228
11.2228
11.2069
11.1902
11.1489
11.0879
11.1811
11.2
11.1959
11.169
11.224
11.1859
11.225
11.1949
11.2538
11.2479
11.23
11.229
11.2369
11.2228
11.24
11.2491
11.2181
11.173
11.205
11.215
11.1799
11.2159
11.2321
11.246
11.2522
11.091
11.095
11.1718
11.2102
11.2629
11.2219
11.2259
11.2281
11.2212
11.168
11.0931
11.1849
11.251
11.2469
11.2669
11.2529
11.194
11.2329
11.2498
11.1709
11.2
11.199
11.2371
11.2109
11.1539
11.193
11.219
11.1768
11.2522
11.2221
11.193
11.1761
11.2319
11.225
11.22
11.224
11.138
11.0791
11.1771
11.2219
11.194
11.205
11.2181
11.21
11.219
11.137
11.169
11.2169
11.2329
11.251
11.2588
11.236
11.2491
11.2071
11.148
11.184
11.2078
11.215
11.235
11.2231
11.204
11.2369
11.2081
11.215
11.2138
