0.00000000000000000000000000000000
0.01118331961333751678466796875000
0.02236663922667503356933593750000
0.03354996070265769958496093750000
0.04473327845335006713867187500000
0.05591659992933273315429687500000
0.06709992140531539916992187500000
0.07828323543071746826171875000000
0.08946655690670013427734375000000
0.10064987838268280029296875000000
0.11183319985866546630859375000000
0.12301651388406753540039062500000
0.13419984281063079833984375000000
0.14538316428661346435546875000000
0.15656647086143493652343750000000
0.16774979233741760253906250000000
0.17893311381340026855468750000000
0.19011643528938293457031250000000
0.20129975676536560058593750000000
0.21248306334018707275390625000000
0.22366639971733093261718750000000
0.23484972119331359863281250000000
0.24603302776813507080078125000000
0.25721633434295654296875000000000
0.26839968562126159667968750000000
0.27958300709724426269531250000000
0.29076632857322692871093750000000
0.30194962024688720703125000000000
0.31313294172286987304687500000000
0.32431626319885253906250000000000
0.33549958467483520507812500000000
0.34668293595314025878906250000000
0.35786622762680053710937500000000
0.36904954910278320312500000000000
0.38023287057876586914062500000000
0.39141619205474853515625000000000
0.40259951353073120117187500000000
0.41378283500671386718750000000000
0.42496612668037414550781250000000
0.43614947795867919921875000000000
0.44733279943466186523437500000000
0.45851609110832214355468750000000
0.46969944238662719726562500000000
0.48088273406028747558593750000000
0.49206605553627014160156250000000
0.50324940681457519531250000000000
0.51443266868591308593750000000000
0.52561604976654052734375000000000
0.53679937124252319335937500000000
0.54798263311386108398437500000000
0.55916601419448852539062500000000
0.57034927606582641601562500000000
0.58153265714645385742187500000000
0.59271591901779174804687500000000
0.60389924049377441406250000000000
0.61508262157440185546875000000000
0.62626588344573974609375000000000
0.63744920492172241210937500000000
0.64863252639770507812500000000000
0.65981584787368774414062500000000
0.67099916934967041015625000000000
0.68218249082565307617187500000000
0.69336587190628051757812500000000
0.70454913377761840820312500000000
0.71573245525360107421875000000000
0.72691577672958374023437500000000
0.73809909820556640625000000000000
0.74928247928619384765625000000000
0.76046574115753173828125000000000
0.77164906263351440429687500000000
0.78283238410949707031250000000000
0.79401564598083496093750000000000
0.80519902706146240234375000000000
0.81638234853744506835937500000000
0.82756567001342773437500000000000
0.83874899148941040039062500000000
0.84993225336074829101562500000000
0.86111557483673095703125000000000
0.87229895591735839843750000000000
0.88348227739334106445312500000000
0.89466559886932373046875000000000
0.90584886074066162109375000000000
0.91703218221664428710937500000000
0.92821556329727172851562500000000
0.93939888477325439453125000000000
0.95058220624923706054687500000000
0.96176546812057495117187500000000
0.97294878959655761718750000000000
0.98413211107254028320312500000000
0.99531549215316772460937500000000
1.00649881362915039062500000000000
1.01768207550048828125000000000000
1.02886533737182617187500000000000
1.04004871845245361328125000000000
1.05123209953308105468750000000000
1.06241536140441894531250000000000
1.07359874248504638671875000000000
1.08478200435638427734375000000000
1.09596526622772216796875000000000
1.10714864730834960937500000000000
1.11833202838897705078125000000000
