22.296
11.9061
11.898
11.833
11.8899
11.9159
11.8771
11.812
11.883
11.869
11.8139
11.8721
11.8551
11.8761
11.909
11.8651
11.8101
11.8151
11.8551
11.9078
11.8411
11.9209
11.857
11.884
11.8699
11.9011
11.8599
11.8649
11.868
11.8949
11.9021
11.8799
11.9069
11.8289
11.8589
11.888
11.8611
11.821
11.9011
11.8771
11.8849
11.8449
11.8828
11.889
11.842
11.8332
11.873
11.8291
11.8921
11.8549
11.843
11.8721
11.879
11.898
11.8608
11.8771
11.7979
11.8861
11.862
11.867
11.8921
11.888
11.889
11.889
11.874
11.8589
11.8411
11.8699
11.8458
11.884
11.8999
11.8699
11.898
11.884
11.8802
11.8611
11.8301
11.8198
11.853
11.8361
11.904
11.852
11.8709
11.8558
11.8699
11.873
11.8461
11.903
11.888
11.843
11.8871
11.898
11.8511
11.8251
11.8549
11.843
11.9231
11.8821
11.873
11.8661
11.847
11.889
11.873
11.8668
11.8599
11.8752
11.8499
11.8768
11.904
11.848
11.8351
11.8721
11.8599
11.9019
11.862
11.8918
11.8849
11.8382
11.7869
11.8558
11.8668
11.8968
11.8458
11.889
11.8752
11.893
11.852
11.8799
11.8639
11.8921
11.8651
11.874
11.8909
11.8721
11.8699
11.8549
11.9281
11.8439
11.8699
11.8978
11.8639
11.8711
11.8802
11.8918
11.8809
11.9081
11.8651
11.8821
11.8821
11.8608
11.8759
11.8132
11.8361
11.853
11.8768
11.8248
11.8561
11.8871
11.9178
11.9278
11.884
11.8649
11.8711
11.8711
11.862
11.838
11.919
11.8341
11.8561
11.914
11.879
11.8539
11.8599
11.863
11.8239
11.9059
11.867
11.8539
11.879
11.8611
11.8921
11.827
11.8811
11.8451
11.837
11.8511
11.8811
11.863
11.853
11.863
11.8589
11.8639
11.8339
11.8949
11.858
11.9061
11.8639
11.8499
11.9238
11.8718
11.8229
11.8911
11.909
11.8899
11.8408
11.8139
11.8861
11.8811
11.8439
11.8668
11.879
11.893
11.868
11.8461
11.904
11.862
11.8852
11.8761
11.838
11.8651
11.8449
11.8659
11.8668
11.8229
11.8589
11.8561
11.8709
11.8651
11.8549
11.9219
11.8709
11.862
11.8959
11.857
11.8659
11.8768
11.8942
11.8549
11.8251
11.8861
11.9011
11.888
11.868
11.8721
11.8601
11.903
11.889
11.8549
11.8399
11.8551
11.91
11.8301
11.857
11.9231
11.9002
11.847
11.8821
11.9109
11.884
11.898
11.8942
11.8639
11.8771
11.8551
11.8651
11.867
11.807
11.8508
11.8589
11.8442
11.8768
11.8399
11.8668
11.8721
11.833
11.893
11.8768
11.8668
11.8709
11.884
11.8899
11.899
11.8389
11.8639
11.8971
11.8251
11.853
11.9021
11.8799
11.8601
11.8902
11.868
11.8389
11.8828
11.888
11.8699
11.8959
11.8952
11.8699
11.9162
11.858
11.8568
11.8608
11.9011
11.869
11.8139
11.8802
11.9379
11.878
11.8549
11.8639
11.8651
11.8999
11.9052
11.8821
11.9021
11.884
11.8649
11.8909
11.873
11.878
11.8511
11.873
11.862
11.874
11.8461
11.874
11.8749
11.8921
11.8299
11.8809
11.8721
11.8141
11.848
11.8949
11.797
11.8718
11.8721
11.883
11.8251
11.842
11.8129
11.909
11.8759
11.8849
11.91
11.848
11.8129
11.8871
11.868
11.8899
11.8542
11.899
11.868
11.8999
11.905
11.8418
11.9159
11.8551
11.858
11.9019
11.8778
11.8439
11.8911
11.8959
11.8949
11.8539
11.8611
11.8608
11.8508
11.8649
11.9021
11.837
11.9021
11.9271
11.8539
11.8611
11.8711
11.8599
11.8852
11.8771
11.863
11.8761
11.8711
11.8802
11.8821
11.878
11.883
11.8971
11.8511
11.873
11.9081
11.893
11.869
11.8179
11.8761
11.8802
11.8229
11.883
11.863
11.884
11.92
11.8761
11.8661
11.8971
11.8771
11.903
11.867
11.833
11.8971
11.873
11.873
11.899
11.8811
11.868
11.879
11.889
11.879
11.888
11.8718
11.9369
11.904
11.848
11.9159
11.8949
11.9081
11.8461
11.8661
11.868
11.857
11.862
11.838
11.893
11.853
11.8642
11.9369
11.8959
11.888
11.8589
11.868
11.894
11.8561
11.8651
11.858
11.8639
11.8408
11.879
11.858
11.873
11.8608
11.862
11.888
11.842
11.848
11.8749
11.893
11.8651
11.8511
11.883
11.8721
11.8849
11.8859
11.8771
11.8952
11.8558
11.8539
11.868
11.8692
11.894
11.8961
11.889
11.867
11.8742
11.894
11.8821
11.8699
11.8799
11.8461
11.8432
11.862
11.8771
11.857
11.899
11.833
11.848
11.8799
11.8849
11.9112
11.8849
11.8561
11.8899
11.8489
11.8639
11.8802
11.8661
11.9071
11.8599
11.8868
11.9009
11.8442
11.8439
11.878
11.8639
11.831
11.888
11.888
11.8649
11.8792
11.8411
11.9059
11.874
11.8771
11.889
11.8592
11.8711
11.863
11.9121
11.8649
11.843
11.858
11.8811
11.853
11.9002
11.8411
11.9021
11.9009
11.899
11.8499
11.8902
11.8401
11.8151
11.869
11.852
11.8709
11.863
11.8299
11.847
11.8918
11.858
11.8949
11.8561
11.8771
11.874
11.878
11.843
11.8661
11.9021
11.8639
11.899
11.8599
11.863
11.8549
11.8871
11.8761
11.8821
11.862
11.837
11.8439
11.8461
11.874
11.878
11.8659
11.8568
11.879
11.8749
11.8251
11.8499
11.8122
11.848
11.8639
11.8308
11.9159
11.8232
11.8439
11.862
11.8971
11.831
11.8592
11.8251
11.8611
11.883
11.883
11.879
11.898
11.8561
11.9231
11.894
11.8451
11.8999
11.898
11.874
11.852
11.8661
11.843
11.8158
11.8289
11.8721
11.8341
11.831
11.915
11.9078
11.8699
11.7879
11.852
11.8868
11.884
11.91
11.8508
11.9061
11.8701
11.8871
11.8489
11.8239
11.858
11.8439
11.838
11.857
11.8709
11.903
11.8549
11.9009
11.8911
11.8849
11.8771
11.853
11.8179
11.873
11.8871
11.842
11.853
11.888
11.8818
11.9128
11.8039
11.8768
11.8818
11.8608
11.8642
11.8461
11.8771
11.878
11.8721
11.8971
11.8699
11.843
11.8151
11.951
11.8868
11.8539
11.8291
11.8868
11.909
11.894
11.9011
11.888
11.8148
11.893
11.862
11.8451
11.8771
11.8749
11.863
11.857
11.8949
11.8501
11.9131
11.8501
11.8761
11.858
11.8799
11.867
11.867
11.862
11.8501
11.899
11.8749
11.873
11.8899
11.9212
11.8279
11.874
11.8589
11.8489
11.8201
11.9071
11.8401
11.884
11.8582
11.8239
11.8399
11.873
11.903
11.9109
11.904
11.8799
11.883
11.831
11.8771
11.879
11.837
11.8911
11.8911
11.8301
11.9059
11.8971
11.8971
11.862
11.8721
11.8721
11.8878
11.7829
11.8761
11.8871
11.9009
11.8968
11.8029
11.8871
11.883
11.8458
11.9081
11.9028
11.919
11.8868
11.8659
11.8978
11.857
11.878
11.8649
11.837
11.884
11.833
11.8761
11.853
11.8761
11.8611
11.8401
11.8599
11.8461
11.8709
11.8599
11.8871
11.874
11.8861
11.8511
11.9071
11.899
11.8432
11.8868
11.842
11.8608
11.8508
11.8639
11.8711
11.924
11.905
11.8749
11.878
11.8892
11.879
11.888
11.8651
11.863
11.817
11.867
11.8711
11.8291
11.873
11.8561
11.8771
11.862
11.8752
11.8279
11.956
11.8611
11.847
11.9212
11.893
11.8701
11.874
11.8592
11.848
11.848
11.8599
11.8809
11.8711
11.8451
11.903
11.873
11.904
11.8911
11.874
11.8668
11.8699
11.862
11.8651
11.848
11.8461
11.9071
11.8601
11.883
11.8639
11.8449
11.8752
11.8561
11.868
11.8501
11.8761
11.853
11.8511
11.853
11.8599
11.8442
11.867
11.929
11.868
11.8849
11.8868
11.8859
11.8711
11.8361
11.8961
11.857
11.879
11.874
11.8771
11.8911
11.874
11.8771
11.8461
11.833
11.905
11.8499
11.8868
11.8701
11.9112
11.847
11.868
11.9061
11.8561
11.858
11.8761
11.869
11.8821
11.905
11.8532
11.91
11.8811
11.863
11.8718
11.811
11.8499
11.842
11.888
11.8451
11.884
11.8251
11.8511
11.8761
11.873
11.8849
11.8489
11.8701
11.8861
11.807
11.8821
11.862
11.8432
11.8721
11.8921
11.8909
11.9128
11.8439
11.924
11.822
11.8308
11.8849
11.8611
11.9081
11.919
11.8611
11.8752
11.857
11.8759
11.8749
11.909
11.8659
11.8418
11.8649
11.8551
11.914
11.8852
11.852
11.9011
11.9112
11.8649
11.8709
11.858
11.8771
11.9081
11.843
11.863
11.8599
11.8632
11.874
11.8761
11.8349
11.8899
11.8742
11.878
11.853
11.8501
11.8921
11.9321
11.874
11.8871
11.8721
11.8692
11.92
11.9071
11.8511
11.8279
11.8911
11.8611
11.903
11.857
11.8701
11.915
11.8802
11.867
11.878
11.8411
11.867
11.9181
11.873
11.852
11.8709
11.837
11.8358
11.9178
11.867
11.8489
11.8351
11.8639
11.9061
11.8461
11.8821
11.878
11.852
11.8811
11.8461
11.878
11.8799
11.8928
11.8859
11.8659
11.9152
11.8809
11.909
11.9228
11.8799
11.869
11.8949
11.9181
11.874
11.8239
11.853
11.8668
11.8649
11.8952
11.904
11.8861
11.8699
11.8601
11.8849
11.852
11.884
11.843
11.914
11.858
11.888
11.858
11.801
11.8561
11.9009
11.8389
11.889
11.8549
11.852
11.8501
11.8442
11.822
11.852
11.888
11.874
11.91
11.843
11.8802
11.888
11.8661
11.832
