141.74
122.134
122.871
122.946
122.748
122.897
122.988
122.992
123.12
123.297
123.336
120.523
114.037
122.207
123.407
123.24
123.413
123.472
123.421
123.182
123.121
123.174
123.12
122.556
122.816
122.584
122.653
122.8
122.427
122.334
122.392
122.466
122.566
122.157
122.261
122.074
122.539
122.204
122.229
121.945
121.968
122.198
121.919
122.208
118.75
122.424
122.025
121.934
122.214
122.165
121.936
121.749
121.725
121.784
121.843
121.877
121.938
121.917
121.912
121.91
122.254
121.951
121.898
121.977
121.898
121.945
121.832
121.861
121.88
122.23
121.998
121.874
121.91
121.78
122.203
121.788
121.268
121.248
121.957
121.879
121.659
121.844
121.896
121.843
121.7
121.837
121.609
121.75
121.803
122.008
122.055
121.769
121.864
121.766
121.729
121.811
121.674
121.793
121.749
121.649
