0.00000000000000000000000000000000
0.08751858770847320556640625000000
0.17503717541694641113281250000000
0.26255574822425842285156250000000
0.35007435083389282226562500000000
0.43759295344352722167968750000000
0.52511149644851684570312500000000
0.61263006925582885742187500000000
0.70014870166778564453125000000000
0.78766727447509765625000000000000
0.87518590688705444335937500000000
0.96270442008972167968750000000000
1.05022299289703369140625000000000
1.13774168491363525390625000000000
1.22526013851165771484375000000000
1.31277883052825927734375000000000
1.40029740333557128906250000000000
1.48781597614288330078125000000000
1.57533454895019531250000000000000
1.66285324096679687500000000000000
1.75037181377410888671875000000000
1.83789026737213134765625000000000
1.92540884017944335937500000000000
2.01292753219604492187500000000000
2.10044598579406738281250000000000
2.18796467781066894531250000000000
2.27548336982727050781250000000000
2.36300182342529296875000000000000
2.45052027702331542968750000000000
2.53803896903991699218750000000000
2.62555766105651855468750000000000
2.71307611465454101562500000000000
2.80059480667114257812500000000000
2.88811326026916503906250000000000
2.97563195228576660156250000000000
3.06315040588378906250000000000000
3.15066909790039062500000000000000
3.23818755149841308593750000000000
3.32570648193359375000000000000000
3.41322493553161621093750000000000
3.50074362754821777343750000000000
3.58826208114624023437500000000000
3.67578053474426269531250000000000
3.76329922676086425781250000000000
3.85081768035888671875000000000000
3.93833637237548828125000000000000
4.02585506439208984375000000000000
4.11337327957153320312500000000000
4.20089197158813476562500000000000
4.28841066360473632812500000000000
4.37592935562133789062500000000000
4.46344804763793945312500000000000
4.55096673965454101562500000000000
4.63848495483398437500000000000000
4.72600364685058593750000000000000
4.81352233886718750000000000000000
4.90104055404663085937500000000000
4.98855924606323242187500000000000
5.07607793807983398437500000000000
5.16359663009643554687500000000000
5.25111532211303710937500000000000
5.33863353729248046875000000000000
5.42615222930908203125000000000000
5.51367044448852539062500000000000
5.60118961334228515625000000000000
5.68870830535888671875000000000000
5.77622652053833007812500000000000
5.86374568939208984375000000000000
5.95126390457153320312500000000000
6.03878259658813476562500000000000
6.12630081176757812500000000000000
6.21381950378417968750000000000000
6.30133819580078125000000000000000
6.38885688781738281250000000000000
6.47637510299682617187500000000000
6.56389379501342773437500000000000
6.65141296386718750000000000000000
6.73893117904663085937500000000000
6.82644987106323242187500000000000
6.91396808624267578125000000000000
7.00148725509643554687500000000000
7.08900547027587890625000000000000
7.17652416229248046875000000000000
7.26404237747192382812500000000000
7.35156106948852539062500000000000
7.43907928466796875000000000000000
7.52659845352172851562500000000000
7.61411714553833007812500000000000
7.70163536071777343750000000000000
7.78915452957153320312500000000000
7.87667274475097656250000000000000
7.96419143676757812500000000000000
8.05171012878417968750000000000000
8.13922882080078125000000000000000
8.22674655914306640625000000000000
8.31426525115966796875000000000000
8.40178394317626953125000000000000
8.48930263519287109375000000000000
8.57682132720947265625000000000000
8.66434001922607421875000000000000
8.75185871124267578125000000000000
