6.72801174749956487630697665736079
6.71180464133977316976142901694402
6.69561637835348388847478418028913
6.67944695854070147333914064802229
6.66329638190142414799765901989304
6.64716464843565013609349989565089
6.63105175814338210216192237567157
6.61495771102461738166766735957935
6.59888250707936041550283334800042
6.58282614630760765095374154043384
6.56678862870935731166355253662914
6.55076995428461383852436483721249
6.53477012303337634335775874205865
6.51878913495564038527163575054146
6.50282699005141218151493376353756
6.48688368832068640301713458029553
6.47095922976346749067033670144156
6.45505361437975366811770072672516
6.43916684216954315900238725589588
6.42329891313283862785965538932942
6.40744982726964007468950512702577
6.39161958457994305859983796835877
6.37580818506375379683959181420505
6.36001562872106696033824846381322
6.34424191555188787816632611793466
6.32848704555621299761014597606845
6.31275101873404143049128833808936
6.29703383508537584134501230437309
6.28133549461021623017131787491962
6.26565599730855904425652624922805
6.24999534318040872449273592792451
6.23435353222576082998784841038287
6.21873056444461980163396219722927
6.20312643983698475125265758833848
6.18754115840285123795183608308434
6.17197472014222547898043558234349
6.15642712505510480980319698574021
6.14089837314148656588486119289882
6.12538846440137518811752670444548
6.10989739883476623560909501975402
6.09442517644166503743008433957584
6.07897179722206892904523556353524
6.06353726117597435774086989113130
6.04812156830338754076592522324063
6.03272471860430581358514245948754
6.01734671207872651166326249949634
6.00198754872665407589238384389319
5.98664722854808495355882769217715
5.97132575154302269737627284484915
5.95602311771146464280946020153351
5.94073932705340990167997006210499
5.92547437956886202670148122706451
5.91022827525781924151715429616161
5.89500101412027888159173016902059
5.87979259615624627599572704639286
5.86460302136571520748020702740178
5.84943228974869189329410801292397
5.83428040130517366890217090258375
5.81914735603515786976913659600541
5.80403315393864893678710359381512
5.78893779501564509359923249576241
5.77386127926614367567026420147158
5.75880360669015001207071691169403
5.74376477728765877373007242567837
5.72874479105867440154042924405076
5.71374364800319423096652826643549
5.69876134812121826200836949283257
5.68379789141274827102279232349247
5.66885327787778336983137705828995
5.65392750751632089389886459684931
5.63902058032836617229577313992195
5.62413249631391387595158448675647
5.60926325547296844575839713797905
5.59441285780552810535937169333920
5.57958130331159019021924905246124
5.56476859199116002940854741609655
5.54997472384423407021358798374422
5.53519969887081142445595105527900
5.52044351707089475667089573107660
5.50570617844448140232316291076131
5.49098768299157580230485109495930
5.47628803071217440390228148316965
5.46160722160627543075861467514187
5.44694525567388421194436887162738
5.43230213291499719474586527212523
5.41767785332961349098468417651020
5.40307241691773576519608468515798
5.38848582367936224102322739781812
5.37391807361449469482295171474107
5.35936916672313223841683793580160
5.34483910300527309544804666074924
5.33032788246091993045183698995970
5.31583550509007274342820892343298
5.30136197089272798166348366066813
5.28690727986889008604975970229134
5.27247143201855461569493854767643
5.25805442734172601149111869744956
5.24365626583840338525988045148551
5.22927694750858229610912530915812
5.21491647235226896128779117134400
5.20057484036946071626061893766746
5.18625205156015489649234950775281
5.17194810592435594287508138222620
5.15766300346205941451671606046148
5.14339674417327064048777174321003
5.12914932805798606807456962997094
5.11492075511620480909869002061896
5.10071102534793041627381171565503
5.08652013875316022506467561470345
5.07234809533189423547128171776421
5.05819489508413422385046942508779
5.04406053800987663748855993617326
5.02994502410912680545607145177200
5.01584835338188206321774487150833
5.00177052582813974623832109500654
4.98771154144790429540989862289280
4.97367140024117304619721835479140
4.95965010220794599860028029070236
4.94564764734822492897592383087613
4.93166403566200717278888987493701
4.91769926714929539457443752326071
4.90375334181008959433256677584723
4.88982625964438621934959883219562
4.87591802065218971051763219293207
4.86202862483349829147982745780610
4.84815807218830929770092552644201
4.83430636271662805825144459959120
4.82047349641844924406086647650227
4.80665947329377729602128965780139
4.79286429334260954959745504311286
4.77908795656494600478936263243668
4.76533046296078843795385182602331
4.75159181253013596091250292374752
4.73787200527298590913005682523362
4.72417104118934361167703173123300
4.71048892027920551583974884124473
4.69682564254257073343978845514357
4.68318120797944281719082937343046
4.66955561658981732620077309547924
4.65594886837369870136171812191606
4.64236096333108605449524475261569
4.62879190146197494470925448695198
4.61524168276637158925268522580154
4.60171030724427243541185816866346
4.58819777489567659500835361541249
4.57470408572058762075585036654957
4.56122923971900195994066962157376
4.54777323689092227709807048086077
4.53433607723634768404963324428536
4.52091776075527640443851851159707
4.50751828744771199097840508329682
4.49413765731365177913403385900892
4.48077587035309488072698513860814
4.46743292656604484847093772259541
4.45410882595249812965221281046979
4.44080356851245827698448920273222
4.42751715424592262593250779900700
4.41424958315289028831784889916889
4.40100085523336481685419130371884
4.38777097048734354700627591228113
4.37455992891482647877410272485577
4.36136773051581538851451114169322
4.34819437529030672351382236229256
4.33503986323830581284255458740517
4.32190419435980999196544871665537
4.30878736865481659634724564966746
4.29568938612333006688004388706759
4.28261024676534773902858432848006
4.26954995058086961279286697390489
4.25650849756989746452973122359253
4.24348588773242862970391797716729
4.23048212106846666102910603513010
4.21749719757800889397003629710525
4.20453111726105444034828906296752
4.19158388011760685287754313321784
4.17865548614766435520095910760574
4.16574593535122517096169758588076
4.15285522772829196469501766841859
4.13998336327886207186566025484353
4.12713034200293904518730414565653
4.11429616390052110830310994060710
4.10148082897160559667781853931956
4.08868433721619695120352844242007
4.07590668863429339552340024965815
4.06314788322589315328059456078336
4.05040792099099888901037047617137
4.03768680192960882635588859557174
4.02498452604172474167398831923492
4.01230109332734485860783024691045
3.99963650378646917715741437859833
3.98699075741909947367958011454903
3.97436385422523485999590775463730
3.96175579420487355974955789861269
3.94916657735801868156499949691352
3.93659620368466711681776359910145
3.92404467318482197413231915561482
3.91151198585848192124103661626577
3.89899814170564473769786673074123
3.88650314072631442030569814960472
3.87402698292048874861848162254319
3.86156966828816639036858759936877
3.84913119682935045418048503051978
3.83671156854403783142970496555790
3.82431078343223207482992620498408
3.81192884149393096393509949848522
3.79956574272913272238838544581085
3.78722148713784134699267269752454
3.77489607472005506139112185337581
3.76258950547577164513768366305158
3.75030177940499465094603692705277
3.73803289650772141428092254500370
3.72578285678395415558838976721745
3.71355166023369243077922874363139
3.70133930685693313122897052380722
3.68914579665368114191892345843371
3.67697112962393335422461859707255
3.66481530576768932405684608966112
3.65267832508495171595086503657512
3.64056018757571697719299663731363
3.62846089323998910458612954244018
3.61638044207776587768421450164169
3.60431883408904596421962196473032
3.59227606927383291690603073220700
3.58025214763212451529739155375864
3.56824706916391942712607487919740
3.55626083386922076101654965896159
3.54429344174802496425513709255029
3.53234489280033647773393568058964
3.52041518702615219282847647264134
3.50850432442547166544954961864278
3.49661230499829711604320436890703
3.48473912874462810052023087337147
3.47288479566446151025616018159781
3.46104930575780223023230064427480
3.44923265902464581955655376077630
3.43743485546499583094259833160322
3.42565589507885093212280480656773
3.41389577786620934674033378541935
3.40215450382707418341965421859641
3.39043207296144366580392670584843
3.37872848526931646162552169698756
3.36704374075069612359811799251474
3.35537783940557865491882694186643
3.34373078123396805239053719560616
3.33210256623586209556719950342085
3.32049319441125945218118431512266
3.30890266576016323085696058114991
3.29733098028257165523768890125211
3.28577813797848383714494957530405
3.27424413884790244111400170368142
3.26272898289082391443116648588330
3.25123267010725225389933257247321
3.23975520049718523907245071313810
3.22829657406062198177210120775271
3.21685679079756470244433330663014
3.20543585070801251291072730964515
3.19403375379196363681444381654728
3.18265050004942118277995177777484
3.17128608948038337445041179307736
3.15994052208484887955819431226701
3.14861379786282125081697813584469
3.13730591681429649142387461324688
3.12601687893927859818177239503711
3.11474668423776535064462223090231
3.10349533270975541654479457065463
3.09226282435525190450675836473238
3.08104915917425348226288406294771
3.06985433716675837345633226505015
3.05867835833276968671157192147803
3.04752122267228386931492423173040
3.03638293018530491806927784637082
3.02526348087183061252858351508621
3.01416287473186006451442153775133
3.00308111176539549447284116467927
2.99201819197243601422542269574478
2.98097411535297984741532673069742
2.96994888190703010266702221997548
2.95894249163458367135604021314066
2.94795494453564366210684966063127
2.93698624061020874265182101225946
2.92603637985827669254490501771215
2.91510536227985150858899032755289
2.90419318787493097033802769146860
2.89329985664351374552438755927142
2.88242536858560294277253888139967
2.87156972370119589754722255747765
2.86073292199029483029448783781845
2.84991496345289885283591502229683
2.83911584808900618881466471066233
2.82833557589861994685520585335325
2.81757414688173835060069905011915
2.80683156103836006778351475077216
2.79610781836848865111733175581321
2.78540291887212010379926141467877
2.77471686254925842263219237793237
2.76404964939990138717007539526094
2.75340127942404766514528091647662
2.74277175262170036518227789201774
2.73216106899285815501343677169643
2.72156922853751881419270830519963
2.71099623125568633952298114309087
2.70044207714735717829057648486923
2.68990676621253443911996328097302
2.67939029845121634565430213115178
2.66889267386340156562596348521765
2.65841389244909365174862614367157
2.64795395420829038357624085620046
2.63751285914099042884117807261646
2.62709060724719645207869689329527
2.61668719852690623284274806792382
2.60630263298012243566859069687780
2.59593691060684372828859522996936
2.58559003140706833434592226694804
2.57526199538079891837583090818953
2.56495280252803459219990145356860
2.55466245284877357946129450283479
2.54439094634301943287368885648903
2.53413828301076815563419586396776
2.52390446285202330045649432577193
2.51368948586678353507295469171368
2.50349335205504708312673756154254
2.49331606141681705324231188569684
2.48315761395209166906283826392610
2.47301800966086959832068714604247
2.46289724854315439372953733254690
2.45279533059894205848650017287582
2.44271225582823658939446431759279
2.43264802423103576600738051638473
2.42260263580733825605761921906378
2.41257609055714716816964937606826
2.40256838848046072598663158714771
2.39257952957727804133014615217689
2.38260951384760177873545217153151
2.37265834129142882957808069477323
2.36272601190876185839329082227778
2.35281252569960042109187270398252
2.34291788266394185313856723951176
2.33304208280178970724705322936643
2.32318512611314265114970112335868
2.31334701259799890848967152123805
2.30352774225636158789143337344285
2.29372731508822758073051772953477
2.28394573109359999563139353995211
2.27418299027247705623722140444443
2.26443909262485787436958162288647
2.25471403815074467047452344559133
2.24500782685013655637362717243377
2.23532045872303219979926325322594
2.22565193376943382119748093828093
2.21600225198933875603302112722304
2.20637141338275011293035277049057
2.19675941794966655962184631789569
2.18716626569008631975066236918792
2.17759195660401250194126987480558
2.16803649069144332983682943449821
2.15849986795237791525892134814057
2.14898208838681847865359486604575
2.13948315199476235548559088783804
2.13000305877621309846858821401838
2.12054180873116848715653759427369
2.11109940185962718928180947841611
2.10167583816159231346887281688396
2.09227111763706208336088820942678
2.08288524028603561077943595591933
2.07351820610851556025977515673731
2.06417001510449882317743686144240
2.05484066727398806406768017041031
2.04553016261698239475208538351581
2.03623850113348048296302295057103
2.02696568282348454914654212188907
2.01771170768699370512422319734469
2.00847657572400617453922677668743
1.99926028693452484397141688532429
1.99006284131854771501934919797350
1.98088423887607567586144341476029
1.97172447960710850445309461065335
1.96258356351164664488351263571531
1.95346149058968920897427778982092
1.94435826084123664081459992303280
1.93527387426628894040447903535096
1.92620833086484655183312497683801
1.91716163063690858692211804736871
1.90813377358247548976066809700569
1.89912475970154748239338005078025
1.89013458899412478686485883372370
1.88116326146020629295207982067950
1.87221077709979266678885778674157
1.86327713591288457450900750700384
1.85436233789948090588950435630977
1.84546638305958188297495325969066
1.83658927139318794985456406720914
1.82773100290029932857294170389650
1.81889157758091513095166646962753
1.81007099543503580107994821446482
1.80126925646266111691318201337708
1.79248636066379218867439249152085
1.78372230803842746205134517367696
1.77497709858656760317785483493935
1.76625073230821261205392147530802
1.75754320920336315481335986987688
1.74885452927201789918854046845809
1.74018469251417751131327804614557
1.73153369892984221323217752797063
1.72290154851901222698984383896459
1.71428824128168644236325235397089
1.70569377721786574753082277311478
1.69711815632754969840334524633363
1.68856137861073940520384439878399
1.68002344406743309157548083021538
1.67150435269763186774127916578436
1.66300410450133551165663448045962
1.65452269947854446741075662430376
1.64606013762925784682522589719156
1.63761641895347609398925214918563
1.62919154345119920890283538028598
1.62078551112242785769979036558652
1.61239832196716070811248755489942
1.60402997598539842627474172331858
1.59568047317714123423115779587533
1.58734981354238935402634069760097
1.57903799708114167543726580333896
1.57074502379339908664235281321453
1.56247089367916114355239187716506
1.55421560673842873434580269531580
1.54597916297120074879956064251019
1.53776156237747763100287556881085
1.52956280495725938095574747421779
1.52138289071054644274738620879361
1.51322181963733792819937207241310
1.50507959173763428140091491513886
1.49695620701143550235201473697089
1.48885166545874225718648631300312
1.48076596707955321363670009304769
1.47269911187386903783647085219854
1.46465109984168972978579859045567
1.45662193098301595561849808291299
1.44861160529784660511154470441397
1.44062012278618190030954337998992
1.43264748344802228530170395970345
1.42469368728336798213263136858586
1.41675873429221810262390590651194
1.40884262447457286882013249851298
1.40094535783043272481052099465160
1.39306693435979789263967631995911
1.38520735406266748412917877431028
1.37736661693904194336823820776772
1.36954472298892127035685462033143
1.36174167221230613122884278709535
1.35395746460919519371657315787161
1.34619210017958912395386050775414
1.33844557892348814398530976177426
1.33071790084089225381092091993196
1.32300906593180100934148413216462
1.31531907419621441057699939847225
1.30764792563413290160667656891746
1.29999562024555670447512056853157
1.29236215803048470895930677215802
1.28474753898891780323765487992205
1.27715176312085576526555996679235
1.26957483042629903913223188283155
1.26201674090524673665925092791440
1.25447749455769930193582695210353
1.24695709138365673496195995539892
1.23945553138311970187146471289452
1.23197281455608687039671167440247
1.22450894090255890667151561501669
1.21706391042253581069587653473718
1.20963772311601824860360920865787
1.20223037898300488812708408659091
1.19484187802349661744472086866153
1.18747222023749299246730970480712
1.18012140562499490137327029515291
1.17278943418600123393957801454235
1.16547630592051243425544271303806
1.15818202082852828027625946560875
1.15090657891004988222505289741093
1.14364998016507568578958853322547
1.13641222459360613505907622311497
1.12919331219564167412272581714205
1.12199324297118274706974716536934
1.11481201692022802163251071760897
1.10764963404277816394483124895487
1.10050609433883339605131368443836
1.09338139780839371795195802405942
1.08627554445145868555755441775545
1.07918853426802829886810286552645
1.07212036725810300197281321743503
1.06507104342168279487168547348119
1.05804056275876723347550978360232
1.05102892526935653982889107282972
1.04403613095345049188722441613209
1.03706217981105019987353443866596
1.03010707184215388743098174018087
1.02317080704676266478259094583336
1.01625338542487630988375713059213
1.00935480697649548886829506955110
1.00247507170161886946857521252241
0.99561417960024711781841233460000
0.98877213067238034494010889829951
0.98194892491801888390057229116792
0.97514456233716184652138281307998
0.96835904292980956586944785158266
0.96159236669596226398937233170727
0.95484453363562038497036610351643
0.94811554374878281858940454185358
0.94140539703545023098030242181267
0.93471409349562240009845481836237
0.92804163312929999207767650659662
0.92138801593648200771724532387452
0.91475324191716889110637112025870
0.90813731107136064224505389574915
0.90154022339905770522250350040849
0.89496197890025919186030023411149
0.88840257757496565726995640943642
0.88186201942317743451837941393023
0.87534030444489352440484708495205
0.86883743264011459306317419759580
0.86235340400884052947105828934582
0.85588821855107177771770921026473
0.84944187626680744962470726022730
0.84301437715604810030356475181179
0.83660572121879350770967675998691
0.83021590845504433797685805984656
0.82384493886479948088208402623422
0.81749281244805960255916943424381
0.81115952920482459198581182135968
0.80484508913509489325122103764443
0.79854949223886961817697738297284
0.79227273851614921085229070740752
0.78601482796693378229946347346413
0.77977576059122355456310060617398
0.77355553638901786150938733044313
0.76735415536031703620523103381856
0.76117161750512107865063171630027
0.75500792282343043293479922795086
0.74886307131524421087931386864511
0.74273706298056285657338548844564
0.73662989781938637001701408735244
0.73054157583171530632171197794378
0.72447209701754855526445453506312
0.71842146137688678297905653380440
0.71238966890972987844321551165194
0.70637671961607828574614131866838
0.70038261349593111670941425472847
0.69440735054928881542224416989484
0.68845093077615149290693352668313
0.68251335417651937120808725012466
0.67659462075039178419189056512550
0.67069473049776895390294839671697
0.66481368341865110238586566993035
0.65895147951303856270754977231263
0.65310811878093044668958100373857
0.64728360122232719842116921427078
0.64147792683722892892461686642491
0.63569109562563586024452888523228
0.62992310758754732624709049559897
0.62417396272296354897690662255627
0.61844366103188475047858219113550
0.61273220251431126381902458888362
0.60703958717024220081981411567540
0.60136581499967800557016062157345
0.59571088600261878909236656909343
0.59007480017906477343103688326664
0.58445755752901518143005432648351
0.57885915805247056820093121132231
0.57327960174943082272136507526739
0.56771888861989638908056576838135
0.56217701866386637910011359053897
0.55665399188134123686921839180286
0.55114980827232096238788017217303
0.54566446783680599974530878171208
0.54019797057479557178538698281045
0.53475031648629001157502216301509
0.52932150557128931911421432232601
0.52391153782979382746987084829016
0.51852041326180287050817696581362
0.51314813186731678129604006244335
0.50779469364633567085576260069502
0.50246009859885976123194950559991
0.49714434672488833077963477080630
0.49184743802442176807687701511895
0.48656937249746012863482746979571
0.48131015014400374552039352238353
0.47606977096405184157745793527283
0.47084823495760480538407932726841
0.46564554212466269245140892962809
0.46046169246522583584635412989883
0.45529668597929345841279769047105
0.45015052266686594872879823014955
0.44502320252794336230550698019215
0.43991472556252603220983132814581
0.43482509177061318128565403640096
0.42975430115220519811103372376238
0.42470235370730213819712162148790
0.41966924943590427909967388586665
0.41465498833801101019602697306254
0.40965957041362255353078580810688
0.40468299566273902012625285351533
0.39972526408536068753818426557700
0.39478637568148688963276526919799
0.38986633045111801498805448318308
0.38496512839425395258174944501661
0.38008276951089520201421123601904
0.37521925380104093061817138732295
0.37037458126469152697168851773313
0.36554875190184704658591385850741
0.36074176571250776701660356593493
0.35595362269667302212994286492176
0.35118432285434320050399037427269
0.34643386618551824662759486272989
0.34170225269019849356766371784033
0.33698948236838327519038216451008
0.33229555522007292456265759028611
0.32762047124526749719564122642623
0.32296423044396727064508922921959
0.31832683281617157877718682357226
0.31370827836188075465884139703121
0.30910856708109485380120418085426
0.30452769897381415376003133133054
0.29996567404003798840150807336613
0.29542249227976674630369302576582
0.29089815369300031644428372601396
0.28639265827973914291249002417317
0.28190600603998250406334591389168
0.27743819697373078847491001397429
0.27298923108098388512487986190536
0.26855910836174223810246530774748
0.26414782881600512576270034514891
0.25975539244377293668364359291445
0.25538179924504555984299258852843
0.25102704921982343932995718205348
0.24669114236810585349957136713783
0.24237407868989316317431814695738
0.23807585818518534059862190588319
0.23379648085398271883939003146224
0.22953594669628465951838336422952
0.22529425571209149570250929173199
0.22107140790140319963619219834072
0.21686740326422010438633947160270
0.21268224180054157157471195205289
0.20851592351036793426821702723828
0.20436844839369947002261085344799
0.20023981645053559597080550247483
0.19613002768087658966855713060795
0.19203908208472247887144135347626
0.18796697966207354113521432736889
0.18391372041292919359278812407865
0.17987930433728971379991889989469
0.17586373143515512951218227044592
0.17186700170652571828533439202147
0.16788911515140086949671172078524
0.16393007176978094396879725991312
0.15998987156166585843486416251835
0.15606851452705597371739543177682
0.15216600066595067919372752385243
0.14828232997835025241961659503431
0.14441750246425472115063826095138
0.14057151812366433518697306226386
0.13674437695657856717268430202239
0.13293607896299766690795252088719
0.12914662414292166214835333448718
0.12537601249635080269406728348258
0.12162424402328454731136986310958
0.11789131872372317355601722965730
0.11417723659766669530579719094021
0.11048199764511536236089028761853
0.10680560186606863348757201492845
0.10314804926052678624159852915909
0.09950933982848983450075763812492
0.09588947356995801418744207467171
0.09228845048493082570129075747900
0.08870627057340850496469641939257
0.08514293383539107973323467604132
0.08159844027087878592929826027103
0.07807278987987111007473828294678
0.07456598266236831584752309254327
0.07107801861837041712544049687494
0.06760889774787763595309542097311
0.06415862005088950048570239914625
0.06072718552740623276786635642566
0.05731459417742785361626900453302
0.05392084600095459895330307631411
0.05054594099798598305639529826294
0.04718987916852224878683230713250
0.04385266051256339614461410292279
0.04053428503010966105213341847957
0.03723475272116057166460478811132
0.03395406358571636390442094466380
0.03069221762377703430213493618339
0.02744921483534282224958644746948
0.02422505522041325937143696478415
0.02101973877898857465118531706594
0.01783326551106877502772540822207
0.01466563541665408428038563926066
0.01151684849574404617689182828144
0.00838690474833888796601932824615
0.00527580417443861398457682909680
0.00218354677404344410876491089368
-0.00088986745284706813587105589392
-0.00394443850623269875316223576078
-0.00698016638611333780500833867677
-0.00999705109248920538445037919928
-0.01299509262536008118160690827381
-0.01597429098472618463899763696645
-0.01893464617058730065091154415313
-0.02187615818294364258833617498112
-0.02479882702179499534556050832634
-0.02770265268714157402829556531287
-0.03058763517898316700027727677025
-0.03345377449731998242832275991532
-0.03630107064215180867616794557762
-0.03912952361347886431897080683484
-0.04193913341130092731212641865568
-0.04472990003561821970023970607144
-0.04750182348643052637759964795805
-0.05025490376373804857212945762512
-0.05298914086754059199479982567027
-0.05570453479783835787353396540311
-0.05840108555463113804151475960680
-0.06107879313791914066555932549818
-0.06373765754770216451774444976763
-0.06637767878398039000931163400310
-0.06899885684675365060680718443109
-0.07160119173602212672147260263955
-0.07418468345178562406427857922608
-0.07674933199404433692425442359308
-0.07929513736279807101237082633816
-0.08182209955804702061765709686370
-0.08433021857979099145108392576731
-0.08681949442803017780168062245139
-0.08928992710276438538041787751354
-0.09174151660399380847632500035616
-0.09417426293171825280037268157685
-0.09658816608593791264159023057800
-0.09898322606665260758873614577169
-0.10135944287386249029747631311693
-0.10371681650756742198993265446916
-0.10605534696776755532177105578739
-0.10837503425446272375953782329816
-0.11067587836765307995889884296048
-0.11295787930733848514197603662979
-0.11522103707351909196443529026510
-0.11746535166619473389282291009295
-0.11969082308536557746059258988680
-0.12189745133103145613429063587319
-0.12408523640319253644737074182558
-0.12625417830184865186637921397050
-0.12840427702699996892476974608144
-0.13053553257864633496687645219936
-0.13264794495678786101500179483992
-0.13474151416142446380241892711638
-0.13681624019255625435143031154439
-0.13887212305018309388415786997939
-0.14090916273430512117847968056594
-0.14292735924492219745651766515948
-0.14492671258203443374057428627566
-0.14690722274564174676392269702774
-0.14886888973574424754886535993137
-0.15081171355234179731752419684199
-0.15273569419543453484777728590416
-0.15464083166502232136174654897331
-0.15652712596110529563731006419403
-0.15839457708368331889658975342172
-0.16024318503275652991746369480097
-0.16207294980832478992205381018721
-0.16388387141038823768823817772500
-0.16567594983894673443813871926977
-0.16744918509400041894963351296610
-0.16920357717554915244484448066942
-0.17093912608359301819049846926646
-0.17265583181813204394217109438614
-0.17435369437916614643313550914172
-0.17603271376669543668569417604886
-0.17769288998071974816639340133406
-0.17933422302123927516426249439974
-0.18095671288825385114584776147240
-0.18256035958176358713345166506770
-0.18414516310176839986034735829890
-0.18571112344826840034883730368165
-0.18725824062126344982104342307139
-0.18878651462075365929926817898377
-0.19029594544673894551678472453204
-0.19178653309921941949589552223188
-0.19325827757819494245872249393869
-0.19471117888366562542756810216815
-0.19614523701563138513570550003351
-0.19756045197409233260543715005042
-0.19895682375904832905888497407432
-0.20033435237049951327392705024977
-0.20169303780844574647268530043220
-0.20303288007288713967746218713728
-0.20435387916382363737710647910717
-0.20565603508125526732719379197079
-0.20693934782518197401657289447030
-0.20820381739560386846754624912137
-0.20944944379252081190223577777942
-0.21067622701593294309851955858903
-0.21188416706584012327851951340563
-0.21307326394224249122011372037377
-0.21424351764513990814542410134891
-0.21539492817453251283232873447560
-0.21652749553042016650294954160927
-0.21764121971280300793516460089450
-0.21873610072168092610667144981562
-0.21981213855705397652862131963047
-0.22086933321892213144543859471014
-0.22190768470728541861269889068353
-0.22292719302214381027482659192174
-0.22392785816349736194297292968258
-0.22490968013134596259483544145041
-0.22587265892568975100829220536980
-0.22681679454652861616104075892508
-0.22774208699386261356423233337409
-0.22864853626769171546229131308792
-0.22953614236801597736636892932438
-0.23040490529483531600973833519674
-0.23125482504814978690355076196283
-0.23208590162795936229223059399374
-0.23289813503426409768692906254728
-0.23369152526706390982091932073672
-0.23446607232635885420535259981989
-0.23522177621214890308465328416787
-0.23595863692443411196997260503849
-0.23667665446321439759458371554501
-0.23737582882848984322521346257417
-0.23805616002026036559513499923924
-0.23871764803852602021549955679802
-0.23936029288328680708630713525054
-0.23998409455454269845198211896786
-0.24058905305229372206810012357892
-0.24117516837653985017908553345478
-0.24174244052728111054051396422437
-0.24229086950451747539680980025878
-0.24282045530824897250354865718691
-0.24333119793847557410515491937986
-0.24382309739519730795720420246653
-0.24429615367841414630412089081801
-0.24475036678812611690148060006322
-0.24518573672433319199370771457325
-0.24560226348703539933637784997700
-0.24599994707623271117391539064556
-0.24637878749192515526189595220785
-0.24673878473411273160031953466387
-0.24707993880279538467803490675578
-0.24740224969797319776176891537034
-0.24770571741964611534037032924971
-0.24799034196781413741383914839389
-0.24825612334247729173775098843180
-0.24850306154363557831210584936343
-0.24873115657128896938132811555988
-0.24894040842543746494541778702114
-0.24913081710608109275995047937613
-0.24930238261321985282492619262484
-0.24945510494685371738476931113837
-0.24958898410698268643947983491671
-0.24970402009360678774463337958878
-0.24980021290672602130022994515457
-0.24987756254634035935069391598518
-0.24993606901244980189602529208059
-0.24997573230505440444737530469865
-0.24999655242415408373801710695261
-0.24999852936974889527910193010030
-0.24998166314183883907062977414171
-0.24994595374042388735702502344793
-0.24989140116550406789386329364788
-0.24981800541707935292556896911265
-0.24972576649514977020771766547114
-0.24961468439971529198473376709444
-0.24948475913077594601219288961147
-0.24933599068833170453451941739331
-0.24916837907238259530728896606888
-0.24898192428292859057492592000926
-0.24877662631996971809300589484337
-0.24855248518350595010595327494229
-0.24830950087353731436934367593494
-0.24804767339006378312760148219240
-0.24776700273308538413630230934359
-0.24746748890260211739544615738851
-0.24714913189861395514945741069823
-0.24681193172112089739833606927277
-0.24645588837012297189765774874104
-0.24608100184562015089184683347412
-0.24568727214761246213647893910093
-0.24527469927609990563155406562146
-0.24484328323108245362149659740680
-0.24439302401256010610630653445696
-0.24392392162053289084155949240085
-0.24343597605500080782725547123846
-0.24292918731596382930781885534088
-0.24240355540342195528324964470812
-0.24185908031737521350912345496909
-0.24129576205782360398544028612378
-0.24071360062476709895662452254328
-0.24011259601820572617825177985651
-0.23949274823813945789474644243455
-0.23885405728456829410610851027741
-0.23819652315749229032348921464290
-0.23752014585691136328016170864430
-0.23682492538282556848727722353942
-0.23611086173523490594483575932827
-0.23537795491413934789726170038193
-0.23462620491953892210013066232932
-0.23385561175143360079786702954152
-0.23306617540982341174604641764745
-0.23225789589470832718909321101819
-0.23143077320608837488258302528266
-0.23058480734396352707094024481194
-0.22971999830833381150974048523494
-0.22883634609919920044340813092276
-0.22793385071655972162751879750431
-0.22701251216041537506207248497958
-0.22607233043076610523591796209075
-0.22511330552761199541578207572456
-0.22413543745095299009051359462319
-0.22313872620078908926011251878663
-0.22212317177712032068015446384379
-0.22108877417994665659506381416577
-0.22003553340926812476041618538147
-0.21896344946508472517621157749090
-0.21787252234739643008687437486515
-0.21676275205620323949240457750420
-0.21563413859150518114837780103699
-0.21448668195330225505479404546350
-0.21332038214159443345607769515482
-0.21213523915638171635222875011095
-0.21093125299766413149882282596081
-0.20970842366544167889585992270440
-0.20846675115971433078776442471280
-0.20720623548048211493011194761493
-0.20592687662774500356732687578187
-0.20462867460150299669940920921363
-0.20331162940175612208193456353911
-0.20197574102850437971490293875831
-0.20062100948174774184273871924233
-0.19924743476148623622101752062008
-0.19785501686771983509416372726264
-0.19644375580044856621775295479893
-0.19501365155967240183620958760002
-0.19356470414539136970510924129485
-0.19209691355760544206887630025449
-0.19061027979631464668308638010785
-0.18910480286151895579216386522603
-0.18758048275321839715168437123793
-0.18603731947141297076164789814356
-0.18447531301610264886647883031401
-0.18289446338728743146617716774927
-0.18129477058496734631631852607825
-0.17967623460914236566132728967204
-0.17803885545981251725677907415957
-0.17638263313697777334709826391190
-0.17470756764063816168786047455797
-0.17301365897079368227906570609775
-0.17130090712744430736513834290236
-0.16956931211059003694607838497177
-0.16781887392023089877746144793491
-0.16604959255636689285928753179178
-0.16426146801899799143598102091346
-0.16245450030812419450754191529995
-0.16062868942374552982954583058017
-0.15878403536586199740199276675412
-0.15692053813447356946930710819288
-0.15503819772958024603148885489645
-0.15313701415118205484411362249375
-0.15121698739927899590718141098478
-0.14927811747387104146511660474062
-0.14732040437495821927349481939018
-0.14534384810254050157674043930456
-0.14334844865661791613042908011266
-0.14133420603719043517898512618558
-0.13930112024425805872240857752331
-0.13724919127782084227185066538368
-0.13517841913787870256058454287995
-0.13308880382443172285533705689886
-0.13098034533747981988938136055367
-0.12885304367702307692944430073112
-0.12670689884306141070879903054447
-0.12454191083559489061638458906600
-0.12235807965462348889662536066680
-0.12015540530014720554952134534688
-0.11793388777216602669728473529176
-0.11569352707067998009549114613037
-0.11343432319568905186635277004825
-0.11115627614719322813208179923095
-0.10885938592519255052604165712182
-0.10654365252968697741486892027751
-0.10420907596067650879856358869802
-0.10185565621816117243270127801225
-0.09948339330214095443949418040575
-0.09709228721261585481894229587851
-0.09468233794958587357104562443055
-0.09225354551305101069580416606186
-0.08980590990301126619321792077244
-0.08733943111946664006328688856229
-0.08485410916241713230601106943141
-0.08234994403186274292139046337979
-0.07982693572780347190942507040745
-0.07728508425023931927011489051438
-0.07472438959917029888124773151503
-0.07214485177459638298724797778050
-0.06954647077651758546590343712523
-0.06692924660493390631721410954924
-0.06429317925984535941896780286697
-0.06163826874125191701558890144952
-0.05896451504915359298486521311133
-0.05627191818355040120458454566688
-0.05356047814444232085806518739446
-0.05083019493182935888420104220131
-0.04808106854571151528299211008743
-0.04531309898608879005443839105283
-0.04252628625296118319853988509749
-0.03972063034632869471529659222142
-0.03689613126619132460470851242462
-0.03405278901254907286677564570709
-0.03119060358540193950149799206883
-0.02830957498474993144776945541707
-0.02540970321059303829724917989097
-0.02249098826293126351938411744413
-0.01955343014176460711417426807657
-0.01659702884709306908161963178827
-0.01362178437891665115644368455605
-0.01062769673723534986919947442630
-0.00761476592204916868933395335262
-0.00458299193335810674948538334661
-0.00153237477116216318229202641987
0.00153708556453866157856524843339
0.00462538907374436796676731020739
0.00773253575645495468127155191951
0.01085852561267042215575884256396
0.01400335864239077299231439610594
0.01716703484561600198676778461504
0.02034955422234611607801291199848
0.02355091677258110832715587434905
0.02677112249632098220364362362034
0.03001017139356574117692311176597
0.03326806346431537136920653097150
0.03654479870856989359717559295859
0.03984037712632929051359553795919
0.04315479871759357599625417378775
0.04648806348236273616736369262981
0.04984017142063677796581799839259
0.05321112253241570139161709107611
0.05660091681769951338365487458759
0.06000955427648820006414354111257
0.06343703490878176143308309065105
0.06688335871458020442936742711026
0.07034852569388354293078435830466
0.07383253584669174918175826860534
0.07733538917300485093786477364119
0.08085708567282282044352825778333
0.08439762534614567157653652884619
0.08795700819297341821467739464424
0.09153523421330603260237523954856
0.09513230340714352861741787137362
0.09874821577448590625980529011940
0.10238297131533317940732530360037
0.10603657002968532030440229618762
0.10970901191754234282882407569559
0.11340029697890424698059064212430
0.11711042521377103275970199547373
0.12083939662214270016615813574390
0.12458721120401924919995906293479
0.12835386895940067986110477704642
0.13213936988828700602738308589323
0.13594371399067819994321837384632
0.13976690126657426160861064090568
0.14360893171597519102355988707131
0.14746980533888104369921734360105
0.15134952213529176412443177923706
0.15524808210520735229920319397934
0.15916548524862783597910720345681
0.16310173156555318740856819204055
0.16705682105598343434316177535948
0.17103075371991857678288795341359
0.17502352955735855921659549494507
0.17903514856830346491101124684064
0.18306561075275323835498397784249
0.18711491611070787954851368795062
0.19118306464216741624717599279393
0.19527005634713182069539527674351
0.19937589122560112064874715542828
0.20350056927757528835165601321933
0.20764409050305435155969746574556
0.21180645490203828251729589737806
0.21598766247452708122445130811684
0.22018771322052080319231492921972
0.22440660714001936515415991379996
0.22864434423302282262113749311538
0.23290092449953117559324766716600
0.23717634793954439631491482032288
0.24147061455306251254171456821496
0.24578372434008549651807129521330
0.25011567730061334824398500131792
0.25446647343464612323060691778664
0.25883611274218376596678581336164
0.26322459522322627645252168804291
0.26763192087777365468781454183045
0.27205808970582590067266437472426
0.27650310170738306991822241798218
0.28096695688244510691333744034637
0.28544965523101201165800944181683
0.28995119675308383966338965365139
0.29447158144866047990717561333440
0.29901080931774204341166978338151
0.30356888036032853017687216379272
0.30814579457641982918048029205238
0.31274155196601599593364539941831
0.31735615252911708594751871714834
0.32198959626572304371094901398465
0.32664188317583392473508752118505
0.33131301325944961799763177623390
0.33600298651657023452088424164685
0.34071180294719571879369368616608
0.34543946255132612632721134104941
0.35018596532896134609913474378118
0.35495131128010148913176635687705
0.35973550040474649991395494907920
0.36453853270289643395685175164544
0.36936040817455118023815430206014
0.37420112681971084978016506283893
0.37906068863837538707173280272400
0.38393909363054479211285752171534
0.38883634179621912041469045107078
0.39375243313539831646608035953250
0.39868736764808238026702724710049
0.40364114533427131181753111377475
0.40861376619396516662874319081311
0.41360523022716388918951224695775
0.41861553743386747949983828220866
0.42364468781407593755972129656584
0.42869268136778926336916129002930
0.43375951809500751243930949385685
0.43884519799573062925901467679068
0.44394972106995861382827683883079
0.44907308731769152165824721123499
0.45421529673892929723777456274547
0.45937634933367194056685889336222
0.46455624510191945164550020308525
0.46975498404367183047369849191455
0.47497256615892913256260499110795
0.48020899144769130240106846940762
0.48546425990995833998908892681357
0.49073837154573024532666636332578
0.49603132635500707392495201020211
0.50134312433778882578394586744253
0.50667376549407538988134547253139
0.51202324982386682172830205672653
0.51739157732716312132481562002795
0.52277874800396439969318862495129
0.52818476185427043478881614646525
0.53360961887808144865630310960114
0.53905331907539733027334705184330
0.54451586244621807963994797319174
0.54999724899054369675610587364645
0.55549747870837418162182075320743
0.56101655159970953423709261187469
0.56655446766454986562422391216387
0.57211122690289495373860972904367
0.57768682931474502062485498754540
0.58328127490009984423835476263775
0.58889456365895964662371397935203
0.59452669559132431675863017517258
0.60017767069719396566540581261506
0.60584748897656837129943596664816
0.61153615042944764468302309978753
0.61724365505583189683846967454883
0.62297000285572090572117076590075
0.62871519382911489337573129887460
0.63447922797601374877984881095472
0.64026210529641747193352330214111
0.64606382579032606283675477243378
0.65188438945773952148954322183272
0.65772379629865795891419111285359
0.66358204631308115306609352046507
0.66945913950100932598985536969849
0.67535507586244225564087173552252
0.68126985539738016406374754296849
0.68720347810582294023618032952072
0.69315594398777058415817009517923
0.69912725304322320685201930245967
0.70511740527218058627312302633072
0.71112640067464283344378372930805
0.71715423925061005938630387390731
0.72320092100008215307838099761284
0.72926644592305900349771263790899
0.73535081401954083268890371982707
0.74145402528952752962965178085142
0.74757607973301920534225928349770
0.75371697735001563778212130273459
0.75987671814051682694923783856211
0.76605530210452321693281874104287
0.77225272924203425262135169759858
0.77846899955305026708174409577623
0.78470411303757103826939101054450
0.79095806969559689925119982945034
0.79723086952712740593796070243116
0.80352251253216311344118594206520
0.80983299871070335562706077325856
0.81616232806274879862939997110516
0.82251050058829877631438876051106
0.82887751628735395481584191657021
0.83526337515991377902224712670431
0.84166807720597869302281424097600
0.84809162242554825272833340932266
0.85453401081862290222801448180689
0.86099524238520230845495007088175
0.86747531712528669345374510157853
0.87397423503887583517979464886594
0.88049199612597006670000610029092
0.88702860038656883290286714327522
0.89358404782067279992219255291275
0.90015833842828141264647001662524
0.90675147220939522618721184699098
0.91336344916401357441060326891602
0.91999426929213701242815659497865
0.92664393259376520717296443763189
0.93331243906889849171193418442272
0.93999978871753631093355352277285
0.94670598153967944199393969029188
0.95343101753532699671467298685457
0.96017489670447986327417311258614
0.96693761904713726451632282987703
0.97371918456329986657493691382115
0.98051959325296700331620058932458
0.98733884511613934087392863148125
0.99417694015281621311430626519723
1.00103387836299839719345072808210
1.00790965974668500493294232001062
1.01480428430387692451120074110804
1.02171775203457326774980629124912
1.02865006293877492282717867055908
1.03560121701648122360950310394401
1.04257121426769261418598944146652
1.04956005469240865046742783306399
1.05656773829062977654302812879905
1.06359426506235554832358047860907
1.07063963500758640989829473255668
1.07770384812632191717796104057925
1.08478690441856251425178925273940
1.09188880388430775703056951897452
1.09900954652355831164811661437852
1.10614913233631328992601083882619
1.11330756132257335799806696741143
1.12048483348233829381968007510295
1.12768094881560809739085016190074
1.13489590732238276871157722780481
1.14212970900266252982646619784646
1.14938235385644671460170229693176
1.15665384188373621121570522518596
1.16394417308453035353466020751512
1.17125334745882958564777709398186
1.17858136500663346346584603452357
1.18592822572794243107807687920285
1.19329392962275604439525977795711
1.20067847669107474750660458084894
1.20808186693289809632290143781574
1.21550410034822675697796512395144
1.22294517693705984129337593913078
1.23040509669939801540294865844771
1.23788385963524105726207835687092
1.24538146574458896687076503440039
1.25289791502744174422900869103614
1.26043320748379961138141425180947
1.26798734311366190219416694162646
1.27556032191702950484568646061234
1.28315214389390175320215803367319
1.29076280904427909135279151087161
1.29839231736816107520837704214500
1.30604066886554814885812447755598
1.31370786353643986821282396704191
1.32139390138083667736168536066543
1.32909878239873813221549880836392
1.33682250659014467686347416019998
1.34456507395505608926100649114233
1.35232648449347236940809580119094
1.36010673820539329526013716531452
1.36790583509081953295094535860699
1.37572377514975041634670560597442
1.38356055838218616749202283244813
1.39141618478812678638689703802811
1.39929065436757249507593314774567
1.40718396712052262742531638650689
1.41509612304697784956886152940569
1.42302712214693816150656857644208
1.43097696442040311914922767755343
1.43894564986737316658604868280236
1.44693317848784785972782174212625
1.45493955028182764266375670558773
1.46296476524931207130464372312417
1.47100882339030181178429756982950
1.47907172470479597592429854557849
1.48715346919279545190306635049637
1.49525405685429935154218128445791
1.50337348768930856302006304758834
1.51151176169782219815829193976242
1.51966887887984114513528766110539
1.52784483923536451577263051149203
1.53603964276439319824874019104755
1.54425328946692652642980192467803
1.55248577934296494440502556244610
1.56073711239250800808520125428913
1.56900728861555616155953885026975
1.57729630801210896073882850032533
1.58560417058216684971228005451849
1.59393087632572938439068366278661
1.60227642524279723090785410022363
1.61064081733336950108537166670430
1.61902405259744686105705113732256
1.62742613103502908877828758704709
1.63584705264611618424908101587789
1.64428681743070814746943142381497
1.65274542538880520048394373588962
1.66122287652040667715880317700794
1.66971917082551346567242944729514
1.67823430830412489989100777165731
1.68676828895624142390374800015707
1.69532111278186237157683535770047
1.70389277978098885313329446944408
1.71248328995361953630549578520004
1.72109264329975575336106885515619
1.72972083981939639407698905415600
1.73836787951254212458707115729339
1.74703376237919250080210531450575
1.75571848841934818885590630088700
1.76442205763300830057005441631190
1.77314447002017372412296936090570
1.78188572558084357133623143454315
1.79064582431501873038826033734949
1.79942476622269831310063636919949
1.80822255130388320765177923021838
1.81703917955857274790787414531223
1.82587465098676737795813096454367
1.83472896558846643166873491281876
1.84360212336367101926271061529405
1.85249412431237980847242852178169
1.86140496843459413156551818246953
1.87033465573031287831895497220103
1.87928318619953671486655366607010
1.88825055984226519711910441401415
1.89723677665849899121042199112708
1.90624183664823720896208669728367
1.91526573981148051650791330757784
1.92430848614822869180329689697828
1.93337007565848173484823746548500
1.94245050834223964564273501309799
1.95154978419950264623139446484856
1.96066790323027007048040104564279
1.96980486543454280656817445560591
1.97896067081232018836089991964400
1.98813531936360265994778728781966
1.99732881108838977723962671007030
2.00654114598668220637023296148982
2.01577232405847928120579126698431
2.02502234530378055765709177649114
2.03429120972258736799176404019818
2.04357891731489926812059820804279
2.05288546808071581395438442996237
2.06221086202003700549312270595692
2.07155509913286328682602288608905
2.08091817941919465795308497035876
2.09030010287903067478509910870343
2.09970086951237133732206530112308
2.10912047931921708965319339768030
2.11855893229956793177848339837510
2.12801622845342386369793530320749
2.13749236778078355314391956198961
2.14698735028164922056248542503454
2.15650117595601953368600334215444
2.16603384480389493660368316341192
2.17558535682527409704789533861913
2.18515571202015923546468911808915
2.19474491038854901958643495163415
2.20435295193044389350234268931672
2.21397983664584296903399263101164
2.22362556453474757844901432690676
2.23329013559715683356898807687685
2.24297354983307117848312373098452
2.25267580724248972501300158910453
2.26239690782541380542625120142475
2.27213685158184297563366271788254
2.28189563851177679154602628841531
2.29167326861521480907413206296042
2.30146974189215836048560959170572
2.31128505834260655760203917452600
2.32111921796656028860184051154647
2.33097222076401777712817420251667
2.34084406673498079953787964768708
2.35073475587944891174174699699506
2.36064428819742166965056640037801
2.37057266368889862917512800777331
2.38051988235388156667227121943142
2.39048594419236870578515663510188
2.40047084920436137878141380497254
2.41047459738985780930420332879294
2.42049718874886021779957445687614
2.43053862328136727199989763903432
2.44059890098737897190517287526745
2.45067802186689531751540016557556
2.46077598591991675291978936002124
2.47089279314644327811834045860451
2.48102844354647489311105346132535
2.49118293712001070971950866805855
2.50135627386705161612212577892933
2.51154845378759805640811464400031
2.52175947688164869830984571308363
2.53198934314920398591652883624192
2.54223805259026480740658371360041
2.55250560520483027460159064503387
2.56279200099290083159075948060490
2.57309723995447559019567052018829
2.58342132208955588268395331397187
2.59376424739814126496639801189303
2.60412601588023040477537506376393
2.61450662753582552255693371989764
2.62490608236492528604344443010632
2.63532438036752969523490719438996
2.64576152154363875013132201274857
2.65621750589325289482189873524476
2.66669233341637257339584721194115
2.67718600411299645358553789264988
2.68769851798312497948018062743358
2.69822987502675903925819511641748
2.70878007524389774474116165947635
2.71934911863454154001829010667279
2.72993700519868953691116075788159
2.74054373493634306768740316329058
2.75116930784750124416859762277454
2.76181372393216451044395398639608
2.77247698319033197833505255402997
2.78315908562200498010952287586406
2.79386003122718307167815510183573
2.80457982000586580895173938188236
2.81531845195805274784106586594135
2.82607592708374522061376410420053
2.83685224538294278318062424659729
2.84764740685564499145243644306902
2.85846141150185140133999084355310
2.86929425932156334511091699823737
2.88014595031478037867600505705923
2.89101648448150250203525502001867
2.90190586182172838292103733692784
2.91281408233545979769019140803721
2.92374114602269630225350738328416
2.93468705288343789661098526266869
2.94565180291768324849499549600296
2.95663539612543457835158733360004
2.96763783250669055391313122527208
2.97865911206145117517962717101909
2.98969923478971644215107517084107
3.00075820069148679891668507480063
3.01183600976676268956566673296038
3.02293266201554278183039059513249
3.03404815743782751980006651137955
3.04518249603361779165311418182682
3.05633567780291270921111390634906
3.06750770274571271656327553500887
3.07869857086201648144196951761842
3.08990828215182622429324510449078
3.10113683661514105693868259550072
3.11238423425196053528907214058563
3.12365047506228421525520388968289
3.13493555904611342910470739298034
3.14623948620344728865916295035277
3.15756225653428623800778041186277
3.16890387003862938897214007738512
3.18026432671647807381987149710767
3.19164362656783184846176482096780
3.20304176959269026880861019890290
3.21445875579105289077119778085034
3.22589458516292149070636696706060
3.23734925770829473634648820734583
3.24882277342717262769156150170602
3.26031513231955472065237700007856
3.27182633438544234749656425265130
3.28335637962483506413491340936162
3.29490526803773287056742447020952
3.30647299962413443452646788500715
3.31805957438404197645809290406760
3.32966499231745416409466997720301
3.34128925342437099743619910441339
3.35293235770479247648268028569873
3.36459430515871904532332337112166
3.37627509578615114804733821074478
3.38797472958708745238709525438026
3.39969320656152840243180435209069
3.41143052670947488635988520400133
3.42318669003092601599291810998693
3.43496169652588223542011292011011
3.44675554619434221237384008418303
3.45856823903630816730014885251876
3.47039977505177921202061952499207
3.48225015424075490244604225154035
3.49411937660323435039799733203836
3.50600744213921977632253401679918
3.51791435084871029204123260569759
3.52984010273170545346488324867096
3.54178469778820481650427609565668
3.55374813601820971342704069684260
3.56573041742171970014396720216610
3.57773154199873433256584576156456
3.58975150974925316660346652497537
3.60179032067327753452445904258639
3.61384797477080699223961346433498
3.62592447204184109565971994015854
3.63801981248637940069556861999445
3.65013399610442368370399890409317
3.66226702289597261241738124226686
3.67441889286102618683571563451551
3.68658960599958396286979223077651
3.69877916231164771687645043130033
3.71098756179721611658806068589911
3.72321480445628960609383284463547
3.73546089028886685312613735732157
3.74772581929494963404181362420786
3.76000959147453794884086164529435
3.77231220682763046525565187039319
3.78463366535422762737539414956700
3.79697396705432987928929833287839
3.80933311192793766508657427038997
3.82171109997505009658880226197653
3.83410793119566628561756260751281
3.84652360558978845261890455731191
3.85895812315741570941440841124859
3.87141148389854761191486431926023
3.88388368781318327194185258122161
3.89637473490132490994142244744580
3.90888462516297163773515421780758
3.92141335859812301123383804224432
3.93396093520677814225905422063079
3.94652735498893969534606185334269
3.95911261794460545004881169006694
3.97171672407377673863493328099139
3.98433967337645134065837737580296
3.99698146585263236474361292493995
4.00964210150231803453380052815191
4.02232158032550835002894018543884
4.03501990232220286713982204673812
4.04773706749240336222328551230021
4.06047307583610805892249118187465
4.07322792735331695723743905546144
4.08600162204403183352496853331104
4.09879415990825179960665991529822
4.11160554094597685548251320142299
4.12443576515720522479568899143487
4.13728483254193957208144638570957
4.15015274310017900916136568412185
4.16303949683192264785702718654647
4.17594509373717137634685059310868
4.18886953381592519463083590380847
4.20181281706818410270898311864585
4.21477494349394721240287253749557
4.22775591309321541189092386048287
4.24075572586598870117313708760776
4.25377438181226708024951221887022
4.26681188093205054912004925427027
4.27986822322533733142790879355744
4.29294340869213009170834993710741
4.30603743733242794178295298479497
4.31915030914623088165171793662012
4.33228202413353802313622509245761
4.34543258229435025441489415243268
4.35860198362866757548772511654533
4.37179022813648998635471798479557
4.38499731581781659883745305705816
4.39822324667264830111435003345832
4.41146802070098509318540891399607
4.42473163790282697505062969867140
4.43801409827817305853159268735908
4.45131540182702423180671758018434
4.46463554854938049487600437714718
4.47797453844524184773945307824761
4.49133237151460740221864398336038
4.50470904775747804649199679261073
4.51810456717385466873793120612390
4.53151892976373549259960782364942
4.54495213552712051807702664518729
4.55840418446401063334860737086274
4.57187507657440583841435000067577
4.58536481185830702145267423475161
4.59887339031571062974990127258934
4.61240081194662110419812961481512
4.62594707675103578026210016105324
4.63951218472895643429865231155418
4.65309613588037951359410726581700
4.66669893020530945904056352446787
4.68032056770374449428118168725632
4.69396104837568373113754205405712
4.70762037222112716960964462487027
4.72129853924007569787590909982100
4.73499554943253020411475517903455
4.74871140279848891196934346226044
4.76244609933795182143967394949868
4.77619963905092070888258604099974
4.78997202193739468611966003663838
4.80376324799737286497247623628937
4.81757331723085524544103463995270
4.83140222963784360388217464787886
4.84524998521833616393905685981736
4.85911658397233470196852067601867
4.87300202589983655343530699610710
4.88690631100084438287467492045835
4.90082943927535730210820474894717
4.91477141072337442295747678144835
4.92873222534489574542249101796187
4.94271188313992304586008685873821
4.95671038410845543609184460365213
4.97072772825049291611776425270364
4.98476391556603370958100640564226
4.99881894605508048101683016284369
5.01289281971763234224681582418270
5.02698553655368840509254368953407
5.04109709656324866955401375889778
5.05522749974631580016648513264954
5.06937674610288624421627901028842
5.08354483563296266623865449219011
5.09773176833654240169835247797891
5.11193754421362900330905176815577
5.12616216326421980653549326234497
5.14040562548831481137767696054652
5.15466793088591490601402256288566
5.16894907945702009044453006936237
5.18324907120163036466919947997667
5.19756790611974572868803079472855
5.21190558421136440614418461336754
5.22626210547648906157292003626935
5.24063746991511969497423706343397
5.25503167752725364181287659448572
5.26944472831289267844567802967504
5.28387662227203680487264136900194
5.29832735940468602109376661246642
5.31279693971084032710905376006849
5.32728536319049883474008311168291
5.34179262984366243216527436743490
5.35631873967033111938462752732448
5.37086369267050489639814259135164
5.38542748884418287502739985939115
5.40001012819136594345081903156824
5.41461161071205498984681980800815
5.42923193640624823785856278846040
5.44387110527394479930762827279978
5.45852911731514822690769506152719
5.47320597252985585612350405426696
5.48790167091806857513347495114431
5.50261621247978549575918805203401
5.51734959721500839435748275718652
5.53210182512373549457151966635138
5.54687289620596768457971847965382
5.56166281046170407620365949696861
5.57647156789094644580018211854622
5.59129916849369301701244694413617
5.60614561226994467801887367386371
5.62101089921970054064104260760359
5.63589502934296238123579314560629
5.65079800263972842344628588762134
5.66571981911000044362936023389921
5.68066047875377577724975708406419
5.69561998157105620066431583836675
5.71059832756184260205145619693212
5.72559551672613320505433875950985
5.74061154906392800967296352609992
5.75564642457522879226416989695281
5.77070014326003466464953817194328
5.78577270511834473865064865094610
5.80086411015015901426750133396126
5.81597435835547926785693562123924
5.83110344973430461124053181265481
5.84625138428663326806145050795749
5.86141816201246790285495080752298
5.87660378291180762744261301122606
5.89180824698465244182443711906672
5.90703155423100056964358373079449
5.92227370465085556361373164691031
5.93753469824421475919962176703848
5.95281453501107904457967379130423
5.96811321495144664339704831945710
5.98343073806532022018700445187278
5.99876710435269888677112248842604
6.01412231381358264314940242911689
6.02949636644797060114342457382008
6.04488926225586453711002832278609
6.06030100123726178651395457563922
6.07573158339216412571204273262993
6.09118100872057333106113219400868
6.10664927722248496166912445914932
6.12213638889790168207127862842754
6.13764234374682615680285380221903
6.15316714176925216861491207964718
6.16871078296518593475639136158861
6.18427326733462212615677344729193
6.19985459487756340735131743713282
6.21545476559401155469686273136176
6.23107377948396212730131082935259
6.24671163654741778969992083148099
6.26236833678438120642795183812268
6.27804388019484616023646594840102
6.29373826677881886837440106319264
6.30945149653629488994965868187137
6.32518356946727422496223880443722
6.34093448557176220248265963164158
6.35670424484975171708356356248260
6.37249284730124632147862939746119
6.38830029292624868020311623695306
6.40412658172475346418650588020682
6.41997171369676511432089682784863
6.43583568884227918971419057925232
6.45171850716129835490164623479359
6.46762016865382527441852289484814
6.48354067331985373101588265853934
6.49948002115938727740740432636812
6.51543821217242857812834699871019
6.53141524635897230410819247481413
6.54741112371902289623903925530612
6.56342584425257680180720853968523
6.57945940795963490899112002807669
6.59551181484019988232603282085620
6.61158306489426816909826811752282
6.62767315812184065748624561820179
6.64378209452292090020364412339404
6.65990987409750356817994543234818
6.67605649684559399048566774581559
6.69222196276718594987187316291966
6.70840627186228299905224048416130
6.72460942413088780256202880991623
6.74083141957299503133071993943304
6.75707225818860646171515327296220
6.77333193997772564642900761100464
6.78961046494034725640176475280896
6.80590783307647662070394289912656
6.82222404438610841026502384920605
6.83855909886924440144184700329788
6.85491299652588814694809116190299
6.87128573735603431771323812426999
6.88767732135968469009412729064934
6.90408774853684281680443746154197
6.92051701888750425695207013632171
6.93696513241167167507228441536427
6.95343208910934240662982119829394
6.96991788898051733980310018523596
6.98642253202520002730580017669126
7.00294601824338514006740297190845
7.01948834763507534262316767126322
7.03604952020027241132993367500603
7.05262953593897279347402218263596
7.06922839485118004176911199465394
7.08584609693688882714468491030857
7.10248264219610359049283943022601
7.11913803062882521999199525453150
7.13581226223504927475005388259888
7.15250533701477841930227441480383
7.16921725496801443000549625139683
7.18594801609475375414604059187695
7.20269762039499994443758623674512
7.21946606786874855998803468537517
7.23625335851600137715422533801757
7.25305949233676283682825669529848
7.26988446933102583358277115621604
7.28672828949879392013144752127118
7.30359095284006887283112519071437
7.32047245935484713896812536404468
7.33737280904313227125612684176303
7.35429200190491982880303112324327
7.37123003794021247614409730886109
7.38818691714901198963616479886696
7.40516263953131481656555479275994
7.42215720508712184511068699066527
7.43917061381643573980682049295865
7.45620286571925294794027649913915
7.47325396079557702222473380970769
7.49032389904540352176809392403811
7.50741268046873511110561594250612
7.52452030506557445477255896548741
7.54164677283591533551998509210534
7.55879208377976219423999282298610
7.57595623789711503093258215812966
7.59313923518797118106249399716035
7.61034107565233419734340714057907
7.62756175929020052706164278788492
7.64480128610157105839562063920312
7.66205965608644845588059979490936
7.67933686924482916680290145450272
7.69663292557671407934094531810842
7.71394782508210674620841018622741
7.73128156776100183833477785810828
7.74863415361340468479056653450243
7.76600558263930906832683831453323
7.78339585483871854165727199870162
7.80080497021163576931712668738328
7.81823292875805542223588417982683
7.83567973047797927677038387628272
7.85314537537141088563430457725190
7.87062986343834491975712808198296
7.88813319467878670820937259122729
7.90565536909273003374210020410828
7.92319638668017844906898972112685
7.94075624744113461872530024265870
7.95833495137559321364051356795244
7.97593249848355689834988879738376
7.99354888876502744921026533120312
8.01118412222000131350796436890960
8.02883819884847760306456621037796
8.04651111865046431148584815673530
8.06420288162595078063077380647883
8.08191348777494589228354016086087
8.09964293709744431737362901913002
8.11739122959344605590104038128629
8.13515836526295643693629244808108
8.15294434410596835505202761851251
8.17074916612248536296192469308153
8.18857283131250923702282307203859
8.20641533967603642452104395488277
8.22427669121307047817026614211500
8.24215688592360784525681083323434
8.26005592380764852578067802824080
8.27797380486519784881238592788577
8.29591052909624870892457693116739
8.31386609650080465883092983858660
8.33184050707886747488828405039385
8.34983376083043360438296076608822
8.36784585775550660002863878617063
8.38587679785408290911163931014016
8.40392658112616253163196233799681
8.42199520757175079666012607049197
8.44008267719084059876877290662378
8.45818898998343549067158164689317
8.47631414594953902508223109180108
8.49445814508914409657336364034563
8.51262098740225603421549749327824
8.53080267288887128529495385009795
8.54900320154898984981173271080479
8.56722257338261705683635227615014
8.58546078838974580094145494513214
8.60371784657037963484071951825172
8.62199374792452211124782479600981
8.64028849245216612473541317740455
8.65860208015331700437400286318734
8.67693451102797119744991505285725
8.69528578507612870396314974641427
8.71365590229779485298422514460981
8.73204486269296431544262304669246
8.75045266626163709133834345266223
8.76887931300381673338506516302004
8.78732480291949968886910937726498
8.80578913600869128686099429614842
8.82427231227138442193336231866851
8.84277433170758087044305284507573
8.86129519431728596146058407612145
8.87983490010049436591543781105429
8.89839344905720608380761404987425
8.91697084118742466785079159308225
8.93556707649114834168813104042783
8.95418215496837710531963239191100
8.97281607661910918238845624728128
8.99146884144334457289460260653868
9.01014044944108860590858967043459
9.02883090061233595235989923821762
9.04754019495708661224853130988777
9.06626833247534591464500408619642
9.08501531316710675412195996614173
9.10378113703237623610675655072555
9.12256580407114547881519683869556
9.14136931428342158767463843105361
9.16019166766920456268508132779971
9.17903286422849085113284672843292
9.19789290396128045301793463295326
9.21677178686757869741086324211210
9.23566951294737847888427495490760
9.25458608220068690286552737234160
9.27352149462749686392726289341226
9.29247575022781013842632091837004
9.31144884900163383179005904821679
9.33044079094895728587744088144973
9.34945157606978760611582401907071
9.36848120436412301614836906082928
9.38752967583196351597507600672543
9.40659699047330910559594485675916
9.42568314828815800865413621068001
9.44478814927651200150648946873844
9.46391199343837286050984403118491
9.48305468077373703295052109751850
9.50221621128260451882852066773921
9.52139658496498064721436094259843
9.54059580182086008903752372134477
9.55981386185024462065484840422869
9.57905076505313246570949559099972
9.59830651142952540055830468190834
9.61758110097942697791495447745547
9.63687453370282831599524797638878
9.65618680959973652022654277971014
9.67551792867015159060883888741955
9.69486789091406819807161809876561
9.71423669633149344804223801475018
9.73362434492242023509334103437141
9.75303083668685211193860595813021
9.77245617162479085493487218627706
9.79190034973623291136846091831103
9.81136337102118005759621155448258
9.83084523547963406997496349504218
9.85034594311158961943419853923842
9.86986549391705381140127428807318
9.88940388789601954044883314054459
9.90896112504849035929055389715359
9.92853720537446982064011535840109
9.94813212887394904271332052303478
9.96774589554693513093752699205652
9.98737850539342808531273476546630
10.00702995841342435312526504276320
10.02670025460692748708879662444815
10.04638939397393215813281130976975
10.06609737651444191897098789922893
10.08582420222845854596016579307616
10.10556987111597848638666619081050
10.12533438317700351660732849268243
10.14511773841153541297899209894240
10.16491993681957062278797820908949
10.18474097840111269874796562362462
10.20458086315615631178843614179641
10.22443959108470501462306856410578
10.24431716218676235996554169105366
10.26421357646231946603165852138773
10.28412883391138343824877665610984
10.30406293453395427661689609522000
10.32401587833002842842233803821728
10.34398766529960589366510248510167
10.36397829544269200141570763662457
10.38398776875928142260363529203460
10.40401608524937593358572485158220
10.42406324491297375800513691501692
10.44412924775007667221871088258922
10.46421409376068645258328615454957
10.48431778294479954638518393039703
10.50444031530241595362440421013162
10.52458169083354100337146519450471
10.54474190953816936655584868276492
10.56492097141630281953439407516271
10.58511887646793958595026197144762
10.60533562469308144216029177187011
10.62557121609173194087816227693111
10.64582565066388220031967648537830
10.66609892840953932591219199821353
10.68639104932870331765570881543681
10.70670201342136884647970873629674
10.72703182068754301781154936179519
10.74738047112721872622387309093028
10.76774796474039952443035872420296
10.78813430152708896514468506211415
10.80853948148727816658265510341153
10.82896350462097423417162644909695
10.84940637092817716791159909917042
10.86986808040888163873205485288054
10.89034863306309475206035131122917
10.91084802889080940246913087321445
10.93136626789202914267207233933732
10.95190335006675752538285451009870
10.97245927541498744517411978449672
10.99303404393672067840270756278187
11.01362765563196255413913604570553
11.03424011050070774331288703251630
11.05487140854295979863763932371512
11.07552154975871339104287471855059
11.09619053414797207324227201752365
11.11687836171073939794951002113521
11.13758503244700825973723112838343
11.15831054635678043496227473951876
11.17905490344006125269515905529261
11.19981810369684538386536587495357
11.22060014712713638118657399900258
11.24140103373092891558826522668824
11.26222076350822653978411835851148
11.28305933645903280648781219497323
11.30391675258334061027198913507164
11.32479301188115350385032797930762
11.34568811435247326357966812793165
11.36660205999729456038949138019234
11.38753484881562627606399473734200
11.40848648080745775246214179787785
11.42945695597279431865445076255128
11.45044627431163952735460043186322
11.47145443582398627313523320481181
11.49248144050983810871002788189799
11.51352728836919681043582386337221
11.53459197940205882559894234873354
11.55567551360842770691306213848293
11.57677789098829812530766503186896
11.59789911154167363349642982939258
11.61903917526855778419303533155471
11.64019808216894347197012393735349
11.66137583224283424954137444728985
11.68257242549023189326362626161426
11.70378786191113285042320057982579
11.72502214150554067373377620242536
11.74627526427345181048167432891205
11.76754723021486626066689495928586
11.78883803932978935335995629429817
11.81014769161821398313350073294714
11.83147618708014370270120707573369
11.85282352571558028841991472290829
11.87418970752452018757594487397000
11.89557473250696695288297632941976
11.91697860066291703162733028875664
11.93840131199237042380900675198063
11.95984286649533245849852391984314
11.98130326417179603026852419134229
12.00278250502176469183268636697903
12.02428058904524199590468924725428
12.04579751624221906070033583091572
12.06733328661270654436066251946613
12.08888790015669378874463291140273
12.11046135687418789927960460772738
12.13205365676518887596557760844007
12.15366479982969138973203371278942
12.17529478606769899329265172127634
12.19694361547921523936111043440178
12.21861128806423124615321285091341
12.24029780382275767180999537231401
12.26200316275478385819042159710079
12.28372736486031691072184912627563
12.30547041013935682940427795983851
12.32723229859189828516718989703804
12.34901303021794483072426373837516
12.37081260501750001878917828435078
12.39263102299055674393457593396306
12.41446828413712033523097488796338
12.43632438845718723996469634585083
12.45819933595075923449257970787585
12.48009312661783809517146437428892
12.50200576045841849293083214433864
12.52393723747250398048436181852594
12.54588755766009811054573219735175
12.56785672102119377768758567981422
12.58984472755579631098044046666473
12.61185157726390215771061775740236
12.63387727014551309423495695227757
12.65592180620063089691029745154083
12.67798518542925023666612105444074
12.70006740783137466621610656147823
12.72216847340700773827393277315423
12.74428838215614234741224208846688
12.76642713407878559905839210841805
12.78858472917493038778502523200586
12.81076116744457848994898085948080
12.83295644888773701097761659184471
12.85517057350439529272989602759480
12.87740354129455866427633736748248
12.89965535225823067833061941200867
12.92192600639540422946538456017151
12.94421550370608642310799041297287
12.96652384419027015383107936941087
12.98885102784795719799149082973599
13.01119705467915466101658239495009
