0.00000000000000000000000000000000
0.01834529824554920196533203125000
0.03669059649109840393066406250000
0.05503589287400245666503906250000
0.07338119298219680786132812500000
0.09172649681568145751953125000000
0.11007178574800491333007812500000
0.12841708958148956298828125000000
0.14676238596439361572265625000000
0.16510768234729766845703125000000
0.18345299363136291503906250000000
0.20179827511310577392578125000000
0.22014357149600982666015625000000
0.23848888278007507324218750000000
0.25683417916297912597656250000000
0.27517947554588317871093750000000
0.29352477192878723144531250000000
0.31187006831169128417968750000000
0.33021536469459533691406250000000
0.34856069087982177734375000000000
0.36690598726272583007812500000000
0.38525125384330749511718750000000
0.40359655022621154785156250000000
0.42194184660911560058593750000000
0.44028714299201965332031250000000
0.45863246917724609375000000000000
0.47697776556015014648437500000000
0.49532306194305419921875000000000
0.51366835832595825195312500000000
0.53201365470886230468750000000000
0.55035895109176635742187500000000
0.56870424747467041015625000000000
0.58704954385757446289062500000000
0.60539484024047851562500000000000
0.62374013662338256835937500000000
0.64208543300628662109375000000000
0.66043072938919067382812500000000
0.67877608537673950195312500000000
0.69712138175964355468750000000000
0.71546667814254760742187500000000
0.73381197452545166015625000000000
0.75215721130371093750000000000000
0.77050250768661499023437500000000
0.78884780406951904296875000000000
0.80719310045242309570312500000000
0.82553839683532714843750000000000
0.84388369321823120117187500000000
0.86222898960113525390625000000000
0.88057428598403930664062500000000
0.89891964197158813476562500000000
0.91726493835449218750000000000000
0.93561023473739624023437500000000
0.95395553112030029296875000000000
0.97230082750320434570312500000000
0.99064612388610839843750000000000
1.00899147987365722656250000000000
1.02733671665191650390625000000000
1.04568195343017578125000000000000
1.06402730941772460937500000000000
1.08237254619598388671875000000000
1.10071790218353271484375000000000
1.11906313896179199218750000000000
1.13740849494934082031250000000000
1.15575373172760009765625000000000
1.17409908771514892578125000000000
1.19244444370269775390625000000000
1.21078968048095703125000000000000
1.22913503646850585937500000000000
1.24748027324676513671875000000000
1.26582562923431396484375000000000
1.28417086601257324218750000000000
1.30251610279083251953125000000000
1.32086145877838134765625000000000
1.33920669555664062500000000000000
1.35755217075347900390625000000000
1.37589728832244873046875000000000
1.39424276351928710937500000000000
1.41258800029754638671875000000000
1.43093335628509521484375000000000
1.44927859306335449218750000000000
1.46762394905090332031250000000000
1.48596918582916259765625000000000
1.50431442260742187500000000000000
1.52265977859497070312500000000000
1.54100501537322998046875000000000
1.55935037136077880859375000000000
1.57769560813903808593750000000000
1.59604096412658691406250000000000
1.61438620090484619140625000000000
1.63273155689239501953125000000000
1.65107679367065429687500000000000
1.66942214965820312500000000000000
1.68776738643646240234375000000000
1.70611274242401123046875000000000
1.72445797920227050781250000000000
1.74280345439910888671875000000000
1.76114857196807861328125000000000
1.77949380874633789062500000000000
1.79783928394317626953125000000000
1.81618440151214599609375000000000
1.83452987670898437500000000000000
