13.911
13.355
14.1158
13.221
13.3679
13.9
13.4308
13.365
13.468
13.536
13.5131
13.8369
13.778
13.4721
13.6731
13.2749
13.6049
13.5081
13.958
13.685
13.7031
13.3989
13.659
13.2411
13.2859
13.7341
13.8581
13.5219
13.905
13.813
13.8562
13.433
13.9949
13.4549
14.0841
13.6759
13.1249
13.195
13.459
13.588
13.339
13.6931
13.9091
13.423
13.6368
13.8311
13.5219
13.7401
13.4029
13.4799
13.9759
13.6471
13.6368
13.808
14.008
13.9711
13.2258
13.561
13.521
13.3121
13.8018
13.6521
13.468
13.586
13.7739
13.4439
13.387
13.5269
13.8259
13.5062
13.7482
13.4392
13.696
13.7689
13.3829
14.1652
13.7429
13.515
13.546
13.412
13.695
13.4001
13.7608
13.9482
13.86
13.5541
13.917
13.88
13.953
13.782
14.0991
13.5589
13.303
13.418
13.967
13.9611
13.4711
14.0288
13.556
13.587
13.442
13.7191
13.5429
13.4611
13.6368
13.598
13.772
13.854
13.5779
13.546
13.4809
13.541
13.864
13.4389
13.202
14.0281
13.9451
13.798
13.896
13.3801
13.7858
13.401
13.5729
13.912
13.6371
13.4399
13.5019
14.1051
14.102
14.5631
13.7968
13.5391
14.19
14.2071
13.8559
13.5219
13.396
13.5701
13.7708
13.3491
13.66
13.814
13.6242
13.2871
14.1039
13.447
13.483
13.525
13.7639
13.438
14.4861
13.9389
13.7999
13.2601
13.7188
13.18
13.792
13.988
13.6731
13.35
13.5529
13.118
13.8021
13.839
13.6859
14.2701
13.176
13.3829
13.5441
13.4451
13.51
13.7939
13.834
13.624
13.2949
13.54
13.4099
13.912
14.034
13.561
13.669
13.9339
13.1619
13.4101
13.52
13.3259
13.7169
13.7241
13.519
13.6721
13.5059
13.9759
13.5851
13.6161
13.541
13.7439
13.813
13.7241
13.263
13.402
13.541
13.36
13.6981
13.7451
13.7861
13.515
13.711
13.521
13.6368
13.586
13.5531
13.541
12.8949
13.6039
13.145
13.4871
13.3569
13.6471
13.5171
14.339
13.484
13.715
13.5441
13.418
13.803
14.1199
13.1791
13.505
13.624
13.5758
13.6521
13.3719
13.4459
13.3331
13.2611
13.782
13.531
13.458
13.783
14.204
13.7141
13.711
13.9101
13.773
13.8221
13.33
13.3872
13.3071
14.0779
13.787
13.6011
13.9461
13.5159
13.315
13.7231
13.3131
13.509
13.628
13.629
13.5021
13.397
13.4351
13.7022
13.972
13.9389
13.9639
13.8061
13.5932
13.7281
13.7789
13.562
13.9401
13.51
13.5949
13.418
13.284
13.895
13.4499
13.5829
13.4771
13.736
13.283
14.0831
13.6049
13.268
13.5019
13.6461
13.988
13.3789
13.3929
13.7
13.5911
13.2949
13.9551
13.483
13.6909
13.483
13.4451
13.8819
13.4418
14.0641
13.4192
13.901
13.185
13.741
13.653
14.1211
13.617
13.696
13.4859
13.3119
13.8021
13.639
13.85
14.6229
13.9251
14.1158
13.629
13.5701
14.025
13.4981
13.643
13.2029
13.4289
13.5171
13.643
13.3181
13.5128
13.4661
14.1318
13.5531
14.0409
13.3879
13.5369
13.747
13.3719
13.6471
13.31
13.5829
13.617
13.5798
13.4821
13.8152
13.8578
13.8209
13.7591
13.962
13.582
13.772
13.6781
13.046
13.2151
13.89
13.175
13.237
13.5159
13.5081
13.644
14.0061
13.725
13.1381
13.32
14.2419
13.6681
14.379
13.7849
14.1971
13.7379
14.046
13.7789
13.9081
13.6058
13.4811
13.6042
13.8559
13.561
14.034
13.2709
14.2071
13.9909
13.689
13.4158
13.6151
13.3529
14.209
13.5019
13.5081
13.412
13.5522
13.768
13.5338
13.7751
13.7529
13.0899
13.494
13.2461
14.1039
13.6969
13.5119
13.808
13.8829
13.5951
13.3309
13.8409
13.6421
14.281
13.4509
14.0581
13.4361
13.2639
13.237
13.4752
13.6001
13.4099
13.4242
13.4621
13.8421
13.804
13.4571
13.9999
13.629
13.68
14.3731
13.6859
14.3058
13.5281
13.5639
13.72
13.7339
13.7911
14.0131
13.8781
13.7479
13.433
13.875
13.433
13.963
13.272
13.5059
13.957
13.5
13.2411
13.4041
13.4969
13.5531
13.998
13.9391
13.2039
13.618
13.721
13.418
13.3779
13.782
13.2811
13.768
13.9029
13.5729
13.9821
13.371
13.7548
13.3121
13.803
13.3431
13.679
13.4618
13.9492
13.9551
13.495
14.4169
13.783
13.535
13.4318
13.9802
13.5889
13.3369
13.55
13.3579
13.33
14.096
13.411
13.5
13.412
13.4928
13.252
14.173
13.3798
13.4702
13.5648
13.9511
13.7599
13.741
13.634
13.377
13.8762
13.8328
13.85
14.519
13.123
13.8741
13.823
