201.685
185.1
185.282
185.729
185.978
186.491
186.455
186.699
186.689
186.002
186.447
186.508
186.533
185.872
186.094
186.071
185.733
186.05
185.706
185.673
185.637
185.799
185.565
185.375
185.553
185.531
185.13
184.985
185.259
185.01
184.981
185.058
185.03
184.849
184.912
184.815
184.726
184.664
184.413
184.414
184.319
184.585
184.165
184.421
184.223
184.782
184.681
184.369
184.444
184.623
184.588
184.293
184.2
184.348
184.349
184.885
184.595
184.453
184.455
184.184
184.26
184.758
184.364
184.631
184.448
184.225
184.821
184.785
184.713
184.271
184.203
184.477
184.205
184.474
184.379
184.571
184.573
184.649
184.688
184.521
184.683
184.632
184.552
184.631
184.449
184.289
184.512
184.712
184.383
184.167
184.319
184.231
184.769
184.361
184.225
184.736
184.557
184.403
184.273
184.328
