162.138
121.66
122.126
122.46
124.455
124.813
123.356
123.614
123.755
123.907
123.995
123.95
124.115
125.74
124.049
124.073
124.11
126.933
124.055
124.094
125.695
124.115
124.102
124.16
124.26
124.228
124.267
124.224
125.869
124.89
124.22
124.295
124.187
124.211
124.188
124.298
124.185
125.844
124.326
124.213
124.208
124.159
124.098
124.139
125.853
124.127
125.916
124.159
124.129
124.046
124.198
124.184
124.209
125.806
124.147
126.999
124.108
124.108
124.162
124.204
125.875
124.295
124.191
124.186
124.185
124.176
126.869
124.154
125.826
124.488
124.087
124.193
124.213
124.14
124.185
125.002
124.225
125.788
124.174
124.124
124.164
124.187
124.15
124.449
125.84
124.155
124.14
124.167
124.179
124.108
124.206
125.914
124.144
125.855
124.228
124.172
124.106
124.136
124.19
124.154
