8.59499
0.0641346
0.0269413
0.025034
0.0231266
0.0219345
0.0231266
0.0219345
0.0228882
0.0219345
0.0219345
0.0219345
0.0221729
0.0228882
0.0221729
0.0219345
0.0219345
0.0219345
0.0231266
0.0369549
0.0219345
0.0219345
0.0228882
0.0231266
0.0219345
0.0219345
0.0221729
0.0228882
0.0231266
0.0221729
0.0219345
0.0219345
0.0231266
0.0219345
0.0221729
0.0209808
0.0219345
0.0231266
0.0219345
0.0219345
0.0221729
0.0219345
0.0231266
0.0221729
0.0209808
0.0219345
0.0221729
0.0228882
0.0219345
0.0209808
0.0219345
0.0219345
0.0231266
0.0269413
0.0221729
0.0298023
0.0219345
0.0228882
0.0221729
0.0219345
0.0219345
0.0219345
0.0231266
0.0219345
0.0221729
0.0219345
0.0228882
0.0221729
0.0209808
0.0219345
0.0219345
0.0231266
0.0219345
0.0219345
0.0209808
0.0209808
0.0219345
0.0221729
0.0219345
0.0219345
0.0219345
0.0231266
0.0219345
0.0219345
0.0221729
0.0219345
0.0228882
0.0221729
0.0219345
0.0209808
0.0221729
0.0288486
0.0221729
0.0219345
0.0219345
0.0219345
0.0221729
0.0209808
0.0219345
0.0221729
0.0228882
0.0219345
0.0221729
0.0219345
0.0209808
0.0231266
0.0219345
0.0219345
0.0212193
0.0209808
0.0219345
0.0209808
0.0209808
0.0219345
0.0219345
0.0231266
0.0219345
0.0219345
0.0221729
0.0219345
0.0228882
0.0221729
0.0219345
0.0219345
0.0219345
0.0231266
0.025034
0.0269413
0.0221729
0.0228882
0.0219345
0.0209808
0.0209808
0.0221729
0.0231266
0.0209808
0.0209808
0.0221729
0.0219345
0.0219345
0.0219345
0.0219345
0.0219345
0.0221729
0.0228882
0.0219345
0.0219345
0.0209808
0.015974
0.0162125
0.015974
0.015974
0.0162125
0.0150204
0.0169277
0.015974
0.0150204
0.0150204
0.0162125
0.015974
0.015974
0.015974
0.015974
0.015974
0.015974
0.015974
0.015974
0.015974
0.015974
0.015974
0.0188351
0.015974
0.015974
0.0162125
0.0150204
0.015974
0.0162125
0.015974
0.015974
0.015974
0.0150204
0.015974
0.0162125
0.015974
0.015974
0.015974
0.0150204
0.015974
0.015974
0.015974
0.015974
0.0162125
0.015974
0.015974
0.015974
0.0150204
0.0150204
0.0171661
0.015974
0.0150204
0.0169277
0.015974
0.015974
0.015974
0.015974
0.015974
0.0150204
0.0169277
0.0162125
0.0150204
0.015974
0.015974
0.015974
0.015974
0.015974
0.015974
0.0150204
0.0171661
0.0150204
0.015974
0.015974
0.015974
0.015974
0.0209808
0.015974
0.015974
0.0162125
0.015974
0.015974
0.015974
0.015974
0.015974
0.015974
0.0150204
0.015974
0.0162125
0.015974
0.015974
0.015974
0.0150204
0.0150204
0.0171661
0.015974
0.0150204
0.015974
0.015974
0.015974
0.015974
0.015974
0.0150204
0.0162125
0.0169277
0.015974
0.0150204
0.015974
0.015974
0.015974
0.015974
0.0150204
0.0150204
0.015974
0.0169277
0.015974
0.0150204
0.015974
0.015974
0.0162125
0.015974
0.015974
0.015974
0.015974
0.015974
0.015974
0.0171661
0.015974
0.0200272
0.014782
0.015974
0.015974
0.0162125
0.015974
0.015974
0.015974
0.0150204
0.015974
0.0162125
0.0150204
0.015974
0.0162125
0.015974
0.015974
0.015974
0.015974
0.015974
0.0169277
0.014782
0.0150204
0.015974
0.0162125
0.015974
0.015974
0.0162125
0.015974
0.0150204
0.0171661
0.015974
0.0150204
0.0162125
0.015974
0.015974
0.0162125
0.0150204
0.015974
0.015974
0.015974
0.015974
0.0162125
0.0150204
0.0150204
0.0171661
0.015974
0.0150204
0.0162125
0.015974
0.0169277
0.0150204
0.015974
0.0209808
0.015974
0.0162125
0.015974
0.015974
0.0162125
0.015974
0.015974
0.014782
0.0150204
0.015974
0.0162125
0.0150204
0.015974
0.015974
0.015974
0.015974
0.0150204
0.015974
0.0178814
0.0150204
0.0171661
0.015974
0.0150204
0.0162125
0.015974
0.015974
0.015974
0.015974
0.015974
0.015974
0.015974
0.015974
0.015974
0.015974
0.015974
0.015974
0.0150204
0.0150204
0.015974
0.015974
0.0150204
0.015974
0.0162125
0.015974
0.015974
0.0162125
0.015974
0.015974
0.014782
0.0169277
0.015974
0.015974
0.0190735
0.015974
0.0171661
0.015974
0.0150204
0.014782
0.015974
0.0169277
0.015974
0.0150204
0.0150204
0.015974
0.015974
0.015974
0.015974
0.015974
0.015974
0.015974
0.015974
0.0150204
0.015974
0.015974
0.015974
0.015974
0.015974
0.0150204
0.0171661
0.015974
0.0150204
0.015974
0.015974
0.015974
0.015974
0.015974
0.015974
0.015974
0.0162125
0.015974
0.015974
0.0171661
0.014782
0.0169277
0.0150204
0.0162125
0.015974
0.015974
0.015974
0.015974
0.015974
0.015974
0.015974
0.0150204
0.0171661
0.015974
0.015974
0.015974
0.0162125
0.015974
0.015974
0.0150204
0.015974
0.015974
0.014782
0.0150204
0.0150204
0.0171661
0.0150204
0.015974
0.014782
0.0150204
0.0169277
0.0150204
0.015974
0.015974
0.0162125
0.015974
0.0150204
0.015974
0.015974
0.015974
0.015974
0.015974
0.0150204
0.0150204
0.0171661
0.015974
0.0150204
0.015974
0.015974
0.015974
0.015974
0.015974
0.015974
0.0162125
0.015974
0.0150204
0.0171661
0.015974
0.0150204
0.015974
0.015974
0.0150204
0.0162125
0.015974
0.015974
0.0200272
0.015974
0.015974
0.015974
0.015974
0.015974
0.015974
0.0171661
0.0171661
0.015974
0.0150204
0.015974
0.015974
0.015974
0.015974
0.015974
0.015974
0.0162125
0.015974
0.0150204
0.015974
0.0150204
0.0150204
0.0162125
0.0181198
0.0150204
0.015974
0.015974
0.0169277
0.015974
0.0150204
0.015974
0.015974
0.015974
0.0150204
0.0140667
0.0109673
0.0119209
0.0121593
0.0100136
0.0121593
0.0109673
0.0119209
0.0109673
0.0121593
0.0109673
0.0112057
0.0119209
0.0112057
0.0109673
0.0109673
0.0109673
0.0121593
0.0119209
0.0112057
0.0109673
0.0109673
0.0119209
0.0112057
0.0109673
0.0109673
0.0109673
0.0109673
0.0100136
0.0119209
0.0121593
0.0119209
0.0119209
0.0119209
0.0109673
0.0109673
0.0112057
0.0119209
0.0112057
0.0109673
0.0109673
0.0119209
0.0100136
0.0100136
0.0109673
0.013113
0.0109673
0.0109673
0.0109673
0.0112057
0.0109673
0.0109673
0.0109673
0.0100136
0.0109673
0.0109673
0.0112057
0.0109673
0.0109673
0.0109673
0.0119209
0.0109673
0.0109673
0.0112057
0.0109673
0.0119209
0.0121593
0.0109673
0.0119209
0.0119209
0.0112057
0.0119209
0.0112057
0.0109673
0.0109673
0.0119209
0.0109673
0.0109673
0.0109673
0.0109673
0.0119209
0.0119209
0.0109673
0.0119209
0.0109673
0.0109673
0.0109673
0.0109673
0.0109673
0.0121593
0.0119209
0.0112057
0.0109673
0.0109673
0.0119209
0.0109673
0.0109673
0.0109673
0.0109673
0.0119209
0.0121593
0.0119209
0.0112057
0.0119209
0.013113
0.0109673
0.0119209
0.0109673
0.0109673
0.0119209
0.0112057
0.0109673
0.0121593
0.0119209
0.0109673
0.0119209
0.0112057
0.0140667
0.0119209
0.0109673
0.0119209
0.0121593
0.0109673
0.0112057
0.0119209
0.0109673
0.0109673
0.0121593
0.0109673
0.013113
0.0109673
0.0121593
0.0109673
0.0112057
0.0119209
0.0109673
0.0109673
0.0109673
0.0109673
0.0109673
0.0112057
0.0109673
0.0121593
0.0109673
0.0112057
0.0109673
0.0109673
0.0109673
0.0119209
0.0112057
0.0109673
0.0109673
0.0109673
0.0119209
0.0109673
0.0109673
0.0109673
0.0109673
0.0121593
0.0109673
0.0121593
0.0119209
0.0109673
0.0109673
0.0119209
0.0109673
0.0109673
0.0109673
0.0119209
0.0121593
0.0109673
0.0112057
0.0119209
0.0109673
0.0109673
0.0109673
0.0109673
0.0119209
0.0109673
0.0109673
0.0121593
0.0109673
0.0121593
0.0109673
0.0109673
0.0109673
0.0109673
0.0119209
0.0109673
0.0119209
0.0109673
0.0112057
0.0119209
0.0121593
0.0109673
0.0109673
0.0119209
0.0109673
0.0109673
0.0112057
0.0109673
0.0109673
0.0119209
0.0109673
0.0109673
0.0109673
0.0109673
0.0109673
0.0112057
0.0109673
0.0109673
0.0109673
0.0109673
0.0109673
0.013113
0.0128746
0.0128746
0.0140667
0.013113
0.013113
0.0119209
0.0121593
0.0109673
0.0112057
0.0109673
0.0121593
0.0119209
0.0109673
0.0119209
0.0109673
0.0109673
0.0119209
0.0109673
0.0119209
0.0109673
0.0109673
0.0121593
0.0109673
0.0109673
0.0109673
0.0112057
0.0109673
0.0121593
0.0109673
0.0119209
0.0109673
0.0109673
0.0109673
0.0109673
0.0109673
0.0109673
0.0109673
0.0119209
0.0109673
0.0119209
0.0109673
0.0121593
0.0109673
0.0112057
0.0109673
0.0119209
0.0109673
0.0121593
0.0109673
0.0109673
0.0119209
0.0109673
0.0109673
0.0109673
0.0121593
0.0119209
0.0109673
0.0109673
0.0109673
0.0119209
0.0112057
0.0109673
0.0109673
0.0109673
0.0119209
0.0119209
0.0109673
0.0100136
0.0109673
0.0121593
0.0109673
0.0112057
0.0109673
0.0109673
0.0109673
0.0119209
0.0109673
0.0119209
0.0109673
0.0119209
0.0112057
0.0109673
0.0109673
0.0109673
0.0119209
0.0109673
0.0121593
0.0109673
0.0109673
0.0109673
0.0109673
0.0109673
0.0109673
0.0112057
0.0109673
0.0109673
0.0109673
0.0109673
0.0119209
0.0109673
0.0100136
0.0109673
0.0121593
0.0119209
0.0112057
0.0109673
0.0109673
0.0109673
0.0109673
0.0109673
0.0112057
0.0109673
0.0109673
0.0119209
0.0109673
0.0109673
0.0119209
0.0109673
0.0128746
0.0109673
0.0109673
0.0109673
0.0119209
0.0121593
0.0140667
0.0109673
0.0109673
0.0119209
0.0109673
0.0109673
0.0112057
0.0109673
0.0121593
0.0109673
0.0119209
0.0119209
0.0109673
0.0121593
0.0119209
0.0109673
0.0109673
0.0112057
0.0119209
0.0112057
0.0109673
0.0109673
0.0119209
0.0109673
0.0109673
0.0109673
0.0109673
0.0119209
0.0109673
0.0109673
0.0112057
0.0109673
0.0121593
0.0119209
0.0109673
0.0109673
0.0112057
0.0119209
0.0109673
0.0109673
0.0109673
0.0109673
0.0119209
0.0109673
0.0109673
0.0109673
0.0109673
0.0112057
0.0119209
0.0109673
0.0109673
0.0109673
0.0119209
0.0109673
0.0109673
0.0119209
0.0109673
0.0119209
0.0121593
0.0109673
0.0112057
0.0109673
0.0121593
0.0109673
0.0112057
0.0119209
0.0121593
0.0109673
0.0109673
0.0109673
0.0109673
0.0121593
0.0119209
0.0109673
0.0109673
0.0121593
0.0119209
0.0112057
0.0128746
0.0109673
0.0109673
0.0121593
0.0109673
0.0112057
0.0109673
0.0109673
0.0119209
0.0119209
0.0109673
0.0119209
0.0109673
0.0109673
0.0121593
0.0109673
0.0112057
0.0109673
0.0121593
0.0109673
0.0109673
0.0119209
0.0109673
0.0109673
0.0119209
0.0109673
0.0109673
0.0109673
0.0109673
0.0112057
0.0109673
0.0109673
0.0109673
0.0121593
0.0109673
0.0109673
0.0109673
0.0119209
0.0109673
0.0109673
0.0121593
0.0109673
0.0109673
0.0119209
0.0112057
0.0109673
0.0109673
0.0109673
0.0119209
0.0119209
0.0109673
0.0109673
0.0109673
0.0109673
0.0119209
0.0109673
0.0109673
0.0109673
0.0109673
0.0112057
0.0109673
0.0109673
0.0109673
