13.9539
7.59006
7.58505
7.581
7.59196
7.58696
7.58219
7.58696
7.5798
7.586
7.57599
7.5841
7.57909
7.58815
7.58195
7.58815
7.5841
7.58195
7.59101
7.581
7.58505
7.58696
7.58791
7.5798
7.57694
7.57599
7.57694
7.26914
4.92716
4.92287
4.92191
4.92716
4.93097
4.92907
4.92597
4.92191
4.92883
4.92597
4.93908
4.92907
4.93503
4.93002
4.92716
4.92787
4.93002
4.92096
4.92692
4.92191
4.92191
4.93312
4.92716
4.92406
4.93002
4.93097
4.92501
4.93693
4.93097
4.93312
4.92406
4.93002
4.92406
4.92477
4.92597
4.93002
4.92811
4.92716
4.92406
4.93312
4.92501
4.92811
4.92811
4.93002
4.92501
4.9262
4.92883
4.92597
4.93503
4.93884
4.93193
4.92716
4.92501
4.93097
4.92287
4.92501
4.92811
4.92787
4.92191
4.92907
4.92907
4.92692
4.93002
4.92811
4.93717
4.92692
4.93121
4.92692
4.93217
4.92001
4.92406
4.93193
4.92692
4.93002
4.92692
4.92597
4.92692
4.92787
4.92716
4.92692
4.92597
4.93407
4.93193
4.92883
4.92597
4.93002
4.92787
4.92883
4.92692
4.93312
4.92692
4.93288
4.93288
4.92907
4.92716
4.92811
4.93503
4.93002
4.93121
4.92501
4.92811
4.92883
4.92883
4.93097
4.92907
4.93503
4.92215
4.92597
4.92978
4.92501
4.92907
4.92692
4.93407
4.92883
4.92787
4.92692
4.93217
4.93002
4.93598
4.93002
4.93693
4.93097
4.92597
4.92287
4.93217
4.92811
4.93598
4.92811
4.92501
4.93097
4.92692
4.92692
4.92215
4.92406
4.93217
4.93097
4.92001
4.93193
4.92191
4.92907
4.92716
4.93217
4.92406
4.93407
4.92501
4.93407
4.92406
4.93002
4.92907
4.93193
4.92883
4.93193
4.92311
4.92597
4.93097
4.92501
4.92716
4.92692
4.93288
4.93217
4.93312
4.92692
4.93002
4.92287
4.92787
4.93383
4.92692
4.93121
4.93002
4.92597
4.92978
4.92907
4.92787
4.92191
4.92907
4.92382
4.92597
4.92907
4.93097
4.93193
4.92716
4.92787
4.92692
4.92311
4.92597
4.93002
4.92597
4.92406
4.93407
4.92811
4.93217
4.92406
4.93097
4.92597
4.92406
4.93002
4.92597
4.92692
4.9262
4.93193
4.9262
4.92597
4.93717
4.93002
4.93217
4.93097
4.93193
4.92907
4.93121
4.92907
4.93503
4.93097
4.93002
4.93193
4.93002
4.92787
4.92096
4.92716
4.93193
4.92811
4.92907
4.93002
4.92716
4.92907
4.92692
4.93288
4.92597
4.93383
4.92883
4.92787
4.92597
4.93002
4.93908
4.93002
4.92907
4.93097
4.93312
4.92907
4.92287
4.9262
4.94099
4.92811
4.93503
4.92907
4.92692
4.93002
4.92907
4.92692
4.92692
4.92501
4.93097
4.93312
4.92907
4.93312
4.93193
4.92501
4.93097
4.92406
4.92907
4.92811
4.93288
4.92883
4.92787
4.92978
4.92501
4.92716
4.93193
4.93407
4.92811
4.92907
4.92406
4.9262
4.92811
4.93002
4.92811
4.92406
4.92692
4.92907
4.92692
4.92406
4.9262
4.92787
4.92787
4.93288
4.92811
4.9262
4.93097
4.92907
4.92406
4.93002
4.93193
4.94218
4.92692
4.92787
4.92501
4.92501
4.92811
4.92811
4.92501
4.93217
4.92692
4.92406
4.92883
4.92787
4.93097
4.93503
4.93002
4.92692
4.93217
4.92692
4.92883
4.93789
4.92883
4.92692
4.92597
4.93097
4.93097
4.92787
4.92883
4.93503
4.93503
4.92597
4.9262
4.92191
4.93193
4.92907
4.92811
4.92716
4.92597
4.93503
4.92597
4.93097
4.92311
4.92501
4.93121
4.93503
4.93193
4.92501
4.93002
4.92692
4.93884
4.92787
4.92716
4.92597
4.93097
4.93097
4.93693
4.92597
4.93193
4.93002
4.92597
4.92406
4.92597
4.93193
4.92311
4.93193
4.93002
4.92692
4.92811
4.92716
4.93097
4.92811
4.93598
4.93503
4.92597
4.93121
4.92811
4.92907
4.92406
4.93288
4.92692
4.93217
4.92811
4.93407
4.92811
4.92501
4.93312
4.92811
4.92907
4.93312
4.92811
4.92597
4.92501
4.93002
4.92501
4.93288
4.92907
4.92787
4.93407
4.92883
4.92692
4.92907
4.92907
4.92907
4.92597
4.92406
4.93312
4.92811
4.93097
4.92811
4.92811
4.93193
4.92501
4.92597
4.93383
4.93407
4.94194
4.92787
4.92907
4.92787
4.92907
4.92597
4.92907
4.92716
4.92907
4.93288
4.92787
4.92716
4.92692
4.93288
4.93813
4.92907
4.93097
4.92477
4.93908
4.92907
4.93002
4.92311
4.93193
4.92907
4.92382
4.93312
4.93097
4.92382
4.93193
4.92811
4.92406
4.93503
4.93598
4.9262
4.93288
4.93598
4.92716
4.92597
4.93002
4.93312
4.92406
4.9262
4.92692
4.92716
4.93598
4.92907
4.93407
4.92692
4.93598
4.92311
4.92787
4.92597
4.93503
4.92811
4.92406
4.92907
4.93002
4.93002
4.92215
4.93193
4.93097
4.92406
4.92191
4.92907
4.93002
4.93693
4.92883
4.92787
4.92501
4.92096
4.92907
4.92692
4.93097
4.93383
4.93193
4.93002
4.93717
4.93193
4.92311
4.93407
4.93312
4.92883
4.92787
4.92883
4.93002
4.92597
4.93217
4.92907
4.92501
4.92406
4.93598
4.92787
4.92597
4.93002
4.92716
4.92787
4.92907
4.93097
4.93121
4.93002
4.92692
4.93288
4.93288
4.93217
4.92597
4.93312
4.93097
4.93002
4.92787
4.92907
4.93097
4.93312
4.92811
4.93407
4.92907
4.92692
4.92883
4.93193
4.9262
4.92501
4.92811
4.93002
4.92811
4.92907
4.92811
4.93717
4.92787
4.93002
4.93193
4.92287
4.92787
4.93002
4.92597
4.93312
4.92311
4.92692
4.93002
4.93002
4.93002
4.93097
4.92787
4.92787
4.92907
4.92716
4.92787
4.93097
4.92597
4.93002
4.92907
4.93693
4.93789
4.93097
4.92907
4.92692
4.92597
4.93598
4.92477
4.93288
4.92883
4.92597
4.92406
4.93002
4.93503
4.93002
4.92692
4.92692
4.93407
4.93288
4.93717
4.93407
4.92597
4.92501
4.93407
4.93097
4.92406
4.92907
4.92883
4.93002
4.92501
4.93002
4.92787
4.93097
4.93097
4.92501
4.93217
4.93312
4.94003
4.92692
4.92787
4.92406
4.92883
4.92692
4.92215
4.92907
4.92692
4.92287
4.92787
4.92406
4.92907
4.92597
4.93121
4.93288
4.92692
4.92811
4.93407
4.92811
4.92716
4.93288
4.93002
4.92692
4.92597
4.92597
4.93002
4.92978
4.93002
4.92692
4.92811
4.93097
4.93002
4.92907
4.92597
4.92501
4.92692
4.92883
4.92597
4.93193
4.93002
4.93002
4.92597
4.92692
4.92811
4.93503
4.93097
4.93097
4.92692
4.92883
4.92287
4.94003
4.93097
4.92597
4.93002
4.93193
4.92215
4.92811
4.92811
4.92692
4.93002
4.93193
4.92907
4.92501
4.93002
4.92382
4.93288
4.93407
4.92501
4.93288
4.93121
4.92787
4.93288
4.93288
4.93217
4.92907
4.92811
4.92597
4.93193
4.93312
4.92811
4.92191
4.92787
4.93002
4.92597
4.92907
4.93121
4.92597
4.93217
4.93407
4.93002
4.93002
4.93121
4.93097
4.92811
4.92501
4.92692
4.93693
4.92597
4.92311
4.92811
4.92406
4.93193
4.92883
4.93693
4.92716
4.93193
4.93121
4.92597
4.93097
4.92787
4.92907
4.92287
4.92883
4.93002
4.93407
4.92597
4.93002
4.92001
4.92883
4.93193
4.93312
4.93193
4.92692
4.92787
4.92716
4.92907
4.93002
4.92907
4.92907
4.92716
4.93002
4.93217
4.92907
4.92597
4.92597
4.92907
4.93193
4.93217
4.93503
4.93097
4.92787
4.9262
4.92907
4.92692
4.92406
4.92907
4.92907
4.92907
4.92215
4.92501
4.92287
4.93097
4.92382
4.93097
4.93097
4.92787
4.93598
4.94099
4.92692
4.93121
4.92597
4.92907
4.92311
4.92096
4.93503
4.92907
4.93312
4.92406
4.93813
4.92907
4.92406
4.93193
4.92597
4.92287
4.92692
4.92883
4.93193
4.92811
4.92716
4.92907
4.92787
4.92501
4.92787
4.92978
4.93288
4.92978
4.93097
4.92787
4.92692
4.93217
4.92406
4.92501
4.92311
4.93503
4.92406
4.93193
4.93193
4.92406
4.92716
4.92787
4.92597
4.93097
4.92191
4.92287
4.92406
4.92811
4.93312
4.92501
4.93121
4.92787
4.93002
4.93097
4.93312
4.92811
4.93097
4.92287
4.92811
4.93503
4.93217
4.92501
4.92501
4.93503
4.92692
4.92811
4.92406
4.92001
4.93097
4.93002
4.92787
4.92406
4.92978
4.92907
4.93598
4.92811
4.92692
4.93479
4.93002
4.92406
4.92692
4.93312
4.93097
4.92191
4.93193
4.93383
4.93097
4.92811
4.92311
4.92692
4.9262
4.93097
4.92907
4.94003
4.92311
4.9262
4.93097
4.93002
4.92597
4.93407
4.93503
4.92907
4.92811
4.92716
4.92907
4.93193
4.92883
4.93789
4.92716
4.93908
4.93288
4.92716
4.93097
4.93598
4.92883
4.92501
4.92597
4.92692
4.92716
4.92907
4.93002
4.92215
4.92907
4.92501
4.92787
4.93097
4.93002
4.92692
4.92692
4.92311
4.92811
4.92811
4.92501
4.92811
4.92597
4.92787
4.92382
4.93097
4.92692
4.92692
4.93407
4.93121
4.92501
4.92811
4.92907
4.92907
4.94099
4.92597
4.92907
4.93193
4.92501
4.93193
4.92692
4.92907
4.93097
4.93121
4.92907
4.92692
4.93002
4.93288
4.92811
4.92907
4.92811
4.92311
4.93288
4.92883
4.92787
4.92287
4.93002
4.93097
4.92907
4.92382
4.92692
4.93097
4.93097
4.92406
4.92692
4.92787
4.93288
4.93193
4.93097
4.93193
4.92907
4.93002
4.92716
4.93288
4.92692
4.92811
4.92406
4.9262
4.92907
4.92501
4.92811
4.93407
4.93288
4.92787
4.93217
4.93097
4.93193
4.92883
4.93407
4.93503
4.92907
4.92597
4.92883
4.93097
4.92597
4.92787
4.92477
4.92382
4.93407
4.93598
4.93407
4.92311
4.92907
4.93002
4.93407
4.92716
4.93097
4.93002
4.93193
