6.27995
6.21414
6.23107
6.28591
6.34313
6.16598
6.19292
6.31404
6.356
6.18601
6.19006
6.18792
6.25801
6.19817
6.19292
6.20294
6.28495
6.22916
6.23012
6.20484
6.26397
6.14095
6.30593
6.14691
6.25014
6.16884
6.20604
6.29187
6.20103
6.39296
6.23393
6.26397
6.1872
6.20604
6.14905
6.33097
6.181
6.27303
6.18815
6.23012
6.217
6.31905
6.21605
6.20914
6.24609
6.19912
6.2089
6.18315
6.22106
6.22988
6.16908
6.25992
6.22082
6.23608
6.21891
6.33693
6.18196
6.23298
6.13189
6.24204
6.2499
6.2561
6.26302
6.36005
6.22988
6.12187
6.31809
6.181
6.16097
6.21104
6.1779
6.18386
6.21915
6.24013
6.18696
6.22296
6.24394
6.26493
6.23298
6.27899
6.27494
6.19388
6.30212
6.14405
6.25491
6.27995
6.25515
6.15788
6.15311
6.24704
6.29497
6.22797
6.18386
6.20794
6.22606
6.22296
6.23202
6.25086
6.19912
6.17003
6.23417
6.23012
6.18911
6.27804
6.21009
6.2809
6.20008
6.2809
6.15096
6.23393
6.21104
6.25801
6.20914
6.24299
6.24609
6.25896
6.18196
6.17599
6.23512
6.17099
6.253
6.34694
6.18792
6.20699
6.22797
6.29616
6.38604
6.25706
6.21891
6.33788
6.18315
6.217
6.15501
6.21009
6.23202
6.248
6.27708
6.19006
6.20413
6.39892
6.25706
6.20604
6.253
6.15811
6.23012
6.253
6.26111
6.248
6.20508
6.19292
6.217
6.22702
6.19817
6.23584
6.17599
6.28304
6.34599
6.2232
6.33001
6.18315
6.30283
6.30903
6.284
6.20794
6.2778
6.30498
6.23894
6.23298
6.13809
6.212
6.33407
6.3889
6.26206
6.20508
6.18196
6.27303
6.24204
6.15597
6.19197
6.23798
6.22201
6.28686
6.2201
6.22106
6.23989
6.24108
6.29091
6.20985
6.26707
6.17695
6.30999
6.23107
6.2499
6.24204
6.16288
6.22606
6.28304
6.20008
6.28519
6.26707
6.22606
6.27708
6.22892
6.2089
6.34909
6.23798
6.18196
6.22606
6.15096
6.23703
6.27518
6.20699
6.25706
6.22296
6.27804
6.24514
6.25682
6.22201
6.19888
6.21796
6.25801
6.21104
6.17504
6.2139
6.19316
6.2232
6.24418
6.25706
6.20198
6.33287
6.15597
6.24299
6.17504
6.31785
6.27303
6.25491
6.13284
6.17909
6.15382
6.20794
6.27613
6.25086
6.3169
6.34813
6.37102
6.19102
6.25896
6.23894
6.24585
6.24895
6.21891
6.18601
6.26802
6.27303
6.23512
6.30689
6.27398
6.24299
6.27184
6.29091
6.24013
6.31404
6.31309
6.27422
6.18005
6.19006
6.17385
6.18505
6.16193
6.24204
6.19197
6.145
6.18315
6.27995
6.19602
6.32501
6.16908
6.28591
6.248
6.16789
6.212
6.21104
6.24013
6.22797
6.18696
6.18601
6.25896
6.22487
6.217
6.16598
6.23989
6.21986
6.23703
6.284
6.21796
6.20198
6.22606
6.20699
6.27494
6.16503
6.284
6.26302
6.24299
6.24704
6.17099
6.19602
6.17599
6.2511
6.20389
6.16097
6.26087
6.29401
6.17003
6.29497
6.27184
6.29306
6.22201
6.1729
6.2139
6.2201
6.25014
6.19698
6.1729
6.20389
6.284
6.22296
6.22702
6.22988
6.23703
6.1779
6.2151
6.21915
6.1698
6.21414
6.16503
6.18696
6.2499
6.29091
6.20508
6.26802
6.25205
6.24895
6.15788
6.21796
6.20794
6.33097
6.36292
6.18601
6.25086
6.42109
6.35505
6.20604
6.2139
6.2921
6.15883
6.181
6.23703
6.31189
6.25992
6.14309
6.13499
6.19888
6.22606
6.24895
6.32596
6.23417
6.30093
6.19006
6.16693
6.25181
6.23107
6.23989
6.22606
6.19006
6.27089
6.2201
6.19388
6.17099
6.35099
6.23584
6.16193
6.24013
6.20008
6.27089
6.19912
6.20818
6.18315
6.21891
6.27899
6.19197
6.15692
6.23584
6.26206
6.284
6.14023
6.22106
6.22916
6.27184
6.25992
6.21414
6.19507
6.18887
6.23703
6.21009
6.23417
6.1388
6.18601
6.248
6.34003
6.31499
6.17719
6.19507
6.35886
6.29616
6.24609
6.20604
6.18291
6.2809
6.2449
6.19698
6.15907
6.24585
6.22511
6.24895
6.19602
6.26516
6.26802
6.30713
6.31094
6.34503
6.27995
6.24204
6.30903
6.20389
6.15907
6.253
6.18696
6.18601
6.22582
6.25706
6.22296
6.21796
6.24204
6.284
6.2871
6.11806
6.25706
6.32095
6.25086
6.19602
6.20794
6.2449
6.23202
6.22296
6.25801
6.29687
6.25706
6.18005
6.2089
6.32596
6.20294
6.16598
6.25491
6.31285
6.20914
6.41513
6.40988
6.20508
6.19698
6.21414
6.32095
6.27685
6.26612
6.28304
6.25896
6.26397
6.21486
6.22892
6.26493
6.24895
6.30212
6.23107
6.27804
6.16503
6.253
6.25801
6.21891
6.28495
6.27089
6.17099
6.25515
6.20794
6.30498
6.26206
6.27804
6.26087
6.20604
6.17099
6.24585
6.37889
