7.07388
5.40709
5.37992
5.41711
5.36203
5.40996
5.40495
5.41902
5.39494
5.37896
5.42498
5.4059
5.38898
5.40185
5.38397
5.41782
5.40495
5.42307
5.37395
5.37586
5.37801
5.42784
5.39207
5.42998
5.47791
5.40185
5.37896
5.38492
5.38111
5.39088
5.38707
5.38111
5.38087
5.37705
5.373
5.40113
5.40018
5.38993
5.38301
5.38707
5.38206
5.41282
5.39804
5.38802
5.42879
5.40113
5.43308
5.41496
5.38397
5.40304
5.41711
5.39184
5.37801
5.39804
5.38301
5.38898
5.40495
5.373
5.39494
5.4009
5.41401
5.4059
5.409
5.39684
5.39303
5.40805
5.39517
5.3761
5.42593
5.39303
5.41401
5.3761
5.37586
5.39398
5.45406
5.409
5.42402
5.39899
5.42188
5.42092
5.38301
5.43404
5.41615
5.41592
5.373
5.37705
5.41496
5.445
5.38421
5.40519
5.409
5.38898
5.41806
5.409
5.44095
5.38301
5.46193
5.37181
5.404
5.40495
5.39899
5.38206
5.39207
5.42092
5.404
5.44
5.40495
5.37491
5.4009
5.38087
5.39017
5.38206
5.39684
5.37515
5.38015
5.40185
5.4121
5.41902
5.39494
5.39708
5.40614
5.43284
5.41091
5.37992
5.36704
5.38301
5.3618
5.38111
5.38683
5.41496
5.38397
5.39398
5.43594
5.44691
5.40996
5.38898
5.39207
5.38301
5.38301
5.39589
5.39589
5.44715
5.37801
5.38397
5.39804
5.4009
5.37801
5.43189
5.38993
5.38087
5.39804
5.40805
5.4369
5.40686
5.43213
5.39613
5.42498
5.38278
5.42808
5.39184
5.38301
5.37896
5.39494
5.445
5.38087
5.39804
5.4009
5.409
5.37896
5.39303
5.38301
5.41306
5.37992
5.38707
5.404
5.40495
5.39303
5.39589
5.44095
5.40209
5.41687
5.39804
5.38611
5.40686
5.42712
5.4121
5.41401
5.38301
5.44906
5.39494
5.42116
5.37515
5.36704
5.44
5.38707
5.37801
5.37205
5.37705
5.38707
5.38301
5.38611
5.404
5.42903
5.38301
5.39494
5.38182
5.42903
5.38492
5.39994
5.42712
5.38921
5.39398
5.40996
5.37896
5.40495
5.4009
5.38802
5.41306
5.38802
5.41592
5.42498
5.38898
5.37395
5.38397
5.39112
5.38301
5.38397
5.39994
5.41902
5.38588
5.38301
5.39589
5.40805
5.409
5.38301
5.409
5.44596
5.45096
5.39088
5.38993
5.40209
5.409
5.39708
5.38802
5.37682
5.41496
5.409
5.41306
5.3978
5.404
5.373
5.43499
5.39398
5.38802
5.41902
5.404
5.4121
5.38015
5.41496
5.40018
5.38111
5.39589
5.39494
5.39398
5.40304
5.39494
5.41496
5.42283
5.39207
5.42092
5.46503
5.41615
5.38301
5.38921
5.39708
5.39899
5.40495
5.38588
5.38588
5.40209
5.41496
5.38588
5.40209
5.37395
5.38087
5.38707
5.38421
5.37896
5.43594
5.39613
5.43022
5.38111
5.41902
5.42116
5.42116
5.36585
5.37896
5.40996
5.37205
5.42808
5.41687
5.41615
5.39184
5.38516
5.37515
5.40304
5.39303
5.38397
5.39494
5.39994
5.39613
5.409
5.37491
5.40996
5.4059
5.3761
5.38802
5.39613
5.4338
5.38015
5.40018
5.39398
5.43308
5.38683
5.41091
5.40996
5.39708
5.37801
5.44
5.38492
5.38898
5.39398
5.39708
5.36704
5.44
5.46098
5.38683
5.39112
5.36919
5.38301
5.38611
5.3761
5.38397
5.39804
5.39494
5.38588
5.39708
5.38397
5.38015
5.3761
5.43594
5.39207
5.37515
5.41496
5.38182
5.38802
5.39684
5.39303
5.39899
5.41282
5.40209
5.41615
5.42784
5.39207
5.39708
5.37992
5.39303
5.39994
5.4419
5.39088
5.38397
5.38015
5.373
5.44119
5.38492
5.404
5.42021
5.4388
5.38993
5.38397
5.41306
5.42188
5.39398
5.38492
5.40209
5.39899
5.40113
5.37682
5.38802
5.38397
5.45216
5.41186
5.39494
5.41711
5.39303
5.40805
5.43499
5.38778
5.42212
5.39494
5.41592
5.40495
5.39684
5.38206
5.37395
5.39184
5.38397
5.38301
5.42092
5.38898
5.42712
5.37205
5.38301
5.41902
5.40304
5.40304
5.39684
5.37705
5.38206
5.42808
5.41592
5.39684
5.39804
5.39184
5.38898
5.4009
5.42998
5.48601
5.41592
5.39303
5.42212
5.41902
5.40113
5.41115
5.40686
5.39994
5.42903
5.404
5.41019
5.39112
5.41782
5.40805
5.39184
5.38015
5.41401
5.43213
5.39017
5.409
5.40113
5.39398
5.38301
5.41091
5.38707
5.45001
5.41997
5.36895
5.38301
5.445
5.39804
5.44
5.39207
5.409
5.43785
5.43189
5.37896
5.40209
5.40686
5.40304
5.37896
5.42498
5.38111
5.41496
5.41496
5.40805
5.37395
5.39088
5.42307
5.40614
5.4009
5.36799
5.42307
5.37491
5.42307
5.43094
5.41997
5.4419
5.373
5.40686
5.38087
5.39303
5.40304
5.41091
5.38898
5.40185
5.39303
5.44596
5.41401
5.41496
5.40209
5.42092
5.41306
5.39613
5.37205
5.38707
5.43308
5.39684
5.39613
5.4009
5.41496
5.36489
5.40209
5.41902
5.38492
5.42188
5.38707
5.37682
5.39398
5.42593
5.38087
5.409
5.38993
5.42092
5.43094
5.39207
5.39207
5.37109
5.37109
5.36799
5.38588
5.38707
5.39303
5.43213
5.40495
5.42188
5.409
5.409
5.41902
5.40209
5.39517
5.38397
5.39112
5.43284
5.4121
5.38015
5.4462
5.41401
5.43714
5.39804
5.4009
5.39613
5.41806
5.43904
5.39398
5.44691
5.37801
5.42498
5.39398
5.41019
5.39303
5.38993
5.40304
5.38301
5.38301
5.38492
5.41115
5.38206
5.41496
5.43094
5.44381
5.42402
5.39994
5.36799
5.39994
5.38707
5.41401
5.41902
5.36919
5.38707
5.38588
5.39303
5.41401
5.40709
5.38611
5.39589
5.39494
5.38802
5.39684
5.37896
5.37705
5.4431
5.42808
5.42116
5.37395
5.39589
5.38206
5.43499
5.40209
5.41401
5.40519
5.40209
5.409
5.4009
5.38898
5.38397
5.39994
5.41997
5.404
5.40304
5.37205
5.38707
5.40495
5.37491
5.43404
5.42903
5.42498
5.46098
5.40709
5.40018
5.38707
5.4009
5.38611
5.42116
5.4369
5.40996
5.409
5.40709
5.39899
5.41687
5.38611
5.44596
5.42116
5.3792
5.3761
5.39303
5.37705
5.38802
5.39684
5.4419
5.44596
5.40209
5.40113
5.39994
5.38397
5.4121
5.3792
5.40495
5.41282
5.38898
5.38707
5.39899
5.38516
5.39088
5.39589
5.42712
5.373
5.38301
5.41401
5.43499
5.39899
5.41306
5.42593
5.39398
5.38206
5.39899
5.40495
5.39112
5.39517
5.40495
5.4009
5.46813
5.36108
5.38301
5.39804
5.38278
5.38611
5.37896
5.3761
5.39517
5.38015
5.39184
5.39494
5.39398
5.404
5.41091
5.39494
5.38397
5.42712
5.39804
5.39708
5.41615
5.37896
5.38802
5.40209
5.38111
5.38898
5.39899
5.40614
5.38087
5.40495
5.38206
5.4369
5.38301
5.38898
5.39279
5.40113
5.38015
5.4059
5.47099
5.39804
5.45812
5.41687
5.42402
5.43904
5.40185
5.41806
5.41687
5.39303
5.42688
5.37801
5.40781
5.39994
5.39303
5.38993
5.36489
5.38206
5.38182
5.37395
5.47194
5.40209
5.38707
5.40686
5.40996
5.40209
5.41115
5.36799
5.42712
5.38588
5.4059
5.39613
5.37682
5.39899
5.46789
5.38611
5.40614
5.38802
5.41592
5.44
5.4009
5.39708
5.37515
5.38421
5.3792
5.42378
5.38611
5.39684
5.40996
5.41997
5.41401
5.37992
5.41687
5.36489
5.49698
5.409
5.40185
5.38802
5.37705
5.40614
5.41687
5.37801
5.42879
5.40113
5.45216
5.40018
5.38397
5.38492
5.38802
5.40519
5.39804
5.41615
5.42498
5.38111
5.41592
5.40996
5.4059
5.43094
5.38397
5.37801
5.40304
5.39112
5.44381
5.39613
5.41186
5.38802
5.42498
5.46718
5.37777
5.43213
5.39589
5.404
5.43404
5.43213
5.38898
5.37205
5.41306
5.40781
5.42212
5.39422
5.38278
5.39708
5.37705
5.37896
5.40686
5.42188
5.39684
5.42498
5.404
5.43404
5.38278
5.37705
5.39398
5.39303
5.38397
5.45907
5.42402
5.42498
5.39517
5.42092
5.37491
5.39708
5.39994
5.42498
5.40614
5.39517
5.43714
5.44
5.42617
5.38111
5.39398
5.38492
5.40996
5.39899
5.39589
5.42903
5.37515
5.404
5.38898
5.39398
5.43714
5.40614
5.38516
5.38993
5.404
5.38516
5.38898
5.39398
5.44596
5.4121
5.40805
5.4419
5.42092
5.38707
5.38898
5.43499
5.409
5.38301
5.37586
5.40495
5.39804
5.38087
5.38802
5.35083
5.37801
5.38802
5.40996
5.42688
5.40686
5.37395
5.37109
5.43094
5.38397
5.38898
5.38301
5.37896
5.38397
5.42998
5.36895
5.41091
5.38588
5.38111
5.40614
5.41019
5.42212
5.37992
5.41306
5.38397
5.38802
5.42498
5.373
5.42188
5.38397
5.46598
5.36704
5.40805
5.43308
5.42498
5.38588
5.3761
5.40304
5.373
5.38087
5.39398
5.39088
5.39804
5.38301
5.41782
5.39804
5.37896
5.42688
5.37491
5.38206
5.41186
5.41997
5.3699
5.38492
5.39494
5.38898
5.39112
5.40209
5.41687
5.43404
5.37682
5.37705
5.4152
5.42116
5.39112
5.41782
5.39994
5.38397
5.38898
5.38707
5.38802
5.404
5.37205
5.39494
5.4009
5.42998
5.37992
5.38492
5.39994
5.4009
5.38111
5.40709
5.43094
5.37705
5.40686
5.38993
5.41091
5.46002
5.37801
5.38588
5.37205
5.40185
5.43404
5.37515
5.4419
5.46598
5.37896
5.39112
5.38588
5.39398
5.44
5.37491
5.38683
5.38206
5.39398
5.38206
5.39899
5.4481
5.41306
5.37086
5.39207
5.40495
5.43094
5.41306
5.36609
5.35893
5.39088
5.38993
5.38301
5.39494
5.38588
5.44095
5.4481
5.37682
5.41615
5.45907
5.43714
5.40495
5.39184
5.42212
