10.0598
9.85312
9.84502
9.84192
9.83715
9.83214
9.8331
9.84311
9.85217
9.83691
9.83
9.84693
9.83906
9.83715
9.83906
9.85289
9.83787
9.83286
9.84097
9.84907
9.84192
9.85718
9.83286
9.83095
9.84502
9.84383
9.83596
9.84097
9.84883
9.85003
9.82809
9.83691
9.84311
9.83596
9.84097
9.85098
9.84097
9.84001
9.84383
9.83882
9.84502
9.82785
9.84502
9.85003
9.83906
9.82881
9.82594
9.8331
9.84192
9.83381
9.83191
9.85003
9.85098
9.8381
9.84216
9.82809
9.84716
9.84502
9.85599
9.8381
9.8629
9.83596
9.83286
9.82904
9.8331
9.82594
9.835
9.84406
9.83095
9.83715
9.84097
9.84311
9.83715
9.835
9.83906
9.84287
9.83191
9.84192
9.8412
9.82904
9.8381
9.835
9.83691
9.83715
9.83214
9.83405
9.83787
9.83191
9.84812
9.85193
9.85217
9.8412
9.83906
9.8362
9.83906
9.82094
9.83286
9.82499
9.83596
9.84907
9.83119
9.84693
9.8331
9.83906
9.84287
9.83405
9.84192
9.83906
9.835
9.835
9.83
9.82881
9.84502
9.83381
9.82904
9.84406
9.83787
9.84812
9.83
9.85694
9.84311
9.8381
9.83715
9.83882
9.8331
9.83191
9.83596
9.835
9.83596
9.84097
9.83596
9.84097
9.84406
9.83119
9.82714
9.84001
9.84502
9.84907
9.83906
9.8412
9.84788
9.83596
9.84597
9.85193
9.83882
9.83191
9.82404
9.83691
9.83
9.83214
9.85098
9.83286
9.84693
9.83906
9.85289
9.68909
9.8412
9.82499
9.83787
9.84097
9.8269
9.82594
9.8331
9.83906
9.83787
9.83882
9.84097
9.84597
9.84097
9.83906
9.84097
9.84478
9.85599
9.84788
9.84788
9.82499
9.83477
9.84502
9.83119
9.84097
9.83691
9.84311
9.83906
9.84097
9.83787
9.84907
9.83119
9.84907
9.85599
9.83787
9.83906
9.84597
9.83715
9.84216
9.84907
9.83977
9.84192
9.83405
9.84311
9.83405
9.84597
9.83214
9.84406
9.84311
9.83596
9.84597
9.83596
9.84502
9.85003
9.82499
9.8381
9.85098
9.83787
9.85193
9.84097
9.84597
9.84287
9.83906
9.85312
9.84502
9.835
9.85503
9.84383
9.83906
9.83405
9.83691
9.84192
9.84502
9.83214
9.84097
9.84597
9.84693
9.83405
9.84907
9.84287
9.85599
9.83286
9.83191
9.85289
9.84192
9.84001
9.83095
9.83119
9.84287
9.83906
9.8331
9.84097
9.83405
9.84001
9.8331
9.82785
9.84478
9.83191
9.84383
9.83
9.84311
9.83906
9.84001
9.84097
9.83095
9.83596
9.85122
9.835
9.84311
9.84001
9.82809
9.835
9.82308
9.835
9.84097
9.84883
9.83095
9.83405
9.83095
9.83
9.83691
9.84502
9.84502
9.835
9.82785
9.84001
9.83596
9.85193
9.83286
9.83095
9.81903
9.83095
9.84812
9.84001
9.83381
9.8269
9.84097
9.8362
9.84311
9.84406
9.84693
9.83787
9.83381
9.84001
9.84001
9.84287
9.85289
9.8381
9.85217
9.83405
9.85098
9.8331
9.84406
9.84216
9.85193
9.8362
9.83596
9.85098
9.84001
9.83
9.84216
9.84311
9.8381
9.84716
9.8269
9.85122
9.85098
9.835
9.84907
9.84406
9.84001
9.83214
9.84311
9.83
9.835
9.84097
9.8381
9.86004
9.84502
9.83596
9.83787
9.82499
9.83214
9.84406
9.83
9.82809
9.84406
9.83691
9.84192
9.8412
9.84693
9.8331
9.84216
9.82904
9.835
9.84192
9.84097
9.84716
9.83715
9.82189
9.84287
9.8331
9.84097
9.84192
9.82714
9.84097
9.83691
9.8381
9.82809
9.8362
9.84907
9.83691
9.83787
9.84287
9.82881
9.84788
9.84216
9.85193
9.83787
9.83906
9.84001
9.84287
9.84097
9.83405
9.83286
9.84287
9.83095
9.8331
9.835
9.84001
9.83906
9.84192
9.85098
9.83715
9.84502
9.83906
9.835
9.835
9.83477
9.84406
9.84597
9.84502
9.83787
9.84383
9.83191
9.83906
9.84311
9.83191
9.83882
9.8412
9.84812
9.8362
9.8331
9.84192
9.83381
9.85193
9.84287
9.83882
9.84001
9.85193
9.83286
9.83787
9.85193
9.83286
9.82785
9.84097
9.84216
9.83119
9.83191
9.83596
9.84597
9.835
9.84001
9.84812
9.82881
9.85193
9.8331
9.84216
9.84287
9.82785
9.84502
9.84097
9.84192
9.835
9.84502
9.83691
9.8598
9.84406
9.83596
9.83
9.84216
9.84693
9.84812
9.82499
9.83381
9.83286
9.85003
9.83095
9.84597
9.83095
9.84097
9.8362
9.83095
9.83596
9.83
9.83286
9.84192
9.83691
9.83214
9.83
9.84192
9.84502
9.85289
9.84907
9.84502
9.835
9.83191
9.83
9.84502
9.83095
9.83906
9.8362
9.84192
9.84907
9.83906
9.84502
9.84097
9.84287
9.84597
9.83596
9.83596
9.84406
9.83906
9.85408
9.83095
9.84383
9.84907
9.83286
9.83596
9.8331
9.85599
9.83691
9.83
9.84788
9.8381
