9.25612
5.38588
5.39994
5.3761
5.43189
5.39184
5.37205
5.40209
5.41496
5.38087
5.38087
5.41401
5.38898
5.39398
5.40304
5.37896
5.39899
5.38015
5.38802
5.39613
5.41782
5.37801
5.39994
5.37992
5.39708
5.39589
5.37109
5.38301
5.38111
5.38683
5.38397
5.37896
5.39398
5.41115
5.39398
5.43809
5.41902
5.43118
5.38015
5.41687
5.37896
5.39207
5.39899
5.38111
5.41282
5.39207
5.41711
5.37395
5.39112
5.37586
5.38898
5.42688
5.38206
5.39494
5.4009
5.40805
5.40996
5.39994
5.40614
5.373
5.40805
5.39207
5.39804
5.42617
5.39708
5.40805
5.41711
5.38898
5.39398
5.41186
5.38611
5.42998
5.38778
5.39207
5.38993
5.36704
5.38182
5.37992
5.41711
5.41997
5.39494
5.38683
5.41806
5.38301
5.39899
5.39494
5.40495
5.37801
5.37491
5.39589
5.37491
5.38707
5.39804
5.38182
5.4121
5.3792
5.38707
5.40495
5.44596
5.4369
5.40996
5.37205
5.3978
5.42903
5.36585
5.44715
5.38898
5.40614
5.39804
5.4121
5.38421
5.38397
5.37491
5.373
5.38898
5.38993
5.43094
5.38397
5.39112
5.37896
5.41091
5.38993
5.37896
5.40304
5.38397
5.39994
5.36704
5.39184
5.39899
5.38111
5.38611
5.39494
5.38516
5.35917
5.36489
5.39899
5.39994
5.38707
5.38516
5.38301
5.39303
5.38516
5.39708
5.41401
5.40185
5.41306
5.42498
5.409
5.41115
5.42688
5.42092
5.39589
5.42307
5.38397
5.42688
5.38707
5.40185
5.38611
5.44
5.41615
5.4369
5.37705
5.38993
5.39899
5.40686
5.37992
5.38802
5.37801
5.36084
5.41496
5.38397
5.39684
5.38421
5.38611
5.39804
5.38182
5.38397
5.43118
5.38301
5.40304
5.40686
5.39613
5.41282
5.43714
5.41711
5.44
5.39589
5.39088
5.42712
5.38278
5.40209
5.38421
5.40996
5.40686
5.42808
5.37992
5.38182
5.3792
5.40519
5.39899
5.3761
5.38683
5.39613
5.38421
5.38301
5.38301
5.38707
5.41902
5.41306
5.38707
5.37109
5.39184
5.37896
5.39494
5.409
5.4059
5.38898
5.45216
5.40805
5.38993
5.40996
5.37896
5.38206
5.40209
5.37801
5.44
5.409
5.38898
5.41306
5.38898
5.42092
5.39398
5.38397
5.38182
5.38707
5.39899
5.3792
5.38087
5.39589
5.42092
5.42903
5.38206
5.37801
5.38898
5.38111
5.38802
5.39708
5.40996
5.38206
5.40018
5.36799
5.40113
5.40185
5.38492
5.39613
5.38397
5.404
5.39994
5.43094
5.38015
5.36513
5.38301
5.40113
5.42188
5.40805
5.41997
5.39207
5.40423
5.39207
5.39184
5.39303
5.42903
5.39708
5.38993
5.38802
5.41019
5.38421
5.38516
5.404
5.40018
5.38611
5.38397
5.43284
5.39494
5.40805
5.39398
5.38397
5.39088
5.41496
5.42712
5.37682
5.42593
5.38206
5.36299
5.37395
5.373
5.39804
5.39804
5.39613
5.38898
5.40304
5.39112
5.37515
5.38206
5.39088
5.38611
5.37801
5.41115
5.4009
5.38492
5.41401
5.42307
5.41306
5.44906
5.41902
5.39398
5.39804
5.39994
5.37705
5.37014
5.38683
5.39112
5.42116
5.39684
5.40996
5.40805
5.38492
5.37086
5.41401
5.38397
5.39303
5.3792
5.40209
5.40304
5.37109
5.39899
5.37992
5.37682
5.38111
5.39088
5.42116
5.41091
5.37896
5.39517
5.38397
5.41401
5.43714
5.39494
5.38588
5.38397
5.409
5.38898
5.37395
5.4059
5.39494
5.4369
5.38015
5.41615
5.38182
5.38301
5.37801
5.40304
5.40113
5.42903
5.4009
5.41902
5.404
5.40304
5.39017
5.40495
5.37682
5.40113
5.404
5.37419
5.42402
5.40614
5.37014
5.37086
5.46408
5.37205
5.40113
5.42378
5.39708
5.41091
5.39207
5.42903
5.41592
5.44214
5.41019
5.40996
5.42498
5.36489
5.38087
5.404
5.36513
5.37705
5.37992
5.39708
5.43499
5.38516
5.43118
5.39398
5.41711
5.40996
5.38993
5.40495
5.41997
5.38898
5.36799
5.38492
5.39708
5.38898
5.36489
5.40686
5.39398
5.39398
5.42784
5.39804
5.39088
5.38707
5.40185
5.39303
5.38898
5.38898
5.38898
5.38492
5.44286
5.38421
5.38802
5.38898
5.40495
5.39207
5.41496
5.38588
5.42808
5.38921
5.42116
5.42116
5.41878
5.37205
5.40185
5.45311
5.36585
5.38993
5.41306
5.404
5.36489
5.39899
5.38778
5.4481
5.39494
5.38993
5.37205
5.42712
5.37395
5.38206
5.41115
5.41496
5.38898
5.42498
5.37491
5.42402
5.42092
5.40781
5.41496
5.39112
5.44119
5.373
5.39994
5.39804
5.39684
5.42617
5.40805
5.38301
5.38301
5.373
5.42712
5.41306
5.38921
5.39398
5.38898
5.38206
5.37896
5.40996
5.39684
5.38707
5.38898
5.41186
5.38802
5.38802
5.39899
5.39017
5.38707
5.38993
5.38611
5.38588
5.38802
5.42998
5.4152
5.38301
5.39899
5.37086
5.39112
5.4121
5.38301
5.38707
5.373
5.38087
5.38898
5.38611
5.39589
5.41091
5.43809
5.4009
5.41401
5.38111
5.41902
5.4481
5.38015
5.38778
5.38111
5.38588
5.39994
5.38898
5.39398
5.41306
5.47194
5.43189
5.39207
5.39494
5.39684
5.41806
5.37801
5.38802
5.37992
5.40209
5.37086
5.37586
5.39994
5.37395
5.409
5.39994
5.38301
5.38087
5.42021
5.42712
5.37586
5.39398
5.40113
5.40304
5.38611
5.38182
5.40709
5.39303
5.409
5.40805
5.4009
5.37395
5.39088
5.40113
5.38015
5.38898
5.40304
5.40209
5.39207
5.38993
5.4121
5.41496
5.40686
5.39207
5.39088
5.38707
5.41377
5.40018
5.41282
5.41496
5.54609
5.38588
5.37491
5.39207
5.4028
5.39994
5.44596
5.36394
5.39494
5.42808
5.38802
5.4121
5.38206
5.44381
5.35893
5.38087
5.38611
5.38778
5.38301
5.40304
5.41186
5.34797
5.39398
5.36513
5.44
5.39207
5.38802
5.41401
5.40709
5.42283
5.44214
5.39899
5.39708
5.41401
5.40996
5.39708
5.38611
5.39303
5.43499
5.41115
5.37682
5.373
5.41306
5.39804
5.37586
5.35893
5.42212
5.36609
5.37896
5.4009
5.43594
5.38015
5.41902
5.39088
5.40209
5.42784
5.4009
5.42116
5.41019
5.39398
5.40113
5.39207
5.38611
5.39303
5.39613
5.37682
5.44405
5.40805
5.42307
5.40996
5.39398
5.42688
5.43404
5.39804
5.37801
5.41306
5.39303
5.40996
5.39088
5.37705
5.39494
5.38397
5.40495
5.38087
5.38087
5.41306
5.39088
5.38301
5.38397
5.39184
5.39613
5.38087
5.39112
5.40113
5.43499
5.41091
5.404
5.38898
5.39088
5.39613
5.4152
5.4009
5.39804
5.39112
5.38301
5.4009
5.39088
5.404
5.39207
5.40113
5.3699
5.43189
5.38111
5.40495
5.38588
5.41306
5.36489
5.38015
5.39017
5.40614
5.38516
5.38707
5.41401
5.42307
5.36609
5.41782
5.39398
5.42188
5.36704
5.409
5.38588
5.37801
5.38492
5.38707
5.36513
5.40686
5.38516
5.40519
5.39207
5.40304
5.39589
5.37992
5.42903
5.41115
5.37777
5.38206
5.40495
5.39899
5.40304
5.42307
5.41091
5.36704
5.41091
5.41186
5.40709
5.37682
5.41806
5.41306
5.39398
5.404
5.41401
5.39398
5.42498
5.37682
5.404
5.39804
5.41592
5.39207
5.38802
5.409
5.41115
5.39899
5.39684
5.36704
5.38802
5.373
5.38588
5.37896
5.43404
5.38993
5.38993
5.39994
5.39684
5.41115
5.37395
5.35488
5.38301
5.43404
5.42784
5.39398
5.38206
5.39708
5.37515
5.40709
5.36895
5.40709
5.38397
5.38898
5.38993
5.41997
5.37705
5.40781
5.39517
5.42498
5.38111
5.38278
5.43809
5.39589
5.39899
5.39303
5.4059
5.38397
5.4059
5.41615
5.38301
5.38087
5.39708
5.39184
5.39112
5.39899
5.39207
5.40805
5.39684
5.39708
5.409
5.40304
5.36299
5.40185
5.37801
5.38301
5.39088
5.44691
5.41496
5.42593
5.41401
5.38492
5.41902
5.37801
5.404
5.40519
5.42212
5.38993
5.39494
5.36609
5.373
5.39398
5.38397
5.41711
5.40519
5.37896
5.39899
5.41401
5.37586
5.42212
5.37992
5.41902
5.37777
5.38301
5.37705
5.37205
5.40018
5.46217
5.4028
5.38993
5.44214
5.46813
5.37586
5.4009
5.39398
5.40113
5.39923
5.42498
5.39303
5.41496
5.36394
5.40709
5.41997
5.4121
5.4121
5.38421
5.39804
5.404
5.42998
5.38492
5.42521
5.41806
5.39804
5.36799
5.36704
5.41401
5.41282
5.38802
5.39207
5.38683
5.39899
5.39303
5.37801
5.36609
5.40304
5.41997
5.38683
5.40209
5.38301
5.38898
5.39494
5.5182
5.41592
5.38993
5.37801
5.40185
5.373
5.38611
5.39613
5.38898
5.38278
5.38015
5.43189
5.38492
5.39899
5.41902
5.42903
5.36609
5.38802
5.37896
5.39899
5.36418
5.37419
5.38301
5.41496
5.3699
5.40304
5.39804
5.43594
5.39899
5.37181
5.39017
5.36108
5.39994
5.373
5.38683
5.43714
5.38588
5.37086
5.39303
5.38707
5.39207
5.37896
5.39589
5.37515
5.39184
5.41306
5.404
5.39994
5.409
5.40805
5.41401
5.46503
5.39494
5.38707
5.40709
5.38301
5.39708
5.4152
5.42212
5.37491
5.37801
5.38802
5.42402
5.40805
5.39589
5.37395
5.39207
5.38588
5.41115
5.4121
5.37992
5.39398
5.4338
5.37896
5.39613
5.4121
5.409
5.38206
5.41592
5.38206
5.39088
5.409
5.40614
5.37801
5.3761
5.38087
5.41401
5.404
5.40996
5.37109
5.39112
5.39994
5.37705
5.4059
5.40495
5.39994
5.38802
5.37491
5.38802
5.42593
5.38802
5.48601
5.3761
5.37705
5.37992
5.4121
5.36513
5.38588
5.41592
5.39613
5.36203
5.38206
5.43785
5.38707
5.40805
5.4028
5.39207
5.40304
5.39589
