7.06983
5.60498
5.60594
5.59306
5.57089
5.58996
5.62596
5.58901
5.58996
5.59998
5.57899
5.58519
5.59211
5.57899
5.60594
5.60999
5.59402
5.57399
5.59092
5.59115
5.57303
5.60498
5.59402
5.60784
5.59306
5.58496
5.57995
5.6138
5.57494
5.60904
5.61595
5.61905
5.59592
5.59998
5.59282
5.59306
5.57494
5.59807
5.57113
5.57494
5.59688
5.59902
5.5809
5.59092
5.59592
5.59807
5.58496
5.58996
5.58996
5.57685
5.58996
5.55205
5.59092
5.57399
5.61285
5.59092
5.59115
5.61786
5.57995
5.56397
5.57899
5.54895
5.59497
5.60379
5.61714
5.56517
5.58209
5.60188
5.60999
5.58305
5.63216
5.59497
5.58996
5.5902
5.57518
5.56302
5.60188
5.56707
5.58901
5.61905
5.58996
5.56612
5.56993
5.59497
5.59998
5.60284
5.57899
5.57685
5.58615
5.59092
5.584
5.62501
5.60212
5.62
5.59402
5.58591
5.62096
5.584
5.58305
5.59187
5.61094
5.58496
5.59998
5.60904
5.59211
5.58901
5.58496
5.56183
5.56707
5.58496
5.57995
5.57899
5.58805
5.58209
5.58996
5.58305
5.63312
5.61285
5.57613
5.60594
5.59783
5.61213
5.5902
5.56993
5.58996
5.60784
5.6169
5.59402
5.57089
5.63097
5.58305
5.60784
5.56803
5.59092
5.59807
5.57995
5.57899
5.59402
5.60498
5.60403
5.58496
5.59998
5.58591
5.584
5.5871
5.61285
5.58805
5.57494
5.58901
5.57899
5.57208
5.59902
5.59998
5.60212
5.58901
5.62191
5.59998
5.57494
5.60188
5.56707
5.59402
5.57995
5.58615
5.64003
5.584
5.63908
5.58901
5.59711
5.57423
5.58901
5.57899
5.584
5.56993
5.5778
5.60308
5.59187
5.61309
5.60403
5.57518
5.56612
5.57494
5.58496
5.59402
5.59783
5.58114
5.56803
5.57494
5.5809
5.59616
5.5809
5.5759
5.59497
5.56493
5.59402
5.58901
5.58591
5.60904
5.60904
5.5809
5.60093
5.59115
5.57017
5.60212
5.60594
5.66006
5.57709
5.60093
5.65386
5.64814
5.56397
5.57208
5.57494
5.60999
5.62382
5.61213
5.57423
5.58996
5.61714
5.56588
5.58686
5.56898
5.58805
5.58496
5.66101
5.59115
5.59402
5.57494
5.59497
5.6231
5.62501
5.59521
5.60999
5.59998
5.59497
5.59807
5.59402
5.58114
5.59402
5.5759
5.58209
5.62215
5.60498
5.584
5.62811
5.5728
5.57399
5.61309
5.57518
5.58996
5.58782
5.584
5.58901
5.59783
5.5871
5.60713
5.59092
5.59497
5.60093
5.57685
5.58901
5.57303
5.63383
5.63502
5.63598
5.57303
5.6119
5.62501
5.60093
5.59282
5.60999
5.60713
5.5871
5.63383
5.58496
5.60403
5.57399
5.59592
5.63788
5.58591
5.58901
5.57804
5.58305
5.58591
5.57899
5.57303
5.58901
5.60999
5.60403
5.5759
5.59306
5.57613
5.60284
5.60713
5.57899
5.58186
5.54609
5.58114
5.61404
5.57208
5.60379
5.57303
5.56397
5.58305
5.61023
5.60308
5.58305
5.57494
5.58186
5.59807
5.57709
5.59902
5.57899
5.584
5.56993
5.57494
5.57995
5.56397
5.59497
5.57399
5.57303
5.60784
5.60689
5.59211
5.57899
5.584
5.59807
5.60713
5.58686
5.58496
5.59807
5.60188
5.63502
5.59998
5.59998
5.56898
5.59306
5.59998
5.60284
5.63502
5.56397
5.57089
5.6231
5.59497
5.58615
5.59211
5.57804
5.61404
5.59592
5.60308
5.584
5.62
5.57184
5.56517
5.57613
5.56803
5.57399
5.62
5.56302
5.58805
5.57303
5.60594
5.58615
5.57804
5.59092
5.63502
5.64098
5.60594
5.60904
5.58805
5.58901
5.61595
5.59998
5.64003
5.584
5.57709
5.58782
5.57303
5.57685
5.60308
5.58186
5.6231
5.55992
5.58591
5.56803
5.60188
5.60498
5.59115
5.56898
5.57399
5.58209
5.58209
5.57899
5.58686
5.57303
5.57303
5.58114
5.60617
5.54991
5.58281
5.62406
5.57899
5.59402
5.59402
5.59306
5.62692
5.61905
5.62191
5.60498
5.60308
5.59306
5.60403
5.5759
5.57399
5.57804
5.56493
5.59592
5.60117
5.60617
5.59211
5.60403
5.6181
5.58496
5.57089
5.59402
5.62
5.58496
5.60093
5.59497
5.59187
5.56898
5.58996
5.61094
5.57709
5.57303
5.584
5.57399
5.56993
5.58186
5.57613
5.59211
5.59902
5.57518
5.58209
5.54895
5.56302
5.60212
5.56898
5.58782
5.61404
5.60594
5.57089
5.59497
5.62692
5.61309
5.55205
5.63002
5.60999
5.60594
5.60308
5.5902
5.59592
5.59402
5.57518
5.56707
5.59711
5.59807
5.58305
5.63383
5.60594
5.59497
5.59592
5.58209
5.60498
5.61094
5.60308
5.59306
5.63192
5.615
5.60784
5.60212
5.59115
5.56779
5.59402
5.60594
5.62
5.60689
5.60403
5.58901
5.57899
5.58805
5.59282
5.57399
5.57899
5.57208
5.61309
5.59092
5.57709
5.59306
5.59592
5.5871
5.59998
5.60808
5.58996
5.59711
5.57613
5.59902
5.58805
5.57494
5.55992
5.59592
5.58496
5.60617
5.59211
5.59807
5.60021
5.58591
5.63693
5.59211
5.59688
5.57613
5.59306
5.58496
5.60212
5.58519
5.57804
5.61094
5.60999
5.61905
5.58615
5.57804
5.60212
5.57208
5.58996
5.55897
5.63002
5.58281
5.60594
5.61905
5.57685
5.56111
5.58519
5.62286
5.57899
5.60093
5.60808
5.5809
5.59092
5.58209
5.59187
5.6181
5.59187
5.58496
5.59592
5.56803
5.62096
5.58686
5.62596
5.58996
5.59998
5.59306
5.6169
5.59092
5.59807
5.58686
5.58305
5.59306
5.60617
5.59902
5.62096
5.5871
5.584
5.58901
5.61094
5.61309
5.58805
5.60093
5.56397
5.56993
5.55086
5.58209
5.60784
5.57208
5.58019
5.56898
5.59688
5.59306
5.615
5.56612
5.57804
5.60188
5.58901
5.57494
5.57685
5.58996
5.58805
5.59783
5.60403
5.60403
5.6181
5.58591
5.59711
5.60498
5.60713
5.56016
5.5809
5.59497
5.59688
5.60188
5.57899
5.58805
5.57399
5.60284
5.59711
5.57899
5.58615
5.5902
5.60999
5.56803
5.584
5.57804
5.58901
5.60999
5.57899
5.59497
5.59711
5.58805
5.59497
5.57494
5.61213
5.61905
5.59807
5.615
5.58805
5.59187
5.57995
5.56707
5.60689
5.56302
5.60999
5.56707
5.60808
5.58996
5.59211
5.60188
5.55897
5.60904
5.58591
5.59902
5.62382
5.59402
5.57804
5.58305
5.63097
5.59402
5.59902
5.62596
5.6529
5.57995
5.60093
5.59306
5.57399
5.60021
5.59616
5.63288
5.58686
5.59402
5.58805
5.67985
5.56803
5.55491
5.5759
5.57899
5.58305
5.57685
5.57899
5.57208
5.57208
5.58305
5.60999
5.62811
5.5809
5.57995
5.57685
5.58615
5.56612
5.58805
5.59497
5.56803
5.59902
5.59282
5.6119
5.58901
5.59592
5.62406
5.57685
5.57613
5.57518
5.57685
5.57494
5.615
5.59592
5.584
5.60093
5.57995
5.59688
5.60403
5.57899
5.58805
5.57995
5.59688
5.60999
5.5871
5.57518
5.59402
5.60212
5.584
5.62501
5.57494
5.56588
5.57208
5.64098
5.58996
5.5902
5.57613
5.62
5.58519
5.59115
5.62716
5.59592
5.5759
5.59592
5.59711
5.62787
5.59592
5.59998
5.59592
5.584
5.60093
5.56993
5.60999
5.57184
5.58901
5.56898
5.56517
5.6231
5.58281
5.6231
5.57995
5.58186
5.58996
5.5809
5.63002
5.584
5.56993
5.60689
5.60403
5.57303
5.59497
5.64098
5.60808
5.60379
5.59902
5.58305
5.56517
5.55587
5.61094
5.59998
5.5759
5.63693
5.60999
5.57399
5.60594
5.62
5.59998
5.56302
5.60093
5.584
5.58591
5.60212
5.60308
5.57804
5.58496
5.60594
5.56993
5.56779
5.57518
5.58996
5.58901
5.584
5.57899
5.59092
5.58305
5.59092
5.60808
5.68509
5.59402
5.59878
5.60212
5.57303
5.57113
5.59998
5.58496
5.59306
5.58591
5.60999
5.59688
5.63502
5.56612
5.62501
5.59807
5.55301
5.56993
5.60403
5.59616
5.58996
5.59497
5.5778
5.584
5.60093
5.60403
5.58591
5.59402
5.59688
5.56993
5.60498
5.58496
5.59092
5.60904
5.5809
5.56207
5.60021
5.60212
5.5809
5.56588
5.584
5.55015
5.56803
5.58305
5.60904
5.57303
5.57709
5.60117
5.62406
5.60188
5.61213
5.58996
5.61404
5.57899
5.58591
5.57089
5.60093
5.57613
5.56517
5.58305
5.60498
5.5809
5.58114
5.57208
5.62501
5.57303
5.58496
5.60498
5.56898
5.58805
5.57995
5.56803
5.54919
5.615
5.58805
5.59688
5.59902
5.615
5.58591
5.5809
5.60594
5.60212
5.58496
5.61786
5.59807
5.58305
5.59688
5.59998
5.59902
5.59306
5.60403
5.59187
5.59616
5.57899
5.57804
5.57089
5.58805
5.56278
5.58496
5.59497
5.59306
5.57899
5.66316
5.61285
5.58591
5.58805
5.58114
5.57494
5.58209
5.62882
5.57995
5.59783
5.62406
5.5809
5.58114
5.60188
5.58805
5.61094
5.59688
5.54991
5.62501
5.55897
5.63788
5.60117
5.60188
5.60188
5.57995
5.62716
5.65219
5.58209
5.615
5.57899
5.60808
5.55801
5.60212
5.60093
5.5778
5.60403
5.58996
5.59306
5.61905
5.58901
5.61786
5.60212
5.59211
5.57494
5.56087
5.59711
5.61118
5.59115
5.56087
5.56803
5.55992
5.63288
5.57399
5.56493
5.57899
5.60594
5.61094
5.57303
5.60403
5.58996
5.59402
5.60689
5.60498
5.58901
5.59688
5.61595
5.56517
5.59711
5.57685
5.56493
5.59402
5.56612
5.62501
5.64289
5.59711
5.59807
5.61905
5.59807
5.60498
5.58996
5.57494
5.60594
5.63598
5.60117
5.56898
5.57899
5.59807
5.59592
5.59592
5.58305
5.59998
5.60284
5.57804
5.58901
5.58615
5.59783
5.58805
5.56993
5.56588
5.60999
5.59092
5.58591
5.59306
5.57494
