10.4499
9.71293
9.70817
9.70507
9.72319
9.71103
9.7239
9.71103
9.71603
9.71389
9.71508
9.73201
9.70697
9.71985
9.727
9.71389
9.71603
9.70411
9.70817
9.70292
9.70697
9.71103
9.71889
9.71198
9.70984
9.72605
9.71389
9.72199
9.70411
9.71103
9.71889
9.71508
9.70817
9.71293
9.72295
9.71413
9.70316
9.70602
9.71985
9.71198
9.70793
9.72009
9.70602
9.71484
9.71103
9.72199
9.72414
9.70316
9.71699
9.69982
9.71794
9.71198
9.73415
9.69195
9.71603
9.70817
9.71699
9.70006
9.70602
9.727
9.71699
9.71913
9.71413
9.71389
9.70888
9.71389
9.70292
9.71198
9.72605
9.73105
9.69982
9.71699
9.72009
9.69815
9.72509
9.72509
9.70912
9.71198
9.71198
9.71603
9.71603
9.71794
9.71699
9.70387
9.70411
9.71007
9.69815
9.72199
9.71508
9.70602
9.71818
9.70817
9.70817
9.71508
9.70602
9.71889
9.71293
9.71007
9.70411
9.71699
9.71222
9.71293
9.71198
9.71699
9.71007
9.73415
9.727
9.71603
9.73105
9.70197
9.72486
9.71985
9.71103
9.71317
9.70602
9.70483
9.70602
9.70507
9.71508
9.72486
9.72509
9.71913
9.71103
9.70292
9.71222
9.72414
9.71603
9.71603
9.72199
9.72104
9.71007
9.70101
9.71889
9.71389
9.71603
9.70697
9.71794
9.7301
9.71985
9.70697
9.71389
9.71317
9.71508
9.70912
9.71723
9.71007
9.72009
9.70411
9.70507
9.71413
9.71413
9.70697
9.70697
9.71079
9.72795
9.71198
9.70697
9.71198
9.72795
9.71985
9.71508
9.727
9.72295
9.73296
9.72414
9.70912
9.72009
9.71293
9.71103
9.71603
9.72509
9.72414
9.7332
9.70507
9.6941
9.72104
9.70912
9.71699
9.70292
9.72199
9.71293
9.70984
9.7239
9.72104
9.727
9.72104
9.71317
9.71293
9.70602
9.70602
9.71699
9.71198
9.72199
9.70507
9.71103
9.70507
9.7239
9.71723
9.71603
9.70602
9.72104
9.70507
9.71889
9.57108
9.72795
9.72795
9.72199
9.71699
9.72605
9.70602
9.71293
9.71293
9.73296
9.70507
9.70697
9.70793
9.69505
9.71603
9.71699
9.71484
9.7239
9.72486
9.71508
9.71794
9.71794
9.70984
9.7239
9.71198
9.71508
9.70793
9.71889
9.69505
9.70411
9.71699
9.72104
9.71889
9.71293
9.70793
9.69911
9.71222
9.71699
9.70387
9.70721
9.71603
9.71317
9.70793
9.72295
9.70912
9.69505
9.71484
9.71007
9.70101
9.72104
9.72009
9.71293
9.70578
9.71913
9.71293
9.7208
9.71198
9.70912
9.69815
9.71913
9.71603
9.71508
9.71603
9.71007
9.72295
9.72104
9.72009
9.71508
9.71699
9.71007
9.70793
9.72915
9.71103
9.71413
9.72009
9.72104
9.71413
9.72104
9.70793
9.72104
9.72486
9.72104
9.71794
9.70507
9.70697
9.71293
9.71389
9.71603
9.71699
9.71985
9.70888
9.70888
9.71699
9.72486
9.71603
9.70483
9.71699
9.71913
9.71603
9.71699
9.71103
9.70292
9.71985
9.70888
9.72104
9.71389
9.71222
9.70507
9.72199
9.71007
9.71317
9.70507
9.71913
9.70602
9.71293
9.71103
9.71198
9.73916
9.70387
9.71794
9.70101
9.71484
9.71007
9.71889
9.7239
9.69505
9.70697
9.72319
9.70101
9.72605
9.70888
9.7239
9.71103
9.71508
9.69887
9.71603
9.71794
9.71413
9.72414
9.69601
9.72009
9.7301
9.71699
9.71794
9.71484
9.70984
9.70697
9.72295
9.70507
9.70387
9.70888
9.71985
9.71889
9.70912
9.70602
9.70387
9.71389
9.70817
9.70793
9.71389
9.71079
9.71699
9.71603
9.71007
9.71007
9.7158
9.71889
9.71508
9.71413
9.69887
9.69696
9.71413
9.71413
9.72605
9.71889
9.70793
9.71985
9.70793
9.71508
9.71389
9.70721
9.71913
9.71007
9.71699
9.71222
9.72509
9.72009
9.70507
9.71508
9.70697
9.71007
9.71508
9.71103
9.70697
9.71103
9.70411
9.71103
9.70697
9.72009
9.71317
9.71794
9.70793
9.70101
9.70793
9.71413
9.70316
9.69911
9.71889
9.73487
9.72295
9.7208
9.72199
9.71103
9.70387
9.70507
9.70602
9.71699
9.71913
9.70697
9.70793
9.72486
9.70984
9.70697
9.73296
9.70602
9.73392
9.71293
9.7208
9.70697
9.70101
9.71985
9.70006
9.70602
9.70888
9.73797
9.71198
9.71889
9.71889
9.72295
9.71007
9.72295
9.72199
9.73105
9.71699
9.70697
9.71007
9.72509
9.70197
9.70292
9.71103
9.73606
9.71103
9.72414
9.70602
9.71198
9.71293
9.71317
9.70912
9.72199
9.72295
9.71794
9.70006
9.70888
9.71889
9.71889
9.71293
9.71317
9.71103
9.70697
9.71103
9.71389
9.70292
9.70602
9.71413
9.71222
9.70411
9.71413
9.7332
9.7239
9.71603
9.71389
9.70507
9.71603
9.70888
9.71794
9.71508
9.70483
9.70602
9.71389
9.73701
9.70483
9.73105
9.71794
9.72199
9.70697
9.71794
9.72199
