14.9159
14.8818
14.8649
14.873
14.91
14.8821
14.894
14.905
14.9231
14.925
14.9448
14.9081
14.9109
14.946
14.8759
14.9109
14.904
14.8909
15.0101
14.956
14.9169
14.9121
14.889
14.9441
14.914
15.002
14.9031
14.8931
14.9021
14.976
15.0042
14.926
14.9119
14.9422
14.925
14.8971
14.8921
14.9221
14.8909
14.9629
14.945
14.904
14.955
14.919
14.842
14.9069
14.9751
14.9121
14.961
14.909
14.899
14.888
14.889
14.879
14.9338
14.925
14.9341
14.894
14.9429
14.905
14.9338
14.9949
14.9531
14.94
14.9059
14.997
14.9341
14.976
14.9572
14.9381
14.957
14.925
14.9019
14.936
14.93
14.9031
14.9221
14.941
14.9629
14.9481
14.895
14.9088
14.8931
14.8511
14.8821
14.9441
14.9419
14.894
14.904
14.95
14.935
14.9598
14.9629
14.92
15.0011
14.8811
14.93
14.9162
14.931
14.9312
14.9848
14.931
14.8911
14.8709
14.993
14.9491
14.8551
14.9601
14.9221
14.8981
14.972
14.9548
14.919
14.9331
14.909
14.9891
14.9
14.9491
14.9071
14.966
14.93
14.9889
14.9271
14.936
14.8921
14.9052
14.9059
14.9949
14.9488
14.9529
14.9062
14.89
14.888
14.936
14.8849
14.9069
14.9422
14.8709
14.9388
14.957
14.914
14.9908
14.864
14.9031
14.9431
14.9341
14.904
14.9262
14.8761
14.9231
14.92
14.919
14.972
14.8392
14.9279
14.92
14.8971
14.905
14.8859
14.895
14.9391
14.895
14.8911
15.0051
15.0051
14.924
14.9372
14.9491
14.899
14.9891
14.946
14.9541
14.9341
14.9112
14.9128
14.9181
14.888
14.905
14.9119
14.9212
14.919
14.9
14.9
14.9369
14.926
14.9581
14.9319
14.9672
14.8809
14.9629
14.935
14.925
14.895
14.8959
14.915
14.8919
14.91
14.9131
14.909
14.863
14.9531
14.931
14.9639
14.9448
14.8821
14.8959
14.9529
14.888
14.8721
14.9271
14.9269
14.9229
14.9381
14.914
14.847
14.91
14.9369
14.904
14.914
14.982
14.9002
14.93
14.8859
14.8869
14.9858
14.9322
14.946
14.8981
14.9209
14.9479
14.971
14.879
14.8969
14.9288
14.926
14.883
14.9329
14.895
14.9131
14.9009
14.9078
14.8962
14.93
14.8561
14.9181
14.9632
14.9541
14.9479
14.992
14.9469
14.878
14.961
14.9279
14.936
14.9429
14.8759
14.9481
14.9341
14.945
14.883
14.884
14.9231
14.8771
14.919
14.9159
14.9071
14.8871
14.9901
14.9279
14.8888
14.9169
14.9429
14.8962
14.878
14.9
14.8952
14.888
14.91
14.9481
14.888
14.9262
14.9229
14.936
14.9
14.941
14.9539
14.9679
14.9109
14.945
14.9782
14.9701
14.971
14.9281
14.9391
14.8661
14.9131
14.94
14.8649
14.9539
14.998
14.936
14.926
14.91
14.9112
14.888
14.8959
14.9119
14.874
14.914
14.9078
14.9319
14.941
14.9472
14.879
14.9231
14.9369
14.909
14.962
14.9522
14.915
14.894
14.92
14.8959
14.9832
14.9
14.955
14.9481
14.919
14.9219
14.94
14.905
14.9641
14.894
14.8902
14.9441
14.883
14.9629
14.9059
14.879
14.9119
14.9331
14.924
14.914
14.8981
14.8792
14.95
14.9059
14.9419
14.883
14.889
14.8959
14.8761
14.868
14.956
14.9412
14.956
14.8909
14.941
14.9131
14.9469
14.9338
14.9858
14.9109
14.8871
14.8931
14.94
14.9131
14.8931
14.909
14.9469
14.909
14.9159
14.957
14.8962
14.9701
14.946
14.956
14.9
14.9131
14.931
14.9341
14.9341
14.957
14.8849
14.9601
14.8878
14.8849
14.91
14.926
14.9431
14.8759
14.9341
14.9019
14.9839
14.919
14.883
14.9601
14.9169
14.8849
14.89
14.956
14.9479
14.909
14.946
14.9641
14.9269
14.9279
14.926
14.9009
14.894
14.955
14.9601
14.9479
14.9379
14.9312
14.9119
14.9381
14.9841
14.919
14.956
14.966
14.8962
14.905
14.8971
14.888
14.9291
14.8981
14.935
14.8931
14.8771
14.962
14.931
14.9081
14.9171
14.8649
14.9238
14.888
14.895
14.9431
14.9801
14.859
14.9021
14.9071
14.941
14.956
14.931
14.905
14.9491
14.935
14.9159
14.91
14.9632
14.8511
14.894
14.956
14.8778
14.8859
14.9078
14.9169
14.89
14.9438
14.8578
14.8759
14.926
14.9469
14.8759
14.869
14.8859
14.8852
14.9059
14.858
14.9219
14.961
14.9081
14.89
14.8602
14.9
14.9069
14.9131
14.9841
14.8511
14.894
14.878
14.9531
14.879
14.9481
14.889
14.94
14.9209
14.9581
14.9291
14.9519
14.936
14.9691
14.9031
14.8718
14.926
14.91
14.919
14.9069
14.904
14.91
14.993
14.9269
14.8861
14.92
15.0061
14.945
14.9441
14.9782
14.935
14.878
14.9062
14.945
14.9541
14.914
14.9369
14.9419
14.9231
14.9682
14.935
14.91
14.9181
14.9331
14.8981
14.9281
14.9381
14.9729
14.9221
14.9539
14.9
14.936
14.9159
14.883
14.966
14.9281
14.9162
14.8909
14.895
14.946
14.9081
14.9131
14.9059
14.91
14.9381
14.8859
14.9209
14.9879
14.873
14.8859
14.9498
14.931
14.888
14.894
14.962
14.8859
14.946
14.9009
14.9679
14.8919
14.9732
14.904
14.982
14.9269
14.945
14.8931
14.9429
14.9162
14.8909
14.9372
14.9181
14.9698
14.9539
14.9572
14.888
14.9071
14.9601
14.9231
14.914
14.987
14.931
14.9281
14.924
14.955
14.9491
14.9071
14.8909
14.8869
14.9479
14.9071
14.9229
14.9369
14.9
14.9269
14.888
14.9381
14.951
14.9071
14.9431
14.9159
14.8671
14.945
14.946
14.9701
14.864
14.899
14.883
14.935
14.9071
14.92
14.9791
14.8871
14.9391
14.9109
14.9031
14.91
14.8361
14.9369
14.987
14.879
14.94
14.9031
15.0051
14.894
14.9779
14.9279
14.956
14.9209
14.9021
14.8971
14.9031
14.915
14.914
14.9372
14.945
14.9519
14.9372
14.981
14.8981
14.936
14.9491
14.8809
14.883
14.9081
14.8699
14.961
14.9
14.925
14.8931
14.9879
14.8931
14.9
14.977
14.945
14.884
14.951
14.93
14.9231
14.9059
14.9431
14.9012
14.9679
14.919
14.9491
14.9121
14.8911
14.9651
14.9851
14.904
14.8702
14.8971
14.915
14.966
14.895
14.951
14.9729
14.961
14.8709
14.8921
14.9081
14.93
14.8861
14.8499
14.915
14.9751
14.9021
14.951
14.9031
14.924
14.9271
14.909
14.895
14.9052
14.9331
14.878
14.8931
14.8649
14.976
14.924
14.9159
14.894
14.935
14.8749
14.9219
14.924
14.9722
14.914
14.935
14.8981
14.8911
14.9391
14.966
14.9369
14.8818
14.9488
14.9751
14.9479
14.9181
14.9491
14.919
14.935
14.9171
14.9589
14.9069
14.8599
14.89
14.8919
14.9269
14.95
14.935
14.9629
14.9729
14.9059
14.955
14.9181
14.863
14.9171
14.9341
14.9322
14.883
14.9121
14.9209
15.0061
14.8559
14.9441
14.8871
14.946
14.8749
14.9291
14.9009
14.9601
14.9221
14.9031
14.9341
14.9519
14.9028
14.8709
14.941
14.8771
14.9009
14.8971
14.869
14.951
14.8759
14.9229
14.9088
14.9078
14.946
14.8699
14.8568
14.9689
14.9291
15.0149
14.9131
14.925
14.884
14.946
14.8818
14.884
14.868
14.905
15.013
14.997
14.889
14.9169
14.9112
14.9081
14.89
14.8962
14.8921
15.013
14.8981
14.962
14.9372
14.931
14.951
14.961
14.8621
14.863
14.888
14.925
14.9112
14.924
14.909
14.9062
14.8959
14.9212
14.915
14.9381
14.9441
14.9589
14.9209
14.9491
14.9341
14.9529
14.9839
14.899
14.8988
14.9179
14.936
14.9059
14.9179
14.895
14.936
14.888
14.9159
14.8702
14.9341
14.9119
14.8978
14.91
14.9209
14.9131
14.8818
14.8988
14.962
14.957
14.919
14.9031
14.9209
14.9291
14.914
14.94
14.95
14.9641
14.9171
14.9801
14.9419
14.9119
14.9541
14.8821
14.9732
14.9169
14.909
14.9069
14.9472
14.9469
14.9078
14.9322
14.926
14.961
14.9479
14.914
14.93
14.91
14.9438
14.91
14.888
14.9691
14.9009
14.9448
14.946
14.9369
14.9231
15.007
14.9179
14.9608
14.935
14.941
14.9362
14.8969
14.9739
14.9491
14.8771
14.9021
14.924
14.8821
14.925
14.93
14.883
14.9379
14.8818
14.904
14.914
14.935
14.9601
14.8671
14.971
14.9121
14.941
14.9162
14.9131
14.924
14.9209
14.9391
14.8809
14.9229
14.9879
14.9601
14.924
14.9369
14.894
14.9
14.9012
14.9989
14.859
14.9069
14.94
14.9128
14.92
14.8699
14.904
14.957
14.951
14.889
14.945
14.89
14.966
14.9441
14.9441
14.89
14.9438
14.925
14.919
14.946
14.9021
14.961
14.889
14.8911
14.8981
14.905
14.8869
14.8642
14.9109
14.9109
14.8668
14.976
14.9519
14.8728
14.8849
14.9021
14.987
14.8981
14.8921
14.941
14.9169
14.91
14.904
14.8878
14.957
14.8671
14.945
14.8871
14.9319
14.8859
14.9412
14.9119
14.9159
14.9751
14.9331
14.8981
14.9779
14.8978
14.946
14.9269
14.926
14.9591
14.9131
14.914
14.8921
14.9159
14.9012
14.8549
14.8919
14.926
14.8659
14.9341
14.909
14.888
14.9472
14.951
14.9121
14.915
14.9
14.888
14.9698
14.8978
14.9159
14.9181
15.0089
