4.69208
4.67515
4.60291
4.67491
4.63605
4.64392
4.67896
4.704
4.71997
4.65798
4.57406
4.66609
4.65012
4.63605
4.67801
4.6339
4.62508
4.74501
4.67801
4.77314
4.72498
4.72999
4.64511
4.68898
4.673
4.6041
4.62699
4.62914
4.64702
4.72498
4.69589
4.65202
4.65107
4.63104
4.80199
4.67706
4.64702
4.67396
4.60291
4.63796
4.70996
4.71616
4.61698
4.7121
4.70781
4.6742
4.60315
4.61316
4.60196
4.74811
4.65393
4.6649
4.65608
4.63796
4.68993
4.66013
4.64106
4.6351
4.64416
4.65608
4.62794
4.65202
4.6649
4.65798
4.76503
4.65798
4.72999
4.63986
4.66609
4.668
4.68802
4.63796
4.72903
4.64702
4.63414
4.72617
4.71711
4.63986
4.668
4.64296
4.65488
4.69303
4.74215
4.63986
4.65703
4.64487
4.6699
4.65703
4.601
4.66394
4.72689
4.59504
4.62317
4.64702
4.65918
4.7822
4.6401
4.71282
4.64106
4.64797
4.63295
4.64797
4.73285
4.637
4.69089
4.66609
4.68898
4.65417
4.64487
4.62198
4.76193
4.64106
4.75407
4.64797
4.632
4.70018
4.65322
4.673
4.64201
4.61483
4.6382
4.63796
4.65798
4.60696
4.63891
4.64201
4.6699
4.65393
4.65298
4.62508
4.59313
4.6618
4.73094
4.75097
4.7071
4.65989
4.67396
4.64606
4.61221
4.66704
4.67896
4.66204
4.68707
4.66681
4.6761
4.6978
4.75907
4.64487
4.60005
4.71592
4.65584
4.64988
4.68302
4.65703
4.668
4.6699
4.73785
4.65798
4.62413
4.69398
4.68016
4.66108
4.67992
4.67396
4.60386
4.62198
4.69112
4.73714
4.64797
4.68302
4.74882
4.71497
4.59814
4.66514
4.66704
4.67396
4.632
4.61102
4.61388
4.61197
4.62604
4.68493
4.72498
4.6308
4.66299
4.63796
4.64511
4.62079
4.62198
4.65107
4.62079
4.66609
4.673
4.64106
4.65703
4.70185
4.63295
4.64106
4.60887
4.77195
4.59599
4.62484
4.64797
4.59909
4.673
4.69613
4.67491
4.67396
4.65798
4.64821
4.79293
4.66609
4.66895
4.60386
4.67205
4.68087
4.66299
4.62794
4.637
4.69208
4.62794
4.63104
4.6742
4.65798
4.65298
4.63605
4.66084
4.69708
4.64392
4.61888
4.66394
4.64702
4.67181
4.62818
4.62508
4.65298
4.71497
4.66108
4.62604
4.72593
4.6289
4.68707
4.58694
4.65894
4.61197
4.63891
4.64511
4.64201
4.65798
4.67491
4.78292
4.62198
4.66895
4.6649
4.6699
4.6401
4.65798
4.6382
4.65512
4.69589
4.64606
4.69804
4.67396
4.65012
4.62294
4.72689
4.59504
4.69279
4.66204
4.70281
4.63915
4.71115
4.64606
4.65107
4.7431
4.65989
4.70901
4.64416
4.66084
4.69184
4.62317
4.64392
4.67014
4.66919
4.64797
4.66299
4.62389
4.64511
4.62317
4.65417
4.62604
4.64392
4.6382
4.71115
4.62103
4.72188
4.63104
4.61793
4.66895
4.64392
4.62699
4.73595
4.63986
4.70495
4.673
4.64487
4.60005
4.66084
4.74405
4.62198
4.69613
4.70185
4.66394
4.64296
4.64511
4.6401
4.63986
4.6351
4.63319
4.66609
4.72784
4.65798
4.61006
4.64892
4.76098
4.704
4.68516
4.65989
4.65989
4.65918
4.63009
4.63581
4.62103
4.61602
4.65894
4.64416
4.69398
4.62508
4.64702
4.71902
4.77505
4.6792
4.63414
4.601
4.68016
4.61721
4.61507
4.66299
4.66084
4.65512
4.79698
4.673
4.6289
4.61388
4.65608
4.5948
4.67706
4.66084
4.66514
4.70209
4.74381
4.75001
4.64201
4.65202
4.63891
4.64797
4.65512
4.65202
4.65918
4.6351
4.61984
4.69494
4.61292
4.68612
4.65703
4.72403
4.67706
4.62008
4.65894
4.68087
4.7121
4.63605
4.64892
4.64797
4.65989
4.61006
4.68397
4.61602
4.67801
4.75192
4.6699
4.5979
4.65703
4.67086
4.62389
4.74405
4.63319
4.60911
4.67706
4.70304
4.62079
4.67801
4.6699
4.62008
4.65322
4.61411
4.64988
4.66609
4.7071
4.67896
4.637
4.73714
4.61483
4.62604
4.60291
4.61507
4.61698
4.668
4.63319
4.69518
4.66418
4.68922
4.7071
4.68302
4.64511
4.63605
4.6761
4.64106
4.64606
4.63796
4.6382
4.77004
4.7009
4.68397
4.66895
4.69899
4.63915
4.65393
4.67205
4.65798
4.6761
4.63295
4.62317
4.69303
4.74
4.69184
4.57406
4.62604
4.61698
4.64511
4.63605
4.61388
4.61507
4.64606
4.62389
4.65798
4.71997
4.63891
4.69112
4.66919
4.63605
4.64582
4.63605
4.68993
4.66204
4.66108
4.69089
4.69303
4.67896
4.60386
4.68802
4.66013
4.673
4.61602
4.62794
4.66609
4.67205
4.6401
4.637
4.70209
4.6258
4.62508
4.66394
4.63486
4.69398
4.64296
4.65298
4.65298
4.62794
4.668
4.70304
4.66299
4.61006
4.70781
4.62198
4.668
4.65298
4.66204
4.72617
4.62413
4.61483
4.76313
4.65202
4.67992
4.61197
4.69494
4.65488
4.64296
4.69112
4.73499
4.70614
4.66108
4.64487
4.68898
4.69804
4.73619
4.65298
4.65798
4.668
4.64582
4.69208
4.6711
4.65703
4.73189
4.64606
4.69398
4.70591
4.68111
4.64416
4.68183
4.64296
4.72689
4.71401
4.66108
4.673
4.63605
4.632
4.61078
4.63796
4.74215
4.66609
4.63605
4.61197
4.62699
4.64106
4.70805
4.63605
4.70901
4.67801
4.67396
4.65488
4.68493
4.6711
4.59886
4.62508
4.65202
4.69112
4.62699
4.71807
4.69494
4.61817
4.62413
4.63104
4.62699
4.66204
4.64582
4.66108
4.70304
4.63104
4.58503
4.62294
4.65417
4.70614
4.64487
4.65298
4.74286
4.62008
4.65488
4.64106
4.63319
4.6401
4.62604
4.67992
4.68612
4.62604
4.63486
4.68111
4.6339
4.66299
4.64296
4.6699
4.6351
4.64892
4.61602
4.70781
4.65393
4.66108
4.65989
4.60291
4.71497
4.68302
4.62985
4.62198
4.60482
4.61602
4.6401
4.62008
4.76313
4.64082
4.64201
4.70805
4.668
4.67992
4.64797
4.61292
4.74191
4.69112
4.65798
4.6711
4.64296
4.71997
4.67396
4.58884
4.65703
4.68898
4.64392
4.64392
4.62794
4.62794
4.67181
4.63915
4.64296
4.69398
4.62604
4.70996
4.64487
4.6339
4.59814
4.6792
4.65512
4.63486
4.6711
4.60911
4.62794
4.68397
4.63104
4.68993
4.70114
4.74
4.66681
4.61292
4.73499
4.65202
4.65488
4.65488
4.71807
4.73189
4.64702
4.6289
4.67992
4.63009
4.67491
4.71592
4.68302
4.668
4.68707
4.7009
4.65012
4.70304
4.69804
4.66681
4.68087
4.69303
4.65894
4.673
4.69804
4.71616
4.61102
4.66418
4.69995
4.6978
4.637
4.66609
4.70495
4.64106
4.62699
4.63986
4.69494
4.62198
4.69804
4.72116
4.67682
4.68802
4.67706
4.64702
4.6699
4.68707
4.673
4.65822
4.704
4.73905
4.64988
4.637
4.60291
4.637
4.68802
4.67587
4.6289
4.65703
4.61507
4.59886
4.74691
4.64988
4.69303
4.62008
4.60815
4.668
4.73213
4.6401
4.61793
4.68707
4.637
4.65918
4.64702
4.68111
4.64606
4.74286
4.6761
4.84395
4.68898
4.63009
4.71783
4.64702
4.71997
4.65083
4.63414
4.61817
4.75883
4.65608
4.6382
4.6432
4.64106
4.61292
4.69208
4.69899
4.69804
4.6401
4.68302
4.67396
4.6699
4.59695
4.65012
4.63486
4.66609
4.71616
4.65178
4.67205
4.62985
4.68111
4.67014
4.66895
4.64082
4.65894
4.69112
4.65894
4.71306
4.68588
4.62604
4.70686
4.68898
4.65894
4.65608
4.66204
4.62794
4.632
4.6289
4.65703
4.63581
4.71306
4.68588
4.58503
4.6792
4.64702
4.66108
4.62985
4.67491
4.70304
4.63986
4.71807
4.63915
4.61221
4.58813
4.63891
4.68302
4.65703
4.64201
4.66299
4.80604
4.62604
4.64606
4.64416
4.61984
4.63796
4.62294
4.64892
4.67706
4.63891
4.66204
4.68516
4.72188
4.64702
4.62914
4.632
4.65679
4.68397
4.65512
4.71497
4.71497
4.62103
4.61388
4.65989
4.62699
4.62604
4.69804
4.7009
4.66299
4.73595
4.65393
4.64892
4.64797
4.632
4.60601
4.73499
4.64106
4.64296
4.67491
4.64892
4.70209
4.65918
4.601
4.65298
4.64106
4.65679
4.62103
4.66394
4.62604
4.67801
4.69613
4.64582
4.62008
4.63104
4.6649
4.67992
4.63605
4.61102
4.77695
4.60505
4.68493
4.67992
4.73189
4.76217
4.64606
4.71306
4.60505
4.61102
4.65703
4.67491
4.63414
4.66681
4.65608
4.65298
4.59599
4.58598
4.70519
4.69804
4.62604
4.64487
4.69899
4.65584
4.64702
4.72999
4.60482
4.64296
4.69589
4.61817
4.65918
4.68898
4.68302
4.68397
4.68802
4.65393
4.62699
4.61888
4.65894
4.68302
4.60696
4.68779
4.72498
4.71091
4.65298
4.71997
4.59409
4.6432
4.61316
4.62484
4.61197
4.68707
4.65703
4.68206
4.72689
4.60601
4.62985
4.62508
4.6742
4.69613
4.65989
4.62699
4.68302
4.64296
4.62794
4.69398
4.69995
4.65393
4.68516
4.63414
4.77695
4.673
4.68802
4.704
4.65393
4.64487
4.62604
4.68206
4.69017
4.66418
4.60505
4.67205
4.67205
4.72307
4.69398
4.68993
4.65298
4.65298
4.65894
4.64416
4.68898
4.62914
4.72808
4.71115
4.63915
4.67992
4.64487
4.59695
4.62699
4.72808
4.61197
4.63605
4.65488
4.65798
4.69208
4.64916
4.72403
4.6351
4.66323
4.69017
4.632
4.64296
4.62413
4.72403
4.65488
4.61197
4.71115
4.75216
4.61316
4.61411
4.64988
4.61411
4.61006
4.6761
4.70304
4.67587
4.63605
4.65083
4.72498
4.66299
4.69804
4.6382
4.65417
4.6041
4.76098
4.69089
4.64606
4.61221
4.72713
4.64678
4.62604
4.63009
4.66895
4.73809
4.704
