17.02
15.769
15.7781
15.7659
15.7809
15.7769
15.7869
15.769
15.7771
15.765
15.7681
15.764
15.774
15.7709
15.774
15.7819
15.7731
15.7762
15.779
15.7778
15.7731
15.77
15.7721
15.7671
15.775
15.7721
15.7828
15.79
15.7731
15.7719
15.78
15.7719
15.7659
15.7919
15.7728
15.7809
15.77
15.7659
15.7959
15.795
15.7709
15.7809
15.7709
15.7909
15.7728
15.7809
15.7819
15.775
15.7731
15.789
15.7819
15.7819
15.78
15.7762
15.769
15.7659
15.7859
15.7869
15.7721
15.7821
15.7838
15.7759
15.7771
15.7769
15.775
15.7821
15.779
15.7781
15.775
15.779
15.775
15.775
15.7702
15.795
15.789
15.7721
15.7981
15.7702
15.7909
15.795
15.7652
15.7831
15.775
15.7769
15.78
15.785
15.7962
15.7781
15.7769
15.7859
15.7781
15.7869
15.7719
15.7819
15.7568
15.7821
15.7788
15.7762
15.775
15.78
15.799
15.775
15.779
15.7959
15.79
15.7712
15.7712
15.7578
15.769
15.7719
15.7781
15.784
15.774
15.785
15.774
15.769
15.7771
15.7759
15.7809
15.7731
15.7828
15.7709
15.79
15.7731
15.784
15.806
15.779
15.7771
15.7959
15.7869
15.79
15.7621
15.7681
15.7938
15.7721
15.7871
15.7769
15.7712
15.7781
15.7821
15.7809
15.7731
15.7681
15.784
15.8019
15.7809
15.7838
15.77
15.7919
15.7828
15.78
15.7819
15.7721
15.785
15.779
15.769
15.78
15.769
15.785
15.7731
15.789
15.7809
15.789
15.779
15.7681
15.7771
15.7728
15.7859
15.7819
15.765
15.7821
15.785
15.779
15.7859
15.769
15.7721
15.78
15.7881
15.7709
15.7812
15.77
15.779
15.7821
15.763
15.7781
15.8069
15.7819
15.775
15.7821
15.7778
15.775
15.785
15.77
15.8041
15.7809
15.7731
15.7821
15.775
15.758
15.7809
15.7619
15.785
15.7709
15.7859
15.7828
15.7721
15.7771
15.7828
15.7781
15.7681
15.769
15.7788
15.7881
15.779
15.7721
15.7712
15.7712
15.7721
15.7661
15.763
15.7759
15.769
15.774
15.769
15.7719
15.7681
15.765
15.7781
15.7771
15.795
15.789
15.77
15.7771
15.779
15.7771
15.774
15.784
15.785
15.77
15.769
15.7769
15.779
15.7771
15.784
15.7719
15.7828
15.7669
15.779
15.7681
15.78
15.7752
15.7859
15.7931
15.789
15.7931
15.79
15.785
15.7719
15.7821
15.779
15.7909
15.7681
15.78
15.7812
15.785
15.779
15.7731
15.7709
15.7681
15.789
15.7771
15.7859
15.769
15.7788
15.78
15.7628
15.785
15.7721
15.7721
15.7752
15.774
15.7731
15.7859
15.7738
15.7731
15.784
15.7781
15.7659
15.7831
15.7859
15.7709
15.7762
15.7771
15.77
15.815
15.7819
15.775
15.77
15.779
15.7771
15.7859
15.785
15.794
15.7678
15.785
15.7702
15.774
15.7769
15.7759
15.78
15.7912
15.785
15.784
15.785
15.7852
15.784
15.78
15.7709
15.7759
15.763
15.78
15.789
15.7769
15.7759
15.7819
15.769
15.7759
15.7778
15.7719
15.7721
15.775
15.789
15.7731
15.7781
15.7809
15.774
15.7769
15.7712
15.779
15.7671
15.7878
15.79
15.7862
15.7979
15.7912
15.7781
15.7859
15.785
15.7821
15.78
15.801
15.779
15.7759
15.784
15.7809
15.7831
15.7981
15.7821
15.77
15.816
15.7821
15.7881
15.7719
15.7728
15.7809
15.785
15.7969
15.779
15.7671
15.785
15.779
15.785
15.7909
15.8141
15.7759
15.774
15.7681
15.7828
15.7712
15.7731
15.7812
15.774
15.7831
15.765
15.7709
15.7809
15.799
15.7671
15.7809
15.7709
15.7731
15.7962
15.785
15.775
15.775
15.7762
15.7878
15.784
15.7812
15.774
15.774
15.7809
15.7762
15.7721
15.7681
15.7819
15.7752
15.7831
15.779
15.7728
15.7771
15.795
15.7812
15.775
15.7862
15.77
15.789
15.7781
15.7659
15.6281
15.7809
15.779
15.7979
15.774
15.7731
15.7981
15.79
15.7862
15.7931
15.7831
15.7812
15.775
15.789
15.775
15.779
15.7781
15.7812
15.774
15.7862
15.7781
15.774
15.7921
15.7731
15.7809
15.769
15.7752
15.784
15.7831
15.78
15.7831
15.7869
15.7788
15.7969
15.7979
15.784
15.7838
15.779
15.806
15.784
15.779
15.7752
15.7831
15.7831
15.7819
15.7809
15.7852
15.7769
15.7859
15.78
15.7762
15.78
15.805
15.7919
15.7828
15.78
15.7821
15.7971
15.7712
15.79
15.7769
15.7852
15.7831
15.7909
15.774
15.8031
15.7869
15.7831
15.789
15.7788
15.7969
15.7928
15.779
15.7928
15.7888
15.7931
15.7919
15.7759
15.779
15.7719
15.7819
