23.1631
21.0869
21.311
21.539
21.5309
21.6129
21.5368
21.611
21.615
21.5421
21.6091
21.5449
21.6119
21.601
21.6081
21.601
21.611
21.6129
21.611
21.6079
21.6129
21.6131
21.615
21.61
21.6091
21.6141
21.6801
21.6179
21.605
21.6191
21.6088
21.6069
21.6079
21.6129
21.6939
21.6138
21.6069
21.6801
21.605
21.6041
21.6
21.615
21.682
21.6248
21.6129
21.692
21.6069
21.611
21.6122
21.6098
21.6789
21.615
21.6072
21.678
21.6081
21.611
21.6792
21.606
21.678
21.682
21.6181
21.6181
21.605
21.6179
21.6839
21.6038
21.6162
21.693
21.611
21.6818
21.6141
21.6129
21.6789
21.6851
21.5991
21.6792
21.6072
21.605
21.677
21.6122
21.6808
21.6169
21.615
21.683
21.692
21.6119
21.6119
21.6808
21.615
21.682
21.6219
21.61
21.683
21.61
21.6141
21.6839
21.6129
21.615
21.6851
21.616
21.611
21.6789
21.6079
21.688
21.6801
21.6081
21.6811
21.6138
21.6191
21.692
21.606
21.683
21.6801
21.6072
21.6889
21.615
21.605
21.6889
21.6901
21.6079
21.683
21.6861
21.6148
21.677
21.6138
21.605
21.688
21.6892
21.611
21.6911
21.692
21.616
21.6811
21.6889
21.61
21.6861
21.677
21.61
21.6908
21.6901
21.605
21.6889
21.6849
21.616
21.6801
21.687
21.611
21.688
21.6839
21.6141
21.6961
21.699
21.615
21.687
21.631
21.6761
21.6188
21.6088
21.683
21.683
21.605
21.687
21.6811
21.6181
21.708
21.688
21.6031
21.6901
21.6951
21.6122
21.6901
21.697
21.6081
21.699
21.6889
21.6181
21.6811
21.6789
21.6141
21.678
21.687
21.6141
21.682
21.6868
21.6131
21.682
21.6861
21.6141
21.687
21.6901
21.606
21.6811
21.688
21.611
21.682
21.6799
21.6081
21.6761
21.6811
21.6119
21.692
21.683
21.6119
21.6849
21.6868
21.616
21.6939
21.6889
21.6038
21.6761
21.6842
21.611
21.6849
21.682
21.6031
21.6782
21.6839
21.6031
21.6889
21.6801
21.6091
21.6889
21.692
21.6122
21.6818
21.6939
21.6081
21.6861
21.688
21.6179
21.6901
21.677
21.6122
21.673
21.6761
21.6048
21.6789
21.6861
21.6131
21.6851
21.692
21.611
21.6911
21.6889
21.6119
21.6949
21.6901
21.6191
21.683
21.6849
21.6091
21.6758
21.6868
21.6119
21.6808
21.6942
21.6022
21.6792
21.6799
21.6801
21.6751
21.6889
21.6091
21.693
21.6889
21.6088
21.678
21.6861
21.615
21.687
21.677
21.6112
21.683
21.6792
21.6131
21.678
21.692
21.6839
21.6861
21.6851
21.6088
21.6839
21.683
21.6069
21.6808
21.682
21.611
21.6861
21.6749
21.6069
21.6892
21.6069
21.6858
21.683
21.673
21.615
21.6749
21.6761
21.683
21.687
21.682
21.6849
21.6839
21.6839
21.605
21.6939
21.6811
21.6112
21.673
21.6849
21.6019
21.6811
21.6911
21.61
21.678
21.683
21.687
21.6861
21.687
21.6119
21.6832
21.683
21.606
21.6801
21.6911
21.615
21.683
21.6851
21.616
21.682
21.6801
21.687
21.6801
21.677
21.601
21.6701
21.6889
21.6012
21.682
21.683
21.6868
21.6811
21.683
21.606
21.6811
21.6901
21.61
21.6742
21.677
21.6799
21.6842
21.6861
21.6081
21.687
21.6911
21.6148
21.6911
21.6801
21.6091
21.6761
21.6899
21.668
21.6918
21.6751
21.605
21.6789
21.6932
21.601
21.6789
21.683
21.6041
21.666
21.672
21.6901
21.683
21.6899
21.606
21.6842
21.6839
21.6091
21.6742
21.6811
21.6091
21.6899
21.683
21.615
21.672
21.6899
21.605
21.6849
21.6849
21.6908
21.6951
21.6911
21.6122
21.6861
21.6801
21.6069
21.6911
21.6911
21.6131
21.6742
21.6739
21.672
21.6858
21.688
21.6131
21.6758
21.6842
21.6022
21.6889
21.682
21.687
21.682
21.6861
21.601
21.6751
21.673
21.6129
21.6711
21.6711
21.61
21.6811
21.6739
21.6758
21.6799
21.682
21.605
21.692
21.683
21.6119
21.6858
21.682
21.6088
21.6711
21.677
21.6708
21.6799
21.682
21.61
21.687
21.6799
21.611
21.683
21.6799
21.6122
21.683
21.6889
21.6119
21.6761
21.6761
21.6849
21.6851
21.6799
21.6048
21.687
21.6742
21.667
21.693
21.6949
21.605
21.678
21.6849
21.6219
21.6918
21.6968
21.606
21.687
21.704
21.6119
21.6789
21.6949
21.6162
21.6811
21.6849
21.6069
21.678
21.673
21.6122
21.668
21.6832
21.605
21.672
21.6789
21.6889
21.6949
21.683
21.6222
21.6908
21.6899
21.6141
21.6801
21.6751
21.6749
21.6799
21.703
21.611
21.6858
21.6939
21.6131
21.692
21.672
21.61
21.6761
21.682
21.6808
21.678
21.678
21.6038
21.6942
21.682
21.611
21.6849
21.6908
21.682
21.6959
21.692
21.6889
21.683
21.677
21.687
21.6839
21.6849
21.688
21.605
21.6751
21.6792
21.6849
21.678
21.678
21.6849
21.677
21.682
21.668
21.6858
21.682
21.6048
21.6761
21.6849
21.683
21.692
21.683
21.672
21.683
21.6701
21.678
21.692
21.6792
21.688
21.677
21.6849
21.6792
21.682
21.6889
21.677
21.678
21.687
21.688
21.6858
21.6799
21.6799
21.6811
21.6858
21.6799
21.682
21.6849
21.673
21.6899
21.682
21.6851
21.683
21.683
21.6858
21.682
21.6711
21.6849
21.6899
21.677
21.6892
21.688
21.682
21.6808
21.677
21.682
21.687
21.673
21.682
21.678
21.6789
21.672
21.6761
21.6749
21.6739
21.673
21.682
21.673
21.6839
21.668
21.673
21.672
21.6789
21.6749
21.678
21.693
21.6861
21.673
21.6908
21.6851
21.6758
21.683
21.6861
21.6808
21.6789
21.6861
21.677
21.6739
21.683
21.6861
21.6742
21.6811
21.683
21.6839
21.6761
21.6839
21.6811
21.682
21.683
21.6799
21.6749
21.673
21.677
21.678
21.6758
21.677
21.6832
21.6868
21.6849
21.677
21.682
21.6799
21.678
21.6749
21.677
21.6849
21.692
21.6851
21.6892
21.6811
21.678
21.6761
21.6808
21.6861
21.6711
21.6699
21.6749
21.678
21.6799
21.678
21.683
21.6782
21.6739
21.6761
21.672
21.6849
21.6849
21.6699
21.6749
21.677
21.6739
21.6699
21.687
21.6761
21.6739
21.6761
21.682
21.6851
21.6751
21.677
21.6761
21.6751
21.673
21.6799
21.6799
21.6761
21.6868
21.6851
21.6801
21.6749
21.682
21.6761
21.682
21.677
21.6861
21.6892
21.673
21.6792
21.678
21.687
21.6868
21.6789
21.6758
21.6749
21.683
21.6749
21.6799
21.6761
21.6742
21.677
21.673
21.678
21.6839
21.687
21.6801
21.693
21.683
21.6708
21.6789
21.6749
21.673
21.6792
21.6761
21.677
21.682
21.678
21.678
21.6792
21.672
21.6758
21.677
21.678
21.6811
21.6811
21.682
21.683
21.673
21.6739
21.6758
21.6799
21.6789
21.7011
21.683
21.61
21.6739
21.682
21.6811
21.6789
21.692
21.6761
21.6751
21.6811
21.6751
21.672
21.6749
21.683
21.6808
21.6901
21.6801
21.6811
21.533
21.6801
21.682
21.673
21.6701
21.683
21.6799
21.6792
21.682
21.673
21.6701
21.673
21.673
21.6789
21.6701
21.688
21.6811
21.6799
21.6789
21.683
21.672
21.6899
21.6739
21.6699
21.678
21.6739
21.6761
21.6799
21.6801
21.6889
21.6708
21.678
21.6739
21.6742
21.678
21.678
21.6739
21.7359
21.687
21.6889
21.6899
21.6861
21.6801
21.6861
21.678
21.6639
21.6799
21.6739
21.673
21.6849
21.6701
21.6758
21.6699
21.6789
21.682
21.687
21.687
21.6861
21.682
21.6839
21.6911
21.677
21.693
21.6758
21.677
21.6789
21.6711
21.6711
21.6761
21.677
21.6861
21.6792
21.6799
21.6761
21.6742
21.6792
21.6751
21.6732
21.672
21.6739
21.678
21.672
21.678
21.673
21.6732
21.6749
21.6782
21.6811
21.6801
21.6751
21.678
21.6739
21.677
21.6751
21.683
21.677
21.6801
21.6789
21.7409
21.673
21.6758
21.6801
21.6758
21.7299
21.6792
21.6839
21.6789
21.6751
21.677
21.7419
21.687
21.6801
21.6761
21.6892
21.6758
21.6739
21.673
21.672
21.677
21.687
21.6839
21.6751
21.682
21.6818
21.6808
21.677
21.6691
21.677
21.7321
21.6789
21.6711
21.6761
21.6742
21.672
21.734
21.6799
21.6711
21.6749
21.677
21.6792
21.6711
21.6842
21.6749
21.682
21.6842
21.687
21.6868
21.6749
21.682
21.6861
21.6849
21.6899
21.6808
21.6751
21.6789
21.6761
21.6699
21.682
21.678
21.6711
21.677
21.692
21.6811
21.6792
21.6801
21.677
21.677
21.6861
21.6761
21.678
21.74
21.6801
21.6761
21.693
21.6742
21.6701
21.6801
21.6761
21.74
21.672
21.667
21.682
21.667
21.678
21.6749
21.7321
21.688
21.6742
21.6792
21.677
21.755
21.678
21.6842
21.6842
21.6701
21.755
21.6789
21.672
21.678
21.6701
21.6739
21.6742
21.678
21.6882
21.6761
21.6801
21.6839
21.6749
21.7409
21.6901
21.688
21.682
21.6918
21.678
21.6789
21.734
21.6908
21.6761
21.677
21.672
21.6761
21.6799
21.6839
21.682
21.6911
21.6851
21.678
21.7528
21.6849
21.6849
21.6739
21.7328
21.682
21.6889
21.678
21.6792
21.672
21.6889
21.687
21.6811
21.6951
21.672
