30.9031
13.397
13.3889
13.4048
13.4189
13.4461
13.3951
13.4189
13.3929
13.4561
13.4499
13.4261
13.484
13.3779
13.3479
13.3891
13.401
13.37
13.3789
13.448
13.489
13.4139
13.36
13.4048
13.4578
13.387
13.453
13.4039
13.4051
13.3591
13.3882
13.3829
13.4201
13.3669
13.4089
13.4501
13.4909
13.4559
13.4232
13.4768
13.4029
13.3679
13.3939
13.4151
13.3832
13.4039
13.377
13.4251
13.37
13.406
13.4161
13.396
13.4451
13.371
13.4189
13.4799
13.4029
13.4089
13.4311
13.4151
13.375
13.382
13.412
13.412
13.386
13.3789
13.4099
13.4649
13.3791
13.463
13.3979
13.3739
13.3789
13.448
13.4082
13.427
13.478
13.4749
13.478
13.3801
13.3791
13.4261
13.4699
13.3698
13.4139
13.4001
13.3941
13.3991
13.3719
13.4711
13.3929
13.3672
13.4599
13.407
13.407
13.387
13.391
13.468
13.468
13.4201
13.386
13.4552
13.402
13.4301
13.4659
13.3939
13.4151
13.411
13.355
13.3691
13.4332
13.4349
13.412
13.4251
13.418
13.428
13.3839
13.437
13.3791
13.3641
13.418
13.443
13.411
13.3829
13.401
13.3839
13.391
13.483
13.401
13.3891
13.3801
13.4192
13.3722
13.3941
13.464
13.3932
13.3898
13.4108
13.3491
13.3979
13.406
13.3901
13.4461
13.377
13.3882
13.406
13.3951
13.469
13.382
13.4029
13.4041
13.3631
13.4099
13.396
13.3951
13.4139
13.33
13.3929
13.3729
13.4661
13.3879
13.3979
13.443
13.4721
13.391
13.4711
13.3569
13.3939
13.4621
13.411
13.377
13.3841
13.4079
13.3991
13.3691
13.3641
13.3691
13.3789
13.4029
13.3951
13.4499
13.3829
13.437
13.418
13.4289
13.3901
13.3698
13.397
13.4649
13.4349
13.36
13.3858
13.4299
13.4158
13.33
13.401
13.4079
13.397
13.386
13.401
13.4089
13.3991
13.4149
13.422
13.397
13.402
13.396
13.4141
13.4051
13.366
13.3672
13.3688
13.4149
13.4091
13.406
13.406
13.36
13.3932
13.3829
13.4208
13.3979
13.391
13.4001
13.355
13.3798
13.3679
13.3772
13.418
13.376
13.4039
13.387
13.4161
13.3791
13.356
13.4001
13.3679
13.4048
13.4048
13.4208
13.3889
13.4041
13.3851
13.3781
13.4201
13.4559
13.361
13.478
13.4699
13.4442
13.3951
13.413
13.355
13.4091
13.361
13.396
13.3791
13.407
13.4072
13.401
13.3729
13.4339
13.4041
13.392
13.4349
13.4201
13.433
13.401
13.4361
13.402
13.391
13.4149
13.3741
13.36
13.4158
13.361
13.437
13.387
13.406
13.3741
13.402
13.4079
13.4311
13.391
13.4308
13.4389
13.386
13.3932
13.4561
13.3948
13.3889
13.361
13.418
13.4041
13.4408
13.4239
13.3801
13.3841
13.365
13.4182
13.3739
13.4149
13.4032
13.4101
13.479
13.4652
13.3729
13.3619
13.4251
13.3739
13.4399
13.3922
13.397
13.3832
13.453
13.4401
13.4289
13.36
13.4258
13.4001
13.3622
13.371
13.3781
13.5
13.3829
13.392
13.3948
13.3839
13.4332
13.4029
13.391
13.361
13.463
13.3841
13.418
13.3829
13.464
13.407
13.3879
13.4358
13.417
13.453
13.449
13.344
13.4101
13.3932
13.3679
13.428
13.407
13.4521
13.4189
13.3829
13.3991
13.411
13.411
13.3681
13.375
13.36
13.406
13.377
13.3998
13.422
13.4001
13.447
13.402
13.3841
13.3541
13.4621
13.392
13.396
13.3889
13.3851
13.4611
13.3979
13.402
13.3789
13.411
13.365
13.4258
13.3791
13.3941
13.377
13.49
13.428
13.4702
13.375
13.3879
13.407
13.4292
13.4041
13.3951
13.3729
13.3901
13.3882
13.428
13.3791
13.386
13.4289
13.412
13.4211
13.3779
13.401
13.448
13.3739
13.3772
13.3951
13.4499
13.3779
13.4461
13.3839
13.3951
13.3951
13.4211
13.402
13.3991
13.412
13.4492
13.418
13.397
13.3932
13.3979
13.3951
13.401
13.4292
13.4699
13.3672
13.4001
13.382
13.3841
13.4041
13.428
13.401
13.402
13.3669
13.453
13.381
13.381
13.3791
13.412
13.3739
13.4351
13.3779
13.3688
13.406
13.386
13.4048
13.417
13.366
13.413
13.3951
13.3891
13.4571
13.3691
13.375
13.4091
13.4211
13.449
13.4242
13.391
13.3741
13.396
13.375
13.4301
13.407
13.376
13.4628
13.361
13.3901
13.3829
13.427
13.411
13.4051
13.411
13.3901
13.406
13.36
13.381
13.4401
13.34
13.382
13.433
13.376
13.402
13.4501
13.4029
13.437
13.4108
13.397
13.4001
13.4039
13.489
13.392
13.37
13.3741
13.371
13.396
13.392
13.4141
13.3629
13.4709
13.3801
13.4671
13.401
13.4099
13.3719
13.3991
13.37
13.3901
13.4242
13.386
13.4101
13.4048
13.4089
13.4492
13.3979
13.3791
13.3832
13.4308
13.402
13.3851
13.4091
13.386
13.3801
13.381
13.3901
13.438
13.3901
13.3789
13.4809
13.412
13.381
13.4859
13.365
13.392
13.4158
13.37
13.504
13.4141
13.402
13.4001
13.401
13.3779
13.3939
13.3841
13.396
13.3681
13.3691
13.3729
13.4189
13.386
13.4182
13.4289
13.4158
13.3719
13.447
13.4401
13.3979
13.4101
13.387
13.4208
13.4161
13.407
13.382
13.406
13.4108
13.4048
13.4008
13.422
13.37
13.4289
13.458
13.3669
13.423
13.3681
13.4041
13.468
13.3741
13.3779
13.3982
13.4079
13.396
13.371
13.396
13.4149
13.3979
13.375
13.418
13.401
13.4251
13.3719
13.3669
13.3879
13.3798
13.3648
13.3829
13.4211
13.401
13.464
13.365
13.3882
13.3729
13.3998
13.4258
13.4752
13.4981
13.5171
13.417
13.3941
13.392
13.4001
13.386
13.479
13.3801
13.4451
13.4001
13.447
13.3951
13.411
13.4029
13.423
13.4158
13.3698
13.3989
13.396
13.4149
13.4101
13.3882
13.4161
13.3829
13.4079
13.4571
13.433
13.3889
13.4392
13.3779
13.4189
13.382
13.392
13.382
13.407
13.4618
13.3729
13.3839
13.4249
13.4132
13.3879
13.4029
13.3781
13.3839
13.386
13.4389
13.432
13.4411
13.4101
13.417
13.3739
13.3619
13.4139
13.386
13.4399
13.3629
13.4141
13.4611
13.442
13.417
13.412
13.4521
13.3891
13.4001
13.381
13.3798
13.3858
13.3741
13.3431
13.4041
13.411
13.449
13.4032
13.3491
13.4439
13.381
13.423
13.392
13.469
13.478
13.3641
13.4151
13.3941
13.4051
13.417
13.3939
13.427
13.3851
13.3669
13.3889
13.3679
13.463
13.4671
13.386
13.3879
13.371
13.346
13.3641
13.3591
13.35
13.392
13.473
13.387
13.4089
13.4091
13.3829
13.413
13.391
13.381
13.4199
13.3739
13.3979
13.3841
13.4699
13.392
13.4029
13.423
13.4139
13.3939
13.4802
13.3879
13.3851
13.3882
13.4251
13.406
13.3982
13.3989
13.459
13.423
13.4139
13.4151
13.406
13.4051
13.4611
13.4139
13.3989
13.4141
13.3781
13.4649
13.3841
13.4699
13.386
13.4051
13.417
13.4091
13.3882
13.4311
13.485
13.4521
13.4201
13.469
13.3598
13.3669
13.397
13.3982
13.4449
13.3328
13.3579
13.375
13.4311
13.387
13.4039
13.3851
13.3832
13.4201
13.397
13.484
13.397
13.52
13.4001
13.3901
13.4649
13.4749
13.413
13.4389
13.448
13.4091
13.356
13.4151
13.371
13.391
13.3779
13.406
13.495
13.418
13.3839
13.401
13.411
13.3929
13.4029
13.4151
13.397
13.4032
13.387
13.4702
13.3741
13.485
13.464
13.381
13.418
13.3829
13.4511
13.3801
13.3722
13.4668
13.387
13.3672
13.4599
13.4149
13.3379
13.448
13.3779
13.3781
13.4749
13.3879
13.478
13.35
13.3998
13.4089
13.4821
13.4621
13.412
13.4039
13.437
13.377
13.356
13.3929
13.387
13.4211
13.387
13.4361
13.3631
13.386
13.4139
13.3429
13.3598
13.4139
13.401
13.3719
13.432
13.397
13.4199
13.4051
13.4242
13.3951
13.3801
13.4299
13.4368
13.381
13.3901
13.386
13.4592
13.3979
13.458
13.3979
13.3951
13.377
13.4089
13.4611
13.468
13.3872
13.3579
13.3839
13.396
13.433
13.3801
13.3958
13.418
13.412
13.382
13.3739
13.4802
13.468
13.4611
13.365
13.3979
13.377
13.392
13.3879
13.4029
13.401
13.3891
13.3948
13.392
13.4811
13.3741
13.371
13.3779
13.4079
13.3982
13.391
13.4001
13.407
13.355
13.401
13.4108
13.377
13.387
13.3579
13.3901
13.3832
13.4211
13.397
13.4091
13.375
13.406
13.4249
13.4032
13.4089
13.4809
13.3991
13.4711
13.3891
13.4659
13.4079
13.4101
13.391
13.3898
13.473
13.4029
13.3932
13.3541
13.402
13.401
13.413
13.4099
13.4001
13.4442
13.407
13.422
13.4869
13.4339
13.4001
13.4029
13.387
13.3741
13.464
13.391
13.4361
13.3531
13.4141
13.3629
13.3469
13.392
13.3679
13.4141
13.4711
13.3691
13.411
13.396
13.4621
13.396
13.4261
13.4001
13.3722
13.4339
13.411
13.396
13.412
13.3991
13.3889
13.3891
13.458
13.3948
13.474
13.4289
13.3941
13.4029
13.4149
13.4101
13.3562
13.3641
13.417
13.4001
13.3741
13.4239
13.381
13.4299
13.3889
13.3891
13.36
13.418
13.3872
13.4759
13.422
13.365
13.417
13.361
13.4299
13.3638
13.417
13.4199
13.3889
13.3951
13.4091
13.3629
