50.3271
35.3432
35.336
35.3279
35.3329
35.331
35.3291
35.326
35.3289
35.3231
35.331
35.327
35.326
35.326
35.321
35.341
35.3301
35.3341
35.3289
35.327
35.3291
35.3351
35.522
35.3298
35.3279
35.3289
35.3389
35.331
35.3348
35.3348
35.336
35.3239
35.3301
35.3339
35.3239
35.3329
35.331
35.3339
35.332
35.327
35.321
35.3279
35.326
35.321
35.341
35.326
35.321
35.3341
35.326
35.327
35.3301
35.3348
35.326
35.3241
35.3301
35.3391
35.321
35.3229
35.3229
35.3289
35.3279
35.3332
35.327
35.3251
35.3301
35.326
35.331
35.3301
35.3289
35.3301
35.3291
35.3301
35.3251
35.3301
35.327
35.331
35.3379
35.336
35.341
35.3251
35.3291
35.3301
35.3241
35.322
35.3298
35.3329
35.3191
35.3222
35.326
35.3241
35.3279
35.332
35.3241
35.3289
35.326
35.332
35.3301
35.3301
35.331
35.3279
35.3358
35.3289
35.3239
35.3248
35.331
35.332
35.327
35.3348
35.3398
35.3289
35.3272
35.3229
35.3329
35.326
35.3272
35.327
35.3281
35.3251
35.3291
35.332
35.3239
35.326
35.3279
35.3222
35.331
35.3241
35.331
35.3251
35.337
35.3279
35.3291
35.3341
35.331
35.327
35.3329
35.322
35.326
35.3241
35.3301
35.327
35.32
35.3298
35.327
35.3291
35.3301
35.3251
35.3291
35.3391
35.3279
35.332
35.3251
35.332
35.3332
35.3279
35.327
35.326
35.3241
35.3272
35.3351
35.337
35.3351
35.3322
35.3279
35.331
35.327
35.326
35.3272
35.326
35.3301
35.321
35.327
35.3301
35.3289
35.327
35.3289
35.327
35.341
35.3341
35.3281
35.3191
35.326
35.332
35.3308
35.3339
35.3281
35.3351
35.3329
35.3329
35.3272
35.3329
35.326
35.326
35.3279
35.3298
35.331
35.3341
35.337
35.3258
35.3239
35.3279
35.3291
35.3229
35.321
35.326
35.3281
35.326
35.326
35.331
35.327
35.3289
35.3332
35.331
35.3329
35.3348
35.3248
35.327
35.322
35.3272
35.337
35.3251
35.332
35.3281
35.322
35.3301
35.326
35.331
35.322
35.327
35.3229
35.327
35.3298
35.3348
35.3339
35.3241
35.326
35.326
35.3279
35.3191
35.3251
35.3341
35.331
35.3231
35.327
35.3279
35.3291
35.326
35.3332
35.3279
35.3301
35.3241
35.3329
35.3322
35.326
35.3281
35.3348
35.326
35.3291
35.3391
35.326
35.3241
35.3379
35.3291
35.3279
35.332
35.3279
35.327
35.326
35.322
35.332
35.3291
35.3291
35.3281
35.327
35.3301
35.3351
35.3298
35.3239
35.3179
35.327
35.3301
35.327
35.3281
35.3291
35.3291
35.332
35.332
35.322
35.3329
35.3289
35.327
35.326
35.326
35.3251
35.331
35.3301
35.3251
35.3241
35.3239
35.326
35.3329
35.3301
35.326
35.3258
35.3298
35.326
35.3389
35.3229
35.3241
35.327
35.3398
35.3298
35.3332
35.3341
35.326
35.326
35.3198
35.3339
35.3281
35.32
35.326
35.3339
35.3291
35.3301
35.326
35.3251
35.331
35.3279
35.3332
35.3329
35.3291
35.3251
35.3301
35.3301
35.3251
35.327
35.3429
35.3382
35.3279
35.322
35.3291
35.3279
35.3239
35.3339
35.3289
35.3191
35.327
35.326
35.3251
35.3279
35.326
35.3289
35.3298
35.3298
35.321
35.327
35.3251
35.327
35.3229
35.332
35.327
35.321
35.3348
35.322
35.3231
35.3339
35.327
35.3291
35.327
35.3229
35.3332
35.3251
35.3298
35.3279
35.3231
35.332
35.3231
35.3291
35.3298
35.3289
35.3279
35.3291
35.3301
35.327
35.3281
35.321
35.331
35.3251
35.3379
35.327
35.3329
35.3332
35.3279
35.3279
35.327
35.326
35.3279
35.327
35.327
35.3301
35.331
35.3231
35.327
35.3281
35.3251
35.326
35.322
35.331
35.3351
35.3291
35.326
35.331
35.321
35.3281
35.3241
35.332
35.3281
35.336
35.331
35.3229
35.3251
35.3241
35.327
35.3289
35.3241
35.3272
35.3229
35.3289
35.332
35.3279
35.321
35.3251
35.3279
35.3279
35.3291
35.3241
35.3301
35.321
35.326
35.3291
35.331
35.336
35.3341
35.3241
35.326
35.3248
35.327
35.326
35.3281
35.326
35.3231
35.3341
35.3191
35.3241
35.322
35.3251
35.3291
35.3229
35.3379
35.3351
35.327
35.326
35.327
35.327
35.3298
35.3279
35.331
35.331
35.3348
35.327
35.327
35.327
35.322
35.3291
35.3289
35.327
35.3301
35.331
35.326
35.3229
35.3329
35.326
35.321
35.3289
35.3229
35.32
35.3251
35.3339
35.336
35.3231
35.32
35.326
35.3229
35.3322
35.336
35.3329
35.3281
35.321
35.332
35.321
35.3281
35.3301
35.331
35.3291
35.332
35.3251
35.326
35.3351
35.3289
35.3301
35.331
35.3348
35.332
35.3291
35.3251
35.3301
35.3239
35.378
35.3291
35.3251
35.3379
35.332
35.3329
35.3279
35.3301
35.331
35.3251
35.332
35.322
35.3301
35.3322
35.3279
35.3251
35.3348
35.321
35.3281
35.3251
35.3289
35.331
35.3279
35.327
35.3229
35.3401
35.322
35.3191
35.3301
35.327
35.3289
35.3281
35.326
35.3401
35.3341
35.3291
35.3339
35.322
35.3279
35.3279
35.326
35.342
35.3348
35.3279
35.3231
35.3279
35.3289
35.3251
35.3272
35.3279
35.3239
35.3301
35.327
35.326
35.326
35.3341
35.3241
35.336
35.336
35.3291
35.3251
35.3301
35.3241
35.3279
35.326
35.3379
35.3239
35.3222
35.3341
35.327
35.3272
35.3289
35.332
35.322
35.3289
35.3332
35.3291
35.3279
35.326
35.3289
35.326
35.327
35.326
35.3241
35.327
35.3251
35.322
35.3391
35.332
35.331
35.331
35.3289
35.326
35.3241
35.3329
35.3301
35.3322
35.326
35.3289
35.3251
35.3251
35.321
35.322
35.327
35.327
35.326
35.331
35.3301
35.3251
35.3291
35.3329
35.3251
35.3239
35.3258
35.3289
35.3289
35.331
35.326
35.3379
35.331
35.326
35.332
35.331
35.3351
35.3241
35.337
35.3291
35.3241
35.326
35.3241
35.3272
35.327
35.331
35.3241
35.332
35.3229
35.3281
35.332
35.3301
35.3251
35.3341
35.3281
35.331
35.3329
35.327
35.3291
35.331
35.3241
35.327
35.3229
35.3332
35.331
35.3291
35.327
35.332
35.3389
35.3301
35.3291
35.3382
35.327
35.3301
35.322
35.3239
35.3329
35.331
35.3351
35.332
35.326
35.326
35.3229
35.3251
35.3241
35.3281
35.3329
35.3289
35.3301
35.3248
35.332
35.3251
35.331
35.331
35.3229
35.3322
35.3239
35.3329
35.327
35.331
35.3279
35.3291
35.3222
35.3229
35.3301
35.3241
35.3341
35.331
35.3329
35.3291
35.326
35.3281
35.3301
35.3239
35.326
35.3301
35.3251
35.3272
35.326
35.3329
35.3372
35.326
35.332
35.3382
35.3289
35.331
35.3289
35.3329
35.3241
35.3251
35.3281
35.327
35.332
35.327
35.3231
35.3229
35.331
35.3301
35.331
35.3279
35.3279
35.3298
35.326
35.337
35.3291
35.3289
35.3389
35.3289
35.3291
35.337
35.3241
35.3231
35.331
35.321
35.3322
35.332
35.331
35.3351
35.327
35.3248
35.321
35.331
35.3241
35.332
35.3279
35.3329
35.3251
35.3329
35.3248
35.3799
35.3289
35.3279
35.3251
35.331
35.3241
35.336
35.327
35.3281
35.3301
35.332
35.332
35.3348
35.3298
35.326
35.327
35.326
35.3248
35.327
35.3241
35.3251
35.3279
35.3241
35.3241
35.3281
35.3301
35.327
35.327
35.3279
35.331
35.3389
35.3382
35.3351
35.32
35.3241
35.3291
35.3289
35.327
35.327
35.3248
35.327
35.3251
35.336
35.3291
35.3251
35.3332
35.331
35.327
35.3281
35.3291
35.331
35.3229
35.3272
35.331
35.3241
35.32
35.3241
35.327
35.3289
35.3241
35.331
35.3301
35.326
35.327
35.331
35.321
35.322
35.331
35.3281
35.326
35.332
35.3239
35.331
35.3279
35.326
35.3289
35.3398
35.3332
35.3291
35.322
35.326
35.3241
35.332
35.3289
35.3222
35.331
35.3279
35.327
35.3251
35.3301
35.331
35.3348
35.336
35.321
35.3329
35.3279
35.332
35.332
35.346
35.3291
35.326
35.326
35.3248
35.3279
35.3301
35.326
35.3281
35.327
35.3241
35.3281
35.3279
35.322
35.326
35.3279
35.342
35.331
35.326
35.3241
35.3231
35.3281
35.331
35.326
35.3231
35.3281
35.327
35.321
35.3379
35.3229
35.3231
35.3251
35.3301
35.3241
35.3301
35.332
35.32
35.3351
35.3251
35.3222
35.3291
35.3289
35.326
35.3291
35.3301
35.326
35.326
35.326
35.3289
35.337
35.337
35.326
35.3239
35.3279
35.3272
35.3191
35.3279
35.3291
35.3251
35.3281
35.326
35.3241
35.3291
35.3289
35.3239
35.3291
35.3281
35.326
35.3291
35.321
35.3281
35.3229
35.3298
35.332
35.3281
35.332
35.3341
35.3301
35.3281
35.3289
35.337
35.3291
35.327
35.326
35.327
35.3301
35.3279
35.3332
35.327
35.3281
35.3329
35.3251
35.331
35.332
35.3291
35.331
35.3239
35.3272
35.3279
35.3251
35.3258
35.3298
35.326
35.3251
35.336
35.3339
35.3489
35.3241
35.3231
35.322
35.331
35.3289
35.3289
35.3239
35.3248
35.3281
35.3241
35.3239
35.3289
35.327
35.3251
35.3291
35.337
35.32
35.3231
35.3301
35.331
35.3298
35.332
35.327
