0.0479221
0.0269413
0.0219345
0.0200272
0.0309944
0.0290871
0.0188351
0.0190735
0.0181198
0.0178814
0.0181198
0.0181198
0.0188351
0.0190735
0.0178814
0.0178814
0.0190735
0.0188351
0.0181198
0.0181198
0.0188351
0.0190735
0.0178814
0.0178814
0.0181198
0.0190735
0.0190735
0.0181198
0.0188351
0.0181198
0.0190735
0.0188351
0.0181198
0.0190735
0.0178814
0.0181198
0.0190735
0.0178814
0.0190735
0.0178814
0.0178814
0.0190735
0.0188351
0.0181198
0.0181198
0.0178814
0.0190735
0.0231266
0.0188351
0.0181198
0.0190735
0.0188351
0.0171661
0.0181198
0.0178814
0.0190735
0.0181198
0.0178814
0.0178814
0.0190735
0.0197887
0.0190735
0.0178814
0.0178814
0.0181198
0.0190735
0.0178814
0.0181198
0.0190735
0.0178814
0.0190735
0.0178814
0.0178814
0.0181198
0.0190735
0.0188351
0.0181198
0.0181198
0.0178814
0.0178814
0.0190735
0.0178814
0.0178814
0.0181198
0.0188351
0.0181198
0.0181198
0.0178814
0.0190735
0.0190735
0.0178814
0.0190735
0.0231266
0.0188351
0.0190735
0.0178814
0.0178814
0.0181198
0.0181198
0.0197887
0.0190735
0.0178814
0.0178814
0.0181198
0.0190735
0.0178814
0.0190735
0.0190735
0.0178814
0.0190735
0.0178814
0.0178814
0.0181198
0.0181198
0.0188351
0.0181198
0.0181198
0.0178814
0.0190735
0.0181198
0.0178814
0.0181198
0.0181198
0.0188351
0.0190735
0.0178814
0.0188351
0.0181198
0.0188351
0.0178814
0.0181198
0.0188351
0.0178814
0.0190735
0.0181198
0.0178814
0.0228882
0.0190735
0.0188351
0.0181198
0.0181198
0.0178814
0.0178814
0.0190735
0.0178814
0.0178814
0.0190735
0.0190735
0.0190735
0.0181198
0.0178814
0.0178814
0.0190735
0.0178814
0.0178814
0.0181198
0.0188351
0.0190735
0.0190735
0.0188351
0.0181198
0.0181198
0.0188351
0.0181198
0.0190735
0.0178814
0.0181198
0.0190735
0.0178814
0.0181198
0.0190735
0.0188351
0.0190735
0.0190735
0.0178814
0.0181198
0.0181198
0.0188351
0.0181198
0.0181198
0.0178814
0.0269413
0.0178814
0.0190735
0.0178814
0.0178814
0.0190735
0.0178814
0.0178814
0.0181198
0.0188351
0.0190735
0.0190735
0.0178814
0.0181198
0.0181198
0.0188351
0.0181198
0.0181198
0.0188351
0.0190735
0.0181198
0.0188351
0.0190735
0.0181198
0.0178814
0.0190735
0.0181198
0.0178814
0.0178814
0.0181198
0.0190735
0.0190735
0.0181198
0.0178814
0.0190735
0.0181198
0.0178814
0.0190735
0.0190735
0.0188351
0.0181198
0.0181198
0.0178814
0.0181198
0.0231266
0.0188351
0.0181198
0.0181198
0.0178814
0.0190735
0.0181198
0.0178814
0.0190735
0.0190735
0.0178814
0.0190735
0.0190735
0.0178814
0.0178814
0.0190735
0.0178814
0.0178814
0.0181198
0.0181198
0.0188351
0.0181198
0.0190735
0.0178814
0.0190735
0.0178814
0.0178814
0.0190735
0.0178814
0.0190735
0.0181198
0.0178814
0.0181198
0.0181198
0.0188351
0.0190735
0.0178814
0.0178814
0.0181198
0.0190735
0.0178814
0.0181198
0.0181198
0.0188351
0.0240803
0.0178814
0.0181198
0.0190735
0.0178814
0.0190735
0.0178814
0.0178814
0.0181198
0.0190735
0.0178814
0.0181198
0.0181198
0.0188351
0.0181198
0.0190735
0.0178814
0.0181198
0.0190735
0.0200272
0.0190735
0.0178814
0.0178814
0.0181198
0.0188351
0.0178814
0.0190735
0.0178814
0.0181198
0.0190735
0.0188351
0.0181198
0.0178814
0.0178814
0.0190735
0.0178814
0.0178814
0.0181198
0.0181198
0.0188351
0.0190735
0.0178814
0.0178814
0.0190735
0.0178814
0.0228882
0.0181198
0.0190735
0.0190735
0.0181198
0.0178814
0.0178814
0.0181198
0.0190735
0.0178814
0.0181198
0.0181198
0.0188351
0.0181198
0.0181198
0.0188351
0.0190735
0.0181198
0.0188351
0.0190735
0.0181198
0.0178814
0.0181198
0.0190735
0.0178814
0.0181198
0.0181198
0.0188351
0.0181198
0.0181198
0.0178814
0.0190735
0.0190735
0.027895
0.0128746
0.014782
0.0140667
0.0140667
0.0140667
0.0140667
0.013113
0.013113
0.0140667
0.0140667
0.0138283
0.0128746
0.0138283
0.0138283
0.0178814
0.0138283
0.0140667
0.0140667
0.0140667
0.0140667
0.0140667
0.013113
0.0140667
0.0140667
0.0140667
0.0128746
0.0128746
0.0138283
0.0138283
0.0140667
0.0128746
0.0140667
0.0140667
0.0140667
0.0140667
0.0140667
0.013113
0.0140667
0.0128746
0.0138283
0.0128746
0.0128746
0.0138283
0.0138283
0.0140667
0.0140667
0.013113
0.0150204
0.0140667
0.0140667
0.0128746
0.0140667
0.0138283
0.0138283
0.0128746
0.0138283
0.0140667
0.0150204
0.013113
0.0140667
0.0140667
0.013113
0.0140667
0.0140667
0.013113
0.0140667
0.0150204
0.0128746
0.0128746
0.0138283
0.0128746
0.0138283
0.0138283
0.0140667
0.0140667
0.0140667
0.0140667
0.0150204
0.0138283
0.0128746
0.0138283
0.0138283
0.0140667
0.0140667
0.013113
0.0140667
0.0140667
0.013113
0.013113
0.0140667
0.0140667
0.0140667
0.0128746
0.0140667
0.0138283
0.0128746
0.014782
0.0140667
0.0140667
0.0140667
0.0140667
0.0140667
0.0140667
0.0128746
0.0140667
0.0138283
0.0138283
0.0138283
0.0128746
0.0138283
0.0140667
0.0140667
0.0140667
0.0140667
0.013113
0.0140667
0.0138283
0.0138283
0.0128746
0.0138283
0.0138283
0.0140667
0.013113
0.0140667
0.0140667
0.0140667
0.013113
0.0140667
0.0140667
0.0140667
0.0140667
0.0128746
0.0138283
0.0138283
0.0138283
0.0140667
0.0128746
0.0140667
0.0140667
0.0140667
0.013113
0.0140667
0.0140667
0.0138283
0.0138283
0.0128746
0.0138283
0.0128746
0.0128746
0.0138283
0.0140667
0.0140667
0.013113
0.0150204
0.0140667
0.0140667
0.0128746
0.0140667
0.0138283
0.0138283
0.0138283
0.0140667
0.013113
0.0140667
0.0140667
0.0140667
0.013113
0.0140667
0.0150204
0.0138283
0.0138283
0.0128746
0.0138283
0.0138283
0.0140667
0.013113
0.0140667
0.0140667
0.0140667
0.013113
0.013113
0.0140667
0.013113
0.0140667
0.0140667
0.0140667
0.0138283
0.0128746
0.0138283
0.0138283
0.0128746
0.0128746
0.0140667
0.0150204
0.013113
0.0140667
0.013113
0.0140667
0.0128746
0.0140667
0.0138283
0.0138283
0.0138283
0.013113
0.013113
0.0140667
0.0140667
0.0140667
0.0140667
0.0128746
0.0128746
0.0138283
0.0138283
0.0138283
0.0140667
0.013113
0.013113
0.0140667
0.013113
0.013113
0.0140667
0.0140667
0.0138283
0.0138283
0.0128746
0.0150204
0.013113
0.015974
0.0150204
0.0138283
0.0150204
0.0150204
0.0140667
0.0138283
0.0140667
0.0140667
0.0140667
0.013113
0.013113
0.0150204
0.0150204
0.0140667
0.0140667
0.0138283
0.0150204
0.0140667
0.0140667
0.0140667
0.013113
0.0140667
0.014782
0.0140667
0.0140667
0.0150204
0.0140667
0.0138283
0.0150204
0.013113
0.0150204
0.013113
0.013113
0.0140667
0.0140667
0.014782
0.0150204
0.0219345
0.0150204
0.0140667
0.0150204
0.014782
0.015974
0.0140667
0.0140667
0.0128746
0.0128746
0.014782
0.0150204
0.0150204
0.0140667
0.0150204
0.0150204
0.0140667
0.0150204
0.0150204
0.0128746
0.0140667
0.013113
0.0150204
0.014782
0.0150204
0.0150204
0.0140667
0.0138283
0.0150204
0.0150204
0.0171661
0.013113
0.0140667
0.0140667
0.0140667
0.015974
0.0140667
0.0150204
0.0138283
0.0150204
0.0150204
0.0140667
0.0138283
0.0138283
0.0140667
0.013113
0.0140667
0.0140667
0.015974
0.0140667
0.0140667
0.0150204
0.0140667
0.0150204
0.0150204
0.013113
0.0140667
0.0140667
0.013113
0.0150204
0.0150204
0.0138283
0.0150204
0.0140667
0.0140667
0.0140667
0.0150204
0.0138283
0.0140667
0.0140667
0.0140667
0.013113
0.0150204
0.0138283
0.0150204
0.0150204
0.0140667
0.0150204
0.015974
0.0150204
0.014782
0.0128746
0.0138283
0.0150204
0.013113
0.013113
0.0140667
0.0140667
0.0140667
0.0128746
0.0138283
0.0138283
0.0128746
0.0150204
0.013113
0.0140667
0.013113
0.013113
0.0128746
0.0140667
0.0128746
0.0140667
0.0138283
0.0138283
0.0138283
0.0140667
0.013113
0.0140667
0.0140667
0.013113
0.013113
0.0140667
0.0150204
0.0128746
0.0140667
0.0128746
0.0128746
0.0138283
0.0138283
0.0140667
0.0128746
0.0140667
0.0138283
0.0128746
0.0128746
0.0138283
0.0138283
0.0140667
0.0140667
0.013113
0.013113
0.0150204
0.0140667
0.0138283
0.0128746
0.0138283
0.0138283
0.0138283
0.0140667
0.013113
0.013113
0.0140667
0.0140667
0.0140667
0.0140667
0.013113
0.0138283
0.0128746
0.0138283
0.0138283
0.0128746
0.0140667
0.013113
0.013113
0.0140667
0.0140667
0.0140667
0.0128746
0.0140667
0.0138283
0.0138283
0.0150204
0.0140667
0.0140667
0.0140667
0.0140667
0.0128746
0.0128746
0.0138283
0.0138283
0.0150204
0.0140667
0.0140667
0.0140667
0.0140667
0.0140667
0.0138283
0.0128746
0.0138283
0.0138283
0.0140667
0.0128746
0.013113
0.0140667
0.0140667
0.0140667
0.0140667
0.0128746
0.0128746
0.0140667
0.0140667
0.0140667
0.0150204
0.013113
0.0150204
0.0128746
0.0138283
0.0138283
0.0140667
0.0140667
0.0150204
0.013113
0.013113
0.0140667
0.0140667
0.0138283
0.0138283
0.0140667
0.0128746
0.0150204
0.0140667
0.013113
0.013113
0.0140667
0.0140667
0.0140667
0.0140667
0.013113
0.0140667
0.0140667
0.0140667
0.013113
0.013113
0.0140667
0.0140667
0.0138283
0.0128746
0.0128746
0.0138283
0.0140667
0.0140667
0.0140667
0.013113
0.0140667
0.013113
0.0140667
0.013113
0.013113
0.0140667
0.0140667
0.0138283
0.0138283
0.0128746
0.0138283
0.0140667
0.0140667
0.013113
0.0200272
0.0140667
0.0140667
0.0140667
0.0128746
0.0140667
0.0150204
0.0128746
0.0140667
0.0150204
0.013113
0.0140667
0.0140667
0.0138283
0.0128746
0.014782
0.0128746
0.0150204
0.0140667
0.013113
0.0140667
0.0140667
0.0140667
0.013113
0.0128746
0.0140667
0.0128746
0.0138283
0.0140667
0.0140667
0.0140667
0.0140667
0.0140667
0.0140667
0.013113
0.0138283
0.0138283
0.0140667
0.0128746
0.0140667
0.0140667
0.0140667
0.0140667
0.013113
0.0140667
0.0140667
0.0140667
0.013113
0.0128746
0.014782
0.0128746
0.0138283
0.0140667
0.0128746
0.0150204
0.013113
0.0140667
0.0140667
0.013113
0.0140667
0.0128746
0.0140667
0.0169277
0.0140667
0.0140667
0.0140667
0.0138283
0.0128746
0.0138283
0.0150204
0.013113
0.0140667
0.0140667
0.0140667
0.0140667
0.0140667
0.0140667
0.0128746
0.0140667
0.0138283
0.0138283
0.0140667
0.0128746
0.0140667
0.013113
0.0140667
0.013113
0.013113
0.0140667
0.0150204
0.0128746
0.0140667
0.0138283
0.0138283
0.0128746
0.0138283
0.0140667
0.0140667
0.0140667
0.0140667
0.013113
0.0140667
0.013113
0.0128746
0.0128746
0.0138283
0.0138283
0.0128746
0.0140667
0.013113
0.013113
0.0140667
0.0140667
0.0140667
0.013113
0.0140667
0.0140667
0.0138283
0.0138283
0.0128746
0.0138283
0.0140667
0.0150204
0.013113
0.0140667
0.0140667
0.0128746
0.0140667
0.0138283
0.0138283
0.0128746
0.0128746
0.0140667
0.0140667
0.013113
0.0140667
0.0140667
0.0150204
0.013113
0.0140667
