41.7778
37.3471
37.317
37.4849
37.008
36.9251
37.1881
37.2591
37.0781
37.5049
37.2779
37.0288
37.251
37.086
37.4539
37.138
37.3168
37.2601
37.2891
37.499
37.4069
37.1399
37.22
37.2829
37.3349
37.3759
37.4141
37.307
37.3931
37.441
37.1759
37.246
37.215
37.261
37.2231
37.535
37.2999
37.3399
37.2028
37.37
37.2159
37.498
37.163
37.3621
37.426
37.142
37.185
37.2422
37.277
37.4441
37.4038
37.4279
37.3559
37.1668
37.5121
37.2341
37.2701
37.2138
37.221
37.564
37.1709
37.2391
37.2078
37.528
37.4691
37.2181
37.394
37.374
37.4191
37.127
37.297
37.092
37.2751
37.266
37.3702
37.179
37.5252
37.214
37.358
37.4
37.3552
37.3211
37.05
37.2
37.1618
37.2269
37.04
37.554
37.4942
37.276
37.3871
37.2698
37.1339
37.261
37.2779
37.2539
37.1149
37.185
37.1799
37.1008
37.4691
37.41
37.487
37.4041
37.1881
37.3662
37.2581
37.3089
37.4229
37.482
37.343
37.606
37.2779
37.1048
37.436
37.08
37.2629
37.5059
37.4351
37.117
37.2479
37.255
37.1401
37.2992
37.292
37.4448
37.401
37.4022
37.5221
37.4269
37.4162
37.1649
37.102
37.3161
37.2081
37.302
37.364
37.2622
37.5462
37.421
37.0538
37.0369
37.2109
37.3309
37.0929
37.2179
37.1509
37.369
37.3101
37.3352
37.286
37.0202
37.3931
37.3371
37.2741
37.328
37.2791
37.241
37.343
37.3349
37.3969
37.354
37.323
37.3831
37.293
37.2739
37.5171
37.096
37.2601
37.416
37.246
37.292
37.2782
37.2431
37.3201
37.291
37.4448
37.159
37.3771
37.3051
37.297
37.4169
37.2229
37.2062
37.3909
37.2369
37.375
37.545
37.118
37.308
37.1282
37.308
37.2601
37.2779
37.241
37.2798
37.317
37.3249
37.271
37.3862
37.1749
37.3909
37.0591
36.974
37.236
37.384
37.2732
37.5929
37.3402
37.3399
37.478
37.4601
37.5161
37.0562
37.245
37.3411
37.3311
37.0162
37.317
37.4119
37.185
37.2219
37.236
37.158
37.3058
37.41
37.329
37.2679
37.21
37.1861
37.3449
37.1289
37.3509
37.334
37.3609
37.6139
37.2469
37.0901
37.4162
37.3809
37.508
37.1928
37.473
37.179
37.539
37.1928
37.5419
37.2651
37.266
37.4861
37.091
37.0748
37.379
37.24
37.3168
37.204
37.1561
37.317
37.5462
37.5762
36.957
37.1261
37.415
37.169
37.195
37.3518
37.6
37.2968
37.359
37.1499
37.2238
37.2601
37.2961
37.5049
37.2319
37.313
37.3981
37.2062
37.5311
37.3771
37.0169
37.3299
37.075
37.292
37.2691
37.3192
37.5221
37.1618
37.4398
37.2109
37.2338
37.071
37.426
37.4839
37.4041
37.1921
37.6
37.3118
37.3459
37.2081
37.1802
37.6141
37.0591
37.3111
37.375
37.5791
37.1451
37.2951
37.1978
37.37
37.4012
37.1261
37.3631
37.2851
37.2109
37.3042
37.1339
37.1649
37.271
37.292
37.3359
37.1878
37.1389
37.1158
37.1349
37.2009
37.1878
37.2801
37.3821
37.2281
37.111
37.1368
37.322
37.2772
37.4041
37.2751
37.061
37.215
37.2531
37.4589
37.431
37.287
37.334
37.3499
37.4682
37.1771
37.59
37.189
37.4489
37.2491
37.178
37.1079
37.1139
37.236
37.0631
37.4751
37.0731
37.3821
37.4279
37.384
37.5321
37.297
37.3251
37.2341
37.3962
37.0319
37.2
37.2379
37.3089
37.3869
37.323
37.214
36.9689
37.364
37.6132
37.1451
37.2391
37.36
37.1461
37.3008
37.451
37.1439
37.1151
37.586
37.473
37.2891
37.2992
37.1881
36.999
37.2901
37.1261
37.112
37.466
37.4579
37.225
37.1399
37.1192
37.39
36.9148
37.4141
37.334
37.4639
37.297
37.533
37.1418
37.3449
37.3919
37.4579
37.2691
37.2319
37.38
37.2858
37.389
37.4091
37.2391
37.312
37.2331
37.06
37.565
37.138
37.348
37.524
37.3678
37.143
37.147
37.251
37.2322
37.5841
37.4351
37.375
37.5869
37.276
37.2479
37.2791
37.4711
37.1361
37.328
37.4072
37.3871
37.2341
37.2331
37.1661
37.291
37.3869
37.1289
37.1981
37.2062
37.353
37.5171
37.288
36.973
37.195
37.472
37.1931
37.159
37.6239
36.9921
37.4382
37.1509
37.3461
37.3909
37.2019
37.354
37.1962
37.8489
37.3359
37.4959
37.2961
37.1292
37.2419
37.2179
37.2989
37.5309
37.4918
37.3919
37.4389
37.586
37.0979
37.25
37.2
37.4489
37.379
37.209
37.4849
37.2269
37.3559
37.631
37.272
37.0688
37.2829
37.334
36.947
37.334
37.179
37.4
37.42
37.344
37.3449
37.0221
37.204
37.2231
37.2431
37.245
37.2939
37.25
37.374
37.1699
37.2589
37.046
37.205
37.7378
37.42
37.431
37.2632
37.421
37.4711
37.0181
37.1511
37.3099
37.4599
37.4329
37.169
37.2541
37.209
37.425
37.1032
37.4379
37.5628
37.2789
37.2069
37.4579
37.605
37.2
37.2641
37.255
37.312
37.421
37.4498
37.2798
37.056
37.3719
37.261
37.2529
37.2479
37.359
37.189
37.344
37.627
37.3969
37.3559
37.5588
37.4711
37.147
37.2031
37.2782
37.3559
37.4351
37.4792
37.194
37.4749
37.071
37.5111
37.179
37.2949
37.3111
37.07
37.415
37.5478
37.2519
37.379
37.159
37.415
37.128
37.298
37.1521
37.3981
37.092
37.2779
37.0529
37.3759
37.3261
37.406
37.3991
37.2901
37.4041
37.5118
37.262
37.179
37.529
37.1289
37.792
37.096
37.1711
37.3032
36.9
37.3671
37.4732
37.3011
37.0991
37.271
37.082
37.523
37.3819
37.313
37.2801
37.271
37.138
37.184
37.096
37.25
37.1199
37.3049
37.6499
37.0922
37.1089
37.261
37.0679
37.2338
37.1361
37.5969
37.4548
37.0629
37.4629
37.2128
37.246
37.0631
37.3058
37.5459
37.256
37.472
37.2901
37.241
37.245
37.2012
37.1721
37.4341
37.1592
37.246
37.2431
37.236
37.421
37.349
37.426
37.0851
37.08
37.534
37.147
37.3728
37.2519
37.2272
37.338
37.3559
37.3309
37.2
37.039
37.256
37.297
37.3831
37.2319
37.2291
37.1468
37.148
37.2741
37.132
37.2598
37.266
37.194
37.1189
37.164
37.0951
37.4951
37.2531
37.1599
37.2369
37.4279
37.353
37.3349
37.169
37.1389
37.477
37.3411
37.4529
37.2751
37.2009
37.5159
37.339
37.4181
37.3831
37.1399
37.3638
37.1459
37.1189
37.2839
37.262
37.2801
37.2019
37.37
37.436
37.4351
37.205
37.2651
37.2491
37.5259
37.1091
37.2062
37.3092
37.149
37.1439
37.2181
37.0278
37.426
37.1611
37.461
36.972
37.117
37.3812
37.0581
37.358
37.184
37.529
37.468
37.266
37.411
37.271
37.0641
37.2539
37.3559
37.4782
37.4329
37.255
37.246
37.549
37.497
37.277
37.466
37.4391
37.297
37.25
37.338
37.2939
37.255
37.0882
37.204
37.3201
37.416
37.132
37.3681
37.6151
37.2941
37.5412
37.4479
37.6019
37.2651
37.4379
37.287
37.256
37.4062
37.349
37.3061
37.3368
37.1051
37.487
36.9639
37.3821
37.0672
37.291
37.472
37.214
37.297
37.1249
37.1311
37.0779
37.3871
37.2272
37.473
37.2219
37.0719
36.9952
37.4711
37.0951
37.5891
37.3349
37.168
37.472
37.0688
37.0629
37.3359
37.466
37.0731
37.1618
37.3869
37.3299
37.2961
37.2789
37.1609
37.2651
37.174
37.0119
37.4548
37.184
37.1761
37.3371
37.1878
37.286
37.272
37.2801
37.4029
37.663
37.328
37.3218
37.086
37.374
37.199
37.4441
37.2241
37.256
37.1349
37.3969
37.1432
37.317
37.0941
37.1101
37.2591
37.3771
37.5681
37.297
37.4379
37.024
37.1518
37.0791
37.143
37.384
37.184
37.1852
37.333
37.205
37.3461
37.3771
37.42
37.4839
37.3998
37.1721
37.586
37.1668
37.5569
37.4339
37.179
37.364
37.499
37.3468
37.3409
37.1931
37.354
37.061
37.416
37.3809
37.153
37.0951
37.4489
37.1869
37.2269
37.1189
37.43
37.1919
37.1039
37.2229
37.056
37.2601
37.1261
37.2961
37.2391
37.2682
37.0171
37.163
37.3309
37.3099
37.415
37.8621
37.7259
37.472
36.9639
37.3709
37.148
37.436
37.004
37.05
37.348
37.4999
37.4229
37.488
37.1361
37.1151
37.4188
37.1048
37.564
37.2062
37.2691
37.266
37.2169
37.0941
37.2138
37.4739
37.0479
37.4198
37.2069
37.215
37.21
37.3409
37.483
37.1828
37.4289
37.528
37.2052
37.158
37.436
37.668
37.1261
37.276
37.1492
37.1981
37.43
37.1449
37.6
37.2391
37.3881
37.3051
37.5571
37.241
37.266
37.2381
37.3631
37.183
37.288
37.3662
37.035
37.2899
37.1721
37.499
37.2009
37.267
37.2832
37.384
37.143
37.0619
37.1821
37.575
37.3561
37.235
37.2498
37.369
37.3662
37.256
37.292
37.519
37.339
37.267
37.2288
37.034
37.1861
37.1039
37.008
37.421
37.1768
37.359
37.5569
37.2181
37.4231
37.0979
37.586
37.2391
37.128
37.245
37.2579
37.2009
37.3981
37.158
37.323
37.271
37.183
37.0829
37.1549
37.2889
37.5509
37.0131
37.1809
37.1399
37.344
37.2272
37.2901
37.236
37.4579
37.2381
37.153
37.1978
37.2739
37.2438
37.3158
37.071
37.2632
37.4811
