51.142
51.4019
50.581
50.4041
50.4282
50.6649
50.215
50.158
50.2889
50.3371
50.276
50.2579
49.9859
50.5989
50.2799
50.472
49.9971
50.642
50.863
50.2911
50.3531
50.3459
50.118
50.2372
50.2751
50.1211
50.3099
49.998
50.211
50.0541
50.416
49.8421
50.2479
50.2141
50.209
50.1249
50.4081
50.379
50.2269
50.3991
50.257
50.1649
50.4138
49.947
50.287
50.493
50.411
50.4839
50.1952
50.4141
50.3571
50.2989
50.303
50.262
50.3559
50.75
50.0209
50.1132
50.2431
50.4642
50.06
50.349
50.5371
50.168
49.952
50.2322
50.3881
50.4501
50.6032
50.4889
50.5519
50.055
50.437
50.4558
50.4379
50.4379
50.4589
50.535
50.559
50.488
50.6141
50.216
50.3249
49.9029
50.2069
50.1859
50.3259
50.5121
50.391
50.142
50.3559
50.2291
50.4432
50.6611
50.2932
50.164
50.288
50.1292
50.293
50.0779
50.1308
50.348
50.014
50.1568
50.483
50.4079
49.994
50.0851
50.2532
50.534
50.343
50.0882
50.0979
50.4639
50.597
50.2601
50.597
50.2601
49.978
50.122
50.1912
50.1251
50.3871
50.7641
50.1151
50.0062
50.262
50.3469
50.401
50.1518
50.329
50.1912
50.3788
50.508
50.6401
49.9921
50.411
50.343
50.488
50.575
50.6039
50.3521
50.071
50.4239
50.3569
50.3049
50.0879
50.1671
50.2529
50.2479
50.6132
50.3759
50.2739
50.6041
50.518
50.1878
50.3199
50.2648
50.041
50.251
50.519
50.3969
50.329
49.926
50.225
50.478
50.0538
50.205
50.4601
50.386
50.138
50.3449
50.5528
50.4351
50.3781
50.529
50.0309
50.169
50.1039
50.54
50.3821
50.179
50.4019
50.3199
50.2808
50.457
50.087
50.3521
50.1282
50.416
50.4348
50.0019
50.6809
50.3349
50.4639
50.2691
50.2572
50.523
50.633
50.5641
50.164
50.395
50.2529
50.5259
50.5581
50.0159
50.2179
50.0638
50.051
50.3531
50.5111
50.4541
50.2961
50.602
50.354
50.3309
50.647
50.2369
50.451
50.6701
50.0181
50.2758
50.045
50.3452
50.2501
50.2501
50.0069
49.932
50.241
50.452
49.9761
50.3042
50.5831
50.492
50.4482
50.2222
50.2629
50.364
50.5869
50.313
50.3111
50.101
50.2641
50.2222
50.53
50.468
50.3838
50.2281
50.5011
50.3809
50.257
50.3321
50.4229
50.4589
50.5402
50.5769
50.283
50.4868
50.4141
50.3569
50.607
49.9458
50.6961
50.4091
50.142
50.1099
50.637
50.6251
50.313
50.4699
50.0679
50.086
50.3571
50.1351
50.2391
50.3721
50.4179
50.6608
50.118
50.2119
50.18
50.3621
50.4951
50.1981
50.297
50.1289
50.1492
50.4959
49.922
50.508
50.5021
50.509
50.2539
50.226
50.627
50.616
50.38
50.667
50.1218
50.251
50.076
50.0748
50.2861
50.7121
50.3109
50.2849
50.025
50.117
50.0629
50.437
50.1502
50.3631
50.3371
50.662
50.184
50.369
50.329
50.406
50.3922
50.3271
49.9551
50.4611
50.0309
50.4091
50.5278
50.4489
50.175
50.616
50.3461
50.508
50.1869
50.3039
50.2079
50.6499
50.056
50.6442
50.662
50.405
50.518
50.8051
50.2639
50.4129
50.39
50.2889
50.4189
50.4408
50.494
50.405
50.555
50.535
50.3752
50.308
50.3919
50.3509
50.2288
50.39
49.9442
50.1971
50.411
50.287
50.204
49.9001
50.5579
50.5331
50.431
50.318
50.221
50.3831
50.4441
50.452
49.9659
50.071
50.0562
50.297
50.4851
50.0481
49.9651
50.241
50.0898
50.245
50.446
50.4279
50.483
50.3972
50.231
50.251
50.386
50.1151
50.1721
50.5161
50.0851
50.2529
50.6558
50.411
50.2231
50.4291
50.3478
50.5149
50.3731
50.262
50.5202
50.596
50.477
50.4191
50.0472
50.252
50.503
50.4661
50.4498
50.3268
50.442
50.2069
50.4591
50.5252
50.0491
50.169
50.137
49.8931
50.6151
50.6148
50.2501
50.401
50.58
50.441
50.1361
49.926
50.6442
50.5311
50.288
50.3728
50.5149
49.885
50.1621
50.6291
50.534
50.4398
50.21
50.2322
50.369
50.3559
50.566
50.7901
50.2591
50.472
50.6258
50.384
50.0212
50.797
50.148
50.5631
50.3962
50.3359
50.4041
50.1809
50.3001
50.4751
50.633
50.2329
50.1359
50.3509
50.5221
50.5631
50.2729
50.247
50.324
50.3871
50.2181
50.2279
50.4658
50.5719
50.7109
50.2279
50.2672
50.1451
50.2269
50.0569
50.493
50.622
50.256
50.4241
50.3349
50.349
50.4839
50.3881
50.4069
50.401
50.0679
49.979
50.3469
50.2629
50.3459
50.5009
50.3531
50.2291
50.4
50.374
50.1511
50.3449
50.6299
50.3199
50.4789
50.298
50.3981
50.2102
50.281
50.3662
50.235
50.292
50.0159
50.6289
50.293
50.221
50.426
50.3311
50.396
50.488
49.89
50.2892
50.2791
50.483
50
50.1852
50.2801
50.3089
50.0281
50.3399
50.482
50.859
50.8449
50.168
50.1821
50.1199
50.267
50.365
50.4069
50.2188
50.4599
50.7638
50.4229
50.5071
50.39
50.4282
50.194
50.4012
50.3829
50.2648
50.2028
50.4479
50.354
50.5271
50.029
50.5278
50.3299
50.113
50.766
50.4439
50.4448
50.3149
50.411
50.19
50.0081
50.329
50.411
50.2579
50.221
50.446
50.5459
50.3652
50.3311
50.4429
50.4451
50.1161
50.1602
50.4789
50.3089
50.3531
50.3891
50.5002
50.3681
50.5459
50.0739
50.159
50.4439
50.369
50.3621
50.169
50.127
50.189
50.3969
50.0162
50.169
50.3109
50.344
50.195
50.5641
50.5691
50.3311
50.3221
50.2539
49.9411
50.2968
50.3249
50.2601
50.468
51.0218
50.2698
50.122
50.6611
50.262
50.42
50.699
50.4692
50.3669
50.024
50.395
50.0009
50.4549
50.0069
50.251
50.2012
50.5621
50.5199
50.739
50.199
50.39
50.3349
50.442
50.379
50.384
50.1511
50.56
50.5219
50.3879
50.406
50.4942
50.329
50.1339
50.5149
49.9649
50.1761
50.184
50.1499
49.984
50.5838
50.324
50.626
50.458
50.37
50.3321
50.175
50.2279
50.405
50.494
50.339
50.195
50.1592
50.2939
50.046
50.199
50.535
50.4289
50.283
50.386
50.112
50.4909
50.2698
50.6399
50.252
50.3671
50.5478
50.3709
50.5738
50.4739
50.3161
50.127
50.2782
50.4391
50.2491
50.2601
50.1609
50.652
50.0278
50.24
50.539
50.6809
50.2338
50.03
50.215
50.066
50.2958
50.7979
50.1022
50.395
50.118
50.2229
50.55
50.2198
50.6029
50.266
50.18
50.4868
50.2191
50.1492
50.524
50.092
50.1831
50.4858
50.6048
50.561
50.3011
49.9341
50.252
50.3309
50.252
50.1251
50.4382
50.2141
50.1761
50.1242
49.7301
50.7832
50.483
50.3781
50.4858
50.2779
50.343
50.2779
50.3139
50.3139
50.4589
50.1111
49.8519
50.292
50.1261
50.539
50.3621
50.3511
50.4892
49.9971
50.6442
50.4019
50.2269
50.3948
50.1449
50.699
50.5331
50.5209
50.2
50.451
50.3469
50.133
50.004
50.3449
50.1599
49.984
50.4589
50.3399
50.0991
50.2961
50.288
50.1862
50.344
50.2341
50.2429
50.2241
50.6041
50.1752
50.302
50.5221
50.38
50.194
50.3068
50.503
50.1492
50.317
50.3609
50.2002
50.0009
50.3259
50.4229
50.2632
50.184
50.5888
50.504
50.287
50.276
50.282
50.632
50.1101
50.3402
50.41
50.4959
50.1468
50.1661
50.3521
50.307
50.3938
50.2789
50.2851
50.2698
50.5121
50.2851
50.2119
50.405
49.9818
50.015
50.231
50.385
50.0572
50.6151
50.329
50.4761
50.1351
50.447
50.23
50.405
50.421
50.4079
50.3249
50.0391
50.3712
50.5559
50.627
50.2582
50.4901
50.1931
50.6201
50.3569
50.3099
50.436
50.0491
50.4498
50.462
50.6351
50.0672
50.2889
50.452
50.4081
50.4651
50.5052
50.3511
50.328
50.1969
50.6098
50.2961
50.4911
50.5459
50.1189
50.5378
50.508
50.132
50.7491
50.266
50.2639
50.396
50.19
50.5941
50.2751
50.426
50.2169
50.5509
50.1142
50.3602
50.0829
50.2541
50.1821
50.2529
50.2009
50.586
50.2551
50.415
50.4179
50.374
50.2479
50.3581
50.211
50.3271
50.2832
50.462
50.5769
50.236
50.7591
50.1871
50.2119
50.303
50.468
50.365
50.036
50.1599
50.101
50.262
50.3149
50.0381
50.4971
50.3099
50.3678
50.2129
50.107
50.0171
50.5302
50.2851
50.2932
50.2121
50.2479
49.9499
50.3271
50.1881
50.1711
50.2961
50.5161
50.2539
50.4658
50.154
50.3478
50.1621
50.1611
50.3151
50.0109
50.426
50.2598
50.463
50.7262
50.3111
50.4751
50.2672
50.312
50.2918
50.195
50.143
50.2229
50.6349
50.267
50.3418
50.2419
50.416
50.0081
50.112
50.133
50.0791
50.066
50.3449
50.3149
50.245
50.4479
50.6361
50.492
50.204
50.1819
50.2651
50.036
50.3371
50.396
50.096
50.318
50.3321
50.2241
50.739
50.0529
50.4239
50.277
50.4899
50.2779
50.478
50.3311
50.5171
50.4031
50.3581
50.261
49.8691
50.3061
50.204
50.3519
50.338
50.5099
50.4129
50.319
49.854
50.2989
50.4889
50.395
50.247
50.1511
50.307
50.467
50.215
50.2758
50.4889
50.4038
50.369
50.2529
50.437
50.544
50.3581
49.9458
50.1919
50.2059
50.4649
50.1459
50.4441
50.082
