15.4228
15.3131
15.306
15.3251
15.3222
15.3151
15.3279
15.312
15.3019
15.3239
15.3189
15.3039
15.3339
15.3139
15.332
15.316
15.336
15.3191
15.3329
15.316
15.2922
15.3201
15.2979
15.306
15.3091
15.3122
15.3179
15.3081
15.311
15.3241
15.327
15.3079
15.3069
15.3239
15.2919
15.332
15.3189
15.3139
15.331
15.3079
15.3139
15.3329
15.316
15.3022
15.3141
15.3031
15.317
15.306
15.3029
15.316
15.3069
15.322
15.3039
15.3151
15.3189
15.301
15.3241
15.337
15.3279
15.3198
15.3229
15.3298
15.3239
15.3122
15.341
15.3201
15.3091
15.3151
15.3251
15.3039
15.317
15.3282
15.311
15.3232
15.3022
15.3351
15.3239
15.322
15.3151
15.3279
15.3029
15.3179
15.3351
15.332
15.3401
15.3029
15.3298
15.3182
15.3141
15.332
15.3141
15.316
15.3151
15.3279
15.322
15.322
15.3201
15.332
15.3141
15.337
15.3048
15.3019
15.347
15.31
15.3069
15.347
15.3122
15.3041
15.3091
15.3291
15.3069
15.3329
15.3151
15.3201
15.306
15.306
15.3379
15.3072
15.306
15.3279
15.312
15.311
15.3031
15.3091
15.3122
15.3091
15.3201
15.301
15.316
15.3091
15.3251
15.3141
15.3151
15.3341
15.3079
15.306
15.3022
15.336
15.316
15.306
15.316
15.3029
15.3449
15.2929
15.311
15.3201
15.3151
15.3048
15.306
15.3
15.3191
15.3141
15.3079
15.3332
15.3251
15.3079
15.3091
15.3151
15.321
15.3251
15.3229
15.3291
15.306
15.3279
15.322
15.3351
15.2922
15.3131
15.327
15.3019
15.305
15.321
15.3151
15.3189
15.316
15.312
15.3091
15.317
15.29
15.3072
15.322
15.332
15.3329
15.327
15.3279
15.327
15.3432
15.3229
15.317
15.321
15.3081
15.3129
15.312
15.3382
15.331
15.3451
15.3139
15.317
15.31
15.3229
15.31
15.3031
15.3229
15.3241
15.3029
15.316
15.312
15.3191
15.336
15.31
15.3348
15.327
15.311
15.3041
15.331
15.322
15.316
15.317
15.3182
15.332
15.3291
15.311
15.3069
15.2981
15.311
15.3091
15.336
15.316
15.327
15.3022
15.312
15.3098
15.3298
15.321
15.296
15.3031
15.3191
15.296
15.3389
15.301
15.3201
15.2979
15.321
15.316
15.2988
15.3241
15.3041
15.3179
15.316
15.3029
15.322
15.3239
15.3239
15.2979
15.3141
15.321
15.3229
15.331
15.317
15.316
15.3201
15.3179
15.3289
15.311
15.3182
15.3182
15.3291
15.332
15.312
15.3182
15.317
15.3129
15.312
15.321
15.3179
15.3129
15.317
15.312
15.311
15.3201
15.332
15.3329
15.31
15.332
15.3279
15.3189
15.3091
15.3089
15.2988
15.3141
15.3329
15.316
15.2969
15.3019
15.3279
15.316
15.31
15.3
15.3151
15.3179
15.3072
15.3189
15.3029
15.3069
15.3089
15.327
15.3351
15.3069
15.3282
15.3191
15.317
15.31
15.3182
15.3289
15.3022
15.3339
15.321
15.3198
15.321
15.301
15.3232
15.3351
15.3191
15.3232
15.3139
15.321
15.317
15.2981
15.3172
15.3091
15.3279
15.3029
15.3129
15.3179
15.3201
15.321
15.3232
15.316
15.311
15.305
15.322
15.3229
15.3122
15.3081
15.3232
15.3241
15.3091
15.3341
15.312
15.3332
15.3201
15.326
15.3189
15.3139
15.321
15.2972
15.2979
15.3291
15.3172
15.3141
15.3201
15.305
15.306
15.3439
15.3179
15.3339
15.2988
15.316
15.3129
15.3091
15.3182
15.3291
15.317
15.3329
15.306
15.327
15.306
15.312
15.3139
15.3079
15.322
15.321
15.3141
15.3182
15.327
15.3272
15.3091
15.3232
15.3141
15.3358
15.3129
15.322
15.3189
15.3239
15.3282
15.3131
15.3081
15.31
15.327
15.306
15.312
15.305
15.3131
15.3151
15.3129
15.3098
15.311
15.316
15.317
15.2981
15.3358
15.3129
15.322
15.2931
15.3031
15.3382
15.3179
15.317
15.3019
15.321
15.3129
15.2969
15.322
15.31
15.321
15.2941
15.3151
15.316
15.3239
15.3279
15.327
15.3248
15.3039
15.311
15.3141
15.2991
15.3191
15.321
15.3248
15.311
15.326
15.305
15.3098
15.3241
15.322
15.3279
15.327
15.3129
15.3069
15.317
15.317
15.3232
15.3
15.3198
15.3179
15.3019
15.3179
15.317
15.3048
15.3041
15.3248
15.317
15.311
15.3229
15.301
15.31
15.3332
15.3201
15.312
15.3248
15.306
15.3189
15.29
15.311
15.326
15.327
15.3248
15.3081
15.3141
15.3229
15.332
15.3129
15.3232
15.3189
15.306
15.3179
15.312
15.3379
15.316
15.3191
15.3131
15.3019
15.3179
15.3151
15.31
15.317
15.3029
15.3091
15.311
15.311
