14.0688
9.90701
9.91297
9.93514
9.95398
9.95207
9.88913
9.93609
9.91416
9.94205
9.87411
9.9411
9.92703
9.90701
9.88913
9.92203
9.89795
9.9771
9.89509
9.91821
9.91607
9.91797
9.87983
9.87887
9.91488
9.89604
9.91106
9.92012
9.92012
9.90105
9.87411
9.94706
9.91893
9.86195
9.91392
9.90605
9.88698
9.90105
9.89485
9.88698
9.91297
9.83405
9.89795
9.87792
9.87101
9.93514
9.88913
9.90605
9.93896
9.89389
9.87291
9.92584
9.91201
9.902
9.90701
9.85789
9.88603
9.91011
9.91416
9.90891
9.89795
9.87482
9.87291
9.88722
9.92894
9.8989
9.902
9.95493
9.94492
9.92084
9.91893
9.85885
9.90391
9.90796
9.90009
9.88293
9.90796
9.88603
9.97996
9.902
9.93896
9.91297
9.93705
9.88007
9.87482
9.88507
9.87411
9.88913
9.88603
9.866
9.85003
9.88388
9.92298
9.93299
9.88603
9.87506
9.90105
9.91821
9.92799
9.91488
9.87601
9.89699
9.88579
9.90486
9.90391
9.87196
9.90915
9.85909
9.91201
9.92012
9.866
9.91607
9.93705
9.91297
9.92393
9.88889
9.90987
9.88698
9.92608
9.90415
9.89103
9.94396
9.92703
9.88603
9.95612
9.95803
9.91297
9.89604
9.87387
9.92179
9.93705
9.8629
9.92322
9.94205
9.93896
9.93586
9.85193
9.88293
9.87482
9.92489
9.87291
9.95088
9.92393
9.938
9.90391
9.88913
9.88603
9.90081
9.88102
9.89914
9.92107
9.88603
9.99498
9.92584
9.94396
9.87005
9.90009
9.89723
9.90701
9.89008
9.91178
9.89294
9.84406
9.938
9.91011
9.92799
9.89699
9.9082
9.92203
9.89294
9.90486
9.88507
9.89604
9.86218
9.91893
9.8989
9.94802
9.90891
9.89604
9.91893
9.90796
9.87387
9.88197
9.89413
9.89795
9.94086
9.85599
9.95183
9.91082
9.91821
9.89795
9.92298
9.91011
9.89723
9.90391
9.90701
9.91011
9.9349
9.98092
9.88603
9.9051
9.91511
9.93514
9.91797
9.95588
9.88102
9.88388
9.92894
9.88102
9.92203
9.95898
9.90009
9.92012
9.90009
9.88007
9.93299
9.89103
9.89413
9.92799
9.87315
9.90105
9.94587
9.85909
9.87315
9.90915
9.88102
9.93013
9.88603
9.94396
9.87411
9.90605
9.88603
9.92608
9.9082
9.87792
9.88603
9.89509
9.94205
9.93514
9.87005
9.91392
9.8989
9.938
9.95994
9.8989
9.84502
9.89008
9.90486
9.86099
9.86004
9.91201
9.95302
9.87101
9.89604
9.89103
9.89103
9.94897
9.88102
9.90295
9.92012
9.92703
9.90701
9.88507
9.8629
9.91702
9.86695
9.91893
9.90915
9.94205
9.85813
9.89103
9.93609
9.91702
9.88388
9.9268
9.88412
9.90701
9.92894
9.86719
9.89795
9.87196
9.91511
9.91416
9.92393
9.93896
9.87697
9.88007
9.902
9.86099
10.0579
9.90295
9.90105
9.86099
9.88102
9.91392
9.87601
9.9051
9.89103
9.90415
9.90915
9.86195
9.89294
9.87816
9.87005
9.95803
9.9051
9.90915
9.88603
9.90391
9.95708
9.94182
9.92084
9.88102
9.91416
9.9299
9.88507
9.902
9.89485
9.92489
9.90796
9.89413
9.93395
9.93705
9.89795
9.92703
9.97782
9.91702
9.91106
9.86791
9.89199
9.85503
9.91201
9.92703
9.90081
9.91488
9.87196
9.93013
9.92513
9.92799
9.87005
9.9411
9.90796
9.92799
9.85312
9.9051
9.91797
9.91678
9.89008
9.90009
9.88388
9.90605
9.938
9.90891
9.94301
9.91702
9.88388
9.93609
9.93419
9.90796
9.86791
9.85193
9.90295
9.93013
9.91106
9.93395
9.91416
9.89509
9.91011
9.91797
9.9411
9.90486
9.89604
9.89699
9.86695
9.90009
9.84406
9.86481
9.87196
9.99498
9.90391
9.9299
9.85193
9.92823
9.94396
9.91917
9.93204
9.92012
9.91917
9.87911
9.938
9.91297
9.88507
9.93609
9.89199
9.87601
9.83191
9.86791
9.902
9.85789
9.80306
9.92608
9.8958
9.90009
9.92298
9.91702
9.89604
9.96995
9.89795
9.90105
9.90915
9.87411
9.95111
9.91106
9.90605
9.91082
9.90796
9.89699
9.9051
9.89795
9.902
9.91988
9.92489
9.90891
9.93085
9.92084
9.87601
9.90319
9.92203
9.89199
9.91392
9.93991
9.91106
9.98616
9.86409
9.89294
9.93204
9.92203
9.88913
9.91011
9.90295
9.9349
9.92584
9.90486
9.96709
9.86505
9.90486
9.88221
9.87005
9.93896
9.92703
9.94205
9.87577
9.94205
9.89795
9.92894
9.88817
9.84097
9.90891
9.90009
9.87005
9.92584
9.95493
9.90701
9.89008
9.92393
9.91106
9.89795
9.88197
9.9082
9.90391
9.94897
9.90605
9.88603
9.90295
9.94205
9.8989
9.94205
9.94182
9.91893
9.88793
9.93013
9.90009
9.92918
9.99308
9.92799
9.91392
9.86481
9.9349
9.88889
9.91702
9.89604
9.91082
9.93085
9.89103
9.89509
9.89294
9.98092
9.87005
9.88793
9.91201
9.87411
9.89294
9.97496
9.93919
9.90701
9.93514
9.96017
9.94396
9.87601
9.91797
9.89914
9.86814
9.969
9.86886
9.93896
9.91106
9.938
9.88293
9.92203
9.93299
9.90891
9.89699
9.88889
9.94897
9.88007
9.85217
9.9051
9.902
9.88507
9.89604
9.86195
9.92203
9.95016
9.93299
9.86505
9.91893
9.89985
9.86695
9.91106
9.93013
9.91416
9.95708
9.89914
9.89699
9.90391
9.89795
9.92298
9.96113
9.95302
9.89079
9.87005
9.93609
9.92203
9.90701
9.91392
9.95278
9.92703
9.93705
9.85909
9.92417
9.91893
9.90391
9.87601
9.86099
9.8691
9.91011
9.93299
9.84693
9.90391
9.86409
9.91917
9.91917
9.89795
9.95183
9.87601
9.88293
9.93299
9.92608
9.92417
9.90105
9.90415
9.88007
9.88102
9.835
9.87196
9.94611
9.89199
9.88889
9.93204
9.85098
9.89079
9.88698
9.9082
9.8989
9.91392
9.90987
9.84883
9.88889
9.88507
9.9411
9.93609
9.94682
9.90081
9.86886
9.84907
9.89604
9.89413
9.91702
9.89103
9.88102
9.90701
9.8691
9.93109
9.88007
9.95016
9.89914
9.89294
9.91297
9.88102
9.89294
9.90105
9.89008
9.92584
9.90891
9.902
9.89389
9.92179
9.86505
9.88412
9.97496
9.9442
9.89795
9.88793
9.93514
9.96113
9.89294
9.91797
9.91511
9.9051
9.85885
9.9349
9.95612
9.96304
9.94992
9.92417
9.90915
9.88412
9.89413
9.90796
9.85789
9.90891
9.90105
9.90319
9.86695
9.87387
9.86099
9.92703
9.91583
9.84788
9.92894
9.88603
9.91797
9.91607
9.96208
9.9299
9.84406
9.90891
9.89985
9.90391
9.90009
9.87601
9.89795
9.8331
9.91797
9.88102
9.90605
9.87601
9.87196
9.88102
9.90105
9.96494
9.88197
9.91106
9.88102
9.90605
9.90796
9.92703
9.89699
9.92894
9.91583
9.90605
9.88698
9.89699
9.91011
9.92107
9.8629
9.85408
9.85503
9.93109
9.90295
9.94205
9.95398
9.97114
9.91297
9.89008
9.87697
9.91821
9.89795
9.91392
9.93419
9.91106
9.90391
9.902
9.974
9.87697
9.91297
9.902
9.85813
9.90701
9.87697
9.93013
9.92203
9.89389
9.8989
9.87315
9.90295
9.86886
9.98998
9.86409
9.89509
9.91106
9.90009
9.88698
9.88913
9.94802
9.89103
9.88817
9.94205
9.89914
9.91797
9.88984
9.9771
9.87005
9.84502
9.8989
9.89604
9.90987
9.93395
9.93204
9.89485
9.92703
9.91797
9.97019
9.91797
9.91797
9.91011
9.89699
9.94992
9.88388
9.88507
9.89103
9.88603
9.92489
9.91201
9.92298
9.89103
9.89914
9.91607
9.82785
9.87601
9.86695
9.85909
9.92608
9.92894
9.90605
9.90295
9.88102
9.87005
9.85289
9.90987
9.93609
9.89103
9.89723
9.85909
9.93991
9.89389
9.87196
9.89413
9.92012
9.91201
9.88483
9.89199
9.95612
9.87601
9.89389
9.91511
9.89509
9.89008
9.88221
9.84597
9.91488
9.91797
9.92608
9.90415
9.86409
9.95708
9.9349
9.87005
9.88197
9.90915
9.91416
9.90105
9.85193
9.91511
9.87792
9.92084
9.90486
9.89103
9.95207
9.92799
9.90891
9.88793
9.87816
9.92203
9.91917
9.93705
9.9411
9.91702
9.87411
9.93705
9.88984
9.87697
9.92298
9.92084
9.91488
9.92107
9.88102
9.94587
9.91106
9.92894
9.84907
9.90796
9.87911
9.93299
9.90319
9.86695
9.91201
9.91201
9.89604
9.89699
9.88293
9.9268
9.94086
9.90295
9.89699
9.93299
9.92584
9.88793
9.89699
9.93896
9.90605
9.91893
9.91297
9.87005
9.87101
9.90796
9.84597
9.95708
9.8691
9.89509
9.92012
9.87911
9.92203
9.86385
9.866
9.866
9.85098
9.92489
9.90582
9.91797
9.91988
9.88388
9.94492
9.87601
9.88388
9.96184
9.89604
9.87196
9.85789
9.90295
9.88102
9.92703
9.92298
9.91893
9.87911
9.89699
9.88793
9.84001
9.94301
9.92107
9.88007
9.92799
9.89699
9.90582
9.85909
9.91702
9.99117
9.86409
9.87697
9.89985
9.86481
9.89199
9.93109
9.90796
9.87005
9.94611
9.89008
9.87697
9.97281
9.89699
9.89318
9.87887
9.969
9.87506
9.91011
9.90105
9.9349
9.88603
9.92894
9.88007
9.97806
9.86791
9.88197
9.91297
9.93299
9.87601
9.88293
9.87411
9.92608
9.96184
9.92084
9.88889
9.90891
9.93586
9.91201
9.89294
9.91082
9.88412
9.86314
9.93109
9.97305
9.93896
9.91988
9.85885
9.85789
9.91416
9.88317
9.90009
9.86004
9.88412
9.91106
9.90796
9.97806
9.88412
9.87291
9.88197
9.91893
9.89008
9.9051
9.90796
9.89294
9.89604
9.91488
9.98306
9.88197
9.88102
9.91201
9.90105
9.91201
9.88889
9.96304
9.92513
9.94492
9.8269
9.87792
9.91297
9.90295
9.99284
9.84693
9.92203
9.84287
9.93109
9.85789
9.93586
9.92894
9.86385
9.93204
9.88102
9.93204
9.9082
