40.2439
36.5579
35.9082
35.9211
36.2649
36.6471
36.742
36.278
36.6552
36.3059
35.9731
36.386
36.0241
35.9108
36.34
36.5529
36.061
35.8751
36.2861
36.463
36.2482
35.991
36.247
35.97
36.3081
35.795
35.898
36.027
36.041
36.0501
36.2589
36.1159
36.3121
35.948
36.242
37.096
36.2568
36.062
36.5021
36.7131
36.098
36.5059
35.835
36.243
36.371
36.0029
36.7169
35.9919
36.0839
36.222
36.2051
36.103
36.521
36.006
36.3851
36.2091
36.14
36.639
36.268
36.3369
36.566
36.356
36.2909
36.2089
37.0278
36.0141
36.4292
36.361
35.8379
36.2711
36.6981
36.216
36.2489
36.813
36.875
36.2849
36.1831
36.3021
36.2101
36.5052
36.458
36.5162
36.4699
35.8951
36.2492
36.3729
36.2411
36.0901
36.2639
35.9571
36.1512
36.0451
36.3491
36.2608
36.5779
35.8398
36.5059
35.9929
36.2229
36.443
36.314
36.1581
36.4032
36.1691
36.7141
36.5131
36.1519
35.948
36.2492
36.237
36.2649
36.613
35.836
36.0441
36.5179
36.6018
35.8551
36.113
36.0019
36.5288
36.365
36.6151
35.9502
36.227
36.1519
36.427
36.0031
36.108
36.2659
36.1919
36.0761
36.5829
36.3219
36.5551
36.6552
36.0861
36.1321
36.1171
36.1631
36.3078
35.836
36.1121
36.572
35.7871
36.479
36.0019
36.2511
36.2689
36.1879
36.2809
36.3319
36.1669
36.5698
36.33
36.3412
36.2391
36.032
36.3491
36.015
36.293
36.443
35.991
36.6039
35.8412
36.731
36.463
36.1168
36.72
36.1609
36.4239
36.6049
35.9559
36.788
36.314
36.485
36.4749
35.857
36.191
36.171
36.2079
36.195
36.3309
36.2029
35.9499
36.6352
36.165
36.2899
36.341
36.3061
36.3712
36.226
36.2341
36.129
35.9969
36.325
36.1989
36.1679
36.4029
36.7289
36.2139
35.83
35.8701
36.1419
36.5131
35.7401
36.2771
36.4661
36.1161
36.35
36.2339
35.862
36.3979
35.954
36.2141
36.4852
36.01
36.4609
36.53
36.377
36.0579
35.9311
35.948
36.166
36.3021
35.887
36.4499
36.073
35.9409
36.3541
35.9831
35.9092
36.6051
36.33
36.36
36.551
37.029
35.913
35.9058
36.3929
36.1009
36.355
36.248
36.515
36.1621
36.17
36.2298
36.377
35.9042
35.9981
35.816
36.1381
36.49
36.468
36.0241
36.4301
36.1731
36.4029
36.7291
36.7329
36.386
35.97
36.413
36.3278
36.14
36.3669
36.6812
36.2082
36.437
36.6809
36.1321
36.4211
36.5191
35.646
36.299
36.015
36.7279
36.33
36.597
36.6189
35.8689
36.6991
35.7351
36.3572
36.3622
36.036
36.7341
36.165
36.346
36.474
36.2401
36.3319
35.7049
36.0761
36.236
36.1931
36.2031
35.9261
36.242
36.1609
36.2449
36.453
36.864
36.881
36.2492
36.1991
36.0892
36.5131
35.7199
36.0739
36.3889
36.2711
36.34
36.031
36.433
35.923
36.1741
36.341
36.0889
36.5078
36.319
36.341
36.227
35.944
36.5171
36.1581
36.4881
36.227
36.3102
36.252
36.0398
36.34
36.7241
36.1731
36.2492
36.1152
36.1371
36.5171
36.315
35.8939
36.0289
36.1259
36.5911
36.279
36.906
36.3719
36.5798
36.272
35.9192
36.0651
36.5021
36.8211
36.6611
36.171
36.6709
36.4709
36.694
36.185
36.464
35.9051
36.3851
36.3081
36.0279
35.825
35.918
36.629
36.3941
36.0322
36.3111
36.3071
36.3309
36.3791
35.861
36.3889
36.33
36.0832
36.273
35.9502
36.1261
36.4799
36.52
36.6201
35.8841
36.135
36.1879
36.124
36.3319
36.273
36.5682
35.7392
36.53
36.1221
36.3491
35.8489
36.392
36.289
36.0341
36.2461
36.1838
36.0141
35.9821
36.1111
36.1431
36.3379
36.232
35.9471
36.1419
36.5341
36.123
36.0849
35.8181
36.217
36.3181
36.304
36.2661
36.2282
36.077
36.1328
36.154
35.9871
36.2689
36.582
35.8582
36.2999
36.1948
36.1991
36.0382
36.0591
36.9451
36.536
36.0839
36.515
36.257
36.6108
36.1559
36.3779
36.1919
36.5491
36.025
36.2818
36.262
36.166
36.582
36.314
36.2909
36.299
36.54
36.356
36.18
36.257
36.016
36.479
36.052
36.1059
35.9969
36.0639
36.1121
36.494
36.278
36.37
36.577
36.4852
36.598
36.3839
36.1829
36.0861
36.6039
36.314
36.381
36.567
36.3672
36.144
36.9139
36.2909
36.572
36.2451
36.3741
36.238
36.1671
36.0119
36.473
36.3181
36.7079
36.1419
36.3948
36.0069
36.135
36.206
36.536
37.0409
36.263
36.3059
36.6518
35.996
36.1919
36.015
36.4981
35.9612
36.7811
36.515
36.464
36.1919
35.9969
35.9402
36.144
36.267
36.1362
36.6809
36.458
36.397
36.144
36.4292
36.7501
36.119
36.5901
36.3231
36.0429
36.417
36.1931
36.787
36.3109
36.757
36.3381
36.0839
36.494
36.4139
36.0761
36.3889
36.3359
36.314
35.758
36.4649
36.319
36.483
35.953
35.805
36.355
36.176
36.0839
36.15
36.0949
36.042
36.5322
36.725
35.7461
36.4709
36.1109
36.5679
36.4468
36.6311
36.8521
36.263
36.6728
36.309
35.7409
36.5078
36.4401
36.3791
36.2761
35.836
36.176
36.0668
36.278
36.3848
36.551
36.6468
36.021
36.3781
36.4051
36.314
36.3119
36.1371
36.1929
36.623
36.2129
35.743
36.365
36.5889
36.129
36.0389
36.2451
35.964
36.2101
36.1512
36.0091
36.34
36.9
36.0591
35.8112
36.3061
36.3832
36.222
36.7599
36.448
36.4959
36.3622
36.02
36.7541
36.3951
36.0022
36.6561
36.5901
36.6979
35.8961
36.4399
36.3209
36.113
35.8701
35.8541
36.3691
36.418
36.5541
36.2909
35.9519
36.1531
36.447
35.8412
36.4151
35.964
36.063
36.243
36.536
36.4308
36.2501
36.2341
36.191
36.2909
36.4001
36.3441
36.473
36.3281
36.13
35.918
36.299
36.1969
36.1488
36.721
36.345
36.1331
36.5009
35.9652
36.6471
36.057
36.3019
36.3181
36.489
36.7
35.9061
36.2918
36.2759
36.1481
36.7851
36.711
36.0088
36.315
36.253
36.108
36.0029
36.4439
36.345
36.3832
36.4079
36.4079
36.1578
36.1331
36.135
36.3119
36.2649
36.5062
36.6409
36.315
35.9502
36.4029
36.1071
36.031
36.581
36.324
36.3238
36.4029
36.411
36.624
36.2759
36.4621
36.5751
36.0892
36.417
36.2458
36.478
36.411
36.253
36.5438
36.8059
36.1419
36.0651
36.8681
36.6352
36.1981
36.258
35.826
35.8059
36.4051
36.6549
36.231
36.351
36.4909
35.6648
36.15
36.8478
35.9979
36.783
36.484
36.217
36.5748
36.294
36.2148
36.396
36.077
36.1118
36.3719
36.0858
36.4251
36.3431
36.2842
36.6251
36.309
36.4721
36.3939
36.1991
36.3491
36.2241
35.9151
36.2811
36.2101
36.1991
36.3848
36.3159
36.057
36.3138
36.4189
36.6199
36.1459
36.001
36.561
36.061
36.325
36.3481
36.216
36.0868
36.608
36.258
36.427
36.113
36.504
36.505
35.8641
36.597
36.3579
36.3519
36.15
36.3491
36.1629
36.2079
35.9881
36.5291
36.448
36.525
35.7838
35.677
36.16
36.248
36.5059
36.484
36.674
36.2308
36.063
36.458
36.3951
36.5162
36.2401
36.0579
36.2651
36.284
36.2949
36.1762
36.0551
36.2551
36.3891
36.0799
36.4771
36.2232
36.2921
36.4869
35.979
36.145
36.0081
35.754
36.103
35.9449
35.9199
36.1679
36.268
36.3541
36.4771
36.479
36.6831
36.4852
36.5021
36.5942
36.453
36.2468
36.608
36.2589
36.32
35.764
36.7539
35.9428
36.5539
36.0031
36.4749
36.7029
36.2689
36.238
35.995
36.3009
36.3629
36.386
36.097
36.5479
36.474
36.5319
37.1709
36.1199
35.754
36.4618
36.0298
36.7041
36.272
35.7821
36.0351
36.2391
36.428
36.3271
36.062
36.185
36.247
36.2618
36.1221
36.355
36.7351
36.4621
36.5329
36.587
36.1021
36.3309
36.4518
36.248
35.918
35.8901
36.4301
36.4361
36.2282
36.0231
36.6299
36.216
36.216
36.7322
36.032
36.1841
36.514
36.4521
36.036
36.391
35.8629
36.52
36.3269
35.7649
36.4091
36.1261
36.3832
36.1371
36.263
35.882
36.1719
36.8168
36.0861
36.185
36.3729
35.9368
36.242
35.876
36.2189
36.433
36.1328
36.222
36.206
35.948
36.0351
36.7
36.242
36.0129
35.9519
36.0909
36.797
36.263
36.356
36.1118
36.2508
36.593
36.4079
35.9859
36.6218
36.5949
36.4931
36.2141
36.375
36.2411
36.438
36.442
36.4089
36.3131
36.186
36.6719
36.1979
36.5009
36.1111
36.1738
36.1059
36.139
36.1421
35.9321
36.263
36.0591
36.181
35.893
36.1719
36.1688
35.8019
36.063
36.032
36.6321
36.2191
36.0999
36.4332
36.237
36.0079
35.991
36.4299
36.026
36.293
36.649
35.913
36.2229
36.2411
36.401
36.3941
35.794
36.3169
35.97
36.3128
36.3579
36.4189
35.9259
36.0429
36.5891
36.6731
36.2248
36.0599
36.191
36.4258
35.943
35.8
36.0539
36.437
36.0429
35.7821
35.948
36.2279
36.433
36.3109
36.166
35.955
36.1381
36.2809
36.0529
36.3119
36.531
36.2551
36.0949
36.1779
36.3359
36.113
35.852
36.2568
35.826
36.2408
36.124
36.5648
36.7999
36.751
36.361
35.7828
