18.7092
18.2419
18.3079
18.6219
18.631
18.6739
18.7001
18.6942
18.681
18.713
18.6949
18.6951
18.707
18.7109
18.6839
18.729
18.702
18.6939
18.687
18.702
18.7039
18.693
18.7371
18.718
18.7001
18.6849
18.707
18.7049
18.7371
18.7368
18.714
18.693
18.702
18.7109
18.738
18.688
18.744
18.7039
18.713
18.6839
18.744
18.7042
18.688
18.738
18.702
18.7259
18.687
18.7371
18.703
18.6958
18.75
18.707
18.7259
18.6961
18.759
18.7221
18.697
18.7349
18.7461
18.7359
18.6949
18.744
18.743
18.7001
18.6779
18.754
18.7042
18.6911
18.7509
18.7149
18.7252
18.6939
18.7609
18.7092
18.7249
18.7271
18.707
18.734
18.7001
18.7511
18.7361
18.728
18.6899
18.7531
18.6999
18.7261
18.682
18.7459
18.707
18.6899
18.605
18.7411
18.7271
18.733
18.708
18.739
18.693
18.7418
18.7469
18.6939
18.692
18.744
18.7371
18.6901
18.7411
18.7061
18.7292
18.6791
18.7471
18.7309
18.6899
18.749
18.7411
18.733
18.6911
18.744
18.7421
18.7218
18.687
18.7449
18.7309
18.703
18.759
18.7359
18.7259
18.6911
18.749
18.738
18.7352
18.6958
18.7471
18.7359
18.728
18.6839
18.755
18.744
18.713
18.7521
18.7449
18.7349
18.698
18.75
18.749
18.7149
18.7361
18.7449
18.729
18.7309
18.683
18.7421
18.739
18.733
18.728
18.7411
18.734
18.697
18.7571
18.7361
18.7359
18.723
18.7421
18.7402
18.7359
18.6849
18.7449
18.7368
18.719
18.744
18.7399
18.7399
18.6889
18.755
18.749
18.739
18.7399
18.748
18.7531
18.728
18.6858
18.7471
18.7261
18.728
18.7449
18.7519
18.733
18.723
18.6901
18.744
18.7411
18.7359
18.754
18.7421
18.738
18.734
18.7511
18.703
18.734
18.7268
18.749
18.7399
18.728
18.7321
18.75
18.7402
18.7311
18.755
18.7478
18.739
18.7402
18.7511
18.7471
18.7361
18.7309
18.7459
18.754
18.7521
18.764
18.75
18.7459
18.7709
18.7609
18.7459
18.7449
18.7378
18.7631
18.7578
18.759
18.7399
18.7261
18.724
18.7469
18.7371
18.734
18.75
18.749
18.7418
18.7609
18.7578
18.759
18.75
18.7669
18.7619
18.7571
18.7399
18.7368
18.764
18.749
18.7469
18.779
18.7428
18.7612
18.75
18.7459
18.7521
18.7511
18.7421
18.739
18.75
18.7569
18.7469
18.7399
18.7621
18.7631
18.7519
18.728
18.7511
18.7559
18.749
18.7199
18.7669
18.755
18.7969
18.7368
18.723
18.75
18.7418
18.759
18.7662
18.7471
18.7392
18.738
18.7569
18.7469
18.7578
18.7409
18.774
18.755
18.7421
18.7519
18.7311
18.7519
18.7469
18.7669
18.775
18.738
18.7461
18.7421
18.7731
18.755
18.7511
18.743
18.724
18.754
18.749
18.7612
18.7631
18.75
18.7502
18.769
18.7681
18.7728
18.764
18.7471
18.7609
18.7531
18.7569
18.801
18.738
18.7399
18.754
18.7531
18.7721
18.77
18.76
18.7621
18.7781
18.7631
18.77
18.7621
18.76
18.7781
18.7721
18.7521
18.7361
18.7781
18.7631
18.7569
18.7459
18.7669
18.775
18.7678
18.7581
18.779
18.764
18.754
18.7612
18.7418
18.769
18.755
18.755
18.7969
18.7342
18.754
18.754
18.7442
18.7771
18.774
18.7662
18.75
18.749
18.7721
18.7521
18.7581
18.7721
18.7681
18.765
18.7469
18.801
18.743
18.7252
18.743
18.7562
18.7662
18.7612
18.754
18.7459
18.7619
18.7681
18.749
18.754
18.7449
18.7662
18.7609
18.7471
18.769
18.77
18.7659
18.755
18.7929
18.733
18.7581
18.769
18.7581
18.764
18.764
18.7612
18.7471
18.7681
18.7829
18.7659
18.7588
18.77
18.7681
18.754
18.754
18.7459
18.7681
18.7671
18.7502
18.749
18.7731
18.7819
18.754
18.7571
18.77
18.7759
18.7521
18.7571
18.7721
18.7659
18.754
18.7521
18.739
18.7619
18.75
18.7461
18.8
18.739
18.7709
18.7678
18.749
18.7731
18.7678
18.76
18.7509
18.764
18.7769
18.7619
18.7509
18.8069
18.738
18.7619
18.754
18.7531
18.7759
18.7881
18.7509
18.7631
18.7662
18.7631
18.759
18.7581
18.806
18.738
18.765
18.7502
18.7891
18.7352
18.76
18.7662
18.748
18.7702
18.7562
18.764
18.759
18.7631
18.764
18.765
18.7511
18.7738
18.7731
18.765
18.7571
18.8
18.7461
18.774
18.7628
18.764
18.7738
18.77
18.7728
18.7469
18.8019
18.7349
18.76
18.7609
18.7528
18.77
18.7659
18.7609
18.749
18.7619
18.775
18.7621
18.7511
18.7669
18.7781
18.775
18.7471
18.806
18.7511
18.7769
18.755
18.7521
18.749
18.7662
18.764
18.759
18.78
18.7821
18.7671
18.7509
18.7929
18.7359
18.754
18.7562
18.7421
18.76
18.769
18.754
18.7528
18.77
18.754
18.7469
18.7471
18.7571
18.765
18.7609
18.7528
18.76
18.7609
18.77
18.743
18.7979
18.7299
18.7612
18.7521
18.7981
18.733
18.7652
18.7531
18.7559
18.7571
18.7769
18.765
18.7619
18.774
18.759
18.7719
18.7571
18.7941
18.7299
18.7652
18.7619
18.7562
18.7628
18.76
18.7581
18.9431
18.7721
18.7399
18.77
18.76
18.7459
18.7602
18.769
18.7621
18.748
18.775
18.7671
18.76
18.749
18.8041
18.7409
18.7628
18.755
18.7619
18.7681
18.7759
18.7631
18.7521
18.7671
18.7669
18.764
18.765
18.7922
18.769
18.7559
18.7559
18.7459
18.7578
18.7879
18.75
18.7531
18.7721
18.7612
18.764
18.7459
18.765
18.7709
18.77
18.7531
18.8069
18.7371
18.7709
18.75
18.76
18.765
18.7709
18.7569
18.7879
18.775
18.7681
18.7628
18.7571
18.806
18.738
18.765
18.7581
18.7531
18.7719
18.7631
18.7562
18.7531
18.7829
18.774
18.7652
18.7471
18.8012
18.7759
18.7671
18.7511
18.749
18.769
18.7709
18.7502
18.7981
18.7452
18.7719
18.769
18.755
18.815
18.7418
18.775
18.7578
18.7531
18.77
18.7609
18.7619
18.8019
18.755
18.7731
18.7659
18.7662
18.7972
18.7461
18.7719
18.7581
18.7619
18.764
18.764
18.7631
18.7569
18.8031
18.7709
18.7621
18.743
18.8098
18.7452
18.765
18.7619
18.8072
18.7988
18.7769
18.774
18.7478
18.8019
18.7879
18.7669
18.774
18.759
18.7941
18.7681
18.7678
18.7631
18.754
18.769
18.769
18.769
18.754
18.7819
18.7721
18.7619
18.754
18.811
18.7399
18.769
18.764
18.748
18.7619
18.774
18.754
18.759
18.769
18.765
18.7621
18.765
18.8079
18.733
18.7581
18.7631
18.8031
18.7478
18.7731
18.7638
18.764
18.7731
18.7662
18.779
18.7538
18.8041
18.7361
18.759
18.759
18.8041
18.76
18.7728
18.7621
18.749
18.7631
18.785
18.7521
18.7511
18.8019
18.7738
18.7581
18.7569
18.75
18.7712
18.7581
18.759
18.7569
18.775
18.759
18.769
18.7631
18.7979
18.78
18.7619
18.7581
18.75
18.7681
18.775
18.7612
18.7531
18.7769
18.774
18.7619
18.7521
18.7941
18.729
18.769
18.755
18.7919
18.744
18.7712
18.76
18.7471
18.7712
18.7619
18.7559
18.7559
18.8022
18.739
18.765
18.754
18.8
18.769
18.769
18.7571
18.7461
18.769
18.7578
18.765
18.765
18.7602
18.7609
18.7709
18.765
18.79
18.7411
18.7681
18.749
18.8029
18.739
18.7681
18.754
18.7509
18.779
18.769
18.7581
18.7471
18.7979
18.759
18.7609
18.754
18.7919
18.7571
18.77
18.7471
18.7509
18.7621
18.7669
18.7559
18.748
18.8069
18.739
18.7569
18.754
18.796
18.7662
18.7738
18.7521
18.795
18.7831
18.7609
18.7559
18.76
18.8022
18.7631
18.7638
18.7581
18.7998
18.769
18.7769
18.76
18.7471
18.7981
18.759
18.765
18.7621
18.796
18.77
18.7619
18.754
18.7969
18.7659
18.7831
18.7671
18.7562
18.7941
18.76
18.7669
18.7552
18.7881
18.7402
18.7671
18.759
18.754
18.8019
18.765
18.764
18.7521
18.7929
18.7681
18.7619
18.754
18.795
18.7721
18.7688
18.7991
18.754
18.796
18.769
18.764
18.755
18.7879
18.7619
18.7659
18.7809
18.744
18.7941
18.769
18.765
18.754
18.8072
18.7788
18.765
18.755
18.7531
18.8029
18.759
18.7659
18.7519
18.7979
18.7678
18.769
18.754
18.7912
18.8
18.743
18.7581
18.7559
18.795
18.7712
18.7609
18.7531
18.7519
18.7678
18.7719
18.7581
18.791
18.7988
18.729
18.76
18.744
18.7979
18.7662
18.7619
18.759
18.7938
18.749
18.7678
18.7612
18.7471
18.7681
18.7659
18.7681
18.7578
18.7941
18.7659
18.7821
18.764
18.7509
18.7681
18.764
18.7712
18.754
18.806
18.759
18.774
18.755
18.805
18.775
18.7762
18.759
18.7581
18.805
18.76
18.779
18.76
18.796
18.7631
18.7681
18.7678
18.77
18.7991
18.7728
18.7659
18.748
18.8019
18.7759
18.7738
18.7941
18.7659
18.805
18.7662
18.7721
18.76
18.81
18.7721
18.7721
18.7669
18.7581
18.815
18.7681
18.7612
18.7621
18.795
18.7709
18.7662
18.759
18.7528
18.8041
18.7712
18.7662
18.7671
18.806
18.7681
18.76
18.7519
18.7569
18.7969
18.7759
18.7562
18.755
18.8029
18.7659
18.7778
18.7681
