13.9458
13.375
13.5162
13.437
13.551
13.938
13.334
13.35
13.505
13.5729
13.7579
13.3801
13.3491
13.4282
13.617
13.4861
13.2539
13.0329
13.314
13.752
13.536
13.4649
13.3531
13.386
13.6099
13.788
13.705
13.6929
13.5891
14.2112
13.9349
13.185
13.2451
13.829
13.3319
13.1981
13.7069
13.4571
13.8972
13.3388
13.9329
13.3872
13.8781
13.1841
13.3641
13.376
13.5159
13.6471
13.274
13.344
13.4749
13.103
14.015
13.402
13.5
13.696
13.2439
13.7291
13.294
14.091
13.8929
13.361
13.3431
13.3991
13.3259
13.4361
13.464
13.4351
13.5798
14.1029
13.8221
13.5319
13.449
13.222
13.541
13.4108
13.88
13.8969
13.587
13.7279
13.5021
13.2959
13.536
13.962
13.294
13.2802
13.773
13.4971
13.5598
13.252
13.936
13.325
14.034
13.248
13.577
13.5419
13.617
13.4361
13.3069
13.2611
13.4141
13.5241
13.7429
13.8221
13.3171
13.746
13.2859
13.7689
13.355
13.8359
13.1791
14.2391
13.6909
13.335
13.5808
13.4981
13.504
13.5078
13.885
13.4771
13.1381
13.4261
13.659
13.1271
13.2771
13.2952
13.4192
13.7689
13.4251
13.7341
13.6139
13.757
14.004
13.3152
13.381
13.669
13.293
13.757
13.943
13.6509
13.3922
13.4752
13.35
13.9961
13.5231
13.5069
13.1299
13.4389
13.248
14.075
13.5069
13.308
13.478
13.8612
13.4549
13.2611
14.209
13.293
13.243
13.2871
13.608
13.8109
14.0691
14.3008
13.505
13.3991
13.474
13.1631
13.3681
14.0791
13.4981
13.4618
13.2921
13.479
13.3629
13.469
13.5329
12.8729
13.4749
13.5341
13.3491
13.5989
13.4029
13.5069
13.7651
13.2279
13.2999
13.1519
13.1819
13.4571
13.5622
13.6919
13.2539
13.5581
13.1891
13.4599
13.483
13.1409
13.2251
13.4048
13.4761
13.4621
13.3591
13.519
13.4969
13.7839
13.9132
13.2399
13.6151
13.6631
13.4759
13.9291
13.8588
13.6771
13.227
13.2759
13.5951
13.629
13.895
13.345
13.5641
13.046
13.0489
13.289
13.36
13.5479
13.4871
13.581
13.5682
12.9521
13.5751
13.556
13.4041
13.8528
13.4032
13.5062
13.3488
13.329
14.0691
13.6619
13.33
13.382
13.984
13.344
13.2921
13.3522
13.5438
13.7279
13.9821
14.0729
13.201
13.9799
13.756
13.577
13.3131
14.3151
13.3488
13.6702
13.5119
13.3209
13.5391
13.526
13.272
13.696
13.4439
13.2298
13.4912
13.53
13.2051
13.2709
13.5891
13.5651
13.4389
13.8988
13.3321
13.5398
13.7191
13.6521
13.5052
13.3009
13.525
13.267
13.7811
13.648
13.478
13.1719
13.2961
13.6628
13.6061
13.567
13.519
13.988
13.2949
13.484
13.377
13.6881
13.144
13.4161
13.3519
13.6042
13.5982
13.283
13.7701
14.003
13.5958
13.164
14.303
13.293
14.4279
13.0939
13.495
13.4189
13.5641
13.4549
13.7479
13.2661
13.7429
13.3059
13.6311
13.3049
13.5319
13.5291
13.4931
13.382
13.999
13.4771
13.133
13.253
13.062
13.3529
14.0121
13.4909
13.7279
13.5241
13.603
13.268
13.438
13.5379
13.633
13.2201
13.5632
13.8459
13.1791
13.942
13.839
13.654
13.953
13.155
13.546
13.7529
13.6859
13.2279
13.8781
13.525
13.299
13.1741
13.73
13.5789
13.7651
13.304
13.5579
13.4568
13.5651
14.0328
13.6242
14.116
13.31
14.0002
13.6361
13.2558
13.418
13.7601
13.417
13.6561
13.8378
13.531
13.5801
13.3801
13.9241
13.4778
13.819
13.6139
13.8681
13.145
13.4752
14.169
13.5891
13.6409
13.984
13.67
13.351
12.9719
13.9029
13.3262
13.418
13.3321
13.5338
13.5291
13.2821
13.201
13.761
13.5188
13.5751
13.7398
13.576
13.66
13.684
13.5949
14.066
13.624
13.2899
13.555
13.84
13.4029
13.6499
13.4571
13.2709
13.9441
14.2319
13.6039
13.3879
13.4501
13.5589
13.4141
13.5891
13.515
13.021
13.0112
13.7138
13.5171
13.2701
13.494
13.4759
13.772
13.9079
13.741
13.1199
13.1161
14.7488
13.4752
13.2499
13.36
13.7661
13.4451
13.412
13.227
13.3772
13.3941
13.186
13.3479
13.8531
13.5829
13.6271
13.6271
13.962
13.8118
13.5
13.6521
13.4871
13.334
13.834
13.469
13.7229
13.3681
13.123
13.396
13.761
13.1829
13.7322
13.484
13.119
13.236
13.474
13.721
13.51
13.0179
13.4051
13.164
12.989
12.9941
13.593
13.5779
13.2
13.778
13.623
13.7069
13.366
14.0209
13.916
13.1581
13.679
13.3631
13.5679
13.5751
13.8688
13.6771
13.1619
13.377
13.9301
13.6101
