4.76694
4.77505
4.72593
4.78101
4.78101
4.73189
4.72307
4.74596
4.75502
4.79388
4.69494
4.73905
4.7729
4.80604
4.73595
4.72903
4.78101
4.74191
4.78911
4.7121
4.74191
4.79889
4.86898
4.76599
4.76193
4.79388
4.79293
4.74
4.71711
4.77719
4.75311
4.78721
4.72116
4.74906
4.75597
4.76384
4.78601
4.72498
4.76408
4.77219
4.76098
4.71497
4.72689
4.776
4.75502
4.77314
4.70591
4.71687
4.76289
4.73809
4.74119
4.79102
4.72999
4.80795
4.72713
4.78506
4.79007
4.74501
4.74095
4.71282
4.7121
4.80199
4.76503
4.77099
4.73499
4.71401
4.83704
4.75001
4.75478
4.75502
4.77505
4.72212
4.75788
4.75001
4.70495
4.74501
4.73714
4.77505
4.72116
4.78482
4.72307
4.8089
4.79293
4.72903
4.78387
4.75192
4.7369
4.79198
4.77004
4.78697
4.71687
4.77314
4.7431
4.75502
4.79817
4.76813
4.74405
4.76098
4.71497
4.77195
4.82893
4.81915
4.70614
4.77886
4.75788
4.82798
4.76313
4.72617
4.77219
4.78101
4.75097
4.75693
4.75097
4.77409
4.72617
4.73881
4.78411
4.77695
4.7729
4.75097
4.72188
4.71401
4.77695
4.75502
4.81415
4.78506
4.76193
4.73189
4.78506
4.70304
4.75001
4.79293
4.74882
4.74501
4.75407
4.71902
4.74787
4.70805
4.68493
4.72403
4.75597
4.82893
4.79102
4.75001
4.87614
4.76408
4.76503
4.75407
4.76813
4.82297
4.78411
4.77791
4.73404
4.71997
4.74787
4.77791
4.76408
4.77886
4.72212
4.75812
4.79817
4.76122
4.75311
4.7369
4.75502
4.76003
4.80103
4.81296
4.78101
4.78005
4.69017
4.77099
4.74906
4.76789
4.73595
4.73595
4.74095
4.72593
4.74882
4.79412
4.81105
4.79603
4.74
4.74501
4.77886
4.76909
4.82392
4.69995
4.73809
4.72403
4.79698
4.77004
4.78101
4.74095
4.75597
4.76003
4.79484
4.72498
4.76813
4.76289
4.76694
4.77791
4.72808
4.75693
4.807
4.74095
4.73905
4.69589
4.76694
4.87208
4.78005
4.77791
4.70304
4.72188
4.74596
4.79698
4.77409
4.72403
4.78506
4.71306
4.77314
4.72617
4.71282
4.77409
4.75407
4.77815
4.75502
4.73309
4.79698
4.73213
4.78292
4.76098
4.72999
4.74381
4.73809
4.77982
4.7791
4.7648
4.70996
4.73499
4.79102
4.75407
4.74
4.75693
4.75693
4.73714
4.83418
4.72093
4.72879
4.77004
4.87089
4.81701
4.74691
4.7729
4.75812
4.77815
4.74787
4.77791
4.69494
4.78196
4.72498
4.71997
4.79603
4.74596
4.75192
4.80103
4.75001
4.79388
4.80199
4.72498
4.79794
4.76217
4.83108
4.74191
4.77099
4.75597
4.76909
4.75907
4.77004
4.7729
4.75192
4.71997
4.73094
4.74405
4.79293
4.7369
4.75192
4.73189
4.74191
4.74286
4.73309
4.71902
4.78292
4.75192
4.7791
4.7698
4.76789
4.76909
4.76003
4.86612
4.73905
4.70996
4.75407
4.71401
4.75383
4.75192
4.72403
4.72116
4.74215
4.73213
4.73285
4.72617
4.75216
4.74119
4.73404
4.71091
4.74906
4.73595
4.76885
4.79698
4.79388
4.70805
4.76694
4.75907
4.73619
4.7791
4.72999
4.7369
4.80413
4.73213
4.79388
4.74501
4.76789
4.82488
4.74405
4.7648
4.75812
4.73785
4.85206
4.75097
4.77386
4.74501
4.72689
4.75812
4.8449
4.80485
4.79007
4.79603
4.71783
4.74095
4.76098
4.7071
4.73905
4.72403
4.72498
4.74596
4.77505
4.77505
4.70591
4.80986
4.72713
4.75001
4.81606
4.79007
4.73499
4.70281
4.77695
4.80413
4.71616
4.79698
4.74
4.76003
4.72808
4.75383
4.71807
4.72879
4.79412
4.81606
4.74811
4.78601
4.73905
4.73285
4.76909
4.74191
4.70901
4.76599
4.72307
4.79198
4.72999
4.7822
4.73404
4.76909
4.73309
4.72593
4.76599
4.71401
4.75597
4.80914
4.80294
4.77886
4.79794
4.72903
4.72903
4.73189
4.74
4.74286
4.71497
4.7791
4.77099
4.75907
4.848
4.75311
4.78792
4.71091
4.75788
4.74715
4.75621
4.74715
4.72689
4.8089
4.72999
4.80509
4.78315
4.79388
4.70614
4.73022
4.71807
4.74906
4.75383
4.72116
4.76623
4.71377
4.75001
4.79007
4.79412
4.74501
4.82488
4.73499
4.80294
4.81391
4.7071
4.77004
4.74691
4.77409
4.75383
4.72093
4.80795
4.75216
4.77791
4.74787
4.79007
4.7102
4.74405
4.7121
4.76694
4.71401
4.85611
4.74191
4.74191
4.81105
4.74596
4.75383
4.74596
4.76098
4.79794
4.8151
4.74691
4.82202
4.74191
4.8449
4.79412
4.74691
4.71282
4.78816
4.8151
4.78196
4.6978
4.71902
4.74405
4.7369
4.76289
4.7071
4.78196
4.71497
4.73309
4.73499
4.80485
4.79984
4.79698
4.77386
4.77815
4.78101
4.78005
4.75597
4.78292
4.73189
4.72593
4.77815
4.72903
4.74215
4.82416
4.77195
4.77195
4.73785
4.74906
4.74191
4.83108
4.73213
4.76599
4.7698
4.72116
4.74811
4.73595
4.70591
4.74596
4.72403
4.79293
4.78101
4.78196
4.72522
4.75883
4.72808
4.76503
4.704
4.75192
4.73309
4.80008
4.73905
4.7369
4.77791
4.72689
4.75812
4.76789
4.7431
4.76313
4.8449
4.74191
4.73118
4.74501
4.78411
4.82988
4.74095
4.71997
4.75693
4.76313
4.7121
4.76694
4.72999
4.72784
4.80509
4.77409
4.74191
4.75407
4.80986
4.85086
4.75502
4.80008
4.74405
4.77004
4.76599
4.71115
4.8449
4.73094
4.78983
4.81296
4.76909
4.75478
4.76217
4.76503
4.8089
4.7071
4.75693
4.71401
4.80199
4.78196
4.8151
4.79984
4.72403
4.7431
4.76503
4.81009
4.75287
4.76503
4.79221
4.72999
4.82893
4.807
4.80795
4.73309
4.75788
4.68898
4.71687
4.70805
4.776
4.71187
4.70996
4.77505
4.71592
4.76789
4.8759
4.77004
4.75097
4.78601
4.76098
4.72307
4.79794
4.75597
4.73404
4.73714
4.79078
4.72903
4.81009
4.75717
4.73785
4.74501
4.77195
4.73595
4.69995
4.79007
4.71902
4.73499
4.77386
4.77314
4.73309
4.77886
4.80294
4.78101
4.72498
4.82607
4.76313
4.74882
4.73404
4.77004
4.77219
4.72116
4.75287
4.72498
4.72307
4.72784
4.72498
4.75788
4.73595
4.73809
4.75788
4.76193
4.72498
4.76289
4.79293
4.79412
4.74596
4.75216
4.83298
4.74787
4.74095
4.73499
4.74286
4.80604
4.75693
4.8871
4.74405
4.78196
4.70996
4.72403
4.73404
4.76193
4.7369
4.70901
4.70805
4.73714
4.72784
4.75097
4.72188
4.75502
4.74691
4.77791
4.73404
4.71592
4.73499
4.7431
4.69995
4.75383
4.77195
4.75693
4.77219
4.73309
4.72498
4.776
4.76623
4.79698
4.70209
4.74691
4.73905
4.76718
4.74882
4.73404
4.73189
4.7431
4.77791
4.71592
4.71306
4.71687
4.75407
4.71807
4.72808
4.71497
4.70805
4.75812
4.72498
4.77695
4.75311
4.71115
4.78101
4.75311
4.75907
4.77886
4.8511
4.74191
4.76193
4.77791
4.79198
4.79102
4.81606
4.82512
4.72283
4.76003
4.79889
4.70495
4.75907
4.75311
4.72307
4.73619
4.83298
4.77409
4.75693
4.72903
4.7369
4.71783
4.72808
4.71091
4.79698
4.71997
4.74286
4.7369
4.74906
4.79484
4.76313
4.73118
4.75216
4.74882
4.80509
4.77004
4.76408
4.74095
4.73595
4.77004
4.75216
4.76193
4.74381
4.78816
4.76217
4.76289
4.75311
4.76503
4.76098
4.79603
4.77481
4.8182
4.77004
4.74906
4.77505
4.78506
4.72784
4.74787
4.79198
4.76789
4.73809
4.75597
4.7729
4.72689
4.72617
4.74882
4.74119
4.73881
4.75597
4.76909
4.75383
4.76599
4.76098
4.75407
4.73809
4.83298
4.74286
4.73309
4.71807
4.77505
4.74906
4.78816
4.76003
4.76694
4.7431
4.83012
4.76694
4.78697
4.843
4.72283
4.79198
4.7121
4.80413
4.75383
4.78911
4.77219
4.73404
4.7729
4.76694
4.78101
4.75502
4.77099
4.71282
4.76813
4.77886
4.74501
4.80103
4.77004
4.76599
4.77982
4.73595
4.72808
4.73905
4.73094
4.73094
4.79603
4.75812
4.69899
4.7729
4.73905
4.71997
4.70209
4.74381
4.72212
4.73809
4.71902
4.776
4.75097
4.75001
4.76313
4.76599
4.73595
4.74095
4.72999
4.75001
4.77695
4.71997
4.74691
4.7462
4.86183
4.79007
4.76313
4.74501
4.78005
4.79007
4.77219
4.72617
4.73905
4.79007
4.75717
4.76885
4.75287
4.75407
4.72689
4.73809
4.77219
4.7822
4.70805
4.76289
4.74715
4.75216
4.74215
4.71187
4.8089
4.70209
4.76503
4.81892
4.76217
4.73309
4.74501
4.75192
4.71592
4.78888
4.73714
4.73714
4.76289
4.74095
4.73499
4.78888
4.76289
4.75502
4.79293
4.71997
4.77099
4.74501
4.74
4.76503
4.72307
4.77719
4.71616
4.75407
4.74501
4.81892
4.807
4.76003
4.73619
4.82607
4.75597
4.73094
4.72593
4.72808
4.78005
4.89187
4.72999
4.7791
4.79794
4.72593
4.76408
4.78411
4.73595
4.76193
4.79102
4.73809
4.76003
4.74906
4.7431
4.71616
4.74906
4.78005
4.72283
4.76599
4.78387
4.76909
4.73309
4.80485
4.76217
4.76217
4.71997
4.73714
4.7369
4.8089
4.78292
4.76694
4.75597
4.776
4.71687
4.76599
4.74596
4.74906
4.74286
4.73189
4.73809
4.74191
4.72498
4.79484
4.79198
4.73499
4.78387
4.78411
4.75502
4.74596
4.74501
4.72403
4.7338
4.776
4.7369
4.79007
4.74596
4.71091
4.74286
4.776
4.74691
4.72808
4.78387
4.73309
4.82011
4.76789
4.73404
4.75693
4.73905
4.76384
4.8449
4.74906
4.72903
4.71997
4.75502
4.75001
4.76003
4.76217
4.69899
4.74215
4.71091
4.84204
4.75097
4.72999
