5.53989
0.026226
0.0200272
0.0200272
0.0190735
0.0190735
0.0197887
0.0190735
0.0200272
0.0200272
0.0190735
0.0188351
0.0188351
0.0200272
0.0188351
0.0190735
0.0190735
0.0190735
0.0200272
0.0190735
0.0190735
0.0178814
0.0200272
0.0190735
0.0190735
0.0188351
0.0190735
0.0200272
0.0200272
0.0190735
0.0188351
0.0188351
0.0200272
0.0188351
0.0190735
0.0190735
0.0190735
0.0200272
0.0200272
0.0200272
0.0190735
0.0190735
0.0200272
0.0200272
0.0190735
0.0190735
0.0200272
0.0190735
0.0190735
0.0188351
0.0178814
0.0190735
0.0209808
0.0190735
0.0190735
0.0188351
0.0200272
0.0190735
0.0188351
0.0190735
0.0200272
0.0200272
0.0190735
0.0200272
0.0188351
0.0190735
0.0200272
0.0188351
0.0190735
0.0190735
0.0200272
0.0200272
0.0181198
0.0200272
0.0190735
0.0190735
0.0190735
0.0200272
0.0190735
0.0188351
0.0188351
0.0190735
0.0190735
0.0188351
0.0190735
0.0200272
0.0178814
0.0200272
0.0190735
0.0190735
0.0197887
0.0190735
0.0331402
0.0228882
0.0219345
0.025034
0.0231266
0.0238419
0.0231266
0.025034
0.0238419
0.025034
0.0228882
0.0240803
0.0228882
0.0231266
0.0228882
0.0240803
0.0219345
0.0228882
0.0321865
0.0228882
0.0228882
0.0240803
0.0228882
0.0240803
0.0219345
0.0231266
0.0238419
0.025034
0.0231266
0.0219345
0.0219345
0.025034
0.0228882
0.025034
0.0231266
0.0238419
0.0240803
0.0228882
0.0221729
0.0238419
0.0231266
0.0247955
0.0240803
0.0240803
0.0228882
0.0228882
0.0240803
0.0240803
0.0240803
0.025034
0.0240803
0.025034
0.0231266
0.0238419
0.0231266
0.025034
0.0219345
0.0228882
0.0240803
0.0240803
0.0228882
0.0231266
0.0228882
0.025034
0.0219345
0.025034
0.025034
0.025034
0.0219345
0.0231266
0.0228882
0.0240803
0.0228882
0.0231266
0.0247955
0.025034
0.0240803
0.0219345
0.0231266
0.0247955
0.0240803
0.0228882
0.0240803
0.0240803
0.0228882
0.0231266
0.0228882
0.0231266
0.0240803
0.0240803
0.0219345
0.025034
0.0219345
0.0231266
0.0240803
0.0240803
0.0219345
0.0228882
0.0221729
0.0247955
0.0231266
0.0219345
0.0219345
0.025034
0.0231266
0.0240803
0.025034
0.025034
0.0228882
0.0219345
0.0231266
0.0238419
0.0221729
0.0228882
0.0231266
0.0238419
0.0240803
0.0219345
0.0240803
0.0238419
0.0231266
0.0219345
0.0228882
0.025034
0.0231266
0.0238419
0.0231266
0.0238419
0.025034
0.0240803
0.0219345
0.0240803
0.0228882
0.0231266
0.0238419
0.0231266
0.0228882
0.0231266
0.0228882
0.0269413
0.015974
0.015974
0.0150204
0.015974
0.015974
0.015974
0.015974
0.0169277
0.015974
0.0150204
0.0162125
0.015974
0.015974
0.015974
0.015974
0.015974
0.015974
0.015974
0.0150204
0.015974
0.015974
0.015974
0.015974
0.015974
0.0150204
0.015974
0.015974
0.015974
0.015974
0.015974
0.0162125
0.0169277
0.0162125
0.015974
0.0150204
0.015974
0.015974
0.015974
0.0162125
0.0169277
0.0162125
0.0150204
0.0150204
0.015974
0.015974
0.015974
0.0150204
0.015974
0.0162125
0.0150204
0.015974
0.015974
0.015974
0.015974
0.015974
0.015974
0.0162125
0.015974
0.0150204
0.015974
0.015974
0.015974
0.0162125
0.0150204
0.015974
0.0150204
0.0150204
0.015974
0.015974
0.0169277
0.0162125
0.015974
0.015974
0.0150204
0.0150204
0.0162125
0.015974
0.015974
0.0162125
0.015974
0.0150204
0.015974
0.015974
0.015974
0.0169277
0.015974
0.0171661
0.015974
0.015974
0.015974
0.015974
0.0150204
0.015974
0.015974
0.0162125
0.015974
0.015974
0.015974
0.015974
0.0150204
0.015974
0.0169277
0.0162125
0.015974
0.0162125
0.015974
0.0150204
0.015974
0.015974
0.0162125
0.015974
0.015974
0.0171661
0.015974
0.0162125
0.0150204
0.015974
0.0169277
0.015974
0.015974
0.015974
0.015974
0.0150204
0.015974
0.015974
0.0150204
0.0162125
0.015974
0.015974
0.015974
0.0150204
0.0150204
0.015974
0.0150204
0.0162125
0.0169277
0.015974
0.0150204
0.0150204
0.0162125
0.015974
0.0169277
0.015974
0.0150204
0.0150204
0.015974
0.015974
0.015974
0.015974
0.0162125
0.015974
0.015974
0.015974
0.015974
0.015974
0.015974
0.015974
0.0162125
0.015974
0.015974
0.0169277
0.015974
0.014782
0.015974
0.015974
0.0171661
0.015974
0.0150204
0.015974
0.015974
0.015974
0.015974
0.0150204
0.0150204
0.015974
0.015974
0.0150204
0.015974
0.015974
0.015974
0.0169277
0.015974
0.015974
0.0150204
0.0150204
0.015974
0.014782
0.015974
0.015974
0.015974
0.015974
0.0162125
0.015974
0.015974
0.015974
0.0162125
0.015974
0.0150204
0.015974
0.015974
0.014782
0.0150204
0.0181198
0.015974
0.0171661
0.015974
0.015974
0.015974
0.0150204
0.015974
0.015974
0.015974
0.015974
0.015974
0.0169277
0.015974
0.0150204
0.015974
0.015974
0.0150204
0.0150204
0.0150204
0.015974
0.015974
0.015974
0.015974
0.015974
0.0162125
0.015974
0.0150204
0.014782
0.015974
0.015974
0.0162125
0.0150204
0.015974
0.015974
0.015974
0.015974
0.015974
0.015974
0.0150204
0.015974
0.015974
0.015974
0.015974
0.015974
0.0169277
0.0162125
0.015974
0.0150204
0.0150204
0.015974
0.015974
0.0162125
0.015974
0.0150204
0.015974
0.015974
0.0150204
0.0178814
0.014782
0.015974
0.015974
0.0150204
0.015974
0.015974
0.015974
0.015974
0.015974
0.015974
0.015974
0.0150204
0.0150204
0.0162125
0.015974
0.015974
0.015974
0.0150204
0.0150204
0.015974
0.015974
0.015974
0.015974
0.015974
0.0150204
0.0162125
0.0169277
0.015974
0.0150204
0.015974
0.015974
0.015974
0.015974
0.0150204
0.015974
0.0150204
0.015974
0.015974
0.015974
0.015974
0.0150204
0.0150204
0.0162125
0.015974
0.015974
0.0150204
0.0150204
0.0150204
0.0162125
0.015974
0.015974
0.015974
0.0169277
0.015974
0.0162125
0.0150204
0.0150204
0.015974
0.015974
0.015974
0.015974
0.015974
0.015974
0.015974
0.0162125
0.0169277
0.015974
0.0150204
0.015974
0.0150204
0.015974
0.0169277
0.015974
0.015974
0.0162125
0.0150204
0.0150204
0.014782
0.015974
0.015974
0.0162125
0.015974
0.0150204
0.014782
0.015974
0.015974
0.0162125
0.015974
0.015974
0.015974
0.0150204
0.0150204
0.015974
0.015974
0.015974
0.015974
0.0150204
0.015974
0.015974
0.015974
0.0162125
0.0150204
0.0150204
0.014782
0.0150204
0.015974
0.0171661
0.015974
0.0150204
0.0150204
0.0150204
0.015974
0.015974
0.0150204
0.0162125
0.0150204
0.015974
0.015974
0.0150204
0.015974
0.015974
0.0169277
0.015974
0.0150204
0.015974
0.0162125
0.0169277
0.0150204
0.015974
0.0150204
0.015974
0.0150204
0.0150204
0.015974
0.0150204
0.015974
0.0150204
0.0150204
0.015974
0.0150204
0.015974
0.0171661
0.0169277
0.015974
0.0169277
0.0169277
0.015974
0.0150204
0.0150204
0.0150204
0.015974
0.0150204
0.0169277
0.015974
0.015974
0.0150204
0.015974
0.015974
0.015974
0.015974
0.015974
0.0150204
0.0150204
0.0150204
0.015974
0.015974
0.014782
0.015974
0.015974
0.0171661
0.015974
0.0162125
0.0169277
0.0162125
0.0169277
0.015974
0.015974
0.0169277
0.015974
0.015974
0.0169277
0.015974
0.0169277
0.015974
0.015974
0.0162125
0.0150204
0.015974
0.015974
0.0150204
0.0150204
0.0150204
0.015974
0.015974
0.0150204
0.015974
0.0171661
0.0169277
0.015974
0.0150204
0.015974
0.0171661
0.0150204
0.0150204
0.015974
0.015974
0.015974
0.0162125
0.0169277
0.0171661
0.0150204
0.015974
0.015974
0.0169277
0.014782
0.015974
0.015974
0.0169277
0.0150204
0.0150204
0.015974
0.015974
0.0150204
0.015974
0.015974
0.015974
0.015974
0.0162125
0.0150204
0.0150204
0.014782
0.015974
0.015974
0.0162125
0.0150204
0.015974
0.0169277
0.015974
0.015974
0.015974
0.015974
0.015974
0.0150204
0.0150204
0.0150204
0.0150204
0.0150204
0.0150204
0.0150204
0.0150204
0.015974
0.0169277
0.015974
0.015974
0.015974
0.015974
0.0150204
0.0150204
0.015974
0.015974
0.0169277
0.0150204
0.0150204
0.0150204
0.015974
0.0169277
0.015974
0.015974
0.015974
0.015974
0.0150204
0.015974
0.0150204
0.0150204
0.015974
0.0169277
0.0162125
0.015974
0.015974
0.015974
0.015974
0.0169277
0.0162125
0.015974
0.015974
0.0171661
0.015974
0.0181198
0.015974
0.015974
0.0169277
0.015974
0.015974
0.015974
0.0162125
0.0150204
0.0150204
0.015974
0.015974
0.015974
0.0150204
0.0150204
0.0162125
0.015974
0.0150204
0.014782
0.015974
0.015974
0.0162125
0.0150204
0.0150204
0.014782
0.0150204
0.015974
0.0150204
0.015974
0.015974
0.015974
0.015974
0.0150204
0.0150204
0.0150204
0.0150204
0.015974
0.0150204
0.0150204
0.015974
0.015974
0.0150204
0.0150204
0.0150204
0.0150204
0.015974
0.0150204
0.015974
0.0150204
0.0150204
0.0162125
0.0150204
0.015974
0.015974
0.015974
0.015974
0.0150204
0.0150204
0.015974
0.015974
0.015974
0.0150204
0.015974
0.014782
0.015974
0.0150204
0.015974
0.015974
0.0150204
0.015974
0.015974
0.015974
0.015974
0.015974
0.015974
0.0150204
0.0169277
0.015974
0.015974
0.015974
0.0150204
0.015974
0.0150204
0.0150204
0.0162125
0.015974
0.015974
0.014782
0.0169277
0.015974
0.0162125
0.015974
0.015974
0.015974
0.015974
0.0150204
0.0162125
0.015974
0.015974
0.015974
0.0150204
0.0150204
0.0162125
0.015974
0.0150204
0.015974
0.015974
0.015974
0.015974
0.0150204
0.0150204
0.0150204
0.0150204
0.015974
0.015974
0.015974
0.015974
0.015974
0.015974
0.0162125
0.015974
0.015974
0.0171661
0.015974
0.015974
0.0162125
0.015974
0.015974
0.014782
0.0150204
0.0150204
0.0150204
0.0150204
0.015974
0.015974
0.015974
0.015974
0.0162125
0.015974
0.0150204
0.015974
0.0169277
0.015974
0.0150204
0.015974
0.0162125
0.0169277
0.0150204
0.014782
0.015974
0.015974
0.015974
0.0150204
0.0150204
0.0150204
0.0150204
0.015974
0.0150204
0.015974
0.0162125
0.015974
0.0169277
0.015974
0.015974
0.0150204
0.014782
0.015974
0.015974
0.0162125
0.015974
0.015974
0.014782
0.0150204
0.015974
0.0162125
0.015974
0.015974
0.015974
0.015974
0.0150204
0.015974
0.015974
0.015974
0.015974
0.015974
0.015974
0.015974
0.015974
0.015974
0.015974
0.015974
0.014782
0.0150204
0.0150204
0.0162125
0.015974
0.015974
0.015974
0.015974
0.015974
0.015974
0.015974
0.015974
0.015974
0.0169277
0.015974
0.015974
0.015974
0.0162125
0.015974
0.0150204
0.0150204
0.0150204
0.0150204
0.0162125
0.015974
0.015974
0.0162125
0.0169277
0.015974
