19.8631
19.4471
19.4528
19.438
19.453
19.453
19.454
19.4621
19.4681
19.4569
19.4471
19.4392
19.4769
19.444
19.4368
19.4361
19.4452
19.429
19.4349
19.4688
19.453
19.464
19.4452
19.4359
19.4421
19.4712
19.4461
19.4581
19.4359
19.4428
19.46
19.443
19.4459
19.4621
19.4459
19.439
19.4471
19.4459
19.4559
19.46
19.4519
19.4421
19.4659
19.4471
19.4309
19.4569
19.4449
19.4368
19.4561
19.449
19.4468
19.438
19.448
19.4452
19.4728
19.4571
19.4502
19.4449
19.4342
19.465
19.444
19.4509
19.443
19.4421
19.4449
19.454
19.4499
19.449
19.439
19.4502
19.433
19.464
19.4609
19.4571
19.459
19.4552
19.4561
19.453
19.429
19.4309
19.448
19.4409
19.464
19.4449
19.448
19.484
19.4669
19.4349
19.448
19.443
19.4399
19.4292
19.449
19.4511
19.4471
19.4421
19.443
19.455
19.448
19.443
19.4411
19.46
19.4471
19.449
19.4619
19.4468
19.443
19.484
19.4409
19.464
19.455
19.469
19.459
19.4571
19.4371
19.444
19.4509
19.4478
19.479
19.4569
19.4669
19.433
19.4371
19.4449
19.4359
19.464
19.439
19.4411
19.459
19.434
19.4452
19.4631
19.453
19.428
19.4511
19.459
19.4471
19.453
19.4399
19.4669
19.4499
19.4471
19.434
19.46
19.444
19.48
19.443
19.4368
19.4449
19.454
19.449
19.4509
19.4521
19.449
19.434
19.4619
19.4309
19.4349
19.443
19.4449
19.4321
19.4559
19.464
19.4581
19.4452
19.469
19.4399
19.4468
19.4631
19.434
19.459
19.4368
19.449
19.454
19.4449
19.4349
19.4559
19.455
19.4519
19.454
19.4499
19.4559
19.443
19.4528
19.465
19.4552
19.4299
19.459
19.4402
19.4449
19.439
19.48
19.4619
19.429
19.4559
19.4519
19.4459
19.448
19.453
19.4371
19.448
19.455
19.4449
19.454
19.4459
19.4421
19.4499
19.448
19.4499
19.439
19.4669
19.438
19.428
19.4478
19.4399
19.448
19.4559
19.454
19.4349
19.4671
19.444
19.448
19.4569
19.4609
19.438
19.454
19.4371
19.4368
19.4349
19.46
19.4361
19.429
19.4399
19.4421
19.4499
19.4712
19.454
19.4471
19.443
19.4418
19.4399
19.433
19.4571
19.4352
19.4411
19.4528
19.444
19.455
19.4619
19.4409
19.4368
19.4349
19.4459
19.448
19.454
19.4449
19.4581
19.4681
19.4552
19.4349
19.449
19.4659
19.4581
19.439
19.4561
19.4559
19.4411
19.459
19.4299
19.4559
19.454
19.4421
19.4349
19.455
19.4418
19.4499
19.4511
19.4452
19.459
19.474
19.4521
19.455
19.444
19.454
19.443
19.448
19.4662
19.4478
19.439
19.4581
19.4461
19.449
19.4471
19.4461
19.46
19.438
19.439
19.4371
19.46
19.4411
19.459
19.4621
19.4399
19.4511
19.438
19.438
19.448
19.465
19.448
19.4449
19.4371
19.4349
19.454
19.448
19.439
19.4509
19.429
19.4299
19.4361
19.4449
19.4471
19.4478
19.4559
19.4511
19.4559
19.448
19.439
19.455
19.4659
19.455
19.453
19.444
19.4459
19.433
19.443
19.4788
19.4411
19.4499
19.4509
19.443
19.4571
19.448
19.4681
19.4409
19.47
19.4478
19.4399
19.4478
19.4511
19.47
19.46
19.4411
19.453
19.449
19.4628
19.47
19.4459
19.439
19.459
19.4461
19.4452
19.4519
19.4571
19.439
19.444
19.4509
19.4619
19.4581
19.444
19.4449
19.4471
19.4461
19.448
19.4292
19.455
19.4659
19.4509
19.4271
19.434
19.444
19.459
19.4349
19.4449
19.443
19.448
19.4471
19.454
19.4371
19.4688
19.4521
19.439
19.448
19.4471
19.4612
19.443
19.4581
19.439
19.4449
19.459
19.4521
19.4631
19.4409
19.459
19.4659
19.443
19.475
19.4399
19.4409
19.438
19.4392
19.439
19.454
19.448
19.448
19.4468
19.4399
19.4468
19.4399
19.4378
19.4418
19.459
19.4418
19.4459
19.4318
19.4359
19.444
19.4509
19.443
19.444
19.443
19.433
19.4359
19.4402
19.443
19.4519
19.4521
19.4511
19.4631
19.4569
19.4309
19.444
19.453
19.4461
19.4609
19.454
19.455
19.4311
19.439
19.4352
19.4461
19.4368
19.4449
19.4671
19.4499
19.4411
19.4471
19.46
19.4468
19.4418
19.4361
19.46
19.4459
19.459
19.4559
19.4561
19.454
19.454
19.429
19.475
19.4349
19.4399
19.444
19.4359
19.439
19.4459
19.4571
19.4521
19.439
19.4719
19.4571
19.4352
19.4461
19.4609
19.4581
19.4371
19.4378
19.4511
19.4612
19.4502
19.443
19.449
19.4452
19.4671
19.321
19.4428
19.4509
19.4371
19.4499
19.455
19.4309
