12.311
0.104904
0.0269413
0.0247955
0.0231266
0.0219345
0.0231266
0.0221729
0.0228882
0.0219345
0.0209808
0.0219345
0.0219345
0.0231266
0.0219345
0.0219345
0.0221729
0.0219345
0.0228882
0.0219345
0.0221729
0.0219345
0.0209808
0.0221729
0.0209808
0.0219345
0.0219345
0.0209808
0.0228882
0.0219345
0.0221729
0.0219345
0.0228882
0.0221729
0.0221729
0.0269413
0.0219345
0.0231266
0.0219345
0.0219345
0.0209808
0.0209808
0.0228882
0.0209808
0.0209808
0.0221729
0.0219345
0.0219345
0.0219345
0.0209808
0.0221729
0.0219345
0.0219345
0.0281334
0.0219345
0.0219345
0.0212193
0.0219345
0.0219345
0.0219345
0.0209808
0.0221729
0.0219345
0.0219345
0.0219345
0.0221729
0.0219345
0.0209808
0.0219345
0.0221729
0.0219345
0.0219345
0.0281334
0.0219345
0.0219345
0.0209808
0.0221729
0.0209808
0.0209808
0.0219345
0.0209808
0.0231266
0.0209808
0.0209808
0.0219345
0.0209808
0.0219345
0.0209808
0.0209808
0.0221729
0.0219345
0.0228882
0.0221729
0.0219345
0.0219345
0.0219345
0.0221729
0.0209808
0.0209808
0.0219345
0.0231266
0.0219345
0.0219345
0.0219345
0.0209808
0.0219345
0.0209808
0.0219345
0.0221729
0.0228882
0.0231266
0.0219345
0.0209808
0.0209808
0.0221729
0.0221729
0.0209808
0.0209808
0.0221729
0.0209808
0.0219345
0.0219345
0.0221729
0.0219345
0.0209808
0.0219345
0.025034
0.0221729
0.0209808
0.0219345
0.0219345
0.0221729
0.0219345
0.0212193
0.0219345
0.0219345
0.0209808
0.0212193
0.0221729
0.0219345
0.0209808
0.0219345
0.0221729
0.0209808
0.0228882
0.0300407
0.0219345
0.0209808
0.0212193
0.0228882
0.0219345
0.0221729
0.0221729
0.0209808
0.0219345
0.0219345
0.0221729
0.0219345
0.0219345
0.0219345
0.0209808
0.0209808
0.0219345
0.0231266
0.0209808
0.0209808
0.0209808
0.0219345
0.0221729
0.0209808
0.0219345
0.0219345
0.0209808
0.0231266
0.0219345
0.0209808
0.0209808
0.0221729
0.0228882
0.0209808
0.0209808
0.0209808
0.0228882
0.0221729
0.0209808
0.0219345
0.0219345
0.0212193
0.0219345
0.0219345
0.0219345
0.0212193
0.0209808
0.0219345
0.0209808
0.0221729
0.0212193
0.0219345
0.0219345
0.0219345
0.025034
0.0221729
0.0219345
0.0209808
0.0219345
0.0209808
0.0221729
0.0219345
0.0209808
0.0219345
0.0221729
0.0209808
0.0209808
0.0209808
0.0209808
0.0209808
0.0209808
0.0219345
0.0300407
0.0221729
0.0219345
0.0219345
0.0219345
0.0212193
0.0209808
0.0209808
0.0219345
0.0231266
0.0209808
0.0209808
0.0219345
0.0231266
0.0219345
0.0209808
0.0209808
0.0219345
0.0231266
0.0209808
0.0209808
0.0209808
0.0221729
0.0228882
0.0219345
0.0221729
0.0209808
0.0209808
0.0228882
0.0209808
0.0209808
0.0219345
0.0219345
0.0219345
0.0221729
0.0219345
0.0219345
0.0281334
0.0228882
0.0219345
0.0221729
0.0212193
0.0231266
0.0228882
0.0221729
0.0209808
0.0219345
0.0219345
0.0212193
0.0209808
0.0219345
0.0219345
0.0221729
0.0219345
0.0219345
0.025034
0.0219345
0.0219345
0.0209808
0.0219345
0.0219345
0.0209808
0.0221729
0.0219345
0.0219345
0.0219345
0.0209808
0.0219345
0.0219345
0.0219345
0.0221729
0.0209808
0.0219345
0.0290871
0.0209808
0.0219345
0.0221729
0.0209808
0.0219345
0.0219345
0.0221729
0.0219345
0.0209808
0.0209808
0.0221729
0.0219345
0.0228882
0.0209808
0.0212193
0.0209808
0.0219345
0.0228882
0.0221729
0.0219345
0.0219345
0.0209808
0.0221729
0.0219345
0.0219345
0.0219345
0.0221729
0.0219345
0.0209808
0.0209808
0.0209808
0.0209808
0.0219345
0.0221729
0.0219345
0.0219345
0.0231266
0.0209808
0.0209808
0.0209808
0.0209808
0.0228882
0.0219345
0.0221729
0.0209808
0.0219345
0.0221729
0.0209808
0.0219345
0.0219345
0.0221729
0.0219345
0.0209808
0.0219345
0.025034
0.0221729
0.0228882
0.0219345
0.0219345
0.0221729
0.0209808
0.0219345
0.0219345
0.0231266
0.0219345
0.0209808
0.0221729
0.0178814
0.0128746
0.0140667
0.0140667
0.013113
0.0150204
0.0138283
0.0138283
0.015974
0.013113
0.0140667
0.0140667
0.0140667
0.0150204
0.0140667
0.0140667
0.0140667
0.0140667
0.0140667
0.0140667
0.014782
0.0128746
0.0138283
0.0140667
0.0140667
0.0140667
0.0140667
0.0140667
0.0150204
0.0138283
0.0140667
0.0140667
0.0140667
0.0140667
0.0140667
0.0140667
0.0119209
0.0128746
0.0128746
0.0138283
0.0128746
0.013113
0.0140667
0.0140667
0.0138283
0.0138283
0.0138283
0.0140667
0.0140667
0.0140667
0.0140667
0.0140667
0.0150204
0.0140667
0.0140667
0.0140667
0.0140667
0.0138283
0.0138283
0.0138283
0.0150204
0.0140667
0.0140667
0.0138283
0.0138283
0.0140667
0.0140667
0.0150204
0.0140667
0.013113
0.0128746
0.0138283
0.0138283
0.0140667
0.0140667
0.0140667
0.0150204
0.0138283
0.0138283
0.0138283
0.0140667
0.0140667
0.013113
0.013113
0.013113
0.0140667
0.0138283
0.0140667
0.0140667
0.0140667
0.0140667
0.0150204
0.0138283
0.0138283
0.0138283
0.0140667
0.0150204
0.013113
0.0140667
0.013113
0.0138283
0.0138283
0.0140667
0.0140667
0.0140667
0.0150204
0.0140667
0.0128746
0.0128746
0.0128746
0.0140667
0.0140667
0.0140667
0.0140667
0.0140667
0.0140667
0.0128746
0.0138283
0.0138283
0.0140667
0.0150204
0.0140667
0.0140667
0.0140667
0.0138283
0.0138283
0.013113
0.0140667
0.0140667
0.0140667
0.0140667
0.0138283
0.015974
0.0150204
0.0150204
0.0140667
0.0140667
0.0140667
0.0140667
0.0150204
0.0138283
0.0140667
0.0140667
0.0140667
0.0150204
0.0140667
0.0138283
0.0138283
0.0138283
0.0140667
0.0140667
0.0140667
0.0140667
0.0138283
0.0138283
0.0138283
0.0140667
0.0138283
0.0140667
0.0140667
0.0140667
0.0140667
0.0140667
0.0138283
0.0150204
0.0140667
0.0140667
0.0140667
0.0140667
0.0140667
0.0140667
0.0138283
0.0138283
0.0150204
0.0140667
0.0140667
0.0140667
0.0140667
0.0138283
0.0140667
0.0140667
0.0140667
0.013113
0.0140667
0.0140667
0.0138283
0.0138283
0.0138283
0.0140667
0.0140667
0.0140667
0.013113
0.0140667
0.015974
0.0140667
0.0140667
0.0140667
0.0138283
0.0150204
0.0140667
0.0140667
0.0140667
0.0140667
0.0140667
0.0138283
0.0128746
0.0150204
0.0150204
0.0138283
0.0138283
0.0140667
0.0140667
0.0140667
0.0140667
0.0140667
0.0140667
0.0140667
0.0138283
0.0128746
0.0128746
0.013113
0.013113
0.0140667
0.0140667
0.0138283
0.0138283
0.0138283
0.0140667
0.013113
0.013113
0.013113
0.0140667
0.0138283
0.0138283
0.0140667
0.0140667
0.0150204
0.0140667
0.0140667
0.0138283
0.0138283
0.0138283
0.0140667
0.0140667
0.0140667
0.013113
0.0140667
0.0138283
0.0138283
0.0140667
0.0140667
0.0140667
0.0140667
0.0140667
0.0140667
0.0140667
0.0138283
0.013113
0.013113
0.013113
0.013113
0.0138283
0.0138283
0.0128746
0.0140667
0.0140667
0.0140667
0.0140667
0.0140667
0.0138283
0.0150204
0.0140667
0.0140667
0.0140667
0.0140667
0.0150204
0.0128746
0.0128746
0.0140667
0.0150204
0.0138283
0.0138283
0.0138283
0.0140667
0.0140667
0.0140667
0.013113
0.0140667
0.0128746
0.0128746
0.0140667
0.0140667
0.0140667
0.0140667
0.0140667
0.0138283
0.0138283
0.0140667
0.0140667
0.0140667
0.013113
0.0140667
0.0138283
0.0138283
0.0138283
0.0140667
0.0140667
0.0140667
0.0140667
0.0150204
0.0138283
0.0138283
0.0140667
0.0128746
0.0140667
0.0140667
0.0140667
0.0150204
0.0138283
0.0138283
0.0140667
0.0140667
0.0140667
0.013113
0.0140667
0.0138283
0.0138283
0.0140667
0.0140667
0.0150204
0.0140667
0.0140667
0.0138283
0.0138283
0.013113
0.0140667
0.0140667
0.0140667
0.0140667
0.0138283
0.0138283
0.0138283
0.0140667
0.0150204
0.0140667
0.0140667
0.0140667
0.0138283
0.0138283
0.0140667
0.0140667
0.0140667
0.013113
0.0150204
0.0140667
0.0140667
0.0140667
0.0140667
0.0140667
0.0138283
0.0138283
0.0140667
0.0140667
0.0150204
0.0140667
0.0138283
0.0138283
0.0138283
0.0140667
0.013113
0.013113
0.013113
0.0140667
0.0138283
0.0138283
0.0140667
0.0140667
0.0140667
0.013113
0.0162125
0.0140667
0.0140667
0.0150204
0.0140667
0.0138283
0.0138283
0.0138283
0.0140667
0.0140667
0.0140667
0.0140667
0.0140667
0.0150204
0.0138283
0.0140667
0.0140667
0.0140667
0.0140667
0.0140667
0.0138283
0.0138283
0.0140667
0.0140667
0.013113
0.013113
0.0140667
0.0138283
0.0138283
0.0138283
0.0140667
0.0140667
0.0140667
0.013113
0.0150204
0.0138283
0.0138283
0.0140667
0.013113
0.013113
0.0140667
0.0140667
0.0138283
0.0138283
0.0138283
0.0140667
0.0140667
0.015974
0.0138283
0.0138283
0.0140667
0.0140667
0.0140667
0.0140667
0.0140667
0.0138283
0.0138283
0.0140667
0.0140667
0.0140667
0.0109673
0.0109673
0.0109673
0.0109673
0.0109673
0.0119209
0.0109673
0.0112057
0.0109673
0.0109673
0.0109673
0.0109673
0.0112057
0.0109673
0.0109673
0.0119209
0.0109673
0.0121593
0.0109673
0.0109673
0.0109673
0.0109673
0.0109673
0.0109673
0.0121593
0.0109673
0.0112057
0.0109673
0.0112057
0.0109673
0.0121593
0.0109673
0.0109673
0.0109673
0.0109673
0.0121593
0.0109673
0.0109673
0.0119209
0.0109673
0.0112057
0.0109673
0.0109673
0.0119209
0.0109673
0.0121593
0.0109673
0.0121593
0.0109673
0.0109673
0.0119209
0.0109673
0.0112057
0.0109673
0.0109673
0.0119209
0.0109673
0.0109673
0.0109673
0.0112057
0.0119209
0.0121593
0.0109673
0.0109673
0.0109673
0.0109673
0.0109673
0.0109673
0.0109673
0.0109673
0.0109673
0.0109673
0.0109673
0.0109673
0.0119209
0.0119209
0.0109673
0.0109673
0.0109673
0.0119209
0.0112057
0.0109673
0.013113
0.0109673
0.0121593
0.0109673
0.0109673
0.0109673
0.0109673
0.0109673
0.0109673
0.0121593
0.0109673
0.0119209
0.0109673
0.0109673
0.0112057
0.0109673
0.0119209
0.0109673
0.0109673
0.0112057
0.0109673
0.0109673
0.0109673
0.0109673
0.0109673
0.0109673
0.0121593
0.0109673
0.0109673
0.0112057
0.0109673
0.0121593
0.0109673
0.0109673
0.0109673
0.0109673
0.0112057
0.0119209
0.0109673
0.0109673
0.0109673
0.0109673
0.0109673
0.0112057
0.0109673
0.0109673
0.0119209
0.0109673
0.0112057
0.0109673
0.0109673
0.0119209
0.0119209
0.0109673
0.0109673
0.0109673
0.0109673
0.0109673
0.0109673
0.0109673
0.0121593
0.0109673
0.0109673
0.0119209
0.0109673
0.0121593
0.0109673
0.0109673
0.0119209
0.0109673
0.0121593
0.0109673
0.0109673
0.0119209
0.0109673
0.0109673
0.0109673
0.0112057
0.0109673
0.0109673
0.0109673
0.0119209
0.0109673
0.0109673
0.0121593
0.0109673
0.0119209
0.0109673
0.0109673
0.0121593
0.0109673
0.0109673
0.0109673
0.0109673
0.0121593
0.0109673
0.0109673
0.0109673
0.0109673
0.0121593
0.0109673
0.0109673
0.0109673
0.0109673
0.0121593
0.0109673
0.0109673
0.0109673
0.0109673
0.0109673
0.0109673
0.0121593
0.0109673
0.0109673
0.0109673
0.0109673
0.0112057
0.0109673
0.0109673
0.0119209
