19.876
10.838
10.844
10.848
10.8449
10.8211
10.843
10.8218
10.843
10.8311
10.818
10.8221
10.8342
10.828
10.8199
10.8242
10.818
10.828
10.8271
10.818
10.819
10.808
10.855
10.798
10.8199
10.8242
10.8409
10.8242
10.828
10.8142
10.8109
10.854
10.838
10.8151
10.839
10.8092
10.823
10.812
10.823
10.8311
10.838
10.7939
10.8249
10.812
10.8311
10.823
10.8049
10.818
10.808
10.8159
10.787
10.829
10.849
10.8209
10.829
10.807
10.8101
10.85
10.8192
10.834
10.8299
10.7949
10.864
10.8459
10.8142
10.838
10.8249
10.8342
10.819
10.812
10.8552
10.819
10.829
10.849
10.833
10.829
10.8469
10.8209
10.859
10.8311
10.828
10.8471
10.8199
10.86
10.8089
10.8268
10.8399
10.819
10.8209
10.8368
10.7968
10.8349
10.8242
10.8249
10.823
10.8268
10.8519
10.7982
10.828
10.8111
10.848
10.849
10.8461
10.818
10.8159
10.819
10.8402
10.8199
10.848
10.8221
10.819
10.843
10.8171
10.8151
10.788
10.8342
10.803
10.843
10.8202
10.824
10.818
10.824
10.8311
10.8171
10.844
10.8371
10.8321
10.8199
10.818
10.8061
10.8309
10.8249
10.843
10.85
10.8442
10.829
10.829
10.8149
10.8399
10.8371
10.8171
10.834
10.8161
10.8271
10.8242
10.8171
10.812
10.8409
10.828
10.8361
10.7911
10.8001
10.8171
10.7992
10.8409
10.86
10.8271
10.813
10.8459
10.819
10.824
10.8099
10.8302
10.813
10.8459
10.8309
10.824
10.807
10.824
10.833
10.8511
10.8171
10.798
10.8211
10.829
10.8008
10.8058
10.8271
10.833
10.8552
10.87
10.8111
10.812
10.8428
10.833
10.834
10.8352
10.814
10.8321
10.813
10.8352
10.8171
10.8371
10.85
10.7949
10.8099
10.838
10.833
10.814
10.807
10.8101
10.8171
10.8349
10.8569
10.829
10.8399
10.8092
10.828
10.849
10.8299
10.8202
10.814
10.8371
10.8349
10.8511
10.849
10.8151
10.8209
10.843
10.8249
10.8292
10.813
10.807
10.8459
10.8371
10.8311
10.8421
10.8271
10.8299
10.8402
10.7899
10.8268
10.7908
10.8299
10.843
10.8352
10.8061
10.7899
10.813
10.829
10.8061
10.8302
10.819
10.8371
10.8089
10.8099
10.8092
10.8221
10.7939
10.813
10.829
10.8252
10.8011
10.8049
10.8302
10.8221
10.823
10.8321
10.85
10.834
10.8721
10.813
10.8149
10.833
10.829
10.808
10.8101
10.8171
10.813
10.8101
10.808
10.8209
10.833
10.8218
10.828
10.8309
10.812
10.8099
10.843
10.8321
10.8171
10.833
10.8421
10.838
10.843
10.8209
10.8359
10.7882
10.823
10.854
10.8101
10.829
10.8218
10.829
10.8171
10.8099
10.8259
10.839
10.8039
10.8392
10.8399
10.7951
10.8371
10.8349
10.797
10.8111
10.8259
10.834
10.8249
10.8292
10.849
10.839
10.8039
10.8321
10.8171
10.8111
10.8221
10.798
10.829
10.7841
10.8171
10.8061
10.839
10.818
10.8199
10.8199
10.8142
10.8061
10.8511
10.834
10.8371
10.8011
10.8001
10.8299
10.833
10.8469
10.8559
10.819
10.8569
10.8058
10.8359
10.814
10.8039
10.839
10.8349
10.839
10.844
10.8299
10.8111
10.8171
10.839
10.8151
10.818
10.8271
10.8252
10.8421
10.8569
10.8418
10.819
10.8471
10.8209
10.833
10.819
10.8562
10.823
10.8271
10.8221
10.828
10.8171
10.8311
10.824
10.828
10.8368
10.8209
10.8259
10.8271
10.8001
10.8809
10.8159
10.844
10.807
10.834
10.8151
10.8171
10.8271
10.859
10.8378
10.8249
10.8459
10.8101
10.818
10.8249
10.829
10.8211
10.834
10.8299
10.808
10.8149
10.8299
10.8101
10.818
10.833
10.814
10.8359
10.8309
10.812
10.85
10.8399
10.8352
10.8349
10.8461
10.8039
10.8302
10.848
10.7949
10.8199
10.8421
10.8421
10.8252
10.828
10.8171
10.8321
10.8321
10.8171
10.803
10.8318
10.8149
10.8342
10.8459
10.8519
10.814
10.8449
10.8471
10.8361
10.8199
10.8459
10.8171
10.819
10.85
10.8252
10.849
10.8061
10.8261
10.8271
10.8402
10.829
10.812
10.823
10.818
10.8111
10.839
10.829
10.849
10.824
10.8032
10.8318
10.8118
10.8149
10.828
10.829
10.8211
10.7889
10.7861
10.8321
10.8511
10.8318
10.8399
10.823
10.802
10.818
10.812
10.819
10.813
10.8469
10.829
10.823
10.824
10.848
10.828
10.7989
10.8202
10.8349
10.819
10.823
10.828
10.8259
10.7989
10.8151
10.8261
10.819
10.8428
10.813
10.7889
10.839
10.8299
10.8161
10.812
10.8531
10.8142
10.798
10.813
10.8278
10.828
10.8211
10.829
10.8612
10.8099
10.8409
10.85
10.843
10.8449
10.823
10.8612
10.834
10.8151
10.8311
10.8671
10.807
10.8309
10.8221
10.8171
10.8521
10.8531
10.8261
10.834
10.8261
10.8271
10.814
10.8418
10.849
10.8581
10.792
10.823
10.8361
10.7961
10.8159
10.8109
10.8428
10.8249
10.8318
10.8478
10.8511
10.8311
10.7911
10.8469
10.8349
10.8471
10.87
10.7901
10.8421
10.8211
10.824
10.8092
10.823
10.8302
10.8321
10.828
10.793
10.839
10.8361
10.849
10.803
10.808
10.8089
10.8271
10.8311
10.8559
10.8149
10.828
10.8418
10.8068
10.823
10.819
10.839
10.834
10.828
10.797
10.7932
10.7911
10.787
10.855
10.8042
10.8321
10.8399
10.7942
10.8399
10.8242
10.86
10.8142
10.7951
10.807
10.807
10.8361
10.844
10.8309
10.7849
10.8011
10.8151
10.8171
10.824
10.823
10.8321
10.833
10.829
10.8008
10.8249
10.7982
10.844
10.8249
10.814
10.8271
10.8242
10.848
10.8321
10.8271
10.823
10.8411
10.834
10.8151
10.8359
10.8359
10.8271
10.8402
10.8221
10.793
10.8049
10.8202
10.828
10.8199
10.8371
10.813
10.8149
10.8159
10.8461
10.8101
10.829
10.8531
10.8261
10.823
10.8342
10.807
10.834
10.833
10.8459
10.8221
10.8302
10.814
10.8349
10.824
10.8418
10.8061
10.8151
10.814
10.808
10.833
10.8149
10.828
10.8302
10.829
10.8252
10.844
10.833
10.8352
10.813
10.8399
10.828
10.834
10.8311
10.8521
10.8161
10.8418
10.828
10.8061
10.834
10.8459
10.803
10.8299
10.8149
10.802
10.819
10.834
10.859
10.8361
10.844
10.819
10.824
10.8111
10.813
10.7911
10.807
10.8581
10.8171
10.8368
10.8068
10.819
10.8049
10.8209
10.843
10.818
10.8299
10.8111
10.824
10.8218
10.8168
10.874
10.8171
10.8259
10.8359
10.792
10.8299
10.8171
10.8409
10.8259
10.8531
10.802
10.8221
10.8409
10.792
10.839
10.8159
10.8578
10.8359
10.834
10.843
10.8321
10.8261
10.839
10.818
10.8361
10.824
10.8109
10.834
10.807
10.849
10.823
10.829
10.8101
10.8321
10.8271
10.8211
10.833
10.829
10.8469
10.8218
10.8259
10.812
10.8309
10.8042
10.834
10.8371
10.838
10.797
10.839
10.798
10.8299
10.8478
10.8299
10.823
10.8101
10.8309
10.8259
10.8299
10.818
10.8221
10.8321
10.8051
10.8061
10.814
10.8111
10.828
10.8249
10.7961
10.8669
10.803
10.819
10.8218
10.839
10.807
10.8311
10.8271
10.85
10.839
10.8609
10.8149
10.8349
10.8089
10.812
10.8619
10.819
10.8259
10.8469
10.7999
10.8471
10.829
10.8278
10.7999
10.8471
10.8311
10.8039
10.8442
10.7889
10.7982
10.8268
10.8559
10.797
10.828
10.8292
10.812
10.8309
10.798
10.819
10.843
10.818
10.839
10.8399
10.833
10.8311
10.8399
10.8202
10.808
10.814
10.818
10.834
10.828
10.828
10.8168
10.8318
10.8018
10.8149
10.8168
10.8578
10.8199
10.833
10.8461
10.848
10.828
10.839
10.8519
10.8068
10.8378
10.849
10.839
10.8359
10.8261
10.812
10.829
10.824
10.8211
10.8299
10.814
10.85
10.802
10.8249
10.7949
10.8311
10.8151
10.828
10.8411
10.8631
10.8161
10.833
10.828
10.7989
10.807
10.8271
10.8371
10.8221
10.8361
10.855
10.8452
10.8111
10.824
10.8089
10.8259
10.828
10.8321
10.829
10.807
10.833
10.793
10.8249
10.812
10.8609
10.8311
10.8461
10.814
10.8101
10.8321
10.838
10.834
10.8552
10.8171
10.787
10.7951
10.8302
10.7889
10.8559
10.7958
10.8309
10.8101
10.812
10.8218
10.8221
10.839
10.86
10.8411
10.814
10.8449
10.8361
10.787
10.8151
10.8299
10.828
10.8199
10.8402
10.8259
10.823
10.834
10.8261
10.833
10.864
10.843
10.814
10.8461
10.8221
10.819
10.8311
10.813
10.8318
10.834
10.8149
10.814
10.8161
10.854
10.8261
10.8199
10.8249
10.8042
10.8371
10.8411
10.814
10.834
10.808
10.839
10.7732
10.819
10.812
10.839
10.8578
10.8168
10.8528
10.823
10.8221
10.8111
10.8111
10.814
10.8252
10.833
10.7951
10.8449
10.819
10.829
10.839
10.8531
10.7989
10.838
10.869
10.8111
10.8039
10.8168
10.834
10.808
10.8321
10.8111
10.824
10.8261
10.783
10.7999
10.823
10.8111
10.8531
10.8101
10.8259
10.8418
10.8299
10.8111
10.7989
10.8259
10.7901
10.8349
10.8359
10.8562
10.8352
10.8309
10.8371
10.8202
10.8349
10.8168
10.818
10.86
