18.9009
10.1552
10.1371
10.1671
10.17
10.16
10.1511
10.1371
10.144
10.144
10.1111
10.118
10.1361
10.1681
10.1171
10.138
10.1511
10.1199
10.1528
10.1359
10.1469
10.1471
10.143
10.1151
10.1268
10.1469
10.138
10.1709
10.154
10.1221
10.1199
10.1168
10.1678
10.17
10.1628
10.1259
10.1171
10.1511
10.196
10.164
10.159
10.154
10.118
10.112
10.1411
10.1631
10.093
10.1321
10.1631
10.1578
10.155
10.143
10.1089
10.1569
10.1552
10.1619
10.139
10.1409
10.129
10.181
10.1101
10.1781
10.134
10.0989
10.1371
10.2
10.164
10.179
10.113
10.108
10.119
10.1669
10.1821
10.149
10.1552
10.149
10.133
10.1101
10.1349
10.1111
10.1502
10.15
10.144
10.1428
10.129
10.1731
10.1271
10.1111
10.1211
10.134
10.1662
10.1621
10.1459
10.155
10.1399
10.133
10.1109
10.17
10.1428
10.103
10.138
10.1111
10.159
10.114
10.1459
10.1502
10.1371
10.149
10.143
10.164
10.155
10.1309
10.1302
10.1521
10.1349
10.1578
10.1581
10.1299
10.1511
10.1399
10.139
10.1509
10.1349
10.1731
10.139
10.1252
10.16
10.113
10.1421
10.148
10.1001
10.155
10.1891
10.138
10.16
10.175
10.1318
10.1569
10.1421
10.1399
10.17
10.1781
10.1781
10.124
10.1719
10.1521
10.119
10.1299
10.1521
10.1221
10.165
10.123
10.108
10.1581
10.1299
10.1328
10.1399
10.179
10.112
10.1302
10.1371
10.1612
10.1449
10.119
10.129
10.1361
10.149
10.1511
10.1421
10.1459
10.1321
10.174
10.1271
10.15
10.1681
10.1521
10.1619
10.108
10.1449
10.128
10.1812
10.15
10.1402
10.15
10.123
10.1299
10.139
10.1509
10.1511
10.1271
10.1631
10.16
10.108
10.1569
10.1409
10.144
10.144
10.148
10.138
10.1678
10.1519
10.1471
10.138
10.1762
10.1469
10.1559
10.1571
10.144
10.1242
10.1709
10.1881
10.1502
10.1581
10.143
10.144
10.1311
10.1581
10.1409
10.1259
10.165
10.102
10.113
10.1521
10.113
10.165
10.1259
10.149
10.123
10.1349
10.1378
10.155
10.1359
10.1359
10.129
10.154
10.1321
10.1621
10.155
10.1089
10.1409
10.119
10.114
10.1862
10.143
10.144
10.1621
10.1399
10.1562
10.1421
10.138
10.138
10.164
10.1521
10.1681
10.134
10.1471
10.1171
10.1681
10.139
10.1199
10.112
10.113
10.133
10.1569
10.119
10.15
10.097
10.1371
10.1068
10.138
10.1349
10.1662
10.1058
10.1469
10.1552
10.1471
10.149
10.144
10.1418
10.134
10.1409
10.1192
10.154
10.1569
10.113
10.1671
10.1321
10.1399
10.155
10.165
10.1221
10.1619
10.129
10.1321
10.1769
10.149
10.1218
10.1519
10.1409
10.1151
10.129
10.139
10.18
10.1361
10.174
10.1621
10.1821
10.149
10.1571
10.1681
10.1109
10.128
10.1631
10.164
10.1409
10.143
10.128
10.1759
10.144
10.159
10.149
10.159
10.139
10.1249
10.155
10.1261
10.1361
10.1409
10.159
10.1521
10.1249
10.1678
10.1218
10.144
10.1769
10.1221
10.148
10.1762
10.143
10.1151
10.1371
10.1309
10.1531
10.1531
10.1519
10.138
10.144
10.143
10.1089
10.1411
10.149
10.164
10.1771
10.1399
10.1209
10.1521
10.196
10.1399
10.1709
10.1528
10.1519
10.1109
10.1528
10.1519
10.1581
10.1342
10.154
10.1311
10.1299
10.175
10.1719
10.1268
10.1309
10.174
10.124
10.1371
10.1249
10.155
10.1089
10.205
10.1559
10.1452
10.1519
10.1328
10.134
10.1171
10.1211
10.1471
10.1359
10.1409
10.15
10.1049
10.1321
10.123
10.1099
10.1449
10.1221
10.1409
10.1449
10.1089
10.1218
10.1168
10.139
10.1471
10.1409
10.1559
10.1111
10.1612
10.155
10.128
10.1559
10.1421
10.1061
10.1399
10.1531
10.154
10.1349
10.107
10.1399
10.1368
10.159
10.133
10.1461
10.1719
10.1628
10.1519
10.1449
10.1759
10.133
10.0958
10.1368
10.159
10.148
10.1449
10.174
10.1192
10.1359
10.15
10.1981
10.143
10.098
10.1719
10.1371
10.1652
10.119
10.133
10.1311
10.144
10.1371
10.139
10.169
10.1562
10.1521
10.1609
10.134
10.15
10.1452
10.1399
10.1192
10.129
10.138
10.1461
10.1411
10.1619
10.1459
10.1471
10.1221
10.1192
10.1268
10.1688
10.1318
10.1659
10.1342
10.1159
10.155
10.133
10.139
10.1712
10.1571
10.133
10.1409
10.114
10.1421
10.181
10.186
10.1609
10.1459
10.1571
10.139
10.143
10.1449
10.1399
10.134
10.1609
10.1659
10.1299
10.1361
10.124
10.1411
10.1368
10.0961
10.113
10.123
10.0801
10.1299
10.1678
10.18
10.1449
10.17
10.169
10.1509
10.1821
10.1311
10.1359
10.1531
10.123
10.2129
10.1509
10.1612
10.1469
10.138
10.1299
10.1218
10.1409
10.112
10.0968
10.165
10.154
10.102
10.1452
10.1421
10.1099
10.1199
10.1302
10.143
10.1571
10.1581
10.1471
10.1459
10.1509
10.1471
10.149
10.1831
10.1669
10.1669
10.1712
10.1309
10.133
10.1099
10.123
10.108
10.1721
10.1521
10.134
10.179
10.1321
10.1459
10.138
10.1469
10.2019
10.1581
10.1562
10.16
10.108
10.1621
10.1211
10.1562
10.1449
10.1302
10.118
10.1399
10.144
10.154
10.1371
10.097
10.1659
10.1209
10.1612
10.1609
10.164
10.1378
10.144
10.1459
10.1418
10.1171
10.113
10.154
10.124
10.1402
10.1669
10.1318
10.129
10.138
10.119
10.1771
10.138
10.1571
10.124
10.1619
10.139
10.1192
10.134
10.1452
10.1659
10.1371
10.1581
10.144
10.1199
10.1571
10.1609
10.1531
10.124
10.1168
10.128
10.134
10.139
10.1631
10.149
10.1309
10.1578
10.1268
10.1142
10.1721
10.1719
10.118
10.138
10.1891
10.118
10.1471
10.114
10.1461
10.138
10.1311
10.1571
10.164
10.133
10.1368
10.1581
10.1581
10.1252
10.112
10.1421
10.1421
10.1829
10.1459
10.154
10.16
10.1349
10.119
10.1249
10.1309
10.1569
10.148
10.1602
10.1528
10.1349
10.159
10.15
10.1168
10.1249
10.138
10.1011
10.1931
10.1099
10.1202
10.1531
10.143
10.108
10.1159
10.179
10.1771
10.0999
10.1359
10.1562
10.1111
10.1569
10.1478
10.1559
10.1469
10.1521
10.139
10.1619
10.134
10.1709
10.1302
10.119
10.1521
10.1411
10.112
10.1449
10.1359
10.154
10.181
10.165
10.149
10.107
10.113
10.1449
10.1509
10.0911
10.1538
10.1089
10.108
10.1221
10.1321
10.15
10.149
10.1299
10.1428
10.1569
10.179
10.087
10.1688
10.1268
10.1359
10.1349
10.1511
10.1571
10.1249
10.15
10.1631
10.1321
10.1368
10.1049
10.149
10.1342
10.1318
10.1509
10.1528
10.1349
10.164
10.1371
10.114
10.1271
10.1461
10.1769
10.154
10.139
10.1211
10.1511
10.1249
10.1421
10.1161
10.1151
10.1271
10.134
10.1449
10.133
10.112
10.1669
10.1409
10.139
10.144
10.1459
10.185
10.1221
10.1771
10.118
10.112
10.1471
10.1511
10.128
10.143
10.1149
10.1511
10.1669
10.1409
10.155
10.1168
10.1659
10.1399
10.1171
10.113
10.1211
10.1502
10.1678
10.15
10.1151
10.144
10.1531
10.143
10.149
10.1428
10.1349
10.1511
10.1411
10.129
10.1459
10.144
10.18
10.1271
10.169
10.1502
10.148
10.103
10.1461
10.1149
10.1628
10.1562
10.1461
10.143
10.1221
10.1631
10.148
10.16
10.1371
10.1562
10.1659
10.1352
10.108
10.1361
10.133
10.149
10.1171
10.1011
10.159
10.148
10.129
10.1039
10.1578
10.1171
10.1221
10.1218
10.1449
10.1402
10.1609
10.1609
10.1211
10.1631
10.15
10.1762
10.175
10.1521
10.1359
10.16
10.1731
10.1728
10.1118
10.1728
10.1168
10.1049
10.0951
10.1509
10.154
10.1459
10.1318
10.165
10.1469
10.128
10.133
10.1531
10.1371
10.15
10.1559
10.1638
10.139
10.138
10.1099
10.1559
10.1671
10.138
10.174
10.124
10.1101
10.1612
10.114
10.148
10.1068
10.1218
10.149
10.1259
10.1531
10.124
10.124
10.1531
10.1349
10.1559
10.155
10.159
10.1731
10.1321
10.186
10.1588
10.1109
10.1769
10.1609
10.143
10.138
10.1111
10.174
10.1292
10.1581
10.1209
10.1531
10.1311
10.15
10.16
10.1168
10.1788
10.1628
10.1452
10.1111
10.1399
10.1628
10.1452
10.1259
10.155
10.18
10.129
10.143
10.1399
10.1411
10.1361
10.1731
10.1709
10.1101
10.114
10.159
10.1609
10.1252
10.1199
10.1309
10.149
10.1309
10.1471
10.1352
10.1569
10.1411
10.1502
10.1199
10.1531
10.159
10.1631
10.1399
10.138
10.1371
10.1261
10.174
10.1199
10.1678
10.0918
10.118
10.1359
10.174
10.1569
10.165
10.1771
10.143
10.1659
10.1318
10.175
10.092
10.154
10.1521
10.0842
10.1199
10.1209
10.123
10.1309
10.159
10.113
10.149
10.1149
10.1621
10.129
10.129
10.133
10.1449
10.1359
10.129
10.148
10.154
10.1399
10.1299
10.1578
10.139
10.155
10.1221
10.1602
10.1309
10.1471
10.1371
10.1271
10.138
10.1571
10.112
10.134
10.1578
10.1428
10.1118
10.1409
10.1171
10.1311
10.133
10.124
10.0911
10.1092
10.1519
10.124
10.1209
