214.911
203.376
203.274
203.54
203.603
203.446
203.69
203.568
203.435
203.565
203.253
203.626
203.938
203.566
203.844
203.747
203.598
203.462
203.553
203.545
203.484
203.636
203.535
203.646
204.261
203.628
203.664
203.679
203.682
203.759
203.682
203.612
203.725
203.845
203.774
203.588
203.449
203.668
203.584
203.749
203.766
203.418
204.617
202.791
203.813
203.767
203.546
203.603
203.468
203.597
203.889
203.582
203.648
203.703
203.66
203.473
203.837
203.752
203.668
203.247
203.56
204.182
203.494
204.086
203.598
203.581
203.681
203.65
203.599
203.488
203.418
203.865
203.581
203.582
203.872
203.606
204.064
203.584
203.56
203.947
208.518
203.439
203.798
203.639
203.498
203.61
204.096
203.681
203.532
203.442
203.517
203.337
203.545
204.117
203.576
203.47
203.501
203.476
203.593
203.745
