20.031
15.5239
15.383
15.45
15.4929
15.5098
15.4061
15.496
15.4531
15.5041
15.4412
15.466
15.461
15.425
15.3821
15.434
15.5339
15.5869
15.4929
15.4788
15.3871
15.449
15.491
15.491
15.5098
15.4619
15.4569
15.393
15.45
15.429
15.3689
15.511
15.4531
15.3651
15.5571
15.579
15.573
15.4691
15.5351
15.4531
15.523
15.4929
15.5489
15.6589
15.5821
15.4381
15.4891
15.475
15.4722
15.4209
15.4819
15.4319
15.3971
15.3928
15.3611
15.4631
15.492
15.2879
15.4359
15.5189
15.502
15.4772
15.553
15.538
15.2981
15.4891
15.4581
15.4781
15.5752
15.5251
15.4672
15.4421
15.4879
15.379
15.4958
15.4941
15.5411
15.4748
15.4171
15.527
15.4631
15.419
15.5182
15.517
15.487
15.4471
15.3551
15.522
15.4829
15.518
15.4722
15.4409
15.487
15.4698
15.4281
15.475
15.471
15.502
15.481
15.5001
15.43
15.42
15.398
15.4331
15.3191
15.415
15.4479
15.4409
15.4488
15.373
15.4169
15.435
15.517
15.373
15.368
15.522
15.471
15.4722
15.367
15.5098
15.5039
15.4669
15.4929
15.4278
15.3899
15.45
15.485
15.4929
15.45
15.4111
15.5132
15.4231
15.4879
15.384
15.3432
15.4459
15.419
15.4212
15.4631
15.3852
15.46
15.4829
15.4238
15.399
15.5258
15.4731
15.286
15.4612
15.522
15.425
15.47
15.4798
15.523
15.4791
15.4848
15.481
15.3491
15.491
15.5079
15.393
15.4679
15.394
15.424
15.4438
15.4049
15.4328
15.4099
15.4202
15.4469
15.518
15.434
15.377
15.4281
15.4419
15.3871
15.4459
15.4161
15.377
15.358
15.461
15.3539
15.5442
15.3561
15.471
15.44
15.4321
15.4111
15.466
15.4049
15.4591
15.485
15.4459
15.465
15.4541
15.4951
15.4541
15.4049
15.445
15.491
15.4672
15.5041
15.4879
15.2869
15.439
15.444
15.2652
15.3589
15.5299
15.512
15.3151
15.445
15.4121
15.4121
15.449
15.4731
15.533
15.3689
15.4719
15.5311
15.4939
15.403
15.3599
15.3711
15.3551
15.461
15.5492
15.398
15.414
15.47
15.4212
15.4049
15.409
15.4638
15.5499
15.3921
15.3069
15.4269
15.4519
15.5041
15.4421
15.5182
15.377
15.4381
15.357
15.4941
15.29
15.5239
15.538
15.4779
15.4929
15.3899
15.5189
15.4541
15.439
15.5301
15.4691
15.4521
15.491
15.4998
15.461
15.4221
15.4159
15.4998
15.445
15.491
15.4181
15.44
15.511
15.394
15.358
15.4421
15.559
15.4099
15.492
15.3439
15.4362
15.537
15.332
15.4932
15.4681
15.4741
15.2712
15.4431
15.5849
15.413
15.4121
15.4841
15.4011
15.4111
15.5361
15.347
15.4049
15.4421
15.3921
15.4181
15.4459
15.4829
15.4488
15.4741
15.362
15.548
15.471
15.3809
15.4049
15.511
15.487
15.415
15.48
15.3511
15.456
15.4941
15.5101
15.501
15.45
15.5201
15.4052
15.429
15.4791
15.4848
15.4059
15.4619
15.449
15.4581
15.3811
15.4901
15.4049
15.4371
15.3081
15.419
15.461
15.43
15.517
15.4541
15.4948
15.5449
15.3809
15.4479
15.4579
15.449
15.4991
15.5292
15.398
15.4979
15.4121
15.5401
15.4772
15.4581
15.4331
15.5191
15.4271
15.491
15.4099
15.4412
15.4591
15.456
15.4989
15.286
15.4669
15.45
15.4769
15.3999
15.5761
15.4769
15.461
15.4479
15.3821
15.414
15.42
15.466
15.491
15.5458
15.4068
15.327
15.4252
15.4381
15.516
15.3971
15.445
15.3949
15.434
15.4572
15.4309
15.533
15.3961
15.4209
15.4302
15.4321
15.4781
15.4822
15.4359
15.4669
15.4872
15.538
15.5008
15.537
15.4932
15.3801
15.4011
15.47
15.533
15.5032
15.286
15.554
15.4691
15.435
15.512
15.4819
15.455
15.516
15.331
15.537
15.4431
15.4119
15.5308
15.4719
15.25
15.492
15.465
15.3089
15.4788
15.301
15.435
15.4982
15.466
15.403
15.486
15.3439
15.486
15.497
15.47
15.476
15.389
15.4719
15.4212
15.3961
15.3511
15.4278
15.4629
15.46
15.2919
15.2941
15.429
15.4982
15.3861
15.5191
15.4061
15.4629
15.48
15.46
15.502
15.4169
15.4009
15.4071
15.4772
15.4471
15.3639
15.465
15.4099
15.2702
15.372
15.4061
15.4431
15.444
15.4519
15.491
15.456
15.537
15.312
15.3649
15.2709
15.4459
15.5101
15.4021
15.4712
15.424
15.4412
15.4111
15.4572
15.4309
15.373
15.512
15.4729
15.4531
15.3689
15.4212
15.48
15.3019
15.4212
15.558
15.434
15.3072
15.4321
15.425
15.44
15.4111
15.4421
15.518
15.5199
15.481
15.4061
15.4872
15.547
15.5602
15.4581
15.4331
15.4722
15.393
15.4412
15.3999
15.4569
15.5201
15.4681
15.4572
15.394
15.4431
15.5051
15.394
15.4481
15.451
15.4519
15.4829
15.506
15.47
15.317
15.461
15.352
15.4788
15.3759
15.378
15.4541
15.29
15.487
15.4819
15.4641
15.4979
15.449
15.399
15.3131
15.44
15.4669
15.543
15.461
15.4779
15.44
15.367
15.487
15.511
15.4119
15.5039
15.507
15.5299
15.3449
15.5439
15.4619
15.471
15.4641
15.445
15.47
15.48
15.4061
15.311
15.4588
15.517
15.444
15.331
15.451
15.4381
15.4622
15.476
15.4009
15.4581
15.5149
15.517
15.516
15.4641
15.5048
15.42
15.4939
15.4669
15.466
15.5201
15.434
15.4719
15.3871
15.3821
15.4099
15.497
15.306
15.4202
15.327
15.45
15.4929
15.4281
15.4312
15.4691
15.475
15.4519
15.4529
15.4371
15.4629
15.4581
15.518
15.47
15.3921
15.4281
15.4941
15.3999
15.4619
15.4738
15.398
15.3592
15.502
15.4638
15.26
15.5098
15.4791
15.48
15.4052
15.47
15.4719
15.3892
15.455
15.5158
15.518
15.522
15.4369
15.501
15.5969
15.506
15.491
15.4939
15.4719
15.435
15.4672
15.506
15.507
15.4769
15.3999
15.486
15.4421
15.4891
15.523
15.4469
15.461
15.4459
15.357
15.4669
15.4939
15.3699
15.4519
15.3809
15.4009
15.5098
15.4679
15.4459
15.3711
15.5349
15.3909
15.4538
15.358
15.44
15.4481
15.434
15.4238
15.3961
15.496
15.3971
15.4819
15.449
15.435
15.45
15.4822
15.5311
15.4111
15.4719
15.3539
15.399
15.4679
15.4459
15.4269
15.47
15.4271
15.4021
15.4572
15.502
15.4469
15.404
15.4331
15.3489
15.4741
15.357
15.449
15.394
15.4879
15.4901
15.4219
15.5821
15.3289
15.4479
15.5029
15.424
15.461
15.5079
15.5048
15.507
15.5051
15.3501
15.5072
15.4841
15.377
15.4579
15.285
15.4591
15.352
15.4102
15.4099
15.444
15.4171
15.435
15.389
15.496
15.4979
15.4288
15.4779
15.3699
15.352
15.348
15.4979
15.398
15.507
15.465
15.388
15.4889
15.4879
15.5039
15.4729
15.4898
15.4378
15.373
15.3861
15.3601
15.502
15.4979
15.5361
15.527
15.4872
15.4281
15.444
15.4438
15.4531
15.4471
15.46
15.4698
15.4641
15.4331
15.47
15.4059
15.5199
15.404
15.3792
15.337
15.5609
15.4169
15.425
15.4681
15.347
15.5149
15.512
15.3821
15.403
15.393
15.29
15.409
15.465
15.4941
15.404
15.4738
15.485
15.419
15.4529
15.465
15.5058
15.471
15.4579
15.429
15.4228
15.4431
15.4109
15.4159
15.414
15.383
15.379
15.4221
15.5241
15.4672
15.465
15.455
15.4641
15.4829
15.4779
15.491
15.3401
15.429
15.4941
15.449
15.4328
15.4519
15.4979
15.3689
15.552
15.3739
15.3229
15.45
15.4631
15.4321
15.4331
15.4459
15.518
15.3329
15.512
15.415
15.4181
15.5129
15.5401
15.475
15.3821
15.3279
15.4278
15.4939
15.507
15.476
15.492
15.4979
15.511
15.4099
15.4181
15.466
15.4929
15.486
15.449
15.4748
15.4431
15.491
15.4569
15.5072
15.3961
15.533
15.274
15.4629
15.393
15.476
15.451
15.4409
15.383
15.4641
15.445
15.4641
15.4719
15.3298
15.4791
15.413
15.2562
15.4362
15.3849
15.5039
15.403
15.4641
15.5041
15.5032
15.455
15.5258
15.5289
15.5032
15.475
15.5108
15.4669
15.4228
15.5098
15.322
15.5098
15.4209
15.502
15.471
15.4872
15.3811
15.4171
15.2471
15.3439
15.4579
15.465
15.4269
15.377
15.46
15.439
15.5382
15.3351
15.5351
15.475
15.4908
15.455
15.46
15.4161
15.424
15.4412
15.4212
15.4431
15.255
15.414
15.45
15.4691
15.3952
15.419
15.4352
15.3899
15.399
15.445
15.3821
15.5721
15.4982
15.4719
15.3608
15.3759
15.317
15.3098
15.4181
15.481
15.5678
15.43
15.4541
15.4779
15.4829
15.4369
15.4202
15.4221
15.296
15.3949
15.4779
15.501
15.4719
15.445
15.4741
15.5241
15.449
15.4462
15.4359
15.5029
15.4209
15.5208
15.5089
15.4588
15.4409
15.456
15.348
15.512
15.394
15.4238
15.4951
15.451
15.4209
15.4729
15.45
15.481
15.481
15.4979
15.4741
15.378
15.45
15.281
15.476
15.3999
15.4459
15.552
15.487
15.4772
15.5461
15.4331
15.501
15.4719
15.502
15.4781
15.5079
15.4698
15.521
15.44
15.4829
15.4159
15.305
15.497
15.3539
15.4529
15.3809
15.409
15.4359
15.48
15.434
15.4221
15.4901
15.4922
15.4951
15.4421
