0.440836
0.263929
0.260115
0.259876
0.259876
0.259876
0.259876
0.259876
0.260115
0.260115
0.260115
0.260115
0.260115
0.260115
0.260115
0.260115
0.259876
0.259876
0.259876
0.259876
0.259876
0.260115
0.260115
0.260115
0.260115
0.260115
0.260115
0.259876
0.259876
0.259876
0.259876
0.259876
0.260115
0.260115
0.260115
0.260115
0.260115
0.260115
0.260115
0.260115
0.260115
0.260115
0.259876
0.259876
0.259876
0.259876
0.259876
0.260115
0.260115
0.260115
0.260115
0.260115
0.259876
0.259876
0.259876
0.259876
0.259876
0.259876
0.261068
0.259876
0.260115
0.260115
0.259161
0.258923
0.258923
0.259876
0.259876
0.259876
0.260115
0.259876
0.259876
0.260115
0.260115
0.260115
0.260115
0.260115
0.259876
0.259876
0.259876
0.259876
0.259876
0.260115
0.260115
0.260115
0.260115
0.260115
0.260115
0.259876
0.259876
0.259876
0.259876
0.259876
0.261068
0.259876
0.259876
0.259876
0.259876
0.259876
0.259876
0.259876
0.259876
0.260115
0.260115
0.260115
0.260115
0.260115
0.259876
0.261068
0.261068
0.260115
0.259876
0.259876
0.259876
0.259876
0.259876
0.259876
0.260115
0.260115
0.260115
0.260115
0.260115
0.259876
0.260115
0.261068
0.260115
0.259876
0.261068
0.260115
0.261068
0.260115
0.260115
0.260115
0.260115
0.260115
0.260115
0.261068
0.263929
0.26083
0.259876
0.26083
0.259876
0.259876
0.260115
0.260115
0.261068
0.260115
0.259876
0.260115
0.259876
0.260115
0.260115
0.261068
0.260115
0.260115
0.260115
0.260115
0.259876
0.261068
0.260115
0.259876
0.261068
0.261068
0.260115
0.259876
0.261068
0.261068
0.260115
0.261068
0.260115
0.259876
0.259876
0.26083
0.261068
0.260115
0.261068
0.260115
0.262022
0.260115
0.260115
0.260115
0.260115
0.260115
0.260115
0.260115
0.260115
0.260115
0.260115
0.260115
0.259876
0.259876
0.26083
0.259876
0.259876
0.259876
0.259876
0.261068
0.259876
0.259876
0.26083
0.259876
0.261068
0.259876
0.259876
0.26083
0.259876
0.259876
0.259876
0.26083
0.259876
0.259876
0.260115
0.260115
0.260115
0.260115
0.260115
0.260115
0.260115
0.260115
0.260115
0.260115
0.260115
0.260115
0.261068
0.260115
0.260115
0.260115
0.260115
0.260115
0.259876
0.261068
0.260115
0.260115
0.260115
0.261068
0.260115
0.260115
0.260115
0.261068
0.260115
0.260115
0.261068
0.261068
0.260115
0.260115
0.260115
0.261068
0.260115
0.260115
0.260115
0.261068
0.260115
0.260115
0.260115
0.262022
0.262022
0.26083
0.262022
0.261068
0.260115
0.260115
0.261068
0.260115
0.260115
0.259876
0.261068
0.260115
0.259876
0.261068
0.264168
0.260115
0.260115
0.260115
0.260115
0.260115
0.260115
0.261068
0.260115
0.260115
0.261068
0.261068
0.260115
0.261068
0.260115
0.260115
0.260115
0.261068
0.260115
0.261068
0.260115
0.260115
0.261068
0.260115
0.261068
0.260115
0.260115
0.260115
0.260115
0.260115
0.261068
0.260115
0.260115
0.261068
0.261068
0.260115
0.261068
0.260115
0.260115
0.260115
0.261068
0.260115
0.261068
0.261068
0.260115
0.260115
0.260115
0.260115
0.260115
0.262022
0.262022
0.26083
0.262022
0.261068
0.260115
0.260115
0.261068
0.261068
0.260115
0.260115
0.261068
0.261068
0.259876
0.261068
0.26083
0.259876
0.259876
0.259876
0.259876
0.26083
0.259876
0.259876
0.26083
0.259876
0.259876
0.260115
0.266075
0.260115
0.260115
0.260115
0.261068
0.260115
0.261068
0.261068
0.260115
0.261068
0.260115
0.261068
0.259876
0.259876
0.261068
0.259876
0.260115
0.259876
0.260115
0.261068
0.261068
0.259876
0.260115
0.26083
0.259876
0.259876
0.260115
0.261068
0.260115
0.260115
0.261068
0.260115
0.260115
0.261068
0.260115
0.261068
0.260115
0.262022
0.262022
0.262022
0.262022
0.259876
0.259876
0.261068
0.259876
0.261068
0.26083
0.26083
0.259876
0.261068
0.259876
0.259876
0.26083
0.259876
0.259876
0.259876
0.265837
0.261068
0.261068
0.260115
0.260115
0.261068
0.260115
0.260115
0.261068
0.260115
0.260115
0.261068
0.260115
0.260115
0.260115
0.261068
0.261068
0.260115
0.260115
0.261068
0.261068
0.261068
0.260115
0.260115
0.260115
0.261068
0.260115
0.260115
0.261068
0.260115
0.261068
0.261068
0.261068
0.259876
0.260115
0.260115
0.260115
0.260115
0.261068
0.261068
0.260115
0.261068
0.260115
0.261068
0.259876
0.261068
0.261784
0.261068
0.262022
0.260115
0.261068
0.260115
0.260115
0.260115
0.260115
0.260115
0.259876
0.260115
0.259876
0.260115
0.259876
0.262022
0.260115
0.260115
0.260115
0.260115
0.259161
0.260115
0.260115
0.259876
0.259876
0.259876
0.259876
0.259876
0.260115
0.260115
0.260115
0.260115
0.260115
0.260115
0.261068
0.261068
0.260115
0.260115
0.260115
0.260115
0.259876
0.259876
0.259876
0.259876
0.259876
0.259876
0.259876
0.259876
0.259876
0.259876
0.259876
0.260115
0.260115
0.260115
