15.285
14.7231
14.7429
14.714
14.7221
14.724
14.735
14.7209
14.714
14.7331
14.7169
14.713
14.755
14.735
14.729
14.739
14.72
14.7002
14.73
14.7231
14.714
14.729
14.7159
14.7378
14.713
14.7028
14.6999
14.719
14.719
14.739
14.7159
14.708
14.72
14.75
14.709
14.725
14.703
14.7099
14.719
14.7171
14.719
14.7159
14.7378
14.7061
14.7281
14.7171
14.7438
14.7209
14.7159
14.7212
14.7262
14.74
14.734
14.7262
14.7011
14.7409
14.7231
14.72
14.739
14.719
14.714
14.7099
14.7429
14.7281
14.744
14.7069
14.7099
14.724
14.73
14.7259
14.72
14.72
14.7209
14.7109
14.724
14.7519
14.7209
14.745
14.7169
14.7312
14.7309
14.7388
14.6999
14.7159
14.7102
14.7121
14.7171
14.7288
14.7219
14.7159
14.725
14.725
14.7238
14.7159
14.7409
14.729
14.7362
14.725
14.73
14.725
14.7371
14.7281
14.7181
14.7231
14.7228
14.704
14.7281
14.725
14.714
14.714
14.7431
14.693
14.7181
14.7221
14.7071
14.7262
14.74
14.719
14.735
14.724
14.7388
14.7309
14.7281
14.7119
14.7169
14.714
14.703
14.7259
14.7181
14.7331
14.7331
14.7491
14.7269
14.73
14.7271
14.7181
14.7049
14.724
14.7159
14.74
14.7378
14.709
14.7221
14.739
14.713
14.7431
14.735
14.7321
14.7469
14.715
14.7202
14.7181
14.7312
14.724
14.7288
14.719
14.7319
14.746
14.7152
14.72
14.7171
14.7381
14.7169
14.7541
14.7359
14.734
14.72
14.745
14.7059
14.725
14.7312
14.719
14.751
14.7359
14.7479
14.735
14.7378
14.7221
14.713
14.719
14.7049
14.7221
14.7121
14.7309
14.7061
14.7212
14.729
14.7171
14.724
14.7071
14.7152
14.745
14.7331
14.7312
14.724
14.714
14.7171
14.7028
14.73
14.7431
14.734
14.729
14.7371
14.714
14.724
14.7212
14.729
14.729
14.746
14.735
14.7161
14.714
14.724
14.725
14.7159
14.73
14.7052
14.7309
14.715
14.7209
14.693
14.7259
14.734
14.7159
14.7212
14.7541
14.7359
14.735
14.7469
14.73
14.7169
14.7209
14.719
14.714
14.7321
14.7111
14.7052
14.7328
14.725
14.7181
14.725
14.73
14.724
14.735
14.7161
14.683
14.73
14.739
14.7152
14.7378
14.729
14.7061
14.7061
14.7231
14.7431
14.7228
14.75
14.7362
14.7338
14.7059
14.714
14.724
14.7209
14.7228
14.7219
14.6971
14.724
14.7209
14.7178
14.7481
14.7228
14.7099
14.746
14.7469
14.7409
14.6992
14.724
14.7262
14.7481
14.7278
14.72
14.7219
14.715
14.7181
14.7309
14.714
14.715
14.735
14.713
14.715
14.713
14.7209
14.7328
14.7231
14.7221
14.7431
14.7252
14.719
14.7381
14.72
14.7381
14.7181
14.7212
14.7259
14.7262
14.73
14.6999
14.709
14.7212
14.715
14.7491
14.7359
14.719
14.7259
14.734
14.7309
14.6999
14.735
14.7219
14.729
14.715
14.7369
14.7221
14.7252
14.7181
14.7381
14.714
14.715
14.7328
14.7281
14.7281
14.7471
14.714
14.7209
14.6899
14.7159
14.72
14.725
14.7209
14.75
14.708
14.7321
14.7109
14.755
14.7121
14.713
14.7121
14.7209
14.7238
14.746
14.7121
14.7331
14.734
14.72
14.7119
14.698
14.7119
14.7221
14.734
14.7099
14.7171
14.709
14.7381
14.709
14.734
14.729
14.725
14.724
14.73
14.7429
14.7259
14.734
14.719
14.714
14.7271
14.7421
14.714
14.7309
14.7431
14.7161
14.7469
14.725
14.724
14.719
14.7321
14.7309
14.708
14.7309
14.7362
14.7281
14.7328
14.7409
14.715
14.7331
14.713
14.7021
14.6971
14.704
14.751
14.7328
14.7221
14.729
14.7231
14.7271
14.7109
14.714
14.7209
14.715
14.7061
14.704
14.7228
14.714
14.7281
14.7209
14.7181
14.7288
14.7171
14.7221
14.699
14.7312
14.7309
14.7009
14.725
14.75
14.7099
14.7119
14.6768
14.725
14.74
14.7221
14.7111
14.7121
14.6968
14.719
14.735
14.7431
14.725
14.7161
14.7309
14.7049
14.699
14.713
14.72
14.715
14.7159
14.7431
14.7362
14.7412
14.75
14.719
14.7221
14.7319
14.714
14.735
14.745
14.735
14.7021
14.7092
14.7161
14.713
14.7271
14.7359
14.713
14.7269
14.694
14.73
14.7099
14.7281
14.7099
14.7099
14.729
14.709
14.693
14.7438
14.7111
14.7209
14.7319
14.72
14.7181
14.7309
14.719
14.7159
14.7281
14.7178
14.7209
14.7269
14.719
14.74
14.708
14.7319
14.7309
14.7378
14.7049
14.698
14.7331
14.7362
14.7269
14.703
14.725
14.7128
