5.47409
5.42092
5.44405
5.37491
5.39899
5.43404
5.37491
5.38802
5.41997
5.41997
5.404
5.43809
5.409
5.44095
5.37395
5.39303
5.39994
5.38993
5.42808
5.4121
5.41711
5.44405
5.42808
5.39899
5.38898
5.38898
5.40018
5.37992
5.38397
5.39804
5.41091
5.40805
5.39804
5.38898
5.39684
5.40805
5.39589
5.39613
5.39994
5.41615
5.39422
5.39899
5.38611
5.4059
5.4009
5.37205
5.43189
5.43213
5.38492
5.4009
5.40614
5.39184
5.37109
5.41615
5.3792
5.38516
5.39207
5.42784
5.42712
5.42712
5.4338
5.38802
5.44
5.40781
5.39613
5.39613
5.41782
5.38301
5.40209
5.43404
5.39279
5.476
5.41019
5.39994
5.38588
5.39613
5.42402
5.36799
5.40304
5.39708
5.39708
5.39112
5.39708
5.39517
5.40209
5.37896
5.47099
5.38898
5.39088
5.41687
5.38301
5.37705
5.38802
5.37801
5.39303
5.38993
5.44
5.38802
5.41496
5.43499
5.43714
5.39923
5.43785
5.36895
5.37896
5.38611
5.40304
5.45502
5.39303
5.39804
5.41401
5.40185
5.38111
5.38087
5.38707
5.39899
5.47409
5.39684
5.404
5.38015
5.41019
5.43523
5.39112
5.38898
5.42188
5.41306
5.41019
5.38802
5.39303
5.39088
5.38111
5.45216
5.39804
5.37801
5.41306
5.38182
5.39303
5.3978
5.41115
5.38111
5.42212
5.44286
5.41997
5.404
5.38898
5.39303
5.36799
5.41115
5.45001
5.42808
5.409
5.38492
5.41592
5.37992
5.37109
5.39589
5.40304
5.37086
5.41806
5.38707
5.39303
5.4009
5.38301
5.38087
5.38993
5.40805
5.38993
5.42998
5.43714
5.39613
5.39184
5.39017
5.404
5.41115
5.41687
5.42593
5.41711
5.37491
5.38111
5.409
5.38397
5.40113
5.38492
5.39804
5.39494
5.39899
5.40185
5.39613
5.40185
5.39398
5.39994
5.39708
5.3978
5.38516
5.3792
5.38516
5.42784
5.42593
5.38921
5.4028
5.43809
5.39899
5.42712
5.38588
5.40495
5.38206
5.40519
5.4152
5.3761
5.39184
5.41496
5.40209
5.37896
5.38707
5.39088
5.373
5.42212
5.39613
5.40805
5.40304
5.409
5.38707
5.41282
5.38111
5.409
5.409
5.38898
5.39994
5.38516
5.40519
5.4462
5.40304
5.36895
5.40113
5.41401
5.404
5.38993
5.39708
5.37896
5.4431
5.4009
5.41711
5.37491
5.39398
5.38206
5.39804
5.38301
5.37992
5.41401
5.39994
5.41806
5.40805
5.40709
5.39708
5.404
5.37801
5.40781
5.43118
5.37419
5.41282
5.42021
5.37086
5.38301
5.39589
5.40304
5.41592
5.38898
5.38492
5.37801
5.42808
5.4369
5.38898
5.38301
5.373
5.3978
5.39207
5.38898
5.39112
5.43785
5.38707
5.38611
5.39708
5.38993
5.36203
5.40209
5.36895
5.39303
5.4121
5.37682
5.37896
5.404
5.38611
5.38898
5.38707
5.4121
5.39494
5.38707
5.38516
5.36799
5.39398
5.37992
5.41711
5.38206
5.38993
5.39994
5.38802
5.38993
5.37491
5.404
5.37896
5.38707
5.41997
5.36489
5.39112
5.40185
5.40709
5.38588
5.41401
5.41401
5.43118
5.37395
5.38802
5.43499
5.43714
5.39112
5.40686
5.37896
5.40209
5.40996
5.43594
5.43094
5.38778
5.404
5.38397
5.38898
5.40185
5.39207
5.37586
5.373
5.36585
5.39207
5.38778
5.37705
5.37682
5.36609
5.4369
5.4009
5.39804
5.38492
5.40304
5.49412
5.45382
5.40495
5.39112
5.36799
5.42498
5.39899
5.39112
5.38802
5.39088
5.39804
5.37705
5.45502
5.42903
5.38802
5.38993
5.41401
5.39088
5.39899
5.42212
5.41115
5.38993
5.39589
5.42593
5.42402
5.404
5.38921
5.47194
5.38301
5.42116
5.41306
5.42903
5.37896
5.38087
5.40996
5.39589
5.42498
5.40805
5.4009
5.38683
5.38898
5.41592
5.41306
5.409
5.39422
5.41306
5.37586
5.41401
5.37705
5.38588
5.4009
5.43714
5.41401
5.38397
5.40113
5.39112
5.445
5.38111
5.37896
5.38898
5.39112
5.39804
5.40018
5.38516
5.45406
5.40495
5.404
5.39088
5.42808
5.38492
5.38301
5.4121
5.41997
5.4028
5.39994
5.40996
5.41711
5.42283
5.40113
5.39088
5.39303
5.4059
5.37992
5.40304
5.39422
5.39398
5.44882
5.40805
5.40304
5.4121
5.38301
5.39398
5.4152
5.36919
5.39708
5.37086
5.39684
5.38611
5.40113
5.404
5.38802
5.38301
5.4059
5.40709
5.38611
5.39804
5.44214
5.42593
5.44286
5.39088
5.409
5.39494
5.373
5.39899
5.38301
5.41496
5.39112
5.36203
5.40996
5.39303
5.38898
5.39899
5.38206
5.37395
5.43189
5.36489
5.38611
5.42188
5.40304
5.49102
5.38707
5.42021
5.40209
5.41997
5.51605
5.36585
5.38492
5.36513
5.40614
5.40805
5.38516
5.3978
5.38993
5.42903
5.409
5.38993
5.3792
5.44214
5.40709
5.41306
5.41711
5.39804
5.39994
5.3761
5.43499
5.39804
5.39589
5.42903
5.41902
5.38206
5.39398
5.40686
5.39899
5.42092
5.41592
5.39708
5.40495
5.4121
5.41401
5.38111
5.409
5.41997
5.40805
5.40495
5.4009
5.37896
5.39398
5.42378
5.41615
5.39804
5.39398
5.40304
5.41019
5.40805
5.39994
5.41687
5.39994
5.44
5.39303
5.40781
5.38707
5.38182
5.42402
5.39994
5.41186
5.39207
5.4481
5.42307
5.44214
5.3978
5.37515
5.3761
5.3699
5.404
5.43189
5.39804
5.39303
5.38397
5.39017
5.41282
5.46002
5.37801
5.40519
5.41401
5.39494
5.39422
5.38802
5.37992
5.41902
5.42498
5.37395
5.41091
5.41496
5.38087
5.38802
5.40304
5.39207
5.40304
5.39207
5.37491
5.38516
5.39398
5.40709
5.37801
5.40209
5.39088
5.38206
5.38898
5.40614
5.42212
5.42998
5.44596
5.42283
5.39994
5.47004
5.39494
5.42593
5.40304
5.42498
5.40805
5.41401
5.41091
5.38802
5.37801
5.3978
5.42498
5.41615
5.38707
5.37896
5.43404
5.43904
5.42808
5.37491
5.37801
5.39708
5.39398
5.39517
5.40996
5.38397
5.38611
5.43022
5.42498
5.39804
5.4059
5.38707
5.38707
5.38397
5.39684
5.43308
5.37419
5.42998
5.39804
5.39398
5.39899
5.3792
5.38921
5.40304
5.4009
5.39994
5.36704
5.38015
5.41091
5.41401
5.4369
5.39684
5.39899
5.4009
5.4009
5.41615
5.409
5.373
5.41496
5.40185
5.49102
5.38206
5.409
5.40209
5.476
5.40495
5.39589
5.38898
5.39804
5.39994
5.40805
5.52702
5.41902
5.41496
5.39112
5.42092
5.39184
5.38802
5.37801
5.445
5.39899
5.404
5.43594
5.39398
5.43594
5.40614
5.38802
5.4009
5.40495
5.38611
5.373
5.40614
5.42521
5.38588
5.42784
5.39804
5.42092
5.41711
5.38397
5.40495
5.404
5.39708
5.42808
5.41091
5.38707
5.40781
5.404
5.37801
5.41091
5.41997
5.44691
5.41687
5.38993
5.41401
5.39398
5.41592
5.41496
5.39899
5.38397
5.39303
5.4059
5.43714
5.39017
5.38707
5.38492
5.39494
5.39613
5.41091
5.40495
5.409
5.46193
5.36489
5.38111
5.37682
5.40709
5.3978
5.39303
5.37992
5.42593
5.46098
5.40996
5.39494
5.38206
5.39613
5.39398
5.38683
5.43499
5.40996
5.36084
5.404
5.41711
5.39804
5.37109
5.38802
5.37801
5.38802
5.38015
5.39112
5.40495
5.37586
5.43189
5.37109
5.42283
5.40614
5.40805
5.373
5.41282
5.409
5.39589
5.42212
5.3699
5.38993
5.37205
5.39517
5.38301
5.40209
5.3699
5.41306
5.37395
5.39517
5.37896
5.38993
5.39303
5.40614
5.38993
5.38397
5.39994
5.39708
5.41282
5.36704
5.38301
5.42998
5.4009
5.40185
5.40209
5.38993
5.41592
5.39994
5.38707
5.39517
5.43308
5.39589
5.41496
5.38588
5.40996
5.41902
5.36895
5.373
5.40495
5.39207
5.41902
5.373
5.40709
5.40495
5.40495
5.42784
5.41115
5.41806
5.41282
5.40113
5.3761
5.39088
5.41091
5.37992
5.37896
5.37801
5.39303
5.37896
5.37992
5.38588
5.35607
5.40304
5.38015
5.39804
5.41902
5.38611
5.4009
5.43594
5.39088
5.39017
5.37801
5.45406
5.3978
5.38707
5.37801
5.41306
5.38993
5.39207
5.39494
5.41186
5.40495
5.40709
5.36585
5.41306
5.38898
5.38492
5.38492
5.373
5.39589
5.38087
5.38898
5.37896
5.409
5.40686
5.37896
5.39708
5.38993
5.45287
5.40709
5.42402
5.40209
5.39398
5.41592
5.38516
5.445
5.37491
5.38993
5.40113
5.37682
5.45001
5.409
5.44715
5.39708
5.41902
5.39112
5.38015
5.41496
5.39398
5.41115
5.4028
5.42903
5.40686
5.40209
5.37992
5.41997
5.45096
5.42498
5.39708
5.38898
5.40304
5.43118
5.40781
5.40304
5.38707
5.39517
5.42378
5.39708
5.39398
5.37992
5.46098
5.39184
5.409
5.45788
5.38492
5.38898
5.42092
5.41496
5.38206
5.40996
5.40614
5.38015
5.37586
5.40304
5.42188
5.40495
5.37109
5.43785
5.39589
5.40185
5.39112
5.41186
5.46503
5.39088
5.41306
5.42498
5.38802
5.43213
5.42688
5.40495
5.37586
5.404
5.38111
5.38111
5.37801
5.40495
5.37801
5.38397
5.42307
5.39899
5.38898
5.39207
5.39684
5.38397
5.409
5.39494
5.41306
5.42402
5.39613
5.39899
5.4152
5.40495
5.38993
5.38301
5.40018
5.40304
5.38397
5.41902
5.404
5.38802
5.38492
5.40495
5.39684
5.39398
5.43308
5.42116
5.38898
5.39112
5.37896
5.39088
5.37205
5.38397
5.38397
5.41186
5.38111
5.41282
5.39303
5.38802
5.43189
5.40805
5.44095
5.42092
5.39303
5.39088
5.41592
5.38707
5.404
5.40304
5.39613
5.42212
5.42784
5.41019
5.40519
5.38206
5.37896
5.42498
5.42092
5.39303
