nan
nan
nan
nan
nan
nan
nan
nan
nan
nan
nan
nan
nan
nan
nan
nan
nan
nan
nan
nan
nan
nan
nan
nan
nan
nan
nan
nan
nan
nan
nan
nan
nan
nan
nan
nan
nan
nan
nan
nan
nan
nan
nan
nan
nan
nan
nan
nan
nan
nan
nan
nan
nan
nan
nan
nan
nan
nan
nan
nan
nan
nan
nan
nan
nan
nan
nan
nan
nan
nan
nan
nan
nan
nan
nan
nan
nan
nan
nan
nan
nan
nan
nan
nan
nan
nan
nan
nan
nan
nan
nan
nan
nan
nan
nan
nan
nan
nan
nan
nan
nan
nan
nan
nan
nan
nan
nan
nan
nan
nan
nan
nan
nan
nan
nan
nan
nan
nan
nan
nan
nan
nan
nan
nan
nan
nan
nan
nan
nan
nan
nan
nan
nan
nan
nan
nan
nan
nan
nan
nan
nan
nan
nan
nan
nan
nan
nan
nan
nan
nan
nan
nan
nan
nan
nan
nan
nan
nan
nan
nan
nan
nan
nan
nan
nan
nan
nan
nan
nan
nan
nan
nan
nan
nan
nan
nan
nan
nan
nan
nan
nan
nan
nan
nan
nan
nan
nan
nan
nan
nan
nan
nan
nan
nan
nan
nan
nan
nan
nan
nan
nan
nan
nan
nan
nan
nan
nan
nan
nan
nan
nan
nan
nan
nan
nan
nan
nan
nan
nan
nan
nan
nan
nan
nan
nan
nan
nan
nan
nan
nan
nan
nan
nan
nan
nan
nan
nan
nan
nan
nan
nan
nan
nan
nan
nan
nan
nan
nan
nan
nan
nan
nan
nan
nan
nan
nan
nan
nan
nan
nan
nan
nan
nan
nan
nan
nan
nan
nan
nan
nan
nan
nan
nan
nan
nan
nan
nan
nan
nan
nan
nan
nan
nan
nan
nan
nan
nan
nan
nan
nan
nan
nan
nan
nan
nan
nan
nan
nan
nan
nan
nan
nan
nan
nan
nan
nan
nan
nan
nan
nan
nan
nan
nan
nan
nan
nan
nan
nan
nan
nan
nan
nan
nan
nan
nan
nan
nan
nan
nan
nan
nan
nan
nan
nan
nan
nan
nan
nan
nan
nan
nan
nan
nan
nan
nan
nan
nan
nan
nan
nan
nan
nan
nan
nan
nan
nan
nan
nan
nan
nan
nan
nan
nan
nan
nan
nan
nan
nan
nan
nan
nan
nan
nan
nan
nan
nan
nan
nan
nan
nan
nan
nan
nan
nan
nan
nan
nan
nan
nan
nan
nan
nan
nan
nan
nan
nan
nan
nan
nan
nan
nan
nan
nan
nan
nan
nan
nan
nan
nan
nan
nan
nan
nan
nan
nan
nan
nan
nan
nan
nan
nan
nan
nan
nan
nan
nan
nan
nan
nan
nan
nan
nan
nan
nan
nan
nan
nan
nan
nan
nan
nan
nan
nan
nan
nan
nan
nan
nan
nan
nan
nan
nan
nan
nan
nan
nan
nan
nan
nan
nan
nan
nan
nan
nan
nan
nan
nan
nan
nan
nan
nan
nan
nan
nan
nan
nan
nan
nan
nan
nan
nan
nan
nan
nan
nan
nan
nan
nan
nan
nan
nan
nan
nan
nan
nan
nan
nan
nan
nan
nan
nan
nan
nan
nan
nan
nan
nan
nan
nan
nan
nan
nan
nan
nan
nan
nan
nan
nan
nan
nan
nan
nan
nan
nan
nan
nan
nan
nan
nan
nan
nan
nan
nan
nan
nan
nan
nan
nan
nan
nan
nan
nan
nan
nan
nan
nan
nan
nan
nan
nan
nan
nan
nan
nan
nan
nan
nan
nan
nan
nan
nan
nan
nan
nan
nan
nan
nan
nan
nan
nan
nan
nan
nan
nan
nan
nan
nan
nan
nan
nan
nan
nan
nan
nan
nan
nan
nan
nan
nan
nan
nan
nan
nan
nan
nan
nan
nan
nan
nan
nan
nan
nan
nan
nan
nan
nan
nan
nan
nan
nan
nan
nan
nan
nan
nan
nan
nan
nan
nan
nan
nan
nan
nan
nan
nan
nan
nan
nan
nan
nan
nan
nan
nan
nan
nan
nan
nan
nan
nan
nan
nan
nan
nan
nan
nan
nan
nan
nan
nan
nan
nan
nan
nan
nan
nan
nan
nan
nan
nan
nan
nan
nan
nan
nan
nan
nan
nan
nan
nan
nan
nan
nan
nan
nan
nan
nan
nan
nan
nan
nan
nan
nan
nan
nan
nan
nan
nan
nan
nan
nan
nan
nan
nan
nan
nan
nan
nan
nan
3.09938381627937875606448869802989
3.05256751569465345497178532241378
3.02295174403444377730920678004622
2.99935281314830204379973110917490
2.97912723838368975748380762524903
2.96113712481704993706443929113448
2.94476849829494868870938262261916
2.92964530718408955323184272856452
2.91551743970729759780624590348452
2.90220857294454859243160171899945
2.88958888214335285482547988067381
2.87755949915950504092165829206351
2.86604307254832679774381176684983
2.85497773438742274976220869575627
2.84431308187270515119848823815119
2.83400740774647985631418123375624
2.82402573564736458777701955114026
2.81433839170632360549006989458576
2.80491994367238595131652800773736
2.79574839820963960690392013930250
2.78680458349934401240943770972081
2.77807166740513933334000284958165
2.76953477650826185296750736597460
2.76118069134786781049228920892347
2.75299760002690208082753997587133
2.74497489707862740715427207760513
2.73710301783037568412737527978607
2.72937330089642049557596692466177
2.72177787317374431097505294019356
2.71430955299780363176864739216398
2.70696176807241029038664237305056
2.69972848550947608359251717047300
2.69260415186416013355596987821627
2.68558364147385875142504119139630
2.67866221173770657770774050732143
2.67183546423010120918206666829064
2.66509931074437789177977720100898
2.65844994352370544987707035033964
2.65188380906506493417396086442750
2.64539758498583443824259120447095
2.63898815952653187366649945033714
2.63265261333168298918394611973781
2.62638820320688015641508172848262
2.62019234759625518904613272752613
2.61406261356283220465002159471624
2.60799670508597669638106708589476
2.60199245251672106604701184551232
2.59604780305398197270960736204870
2.59016081212345250506245974975172
2.58432963555677464029258771915920
2.57855252248206578968847679789178
2.57282780884829520573475747369230
2.56715391151581817652527206519153
2.56152932285372303411463690281380
2.55595260579189487160078897431958
2.55042238928187492419397131016012
2.54493736412600801699568364711013
2.53949627913900588538353986223228
2.53409793761012380741703964304179
2.52874119403767716462994030734990
2.52342495111071363211863172182348
2.51814815691536297848074354988057
2.51290980234576766250143009528983
2.50770891870157619507608615094796
2.50254457545584196864751902467106
2.49741587817878052391051824088208
2.49232196660430060930480067327153
2.48726201282749004306538154196460
2.48223521962238136140399547002744
2.47724081887033475979364993690979
2.47227807009027999995964819390792
2.46734625906286675345313597063068
2.46244469654129360947081295307726
2.45757271704224100616897885629442
2.45272967771089955846264274441637
2.44791495725463681409905802865978
2.44312795494028245357753803546075
2.43836808965046447639224425074644
2.43363479899480061874328384874389
2.42892753847210052242644451325759
2.42424578068004015207748125249054
2.41958901456907415905561720137484
2.41495674473758725753214093856514
2.41034849076554191782406633137725
2.40576378658407641353278449969366
2.40120217987872131004678522003815
2.39666323152405835728018246300053
2.39214651504783404334375518374145
2.38765161612265952584266415215097
2.38317813208359874366237818321679
2.37872567147003355358947374043055
2.37429385359034395008848150609992
2.36988230810802535941661517426837
2.36549067464796403115201428590808
2.36111860242168747348046053957660
2.35676574987048503828646062174812
2.35243178432536570454658431117423
2.34811638168289338324257187196054
2.34381922609600312767952345893718
2.33954000967896202922702286741696
2.33527843222569053693860041676089
2.33103420094071411838854146481026
2.32680703018205470300472370581701
2.32259664121543085713028631289490
2.31840276197915251543690828839317
2.31422512685915560126659329398535
2.31006347647364718156381968583446
2.30591755746685533878803653351497
2.30178712231142990063403885869775
2.29767192911904460927985383023042
2.29357174145879350035670540819410
2.28948632818299291358243863214739
2.28541546326001965283580830146093
2.28135892561384556742609674984124
2.27731649896993992854277166770771
2.27328797170723673204406622971874
2.26927313671587338461677063605748
2.26527179126043032297843637934420
2.26128373684841621482632945117075
2.25730877910375005157561645319220
2.25334672764501053876529113040306
2.24939739596824050948953299666755
2.24546060133409142167693062219769
2.24153616465911964539259315642994
2.23762391041104446998133425950073
2.23372366650779685670613616821356
2.22983526422018751844689177232794
2.22595853807804333612807567988057
2.22209332577965312793821794912219
2.21823946810439087684585501847323
2.21439680882837341968638611433562
2.21056519464302914101949681935366
2.20674447507645021815392283315305
2.20293450241742405637523916084319
2.19913513164201646077344776131213
2.19534622034261595047155424254015
2.19156762865933485429081883921754
2.18779921921367082049414420907851
2.18404085704433370551669213455170
2.18029240954516634332094326964580
2.17655374640505661076872456760611
2.17282473954977950469924508070108
2.16910526308568485376326862024143
2.16539519324516183118589651712682
2.16169440833381054645201402308885
2.15800278867926031978186074411497
2.15432021658156358512314909603447
2.15064657626511701593585712544154
2.14698175383204103994216893624980
2.14332563721697555436662696592975
2.13967811614322700464185800228734
2.13603908208023041126466523564886
2.13240842820226506049152703781147
2.12878604934839188445039326325059
2.12517184198355701951754781475756
2.12156570416082690400116916862316
2.11796753548471272665665310341865
2.11437723707554514618323082686402
2.11079471153486153411904524546117
2.10721986291177776351446482294705
2.10365259667029613765976137074176
2.10009281965753213938796761794947
2.09654044007282136519165760546457
2.09299536743767333746291114948690
2.08945751256655487537727822200395
2.08592678753845950367917794210371
2.08240310566925401758453517686576
2.07888638148476045941492884594481
2.07537653069456018428695642796811
2.07187347016649114905817441467661
2.06837711790181844051517145999242
2.06488739301105184154039307031780
2.06140421569039755667063218425028
2.05792750719881301080249613733031
2.05445718983565672743907271069475
2.05099318691890442067915500956587
2.04753542276392108689719862013590
2.04408382266276733574272839177866
2.04063831286402352915843039227184
2.03719882055311840574063353415113
2.03376527383314442687378686969168
2.03033760170614385742737795226276
2.02691573405485359060662631236482
2.02349960162489361792381714622024
2.02008913600738670979239941516425
2.01668426962199376362150360364467
2.01328493570035638171589198464062
2.00989106826992891541294738999568
2.00650260213819553456460198503919
2.00311947287725544697423174511641
1.99974161680876605373669008258730
1.99636897098923715709872794832336
1.99300147319566156589587535563624
1.98963906191147654745066120085539
1.98628167631284191507745617855107
1.98292925625523031030184029077645
1.97958174226031746734122407360701
1.97623907550316646464239056513179
1.97290119779969419511189698823728
1.96956805159441650232565734768286
1.96623957994846110253206461493392
1.96291572652784074293208504968788
1.95959643559198193329962123243604
1.95628165198249925893492218165193
1.95297132111221016792512727988651
1.94966538895438357137379625783069
1.94636380203221515117206763534341
1.94306650740852360215171756863128
1.93977345267566225750499597779708
1.93648458594563921408848727878649
1.93319985584044107262968736904440
1.92991921148255629603340821631718
1.92664260248568819378078842419200
1.92336997894565886468853932456113
1.92010129143149366193199512053980
1.91683649097668484806433752964949
1.91357552907062711256003240123391
1.91031835765022361961484875791939
1.90706492909165370441826325986767
1.90381519620230355016587964200880
1.90056911221285029789385134790791
1.89732663076949914504609751020325
1.89408770592636788165918915183283
1.89085229213801619962964650767390
1.88762034425211444599312926584389
1.88439181750224915568026062828721
1.88116666750086358739224579039728
1.87794485023232637921353216370335
1.87472632204612699169388179143425
1.87151103965019616204301655670861
1.86829896010434448605508350738091
1.86509004081382046003056984773139
1.86188423952298087726830999599770
1.85868151430907513343981918296777
1.85548182357613500315096644044388
1.85228512604897366244927070511039
1.84909138076728640776025258674053
1.84590054707985196102981717558578
1.84271258463883325084964326379122
1.83952745339417278458427063014824
1.83634511358808238945528046315303
1.83316552574962421395809997193282
1.82998865068937943689775238453876
1.82681444949420557222197203373071
1.82364288352207659649195647943998
1.82047391439700723125838521809783
1.81730750400405605127218677807832
1.81414361448440919488689360150602
1.81098220823053801531443696148926
1.80782324788143422544806071528001
1.80466669631791587491420614242088
1.80151251665800504753178756800480
1.79836067225237572486662429582793
1.79521112667986804112274512590375
1.79206384374306892937056545633823
1.78891878746395760479970249434700
1.78577592207961299841656455100747
1.78263521203798336323131934477715
1.77949662199371494430977236334002
1.77636011680403860246713065862423
1.77322566152471372546983729989734
1.77009322140602765038863708468853
1.76696276188884904279063903231872
1.76383424860073234619051163463155
1.76070764735207685447448966442607
1.75758292413233196960220539040165
1.75446004510625419570146732439753
1.75133897661021031844086337514454
1.74821968514852676968018840852892
1.74510213738988473330948636430549
1.74198630016375899387526260397863
1.73887214045689941777084186469438
1.73575962540985484494626689411234
1.73264872231353583842405896575656
1.72953939860581984433451907534618
1.72643162186819187908781714213546
1.72332535982242518457496771588922
1.72022058032729652232717398874229
1.71711725137533810503498443722492
1.71401534108962350089200299407821
1.71091481772058728871854782482842
1.70781564964287757568683900899487
1.70471780535223960129087572568096
1.70162125346243042756100294354837
1.69852596270216493756777254020562
1.69543190191208803518918557529105
1.69233904004177726498880929284496
1.68924734614677296562490482756402
1.68615678938563307021070158953080
1.68306733901701566225028727785684
1.67997896439678462421341009758180
1.67689163497514126532905720523559
1.67380532029377837588413058256265
1.67071998998305626393801048834575
1.66763561375920166263142618845450
1.66455216142152706559897978877416
1.66146960284967160070834779617144
1.65838790800085966736787668196484
1.65530704690717955784862169821281
1.65222698967288117444240924669430
1.64914770647168884565303415001836
1.64606916754413390435729525052011
1.64299134319490103273153636109782
1.63991420379019126052355659339810
1.63683771975510006235765558813000
1.63376186157100833362676439719507
1.63068659977298802132850141788367
1.62761190494722063348831397888716
1.62453774772842662876826125284424
1.62146409879730835079669759579701
1.61839092887800295450517751305597
1.61531820873554488038337240141118
1.61224590917333965300883846794022
1.60917400103064545113795702491188
1.60610245518006444775949148606742
1.60303124252504081148629211384105
1.59996033399736692359738299273886
1.59688970055469536823977705353172
1.59381931317805869419146347354399
1.59074914286939250729346895241179
1.58767916064906544626467166381190
1.58460933755341248918568908266025
1.58153964463227203474104953784263
1.57847005294652653617504256544635
1.57540053356564557773822343733627
1.57233105756523050544615216495004
1.56926159602456238850720637856284
1.56619212002414753825974003120791
1.56312260064326635777831597806653
1.56005300895752085921230900567025
1.55698331603638040476766946085263
1.55391349294072744768868687970098
1.55084351072040060870449451613240
1.54777334041173442180649999500019
1.54470295303509752571358148998115
1.54163231959242619240058047580533
1.53856141106475208246706642967183
1.53549019840972844619386705744546
1.53241865255914744281540151860099
1.52934674441645346298912500060396
1.52627444485424801356998614210170
1.52320172471178993944818103045691
1.52012855479248454315666094771586
1.51705490586136648722970221569994
1.51398074864257248250964948965702
1.51090605381680487262485712562921
1.50783079201878456032659414631780
1.50475493383469283159570295538288
1.50167844979960163342980195011478
1.49860131039489208326642710744636
1.49552348604565921164066821802408
1.49244494711810404830032439349452
1.48936566391691171951094929681858
1.48628560668261333610473684530007
1.48320474558893322658548186154803
1.48012305074012129324501074734144
1.47704049216826582835437875473872
1.47395703983059145336653728008969
1.47087266360673663001534805516712
1.46778733329601451806922796095023
1.46470101861465162862430133827729
1.46161368919300849178455337096239
1.45852531457277745374767619068734
1.45543586420415982374265695398208
1.45234530744301992832845371594885
1.44925361354801562896454925066791
1.44616075167770485876417296822183
1.44306669088762795638558600330725
1.43997140012736246639235559996450
1.43687484823755351470708774286322
1.43377700394691531826651953451801
1.43067783586920560523481071868446
1.42757731250016939306135554943467
1.42447540221445478891837410628796
1.42137207326249637162618455477059
1.41826729376736770937839082762366
1.41516103172160101486554140137741
1.41205325498397327166344439319801
1.40894393127625705552929957775632
1.40583302817993827105169657443184
1.40272051313289347618251667881850
1.39960635342603412212270086456556
1.39649051619990838268847710423870
1.39337296844126634631777506001526
1.39025367697958257551249516836833
1.38713260848353869825189121911535
1.38400972945746114639575807814253
1.38088500623771626152347380411811
1.37775840498906054776284690888133
1.37462989170094407320732443622546
1.37149943218376524356472145882435
1.36836699206507939052812616864685
1.36523253678575451353083280991996
1.36209603159607794964358618017286
1.35895744155180953072203919873573
1.35581673151018011758139891753672
1.35267386612583551119826097419718
1.34952880984672396458279308717465
1.34638152690992485283061341760913
1.34323198133741716908673424768494
1.34008013693178784642157097550808
1.33692595727187724108375732612330
1.33376940570835866850529782823287
1.33061044535925487863892158202361
1.32744903910538369906646494200686
1.32428514958573684268117176543456
1.32111873919278588473957825044636
1.31794977006771629746140206407290
1.31477820409558732173138650978217
1.31160400290041345705560615897411
1.30842712784016867999525857158005
1.30524754000171050449807808035985
1.30206520019562033141369283839595
1.29888006895095986514832020475296
1.29569210650994115496814629295841
1.29250127282250670823771088180365
1.28930752754081945354869276343379
1.28611083001365811284699702810030
1.28291113928071798255814428557642
1.27970841406681201668504854751518
1.27650261277597265596739362081280
1.27329369348544862994287996116327
1.27008161393959695395494691183558
1.26686633154366590225947675207863
1.26364780335746673678443130484084
1.26042598608892930656111275311559
1.25720083608754396031770284025697
1.25397230933767867000483420270029
1.25074036145177669432371203583898
1.24750494766342501229416939168004
1.24426602282029374890726103330962
1.24102354137694259605950719560497
1.23777745738748934378747890150407
1.23452772449813918953509528364521
1.23127429593956949638311471062480
1.22801712451916578139332614227897
1.22475616261310826793362593889469
1.22149136215829923202136342297308
1.21822267464413425130942414398305
1.21495005110410492221717504435219
1.21167344210723659791995032719569
1.20839279774935182132367117446847
1.20510806764415390190947618975770
1.20181920091413063644836256571580
1.19852614618126929180164097488159
1.19522885155757796482589583320078
1.19192726463540954462416721071349
1.18862133247758294807283618865767
1.18531100160729385706304128689226
1.18199621799781118269834223610815
1.17867692706195237306587841885630
1.17535307364133201346589885361027
1.17202460199537639162770119583001
1.16869145579009892088606648030691
1.16535357808662665135557290341239
1.16201091132947542661213446990587
1.15866339733456280569612317776773
1.15531097727695120092050728999311
1.15195359167831656854730226768879
1.14859118039413132805748318787664
1.14522368260055595889923552022083
1.14185103678102684021666846092558
1.13847318071253744697912679839646
1.13509005145159713734415163344238
1.13170158531986397854041115351720
1.12830771788943673428207148390356
1.12490838396779913033185493986821
1.12150351758240640620556405337993
1.11809305196489949807414632232394
1.11467691953493952539133715617936
1.11125505188364903652598059125012
1.10782737975664824503496674878988
1.10439383303667448821272500936175
1.10095434072576958683953307627235
1.09750883092702555821063015173422
1.09405723082587158501155499834567
1.09059946667088847327420353394700
1.08713546375413616651428583281813
1.08366514639097988315086240618257
1.08018843789939555932733128429390
1.07670526057874105241296547319507
1.07321553568797467548279200855177
1.06971918342330152285057920380495
1.06621612289523270966640211554477
1.06270627210503221249382477253675
1.05918954792053865432421844161581
1.05566586605133316822957567637786
1.05213514102323824062068524654023
1.04859728615211933444584246899467
1.04505221351697175080630586307961
1.04149983393226075456539092556341
1.03794005691949675629359717277111
1.03437279067801513043889372056583
1.03079794205493113778970837302040
1.02721541651424796981473264168017
1.02362511810507994525210051506292
1.02002694942896598995218937488971
1.01642081160623587443581072875531
1.01280660424140123154757020529360
1.00918422538752783346183150570141
1.00555357150956270473329823289532
1.00191453744656566726689561619423
0.99826701637281733958673157758312
0.99461089975775163196658468223177
0.99094607732467610006210634310264
0.98727243700822941985251190999406
0.98358986491053290723840518694487
0.97989824525598234750134452042403
0.97619746034463128481206695141736
0.97248739050410804019008992327144
0.96876791404001361129871838784311
0.96503890718473639420693643842242
0.96130024404462655063241527386708
0.95755179654545896639206148392987
0.95379343437612229550381925946567
0.95002502493045781761793477926403
0.94624643324717727654871168851969
0.94245752194777665522451570723206
0.93865815117236872655581692015403
0.93484817851334256477713324784418
0.93102745894676408600076911170618
0.92719584476141925222236750414595
0.92335318548540201710750352503965
0.91949932781013976601514059439069
0.91563411551174966884758532614796
0.91175738936960526448416430866928
0.90786898708199625929182730033062
0.90396874317874842397202428401215
0.90005648893067335958306784959859
0.89613205225570147227642792131519
0.89219525762155249548612800936098
0.88824592594478246621036987562547
0.88428387448604306442234701535199
0.88030891674137656810472662982647
0.87632086232936279301952708919998
0.87231951687391962035889036997105
0.86830468188255605088698985127849
0.86427615461985285438828441328951
0.86023372797594743754956425618730
0.85617719032977313009524777953629
0.85210632540679986934861744884984
0.84802091213099928257435067280312
0.84392072447074850671810963831376
0.83980553127836310434162214733078
0.83567509612293766618762447251356
0.83152917711614582341184132019407
0.82736752673063718166446278701187
0.82318989161064048953875271763536
0.81899601237436192580076976810233
0.81478562340773796890402991266456
0.81055845264907899760942200373393
0.80631422136410224599245566423633
0.80205264391083108677094060112722
0.79777342749378976627383508457569
0.79347627190689939968848420903669
0.78916086926442685633986684479169
0.78482690371930785566689792176476
0.78047405116810553149520046645193
0.77610197894182897382364672012045
0.77171034548176742351444090672885
0.76729879999944905488717949992861
0.76286698211975945138618726559798
0.75841452150619403926867789778044
0.75394103746713303504378700381494
0.74944613854195907265420828480273
0.74492942206573431462857115548104
0.74039047371107158390657332347473
0.73582886700571614735366665627225
0.73124416282425097612929221213562
0.72663590885220552539891514243209
0.72200363902071895694234626716934
0.71734687290975274187587729102233
0.71266511511769237152691403025528
0.70795785459499194214316730722203
0.70322456393932841756111429276643
0.69846469864951021833121558302082
0.69367769633515596883199805233744
0.68886297587889333549071579909651
0.68401993654755210982898461224977
0.67914795704849895141563820288866
0.67424639452692636254482749791350
0.66931458349951289399371034960495
0.66435183471945813415970860660309
0.65935743396741153254936307348544
0.65433064076230273986567453903263
0.64927068698549239567086033275700
0.64417677541101225902053784011514
0.63904807813395070326123459381051
0.63388373488821625478806254250230
0.62868285124402523145192844822304
0.62344449667442969342801006860100
0.61816770247907915081242435917375
0.61285145955211539625651084861602
0.60749471597966897551401643795543
0.60209637445078689754751621876494
0.59665528946378476593537243388710
0.59117026430791774771478230832145
0.58564004779789791133026710667764
0.58006333073606952677181425315212
0.57443874207397482845038894083700
0.56876484474149735515169368227362
0.56304013110772721528718420813675
0.55726301803301792059386343680671
0.55143184146634027786859633124550
0.54554485053581047715454133140156
0.53960020107307160586174177296925
0.53359594850381575348308160755550
0.52753004002696068930333694879664
0.52140030599353748286262089095544
0.51520445038291273753827681503026
0.50894004025810957170250503622810
0.50260449406326113130916155569139
0.49619506860395817815501118275279
0.48970884452472773773479275405407
0.48314271006608688896477588059497
0.47649334284541500217358134250389
0.46975718935969135170438448767527
0.46293044185208620522331557367579
0.45600901211593386497256119582744
0.44898850172563281590853989655443
0.44186416808031642178278275423509
0.43463088551738238152211124543101
0.42728310059198881809550130128628
0.41981478041604824991139821577235
0.41221935269337212082163546256197
0.40448963575941715431483203246898
0.39661775651116493168757415332948
0.38859505356289059108121364261024
0.38041196224192475039416194704245
0.37205787708153098547469994628045
0.36352098618465300550184338135296
0.35478807009044838194355975247163
0.34584425538015289847137978540559
0.33667270991740638752531822319725
0.32725426188346851130717141131754
0.31756691794242791759828037356783
0.30758524584331226048306007214705
0.29727957171708718764335799278342
0.28661491920236925601273014763137
0.27554958104146554109803446408478
0.26403315443028713138673424509761
0.25200377144643937299406388774514
0.23938408064524321905430781498580
0.22607521388249479654675155870791
0.21194734640570206396503749601834
0.19682415529484362237688799268653
0.18045552877274151359898723967490
0.16246541520610208175767752436514
0.14223984044148868521872941528272
0.11864090955534774274315878983543
0.08902513789513601116798469092828
0.04220883731040933617428834168095
nan
nan
nan
nan
nan
nan
nan
nan
nan
nan
nan
nan
nan
nan
nan
nan
nan
nan
nan
nan
nan
nan
nan
nan
nan
nan
nan
nan
nan
nan
nan
nan
nan
nan
nan
nan
nan
nan
nan
nan
nan
nan
nan
nan
nan
nan
nan
nan
nan
nan
nan
nan
nan
nan
nan
nan
nan
nan
nan
nan
nan
nan
nan
nan
nan
nan
nan
nan
nan
nan
nan
nan
nan
nan
nan
nan
nan
nan
nan
nan
nan
nan
nan
nan
nan
nan
nan
nan
nan
nan
nan
nan
nan
nan
nan
nan
nan
nan
nan
nan
nan
nan
nan
nan
nan
nan
nan
nan
nan
nan
nan
nan
nan
nan
nan
nan
nan
nan
nan
nan
nan
nan
nan
nan
nan
nan
nan
nan
nan
nan
nan
nan
nan
nan
nan
nan
nan
nan
nan
nan
nan
nan
nan
nan
nan
nan
nan
nan
nan
nan
nan
nan
nan
nan
nan
nan
nan
nan
nan
nan
nan
nan
nan
nan
nan
nan
nan
nan
nan
nan
nan
nan
nan
nan
nan
nan
nan
nan
nan
nan
nan
nan
nan
nan
nan
nan
nan
nan
nan
nan
nan
nan
nan
nan
nan
nan
nan
nan
nan
nan
nan
nan
nan
nan
nan
nan
nan
nan
nan
nan
nan
nan
nan
nan
nan
nan
nan
nan
nan
nan
nan
nan
nan
nan
nan
nan
nan
nan
nan
nan
nan
nan
nan
nan
nan
nan
nan
nan
nan
nan
nan
nan
nan
nan
nan
nan
nan
nan
nan
nan
nan
nan
nan
nan
nan
nan
nan
nan
nan
nan
nan
nan
nan
nan
nan
nan
nan
nan
nan
nan
nan
nan
nan
nan
nan
nan
nan
nan
nan
nan
nan
nan
nan
nan
nan
nan
nan
nan
nan
nan
nan
nan
nan
nan
nan
nan
nan
nan
nan
nan
nan
nan
nan
nan
nan
nan
nan
nan
nan
nan
nan
nan
nan
nan
nan
nan
nan
nan
nan
nan
nan
nan
nan
nan
nan
nan
nan
nan
nan
nan
nan
nan
nan
nan
nan
nan
nan
nan
nan
nan
nan
nan
nan
nan
nan
nan
nan
nan
nan
nan
nan
nan
nan
nan
nan
nan
nan
nan
nan
nan
nan
nan
nan
nan
nan
nan
nan
nan
nan
nan
nan
nan
nan
nan
nan
nan
nan
nan
nan
nan
nan
nan
nan
nan
nan
nan
nan
nan
nan
nan
nan
nan
nan
nan
nan
nan
nan
nan
nan
nan
nan
nan
nan
nan
nan
nan
nan
nan
nan
nan
nan
nan
nan
nan
nan
nan
nan
nan
nan
nan
nan
nan
nan
nan
nan
nan
nan
nan
nan
nan
nan
nan
nan
nan
nan
nan
nan
nan
nan
nan
nan
nan
nan
nan
nan
nan
nan
nan
nan
nan
nan
nan
nan
nan
nan
nan
nan
nan
nan
nan
nan
nan
nan
nan
nan
nan
nan
nan
nan
nan
nan
nan
nan
nan
nan
nan
nan
nan
nan
nan
nan
nan
nan
nan
nan
nan
nan
nan
nan
nan
nan
nan
nan
nan
nan
nan
nan
nan
nan
nan
nan
nan
nan
nan
nan
nan
nan
nan
nan
nan
nan
nan
nan
nan
nan
nan
nan
nan
nan
nan
nan
nan
nan
nan
nan
nan
nan
nan
nan
nan
nan
nan
nan
nan
nan
nan
nan
nan
nan
nan
nan
nan
nan
nan
nan
nan
nan
nan
nan
nan
nan
nan
nan
nan
nan
nan
nan
nan
nan
nan
nan
nan
nan
nan
nan
nan
nan
nan
nan
nan
nan
nan
nan
nan
nan
nan
nan
nan
nan
nan
nan
nan
nan
nan
nan
nan
nan
nan
nan
nan
nan
nan
nan
nan
nan
nan
nan
nan
nan
nan
nan
nan
nan
nan
nan
nan
nan
nan
nan
nan
nan
nan
nan
nan
nan
nan
nan
nan
nan
nan
nan
nan
nan
nan
nan
nan
nan
nan
nan
nan
nan
nan
nan
nan
nan
nan
nan
nan
nan
nan
nan
nan
nan
nan
nan
nan
nan
nan
nan
nan
nan
nan
nan
nan
nan
nan
nan
nan
nan
nan
nan
nan
nan
nan
nan
nan
nan
nan
nan
nan
nan
nan
nan
nan
nan
nan
nan
nan
nan
nan
nan
nan
nan
nan
nan
nan
nan
nan
nan
nan
nan
nan
nan
nan
nan
nan
nan
nan
