143.695
122.348
123.071
123.277
123.705
123.629
123.727
123.902
123.975
123.93
123.705
123.766
123.634
123.504
123.201
123.25
123.23
123.303
122.902
122.629
122.508
122.579
122.508
122.669
122.475
122.101
122.091
122.049
122.096
121.687
121.637
121.593
121.53
121.543
121.18
121.008
121.023
120.919
120.969
120.663
120.46
120.382
120.549
120.459
119.77
119.94
119.827
119.928
119.721
119.519
119.427
119.432
119.093
119.104
119.159
119.055
119.239
118.633
118.707
118.351
118.259
118.34
118.436
118.233
118.055
118.118
118.195
118.157
117.922
118.251
117.947
117.503
117.793
117.2
117.729
117.445
117.609
118.002
117.874
117.616
117.579
117.611
117.652
117.673
117.668
117.629
117.636
117.535
117.7
117.735
117.572
117.61
117.715
117.531
117.766
117.535
117.622
117.719
117.692
117.606
