34.5461
29.2439
26.572
26.4511
26.4668
26.458
26.2749
26.2828
26.2761
26.2661
26.2642
26.365
26.3469
26.2721
26.2702
26.257
26.262
26.2589
26.278
26.2702
26.262
26.2561
26.2699
26.2711
26.264
26.2649
26.268
26.2599
26.268
26.2611
26.264
26.2671
26.2611
26.258
26.2702
26.2561
26.2661
26.2611
26.2592
26.268
26.2589
26.2911
26.4931
26.484
26.3281
26.2551
26.257
26.2542
26.263
26.2592
26.305
26.2849
26.2649
26.263
26.2661
26.2551
26.258
26.269
26.257
26.2699
26.2668
26.274
26.2871
26.2668
26.2709
26.268
26.2642
26.269
26.2749
26.263
26.269
26.269
26.263
26.273
26.2761
26.262
26.2551
26.2561
26.2711
26.262
26.2568
26.264
26.257
26.2589
26.252
26.257
26.2539
26.258
26.273
26.2601
26.274
26.2771
26.274
26.309
26.2849
26.2761
26.2711
26.2589
26.2671
26.2702
26.268
26.2659
26.268
26.2721
26.2711
26.2702
26.2749
26.264
26.257
26.262
26.2649
26.268
26.2649
26.2609
26.2761
26.2799
26.2752
26.273
26.2649
26.2711
26.2671
26.2799
26.2668
26.258
26.268
26.274
26.2761
26.262
26.2768
26.263
26.2618
26.2611
26.264
26.2661
26.269
26.273
26.268
26.273
26.264
26.2649
26.268
26.2659
26.2661
26.2899
26.2671
26.2589
26.2649
26.2699
26.269
26.2661
26.268
26.2589
26.2742
26.2611
26.2721
26.264
26.2671
26.2842
26.3071
26.2911
26.264
26.2611
26.264
26.273
26.268
26.2709
26.2699
26.2811
26.279
26.264
26.2649
26.2659
26.2649
26.2589
26.2568
26.2589
26.2659
26.2721
26.2761
26.2542
26.269
26.258
26.264
26.2699
26.262
26.257
26.268
26.2649
26.2609
26.2661
26.2651
26.2711
26.263
26.2549
26.258
26.269
26.2709
26.257
26.2599
26.2699
26.252
26.268
26.2811
26.2702
26.264
26.264
26.2692
26.2589
26.264
26.2671
26.263
26.2711
26.2661
26.2551
26.262
26.2539
26.2618
26.263
26.2611
26.269
26.263
26.262
26.2699
26.2561
26.2599
26.2508
26.2611
26.2601
26.2649
26.273
26.263
26.2568
26.269
26.264
26.262
26.2561
26.2589
26.262
26.2539
26.2642
26.274
26.2671
26.257
26.2558
26.2549
26.2799
26.2592
26.2671
26.2768
26.264
26.2742
26.264
26.2599
26.2699
26.2599
26.269
26.268
26.2589
26.2718
26.2599
26.262
26.2611
26.2668
26.273
26.2661
26.264
26.268
26.264
26.2699
26.2721
26.2618
26.268
26.2668
26.263
26.2659
26.2709
26.269
26.264
26.273
26.2661
26.2759
26.269
26.268
26.264
26.262
26.2771
26.2699
26.2711
26.3009
26.2849
26.2661
26.2799
26.252
26.2671
26.2561
26.263
26.2601
26.2721
26.2661
26.2661
26.2711
26.274
26.2659
26.268
26.2711
26.2609
26.273
26.2711
26.257
26.2649
26.2692
26.2752
26.268
26.2661
26.2651
26.2761
26.2768
26.2749
26.2709
26.258
26.262
26.269
26.2771
26.2642
26.2671
26.2671
26.2711
26.2611
26.268
26.263
26.263
26.2671
26.2671
26.2518
26.268
26.2592
26.258
26.2671
26.264
26.2749
26.264
26.273
26.274
26.2768
26.2699
26.2659
26.264
26.2649
26.2649
26.2611
26.263
26.263
26.2668
26.2649
26.253
26.2659
26.274
26.2542
26.2671
26.263
26.2671
26.273
26.263
26.2609
26.269
26.263
26.269
26.2721
26.2609
26.2661
26.274
26.262
26.253
26.2699
26.2711
26.2809
26.2761
26.2702
26.273
26.268
26.2702
26.2661
26.268
26.263
26.274
26.2659
26.2699
26.258
26.2659
26.2718
26.2609
26.263
26.268
26.2671
26.2611
26.2709
26.2709
26.263
26.2651
26.2589
26.263
26.2661
26.273
26.2599
26.2671
26.2651
26.269
26.2651
26.2661
26.2752
26.264
26.2649
26.2649
26.2752
26.268
26.258
26.2692
26.2611
26.2611
26.2671
26.2651
26.269
26.2649
26.279
26.268
26.263
26.2642
26.278
26.2651
26.2671
26.269
26.278
26.268
26.264
26.2601
26.2592
26.2649
26.2549
26.2699
26.2599
26.2659
26.2668
26.269
26.278
26.2599
26.268
26.274
26.258
26.2561
26.2659
26.264
26.2599
26.2649
26.3789
26.4649
26.473
26.258
26.263
26.273
26.2592
26.264
26.2671
26.2501
26.2601
26.253
26.2599
26.258
26.263
26.2599
26.2649
26.2511
26.262
26.2711
26.2649
26.258
26.263
26.264
26.268
26.257
26.2651
26.2711
26.2709
26.2742
26.2649
26.2709
26.2759
26.263
26.2661
26.2649
26.268
26.2589
26.2709
26.263
26.2702
26.2661
26.2611
26.273
26.263
26.2718
26.2759
26.278
26.268
26.278
26.2749
26.274
26.283
26.2659
26.2749
26.2711
26.263
26.2718
26.2721
26.2752
26.274
26.269
26.2642
26.274
26.2749
26.262
26.2821
26.2821
26.2711
26.2721
26.2818
26.2649
26.2759
26.2709
26.2799
26.273
26.273
26.2649
26.2649
26.264
26.2721
26.273
26.273
26.2702
26.2721
26.283
26.2809
26.2818
26.263
26.274
26.263
26.2711
26.2671
26.2592
26.268
26.304
26.279
26.2651
26.2611
26.2649
26.2609
26.268
26.268
26.274
26.2661
26.274
26.2589
26.2611
26.2649
26.2609
26.263
26.257
26.274
26.2702
26.2651
26.264
26.258
26.2699
26.258
26.2589
26.2659
26.2609
26.2709
26.2649
26.264
26.262
26.268
26.263
26.2718
26.268
26.2661
26.2702
26.2492
26.257
26.258
26.257
26.2711
26.263
26.263
26.2651
26.258
26.257
26.273
26.2659
26.2718
26.269
26.2711
26.268
26.2709
26.269
26.2671
26.279
26.269
26.2709
26.278
26.2699
26.2799
26.2711
26.2752
26.2811
26.2702
26.273
26.279
26.2711
26.289
26.2721
26.2749
26.2818
26.2759
26.2799
26.2709
26.2749
26.2651
26.2802
26.269
26.2768
26.2721
26.264
26.279
26.2761
26.263
26.268
26.2642
26.2709
26.269
26.268
26.2771
26.263
26.2721
26.269
26.2671
26.269
26.2699
26.273
26.2702
26.2611
26.2759
26.2671
26.2611
26.2601
26.257
26.2642
26.269
26.2659
26.268
26.273
26.257
26.2671
26.2702
26.2611
26.264
26.2609
26.269
26.269
26.262
26.2599
26.2661
26.2659
26.264
26.2649
26.2659
26.2589
26.2539
26.264
26.2611
26.262
26.2659
26.268
26.2771
26.268
26.269
26.2671
26.258
26.2659
26.268
26.264
26.2611
26.264
26.2609
26.2618
26.2611
26.257
26.2568
26.262
26.262
26.2618
26.2649
26.2709
26.2561
26.257
26.258
26.262
26.2668
26.268
26.2702
26.2599
26.2749
26.273
26.263
26.273
26.2799
26.273
26.2792
26.274
26.2659
26.2649
26.2799
26.2661
26.274
26.2749
26.2702
26.278
26.2709
26.269
26.263
26.273
26.263
26.2711
26.2589
26.263
26.2651
26.263
26.2671
26.269
26.2671
26.2721
26.273
26.268
26.263
26.2649
26.263
26.262
26.2549
26.2599
26.269
26.2709
26.2659
26.2649
26.268
26.2558
26.262
26.2711
26.258
26.257
26.2761
26.2711
26.268
26.2749
26.2671
26.2818
26.2718
26.258
26.262
26.2668
26.2749
26.2671
26.2599
26.2659
26.263
26.2649
26.2651
26.2671
26.2692
26.2771
26.263
26.257
26.2661
26.258
26.2668
26.268
26.2671
26.2771
26.269
26.264
26.2618
26.2661
26.257
26.2702
26.262
26.2549
26.2589
26.264
26.2761
26.269
26.2671
26.2642
26.262
26.2601
26.2661
26.2601
26.273
26.264
26.2558
26.258
26.2592
26.263
26.2709
26.2589
26.268
26.2761
26.264
26.269
26.2649
26.2768
26.264
26.2768
26.2709
26.2809
26.2749
26.262
26.279
26.2749
26.2709
26.2702
26.2721
26.2718
26.2668
26.274
26.2592
26.2761
26.2702
26.2771
26.417
26.4649
26.4649
26.2642
26.273
26.2549
26.2768
26.2771
26.268
26.2668
26.258
26.2651
26.269
26.264
26.2659
26.2649
26.2699
26.268
26.2671
26.264
26.2661
26.2692
26.2661
26.2702
26.269
26.2649
26.2809
26.2702
26.263
26.264
26.274
26.2671
26.283
26.2771
26.2651
26.2671
26.2649
26.269
26.2711
26.2611
26.2661
26.269
26.2721
26.268
26.263
26.2651
26.2661
26.269
26.2671
26.2721
26.273
26.284
26.2752
26.2651
26.2649
26.2799
26.269
26.263
26.2799
26.2809
26.2759
26.2659
26.274
26.284
26.2771
26.264
26.284
26.2721
26.2702
26.2671
26.273
26.269
26.2702
26.2551
26.264
26.279
26.2718
26.2671
26.279
26.2721
26.262
26.273
26.268
26.2642
26.278
26.2659
26.2671
26.279
26.274
26.2711
26.273
26.2659
26.274
26.2678
26.262
26.264
26.279
26.268
26.278
26.268
26.2649
26.2742
26.2761
26.2771
26.2718
26.2699
26.263
26.269
26.264
26.2692
26.2749
26.264
26.2599
26.2692
26.264
26.2709
26.268
26.268
26.2749
26.273
26.2809
26.2721
26.273
26.268
26.2661
26.2611
26.258
26.2699
26.2661
26.2671
26.2661
26.2611
26.274
26.278
26.262
26.2609
26.278
26.2771
26.264
26.2671
26.268
26.2711
26.2752
26.268
26.2671
26.268
26.2649
26.264
26.2661
26.2661
26.2699
26.264
26.264
26.2668
26.2671
26.2761
26.2601
26.2611
26.2589
26.2601
26.2661
26.2651
26.2711
26.2651
26.2592
