211.151
174.291
174.93
175.654
176.209
176.781
177.01
177.119
177.154
177.41
177.406
177.634
177.745
177.672
177.686
177.794
177.762
178.506
177.911
177.817
177.866
177.802
178.093
178.073
177.715
177.834
177.792
177.881
177.965
177.86
177.836
177.771
177.62
177.913
178.173
177.864
177.776
177.729
177.967
177.683
177.898
177.61
177.679
177.659
177.774
177.761
177.86
177.749
177.702
178.379
177.784
177.903
177.652
177.686
177.615
177.735
177.689
177.842
177.742
177.902
177.658
177.642
177.945
177.684
177.626
177.577
177.619
177.732
177.81
177.735
177.585
177.712
177.563
177.643
177.825
177.773
177.701
177.62
178.171
177.698
177.653
177.642
177.562
177.81
177.82
177.822
177.726
177.803
177.751
177.781
177.746
177.654
177.82
177.663
177.669
177.67
177.845
177.764
177.755
177.809
