14.2128
14.3499
14.3211
14.322
14.303
14.338
14.3349
14.359
14.327
14.327
14.3471
14.3158
14.3409
14.302
14.3011
14.3459
14.3569
14.3209
14.3089
14.323
14.328
14.3089
14.327
14.3251
14.3189
14.3111
14.3251
14.3571
14.3418
14.327
14.3311
14.3499
14.303
14.313
14.3142
14.3459
14.3051
14.353
14.3249
14.3151
14.3089
14.3311
14.3239
14.333
14.3061
14.3011
14.303
14.339
14.317
14.339
14.333
14.3371
14.344
14.3409
14.323
14.2989
14.3392
14.3168
14.2951
14.3189
14.323
14.3371
14.322
14.329
14.308
14.3039
14.3449
14.3139
14.334
14.322
14.328
14.291
14.3099
14.3061
14.308
14.3261
14.317
14.3058
14.327
14.302
14.328
14.3449
14.3049
14.3259
14.338
14.3089
14.2899
14.3108
14.329
14.3142
14.333
14.3321
14.3111
14.3201
14.3321
14.3549
14.334
14.323
14.2939
14.317
14.3099
14.329
14.3421
14.343
14.3402
14.3359
14.303
14.354
14.3108
14.375
14.334
14.302
14.3399
14.312
14.3321
14.3509
14.3209
14.322
14.3278
14.338
14.3249
14.3111
14.322
14.3139
14.3039
14.3218
14.308
14.349
14.333
14.2989
14.3299
14.3261
14.3521
14.3411
14.3421
14.2889
14.3189
14.3192
14.3211
14.3261
14.3149
14.333
14.3239
14.333
14.3099
14.3371
14.3211
14.308
14.3352
14.3149
14.3039
14.3261
14.3268
14.3089
14.3182
14.3371
14.334
14.3099
14.3158
14.333
14.328
14.308
14.327
14.3201
14.3089
14.3299
14.3318
14.3452
14.318
14.3249
14.339
14.3199
14.3049
14.3301
14.329
14.307
14.3149
14.312
14.297
14.354
14.3089
14.3089
14.3111
14.354
14.3518
14.3311
14.3001
14.329
14.327
14.303
14.3189
14.338
14.313
14.302
14.3211
14.3151
14.308
14.3111
14.3161
14.3199
14.3161
14.3409
14.344
14.327
14.327
14.3399
14.327
14.303
14.3261
14.3039
14.3161
14.3418
14.291
14.3249
14.3249
14.3151
14.2891
14.3411
14.3311
14.323
14.3399
14.3371
14.329
14.3321
14.3139
14.3032
14.3149
14.3361
14.317
14.322
14.3111
14.318
14.312
14.3442
14.3359
14.3142
14.303
14.3421
14.3189
14.323
14.3471
14.3092
14.3089
14.3192
14.2961
14.3051
14.3311
14.3509
14.3099
14.308
14.3161
14.3261
14.3292
14.312
14.3001
14.349
14.3189
14.3318
14.3161
14.3099
14.3108
14.318
14.3261
14.312
14.3418
14.282
14.327
14.3249
14.3142
14.3421
14.3459
14.329
14.3189
14.297
14.318
14.3149
14.339
14.3261
14.3218
14.339
14.307
14.3471
14.3168
14.339
14.323
14.2941
14.3209
14.322
14.323
14.3199
14.3011
14.3011
14.3268
14.317
14.3151
14.3301
14.3352
14.338
14.3378
14.3151
14.3461
14.334
14.3142
14.3189
14.312
14.327
14.3182
14.328
14.3189
14.3189
14.323
14.3261
14.323
14.3189
14.3101
14.3511
14.3352
14.297
14.328
14.3471
14.3421
14.3418
14.3349
14.3039
14.2989
14.3318
14.3259
14.2779
14.313
14.333
14.339
14.3211
14.3349
14.312
14.323
14.359
14.3099
14.3189
14.353
14.3311
14.333
14.343
14.317
14.3361
14.338
14.334
14.3111
14.3068
14.329
14.3158
14.333
14.2901
14.3321
14.348
14.3239
14.348
14.2992
14.3249
14.3259
14.3149
14.2999
14.318
14.317
14.307
14.3092
14.3349
14.2958
14.3361
14.317
14.338
14.3352
14.3411
14.327
14.3011
14.3158
14.3371
14.339
14.3611
14.312
14.3011
14.313
14.3549
14.3201
14.322
14.338
14.3459
14.3352
14.3549
14.3199
14.3249
14.3192
14.298
14.3001
14.323
14.292
14.322
14.303
14.3349
14.307
14.3118
14.3402
14.312
14.3092
14.3361
14.298
14.333
14.3259
14.3061
14.3669
14.3478
14.3049
14.3251
14.3032
14.3301
14.286
14.3139
14.3032
14.3218
14.3261
14.3058
14.307
14.3111
14.354
14.3321
14.3201
14.317
14.3402
14.3099
14.3161
14.3008
14.3352
14.3461
14.3321
14.3321
14.3239
14.307
14.3211
14.317
14.3459
14.317
14.292
14.3378
14.3471
14.328
14.3139
14.3452
14.333
14.3139
14.308
14.3409
14.3199
14.3459
14.334
14.276
14.3161
14.3321
14.3311
14.3218
14.313
14.364
14.3409
14.3201
14.3161
14.3299
14.3111
14.3209
14.3352
14.3161
14.334
14.3199
14.3299
14.3239
14.3499
14.307
14.3099
14.3108
14.3311
14.3368
14.344
14.3261
14.343
14.3318
14.3039
14.3321
14.343
14.329
14.329
14.328
14.3261
14.317
14.3139
14.328
14.298
14.328
14.3139
14.3349
14.3259
14.3161
14.323
14.3368
