16.4239
16.14
16.155
16.1579
16.1071
16.118
16.1121
16.104
16.1369
16.113
16.0871
16.156
16.1271
16.1481
16.1209
16.1438
16.114
16.1371
16.1059
16.119
16.1169
16.1309
16.114
16.1381
16.134
16.1171
16.1378
16.1328
16.12
16.1641
16.1309
16.1102
16.15
16.1459
16.1171
16.1381
16.155
16.1052
16.139
16.139
16.1221
16.1288
16.1271
16.1259
16.108
16.115
16.139
16.1052
16.1281
16.118
16.12
16.1402
16.119
16.1409
16.1412
16.156
16.113
16.1309
16.1121
16.1359
16.1302
16.1409
16.1459
16.119
16.1302
16.1371
16.1159
16.1278
16.115
16.1159
16.1688
16.1259
16.134
16.1219
16.1049
16.103
16.119
16.094
16.1152
16.1591
16.1009
16.0999
16.103
16.134
16.1359
16.108
16.1741
16.1171
16.1481
16.1259
16.13
16.151
16.099
16.144
16.13
16.1638
16.144
16.0959
16.124
16.1221
16.1231
16.1259
16.1362
16.1359
16.1319
16.125
16.1121
16.135
16.129
16.145
16.1152
16.1321
16.12
16.1331
16.1271
16.1011
16.1221
16.129
16.1211
16.1269
16.145
16.1219
16.1419
16.124
16.1102
16.135
16.125
16.125
16.1152
16.1259
16.1302
16.1209
16.114
16.1078
16.1231
16.1459
16.1719
16.1238
16.1352
16.0949
16.0971
16.1078
16.1211
16.125
16.12
16.0921
16.083
16.1221
16.104
16.118
16.1271
16.109
16.13
16.145
16.145
16.1378
16.119
16.1381
16.108
16.125
16.109
16.118
16.1071
16.1619
16.1629
16.1381
16.1202
16.1312
16.1259
16.1099
16.0968
16.118
16.125
16.108
16.114
16.151
15.9612
16.14
16.115
16.119
16.114
16.0811
16.1262
16.1481
16.1521
16.1541
16.1312
16.1271
16.1378
16.1102
16.1312
16.083
16.108
16.1049
16.1161
16.144
16.1171
16.1171
16.124
16.098
16.1531
16.119
16.1221
16.1262
16.149
16.0968
16.139
16.108
16.14
16.1569
16.1231
16.1221
16.1178
16.119
16.109
16.1059
16.1028
16.134
16.124
16.114
16.1312
16.16
16.1381
16.1119
16.089
16.1171
16.1581
16.1319
16.1281
16.1321
16.1259
16.1419
16.1431
16.114
16.1221
16.1321
16.1321
16.1262
16.145
16.124
16.144
16.0959
16.1312
16.145
16.1271
16.1269
16.12
16.109
16.119
16.1271
16.113
16.0859
16.125
16.149
16.098
16.1421
16.129
16.1061
16.1352
16.114
16.134
16.1462
16.1178
16.1009
16.1221
16.109
16.1011
16.1221
16.135
16.1211
16.1111
16.144
16.109
16.1061
16.1099
16.1691
16.125
16.094
16.1171
16.1099
16.1211
16.1259
16.109
16.1409
16.1259
16.145
16.0842
16.124
16.14
16.1209
16.114
16.145
16.1271
16.1119
16.144
16.1331
16.1471
16.1479
16.1371
16.041
16.1369
16.1219
16.124
16.1071
16.1669
16.1302
16.1171
16.145
16.098
16.1211
16.1071
16.1078
16.129
16.1462
16.115
16.1009
16.1159
16.1219
16.113
16.108
16.094
16.119
16.1459
16.113
16.1479
16.119
16.1161
16.151
16.0959
16.15
16.1211
16.1211
16.155
16.1371
16.1111
16.1309
16.109
16.1412
16.139
16.1321
16.124
16.109
16.1059
16.1388
16.1519
16.1171
16.119
16.1099
16.135
16.1381
16.093
16.129
16.119
16.1588
16.1419
16.1209
16.108
16.1169
16.1412
16.114
16.1362
16.1369
16.1281
16.1312
16.165
16.1121
16.1011
16.1331
16.113
16.1259
16.1359
16.114
16.1161
16.1109
16.1259
16.1409
16.1369
16.129
16.1171
16.115
16.104
16.1011
16.0999
16.1281
16.1068
16.124
16.1321
16.1071
16.1068
16.125
16.1109
16.1352
16.1698
16.1259
16.1231
16.113
16.118
16.109
16.1121
16.1431
16.109
16.1211
16.113
16.1271
16.1121
16.134
16.155
16.1281
16.1641
16.129
16.108
16.1231
16.125
16.1009
16.134
16.125
16.1278
16.1428
16.1319
16.1159
16.109
16.1321
16.1231
16.114
16.13
16.1011
16.1262
16.13
16.135
16.1219
16.113
16.1541
16.125
16.104
16.1281
16.1228
16.1159
16.109
16.113
16.1211
16.1321
16.1321
16.108
16.1228
16.129
16.1459
16.1161
16.1209
16.1371
16.119
16.119
16.1331
16.119
16.1288
16.1159
16.1371
16.1221
16.1121
16.1059
16.1529
16.1119
16.1369
16.103
16.1529
16.109
16.1262
16.109
16.119
16.0949
16.1328
16.139
16.1259
16.1481
16.125
16.0909
16.1281
16.1071
16.1102
16.155
16.134
16.1672
16.14
16.134
16.104
16.1319
16.1161
16.1421
16.1681
16.1071
16.125
16.125
16.124
16.145
16.1679
16.1281
16.166
16.1259
16.1309
16.1221
16.1319
