10.8039
10.7548
10.731
10.7758
10.7429
10.7548
10.783
10.709
10.7369
10.7589
10.7601
10.762
10.735
10.73
10.731
10.772
10.788
10.72
10.7281
10.7291
10.7331
10.731
10.7472
10.7419
10.741
10.7679
10.716
10.7501
10.716
10.7861
10.73
10.7059
10.761
10.9329
10.747
10.756
10.9029
10.7312
10.736
10.772
10.747
10.7591
10.7429
10.74
10.766
10.7391
10.751
10.7219
10.7291
10.757
10.7181
10.736
10.767
10.741
10.7322
10.7219
10.7341
10.7682
10.7129
10.7529
10.7729
10.747
10.7419
10.7341
10.7701
10.7319
10.783
10.7481
10.7391
10.736
10.7861
10.7419
10.741
10.7331
10.752
10.7582
10.7419
10.716
10.736
10.725
10.751
10.741
10.7551
10.7341
10.7222
10.7579
10.7141
10.705
10.757
10.766
10.746
10.7529
10.7169
10.746
10.725
10.761
10.741
10.736
10.7491
10.7651
10.751
10.7281
10.7322
10.7441
10.7648
10.7429
10.7551
10.7162
10.762
10.7791
10.741
10.7598
10.7639
10.7441
10.7291
10.7472
10.7219
10.7479
10.92
10.7758
10.7539
10.7732
10.746
10.7801
10.745
10.7381
10.7322
10.7751
10.771
10.741
10.7081
10.7851
10.7419
10.7648
10.752
10.704
10.7481
10.7291
10.7629
10.7489
10.7648
10.7529
10.715
10.7329
10.7388
10.7088
10.7329
10.745
10.771
10.6869
10.7229
10.7682
10.7419
10.736
10.736
10.7651
10.7419
10.7272
10.7679
10.7498
10.7529
10.741
10.7601
10.762
10.7198
10.7639
10.73
10.7601
10.756
10.7381
10.7501
10.7441
10.8979
10.7598
10.7539
10.782
10.9289
10.7679
10.735
10.771
10.7388
10.7439
10.7529
10.7701
10.7551
10.7639
10.91
10.746
10.7498
10.725
10.7491
10.766
10.715
10.7722
10.7391
10.7179
10.709
10.7191
10.74
10.7491
10.772
10.7238
10.7479
10.741
10.7369
10.7658
10.756
10.7691
10.7439
10.7639
10.71
10.7629
10.7279
10.7911
10.7708
10.7338
10.7629
10.7632
10.752
10.7498
10.767
10.7491
10.746
10.731
10.7419
10.752
10.7229
10.7472
10.7598
10.7291
10.6919
10.7369
10.756
10.7598
10.747
10.7629
10.9448
10.747
10.7551
10.721
10.7379
10.7219
10.7551
10.7582
10.7369
10.725
10.735
10.7219
10.761
10.7241
10.756
10.7391
10.7529
10.73
10.7751
10.7639
10.9048
10.7329
10.7422
10.7188
10.7698
10.7629
10.7532
10.766
10.7431
10.761
10.7162
10.7419
10.7489
10.762
10.761
10.735
10.705
10.772
10.7589
10.7298
10.7388
10.7439
10.947
10.747
10.7489
10.762
10.7551
10.783
10.7551
10.7741
10.7441
10.7579
10.7672
10.747
10.7322
10.7439
10.7379
10.9291
10.72
10.735
10.771
10.745
10.756
10.7579
10.7491
10.751
10.741
10.7489
10.7238
10.716
10.7839
10.751
10.7501
10.745
10.767
10.7481
10.7369
10.7381
10.745
10.725
10.7431
10.767
10.7641
10.778
10.7398
10.7079
10.7398
10.7388
10.766
10.9432
10.72
10.781
10.7629
10.7439
10.7551
10.7501
10.7422
10.7689
10.7641
10.7381
10.767
10.766
10.7372
10.746
10.7601
10.7601
10.7591
10.7181
10.7441
10.7229
10.7398
10.7269
10.9429
10.7288
10.7539
10.7431
10.7269
10.7388
10.772
10.7188
10.777
10.757
10.746
10.72
10.711
10.766
10.746
10.7579
10.7281
10.757
10.741
10.7598
10.7272
10.711
10.767
10.716
10.7532
10.7141
10.7231
10.7388
10.7629
10.7591
10.7379
10.7372
10.721
10.7572
10.756
10.7479
10.7288
10.7641
10.7572
10.7338
10.7429
10.7338
10.7372
10.7
10.7501
10.725
10.7472
10.7479
10.746
10.776
10.7479
10.731
10.761
10.766
10.777
10.735
10.731
10.783
10.7729
10.766
10.7372
10.747
10.7281
10.745
10.7338
10.7582
10.7589
10.7799
10.7481
10.74
10.7379
10.716
10.756
10.7322
10.756
10.7391
10.736
10.7021
10.7679
10.7269
10.704
10.73
10.7501
10.7329
10.725
10.7429
10.911
10.741
10.74
10.7551
10.7191
10.756
10.7698
10.7372
10.7601
10.7
10.7341
10.7489
10.711
10.741
10.7241
10.7541
10.735
10.7231
10.7181
10.7369
10.7641
10.762
10.751
10.7901
10.746
10.7629
10.7281
10.7689
10.7739
10.746
10.7429
10.7629
10.7911
10.7551
10.7341
10.7579
10.7472
10.726
10.731
10.751
10.752
10.7622
10.7541
10.7629
10.7319
10.7501
10.766
10.762
10.7388
10.762
10.772
10.735
10.7281
10.761
10.7181
10.931
10.7892
10.7379
10.752
10.776
10.72
10.7429
10.689
10.7448
10.7548
10.7288
10.71
10.7551
10.73
10.7582
10.772
10.7491
10.7369
10.7439
10.7582
10.7501
10.756
10.751
10.6919
10.7498
10.915
10.7658
10.746
10.761
10.7479
10.741
10.7901
10.7851
10.767
10.7398
10.7298
10.7648
10.761
10.731
10.757
10.7431
10.7019
10.741
10.73
10.7601
10.7241
10.699
10.7629
10.7379
10.7388
10.7331
10.7741
10.7479
10.7491
10.7601
10.725
10.772
10.747
10.7231
10.74
10.7651
10.7551
10.766
10.7191
10.7579
10.7532
10.7601
10.716
10.7172
10.7589
10.725
10.7379
10.7539
10.741
10.766
10.747
10.7651
10.745
10.766
10.745
10.7331
10.776
10.7379
10.7682
10.7291
10.7191
10.7222
10.7388
10.757
10.747
10.7479
10.745
10.9229
10.7582
10.757
10.7241
10.7441
10.7679
10.7179
10.7412
10.7188
10.72
10.7541
10.7579
10.7522
10.761
10.741
10.7131
10.731
10.752
10.7651
10.7229
10.751
10.7789
10.711
10.747
10.715
10.7379
10.741
10.7739
10.7388
10.7279
10.7341
10.7548
10.7419
10.7281
10.772
10.7319
10.7472
10.757
10.7081
10.766
10.7491
10.778
10.9119
10.7381
10.741
10.7472
10.704
10.716
10.7601
10.741
10.704
10.7598
10.747
10.751
10.7572
10.7539
10.7501
10.7419
10.7191
10.767
10.704
10.777
10.7388
10.74
10.7501
10.7551
10.7381
10.7541
10.7479
10.7281
10.7441
10.7441
10.7589
10.745
10.7329
10.7119
10.7431
10.747
10.725
10.71
10.73
10.7489
10.7648
10.7481
10.705
10.7212
10.74
10.7219
10.7429
10.74
10.7369
10.7369
10.726
10.7489
10.772
10.7629
10.746
10.7639
10.7691
10.7629
10.7288
10.7579
10.7212
10.756
10.7439
10.745
10.7651
10.736
10.767
10.7319
10.71
10.7121
10.7501
10.7179
10.7369
10.7801
10.7431
10.7579
10.7331
10.7241
10.7532
10.7391
10.7009
10.766
10.7498
10.7632
10.7579
10.7241
10.7381
10.752
10.7028
10.7572
10.7219
10.7169
10.7059
10.7019
10.7322
10.7629
10.7448
10.7598
10.746
10.767
10.7448
10.72
10.772
10.7319
10.792
10.7262
10.7479
10.7422
10.7579
10.7422
10.745
10.7501
10.71
10.7491
10.7431
10.761
10.7479
10.7348
10.7529
10.771
10.7601
10.7348
10.757
10.747
10.731
10.7639
10.7241
10.7269
10.7601
10.751
10.7641
10.7579
10.752
10.777
10.7551
10.7341
10.7391
10.772
10.7181
10.7522
10.735
10.741
10.7372
10.7501
10.7641
10.709
10.757
10.7431
10.7379
10.7949
10.715
10.7379
10.7639
10.7481
10.7479
10.7281
10.7679
10.7329
10.715
10.726
10.7319
10.7729
10.941
10.7319
10.7379
10.7088
10.741
10.7429
10.7419
10.772
10.7188
10.7679
10.74
10.7322
10.7419
10.7541
10.7541
10.7439
10.7648
10.756
10.7429
10.762
10.7341
10.756
10.7329
10.751
10.7689
10.7622
10.726
10.7181
10.7648
10.694
10.7238
10.7529
10.7319
10.7498
10.7319
10.7269
10.7419
10.7369
10.74
10.767
10.7679
10.7589
10.7541
10.736
10.7071
10.7179
10.716
10.73
10.6909
10.694
10.7229
10.7338
10.927
10.7629
10.7069
10.7441
10.747
10.7188
10.7329
10.7059
10.7648
10.7431
10.725
10.7582
10.745
10.7369
10.741
10.741
10.7369
10.751
10.7479
10.7331
10.721
10.7489
10.7381
10.7369
10.7539
10.745
10.7391
10.7012
10.7539
10.761
10.7319
10.725
10.7272
10.767
10.7601
10.7641
10.7181
10.7598
10.7369
10.752
10.7348
10.747
10.7331
10.745
10.7269
10.762
10.752
10.7341
10.7269
10.7448
10.7119
10.74
10.7591
10.7419
10.7582
10.7381
10.6969
10.7031
10.7388
10.752
10.747
10.926
10.7348
10.88
10.751
10.716
10.747
10.735
10.7582
10.7388
10.7658
10.761
10.73
10.7222
10.7789
10.7732
10.7529
10.7341
10.7632
10.7441
10.715
10.7501
10.7551
10.7181
10.725
10.7262
10.745
10.7651
10.747
10.7632
10.7081
10.736
10.735
10.7551
10.7331
10.745
10.7501
10.746
10.689
10.7341
10.757
10.7472
10.741
10.736
10.7439
10.7601
10.7281
10.7141
10.7629
10.751
10.7648
10.74
10.782
10.777
10.72
10.72
10.746
10.745
10.7391
10.7319
10.751
10.7329
10.7379
10.756
10.747
10.757
10.7682
10.7391
10.7729
10.7441
10.7591
10.7241
10.7319
10.74
10.7331
10.9291
10.741
10.7491
10.7629
10.74
10.937
10.704
10.757
10.7629
10.7579
10.747
10.7291
10.7651
10.7601
10.7369
10.771
10.7529
10.7479
10.7141
10.7861
10.735
10.7501
10.7369
10.7429
10.746
10.7579
10.745
10.7601
