10.819
10.7071
10.715
10.761
10.674
10.716
10.7448
10.69
10.7331
10.7429
10.7329
10.726
10.7129
10.7629
10.6871
10.7009
10.7422
10.716
10.7059
10.7141
10.6819
10.7219
10.705
10.7329
10.726
10.7181
10.7391
10.7241
10.7229
10.7238
10.7319
10.7121
10.7141
10.73
10.695
10.7088
10.751
10.735
10.7169
10.7112
10.7
10.726
10.7179
10.8819
10.7491
10.6981
10.7269
10.7338
10.752
10.7751
10.716
10.9072
10.752
10.6952
10.7429
10.736
10.7331
10.716
10.7481
10.731
10.7439
10.7222
10.74
10.7269
10.7489
10.7269
10.745
10.767
10.7608
10.741
10.7501
10.7131
10.699
10.7591
10.7388
10.7141
10.73
10.7388
10.7341
10.7269
10.726
10.7009
10.7031
10.7
10.7439
10.911
10.7479
10.747
10.71
10.7539
10.745
10.7062
10.7691
10.745
10.709
10.689
10.7441
10.7081
10.74
10.674
10.7338
10.7129
10.73
10.7429
10.7272
10.7491
10.7081
10.7491
10.6909
10.7291
10.7391
10.7379
10.7431
10.7551
10.741
10.7238
10.7
10.73
10.6981
10.709
10.7129
10.735
10.716
10.6981
10.7269
10.7272
10.745
10.7269
10.7288
10.7622
10.7751
10.7532
10.9072
10.7541
10.694
10.7281
10.741
10.715
10.8931
10.7031
10.7131
10.7169
10.7388
10.7229
10.747
10.7391
10.7532
10.7541
10.7429
10.7119
10.74
10.695
10.7648
10.72
10.7191
10.705
10.7088
10.726
10.6971
10.726
10.7329
10.709
10.8969
10.7131
10.746
10.7291
10.725
10.6909
10.74
10.9091
10.8912
10.704
10.6971
10.72
10.7231
10.7319
10.705
10.6978
10.7179
10.7489
10.711
10.7481
10.747
10.7522
10.736
10.7081
10.74
10.7551
10.71
10.721
10.7238
10.7021
10.6921
10.716
10.72
10.8929
10.9138
10.736
10.72
10.715
10.756
10.7279
10.7348
10.731
10.726
10.725
10.7441
10.7341
10.7269
10.7188
10.7
10.6621
10.72
10.7169
10.896
10.7069
10.7121
10.7331
10.741
10.6952
10.7169
10.7448
10.7241
10.6869
10.715
10.72
10.741
10.7541
10.927
10.756
10.7381
10.709
10.69
10.7222
10.709
10.7419
10.7028
10.7529
10.7551
10.7679
10.7479
10.7019
10.7222
10.7441
10.7181
10.7169
10.7238
10.6909
10.709
10.7222
10.7441
10.7009
10.7169
10.7291
10.726
10.741
10.7419
10.71
10.7119
10.7172
10.7291
10.7341
10.7641
10.7479
10.69
10.6971
10.74
10.7112
10.7241
10.725
10.71
10.7129
10.884
10.7479
10.7682
10.7341
10.7231
10.7141
10.7219
10.7079
10.7248
10.704
10.7141
10.7501
10.7222
10.704
10.7229
10.694
10.675
10.7129
10.915
10.695
10.7379
10.7429
10.745
10.7222
10.7281
10.6919
10.9141
10.7749
10.7579
10.71
10.699
10.7169
10.916
10.731
10.735
10.715
10.7191
10.7119
10.7131
10.6831
10.7429
10.709
10.716
10.7071
10.711
10.6971
10.6759
10.8919
10.7181
10.726
10.7069
10.7
10.7129
10.7448
10.7219
10.685
10.7088
10.695
10.745
10.6809
10.7188
10.7079
10.8912
10.7019
10.9119
10.7059
10.736
10.68
10.7131
10.709
10.69
10.6969
10.7081
10.6912
10.7188
10.7138
10.7539
10.6909
10.7219
10.7169
10.6771
10.896
10.735
10.6862
10.711
10.6928
10.6971
10.7172
10.7031
10.7319
10.7172
10.69
10.7369
10.725
10.7338
10.721
10.73
10.7422
10.721
10.7381
10.7222
10.7229
10.731
10.726
10.7172
10.6978
10.69
10.7219
10.695
10.7491
10.7331
10.6931
10.884
10.7081
10.7269
10.7079
10.7241
10.709
10.711
10.7138
10.7138
10.72
10.72
10.7479
10.731
10.7138
10.7348
10.7
10.711
10.7281
10.7172
10.766
10.7191
10.725
10.6912
10.7069
10.6859
10.71
10.704
10.6981
10.7129
10.7019
10.7141
10.7059
10.72
10.6871
10.7081
10.752
10.746
10.7429
10.7019
10.7641
10.7419
10.7031
10.7231
10.679
10.7369
10.7081
10.7191
10.711
10.736
10.7009
10.6812
10.9019
10.7632
10.751
10.7341
10.746
10.9129
10.715
10.705
10.7231
10.73
10.689
10.7212
10.6769
10.7319
10.694
10.7031
10.726
10.7501
10.721
10.726
10.7331
10.7069
10.7219
10.7222
10.7391
10.711
10.716
10.679
10.73
10.741
10.7141
10.704
10.7279
10.7269
10.71
10.746
10.7529
10.721
10.7219
10.757
10.741
10.741
10.7281
10.7441
10.704
10.6981
10.7439
10.7169
10.7272
10.709
10.72
10.73
10.6978
10.7191
10.7381
10.6931
10.6959
10.731
10.6969
10.7441
10.7381
10.756
10.71
10.746
10.7369
10.7281
10.7131
10.6909
10.7069
10.73
10.7522
10.6919
10.7539
10.7372
10.746
10.7212
10.726
10.7331
10.7591
10.7
10.689
10.7219
10.715
10.886
10.9179
10.7021
10.704
10.7331
10.7291
10.7269
10.7181
10.699
10.689
10.736
10.721
10.7388
10.7238
10.7181
10.745
10.7081
10.6821
10.741
10.896
10.715
10.7431
10.7341
10.6969
10.695
10.7191
10.7009
10.7141
10.7021
10.7369
10.7141
10.741
10.7231
10.7169
10.7429
10.6812
10.752
10.7131
10.7
10.7369
10.7429
10.7038
10.711
10.7169
10.7188
10.7379
10.725
10.71
10.7501
10.7329
10.7019
10.7179
10.726
10.7181
10.7
10.6959
10.7038
10.7749
10.8571
10.8171
10.7021
10.7391
10.736
10.7541
10.7009
10.7219
10.74
10.695
10.6981
10.74
10.747
10.7369
10.705
10.7372
10.7338
10.7188
10.7088
10.7419
10.7291
10.7391
10.761
10.731
10.6871
10.699
10.746
10.7222
10.69
10.6871
10.7181
10.7219
10.7291
10.7369
10.721
10.705
10.72
10.7119
10.731
10.7319
10.685
10.7288
10.7288
10.7198
10.7188
10.7059
10.735
10.7419
10.7231
10.7319
10.7188
10.705
10.7219
10.7172
10.751
10.7081
10.71
10.7172
10.741
10.6909
10.7129
10.6978
10.7138
10.7369
10.726
10.72
10.741
10.71
10.752
10.7381
10.89
10.715
10.7422
10.6978
10.725
10.72
10.7508
10.705
10.7031
10.9069
10.726
10.7009
10.709
10.7198
10.711
10.7272
10.735
10.7338
10.7329
10.7191
10.7539
10.7012
10.7479
10.7188
10.746
10.731
10.7141
10.726
10.7229
10.7429
10.7191
10.7009
10.7329
10.736
10.735
10.7169
10.7129
10.741
10.7598
10.7572
10.695
10.9241
10.7501
10.715
10.7291
10.731
10.726
10.715
10.7379
10.73
10.7031
10.711
10.7019
10.7191
10.7191
10.699
10.7162
10.721
10.7281
10.709
10.7441
10.6971
10.736
10.705
10.709
10.71
10.7279
10.7179
10.6862
10.7
10.7212
10.731
10.725
10.7419
10.7231
10.7169
10.7338
10.69
10.7331
10.7229
10.711
10.7191
10.7629
10.716
10.705
10.7219
10.7238
10.7138
10.705
10.6909
10.699
10.715
10.7281
10.726
10.705
10.6859
10.7231
10.756
10.726
10.7069
10.6862
10.7241
10.7071
10.725
10.751
10.7012
10.721
10.7272
10.9391
10.7219
10.905
10.762
10.736
10.7241
10.7441
10.7069
10.7439
10.7341
10.704
10.7431
10.7501
10.725
10.7219
10.7162
10.7329
10.7372
10.709
10.7
10.7088
10.74
10.762
10.6931
10.7291
10.735
10.7319
10.7269
10.7381
10.7369
10.731
10.7319
10.73
10.715
10.694
10.6931
10.7129
10.7331
10.699
10.7391
10.721
10.7391
10.725
10.7241
10.7272
10.7319
10.7288
10.7138
10.7279
10.7121
10.721
10.695
10.715
10.716
10.69
10.7269
10.735
10.726
10.741
10.726
10.7329
10.731
10.7298
10.731
10.7069
10.6819
10.735
10.7038
10.7188
10.711
10.705
10.7141
10.7028
10.921
10.7169
10.721
10.7279
10.726
10.7369
10.72
10.7191
10.74
10.7379
10.905
10.699
10.7248
10.7348
10.7291
10.7
10.725
10.7031
10.72
10.7121
10.69
10.7241
10.7
10.7069
10.7172
10.71
10.7162
10.7131
10.7079
10.7059
10.7579
10.7059
10.7191
10.7591
10.9019
10.7291
10.705
10.7272
10.725
10.72
10.726
10.7179
10.685
10.6931
10.7319
10.71
10.7138
10.721
10.7141
10.6959
10.7138
10.7388
10.7269
10.7141
10.735
10.6881
10.7121
10.6931
10.7391
10.7441
10.736
10.726
10.7019
10.715
10.7331
10.709
10.699
10.709
10.7279
10.7031
10.7312
10.72
10.7031
10.725
10.7131
10.73
10.709
10.911
10.7319
10.7131
10.705
10.745
10.7088
10.7419
10.71
10.711
10.6969
10.7479
10.715
10.7288
10.7248
10.715
10.709
10.7069
10.7019
10.709
10.7422
10.735
10.7119
10.705
10.725
10.731
10.7121
10.9138
10.6981
10.709
10.745
10.7141
10.7009
10.747
10.7319
10.709
10.7369
10.705
10.711
10.7331
10.7
10.7341
10.7172
10.725
10.7131
10.911
10.679
10.6888
10.7388
10.7431
10.7479
10.741
10.7419
10.7212
10.7141
10.7119
10.7319
10.7269
10.8979
10.695
10.7119
10.7131
10.7012
10.6931
10.735
10.6909
10.7362
10.7188
10.704
10.7031
10.7419
10.735
10.7071
10.752
10.7069
10.709
10.715
10.7331
10.7591
10.7009
10.7529
10.709
10.736
10.689
10.7188
10.711
10.699
10.7431
10.731
10.6752
10.711
10.715
10.7188
10.7291
10.7079
10.7219
10.73
