9.969
4.36211
4.35901
4.33183
4.34303
4.33993
4.34995
4.33588
4.35114
4.34303
4.33612
4.33898
4.354
4.3478
4.33898
4.34899
4.3478
4.34184
4.34804
4.34494
4.3571
4.33207
4.35805
4.32706
4.33898
4.34589
4.33493
4.33612
4.32897
4.33111
4.33207
4.34089
4.34208
4.34613
4.33397
4.34494
4.35901
4.35519
4.33397
4.34399
4.35615
4.34589
4.34089
4.251
3.14593
3.13807
3.14593
3.14403
3.13687
3.14403
3.14188
3.14498
3.13687
3.10802
3.09777
3.09587
3.09992
3.10278
3.10493
3.0992
3.10397
3.0992
3.10898
3.10111
3.09706
3.0911
3.0961
3.09587
3.09205
3.09491
3.0899
3.088
3.09396
3.10302
3.09801
3.0961
3.08704
3.0942
3.093
3.08609
3.08704
3.09396
3.09181
3.0849
3.09682
3.09491
3.10087
3.09205
3.09014
3.0899
3.09706
3.09396
3.09896
3.09014
3.08585
3.09682
3.0899
3.09205
3.09014
3.09587
3.08704
3.0961
3.08394
3.0911
3.09014
3.08609
3.0899
3.08895
3.09014
3.0911
3.09014
3.09491
3.08394
3.09396
3.0961
3.093
3.0849
3.08919
3.10111
3.09396
3.093
3.08704
3.09181
3.10898
3.10516
3.0911
3.093
3.08895
3.09491
3.09396
3.0911
3.08895
3.09014
3.093
3.088
3.09396
3.08585
3.09801
3.08895
3.09515
3.08895
3.08418
3.088
3.088
3.088
3.08585
3.10397
3.08895
3.09086
3.08585
3.093
3.0911
3.088
3.088
3.09491
3.08299
3.08585
3.09706
3.08704
3.10111
3.0899
3.088
3.09086
3.0899
3.09706
3.09706
3.088
3.088
3.093
3.0911
3.08704
3.0911
3.088
3.08919
3.08585
3.093
3.09086
3.0849
3.09896
3.09896
3.0942
3.0899
3.093
3.0911
3.0899
3.09086
3.09086
3.093
3.0899
3.08704
3.09086
3.088
3.0961
3.09396
3.08895
3.09014
3.093
3.088
3.09491
3.08895
3.09992
3.0911
3.093
3.088
3.0961
3.09086
3.08299
3.09896
3.09014
3.0911
3.0849
3.09086
3.08895
3.0911
3.09205
3.0911
3.0961
3.093
3.088
3.0961
3.0911
3.09086
3.09205
3.08895
3.088
3.0899
3.09086
3.09801
3.09587
3.09205
3.0849
3.09992
3.09396
3.09205
3.088
3.088
3.08704
3.0899
3.09086
3.093
3.09086
3.09086
3.09205
3.09396
3.08585
3.08704
3.093
3.08704
3.0961
3.09205
3.0849
3.10087
3.088
3.0961
3.093
3.09014
3.08704
3.0961
3.09014
3.088
3.09801
3.0899
3.09396
3.0899
3.09491
3.08681
3.0899
3.09491
3.0961
3.09014
3.10302
3.088
3.09396
3.093
3.093
3.08514
3.08704
3.093
3.09682
3.09396
3.10111
3.088
3.0899
3.08704
3.09396
3.08704
3.08299
3.09205
3.09706
3.088
3.093
3.09587
3.09014
3.09896
3.0899
3.09014
3.088
3.09896
3.08585
3.09777
3.08585
3.09181
3.09396
3.08609
3.08609
3.09205
3.08895
3.08895
3.08514
3.10087
3.088
3.0899
3.08585
3.0899
3.08919
3.09396
3.09205
3.0942
3.08704
3.09205
3.0899
3.09205
3.08895
3.08895
3.09896
3.09205
3.0942
3.088
3.09992
3.09396
3.08919
3.09205
3.0911
3.093
3.10993
3.11112
3.10683
3.10493
3.11494
3.11303
3.10898
3.10802
3.11303
3.10707
3.11208
3.10206
3.12018
3.12304
3.12901
3.12209
3.12304
3.12805
3.124
3.12495
3.124
3.12591
3.12281
3.12901
3.12495
3.124
3.12591
3.12209
3.1271
3.12614
3.11613
3.12901
3.124
3.1271
3.12805
3.12209
3.13401
3.13187
3.12304
3.13091
3.13807
3.12209
3.12519
3.12304
3.12304
3.10802
3.11995
3.12901
3.11708
3.11208
3.10397
3.10898
3.10993
3.10779
3.11208
3.11303
3.11089
3.10707
3.10588
3.11208
3.11613
3.11589
3.11589
3.11995
3.10707
3.10111
3.10111
3.09801
3.11184
3.09801
3.09801
3.10493
3.10183
3.10087
3.09896
3.10111
3.10087
3.10397
3.10993
3.09801
3.09896
3.10111
3.10397
3.10278
3.10302
3.09706
3.10087
3.09682
3.10993
3.09801
3.10802
3.09086
3.0961
3.09205
3.0961
3.09706
3.09515
3.0849
3.08585
3.08299
3.09491
3.088
3.09992
3.093
3.08609
3.08919
3.09205
3.09014
3.08704
3.0899
3.09706
3.088
3.09396
3.093
3.093
3.088
3.093
3.08681
3.09992
3.09014
3.10493
3.09682
3.09682
3.09205
3.09396
3.09587
3.09515
3.093
3.09706
3.10206
3.09515
3.09896
3.09515
3.09896
3.093
3.09896
3.09396
3.09801
3.09896
3.09992
3.10206
3.0961
3.09992
3.09992
3.10397
3.09396
3.10016
3.09491
3.09896
3.10111
3.093
3.088
3.09086
3.09086
3.09205
3.09706
3.0899
3.093
3.0961
3.0911
3.09491
3.0961
3.08514
3.09205
3.08895
3.09491
3.09205
3.09205
3.09896
3.09587
3.09801
3.09706
3.0942
3.0961
3.10588
3.09491
3.09682
3.0849
3.088
3.09205
3.088
3.09014
3.0911
3.08919
3.088
3.0899
3.0899
3.09515
3.08895
3.093
3.09205
3.09801
3.10302
3.09014
3.09396
3.09491
3.088
3.08919
3.09396
3.088
3.08704
3.09205
3.0899
3.09205
3.09086
3.088
3.09491
3.09014
3.09587
3.09205
3.08204
3.088
3.09086
3.093
3.088
3.0911
3.08895
3.09587
3.0992
3.088
3.09014
3.093
3.09896
3.093
3.09706
3.09205
3.088
3.09515
3.0899
3.08895
3.09086
3.0899
3.09205
3.09491
3.088
3.093
3.0961
3.09205
3.09205
3.09396
3.10397
3.0899
3.0911
3.09205
3.093
3.09777
3.08681
3.09205
3.09491
3.09682
3.09587
3.0911
3.0911
3.0961
3.09491
3.09706
3.0911
3.0942
3.10397
3.0911
3.0899
3.09205
3.09491
3.09086
3.09491
3.093
3.09181
3.0849
3.0942
3.09396
3.09682
3.09396
3.088
3.0961
3.093
3.09515
3.093
3.09706
3.093
3.08895
3.08704
3.08919
3.0899
3.09181
3.0899
3.0849
3.088
3.10111
3.08919
3.088
3.0911
3.08895
3.09706
3.09491
3.11112
3.10302
3.10111
3.10612
3.10588
3.10302
3.10397
3.10707
3.11017
3.11995
3.09801
3.10302
3.09801
3.10302
3.09992
3.09515
3.10302
3.09706
3.09801
3.09587
3.10087
3.09992
3.10397
3.10183
3.10183
3.10421
3.09801
3.10111
3.10302
3.10588
3.10302
3.11208
3.10707
3.11685
3.11899
3.10588
3.10898
3.11804
3.10516
3.11708
3.11089
3.11494
3.11112
3.11089
3.10922
3.11804
3.11804
3.10707
3.11708
3.11613
3.11899
3.11708
3.11399
3.11685
3.12185
3.11685
3.1178
3.11303
3.11589
3.10802
3.10993
3.10898
3.11995
3.12996
3.11303
3.11899
3.11399
3.11494
3.10493
3.11279
3.1209
3.11518
3.11089
3.11804
3.11208
3.11303
3.10397
3.10707
3.10802
3.10707
3.12018
3.11089
3.10898
3.11494
3.11303
3.10993
3.12304
3.11303
3.11804
3.11399
3.11303
3.11589
3.10802
3.11089
3.10683
3.11184
3.10993
3.10612
3.11589
3.11184
3.11017
3.11399
3.11804
3.10707
3.10898
3.10397
3.11279
3.11589
3.11708
3.10302
3.10516
3.09801
3.10612
3.0961
3.09587
3.10206
3.10302
3.09801
3.10206
3.09801
3.10302
3.10493
3.10588
3.11303
3.10612
3.0992
3.10802
3.09801
3.10206
3.10016
3.10087
3.10993
3.10302
3.11708
3.11017
3.09801
3.08514
3.08895
3.08681
3.08895
3.093
3.0961
3.09014
3.093
3.09205
3.09086
3.0942
3.09706
3.09587
3.09205
3.10397
3.10016
3.09396
3.09896
3.10397
3.09801
3.09682
3.09682
3.09587
3.10111
3.0961
3.10206
3.09396
3.08895
3.0961
3.09396
3.10707
3.10612
3.09396
3.09205
3.09801
3.09491
3.09896
3.09396
3.0992
3.09491
3.09396
3.0961
3.0899
3.093
3.09706
3.09491
3.088
3.09491
3.09396
3.09205
3.0899
3.093
3.0911
3.09396
3.08514
3.088
3.09014
3.0911
3.08704
3.0899
3.0899
3.09014
3.0911
3.093
3.09205
3.09014
3.09706
3.0899
3.09396
3.09992
3.09086
3.09587
3.09801
3.09992
3.09396
3.09396
3.09515
3.09396
3.0942
3.09205
3.09587
3.088
3.088
3.088
3.10087
3.09086
3.08895
3.093
3.09014
3.093
3.0942
3.093
3.088
3.09491
3.09801
3.088
3.10493
3.09014
3.088
3.09014
3.09801
3.09205
3.09014
3.09396
3.088
3.09801
3.08895
3.0899
3.0899
3.088
3.088
3.09396
3.10111
3.09801
3.09896
3.09205
3.09706
3.09491
3.08895
3.09706
3.08609
3.09396
3.09396
3.088
3.09515
3.09396
3.0961
3.08704
3.08919
3.093
3.08514
3.08609
3.09396
3.08919
3.0899
3.08704
3.08704
3.09801
3.09706
3.0942
3.08895
3.10111
3.0911
3.08704
3.0899
3.09086
3.09396
3.0911
3.09801
3.093
3.093
3.088
3.0911
3.09396
3.09205
3.09205
3.09205
3.09396
3.09086
3.08681
3.0899
3.09205
3.08418
3.08204
3.09801
3.10802
3.09181
3.08895
3.09014
3.0911
3.08895
3.0911
3.088
3.0911
3.09896
3.088
3.09396
3.09801
3.09801
3.10087
3.10397
3.09801
3.10016
3.10087
3.10397
3.10397
3.10612
3.09396
3.09491
3.10516
3.09896
3.09992
3.10206
3.10683
3.10206
3.10993
3.10397
3.09801
3.09801
3.09706
3.09992
3.10206
3.10302
3.10397
3.10087
3.10898
3.09491
3.10397
3.09896
3.10397
3.09706
3.09801
3.10206
3.09706
3.10111
3.10993
3.12018
3.10898
3.12018
3.11184
3.1209
3.11208
3.10898
3.11399
3.10993
3.10802
3.11589
3.11017
3.11089
3.11589
3.11017
3.11399
3.11184
3.11518
3.11494
3.10922
