18.826
10.8161
10.8111
10.8099
10.8209
10.8068
10.777
10.834
10.803
10.8149
10.8192
10.7839
10.8111
10.812
10.7992
10.8271
10.8049
10.813
10.8209
10.8318
10.8149
10.8242
10.792
10.783
10.8061
10.7901
10.8202
10.8349
10.8101
10.7901
10.7889
10.8099
10.8001
10.8261
10.813
10.8328
10.8209
10.8409
10.834
10.8209
10.7992
10.8049
10.8111
10.8352
10.8149
10.7961
10.8271
10.844
10.854
10.777
10.8039
10.823
10.86
10.834
10.8199
10.7992
10.8061
10.783
10.818
10.8318
10.8211
10.8261
10.8209
10.839
10.8211
10.8211
10.8149
10.8452
10.8039
10.8302
10.8049
10.828
10.807
10.829
10.7841
10.813
10.8111
10.8221
10.818
10.8409
10.8039
10.8192
10.812
10.778
10.807
10.7951
10.814
10.8109
10.792
10.7939
10.8101
10.8161
10.8089
10.802
10.8118
10.8409
10.8461
10.818
10.797
10.819
10.7908
10.8268
10.8161
10.8261
10.8171
10.7789
10.8471
10.7961
10.8299
10.8099
10.838
10.8471
10.834
10.8459
10.7992
10.792
10.7989
10.8039
10.8099
10.814
10.8161
10.8349
10.771
10.819
10.8349
10.834
10.814
10.8171
10.8321
10.7989
10.8271
10.7989
10.8211
10.7989
10.8161
10.8521
10.8361
10.793
10.8001
10.8111
10.818
10.829
10.8159
10.8061
10.7851
10.7961
10.787
10.8361
10.807
10.833
10.8042
10.807
10.813
10.7918
10.814
10.828
10.818
10.814
10.8261
10.7999
10.818
10.8068
10.7999
10.828
10.8292
10.8299
10.8118
10.8149
10.7801
10.844
10.7791
10.8349
10.829
10.8271
10.7949
10.8218
10.838
10.8318
10.8418
10.823
10.8171
10.8109
10.7949
10.812
10.807
10.8051
10.8321
10.829
10.8299
10.8252
10.8249
10.823
10.8099
10.7999
10.8161
10.8271
10.783
10.8342
10.807
10.812
10.8271
10.8001
10.8171
10.797
10.8271
10.8151
10.8221
10.802
10.783
10.8089
10.8309
10.7958
10.839
10.8261
10.7999
10.844
10.8299
10.8311
10.843
10.788
10.772
10.824
10.807
10.8199
10.8221
10.8309
10.814
10.8051
10.808
10.823
10.8042
10.814
10.8111
10.843
10.8371
10.8111
10.8399
10.813
10.8109
10.803
10.8161
10.8459
10.8199
10.8311
10.8099
10.833
10.828
10.787
10.7849
10.818
10.7889
10.8168
10.819
10.8042
10.8221
10.823
10.8109
10.8159
10.8039
10.8321
10.8452
10.8049
10.834
10.8111
10.797
10.7789
10.8221
10.834
10.8318
10.8259
10.8039
10.8202
10.8349
10.7679
10.8061
10.8199
10.814
10.813
10.8449
10.8299
10.8209
10.802
10.814
10.8211
10.8049
10.818
10.8111
10.813
10.803
10.7958
10.802
10.819
10.7949
10.8011
10.7992
10.813
10.8161
10.823
10.8149
10.8359
10.8221
10.7799
10.8168
10.8161
10.814
10.814
10.818
10.8168
10.7849
10.7961
10.8311
10.797
10.7942
10.8259
10.797
10.818
10.7882
10.808
10.8039
10.812
10.814
10.823
10.8259
10.8168
10.8089
10.843
10.7672
10.829
10.8161
10.818
10.8211
10.829
10.8151
10.8089
10.8061
10.8221
10.8311
10.828
10.7992
10.839
10.814
10.7899
10.8509
10.788
10.8209
10.8311
10.819
10.8089
10.819
10.828
10.7849
10.8068
10.814
10.7911
10.828
10.8101
10.834
10.7951
10.8361
10.8261
10.8149
10.8311
10.7951
10.7989
10.8159
10.814
10.8199
10.8302
10.813
10.8118
10.8268
10.8209
10.8252
10.793
10.8221
10.814
10.813
10.8001
10.818
10.8192
10.833
10.7911
10.8211
10.7849
10.8168
10.8159
10.8328
10.828
10.838
10.828
10.844
10.8221
10.8261
10.8221
10.8371
10.8011
10.7839
10.781
10.8008
10.8089
10.8142
10.8321
10.8111
10.7911
10.8051
10.7849
10.7989
10.813
10.8101
10.833
10.8068
10.7949
10.8011
10.8168
10.793
10.8049
10.7939
10.762
10.8371
10.8111
10.8089
10.813
10.8249
10.8142
10.812
10.8209
10.8349
10.818
10.814
10.7939
10.7958
10.819
10.838
10.7939
10.8161
10.814
10.819
10.8469
10.787
10.8101
10.8211
10.833
10.828
10.8089
10.8249
10.813
10.8202
10.8261
10.833
10.8008
10.798
10.829
10.807
10.813
10.788
10.807
10.8371
10.813
10.8349
10.8161
10.8001
10.823
10.8032
10.7999
10.819
10.8349
10.814
10.8171
10.8111
10.8202
10.8039
10.828
10.814
10.8278
10.8011
10.824
10.8302
10.8171
10.812
10.834
10.8399
10.834
10.7951
10.8249
10.8318
10.8171
10.777
10.8252
10.7851
10.803
10.802
10.8111
10.8061
10.8099
10.8089
10.797
10.7939
10.839
10.8039
10.814
10.839
10.788
10.8271
10.812
10.8399
10.8089
10.8111
10.8171
10.777
10.7861
10.818
10.7992
10.8509
10.803
10.8199
10.829
10.8531
10.839
10.8199
10.813
10.8159
10.8171
10.819
10.8421
10.8259
10.798
10.798
10.8018
10.8199
10.813
10.807
10.803
10.828
10.8142
10.8249
10.829
10.828
10.7961
10.7951
10.8051
10.8159
10.792
10.8209
10.834
10.8202
10.814
10.7908
10.85
10.8352
10.803
10.819
10.818
10.7989
10.7892
10.818
10.797
10.787
10.7839
10.8111
10.8218
10.8221
10.8192
10.8171
10.7839
10.8039
10.8371
10.8271
10.8061
10.8271
10.823
10.8199
10.8359
10.8051
10.814
10.813
10.824
10.8032
10.834
10.843
10.823
10.8321
10.7911
10.8001
10.8321
10.843
10.807
10.829
10.8199
10.8202
10.8149
10.8099
10.8421
10.8252
10.792
10.7751
10.8581
10.828
10.798
10.8268
10.8342
10.8268
10.8149
10.823
10.819
10.8409
10.8249
10.8039
10.812
10.798
10.8142
10.802
10.818
10.818
10.812
10.814
10.8011
10.834
10.8171
10.8142
10.823
10.8089
10.7939
10.823
10.8011
10.823
10.8342
10.8271
10.8399
10.8171
10.8392
10.7989
10.813
10.7889
10.8278
10.829
10.797
10.823
10.803
10.8051
10.8221
10.8111
10.807
10.8249
10.7858
10.824
10.848
10.8249
10.803
10.8049
10.8418
10.8001
10.808
10.8361
10.8111
10.793
10.8042
10.802
10.8509
10.8039
10.838
10.814
10.8149
10.8459
10.8171
10.829
10.812
10.7851
10.8299
10.8161
10.8211
10.8161
10.8049
10.8302
10.807
10.8311
10.8049
10.808
10.823
10.8309
10.8192
10.8109
10.829
10.7939
10.808
10.8149
10.823
10.8061
10.8161
10.788
10.8111
10.813
10.8378
10.8199
10.8311
10.814
10.8101
10.802
10.803
10.818
10.8058
10.7989
10.8051
10.808
10.8111
10.8049
10.8309
10.8061
10.7961
10.8271
10.793
10.8159
10.8149
10.807
10.8161
10.819
10.823
10.819
10.8151
10.7992
10.818
10.819
10.7989
10.8349
10.824
10.8321
10.843
10.8211
10.8199
10.8008
10.8311
10.8171
10.8321
10.8089
10.824
10.829
10.7992
10.8318
10.797
10.797
10.802
10.8221
10.818
10.8202
10.8199
10.8049
10.8192
10.838
10.8039
10.808
10.8221
10.787
10.8039
10.8261
10.8261
10.813
10.823
10.8092
10.8221
10.8211
10.8011
10.824
10.8309
10.7961
10.8411
10.812
10.7942
10.8049
10.8349
10.7982
10.8218
10.8268
10.7949
10.834
10.783
10.807
10.792
10.8361
10.8161
10.7958
10.824
10.8149
10.8368
10.8309
10.8051
10.8202
10.8039
10.8509
10.8278
10.859
10.8211
10.8011
10.8202
10.86
10.787
10.8089
10.803
10.813
10.7989
10.8202
10.8089
10.802
10.8151
10.828
10.8352
10.818
10.8202
10.8409
10.824
10.808
10.8171
10.8008
10.7982
10.8159
10.8161
10.797
10.823
10.7908
10.8168
10.8171
10.8368
10.824
10.8171
10.813
10.8161
10.829
10.8302
10.8149
10.828
10.814
10.8261
10.8271
10.8261
10.812
10.8039
10.8428
10.839
10.8299
10.8092
10.8209
10.8168
10.8142
10.812
10.807
10.8101
10.808
10.808
10.8192
10.793
10.8151
10.828
10.823
10.8259
10.8092
10.8011
10.8109
10.7908
10.7999
10.8151
10.8249
10.8311
10.8111
10.8049
10.8199
10.8292
10.828
10.7951
10.8259
10.8478
10.8049
10.8168
10.8149
10.823
10.8068
10.8209
10.8039
10.8449
10.8092
10.8159
10.787
10.814
10.8151
10.8011
10.7999
10.8109
10.7901
10.8502
10.8159
10.8149
10.833
10.8018
10.797
10.8418
10.8109
10.8051
10.824
10.8109
10.8142
10.829
10.829
10.808
10.834
10.8202
10.8211
10.793
10.8249
10.8221
10.8292
10.848
10.823
10.807
10.8061
10.8171
10.8361
10.8202
10.8259
10.8089
10.8202
10.8061
10.8221
10.8101
10.823
10.8001
10.819
10.8151
10.8111
10.813
10.823
10.8142
10.7911
10.8039
10.802
10.8118
10.8199
10.797
10.824
10.8061
10.839
10.8039
10.8068
10.8099
10.813
10.8318
10.8249
10.838
10.8202
10.771
10.838
10.8249
10.8168
10.8199
10.8151
10.824
10.8099
10.8171
10.8211
10.8471
10.838
10.8411
10.7999
10.8149
10.7982
10.807
10.808
10.8421
10.8089
10.8242
10.8099
10.824
10.8261
10.814
10.8218
10.818
10.8149
10.8352
10.7939
10.8199
10.8171
10.8171
10.8271
10.798
10.8349
10.812
10.8101
10.797
10.8111
10.8101
10.834
10.8221
10.8292
10.8349
10.8149
10.8192
10.824
10.814
10.8428
10.8109
10.823
10.824
10.819
10.807
