7.39884
7.15899
7.15518
7.15709
7.15399
7.17211
7.15804
7.14993
7.17187
7.15804
7.14517
7.15113
7.15804
7.15613
7.15494
7.15995
7.14087
7.15208
7.15208
7.15399
7.14397
7.14898
7.15494
7.1559
7.15613
7.14898
7.16209
7.15995
7.15804
7.15089
7.15089
7.14993
7.1559
7.15399
7.1609
7.164
7.14803
7.14612
7.15208
7.14803
7.14898
7.15804
7.15208
7.14493
7.14993
7.15494
7.15899
7.15899
7.14898
7.15399
7.14207
7.15899
7.164
7.14803
7.16209
7.14803
7.15494
7.15399
7.15494
7.14493
7.16591
7.16496
7.16209
7.15089
7.15089
7.15494
7.15804
7.15208
7.16901
7.14493
7.15518
7.16186
7.15899
7.15303
7.14803
7.15494
7.14993
7.14707
7.16186
7.15995
7.14803
7.15089
7.15399
7.15899
7.16019
7.15709
7.15494
7.16209
7.15518
7.15208
7.15899
7.15995
7.14898
7.14493
7.15303
7.14993
7.16496
7.15995
7.15899
7.1578
7.15709
7.15804
7.14803
7.15613
7.16496
7.15089
7.14684
7.16186
7.14898
7.15208
7.15113
7.15995
7.15899
7.14803
7.14803
7.15685
7.14397
7.15303
7.164
7.14803
7.14684
7.14898
7.16496
7.15899
7.15303
7.15899
7.16186
7.16519
7.15709
7.15399
7.15399
7.15399
7.15709
7.16496
7.16496
7.15208
7.14898
7.16186
7.16209
7.15208
7.15494
7.15303
7.15113
7.15017
7.14898
7.1578
7.15494
7.17783
7.14087
7.15804
7.16019
7.16901
7.15089
7.16591
7.15399
7.14302
7.14302
7.14803
7.14803
7.16805
7.15113
7.15399
7.14588
7.14588
7.15995
7.15709
7.15494
7.14302
7.14993
7.16615
7.15017
7.15613
7.16305
7.15899
7.14898
7.14707
7.15685
7.14898
7.14993
7.15184
7.16496
7.14111
7.15899
7.15089
7.14898
7.15995
7.15899
7.16305
7.15399
7.14707
7.15208
7.15399
7.16186
7.1559
7.15303
7.15709
7.15709
7.15303
7.1559
7.15399
7.15995
7.15208
7.15518
7.15899
7.15089
7.15899
7.01189
7.15208
7.15303
7.15089
7.13491
7.16281
7.15518
7.16901
7.15399
7.14898
7.14803
7.14707
7.17592
7.15303
7.15613
7.15399
7.16305
7.15613
7.15899
7.15709
7.14612
7.1559
7.15613
7.14898
7.14993
7.17497
7.14898
7.15613
7.15399
7.14922
7.15709
7.14684
7.15494
7.14016
7.15303
7.15613
7.15303
7.15303
7.14707
7.16782
7.15208
7.14397
7.15613
7.16114
7.16305
7.16209
7.15113
7.14207
7.14779
7.15613
7.15709
7.15995
7.16496
7.1578
7.1559
7.15208
7.15685
7.14898
7.15995
7.15113
7.14397
7.16186
7.15113
7.1559
7.15113
7.15208
7.15399
7.14803
7.15184
7.15399
7.15709
7.15899
7.15208
7.15113
7.14993
7.14993
7.14707
7.1609
7.14898
7.14588
7.16186
7.14684
7.15709
7.15399
7.17306
7.14803
7.17998
7.16496
7.15494
7.15494
7.14922
7.15184
7.14993
7.15399
7.15518
7.15399
7.15613
7.16114
7.17688
7.1609
7.14898
7.15709
7.15709
7.15709
7.15208
7.15399
7.15804
7.15494
7.15017
7.1609
7.15613
7.15709
7.16209
7.15303
7.15709
7.15303
7.15685
7.15399
7.15399
7.15303
7.14397
7.164
7.15113
7.16686
7.15613
7.16519
7.15613
7.15494
7.1528
7.14707
7.15208
7.14302
7.14993
7.16305
7.14612
7.14803
7.1559
7.16114
7.15399
7.15208
7.14803
7.16901
7.1609
7.15017
7.15804
7.15995
7.16615
7.15184
7.15303
7.14684
7.164
7.16209
7.16996
7.15399
7.15089
7.14493
7.16782
7.15303
7.15804
7.14779
7.14803
7.14183
7.14993
7.1528
7.17211
7.14803
7.14493
7.15494
7.14993
7.14803
7.14087
7.14397
7.15208
7.1609
7.15089
7.14302
7.15899
7.17998
7.15995
7.15804
7.15208
7.16496
7.1528
7.15995
7.16805
7.15208
7.15494
7.17092
7.15995
7.16305
7.16019
7.16305
7.14588
7.15685
7.15303
7.14707
7.15518
7.15685
7.16209
7.15303
7.16686
7.14993
7.16805
7.15184
7.15804
7.15613
7.164
7.164
7.15899
7.14803
7.15899
7.14397
7.14517
7.15899
7.16186
7.15995
7.15709
7.15899
7.14803
7.15494
7.15709
7.14707
7.15518
7.14707
7.14707
7.164
7.15709
7.16901
7.16996
7.1528
7.15184
7.17282
7.15995
7.15995
7.15709
7.15399
7.14707
7.15184
7.16281
7.15804
7.16901
7.15399
7.15184
7.15399
7.14397
7.15399
7.15685
7.1559
7.16209
7.16901
7.16209
7.14707
7.14707
7.14803
7.1609
7.14517
7.14707
7.15494
7.15709
7.15494
7.17187
7.1528
7.14612
7.15518
7.15399
7.15899
7.15113
7.15995
7.15399
7.14803
7.16114
7.15899
7.15613
7.15303
7.16305
7.14993
7.15303
7.16019
7.1528
7.15899
7.16209
7.14922
7.15709
7.164
7.15709
7.14397
7.15399
7.15303
7.16019
7.15399
7.15709
7.15899
7.16209
7.15804
