37.8759
28.667
28.9841
29.4418
29.3808
29.057
29.0749
29.125
29.2342
29.114
29.2561
29.1221
29.4011
29.4101
29.3119
29.5029
29.3751
29.3081
29.0091
29.269
29.078
29.485
29.3891
29.511
29.4101
29.3109
29.134
29.304
29.1579
29.35
29.5889
29.4611
29.438
29.423
29.3899
29.4869
29.3782
29.4161
29.2749
29.2869
29.1109
29.2661
29.1891
29.377
29.289
29.2928
29.4619
29.443
29.3992
29.1541
29.2161
29.222
29.4859
29.4199
29.4209
29.382
29.1471
29.309
29.372
29.4142
29.3241
29.4399
29.15
29.4302
29.3171
29.4459
29.3338
29.4669
29.5162
29.4669
29.4619
29.2799
29.263
29.212
29.429
29.4778
29.4731
29.3589
29.139
29.4418
29.2361
29.417
29.1469
29.4919
29.212
29.494
29.52
29.4621
29.4411
29.4161
29.439
29.3291
29.1421
29.1829
29.4979
29.176
29.408
29.4242
29.51
29.515
29.4251
29.3012
29.192
29.242
29.1691
29.448
29.284
29.4759
29.5219
29.5308
29.4309
29.3941
29.4621
29.2931
29.1371
29.146
29.2649
29.4421
29.712
29.495
29.4552
29.5131
29.4409
29.2811
29.321
29.4652
29.2399
29.4611
29.3441
29.3131
29.412
29.403
29.4011
29.4571
29.49
29.1212
29.0959
29.248
29.4459
29.294
29.4161
29.4421
29.7041
29.484
29.422
29.407
29.2211
29.453
29.2931
29.2811
29.3961
29.541
29.3291
29.2771
29.47
29.4399
29.412
29.2079
29.2552
29.3701
29.4271
29.3071
29.4569
29.428
29.628
29.52
29.4061
29.542
29.1321
29.146
29.151
29.444
29.2852
29.4158
29.4459
29.6121
29.5539
29.541
29.485
29.351
29.1171
29.3121
29.443
29.32
29.4352
29.3961
29.3109
29.424
29.4311
29.3059
29.3448
29.4869
29.2828
29.4149
29.1932
29.453
29.4762
29.587
29.6929
29.4211
29.3951
29.1979
29.449
29.1979
29.485
29.2079
29.4411
29.2079
29.6001
29.484
29.4662
29.4299
29.351
29.424
29.1719
29.417
29.1612
29.4189
29.4118
29.2909
29.423
29.408
29.4609
29.211
29.2959
29.197
29.346
29.3529
29.6359
29.4831
29.4139
29.4969
29.4809
29.371
29.3911
29.424
29.1781
29.299
29.3181
29.4509
29.4158
29.6478
29.4778
29.4318
29.4309
29.171
29.4499
29.3419
29.4399
29.16
29.4251
29.429
29.4712
29.4631
29.295
29.3722
29.3119
29.4561
29.2699
29.2902
29.2451
29.4111
29.6199
29.5959
29.5839
29.3911
29.4521
29.402
29.4471
29.3131
29.4559
29.269
29.4399
29.484
29.5651
29.4759
29.4809
29.547
29.5181
29.31
29.1588
29.429
29.305
29.403
29.3059
29.4988
29.4249
29.52
29.4502
29.4681
29.3779
29.3388
29.4268
29.1898
29.388
29.4032
29.6199
29.5291
29.444
29.4161
29.1901
29.4099
29.2921
29.5079
29.536
29.6741
29.5291
29.458
29.48
29.5269
29.6469
29.423
29.34
29.1731
29.4139
29.182
29.3939
29.4399
29.4871
29.5091
29.434
29.279
29.289
29.3899
29.32
29.479
29.305
29.4149
29.3992
29.6211
29.5339
29.4869
29.449
29.392
29.4709
29.2928
29.444
29.1381
29.4499
29.464
29.6459
29.6152
29.593
29.6462
29.4459
29.4271
29.3219
29.29
29.4139
29.4478
29.47
29.676
29.5072
29.3601
29.469
29.2921
29.4559
29.3
29.2721
29.3331
29.465
29.2821
29.6872
29.5088
29.4459
29.4259
29.2969
29.4251
29.1901
29.4249
29.2859
29.4321
29.495
29.6602
29.5
29.614
29.5899
29.4142
29.4449
29.3391
29.325
29.2261
29.6681
29.5658
29.4819
29.3169
29.4561
29.3579
29.4828
29.4311
29.4461
29.3241
29.1901
29.443
29.3188
29.29
29.526
29.608
29.5701
29.4499
29.5119
29.525
29.48
29.1729
29.469
29.2928
29.4199
29.444
29.6469
29.501
29.439
29.3622
29.5069
29.6621
29.4571
29.402
29.13
29.563
29.4321
29.573
29.4812
29.4511
29.4111
29.3839
29.3899
29.335
29.407
29.289
29.4681
29.4421
29.6412
29.4499
29.6252
29.5579
29.506
29.5091
29.4881
29.428
29.202
29.4611
29.345
29.2959
29.4499
29.6049
29.5448
29.691
29.5651
29.443
29.4311
29.2389
29.5799
29.423
29.4542
29.3031
29.4499
29.4271
29.5789
29.4981
29.474
29.4671
29.454
29.6211
29.4521
29.438
29.4781
29.6319
29.6209
29.8271
29.485
29.4502
29.4521
29.501
29.4759
29.407
29.434
29.444
29.438
29.475
29.6369
29.5241
29.4242
29.3219
29.5112
29.731
29.4361
29.433
29.14
29.4151
29.4878
29.4561
29.489
29.803
29.4929
29.2809
29.4261
29.4192
29.4869
29.33
29.448
29.5269
29.5949
29.4311
29.495
29.4669
29.721
29.505
29.4628
29.4199
29.465
29.3899
29.156
29.469
29.3059
29.4719
29.428
29.609
29.572
29.52
29.5291
29.422
29.4769
29.3961
29.4518
29.3641
29.537
29.5229
29.439
29.408
29.6309
29.5072
29.4421
29.614
29.5691
29.5601
29.175
29.4371
29.423
29.623
29.4762
29.6631
29.48
29.371
29.3961
29.4869
29.4371
29.4011
29.494
29.464
29.6571
29.494
29.434
29.4321
29.628
29.583
29.4201
29.418
29.485
29.613
29.4909
29.4511
29.434
29.398
29.398
29.675
29.49
29.6128
29.4859
29.5382
29.5849
29.46
29.448
29.109
29.273
29.4762
29.6581
29.505
29.4981
29.46
29.706
29.6628
29.4838
29.4008
29.3889
29.4671
29.4211
29.4251
29.4302
29.609
29.4371
29.4471
29.4471
29.4969
29.6381
29.4859
29.4571
29.1731
29.4621
29.475
29.6521
29.496
29.4549
29.4421
29.6309
29.6528
29.603
29.4249
29.139
29.4771
29.449
29.6092
29.566
29.4709
29.443
29.608
29.6359
29.6242
29.635
29.5711
29.51
29.3188
29.4859
29.5081
29.346
29.408
29.6161
29.484
29.6471
29.5229
29.4909
29.4271
29.515
29.434
29.367
29.4361
29.439
29.5842
29.496
29.4402
29.3479
29.5868
29.6948
29.6299
29.6741
29.439
29.4909
29.4888
29.408
29.4518
29.6209
29.4719
29.7902
29.675
29.578
29.609
29.629
29.485
29.381
29.4929
29.5408
29.6829
29.434
29.29
29.4461
29.6471
29.6299
29.5999
29.599
29.5489
29.3281
29.403
29.422
29.402
29.6218
29.4662
29.464
29.309
29.568
29.604
29.505
29.428
29.4662
29.484
29.4671
29.47
29.505
29.6519
29.5241
29.3939
29.315
29.567
29.556
29.6621
29.5138
29.32
29.4991
29.4969
29.7449
29.5141
29.4731
29.444
29.675
29.4781
29.4969
29.362
29.5429
29.659
29.449
29.4399
29.4182
29.6631
29.5091
29.485
29.453
29.573
29.6991
29.69
29.7301
29.5579
29.46
29.433
29.4471
29.4561
29.628
29.4111
29.3951
29.434
29.6252
29.5699
29.6459
29.578
29.566
29.6359
29.4888
29.4559
29.4271
29.433
29.4559
29.6452
29.556
29.598
29.5432
29.6199
29.4619
29.521
29.4609
29.459
29.341
29.4681
29.6118
29.53
29.6428
29.495
29.448
29.448
29.397
29.4602
29.1891
29.408
29.4521
29.6261
29.6779
29.671
29.5291
29.659
29.6321
29.4161
29.4871
29.371
29.47
29.458
29.4089
29.4271
29.7329
29.547
29.902
29.573
29.6278
29.7089
29.634
29.604
29.4511
29.4518
29.4659
29.6149
29.51
29.2931
29.408
29.6259
29.608
29.633
29.5019
29.495
29.5198
29.4418
29.4261
29.263
29.582
29.5279
29.7
29.5382
29.65
29.592
29.6259
29.567
29.516
29.4559
29.1259
29.4051
29.4271
29.6311
29.6581
29.6578
29.4979
29.5608
29.6259
29.577
29.68
29.4349
29.4428
29.4259
29.6519
29.6578
29.4809
29.4189
29.6531
29.6578
29.6609
29.5851
29.5401
29.403
29.4189
29.4189
29.465
29.8722
29.5129
29.5889
29.4771
29.624
29.525
29.65
29.649
29.5331
29.2521
29.489
29.6171
29.515
29.5141
29.4812
29.593
29.695
29.6078
29.5069
29.6052
29.6168
29.6459
29.6721
29.495
29.465
29.4778
29.66
29.5029
29.6249
29.521
29.5968
29.6168
29.577
29.659
29.644
29.6981
29.489
29.422
29.4259
29.562
29.4759
29.644
29.5579
29.6268
29.5939
29.67
29.6862
29.654
29.5379
29.4621
29.5041
29.516
29.6378
29.4969
29.6371
29.6221
29.582
29.6402
29.6021
29.681
29.3989
29.48
29.4731
29.6938
29.5038
29.4268
29.4719
29.4719
29.8882
29.613
29.618
29.5961
29.4809
29.4802
29.583
29.484
29.4251
29.489
29.6011
29.5689
29.6779
29.6419
29.6671
29.6731
29.418
29.4931
29.4011
29.568
29.5129
29.6469
29.561
29.608
29.613
29.5961
29.675
29.6311
29.4559
29.4769
29.3031
29.5162
29.46
29.8598
29.6009
29.6938
29.654
29.6478
29.546
29.4809
29.5141
29.6361
29.5708
29.547
29.6569
29.614
29.5351
29.604
29.619
29.6111
29.7229
29.4981
29.386
29.4478
29.6569
29.4771
29.6001
29.453
29.593
29.6481
29.6161
29.608
29.706
29.439
29.444
29.6071
29.4411
29.5711
29.6469
29.67
29.5811
29.5949
29.6099
29.429
29.6018
29.501
29.4771
29.4831
29.5379
29.5088
29.6462
29.655
29.736
29.6552
29.7089
29.68
29.623
29.5861
29.4621
29.2621
29.453
29.633
29.4991
29.752
29.562
29.588
29.5801
29.5939
29.6509
