28.5709
28.538
29.0449
28.991
29.0082
28.945
28.908
29.012
29.007
28.9788
29.0248
28.9941
29.0051
28.9869
28.9609
28.94
28.9729
28.9619
28.9748
29.027
29.011
29.0282
28.8651
28.99
29.0279
29.0139
28.954
29.0411
29.0461
29.0101
28.9521
29.0189
29.043
29.026
28.9171
28.9791
28.9471
28.986
28.9829
28.9819
28.9371
29.0482
28.964
29.016
28.965
28.861
29.0439
29.0251
29.0289
28.9679
28.928
29.0079
29.021
29.017
28.9862
29.0129
29.027
29.026
29.0301
28.9552
28.9941
29.0329
28.9719
28.9681
29.027
28.99
29.0041
29.0091
28.8029
28.9431
28.959
29.0079
28.99
29.212
29.1691
29.0108
29.0349
28.8789
29.0408
28.986
29.171
29.007
28.9931
28.9919
28.971
29
28.96
29.0651
28.9929
29.14
29.31
28.9571
28.9741
29.0082
29.0029
28.981
28.9791
29.093
29.1641
29.1471
28.9969
28.935
28.986
29.0301
29.012
29.1739
29.0799
28.9431
29.0351
29.053
29.0229
28.9521
29.0229
28.9919
29.1181
29.0391
29.0101
29.0248
28.9278
28.9989
28.9099
29.0792
29.146
29.0852
29.161
29.0542
28.9729
28.9578
28.9471
28.9681
29.1071
29.146
29.037
28.971
29.007
29.053
29.0639
29.1281
29.1729
29.0208
29.084
28.841
28.9459
28.944
28.9221
28.9578
29.1512
29.264
29.0191
28.976
28.9011
28.991
29.0082
29.1719
29.2161
29.1631
29.175
29.022
28.991
29.0821
29.3109
29.0458
29.1638
29.1498
29.0909
28.9638
28.9049
28.9619
29.0072
29.1619
29.0658
29.1438
29.1998
28.9302
29.022
28.8582
29.036
29
29.1491
29.1431
29.2451
28.9841
28.8441
28.9779
29.0129
29.1581
29.207
29.0799
29.0821
28.9531
28.9481
28.9462
29.17
29.0821
29.1331
29.177
29.155
28.975
28.934
28.9018
28.9669
29.0051
29.0701
29.1572
29.196
29.1269
29.2099
29.0248
28.9869
29.0661
29.161
29.062
29.0959
29.1722
29.0971
28.939
28.9531
28.9791
29.0229
29.156
29.2139
29.094
29.0771
29.0139
29.0039
29.0051
29.011
28.985
29.0899
29.2079
29.0401
28.9919
28.79
29.0251
28.97
29.0742
29.026
29.0051
28.975
28.9819
29.283
29.0189
29.295
29.0408
29.146
29.186
29.1121
29.1781
29.0301
28.94
28.9989
29.1831
29.3109
29.1462
29.2079
29.0151
29.1808
29.0608
29.043
29.012
28.9869
28.9679
29.0928
29.197
29.134
29.2029
29.0051
29.134
28.9629
29.1629
29.2938
29.0279
28.9361
28.9431
29.032
28.9769
28.9881
29.017
29.2192
29.232
29.036
29.042
29.0308
29.104
28.9879
29.1219
29.187
29.1281
29.1381
29.0101
28.985
29.0701
29.1541
28.9929
29.1748
29.2859
29.0971
28.929
28.98
29.1271
29.088
29.1688
29.0129
29.1591
29.1321
29.099
28.9431
28.959
29.048
28.9531
29.1419
29.2108
29.2718
29.0411
29.0039
28.9869
29.0489
29.1588
29.0658
29.13
29.0799
29.108
28.954
28.9071
29.0041
28.9919
29.072
29.2799
29.2509
29.1429
29.022
29.1879
29.0382
29.1109
28.9688
29.155
29.156
29.155
29.0809
29.0341
29.0241
28.985
29.1581
29.177
29.108
29.192
29.186
28.9822
28.954
29.079
29.0039
29.156
29.1681
29.2869
29.1629
29.2459
28.981
28.97
29.0282
29.0389
29.2761
29.156
29.11
29.026
29.0949
29.1688
29.031
29.1002
29.043
29.1011
29.249
29.0582
28.98
29.0029
28.9938
28.9788
29.0489
28.924
29.0611
29.1641
29.053
29.114
29.192
29.1431
29.011
29.1388
29.161
29.212
29.2709
29.0892
29.2001
29.0151
29.1979
29.058
29.139
29.175
29.0971
28.99
28.7728
29.1522
29.0301
29.1491
29.191
29.2871
29.1021
29.1321
29.006
29.0399
29.1741
29.016
29.2771
29.2439
29.1309
29.1159
29.0248
29.1979
29.0389
29.1169
29.0439
29.1362
29.1719
29.0442
29.0151
29.0329
29.1369
29.089
29.2571
29.1259
29.099
29.1588
29.32
29.29
29.0411
29.0971
28.991
29.135
29.3131
29.115
29.196
28.9459
28.9772
28.9979
29.1998
29.0079
29.1681
29.151
29.1331
29.1791
29.0251
29.278
29.0751
29.187
29.103
29.2051
29.1641
29.278
29.2211
29.1581
29.1688
29.11
29.346
29.104
29.253
29.161
29.032
29.171
29.083
29.14
29.021
29.145
29.2859
29.16
29.2978
29.1469
29.196
28.9929
29.2811
29.0089
29.1612
29.109
29.1641
29.29
29.0251
29.2611
28.9969
29.1669
29.1781
29.1541
29.1579
29.2649
29.1879
29.094
29.3159
29.0301
29.3272
29.0151
29.0921
29.1309
29.084
29.017
28.9922
29.309
29.12
29.17
29.1421
29.2599
29.1612
29.1319
29.2261
29.0899
29.2242
29.052
29.146
29.13
29.1181
29.2931
28.933
29.0589
28.9881
29.3181
29.0539
29.1469
29.1781
29.2821
29.103
29.068
29.094
29.1018
29.1619
29.0811
29.15
29.1321
29.202
29.1581
29.0041
28.9922
28.9791
29.2339
29.0239
29.212
29.186
29.1462
29.156
29.1059
29.124
29.0201
29.1719
29.191
29.1378
29.1638
29.1009
29.1579
29.0751
29.268
29.0401
29.2211
29.0461
29.1951
29.218
29.1529
29.0978
29.0589
29.1851
29.1331
29.156
29.2461
29.3131
29.1572
29.155
29.2711
29.0589
29.177
28.996
29.1591
29.145
29.1619
29.238
29.139
28.94
29.0041
29.1631
29.0279
29.134
29.181
29.1901
29.335
29.093
29.1638
29.052
29.1879
29.0952
29.1419
29.139
29.1612
29.207
29.098
29.3
28.991
29.1522
29.0341
29.1638
29.238
29.211
29.1951
29.027
29.1748
29.0699
29.165
29.017
29.156
29.1219
29.1741
29.027
28.9772
29.1021
29.1049
29.2659
29.3479
29.145
29.1319
29.176
29.1309
29.0651
29.1541
29.031
29.151
29.304
29.3031
29.201
29.1741
29.3062
29.0339
29.1998
29.0551
29.1581
29.0861
29.1059
29.1288
29.166
29.1719
29.0639
29.2962
29.0411
29.1059
29.1739
29.1429
29.3498
29.11
29.151
29.017
29.3391
29.0401
29.115
29.114
29.1312
29.1231
29.038
29.207
29.0129
29.1369
29.0902
29.1798
29.1069
29.264
29.197
29.0759
29.294
29.042
29.243
29.186
29.161
29.3231
29.176
29.1281
29.088
29.182
29.0449
29.1402
29.072
29.155
29.1841
29.1071
29.258
29.0151
29.14
29.2282
29.1369
29.197
29.2032
29.258
29.2342
29.1269
29.012
29.17
29.1719
29.1479
29.223
29.1891
29.1512
29.3181
29.233
28.996
29.207
29.0959
29.1638
29.0589
29.0799
29.1159
29.176
29.1929
29.0291
29.1719
29.0349
29.2609
29.156
29.2649
29.1321
29.155
29.283
29.1989
29.1221
29.057
29.2501
29.1948
29.1629
29.0718
29.0849
29.1331
29.0561
29.3021
29.0341
29.146
29.314
29.1431
29.103
29.2962
29.191
29.207
29.1541
28.995
29.1619
29.139
29.1562
29.1579
29.057
29.1939
29.021
29.228
29.1932
29.201
29.197
29.273
29.3331
29.1791
29.335
29.0051
29.176
28.935
29.171
29.1519
29.171
29.2161
29.0489
29.145
28.9819
29.2141
29.0091
29.175
29.331
29.1991
29.1569
29.1018
29.2819
29.0899
29.155
29.0809
29.2749
29.1779
29.1719
29.2871
29.031
29.309
29.062
29.2702
29.2919
29.1879
29.1262
29.3341
29.1309
29.191
29.1679
29.0329
29.1619
29.3
29.161
29.1479
29.139
29.125
29.0589
29.1891
29.074
29.1002
29.135
29.1681
29.2759
29.1679
29.1898
29.0449
29.1052
29.074
29.1309
29.134
29.1281
29.1331
29.1889
29.1541
29.0642
29.1951
29.0499
29.1669
29.171
29.1672
29.14
29.1362
29.1119
29.052
29.314
29.1181
29.14
29.202
29.18
29.1641
29.29
29.1848
29.0558
29.182
28.9831
29.2752
29.1259
29.1409
29.1669
29.1982
29.108
29.0351
29.361
29.0902
29.0799
29.1519
29.1271
29.1879
29.2058
29.1488
28.9919
29.1681
28.9891
29.099
29.151
29.392
29.3422
29.439
29.1932
29.0971
29.151
29.3021
29.099
29.1619
29.2518
29.1469
29.047
29.2711
28.975
29.33
29.115
29.1839
29.1131
29.2821
29.279
29.0658
29.284
29.062
29.187
29.124
29.1681
29.2959
29.155
29.3331
29.1321
29.263
29.031
29.1221
29.17
29.1309
29.202
29.299
29.2261
29.0461
29.2599
29.0279
29.165
29.1018
29.1078
29.3109
29.124
29.3472
29.1119
29.2592
29.1009
29.1078
29.1939
29.4461
29.3012
29.139
29.1309
29.1181
29.1409
29.1519
29.2699
29.139
29.2721
29.2931
29.268
29.2799
29.094
29.1901
29.2621
29.182
29.32
29.1569
29.1591
29.1259
29.161
29.0101
29.114
29.1321
29.1622
29.1669
29.1431
29.2521
29.165
29.1772
29.0849
29.151
29.047
29.1622
29.1641
29.1619
29.1262
29.1779
29.15
29.1269
29.1269
29.0251
29.1622
29.125
29.1901
29.1121
29.3059
29.151
29.0079
29.1331
29.1262
29.1739
29.1848
29.2959
29.1522
29.3109
29.144
29.031
29.2401
29.1691
29.1319
29.1438
29.1748
29.1131
29.13
29.145
29.0792
29.1789
29.0189
29.3448
29.2308
29.2819
29.3689
29.2001
29.2881
29.1409
29.3169
28.98
29.0899
29.16
29.1681
29.114
29.2869
29.248
29.1119
29.1669
29.18
29.1822
29.2809
29.417
