14.462
9.49597
9.49693
9.50599
9.45711
9.43208
9.46617
9.50313
9.44614
9.48095
9.44614
9.50313
9.413
9.52101
9.45902
9.53078
9.49407
9.53007
9.43804
9.47905
9.4409
9.48
9.44901
9.46784
9.46689
9.4769
9.46593
9.44209
9.41682
9.44114
9.42016
9.4471
9.413
9.48691
9.45187
9.47094
9.45711
9.41992
9.45592
9.49788
9.47094
9.47785
9.44114
9.44591
9.44495
9.408
9.47189
9.50599
9.44805
9.45592
9.43899
9.45497
9.41992
9.49097
9.40084
9.47595
9.42898
9.4471
9.51314
9.50408
9.45807
9.4738
9.46689
9.48596
9.46808
9.45711
9.45687
9.49001
9.45306
9.45687
9.47285
9.44996
9.4378
9.46593
9.444
9.42993
9.43303
9.4409
9.48882
9.47189
9.45902
9.45997
9.47118
9.47905
9.50193
9.44901
9.46903
9.47595
9.50003
9.46283
9.44591
9.42397
9.45807
9.43899
9.48
9.46903
9.49502
9.48501
9.46307
9.45282
9.48501
9.51099
9.44805
9.47905
9.46999
9.41086
9.42993
9.45807
9.45997
9.45497
9.43398
9.47094
9.45187
9.44996
9.4521
9.49812
9.49407
9.44495
9.51695
9.4409
9.43303
9.45616
9.43995
9.48
9.46808
9.46617
9.51195
9.47499
9.49502
9.47404
9.49383
9.42016
9.46093
9.53913
9.44185
9.49216
9.49097
9.42302
9.46593
9.444
9.44591
9.46903
9.48906
9.47595
9.46808
9.44805
9.48405
9.54008
9.46903
9.43995
9.47499
9.4409
9.45616
9.46712
9.49693
9.49597
9.43494
9.43398
9.44591
9.48501
9.45282
9.49502
9.50313
9.44495
9.47189
9.44805
9.50885
9.51695
9.46784
9.47404
9.43398
9.45282
9.51695
9.46093
9.43398
9.45711
9.47499
9.52101
9.43995
9.50193
9.43422
9.51195
9.44591
9.43303
9.43303
9.45592
9.45377
9.44805
9.4552
9.4099
9.43995
9.45401
9.48715
9.46903
9.45401
9.49287
9.46999
9.45306
9.46498
9.45592
9.44281
9.48381
9.43899
9.45783
9.42707
9.42707
9.47499
9.43494
9.48286
9.50503
9.45091
9.52506
9.45997
9.47499
9.46307
9.45997
9.47499
9.46689
9.43995
9.43112
9.47785
9.47094
9.48095
9.48787
9.47189
9.49097
9.41205
9.48477
9.43303
9.49192
9.48691
9.42922
9.46093
9.48191
9.46212
9.45497
9.48811
9.49407
9.48095
9.47881
9.46188
9.51195
9.44591
9.47213
9.46116
9.49311
9.49407
9.46689
9.444
9.47404
9.45592
9.47404
9.43303
9.42707
9.49407
9.547
9.4769
9.47595
9.43995
9.43112
9.41992
9.46999
9.44591
9.44996
9.52601
9.47094
9.44018
9.45497
9.45807
9.42278
9.46403
9.44495
9.46593
9.48191
9.44495
9.48811
9.45807
9.45306
9.42707
9.48906
9.49597
9.49311
9.41205
9.43303
9.45902
9.50789
9.4769
9.45997
9.46689
9.43494
9.42707
9.45783
9.45497
9.46784
9.48811
9.45616
9.45997
9.4521
9.52005
9.46212
9.51719
9.42707
9.4831
9.47285
9.45187
9.44591
9.44686
9.46307
9.43899
9.41491
9.42683
9.48
9.44901
9.44805
9.45997
9.44901
9.46403
9.4409
9.46403
9.55415
9.41515
9.45592
9.42898
9.4471
9.50909
9.46093
9.46307
9.53102
9.46188
9.45091
9.48191
9.44901
9.42016
9.44996
9.43112
9.49979
9.42492
9.47404
9.45401
9.47309
9.44114
9.43089
9.47118
9.50217
9.45807
9.49216
9.44901
9.45115
9.42516
9.51409
9.41014
9.50408
9.39894
9.44591
9.47189
9.48596
9.49717
9.49001
9.51505
9.46116
9.43804
9.47881
9.45711
9.47309
9.46403
9.47714
9.47094
9.49311
9.48405
9.45497
9.43112
9.45616
9.50909
9.46116
9.47595
9.46689
9.47189
9.48286
9.45401
9.43804
9.46999
9.49717
9.48596
9.47785
9.49788
9.45807
9.45807
9.45306
9.46903
9.50885
9.43899
9.42302
9.51195
9.413
9.47022
9.44996
9.46307
9.44901
9.44805
9.41491
9.46522
9.41706
9.46903
9.43995
9.42087
9.47189
9.44114
9.46999
9.44805
9.46403
9.44304
9.44304
9.44209
9.46903
9.47809
9.43708
9.408
9.50289
9.56917
9.53197
9.46903
9.45187
9.4049
9.54294
9.43708
9.42922
9.49907
9.48
9.49597
9.48906
9.49502
9.45401
9.49907
9.49907
9.44495
9.43017
9.52697
9.49001
9.44185
9.45997
9.44996
9.4552
9.49097
9.42492
9.46712
9.43995
9.45497
9.43899
9.47618
9.43899
9.48501
9.4521
9.43112
9.4862
9.44805
9.47094
9.4769
9.48477
9.50718
9.46498
9.47404
9.45997
9.52101
9.46093
9.45282
9.49883
9.49788
9.46188
9.43708
9.49788
9.39989
9.46903
9.47404
9.41396
9.4831
9.42707
9.42302
9.47094
9.4521
9.45115
9.413
9.4769
9.42802
9.43995
9.43208
9.47905
9.43899
9.49192
9.48095
9.43708
9.46283
9.46903
9.45997
9.48381
9.45497
9.49001
9.49407
9.48191
9.46999
9.43398
9.46188
9.44281
9.43995
9.45783
9.46093
9.44901
9.44281
9.50384
9.48191
9.48906
9.46188
9.45497
9.42898
9.49717
9.4471
9.43708
9.47905
9.50217
9.50408
9.49097
9.48
9.47309
9.48095
9.48095
9.49287
9.45306
9.46999
9.43208
9.45997
9.50408
9.48
9.49597
9.46212
9.44114
9.43613
9.4769
9.47404
9.49097
9.48095
9.48691
9.46593
9.45711
9.49311
9.46307
9.50313
9.44996
9.46712
9.46212
9.46999
9.48882
9.48405
9.48787
9.42206
9.43017
9.47404
9.47809
9.46784
9.45807
9.51505
9.43995
9.44901
9.47094
9.4769
9.43899
9.4471
9.49407
9.46498
9.4502
9.50098
9.45091
9.47094
9.45497
9.45091
9.46403
9.52315
9.49907
9.44996
9.43398
9.47595
9.43899
9.49597
9.38606
9.45997
9.49001
9.43899
9.45306
9.47404
9.4552
9.47595
9.49597
9.47881
9.46617
9.46116
9.46307
9.413
9.46593
9.47809
9.45616
9.50408
9.45187
9.43303
9.4831
9.47785
9.46403
9.4049
9.44996
9.51004
9.49407
9.48787
9.49097
9.43804
9.46999
9.44686
9.47309
9.43184
9.45497
9.51982
9.47499
9.47809
9.43398
9.47094
9.46403
9.44901
9.47309
9.44686
9.46808
9.45401
9.45401
9.45401
9.45997
9.47094
9.43303
9.47905
9.44901
9.51505
9.4471
9.50313
9.47404
9.4409
9.50003
9.41706
9.47714
9.45401
9.47595
9.4409
9.4409
9.46999
9.45616
9.51695
9.45807
9.47094
9.51004
9.49001
9.52315
9.4831
9.45592
9.47499
9.49216
9.45902
9.44304
9.41706
9.45807
9.49287
9.47499
9.43685
9.47118
9.43017
9.444
9.46021
9.47785
9.52601
9.46188
9.47022
9.47213
9.50718
9.44996
9.48381
9.54318
9.49001
9.45115
9.53102
9.45687
9.45616
9.48215
9.45616
9.43589
9.45687
9.42397
9.4409
9.41992
9.46188
9.46212
9.43398
9.40299
9.52482
9.50909
9.46283
9.47785
9.46498
9.47499
9.44591
9.43995
9.48906
9.45997
9.49383
9.46999
9.49192
9.45091
9.52601
9.43899
9.47309
9.4862
9.47809
9.40919
9.47285
9.46903
9.48787
9.49287
9.43303
9.52315
9.51099
9.43017
9.48715
9.4769
9.49407
9.47094
9.46307
9.47285
9.45616
9.49717
9.47499
9.50098
9.46093
9.42397
9.45187
9.50503
9.45997
9.47213
9.50217
9.46116
9.45306
9.47189
9.44304
9.48691
9.47404
9.42993
9.4769
9.46712
9.49192
9.48
9.51791
9.46593
9.44901
9.44495
9.43708
9.45401
9.47595
9.49693
9.50789
9.45187
9.46808
9.41706
9.45306
9.47809
9.4409
9.45902
9.46999
9.43208
9.47618
9.47404
9.48
9.44686
9.47595
9.45711
9.47189
9.42802
9.45187
9.46403
9.49311
9.51505
9.44495
9.41086
9.48286
9.46498
9.42898
9.48095
9.46403
9.42898
9.49001
9.43995
9.50503
9.44495
9.47905
9.44209
9.48381
9.48
9.44519
9.46307
9.47499
9.47189
9.44209
9.49097
9.45902
9.50098
9.46784
9.51099
9.53102
9.46116
9.45902
9.46307
9.52482
9.4471
9.46403
9.44591
9.44996
9.4831
9.47094
9.4521
9.44519
9.42993
9.46379
9.43303
9.45616
9.47809
9.52601
9.45115
9.46212
9.43995
9.46784
9.50003
9.46093
9.43589
9.45902
9.45997
9.46093
9.48095
9.46593
9.42206
9.46999
9.46808
9.43613
9.44901
9.41586
9.51409
9.49693
9.51791
9.43685
9.42206
9.45401
9.42898
9.44901
9.44901
9.46307
9.47094
9.45687
9.47595
9.45807
9.42302
9.39679
9.39798
9.47618
9.46903
9.42993
9.48596
9.47499
9.46784
9.49502
9.47189
9.4862
9.51695
9.47022
9.47809
9.4769
9.45997
9.45997
9.43303
9.47118
9.46593
9.45592
9.48906
9.47714
9.46689
9.50503
9.4409
9.43804
9.48811
9.4552
9.42707
9.43112
9.49097
9.50122
9.44901
9.48
9.49097
9.49192
9.46093
9.50289
9.49383
9.46403
9.48119
9.46307
9.48811
9.47595
9.41491
9.4769
9.47285
9.43685
9.48191
9.46999
9.48191
9.45592
9.43804
9.49097
9.44495
9.44304
9.49311
9.4471
9.47094
9.45997
9.44209
9.47309
9.45497
9.47404
9.43995
9.444
9.49597
9.39488
9.47285
9.46093
9.51886
9.4409
9.44281
9.444
9.41086
9.46283
9.45497
9.43995
9.42683
9.46903
9.46689
9.46498
9.43899
9.43923
9.49001
9.46093
9.50408
9.44304
9.47595
9.44686
9.47809
9.46808
9.45997
9.47595
9.44185
9.45091
9.43589
9.4521
9.49097
9.48691
9.49192
9.47905
9.49407
9.48715
9.4831
9.49502
9.46903
9.46689
9.53889
9.48119
9.47404
9.48215
9.40514
9.39202
9.42898
9.49597
9.43398
9.44686
9.44304
9.44805
9.44495
9.45401
9.50313
9.44114
9.48906
9.47285
9.47714
9.4521
9.50599
9.40895
9.41396
9.47905
9.40704
9.43613
9.46403
9.46593
9.46188
9.44805
9.42397
9.45306
9.41515
