0.00000000000000000000000000000000
0.00000000722480564263605629093945
0.00000001444961128527211258187890
0.00000002167441692790816887281835
0.00000002889922257054422516375780
0.00000003612402821318028145469725
0.00000004334883385581633774563670
0.00000005057363949845239403657615
0.00000005779844514108845032751560
0.00000006502325078372450661845505
0.00000007224805642636056290939450
0.00000007947286206899661920033395
0.00000008669766771163267549127340
0.00000009392247335426873178221285
0.00000010114727899690478807315230
0.00000010837208463954084436409175
0.00000011559689028217690065503120
0.00000012282168881938559934496880
0.00000013004650156744901323691010
0.00000013727130010465771192684770
0.00000014449611285272112581878901
0.00000015172091138992982450872660
0.00000015894572413799323840066791
0.00000016617052267520193709060550
0.00000017339533542326535098254681
0.00000018062013396047404967248440
0.00000018784494670853746356442571
0.00000019506974524574616225436330
0.00000020229455799380957614630461
0.00000020951935653101827483624220
0.00000021674416927908168872818351
0.00000022396896781629038741812110
0.00000023119378056435380131006241
0.00000023841857910156250000000000
0.00000024564337763877119868993759
0.00000025286817617597989737987518
0.00000026009300313489802647382021
0.00000026731780167210672516375780
0.00000027454260020931542385369539
0.00000028176739874652412254363298
0.00000028899222570544225163757801
0.00000029621702424265095032751560
0.00000030344182277985964901745319
0.00000031066662131706834770739079
0.00000031789144827598647680133581
0.00000032511624681319517549127340
0.00000033234104535040387418121099
0.00000033956584388761257287114859
0.00000034679067084653070196509361
0.00000035401546938373940065503120
0.00000036124026792094809934496880
0.00000036846506645815679803490639
0.00000037568989341707492712885141
0.00000038291469195428362581878901
0.00000039013949049149232450872660
0.00000039736428902870102319866419
0.00000040458911598761915229260921
0.00000041181391452482785098254681
0.00000041903871306203654967248440
0.00000042626351159924524836242199
0.00000043348833855816337745636702
0.00000044071313709537207614630461
0.00000044793793563258077483624220
0.00000045516273416978947352617979
0.00000046238756112870760262012482
0.00000046961235966591630131006241
0.00000047683715820312500000000000
0.00000048406195674033369868993759
0.00000049128675527754239737987518
0.00000049851155381475109606981277
0.00000050573635235195979475975037
0.00000051296120773258735425770283
0.00000052018600626979605294764042
0.00000052741080480700475163757801
0.00000053463560334421345032751560
0.00000054186040188142214901745319
0.00000054908520041863084770739079
0.00000055630999895583954639732838
0.00000056353479749304824508726597
0.00000057075965287367580458521843
0.00000057798445141088450327515602
0.00000058520924994809320196509361
0.00000059243404848530190065503120
0.00000059965884702251059934496880
0.00000060688364555971929803490639
0.00000061410844409692799672484398
0.00000062133324263413669541478157
0.00000062855809801476425491273403
0.00000063578289655197295360267162
0.00000064300769508918165229260921
0.00000065023249362639035098254681
0.00000065745729216359904967248440
0.00000066468209070080774836242199
0.00000067190688923801644705235958
0.00000067913168777522514574229717
0.00000068635654315585270524024963
0.00000069358134169306140393018723
0.00000070080614023027010262012482
0.00000070803093876747880131006241
0.00000071525573730468750000000000
0.00000072248053584189619868993759
