4.58598
4.52614
4.53401
4.52209
4.54712
4.52614
4.52805
4.55189
4.529
4.5321
4.54402
4.54116
4.53186
4.52685
4.529
4.55308
4.52518
4.51303
4.52089
4.54998
4.54688
4.5259
4.54092
4.54998
4.54283
4.53305
4.53997
4.54783
4.52614
4.5321
4.53401
4.5321
4.53687
4.53711
4.52805
4.52805
4.529
4.53615
4.55785
4.53115
4.54283
4.50802
4.53305
4.52805
4.54092
4.52304
4.51899
4.56095
4.51994
4.51994
4.54211
4.54211
4.53901
4.53281
4.54998
4.529
4.5352
4.51493
4.529
4.54521
4.52399
4.53806
4.56595
4.52805
4.52113
4.52781
4.53901
4.52113
4.51899
4.54187
4.53901
4.55809
4.52685
4.52709
4.52185
4.53305
4.52495
4.52304
4.53782
4.52709
4.529
4.52399
4.52995
4.52709
4.51994
4.51994
4.55189
4.54092
4.55093
4.51612
4.52304
4.54402
4.53997
4.52209
4.53806
4.53997
4.52995
4.53496
4.52995
4.51183
4.51803
4.53281
4.52209
4.52518
4.55308
4.51589
4.53305
4.53496
4.52685
4.53615
4.54378
4.51612
9.73988
4.53591
4.55093
4.52495
4.51899
4.53401
4.53091
4.54688
4.55594
4.57311
4.53305
4.52495
4.52685
4.5619
4.52709
4.54187
4.53496
4.529
4.53091
4.52995
4.53115
4.53901
4.55999
4.53115
4.53591
4.54402
4.54402
4.54998
4.52089
4.52685
4.51303
4.53687
4.54807
4.52185
4.53997
4.53591
4.5321
4.53806
4.55117
4.52685
4.52495
4.51303
4.52995
4.5259
4.52709
4.54187
4.51708
4.52113
4.54593
4.51589
4.50706
4.55093
4.51303
4.53186
4.53091
4.52518
4.52709
4.52399
4.53901
4.55213
4.51183
4.52709
4.50802
4.55904
4.54593
4.53401
4.53782
4.52805
4.52495
4.5259
4.5259
4.52709
4.51517
4.53782
4.52805
4.53615
4.53281
4.53401
4.5321
4.55093
4.52709
4.51398
4.54593
4.54903
4.52495
4.53091
4.52113
4.54283
4.51493
4.52209
4.52518
4.52185
4.53687
4.53496
4.52495
4.54521
4.53019
4.53305
4.53901
4.53091
4.52614
4.54307
4.52805
4.52805
4.53019
4.52113
4.529
4.53901
4.53401
4.54211
4.54998
4.54593
4.53901
4.51994
4.52805
4.51684
4.54211
4.53997
4.52304
4.5321
4.55093
4.53901
4.50778
4.54116
4.54283
4.52995
4.55713
4.51422
4.54092
4.52495
4.52805
4.54593
4.51899
4.51899
4.53806
4.51803
4.529
4.53305
4.51708
4.53305
4.529
4.53591
4.5588
4.52805
4.52399
4.51398
4.53496
4.53901
4.5321
4.53496
4.52089
4.52304
4.54497
4.53997
4.53687
4.529
4.54617
4.529
4.5321
4.53901
4.53186
4.5259
4.52995
4.52495
4.54998
4.5321
4.54807
4.52495
4.53997
4.52614
4.52399
4.54021
4.53687
4.5259
4.55308
4.54879
4.53305
4.53591
4.51589
4.53305
4.53186
4.53305
4.53186
4.52209
4.54187
4.529
4.54187
4.52209
4.54283
4.52495
4.52614
4.52709
4.53687
4.5619
4.52805
4.5321
4.52995
4.53782
4.59695
4.56119
4.53615
4.53091
4.54807
4.51612
4.53281
4.55809
4.50301
4.53901
4.52304
4.51803
4.51994
4.53901
4.529
4.51493
4.529
4.529
4.52495
4.52018
4.54211
4.53401
4.55594
4.53496
4.54593
4.54307
4.51493
8.27289
4.52995
4.54712
4.52399
4.53901
4.53901
4.52399
4.53401
4.53687
4.55594
4.51994
4.54497
4.5321
4.54283
4.53806
4.51589
4.53305
4.51899
4.53019
4.51779
4.53806
4.54402
4.52995
4.55093
4.55213
4.529
4.52805
4.52304
4.54402
4.55594
4.53997
4.52209
4.52495
4.51207
4.55189
4.53401
4.52185
4.52709
4.52805
4.52709
4.51803
4.54021
4.54211
4.5259
4.52495
4.53901
4.54688
4.52614
4.51899
4.53091
4.51803
4.54092
4.5259
4.53496
4.5321
4.52399
4.52995
4.52089
4.53401
4.53591
4.52685
4.54402
4.56405
4.53305
4.5228
4.54617
4.54211
4.52304
4.53615
4.54307
4.54402
4.54497
4.52685
4.53901
4.54211
4.50897
4.53115
4.54283
4.51899
4.52185
4.52399
4.52709
4.5321
4.52089
4.52209
4.52805
4.53591
4.52018
4.54021
4.51899
4.53305
4.55189
4.53901
4.51899
4.51994
4.54092
4.53401
4.52304
4.52304
4.5321
4.51803
4.51612
4.52518
4.5321
4.53615
4.52685
4.53711
4.529
4.51803
4.53281
4.51303
4.53806
4.51899
4.52185
4.52518
4.53901
4.52614
4.52209
4.54712
4.51994
4.53115
4.529
4.52495
4.53115
4.5321
4.52614
4.529
4.51612
4.53687
4.51994
4.53711
4.529
4.5259
4.53615
4.55713
4.51183
4.52399
4.52304
4.5321
4.53901
4.54497
4.53615
4.529
4.52209
4.52304
4.53115
4.53615
4.52995
4.52685
4.5321
4.51899
4.52089
4.53305
4.53091
4.54092
4.53591
4.52805
4.53401
4.54998
4.54497
4.52185
4.5321
4.53186
