10.7372
9.21679
9.238
9.28783
9.22513
9.15813
9.20606
9.19294
9.27305
9.19509
9.23014
9.21798
9.1691
9.18794
9.23991
9.31215
9.30905
9.22894
9.25803
9.22704
9.25207
9.341
9.28688
9.21011
9.22894
9.20606
9.27019
9.19795
9.22298
9.19199
9.22799
9.26805
9.21988
9.19604
9.19294
9.269
9.18794
9.24802
9.21202
9.2268
9.18007
9.22298
9.24706
9.1579
9.31501
9.24802
9.16195
9.22179
9.35698
9.26304
9.25207
9.238
9.27496
9.16505
9.18293
9.18794
9.24993
9.29785
9.22799
9.22513
9.20701
9.26685
9.22203
9.34696
9.17006
9.24921
9.20582
9.16719
9.16505
9.18698
9.16505
9.20296
9.2628
9.17506
9.2001
9.21679
9.25994
9.24516
9.27091
9.32598
9.1908
9.32503
9.22012
9.28688
9.19509
9.18698
9.28402
9.3081
9.31501
9.16195
9.28402
9.25803
9.16719
9.26113
9.27591
9.30691
9.34815
9.18603
9.21297
9.23395
9.16004
9.269
9.2659
9.29213
9.28307
9.25708
9.28211
9.21702
9.21011
9.233
9.18603
9.20105
9.19509
9.23014
9.35078
9.30619
9.22704
9.18794
9.21702
9.14192
9.26495
9.17292
9.17697
9.35602
9.26185
9.2051
9.23991
9.24301
9.2988
9.29403
9.23991
9.2051
9.28092
9.25517
9.21011
9.18102
9.22108
9.23896
9.18984
9.19604
9.27305
9.26614
9.27901
9.22585
9.202
9.22608
9.23014
9.27186
9.22704
9.22203
9.2721
9.18102
9.20415
9.22894
9.22298
9.20987
9.22608
9.23014
9.2299
9.20796
9.19509
9.26518
9.18818
9.17816
9.22608
9.23204
9.25183
9.25803
9.25684
9.19795
9.28903
9.24301
9.21297
9.23705
9.18508
9.25303
9.161
9.20796
9.25493
9.28402
9.22012
9.30405
9.16004
9.166
9.29499
9.19008
9.19795
9.20486
9.21392
9.24301
9.29403
9.37891
9.16696
9.20701
9.27496
9.23085
9.23395
9.25517
9.19104
9.23705
9.15623
9.233
9.21202
9.19604
9.20296
9.15885
9.25303
9.20796
9.197
9.21917
9.17506
9.27091
9.28116
9.24516
9.22394
9.27091
9.20391
9.23896
9.27091
9.21202
9.25303
9.2411
9.26399
9.27496
9.28402
9.28116
9.23085
9.2361
9.27901
9.20796
9.26208
9.18078
9.238
9.197
9.25279
9.21106
9.22489
9.34505
9.238
9.21106
9.20391
9.24301
9.20296
9.22179
9.40204
9.22203
9.24301
9.27615
9.28116
9.1691
9.21512
9.22203
9.27091
9.233
9.16791
9.14311
9.25088
9.17292
9.18198
9.3081
9.20796
9.22418
9.21702
9.18198
9.29904
9.26805
9.18603
9.33313
9.27091
9.22704
9.28116
9.28283
9.27806
9.31692
9.24993
9.23491
9.24611
9.202
9.37581
9.27401
9.18889
9.19008
9.17697
9.20987
9.34005
9.2659
9.19795
9.23204
9.23204
9.22894
9.21488
9.24897
9.35602
9.18889
9.33409
9.27091
9.27091
9.22394
9.30905
9.32789
9.21512
9.29093
9.19104
9.27806
9.15098
9.22894
9.20796
9.18317
9.19104
9.15003
9.1579
9.19795
9.22799
9.22108
9.25493
9.26304
9.16696
9.21297
9.2752
9.21321
9.16696
9.26208
9.17888
9.12189
9.32097
9.25899
9.26495
9.26399
9.27806
9.20892
9.26304
9.15885
9.22513
9.26399
9.25803
9.30595
9.16004
9.18913
9.18293
9.21988
9.24206
9.22084
9.25016
9.21011
9.23491
9.19986
9.22608
9.22084
9.15599
9.2361
9.22799
9.28116
9.16982
9.26518
9.18317
9.26995
9.30285
9.20391
9.30309
9.17888
9.24301
9.1958
9.19008
9.23586
9.23014
9.19795
9.25708
9.2361
9.30691
9.31501
9.32097
9.25708
9.18293
9.1989
9.21798
9.21011
9.28617
9.27401
9.27806
9.23204
9.28712
9.17697
9.25303
9.16314
9.25922
9.19604
9.23395
9.21702
9.22799
9.33099
9.21798
9.1908
9.28307
9.24587
9.22012
9.18198
9.2032
9.2051
9.30882
9.20415
9.25994
9.2299
9.1722
9.29618
9.238
9.21798
9.18388
9.29618
9.22108
9.202
9.26208
9.20105
9.22799
9.26709
9.22418
9.29594
9.29189
9.20796
9.20892
9.29403
9.25899
9.21488
9.21512
9.30405
9.26113
9.25112
9.33194
9.15599
9.21297
9.43589
9.21893
9.24397
9.31096
9.23085
9.28307
9.2721
9.18698
9.24206
9.25303
9.21106
9.20486
9.17101
9.17792
9.19104
9.29594
9.18484
9.23395
9.24516
9.22513
9.23085
9.17292
9.26208
9.16505
9.30309
9.24301
9.20081
9.28593
9.17602
9.29403
9.22608
9.23705
9.30786
9.20081
9.26995
9.15098
9.238
9.23395
9.25207
9.25303
9.22394
9.21607
9.20796
9.25994
9.3379
9.25684
9.21416
9.2361
9.25899
9.17482
9.30309
9.17506
9.13596
9.17411
9.27615
9.2268
9.238
9.22799
9.27401
9.19795
9.25994
9.25493
9.20987
9.28497
9.21893
9.19986
9.34315
9.2032
9.29809
9.20701
9.19199
9.25303
9.19509
9.24397
9.2299
9.2411
9.197
9.15313
9.32193
9.22585
9.2392
9.20916
9.29308
9.2299
9.26399
9.31191
9.24897
9.20105
9.26495
9.24492
9.23204
9.35888
9.28307
9.28783
9.18603
9.20105
9.29284
9.22298
9.22704
9.21798
9.14311
9.26614
9.26185
9.22298
9.23085
9.20105
9.21702
9.18794
9.20582
9.31001
9.24897
9.24087
9.22799
9.26304
9.3689
9.33909
9.13596
9.31501
9.1691
9.2721
9.28497
9.17602
9.233
9.29499
9.19819
9.23014
9.17482
9.20701
9.26614
9.25803
9.27401
9.29213
9.24683
9.19104
9.27496
9.20987
9.18794
9.33814
9.22298
9.17721
9.18102
9.24397
9.20701
9.18102
9.37295
9.21822
9.22704
9.27401
9.18889
9.22108
9.25589
9.22108
9.24683
9.25303
9.20987
9.21607
9.27186
9.25207
9.29403
9.21297
9.28712
9.29499
9.24921
9.26208
9.22084
9.22012
9.18698
9.21011
9.238
9.19294
9.18794
9.19604
9.23991
9.18198
9.23395
9.16696
9.24301
9.17792
9.24897
9.27997
9.23705
9.22108
9.23395
9.23491
9.19604
9.20892
9.20892
9.166
9.21082
9.34505
9.17411
9.22489
9.33099
9.20105
9.20987
9.28903
9.25398
9.25779
9.37009
9.20486
9.2001
9.14216
9.36913
9.25899
9.2032
9.29999
9.17196
9.21011
9.31287
9.20701
9.31382
9.17101
9.19604
9.22894
9.32598
9.29904
9.202
9.238
9.1548
9.31406
9.22585
9.30905
9.18984
9.21798
9.22203
9.20701
9.25994
9.23395
9.18484
9.33909
9.16982
9.25899
9.21106
9.22012
9.31501
9.238
9.2628
9.2001
9.1939
9.26089
9.29594
9.22203
9.21607
9.18794
9.20892
9.25589
9.33695
9.19914
9.26208
9.18889
9.18007
9.22394
9.20892
9.18198
9.28402
9.25016
9.16481
9.30715
9.22418
9.27401
9.20415
9.20916
9.21679
9.13715
9.20296
9.22704
9.17602
9.1908
9.20105
9.24706
9.22084
9.2392
9.22012
9.21082
9.19509
9.17602
9.25303
9.19604
9.18007
9.233
9.166
9.26304
9.17602
9.26304
9.21583
9.2721
9.29093
9.21297
9.18007
9.40919
9.22608
9.202
9.33504
9.22489
9.28402
9.202
9.202
9.21607
9.3689
9.28307
9.22179
9.28593
9.28187
9.23204
9.18794
9.2659
9.26018
9.28402
9.23705
9.21988
9.2299
9.21106
9.20296
9.20582
9.24301
9.33099
9.23896
9.20081
9.33003
9.16982
9.21392
9.2051
9.25994
9.36007
9.23014
9.22513
9.2268
9.29713
9.2299
9.25589
9.31001
9.20987
9.28307
9.18007
9.32789
9.18698
9.30905
9.20486
9.233
9.27186
9.30715
9.24087
9.21488
9.25016
9.28211
9.20296
9.17315
9.25207
9.25207
9.25088
9.21392
9.21702
9.27401
9.20916
9.20606
9.21702
9.18698
9.23896
9.18794
9.23991
9.18508
9.34005
9.29022
9.35411
9.20296
9.28187
9.32693
9.22298
9.25493
9.19914
9.24301
9.202
9.19414
9.25803
9.22894
9.13
9.16004
9.23085
9.25493
9.25303
9.31096
9.23491
9.21202
9.18484
9.33313
9.197
9.26518
9.30691
9.36294
9.18698
9.16982
9.21011
9.20105
9.20796
9.28593
9.18794
9.29594
9.2299
9.23204
9.25398
9.29213
9.27186
9.24516
9.25183
9.25803
9.23896
9.22704
9.23491
9.21297
9.22179
9.23395
9.34505
9.20391
9.18794
9.33409
9.23395
9.26995
9.21392
9.18984
9.1722
9.21583
9.21106
9.23586
9.23991
9.18889
9.21798
9.29499
9.25994
9.21702
9.202
9.27305
9.25779
9.29213
9.22322
9.23586
9.20892
9.18102
9.17196
9.22298
9.22489
9.26709
9.24206
9.21917
9.24706
9.16791
9.16505
9.25708
9.17697
9.32622
9.30119
9.29713
9.18198
9.22799
9.25112
9.35292
9.20606
9.19795
9.10687
9.18198
9.19294
9.16815
9.25612
9.233
9.238
9.19104
9.15694
9.21297
9.16505
9.30595
9.21988
9.23705
9.16815
9.22489
9.22012
9.18412
9.25398
9.202
9.25803
9.22608
9.22608
9.34291
9.233
9.22513
9.22799
9.238
9.22298
9.22108
9.34076
9.18508
9.2361
9.15408
9.21488
9.20916
9.21416
9.2001
9.31692
9.27997
9.31716
9.28283
9.21607
9.22799
9.22298
9.25493
9.28307
9.24206
9.21893
9.33003
9.14884
9.25112
9.23514
9.20701
9.26113
9.25589
9.24301
9.18293
9.2299
9.20415
9.238
9.24802
9.20796
9.18007
9.22203
9.20606
9.26614
9.30691
9.20296
9.24301
9.23896
9.17912
9.13692
9.21202
9.22298
9.27591
9.26709
9.25589
9.19986
9.2392
9.25088
9.25899
9.3379
9.269
9.2299
9.29213
9.18818
9.20892
9.22298
9.23705
9.27091
9.19604
9.26304
9.23181
9.27997
9.23705
9.20987
9.28903
9.269
9.28283
9.32813
9.19294
9.21488
9.161
9.28092
9.20701
9.21988
9.18102
9.27401
9.2442
9.21917
9.23705
9.26495
9.305
