8.9941
6.7811
6.78706
6.78301
6.80304
6.78897
6.79111
6.78682
6.78611
6.78802
6.79016
6.78515
6.78587
6.78992
6.78921
6.79803
6.78897
6.80399
6.79302
6.79207
6.79183
6.79016
6.79779
6.79016
6.78396
6.79183
6.79111
6.80208
6.79183
6.79302
6.79111
6.79803
6.78492
6.79111
6.79016
6.79302
6.79421
6.79994
6.78897
6.79183
6.79302
6.79398
6.78897
6.78897
6.80208
6.79016
6.79612
6.79088
6.79302
6.79588
6.78992
6.79302
6.79183
6.78921
6.78277
6.79016
6.79183
6.78706
6.79398
6.79302
6.79088
6.78897
6.79207
6.79088
6.809
6.79898
6.80089
6.78706
6.78301
6.79302
6.79207
6.79111
6.79803
6.79898
6.79517
6.79803
6.79302
6.78706
6.80304
6.78802
6.78396
6.78897
6.78205
6.79207
6.79088
6.79302
6.78897
6.78611
6.78396
6.78587
6.79302
6.78492
6.78396
6.79398
6.78897
6.80709
6.79493
6.78992
6.79398
6.78492
6.78802
6.78992
6.78396
6.78587
6.78897
6.79398
6.78396
6.78897
6.78706
6.78802
6.79016
6.78611
6.78492
6.78897
6.78492
6.78611
6.78706
6.79302
6.78897
6.78802
6.78682
6.78515
6.78992
6.78492
6.79088
6.78396
6.79207
6.79398
6.78492
6.78492
6.79088
6.79111
6.78992
6.78492
6.79302
6.78396
6.79207
6.79016
6.78301
6.78706
6.78301
6.78802
6.78802
6.7811
6.78992
6.78396
6.77705
6.79088
6.78396
6.78992
6.78706
6.79088
6.78492
6.78301
6.78396
6.809
6.78897
6.78301
6.78492
6.78205
6.78802
6.78492
6.78492
6.78205
6.78301
6.78802
6.7842
6.78301
6.80614
6.79016
6.78587
6.78492
6.79111
6.78396
6.78802
6.78992
6.80017
6.79302
6.79612
6.78492
6.78086
6.77991
6.78515
6.78802
6.78897
6.79111
6.79684
6.79207
6.80399
6.79517
6.79302
6.79588
6.78921
6.79016
6.78992
6.78301
6.78611
6.78587
6.79111
6.78492
6.78301
6.79088
6.78611
6.77991
6.78682
6.79016
6.78706
6.79684
6.78301
6.78611
6.78396
6.78301
6.78396
6.78182
6.78611
6.78301
6.80494
6.78897
6.78611
6.78492
6.78802
6.7811
6.78301
6.78301
6.7811
6.78205
6.78396
6.78301
6.78301
6.80399
6.79493
6.78706
6.78992
6.78492
6.778
6.78301
6.7842
6.78492
6.78992
6.78205
6.80304
6.78205
6.79588
6.78396
6.78515
6.80017
6.78396
6.78301
6.78301
6.78897
6.79088
6.79016
6.78802
6.78897
6.79803
6.78492
6.79302
6.778
6.7842
6.78992
6.78611
6.78086
6.78706
6.78301
6.78205
6.7811
6.78706
6.78396
6.78205
6.78492
6.79088
6.78706
6.78182
6.78706
6.78205
6.78897
6.78396
6.78611
6.78706
6.78706
6.78492
6.7811
6.77991
6.78205
6.78301
6.78778
6.78921
6.78682
6.78611
6.78492
6.78682
6.78706
6.78992
6.79302
6.79088
6.79612
6.78802
6.78802
6.78205
6.78802
6.7811
6.78182
6.78301
6.7811
6.78086
6.78301
6.78301
6.78706
6.78611
6.79207
6.79493
6.778
6.7811
6.78205
6.79207
6.77896
6.7811
6.77896
6.78492
6.78897
6.79898
6.78706
6.78611
6.79898
6.78515
6.78396
6.78611
6.78682
6.79207
6.79207
6.79588
6.78802
6.78706
6.78182
6.78492
6.79302
6.78301
6.78396
6.79684
6.79111
6.78897
6.78921
6.78515
6.78301
6.7811
6.77991
6.78301
6.7811
6.79302
6.78897
6.78301
6.78492
6.78611
6.78897
6.78706
6.79398
6.78992
6.79398
6.78396
6.78802
6.78301
6.78015
6.7842
6.78301
6.78301
6.78802
6.809
6.78492
6.78182
6.78515
6.78778
6.78396
6.79708
6.78182
6.78897
6.78802
6.79207
6.79111
6.78802
6.78182
6.78015
6.77991
6.77896
6.78992
6.78611
6.78587
6.78515
6.78611
6.80017
6.78396
6.78086
6.79111
6.77919
6.78802
6.78205
6.78492
6.79207
6.79207
6.79207
6.78802
6.78611
6.78182
6.78706
6.78205
6.778
6.778
6.78396
6.79302
6.78802
6.78587
6.78802
6.77991
6.78396
6.78992
6.78611
6.78897
6.77896
6.78515
6.80089
6.78611
6.78301
6.78515
6.78682
6.78897
6.78587
6.78205
6.78897
6.78182
6.78492
6.78897
6.78611
6.78205
6.78706
6.78611
6.78587
6.78706
6.78492
6.78587
6.78515
6.77919
6.79493
6.79183
6.79207
6.77991
6.79708
6.78515
6.78587
6.78587
6.78921
6.79207
6.78205
6.78802
6.78897
6.77991
6.78802
6.79088
6.78205
6.78015
6.78301
6.78301
6.78706
6.78587
6.78706
6.78396
6.78086
6.78802
6.78802
6.78706
6.7842
6.78706
6.778
6.77586
6.78802
6.79207
6.78515
6.78301
6.78706
6.78205
6.79016
6.7811
6.78682
6.78611
6.78277
6.78015
6.78301
6.78921
6.78706
6.78492
6.78706
6.79302
6.78301
6.79111
6.78515
6.7811
6.78706
6.79207
6.78897
6.78897
6.79088
6.78802
6.78396
6.78086
6.78301
6.778
6.78587
6.78515
6.79612
6.78301
6.78396
6.78611
6.78992
6.78086
6.79207
6.78587
6.78015
6.78611
6.79493
6.78301
6.79398
6.78492
6.78802
6.78802
6.78587
6.78706
6.78992
6.778
6.78682
6.79207
6.78492
6.78301
6.78205
6.78778
6.80113
6.78396
6.78706
6.78396
6.78706
6.77991
6.78396
6.78706
6.78301
6.7811
6.78492
6.77991
6.79207
6.79517
6.78587
6.78515
6.78182
6.77896
6.78301
6.78611
6.78301
6.79207
6.78992
6.78706
6.78587
6.77991
6.78301
6.78611
6.78396
6.80804
6.78706
6.78515
6.77991
6.78086
6.77705
6.78301
6.78205
6.78802
6.78992
6.77991
6.78301
6.79111
6.78706
6.78992
6.78992
6.78301
6.79207
6.79421
6.78778
6.78515
6.79493
6.79302
6.79016
6.77681
6.78611
6.78301
6.77896
6.78396
6.77991
6.78301
6.78396
6.78182
6.78587
6.78802
6.77991
6.78301
6.78205
6.78587
6.78301
6.778
6.7811
6.79898
6.79994
6.778
6.78587
6.78587
6.78205
6.78897
6.78611
6.78802
6.78611
6.77991
6.78992
6.78301
6.78992
6.78492
6.78802
6.78205
6.7811
6.79398
6.78778
6.78396
6.79016
6.78611
6.79398
6.78897
6.79302
6.78706
6.78492
6.78492
6.78086
6.78611
6.78396
6.78492
6.7811
6.78611
6.78587
6.78301
6.778
6.78682
6.778
6.78515
6.78706
6.79398
6.79612
6.78301
6.79207
6.78396
6.78301
6.78802
6.78515
6.78015
6.77896
6.78492
6.78301
6.78086
6.78205
6.77896
6.78492
6.78897
6.78015
6.78897
6.79088
6.78706
6.78492
6.77896
6.78802
6.78396
6.78682
6.80804
6.7811
6.78611
6.78897
6.78492
6.78587
6.78301
6.77896
6.78492
6.78301
6.78802
6.79398
6.79111
6.78897
6.79302
6.79207
6.78706
6.78611
6.78396
6.78897
6.78802
6.78587
6.79493
6.79803
6.78611
6.7811
6.78182
6.78706
6.78492
6.78205
6.7842
6.7811
6.77991
6.78301
6.78396
6.78301
6.7811
6.78492
6.79803
6.77991
6.78205
6.78587
6.79088
6.78611
6.78301
6.77919
6.78301
6.78706
6.78182
6.78897
6.78897
6.78706
6.79588
6.78706
6.78301
6.7811
6.78802
6.78301
6.78301
6.77991
6.77896
6.79803
6.77991
6.78301
6.78086
6.78921
6.78921
6.78611
6.78992
6.78897
6.78992
6.78611
6.80304
6.78015
6.79684
6.78611
6.77991
6.78802
6.78492
6.77991
6.78897
6.79398
6.78396
6.78515
6.78205
6.78992
6.78515
6.79421
6.78396
6.78611
6.77896
6.78396
6.78897
6.79302
6.78706
6.78611
6.78396
6.78706
6.79994
6.78205
6.78897
6.78205
6.79994
6.78706
6.78301
6.78396
6.78492
6.78492
6.78492
6.78205
6.77609
6.78706
6.77991
6.78396
6.78802
6.77896
6.78802
6.78492
6.78897
6.78301
6.78301
6.78611
6.79398
6.78706
6.78301
6.78992
6.78301
6.78778
6.78897
6.78396
6.78396
6.778
6.78301
6.78086
6.79207
6.78515
6.78492
6.78897
6.77991
6.78301
6.78301
6.79111
6.78897
6.78301
6.78396
6.78205
6.78205
6.78587
6.78706
6.78706
6.78802
6.78611
6.78682
6.79493
6.78706
6.79088
6.7811
6.79517
6.78897
6.78015
6.78515
6.78396
6.78706
6.78492
6.78015
6.78611
6.78301
6.78802
6.78301
6.78992
6.78802
6.78897
6.78682
6.78897
6.78611
6.78706
6.78301
6.79016
6.7842
6.78802
6.78897
6.78015
6.78396
6.78396
6.78897
6.78301
6.79612
6.79183
6.79708
6.79302
6.78897
6.79302
6.79994
6.79398
6.79493
6.78802
6.79207
6.79302
6.78492
6.78396
6.78897
6.78611
6.79517
6.79111
6.78396
6.78992
6.78992
6.79803
6.78682
6.78802
6.79302
6.79398
6.79302
6.78611
6.7842
6.79016
6.78682
6.78897
6.78396
6.78992
6.79088
6.78301
6.78611
6.78396
6.78015
6.78992
6.78587
6.78706
6.78587
6.7842
6.7842
6.78802
6.79016
6.79612
6.78897
6.78611
6.78205
6.77991
6.77705
6.7811
6.77991
6.77395
6.78205
6.78587
6.78396
6.78301
6.80804
6.79517
6.78611
6.78301
6.79898
6.79183
6.78015
6.78396
6.78706
6.78611
6.78587
6.78897
6.78301
6.78682
6.79803
6.78897
6.778
6.79803
6.7842
6.78802
6.78015
6.8121
6.78492
6.78611
6.77919
6.79398
6.78515
6.78706
6.79207
6.78515
6.78611
6.78396
6.78492
6.78086
6.78015
6.78301
6.78706
6.78682
6.78897
6.78992
6.78897
6.78205
6.78897
6.78587
6.78396
6.78802
6.78182
6.79302
6.78802
6.78992
6.78396
6.78992
6.78897
6.80208
6.78515
6.78706
6.7811
6.78205
6.78587
6.78301
6.77705
6.78396
6.78587
6.77705
6.78587
6.78301
6.78086
6.78515
6.79016
6.78205
6.7811
6.7811
6.78396
6.78802
6.79016
6.78301
6.78015
6.77299
6.78802
6.78492
6.78587
6.77991
6.79016
