5.71895
5.63717
5.6591
5.66006
5.66697
5.67389
5.67102
5.65386
5.66697
5.65886
5.64694
5.66602
5.65505
5.65505
5.66602
5.64384
5.63312
5.67222
5.65195
5.64599
5.63407
5.63598
5.656
5.73516
5.64408
5.66983
5.62501
5.68509
5.66888
5.67794
5.71203
5.63383
5.68795
5.62596
5.65386
5.63908
5.66602
5.64694
5.67698
5.65505
5.64694
5.65577
5.6541
5.65195
5.65886
5.64194
5.64194
5.70202
5.66292
5.66697
5.66006
5.63502
5.62906
5.62692
5.651
5.65314
5.69201
5.63908
5.68104
5.65314
5.64408
5.66101
5.63979
5.67794
5.64098
5.63002
5.62906
5.63598
5.65314
5.63979
5.67579
5.66101
5.6479
5.64814
5.68199
5.64218
5.64313
5.64003
5.64408
5.66196
5.656
5.65815
5.67007
5.656
5.64694
5.63693
5.64003
5.63407
5.61905
5.651
5.64504
5.6529
5.6541
5.62811
5.63097
5.6808
5.6591
5.63884
5.65696
5.63407
5.63312
5.65696
5.62501
5.66006
5.62906
5.64098
5.65481
5.66697
5.63693
5.63407
5.63407
5.63598
5.656
5.62978
5.64098
5.68891
5.68104
5.651
5.65815
5.64599
5.68318
5.63407
5.61404
5.6448
5.64098
5.65886
5.61714
5.67198
5.64098
5.63693
5.62787
5.66101
5.6591
5.64098
5.6541
5.6591
5.66483
5.66697
5.64694
5.656
5.63002
5.64504
5.68509
5.63622
5.64909
5.64504
5.67412
5.6479
5.64003
5.63979
5.64814
5.67079
5.64098
5.64194
5.64194
5.65195
5.67698
5.63502
5.64003
5.64218
5.65505
5.64504
5.64194
5.66506
5.66602
5.63908
5.70607
5.6529
5.64194
5.62692
5.64718
5.65004
5.66506
5.64814
5.66101
5.63908
5.63502
5.68604
5.66697
5.65386
5.65505
5.63884
5.63812
5.64718
5.65314
5.69582
5.63002
5.65195
5.63693
5.67102
5.65386
5.66697
5.62906
5.64218
5.63121
5.66506
5.65886
5.66006
5.66196
5.6479
5.64289
5.66196
5.64408
5.6572
5.64814
5.71489
5.64003
5.64814
5.687
5.67317
5.67389
5.65004
5.64003
5.64694
5.64098
5.65195
5.66792
5.66697
5.63598
5.65195
5.65004
5.65004
5.6591
5.64003
5.64003
5.64885
5.67913
5.65195
5.65696
5.651
5.64694
5.63598
5.66387
5.65791
5.71895
5.64504
5.66196
5.66292
5.64408
5.64814
5.64098
5.65886
5.67603
5.64194
5.68008
5.70297
5.67889
5.63693
5.64194
5.6541
5.65219
5.64814
5.67198
5.63788
5.63693
5.68795
5.66792
5.61905
5.64122
5.64814
5.63908
5.67293
5.65886
5.66912
5.64194
5.67102
5.69391
5.64408
5.66387
5.65696
5.64289
5.70011
5.65815
5.66697
5.66101
5.62119
5.63812
5.656
5.64718
5.67603
5.65696
5.6479
5.651
5.66602
5.6448
5.64504
5.63788
5.64909
5.68795
5.67412
5.63884
5.6529
5.69415
5.63598
5.6572
5.64599
5.64599
5.62906
5.6622
5.66506
5.66697
5.66292
5.66387
5.67412
5.66697
5.64098
5.63312
5.64981
5.651
5.63598
5.63693
5.64289
5.64098
5.66983
5.65314
5.656
5.68509
5.63121
5.6541
5.62406
5.64408
5.63812
5.63598
5.67579
5.64694
5.64504
5.62906
5.65505
5.66888
5.71012
5.66196
5.62906
5.67198
5.66602
5.67293
5.61595
5.66602
5.64098
5.687
5.66387
5.62191
5.66101
5.65386
5.69797
5.62096
5.64694
5.66006
5.63216
5.66721
5.68604
5.66888
5.66292
5.64194
5.651
5.64408
5.6951
5.64313
5.63884
5.6901
5.66411
5.66792
5.62
5.62787
5.67198
5.65982
5.64814
5.64122
5.66316
5.63312
5.66387
5.6231
5.65004
5.65791
5.64599
5.66292
5.64694
5.65505
5.63002
5.67508
5.63598
5.63717
5.66006
5.66697
5.66101
5.64003
5.67603
5.67794
5.68795
5.6622
5.64694
5.64098
5.63383
5.62906
5.64384
5.65004
5.6479
5.65886
5.62692
5.65791
5.63502
5.66578
5.64218
5.64504
5.67102
5.63383
5.68604
5.65696
5.64981
5.651
5.66602
5.68509
5.65696
5.64408
5.65386
5.6119
5.65505
5.64384
5.6541
5.72586
5.66006
5.63097
5.64718
5.6572
5.687
5.64003
5.66792
5.64909
5.63312
5.63502
5.64814
5.66816
5.687
5.6622
5.64718
5.64098
5.66316
5.64814
5.67508
5.69487
5.64098
5.651
5.69391
5.64694
5.6479
5.65386
5.63717
5.64194
5.63478
5.65505
5.63502
5.656
5.63288
5.67889
5.64909
5.67508
5.66697
5.64384
5.66912
5.63788
5.66101
5.6448
5.63908
5.67698
5.6529
5.63192
5.6529
5.64003
5.66387
5.62
5.66196
5.65982
5.65505
5.64599
5.63216
5.63216
5.64003
5.656
5.6529
5.63598
5.65886
5.65505
5.63288
5.656
5.64694
5.64694
5.64408
5.6231
5.68581
5.65815
5.67818
5.67508
5.64885
5.69201
5.63502
5.63693
5.6448
5.65815
5.64194
5.64909
5.66292
5.65195
5.66983
5.66506
5.67389
5.6529
5.64814
5.62596
5.63502
5.6541
5.63097
5.66101
5.63407
5.62906
5.64909
5.66697
5.66912
5.65195
5.63502
5.69701
5.64885
5.64814
5.70202
5.651
5.63788
5.62811
5.63288
5.64599
5.70297
5.69201
5.64098
5.63312
5.66387
5.67198
5.66792
5.62
5.66602
5.66697
5.66196
5.64098
5.6541
5.63192
5.64098
5.63288
5.6541
5.6622
5.64504
5.66292
5.65195
5.65696
5.64289
5.66101
5.67389
5.63002
5.65004
5.64098
5.67412
5.64408
5.66196
5.64313
5.65481
5.64098
5.67102
5.64384
5.64909
5.64218
5.64408
5.66387
5.6529
5.66292
5.67794
5.65195
5.6839
5.64003
5.69391
5.65791
5.64408
5.66483
5.66602
5.67007
5.67102
5.67794
5.64003
5.66292
5.67579
5.63502
5.63502
5.64909
5.65386
5.64814
5.67412
5.66101
5.64718
5.66697
5.62811
5.65386
5.6541
5.68509
5.63288
5.64694
5.63002
5.65696
5.67102
5.63192
5.65004
5.64194
5.66792
5.65195
5.64814
5.61595
5.64313
5.63812
5.68891
5.656
5.66387
5.65505
5.63908
5.72491
5.65195
5.67698
5.64504
5.63598
5.65791
5.64599
5.66196
5.64384
5.6591
5.68008
5.64289
5.64194
5.67293
5.64694
5.66602
5.64599
5.651
5.63121
5.68795
5.66006
5.65004
5.63002
5.67603
5.67889
5.6529
5.6541
5.62477
5.67484
5.66101
5.67698
5.64098
5.64098
5.70393
5.64098
5.66006
5.64694
5.67102
5.62906
5.6529
5.6529
5.67698
5.64408
5.6529
5.66101
5.66506
5.64814
5.65386
5.65195
5.65195
5.63312
5.67102
5.67508
5.62596
5.63288
5.67198
5.67985
5.66292
5.64218
5.6951
5.67412
5.6479
5.63502
5.66196
5.64599
5.67412
5.62787
5.66387
5.62811
5.64384
5.6119
5.67293
5.65505
5.67293
5.63097
5.66292
5.656
5.6529
5.67007
5.64003
5.66101
5.66292
5.68485
5.62
5.71394
5.65791
5.65314
5.66101
5.63312
5.63002
5.64313
5.64599
5.64194
5.65004
5.7168
5.64313
5.67698
5.66196
5.66196
5.64814
5.65791
5.63598
5.63908
5.64194
5.63884
5.67603
5.65195
5.63884
5.62286
5.63097
5.64504
5.656
5.64718
5.6541
5.65386
5.66602
5.62191
5.65505
5.651
5.69201
5.651
5.64599
5.65791
5.6529
5.63288
5.67198
5.67508
5.65004
5.62906
5.69415
5.67484
5.67508
5.62596
5.63097
5.62882
5.64408
5.66602
5.66316
5.63908
5.67889
5.67913
5.6982
5.62906
5.64003
5.65505
5.64408
5.66912
5.62286
5.64909
5.64408
5.656
5.63383
5.6479
5.67007
5.64599
5.68795
5.66411
5.63097
5.63598
5.65791
5.64408
5.66006
5.64098
5.62406
5.63502
5.63097
5.63192
5.64384
5.65314
5.66506
5.65791
5.63908
5.63812
5.63884
5.63002
5.65505
5.66292
5.65791
5.64194
5.63502
5.67698
5.63216
5.6541
5.64289
5.67698
5.6479
5.67794
5.63407
5.67412
5.6529
5.62596
5.70297
5.63908
5.64289
5.63312
5.65982
5.67007
5.62692
5.6529
5.64003
5.63383
5.65791
5.66411
5.64885
5.65791
5.65886
5.651
5.67698
5.64504
5.66912
5.63502
5.66506
5.66602
5.64885
5.63192
5.64408
5.66196
5.6591
5.687
5.65314
5.63812
5.67794
5.65481
5.656
5.63192
5.63908
5.66101
5.68199
5.66006
5.67102
5.6591
5.65791
5.62
5.62096
5.66888
5.64003
5.687
5.62501
5.63216
5.6572
5.64098
5.64313
5.66316
5.6622
5.65815
5.64599
5.64194
5.656
5.66411
5.63407
5.66387
5.64003
5.64003
5.66912
5.67603
5.64599
5.64313
5.66602
5.687
5.64003
5.68104
5.63598
5.65886
5.66888
5.656
5.656
5.66697
5.62215
5.651
5.63121
5.651
5.6181
5.66411
5.63288
5.656
5.64194
5.66483
5.66912
5.65386
5.67007
5.64694
5.66602
5.6119
5.64694
5.66506
5.66196
5.65982
5.65505
5.67198
5.68795
5.65982
5.67603
5.656
5.66316
5.66196
5.68199
5.70107
5.68199
5.63216
5.64599
5.66316
5.68604
5.69296
5.67603
5.63812
5.651
5.6262
5.66006
5.67102
5.65481
5.65004
5.65791
5.64599
5.63884
5.67293
5.66006
5.64289
5.687
5.67698
5.64003
5.65791
5.63312
5.64814
5.61786
5.66387
5.651
5.64384
5.68199
5.66292
5.64694
5.63502
5.65696
5.67698
5.63502
5.64909
5.62882
5.63312
5.66196
5.66316
5.6138
5.66697
5.68008
5.66888
5.62191
5.63908
5.64408
5.64885
5.66006
5.656
5.69701
5.64218
5.63383
5.62906
5.64194
5.6479
5.63598
5.63407
5.66411
5.66292
5.64599
5.64384
5.64408
5.69081
5.63002
5.66101
5.63502
5.64599
5.67007
5.64885
5.64003
5.64885
5.66101
5.66888
5.6591
5.66697
5.63693
5.63908
5.65481
5.62811
5.65505
5.67007
5.6622
5.65386
5.64504
