7.12395
5.65195
5.63693
5.67389
5.68104
5.64599
5.65886
5.64694
5.64694
5.63097
5.66387
5.64098
5.68795
5.67698
5.65195
5.65505
5.66697
5.63598
5.64504
5.67698
5.65195
5.63908
5.65886
5.69201
5.64599
5.64194
5.66983
5.63312
5.69415
5.64384
5.64504
5.64194
5.64885
5.6591
5.64694
5.65386
5.67293
5.63693
5.64194
5.6591
5.6572
5.64814
5.66101
5.64599
5.62096
5.63002
5.65386
5.6591
5.66292
5.64098
5.67079
5.64814
5.63693
5.6479
5.66196
5.65505
5.63908
5.65696
5.66506
5.63812
5.6541
5.62596
5.67603
5.66411
5.63884
5.66792
5.64599
5.64599
5.64194
5.68485
5.6591
5.62596
5.62596
5.64003
5.64814
5.66816
5.63717
5.60689
5.64194
5.63288
5.656
5.63908
5.63502
5.6231
5.68295
5.63788
5.67389
5.64504
5.66483
5.63407
5.64694
5.65791
5.63407
5.65314
5.66196
5.6529
5.67293
5.70297
5.64003
5.61786
5.66196
5.64098
5.63192
5.63908
5.66602
5.64408
5.64504
5.64909
5.62596
5.65386
5.62906
5.65982
5.6231
5.66697
5.64098
5.64289
5.65505
5.64504
5.63908
5.6529
5.66602
5.656
5.656
5.64909
5.68295
5.64885
5.6541
5.63812
5.65505
5.64003
5.63002
5.65982
5.651
5.65886
5.63908
5.64504
5.66196
5.61404
5.69797
5.63693
5.66602
5.64909
5.66602
5.64313
5.64599
5.687
5.63502
5.64289
5.651
5.6591
5.62811
5.63884
5.6541
5.63097
5.63622
5.63717
5.64313
5.64694
5.66721
5.65219
5.64599
5.63407
5.64814
5.65386
5.63502
5.65815
5.66316
5.64599
5.63192
5.62596
5.63693
5.64384
5.67603
5.651
5.62978
5.64194
5.7261
5.64694
5.64694
5.65195
5.67794
5.64194
5.67198
5.63979
5.65195
5.63192
5.63884
5.64003
5.63693
5.656
5.64003
5.63502
5.6479
5.72801
5.656
5.68485
5.63908
5.656
5.70703
5.60689
5.66006
5.67007
5.651
5.67484
5.66101
5.64098
5.66602
5.64194
5.64814
5.64599
5.6591
5.69487
5.65791
5.63502
5.64194
5.63383
5.64909
5.67222
5.64098
5.64599
5.65195
5.67007
5.65004
5.64098
5.68604
5.65791
5.63884
5.64194
5.65505
5.63192
5.656
5.61595
5.62501
5.62191
5.65386
5.64003
5.6479
5.6181
5.66912
5.63192
5.66888
5.69606
5.64003
5.63812
5.66602
5.66316
5.63908
5.63097
5.66888
5.64408
5.64599
5.64313
5.66387
5.656
5.63002
5.64408
5.64384
5.64194
5.64909
5.65004
5.67698
5.63383
5.68604
5.64098
5.63192
5.65982
5.68199
5.67389
5.6591
5.66721
5.63812
5.67889
5.65505
5.66506
5.6622
5.65219
5.60808
5.67985
5.62406
5.66292
5.66387
5.62906
5.63788
5.63908
5.6808
5.70202
5.656
5.63717
5.66483
5.63812
5.6448
5.63502
5.62406
5.64218
5.63002
5.62096
5.64194
5.63693
5.64909
5.63598
5.66196
5.63788
5.64504
5.64289
5.64504
5.66006
5.66888
5.64909
5.62787
5.63502
5.651
5.64814
5.62596
5.6572
5.63407
5.63288
5.65314
5.66101
5.64313
5.66792
5.67198
5.63502
5.67198
5.62787
5.64218
5.71299
5.66101
5.615
5.62811
5.64694
5.66101
5.63717
5.6479
5.65386
5.65004
5.66196
5.61094
5.63192
5.70297
5.64885
5.656
5.67698
5.63884
5.69296
5.66506
5.7199
5.65886
5.61905
5.64408
5.67293
5.67508
5.68008
5.64885
5.64194
5.63002
5.64003
5.67102
5.63908
5.63979
5.656
5.67198
5.63002
5.6839
5.67198
5.67603
5.67293
5.66411
5.69606
5.65505
5.63407
5.62286
5.62596
5.66506
5.66483
5.63717
5.62
5.66697
5.62286
5.64313
5.67508
5.64289
5.64814
5.64814
5.6138
5.63598
5.64003
5.6169
5.64814
5.62692
5.62596
5.64289
5.63598
5.656
5.64694
5.62191
5.64098
5.65982
5.67508
5.64289
5.63884
5.64313
5.63288
5.6529
5.62692
5.67102
5.66387
5.64313
5.65314
5.63884
5.63288
5.67317
5.66697
5.66006
5.6479
5.65791
5.67698
5.64885
5.67198
5.651
5.64599
5.69201
5.66316
5.651
5.62096
5.64408
5.63121
5.63002
5.6541
5.66006
5.64909
5.63717
5.63812
5.651
5.64289
5.64384
5.64909
5.6448
5.62215
5.64098
5.66697
5.656
5.651
5.66292
5.66888
5.64289
5.64194
5.66316
5.656
5.656
5.65791
5.65791
5.656
5.64194
5.68604
5.66101
5.67913
5.62382
5.66411
5.68795
5.66912
5.66101
5.64814
5.6839
5.66792
5.65386
5.66602
5.656
5.64003
5.6231
5.70607
5.64599
5.64504
5.63693
5.71704
5.65004
5.62501
5.6839
5.65004
5.6448
5.64694
5.71799
5.68795
5.62882
5.61905
5.65004
5.64694
5.6231
5.64003
5.61905
5.6479
5.68604
5.70703
5.63598
5.63002
5.64194
5.66792
5.66411
5.64504
5.67293
5.64194
5.66387
5.64194
5.65004
5.63097
5.65886
5.64599
5.63693
5.67007
5.63192
5.62787
5.66912
5.66912
5.64599
5.63502
5.65505
5.63383
5.65505
5.67698
5.64718
5.64218
5.64909
5.66006
5.63216
5.63812
5.61786
5.66292
5.63288
5.66602
5.68008
5.65314
5.65219
5.67102
5.65505
5.64504
5.66888
5.66602
5.65505
5.66292
5.65791
5.651
5.6529
5.63788
5.64003
5.65195
5.63502
5.63884
5.64098
5.66792
5.6529
5.67508
5.6529
5.64194
5.66101
5.62978
5.64194
5.63598
5.65195
5.63812
5.6541
5.63097
5.65886
5.62406
5.64098
5.63216
5.63717
5.65386
5.66292
5.67508
5.63002
5.67293
5.66411
5.63216
5.67102
5.64814
5.6541
5.59998
5.64814
5.67794
5.65004
5.651
5.62596
5.65314
5.67317
5.65505
5.6591
5.66292
5.64289
5.64599
5.65481
5.64098
5.66292
5.64313
5.66316
5.64599
5.64814
5.62882
5.63192
5.66912
5.65577
5.67102
5.64408
5.63288
5.656
5.66697
5.63478
5.64408
5.63598
5.65696
5.64623
5.65696
5.65505
5.66006
5.67412
5.66292
5.65195
5.651
5.66316
5.64981
5.67698
5.64599
5.66387
5.65004
5.67985
5.64003
5.656
5.63884
5.6529
5.63598
5.65219
5.63502
5.64408
5.64599
5.67102
5.65577
5.63002
5.64194
5.63502
5.651
5.66506
5.66292
5.65815
5.61905
5.651
5.6479
5.65791
5.67102
5.63788
5.63097
5.65505
5.68104
5.63002
5.6808
5.64003
5.63598
5.6448
5.66816
5.68795
5.65505
5.66483
5.6529
5.66292
5.65195
5.65314
5.64003
5.63002
5.64003
5.63812
5.65982
5.66697
5.65505
5.63502
5.66506
5.65886
5.66006
5.68604
5.6572
5.67198
5.63812
5.64313
5.66602
5.64504
5.64194
5.62692
5.66411
5.63002
5.67389
5.67698
5.65815
5.65505
5.63502
5.63192
5.64289
5.63002
5.656
5.64122
5.63502
5.65505
5.64289
5.651
5.656
5.66602
5.63407
5.64098
5.63812
5.65195
5.67698
5.63884
5.67007
5.64218
5.63622
5.62716
5.64909
5.63598
5.64504
5.65505
5.6541
5.63216
5.64909
5.6529
5.68891
5.65195
5.70011
5.65004
5.64504
5.65982
5.6591
5.67389
5.66387
5.68008
5.63884
5.687
5.67985
5.65815
5.63216
5.6231
5.66697
5.64098
5.67484
5.64504
5.64098
5.66101
5.64981
5.63216
5.64218
5.6448
5.65505
5.65982
5.66506
5.66292
5.67985
5.66101
5.64384
5.66506
5.65791
5.64909
5.66316
5.63312
5.63502
5.651
5.65195
5.67293
5.65815
5.66602
5.63908
5.64098
5.67508
5.66101
5.67007
5.62191
5.64694
5.64694
5.69201
5.64003
5.67317
5.63407
5.65886
5.65696
5.6541
5.66912
5.64194
5.64384
5.66316
5.6529
5.656
5.6181
5.65886
5.64814
5.6262
5.69105
5.6479
5.67198
5.66411
5.6262
5.64599
5.66602
5.64003
5.6479
5.66196
5.67198
5.64384
5.65004
5.656
5.65982
5.67603
5.63693
5.62596
5.63598
5.6622
5.67412
5.62501
5.62
5.65195
5.66411
5.63502
5.67508
5.65505
5.62692
5.64694
5.6839
5.6181
5.64981
5.62215
5.65195
5.64504
5.64289
5.66292
5.64814
5.64909
5.66888
5.656
5.63407
5.63908
5.67102
5.67913
5.66602
5.63788
5.66888
5.63407
5.62501
5.63812
5.63788
5.651
5.66387
5.66196
5.66792
5.6479
5.65696
5.63598
5.651
5.64003
5.64694
5.64694
5.651
5.68199
5.64408
5.64003
5.6951
5.66101
5.66411
5.651
5.63884
5.62501
5.651
5.64504
5.62906
5.67603
5.63216
5.65004
5.63598
5.64504
5.64718
5.6572
5.64313
5.64694
5.63502
5.66411
5.656
5.64814
5.651
5.64313
5.66101
5.62406
5.65195
5.63788
5.66697
5.65505
5.64122
5.63121
5.64599
5.68104
5.62787
5.66506
5.66697
5.63979
5.66602
5.64504
5.67698
5.66912
5.62787
5.65696
5.63693
5.64098
5.6448
5.651
5.67293
5.63693
5.6591
5.64718
5.65696
5.64504
5.69582
5.63908
5.65481
5.64218
5.64814
5.64098
5.63717
5.64909
5.64289
5.66101
5.63502
5.6622
5.63407
5.63502
5.66387
5.64599
5.64003
5.651
5.64408
5.63216
5.67722
5.64814
5.64814
5.64003
5.62286
5.60713
5.68295
5.64694
5.61786
5.63407
5.63717
5.64599
5.64408
5.66697
5.656
5.67913
5.64194
5.70488
5.62215
5.64909
5.69582
5.67818
5.66101
5.66101
5.64885
5.63407
5.66387
5.6529
5.64098
5.656
5.66792
5.6529
5.66101
5.61905
5.65696
5.66101
5.64599
5.65195
5.64599
5.66316
5.6529
5.6529
5.62596
5.64098
5.64384
5.62406
5.64981
5.66697
5.71299
5.64289
5.68295
5.651
5.64194
5.65314
5.66006
5.656
5.65195
5.67484
5.63097
5.6119
5.68414
5.64408
5.63693
5.66888
5.6479
5.64599
5.64814
5.64814
5.64098
5.61595
