10.8118
10.7219
10.7169
10.715
10.6931
10.6959
10.71
10.7081
10.7119
10.684
10.6881
10.726
10.7298
10.8809
10.7191
10.7589
10.731
10.7501
10.73
10.73
10.735
10.7059
10.7
10.72
10.726
10.711
10.7291
10.7219
10.7119
10.7322
10.6969
10.6869
10.7028
10.7028
10.741
10.7222
10.9191
10.7329
10.715
10.6671
10.721
10.7059
10.704
10.7131
10.7169
10.6859
10.7
10.7419
10.7172
10.705
10.7009
10.7181
10.7172
10.6959
10.7028
10.7038
10.6978
10.726
10.71
10.709
10.7241
10.7179
10.7009
10.7062
10.7059
10.7522
10.685
10.7279
10.715
10.6888
10.709
10.7241
10.705
10.6919
10.6981
10.7031
10.7131
10.6981
10.726
10.7119
10.725
10.7269
10.73
10.7172
10.695
10.72
10.6781
10.7031
10.726
10.695
10.7119
10.7069
10.7009
10.6871
10.7241
10.7031
10.685
10.705
10.7131
10.7
10.7031
10.7191
10.715
10.6699
10.6831
10.6921
10.716
10.715
10.711
10.7038
10.715
10.69
10.6921
10.7391
10.7059
10.699
10.736
10.7238
10.7021
10.7
10.6921
10.7031
10.705
10.684
10.709
10.694
10.7272
10.7081
10.69
10.709
10.725
10.736
10.7269
10.7
10.7
10.7138
10.7288
10.7169
10.7431
10.704
10.705
10.6969
10.7529
10.715
10.6781
10.6959
10.7112
10.741
10.7081
10.7291
10.704
10.7181
10.9069
10.6978
10.685
10.7629
10.7191
10.7191
10.721
10.726
10.716
10.715
10.7059
10.7021
10.7062
10.7059
10.7188
10.685
10.6831
10.689
10.7598
10.7398
10.89
10.7231
10.725
10.7121
10.7391
10.7191
10.7291
10.679
10.7131
10.704
10.6971
10.675
10.6878
10.7141
10.6978
10.7009
10.6921
10.6621
10.699
10.695
10.709
10.721
10.7119
10.6859
10.6661
10.709
10.7191
10.694
10.709
10.7009
10.736
10.7238
10.715
10.709
10.7021
10.685
10.6859
10.6962
10.7028
10.6931
10.6759
10.6959
10.6862
10.709
10.6819
10.6959
10.6878
10.6852
10.721
10.7098
10.7319
10.7229
10.704
10.7141
10.684
10.73
10.7
10.6928
10.704
10.6969
10.695
10.7
10.7038
10.7138
10.7
10.709
10.74
10.6902
10.668
10.7
10.7181
10.7
10.6869
10.711
10.695
10.68
10.6871
10.72
10.7329
10.6909
10.705
10.7229
10.7138
10.7229
10.7288
10.7369
10.7062
10.7131
10.735
10.7169
10.7119
10.7188
10.7238
10.715
10.715
10.6881
10.6678
10.6809
10.7009
10.6871
10.7341
10.705
10.6981
10.6902
10.7291
10.685
10.6931
10.7121
10.6981
10.704
10.7181
10.715
10.716
10.7081
10.7291
10.7241
10.72
10.705
10.721
10.6909
10.6761
10.74
10.7272
10.7229
10.7079
10.71
10.721
10.7081
10.711
10.7369
10.689
10.6962
10.7081
10.7129
10.7059
10.704
10.752
10.905
10.7028
10.762
10.7291
10.695
10.6912
10.7119
10.695
10.7079
10.7388
10.7121
10.704
10.7481
10.71
10.7131
10.685
10.7419
10.699
10.7229
10.7079
10.746
10.7131
10.7229
10.9
10.6881
10.7169
10.7009
10.68
10.715
10.689
10.7231
10.7019
10.699
10.7188
10.71
10.711
10.7419
10.7338
10.7028
10.716
10.6862
10.7019
10.7121
10.7121
10.716
10.6838
10.6769
10.6649
10.7272
10.685
10.7062
10.7429
10.7112
10.675
10.673
10.7052
10.6769
10.7369
10.699
10.689
10.6611
10.704
10.694
10.71
10.7312
10.7028
10.69
10.6809
10.7021
10.6921
10.745
10.7331
10.7119
10.7291
10.694
10.7262
10.915
10.711
10.7121
10.896
10.6871
10.725
10.7079
10.747
10.7279
10.7138
10.7019
10.7021
10.7071
10.704
10.7019
10.6711
10.694
10.715
10.7038
10.711
10.7422
10.7119
10.6888
10.7179
10.7121
10.721
10.6978
10.71
10.699
10.7059
10.7021
10.6969
10.7069
10.7341
10.7112
10.6809
10.6812
10.695
10.6821
10.731
10.7021
10.72
10.7312
10.6969
10.7179
10.7329
10.7491
10.715
10.7369
10.7129
10.726
10.7241
10.731
10.704
10.7119
10.7429
10.7162
10.7219
10.7081
10.89
10.7419
10.6831
10.71
10.705
10.6909
10.725
10.7121
10.704
10.704
10.7059
10.7429
10.7031
10.6831
10.71
10.6859
10.6971
10.726
10.695
10.7181
10.69
10.7021
10.7069
10.7129
10.715
10.716
10.7172
10.6871
10.684
10.6921
10.716
10.715
10.6981
10.71
10.71
10.7069
10.6969
10.716
10.7059
10.711
10.7038
10.7448
10.7169
10.71
10.6592
10.7191
10.6971
10.9079
10.71
10.7019
10.684
10.7119
10.7071
10.7241
10.7269
10.7119
10.922
10.7219
10.7172
10.7229
10.7
10.6969
10.669
10.7069
10.7548
10.6969
10.6962
10.716
10.694
10.7028
10.7369
10.73
10.7129
10.752
10.721
10.709
10.7021
10.7319
10.7138
10.695
10.709
10.7169
10.7219
10.704
10.7229
10.7329
10.7
10.6969
10.7222
10.705
10.73
10.72
10.7069
10.7179
10.7019
10.7009
10.7191
10.6959
10.684
10.6978
10.7028
10.6959
10.7288
10.689
10.6981
10.7319
10.704
10.7112
10.695
10.7191
10.7172
10.7281
10.6959
10.7338
10.7212
10.7019
10.7119
10.7682
10.704
10.71
10.709
10.6821
10.7079
10.7129
10.7188
10.716
10.684
10.7062
10.674
10.7222
10.716
10.7231
10.7059
10.71
10.72
10.7179
10.711
10.709
10.7231
10.684
10.6971
10.6781
10.7069
10.6938
10.7009
10.6938
10.689
10.8528
10.6969
10.715
10.7141
10.6959
10.7069
10.71
10.89
10.8821
10.747
10.6881
10.7279
10.6881
10.7658
10.6769
10.715
10.694
10.7241
10.7341
10.7059
10.9119
10.7281
10.716
10.6959
10.72
10.7059
10.7119
10.7
10.7028
10.6778
10.711
10.6812
10.7059
10.7431
10.7141
10.6881
10.7031
10.7191
10.7231
10.7169
10.7291
10.7331
10.7369
10.7069
10.7031
10.699
10.725
10.7229
10.695
10.7269
10.7479
10.7279
10.684
10.7038
10.705
10.711
10.6711
10.699
10.736
10.715
10.7291
10.6921
10.705
10.705
10.7222
10.715
10.705
10.6969
10.7181
10.7009
10.6909
10.7021
10.726
10.7059
10.7229
10.7181
10.6931
10.7272
10.7079
10.7229
10.7212
10.7009
10.7341
10.7081
10.7172
10.6831
10.731
10.6909
10.7269
10.695
10.7379
10.7322
10.7291
10.6769
10.725
10.731
10.71
10.704
10.704
10.6821
10.7059
10.7069
10.699
10.6902
10.699
10.7169
10.7
10.747
10.6812
10.679
10.716
10.675
10.69
10.6859
10.7231
10.7141
10.7191
10.709
10.7238
10.757
10.711
10.7031
10.6981
10.7331
10.8831
10.7019
10.7069
10.7241
10.704
10.7229
10.73
10.7269
10.699
10.721
10.6459
10.7088
10.7179
10.6921
10.7069
10.7028
10.711
10.7059
10.6978
10.6809
10.694
10.6852
10.6831
10.7319
10.71
10.7081
10.6831
10.6821
10.7012
10.7539
10.7088
10.7119
10.731
10.7441
10.9141
10.73
10.7291
10.7579
10.7141
10.7188
10.7398
10.73
10.7319
10.7391
10.736
10.7338
10.7129
10.7179
10.71
10.7088
10.7329
10.6852
10.72
10.674
10.7028
10.71
10.7369
10.689
10.7398
10.6978
10.6969
10.6959
10.7031
10.699
10.695
10.705
10.68
10.6962
10.7229
10.7322
10.68
10.71
10.726
10.74
10.9291
10.71
10.6981
10.6909
10.7319
10.6671
10.725
10.6812
10.6921
10.69
10.7279
10.689
10.7021
10.745
10.689
10.7081
10.699
10.709
10.6871
10.6959
10.752
10.7639
10.7429
10.7172
10.704
10.6969
10.7019
10.884
10.7241
10.735
10.704
10.6931
10.9022
10.715
10.7031
10.7
10.6821
10.7322
10.711
10.6971
10.7331
10.6828
10.695
10.6599
10.6919
10.709
10.689
10.7
10.699
10.7131
10.6981
10.715
10.699
10.6909
10.716
10.716
10.7141
10.7181
10.7229
10.684
10.7331
10.7238
10.715
10.7069
10.6928
10.7188
10.7179
10.6869
10.7002
10.8941
10.6919
10.705
10.7191
10.716
10.725
10.6821
10.7179
10.695
10.7081
10.695
10.69
10.7112
10.71
10.6981
10.7169
10.6959
10.684
10.7071
10.745
10.7319
10.731
10.709
10.685
10.721
10.7138
10.7119
10.6871
10.7329
10.6828
10.72
10.7019
10.6959
10.7031
10.6969
10.7009
10.6812
10.7279
10.709
10.6981
10.689
10.669
10.72
10.7269
10.7031
10.711
10.7281
10.7219
10.7071
10.7059
10.7019
10.7169
10.7079
10.716
10.7341
10.6859
10.7279
10.7141
10.7071
10.731
10.7
10.7031
10.6931
10.6978
10.7
10.699
10.6759
10.6988
10.711
10.7012
10.675
10.6921
10.6921
10.7
10.689
10.7231
10.695
10.6988
10.7229
10.7181
10.6821
10.7121
10.7169
10.7388
10.6969
10.7441
10.711
10.7188
10.715
10.7121
10.7028
10.721
10.74
10.721
10.715
10.7191
10.7269
10.6828
10.7188
10.6931
10.7179
10.73
10.684
10.6981
10.7009
10.7181
10.6869
10.715
10.756
10.6919
10.725
10.6919
10.7
10.689
10.726
10.705
10.7291
10.7119
10.71
10.7
10.6881
10.6881
10.711
10.6859
10.7131
10.721
10.689
10.7131
10.7012
10.689
10.716
10.7131
10.711
10.71
10.7229
10.6902
10.7188
10.7059
10.711
10.74
10.6959
10.711
