20.37
20.231
20.2389
20.2231
20.2351
20.2188
20.2179
20.2372
20.2289
20.2119
20.2069
20.211
20.2179
20.1979
20.247
20.2141
20.241
20.2301
20.2041
20.216
20.2029
20.2119
20.215
20.236
20.216
20.237
20.206
20.2239
20.2179
20.215
20.2298
20.2191
20.227
20.2329
20.2079
20.2069
20.2041
20.2069
20.2329
20.2248
20.2579
20.196
20.2041
20.236
20.2222
20.2169
20.057
20.2141
20.21
20.2429
20.2229
20.2081
20.2181
20.2129
20.2179
20.231
20.2222
20.2191
20.2131
20.2219
20.2148
20.21
20.2079
20.1979
20.2091
20.2339
20.2129
20.2279
20.2241
20.216
20.232
20.2129
20.2229
20.2181
20.227
20.2062
20.2069
20.2181
20.2141
20.2332
20.2122
20.2179
20.2219
20.2091
20.2281
20.2219
20.2231
20.2069
20.22
20.215
20.22
20.2229
20.2191
20.205
20.2169
20.2179
20.1988
20.2391
20.1962
20.2179
20.2188
20.2332
20.2191
20.2169
20.226
20.1921
20.2072
20.2212
20.2131
20.221
20.231
20.21
20.2088
20.2081
20.2272
20.237
20.2398
20.2391
20.2222
20.2141
20.1991
20.2041
20.211
20.2398
20.216
20.2429
20.191
20.227
20.2279
20.2069
20.2231
20.2351
20.2169
20.201
20.2229
20.2081
20.226
20.215
20.1969
20.2301
20.2072
20.2332
20.2219
20.206
20.2382
20.2291
20.225
20.2181
20.2379
20.215
20.221
20.246
20.2129
20.2088
20.206
20.1972
20.2119
20.2162
20.2351
20.2081
20.2291
20.2169
20.211
20.2131
20.2169
20.232
20.231
20.2451
20.2129
20.206
20.2291
20.215
20.2
20.2248
20.2229
20.2122
20.2041
20.2169
20.2341
20.2041
20.2141
20.2122
20.2389
20.2179
20.2289
20.2069
20.221
20.211
20.196
20.215
20.216
20.21
20.1991
20.2129
20.2169
20.2379
20.2229
20.2022
20.2041
20.2229
20.225
20.211
20.215
20.2281
20.241
20.2088
20.215
20.2191
20.2138
20.225
20.237
20.206
20.215
20.22
20.22
20.216
20.2181
20.2181
20.236
20.2241
20.22
20.211
20.2188
20.231
20.211
20.2031
20.242
20.2119
20.2379
20.2031
20.225
20.231
20.1991
20.1962
20.1991
20.1981
20.221
20.221
20.216
20.2351
20.2241
20.211
20.2351
20.2329
20.225
20.2219
20.2279
20.205
20.21
20.1981
20.215
20.2389
20.2131
20.2351
20.215
20.2341
20.2041
20.2131
20.2069
20.2279
20.2079
20.2041
20.225
20.225
20.2188
20.2191
20.2489
20.242
20.2019
20.2272
20.2222
20.237
20.2169
20.2379
20.221
20.206
20.2188
20.231
20.2
20.227
20.216
20.22
20.2198
20.2401
20.225
20.226
20.2048
20.2172
20.2141
20.2231
20.2069
20.2279
20.2332
20.2339
20.2188
20.2229
20.2389
20.2272
20.19
20.215
20.2069
20.221
20.2279
20.2219
20.2131
20.2358
20.2029
20.2169
20.2219
20.221
20.2079
20.225
20.2229
20.2248
20.201
20.2239
20.2119
20.2351
20.215
20.2181
20.2191
20.225
20.1931
20.21
20.231
20.2119
20.2022
20.22
20.2279
20.215
20.236
20.2148
20.242
20.216
20.211
20.2069
20.227
20.2248
20.2281
20.2191
20.2241
20.1979
20.21
20.231
20.2198
20.2031
20.2198
20.2229
20.2179
20.226
20.2169
20.227
20.2429
20.246
20.2129
20.2138
20.2222
20.2041
20.2041
20.2181
20.211
20.1991
20.22
20.2079
20.2191
20.2351
20.211
20.2219
20.22
20.2172
20.2119
20.2339
20.2191
20.2091
20.201
20.2191
20.2141
20.2491
20.196
20.1981
20.22
20.201
20.2222
20.227
20.2241
20.216
20.2131
20.2229
20.2231
20.21
20.231
20.2389
20.2248
20.2181
20.2
20.231
20.205
20.2248
20.2172
20.2129
20.2138
20.2179
20.2091
20.2141
20.2031
20.211
20.2239
20.216
20.2138
20.2191
20.2098
20.226
20.1979
20.2439
20.2072
20.2351
20.2091
20.2379
20.241
20.1969
20.2279
20.2239
20.236
20.2191
20.2239
20.206
20.2148
20.21
20.2072
20.22
20.2272
20.2272
20.2379
20.1962
20.2031
20.2231
20.227
20.2181
20.2
20.2179
20.2081
20.2088
20.225
20.227
20.216
20.211
20.2119
20.2129
20.211
20.2281
20.216
20.195
20.2041
20.226
20.2091
20.2241
20.236
20.1991
20.2289
20.2162
20.2219
20.2272
20.221
20.2229
20.2222
20.2041
20.2091
20.2191
20.2181
20.2019
20.1969
20.2351
20.2289
20.201
20.225
20.206
20.1921
20.2119
20.2229
20.2172
20.22
20.211
20.2219
20.201
20.2169
20.226
20.1991
20.226
20.2088
20.227
20.226
20.2141
20.2341
20.2491
20.2088
20.2191
20.226
20.215
20.2129
20.2081
