41.9281
37.2438
37.2791
37.58
37.4022
37.4272
37.2372
37.559
37.0271
37.06
36.9821
37.1041
36.485
37.3759
36.9091
37.5042
37.1561
37.1079
37.1811
37.545
37.2081
37.4589
37.329
37.4389
37.194
37.8039
37.4088
36.865
37.5221
37.4241
37.3869
37.4551
37.1289
37.4019
37.096
37.226
37.0822
37.2171
37.5161
37.148
36.7441
37.5779
37.3609
37.075
37.7328
37.1041
37.2272
37.3471
37.2491
37.605
37.324
37.509
37.313
37.534
37.1599
36.9689
37.2381
37.0882
37.004
37.2601
37.652
37.8389
37.1301
37.3461
37.4801
37.225
37.4179
37.6439
37.7281
37.2441
37.385
37.4038
37.745
37.3111
36.926
36.9802
36.7692
37.0181
37.4711
37.4219
37.1029
37.5352
37.37
37.179
36.9089
37.457
37.03
37.2159
36.952
37.2779
37.137
37.5938
37.416
36.85
37.4432
36.8831
37.3411
37.3919
36.9668
37.281
37.4389
37.9081
37.1709
37.199
37.24
37.364
37.8129
36.9949
37.3919
37.5061
37.4181
37.2438
37.1671
36.9351
37.3101
37.07
37.257
37.432
36.9129
36.792
37.461
36.907
37.3368
37.1559
37.508
37.4198
36.963
37.194
37.7538
37.0691
37.329
37.1912
37.267
37.2319
37.3709
37.411
37.2791
36.9802
37.2829
37.04
37.1459
36.937
37.2331
37.6909
37.0128
37.1439
37.313
37.534
37.4639
37.447
37.4761
37.334
37.4122
37.0901
37.3259
37.22
37.035
36.839
37.5419
36.8941
37.286
36.9508
37.6661
36.9241
37.2572
37.179
37.034
37.7531
37.394
37.4329
37.2651
37.4401
37.447
37.1208
37.05
37.0839
37.0719
37.1439
37.4932
37.2961
37.3609
37.6019
37.174
37.4739
37.4489
36.7961
37.4711
37.3509
37.1728
36.8981
37.4591
37.5111
37.2732
37.2441
36.9961
37.1501
36.993
37.2159
37.5159
38.018
36.9642
37.066
37.564
37.1521
37.3609
37.292
36.9329
37.087
37.694
37.1599
37.288
37.1459
37.292
37.571
36.9198
37.256
37.576
37.467
37.487
37.394
36.8149
37.19
37.179
36.8509
36.911
37.3709
37.1029
37.3521
37.9
37.3769
37.5271
37.169
37.503
37.4231
37.153
37.1282
37.1411
37.4241
37.2469
37.647
37.0729
37.2059
37.4389
37.698
37.148
36.8822
37.0131
37.0688
36.8929
37.24
36.974
37.076
37.4641
37.6761
37.8129
37.231
37.324
37.132
36.8412
37.1029
37.5409
37.1439
37.5321
37.2841
37.2381
37.0898
36.88
37.2851
37.2639
37.5259
37.42
37.3979
37.0538
37.2241
37.0631
36.9961
36.9709
37.432
37.3819
37.324
37.2629
37.204
37.1811
37.1819
37.442
37.1819
37.3909
36.8869
37.097
37.4391
36.8831
37.0469
37.262
37.1511
37.169
37.1342
37.4432
37.369
37.7719
37.1411
37.2722
37.215
37.394
37.4379
37.7312
37.4441
37.1561
37.0049
37.2901
37.4119
37.5152
37.4482
37.2391
37.406
37.2751
37.1668
37.0669
37.8869
37.2
37.4339
37.3111
37.2541
37.7152
37.1821
37.3619
37.199
37.2829
37.205
37.255
36.571
37.4851
37.7221
37.246
37.2438
37.271
37.0381
37.7369
36.778
37.4901
37.1661
37.2908
36.953
37.1859
37.2529
37.576
36.8142
37.2472
37.328
37.3559
37.365
36.9608
36.9799
37.6029
37.349
37.1718
36.9339
37.308
37.179
37.5659
37.1521
37.7591
37.6401
37.416
37.277
37.112
36.8109
37.0519
37.039
37.1711
37.313
37.8759
37.776
37.4689
37.2288
37.631
37.2908
37.2131
37.061
36.947
37.2229
37.3249
37.2519
37.2338
37.142
37.3321
37.159
37.6
37.3471
37.255
37.1799
37.2729
36.6769
37.4188
37.4219
37.226
37.0419
37.0729
37.2319
36.8869
37.153
37.616
37.4379
36.993
37.257
37.137
37.4048
36.9411
37.0362
37.0061
37.2
37.0309
37.035
37.272
37.3919
37.1358
37.3631
37.3471
37.9128
37.466
37.07
37.113
37.3449
37.6329
37.406
37.1699
37.282
37.3981
37.111
37.54
37.478
37.1001
37.426
37.4222
37.25
37.2829
37.0128
37.0791
37.529
37.2419
36.8929
37.1509
37.569
37.4708
37.174
37.1869
37.293
37.7228
37.4169
37.1311
37.287
37.039
36.917
37.6041
37.2212
37.5402
37.3251
37.05
37.4069
37.4589
36.726
37.6801
37.7831
37.5161
36.7732
37.4408
37.4229
37.2431
37.267
37.1549
37.3209
37.2901
37.5841
37.2529
37.1418
37.025
37.617
37.2081
37.1559
37.127
36.854
36.675
37.0388
37.5481
37.1511
37.159
37.2169
37.534
37.4851
36.9911
37.364
37.4229
37.1881
37.4072
36.85
37.3809
37.5609
37.164
37.684
37.539
37.209
37.955
37.5359
37.112
37.312
36.9821
37.3459
37.365
37.255
36.9811
37.313
37.3459
37.138
36.8049
37.3852
37.024
37.3268
37.154
37.262
37.456
37.282
37.4839
37.3449
36.8519
37.2889
37.401
36.921
37.3042
37.3151
37.183
37.1089
37.2169
37.3039
37.3762
37.8211
37.215
37.1182
37.6041
37.4391
37.215
37.03
37.2159
37.2448
36.9282
37.051
37.36
36.9439
37.236
37.431
37.3008
37.087
37.451
37.142
37.359
37.2839
37.3631
37.4119
37.112
37.4022
37.307
37.379
37.4691
37.3318
37.37
37.2479
37.3499
37.143
37.1461
37.4801
37.291
36.9921
37.2639
37.1819
37.1609
37.117
37.3809
37.3828
37.328
37.0712
37.816
37.441
37.1389
37.317
37.5202
37.0011
36.8681
37.6809
37.221
37.426
37.266
37.5309
36.8109
36.958
37.5888
37.142
36.798
37.4842
37.2522
37.225
37.673
37.5311
37.544
37.3781
37.1621
37.291
37.461
37.0688
37.384
37.112
37.3421
36.936
37.488
37.4959
37.323
36.8428
37.3681
36.9091
37.3011
37.2798
37.1721
37.4169
37.709
37.3449
37.7562
37.0052
37.2992
37.4789
37.329
37.2338
37.358
37.164
36.876
37.1571
37.22
37.38
36.9971
37.178
36.742
37.3621
36.962
37.3502
37.1451
37.298
37.5769
37.292
37.4629
37.4522
37.3731
36.9742
37.065
37.1881
37.0302
37.1971
37.1501
37.2481
36.9051
36.953
37.329
37.0569
37.0159
37.086
37.1571
37.231
37.1799
36.8891
37.617
36.859
37.4889
36.7808
37.3161
37.024
36.9608
37.3609
37.117
36.9711
36.7239
36.6619
37.2319
37.5459
37.4172
37.596
37.2889
37.5221
37.817
37.7131
37.617
37.1521
37.3402
37.2989
37.2999
36.777
37.1921
36.936
36.628
37.4379
37.286
37.2369
37.545
37.6661
37.7328
37.333
36.9
37.3981
37.288
37.236
37.256
37.2498
37.2169
37.189
36.948
37.375
37.3979
37.806
37.3702
37.1239
37.2
37.775
36.8011
36.9718
37.5431
36.9911
37.0681
37.503
37.317
37.2829
36.8772
37.529
37.6041
37.41
37.3828
37.2839
37.091
37.164
37.5159
36.943
37.1861
37.493
37.2541
37.5941
37.1809
37.58
37.4441
37.5121
37.2009
36.9182
37.359
37.2651
36.7012
37.4441
36.998
36.7479
37.359
37.045
36.9139
37.477
37.2479
37.0131
37.1661
37.699
37.313
37.2999
37.199
36.895
37.2829
37.3838
37.509
37.3559
37.0951
37.2992
37.4331
36.967
37.0669
37.3521
36.8209
37.5299
37.653
37.8509
37.5199
37.2219
36.8171
37.0512
37.2679
37.349
36.936
37.0522
37.0719
37.4579
37.343
37.4711
37.4398
37.313
37.0228
37.0879
37.5869
37.37
37.3049
37.2798
37.1311
37.837
37.2028
37.092
37.082
37.0219
36.973
37.7011
37.2102
37.509
37.209
36.8502
37.3671
37.9531
37.3571
36.6819
37.2341
37.6911
37.3211
36.7889
37.39
37.1649
37.3681
37.1969
37.071
37.112
37.4601
37.5609
36.855
37.3309
37.081
37.4162
37.1192
37.009
37.2169
37.6339
37.221
36.721
37.111
37.3781
36.916
36.7708
37.1411
37.287
37.025
37.36
36.9272
37.4272
37.328
36.818
37.0851
36.9151
37.0281
37.0891
37.1799
37.1752
37.539
37.6279
37.2829
37.6291
37.462
37.442
37.4351
37.1771
37.236
37.451
37.287
37.245
37.8852
37.5872
37.2121
37.4851
37.375
37.3781
36.9809
37.2341
37.3471
37.369
37.2889
36.9661
37.2231
37.482
37.37
37.03
37.2801
37.483
36.968
37.4529
37.0829
37.3142
37.781
37.39
37.37
37.5931
37.117
37.2729
36.849
36.937
37.1931
37.08
37.8389
37.4031
37.4801
37.9758
37.194
37.3549
37.03
37.291
36.7858
37.2801
37.6089
37.5969
37.3421
37.0281
37.2229
37.627
37.044
37.154
37.256
37.3142
37.571
37.4269
37.816
37.3299
36.9899
36.834
37.468
37.4551
37.569
37.334
37.2579
37.25
37.694
37.761
37.2279
37.6139
37.0531
37.2682
36.9892
37.009
37.4079
37.2081
36.643
37.107
37.127
37.324
37.096
37.06
36.8829
37.3058
37.323
37.4
37.4441
37.6232
37.513
37.1718
37.03
37.219
37.0781
37.693
37.5819
36.9029
36.9589
37.1039
37.2059
37.127
36.9229
37.2429
37.641
37.5199
37.4532
37.333
37.164
37.2519
37.2298
37.3061
36.983
37.6251
37.2379
37.271
37.5471
37.5211
37.4341
37.2748
37.173
37.246
37.1661
37.221
37.4501
37.267
36.979
37.0719
37.2989
36.9689
37.087
37.3061
37.482
37.086
37.451
37.5891
37.0049
37.5819
37.529
37.3461
