187.814
182.162
184.502
184.934
180.688
181.273
181.189
175.666
175.595
167.658
163.797
163.924
163.731
161.636
158.985
154.512
152.888
145.353
144.854
144.854
141.885
141.27
144.6
146.306
146.639
146.537
146.688
146.833
145.848
143.133
146.693
148.032
148.204
144.844
144.434
144.021
143.988
143.926
144.015
143.943
144.045
144.191
143.982
144.092
144.116
144.114
144.107
143.848
144.198
144.14
143.955
143.958
143.114
144.013
144.147
143.867
143.967
143.902
143.906
143.965
144.2
143.949
144.086
143.967
144.046
143.973
143.99
144.006
144.157
143.883
143.919
143.86
143.895
143.906
143.968
143.991
142.782
143.991
143.802
143.908
144.023
143.949
144.144
143.926
144.043
144.039
143.904
143.992
144.132
143.978
143.949
143.908
144.161
143.873
144.094
144.124
143.836
143.91
143.955
144.044
