54.4851
54.605
54.0421
53.9958
54.3389
54.0109
54.004
53.6861
54.0411
53.8402
54.0221
53.829
53.843
54.5101
53.9851
53.4761
53.829
53.9021
54.1072
53.617
54.055
53.7488
54.275
54.0321
54.3621
53.889
54.0931
53.93
53.688
54.189
53.8762
54.328
53.9091
53.9379
54.559
53.9899
53.489
53.9181
54.0249
54.3499
54.0681
53.8809
54.1558
54.2591
54.1172
54.1129
54.1079
54.2939
54.003
53.812
53.987
54.028
54.0891
53.9808
53.8061
54.3211
54.2469
54.0838
54.5909
53.5471
54.0001
53.843
54.09
54.1859
53.869
54.1148
53.9999
53.977
53.885
54.091
53.7021
54.0171
54.085
54.4701
54.0709
53.951
53.6208
54.353
53.848
54.136
53.9229
54.1458
53.453
53.967
54.1201
53.9889
53.7291
53.757
54.0621
54.2111
53.9091
54.111
54.002
54.1248
53.901
53.9291
54.3051
54.112
54.137
54.0972
54.3401
54.3602
53.7472
54.0531
54.0371
54.189
53.926
54.4488
54.122
53.8731
53.874
54.5111
53.9711
53.787
53.745
53.988
54.1601
53.9491
54.029
53.71
54.152
54.2979
54.0369
54.2741
53.9911
53.8702
53.9191
53.9181
53.798
54.431
53.7939
53.8762
53.7331
53.766
53.735
54.1701
53.8661
54.1041
53.7541
54.034
53.7069
53.926
54.3389
53.8409
54.738
54.065
54.1999
53.678
54.0431
53.889
54.2359
53.8189
53.9351
53.7419
54.086
53.7419
54.399
54.0659
53.8099
53.9629
54.1768
54.179
54.2421
53.7412
54.2681
53.7429
54.0071
53.9141
54.075
53.633
53.71
54.1451
53.817
54.26
53.91
54.2829
54.07
54.0261
53.9572
54.122
53.793
54.1501
54.5168
54.6029
54.0149
53.853
54.0321
54.2228
54.1859
54.014
53.88
54.3251
53.6411
54.419
53.401
54.0149
53.668
53.6911
54.0462
54.1739
54.08
54.2271
53.6261
54.0061
53.9072
53.932
54.1091
53.838
53.4952
53.925
54.1739
53.9072
53.9911
53.9761
54.05
53.966
54.312
54.5261
54.0531
53.874
53.8881
53.9651
54.0099
53.658
53.8149
54.1999
53.823
53.977
54.0729
54.4379
53.9601
54.3251
54.1441
54.0409
53.8929
54.2951
54.0061
53.998
54.1141
54.045
54.0519
54.5108
54.044
53.993
53.988
53.9868
54.4331
53.9789
54.0249
54.0681
54.63
54.157
54.2011
54.1441
53.7422
54.163
54.136
53.9608
54.1501
54.208
54.28
54.09
54.04
53.875
53.977
54.1508
54.6401
54.0121
53.8979
54.033
54.2421
53.8061
53.7112
54.2381
54.2328
54.198
54.3301
53.9188
53.8599
53.9401
54.1251
53.6129
54.0061
54.0562
54.2009
54.0729
53.7469
54.317
54.6172
53.9889
53.8559
53.8929
54.26
54.0869
54.069
54.0349
54.0059
53.9351
54.3451
53.9541
54.117
53.9961
54.2591
54.23
54.3771
53.9451
54.3399
54.2488
54.4722
53.8201
54.2319
53.858
54.394
53.8809
53.889
53.812
54.2841
53.9861
54.2221
54.4419
53.714
54.199
54.0099
53.7231
53.988
53.6132
53.905
54.482
53.936
54.0018
53.8139
53.957
53.7639
54.3189
53.8359
54.3308
54.117
53.972
53.937
54.1689
53.961
53.7031
54.4131
54.368
54.131
54.189
54.2319
53.9699
54.142
53.741
53.937
53.6499
54.0879
53.75
53.8189
54.467
54.322
53.8812
53.9851
54.034
54.1029
53.987
53.8871
53.9892
53.961
54.1708
53.875
53.7651
54.07
54.1391
54.0011
54.2982
53.725
54.0261
54.1551
54.2171
53.9401
53.7829
53.9289
54.1599
54.2319
53.8239
53.7441
53.8518
54.0068
53.838
53.9222
53.7081
53.69
54.1048
53.736
54.0409
54.2231
53.9379
54.1239
54.291
53.9792
54.286
54.616
54.2822
54.26
54.2789
53.8979
53.9269
53.9892
54.1639
53.7889
53.9279
54.24
54.209
54.008
54.3261
54.4221
54.122
53.751
53.9811
54.0738
54.517
54.265
53.8621
54.065
53.8549
54.1501
54.281
54.013
53.915
54.224
53.997
53.719
54.106
54.311
53.8549
54.1511
53.859
54.1849
53.997
54.2161
54.076
54.0569
53.803
54.256
53.8859
53.7698
53.731
54.2369
54.2252
54.1511
54.0042
54.04
54.2679
54.132
54.4829
54.1761
54.4121
53.6201
53.87
53.8411
53.8809
53.9041
54.3339
53.75
54.163
54.1759
53.911
53.946
53.8669
54.0249
54.3818
54.0791
54.203
54.1489
53.884
53.8309
54.204
54.054
53.93
54.63
54.4391
54.2519
53.8418
54.6498
54.1711
54.074
53.9291
53.9868
53.8509
54.3909
53.654
54.136
53.695
53.6411
53.8568
54.1439
53.7989
53.561
53.9081
54.1542
54.105
53.6659
53.988
54.3389
54.2109
53.9248
54.028
53.7632
54.1101
53.627
53.915
54.0569
53.967
54.177
53.889
54.1179
53.683
54.213
53.839
54.1229
54.0829
54.0159
54.0218
54.009
54.1248
53.735
54.28
54.3108
53.8609
54.3909
53.5879
53.8371
54.3041
54.286
53.9849
53.8189
53.853
54.0631
54.358
54.3921
54.0409
53.8111
53.7591
53.9401
53.8549
54.039
53.9091
54.2352
54.225
53.6411
53.6311
53.8628
53.4639
53.9529
54.0912
53.69
53.988
54.445
54.4
54.0571
54.2572
54.0421
54.1279
53.9901
53.9281
54.57
53.9651
53.827
53.972
54.3489
53.931
54.179
53.8099
54.2419
54.1301
53.766
54.3449
53.8552
53.6311
53.7701
54.4679
54.1551
53.977
54.1329
54.2898
54.204
54.2572
54.4381
54.1
53.792
53.885
54.3852
54.1952
53.8819
53.679
54.2109
53.968
54.0619
54.2989
53.9029
54.0719
54.137
54.0571
53.6981
53.8518
54.23
53.56
53.5169
54.137
53.8871
53.9031
54.6708
53.684
54.1689
54.0402
54.2831
53.982
54.1439
54.3399
53.9231
54.2059
53.9181
54.0602
54.0919
54.3981
54.4891
54.199
54.003
54.5881
54.0709
54.1131
54.215
53.9351
54.018
53.828
53.622
54.199
54.08
54.009
54.0788
54.013
54.2021
54.266
53.9281
53.8771
53.906
53.4971
53.8259
54.0729
53.8609
54.1868
54.167
53.8979
53.91
54.4021
54.0962
53.9269
54.106
53.7422
54.069
54.7161
53.7388
54.4441
53.6969
54.0202
53.8549
53.901
54.034
53.8359
53.9999
54.446
54.2011
54.7171
54.2569
54.0221
54.1489
53.9088
53.8681
54.2111
53.818
53.8511
54.2641
53.7021
53.931
54.2018
54.224
53.9742
53.7088
54.0891
53.2811
53.88
54.137
54.3931
53.9591
54.338
54.141
54.065
54.3001
54.054
53.755
53.9799
54.2221
53.8321
54.327
54.1301
54.0452
53.925
54.1351
53.9441
53.8599
54.487
54.27
53.679
53.9379
53.8511
53.9851
53.9911
53.762
53.7939
53.9699
54.3301
53.6509
53.6749
54.2819
54.287
54.204
53.9041
54.1089
53.9689
54.4119
54.152
54.209
54.1301
53.916
54.225
54.2481
54.2321
53.9341
53.7841
54.3182
53.834
54.3821
54.075
53.952
53.92
53.9272
54.018
53.7808
54.3029
53.9231
54.0922
54.3749
53.6671
53.7322
54.0261
54.2631
53.7632
54.0178
53.853
54.1959
53.9441
54.0779
54.4159
53.8409
54.1499
53.9711
54.1689
53.7732
53.9889
54.2181
53.7419
53.745
54.3849
54.0321
53.8709
54.1501
53.9169
53.8321
54.107
53.8301
53.9789
54.0509
53.977
54.086
54.049
54.121
53.859
53.659
54.0311
54.3289
54.028
53.8008
54.1589
54.0299
54.2281
54.004
53.9861
54.1432
53.9279
54.106
54.081
53.9622
54.234
54.5409
53.8549
54.184
54.3661
54.152
53.468
54.127
54.1291
53.7331
54.2579
54.0309
54.157
53.9269
54.276
54.0299
54.1558
53.793
53.827
54.2889
54.0271
53.982
54.327
54.4651
53.7691
54.3661
54.1902
53.8831
53.7691
54.4779
54.2228
54.0869
54.1339
53.7319
54.3818
54.074
54.153
53.8089
53.9088
54.06
54.2269
54.0421
54.2431
54.0981
53.8442
53.9329
53.9689
54.184
54.3439
54.4579
53.967
54.1539
54.3761
54.1341
54.2631
54.235
53.894
53.9989
53.7608
54.096
54.059
54.317
53.987
54.188
54.22
54.2121
53.7941
53.663
53.9472
54.3289
54.075
54.121
53.9629
53.8049
54.0249
54.024
54.1501
53.8502
54.239
54.1079
54.1461
54.225
54.3211
53.6981
54.204
54.26
53.9589
53.658
53.6308
53.932
54.069
54.2951
54.2729
53.8108
54.3089
54.6279
53.7798
54.0209
53.961
53.968
53.7269
54.179
54.076
54.3721
53.9339
54.024
53.8239
54.1301
53.5612
54.004
54.0099
53.987
54.1739
53.8242
54.2409
53.992
53.8042
53.756
54.0559
53.8299
54.0459
53.8452
54.5511
53.7341
54.322
54.04
54.1699
53.5648
54.131
53.8311
54.0149
54.0938
54.0211
54.0261
53.838
54.3439
53.977
54.4729
54.179
54.1651
53.848
54.081
54.1148
54.3311
53.982
53.864
54.261
54.0042
54.311
54.0171
54.04
53.8979
54.2328
53.762
54.06
53.863
54.316
53.5679
54.3749
54.2419
54.2819
54.131
54.1921
54.002
53.906
53.7589
53.9739
54.013
53.916
54.1089
54.07
53.7829
53.9422
54.0531
53.7069
53.6411
53.7162
53.853
54.0178
53.7441
54.158
54.1089
53.973
53.8909
54.2972
54.0121
54.209
54.177
53.6451
53.818
53.844
54.1792
53.6799
53.6439
54.3139
54.5769
53.6399
54.3289
53.89
53.8602
54.018
