39.9239
39.8152
39.808
39.7928
39.7809
39.8259
39.8109
39.8152
39.8118
39.8109
39.803
39.8068
39.789
39.8121
39.8149
39.8219
39.798
39.814
39.808
39.813
39.798
39.7921
39.7801
39.8109
39.8068
39.814
39.818
39.7952
39.7971
39.8011
39.809
39.808
39.8099
39.808
39.8221
39.84
39.83
39.8061
39.8099
39.8209
39.803
39.809
39.818
39.8309
39.8118
39.8159
39.8152
39.8281
39.8331
39.8121
39.82
39.8278
39.7992
39.825
39.8142
39.818
39.7959
39.7842
39.7999
39.8042
39.7959
39.7818
39.793
39.7999
39.8152
39.794
39.7911
39.7971
39.789
39.8049
39.793
39.8078
39.7971
39.813
39.8049
39.798
39.7959
39.799
39.789
39.7959
39.818
39.7921
39.788
39.7952
39.7861
39.7849
39.794
39.7949
39.7921
39.8059
39.7961
39.803
39.7992
39.7949
39.804
39.8011
39.8099
39.8121
39.8002
39.799
39.8061
39.8121
39.8099
39.8021
39.834
39.818
39.813
39.8059
39.8152
39.803
39.808
39.7899
39.8078
39.7859
39.8002
39.8049
39.7992
39.8059
39.7899
39.8002
39.7999
39.8061
39.8099
39.7959
39.794
39.7789
39.8099
39.8071
39.783
39.8018
39.7961
39.7961
39.8111
39.809
39.808
39.7978
39.7849
39.803
39.8061
39.7961
39.798
39.8061
39.794
39.808
39.8002
39.804
39.814
39.7909
39.8111
39.8011
39.8159
39.8078
39.8009
39.7871
39.8111
39.809
39.824
39.7968
39.798
39.813
39.794
39.8049
39.7928
39.7868
39.7918
39.798
39.7949
39.8002
39.7918
39.8059
39.8049
39.8161
39.7959
39.7959
39.783
39.798
39.784
39.7909
39.7809
39.7861
39.784
39.8078
39.8078
39.8109
39.7902
39.8159
39.7918
39.808
39.813
39.803
39.7921
39.8049
39.782
39.778
39.794
39.778
39.799
39.7809
39.7909
39.7861
39.7789
39.784
39.7949
39.7999
39.7871
39.7952
39.7859
39.784
39.7949
39.7918
39.7899
39.793
39.789
39.778
39.818
39.7859
39.7959
39.783
39.7909
39.813
39.7949
39.8011
39.798
39.7971
39.798
39.7899
39.798
39.793
39.793
39.7902
39.7899
39.8061
39.8071
39.814
39.8061
39.799
39.7971
39.809
39.8061
39.8109
39.798
39.7871
39.818
39.8161
39.8099
39.829
39.8152
39.8021
39.7999
39.808
39.8009
39.8281
39.8099
39.8021
39.818
39.818
39.7999
39.8149
39.813
39.8278
39.8531
39.7911
39.7871
39.7849
39.8059
39.814
39.804
39.7971
39.7911
39.789
39.8052
39.8099
39.8052
39.8231
39.8171
39.8018
39.8118
39.798
39.8359
39.814
39.8159
39.8269
39.814
39.8281
39.8209
39.8109
39.8281
39.8281
39.8312
39.8359
39.8381
39.8281
39.83
39.8071
39.818
39.8228
39.824
39.819
39.8071
39.8109
39.8099
39.8099
39.8061
39.7999
39.825
39.8369
39.83
39.8221
39.819
39.82
39.8109
39.7952
39.803
39.8049
39.8171
39.8052
39.8159
39.818
39.8159
39.8259
39.814
39.8078
39.814
39.809
39.825
39.824
39.825
39.8099
39.8061
39.8021
39.808
39.799
39.804
39.8049
39.8111
39.8281
39.8209
39.8228
39.8428
39.8209
39.8161
39.8149
39.814
39.8109
39.8052
39.8118
39.7978
39.809
39.818
39.8011
39.8009
39.794
39.798
39.788
39.7849
39.7892
39.789
39.8011
39.7911
39.7909
39.782
39.808
39.8149
39.8059
39.809
39.819
39.8109
39.8042
39.814
39.813
39.814
39.8152
39.8049
39.8061
39.809
39.804
39.8102
39.798
39.814
39.814
39.809
39.8061
39.7959
39.8018
39.8169
39.803
39.8049
39.7978
39.8071
39.794
39.793
39.8078
39.834
39.808
39.8111
39.818
39.8149
39.8068
39.8128
39.798
39.8099
39.7968
39.784
39.799
39.803
39.8068
39.808
39.803
39.7999
39.8071
39.8149
39.7999
39.8042
39.809
39.803
39.813
39.813
39.8021
39.793
39.809
39.788
39.7921
39.7999
39.803
39.8111
39.8099
39.8061
39.798
39.8052
39.803
39.7961
39.798
39.8111
39.8049
39.798
39.8068
39.8169
39.7999
39.8011
39.804
39.793
39.8018
39.8049
39.799
39.8099
39.8171
39.8149
39.8121
39.818
39.7971
39.8059
39.793
39.809
39.8159
39.804
39.808
39.813
39.7961
39.804
39.813
39.8061
39.7971
39.818
39.8149
39.82
39.8171
39.8011
39.814
39.8171
39.8209
39.8099
39.803
39.803
39.8111
39.7961
39.8121
39.7971
39.82
39.8231
39.834
39.8252
39.799
39.8099
39.8178
39.8068
39.8219
39.8152
39.82
39.8228
39.8169
39.8049
39.8052
39.8121
39.8209
39.8231
39.818
39.8071
39.825
39.8161
39.8209
39.7999
39.794
39.8018
39.7918
39.8042
39.8118
39.8169
39.8111
39.8049
39.793
39.813
39.818
39.8071
39.8111
39.8109
39.814
39.8209
39.8109
39.8102
39.809
39.834
39.8211
39.819
39.8219
39.8312
39.8259
39.8409
39.8359
39.8159
39.818
39.8231
39.814
39.819
39.8018
39.8281
39.8209
39.819
39.8178
39.8231
39.8152
39.798
39.82
39.809
39.8111
39.8231
39.818
39.8021
39.8052
39.8109
39.8092
39.824
39.818
39.798
39.8121
39.824
39.7999
39.8169
39.793
39.8288
39.8228
39.8209
39.8171
39.809
39.8171
39.809
39.8109
39.824
39.8202
39.818
39.83
39.8071
39.8071
39.8061
39.804
39.8049
39.8149
39.8049
39.8009
39.809
39.8149
39.8149
39.825
39.8309
39.82
39.8309
39.8021
39.809
39.8171
39.814
39.8011
39.82
39.804
39.819
39.8118
39.8071
39.804
39.8018
39.8059
39.8111
39.819
39.8002
39.814
39.8149
39.8121
39.8099
39.7918
39.7868
39.8009
39.8121
39.7971
39.8002
39.7949
39.804
39.8109
39.8021
39.7971
39.819
39.8099
39.82
39.8161
39.8171
39.8209
39.814
39.7999
39.8011
39.8231
39.8021
39.8149
39.8021
39.803
39.803
39.8118
39.8118
39.9399
39.7761
39.7761
39.782
39.794
39.7761
39.7789
39.798
39.7749
39.783
39.7689
39.784
39.7601
39.778
39.772
39.768
39.767
39.7751
39.7739
39.7761
39.7751
39.777
39.7739
39.7689
39.7701
39.7758
39.7699
39.7739
39.7711
39.7651
39.7809
39.7818
39.778
39.7661
39.778
39.7661
39.7701
39.7739
39.7668
39.7818
39.7789
39.7861
39.784
39.7739
39.773
39.7799
39.7849
39.7921
39.7849
39.7851
39.767
39.7739
39.7651
39.7639
39.7789
39.7701
39.7689
39.7751
39.772
39.7861
39.778
39.767
39.7758
39.773
39.773
39.7701
39.7689
39.7871
39.7751
39.7639
39.7711
39.7799
39.789
39.794
39.788
39.783
39.7871
39.778
39.7742
39.768
39.7739
39.7792
39.7789
39.7789
39.777
39.7899
39.7909
39.7992
39.773
39.777
39.8011
39.783
39.777
39.7801
39.778
39.7751
39.7739
39.7761
39.7871
39.773
39.7849
39.7789
39.773
39.772
39.7758
39.7761
39.7761
39.778
39.783
39.7761
39.7661
39.767
39.7711
39.7751
39.7661
39.772
39.773
39.7921
39.773
39.7768
39.783
39.7689
39.8018
39.7818
39.7718
39.7818
39.7711
39.767
39.7749
39.7801
39.7871
39.7639
39.7792
39.7761
39.772
39.7758
39.7809
39.7811
39.7751
39.8169
39.7809
39.767
39.783
39.7761
39.7708
39.777
39.7761
39.7739
39.777
39.7742
39.778
39.773
39.7708
39.7658
39.7761
39.7949
39.7711
39.7761
39.772
39.7611
39.7561
39.757
39.7658
39.7699
39.7751
39.783
39.788
39.7959
39.798
39.794
39.778
39.7811
39.7999
39.804
39.788
39.7909
39.784
39.778
39.7801
39.7739
39.7761
39.762
39.7699
39.7792
39.7799
39.783
39.7859
39.7799
39.7682
39.782
39.7799
39.7809
39.7899
39.782
39.7899
39.778
39.798
39.7851
39.773
39.7799
39.7711
39.7711
39.784
39.7859
39.7701
39.7711
39.783
39.773
39.7801
39.762
39.7661
39.7799
39.794
39.7859
39.793
39.8059
39.7892
39.8169
39.793
39.783
39.7971
39.789
39.7961
39.819
39.8011
39.824
39.7978
39.7918
39.788
39.7899
39.798
39.798
39.7708
39.8009
39.7811
39.7911
39.788
39.783
39.788
39.794
39.7952
39.7811
39.782
39.803
39.7999
39.7842
39.7961
39.788
39.798
39.7871
39.784
39.7859
39.798
39.783
39.7921
39.793
39.7902
39.7949
39.7952
39.7949
39.7909
39.788
39.777
39.7761
39.7871
39.793
39.7859
39.794
39.7801
39.7959
39.7909
39.8009
39.7849
39.7799
39.784
39.8021
39.803
39.7942
39.783
39.7921
39.7751
39.798
39.777
39.7761
39.7801
39.782
39.7871
39.782
39.782
39.7999
39.7949
39.7789
39.789
39.793
39.783
39.8109
39.782
39.782
39.7868
39.7742
39.7849
39.7849
39.7789
39.7708
39.7849
39.7818
39.7968
39.7868
39.789
39.7909
39.7799
39.7902
39.7789
39.7701
39.7789
39.7909
39.783
39.7809
39.7789
39.778
39.768
39.782
39.7711
39.772
39.7871
39.7689
39.767
39.7711
39.782
39.7661
39.7739
39.7799
39.773
39.7799
39.7742
39.7711
39.7859
39.7909
39.783
39.7699
39.778
39.7761
39.7711
39.7789
39.767
39.7801
39.7749
39.7749
39.763
39.7758
39.7961
39.777
39.7851
39.7649
39.7711
39.7689
39.7701
39.7811
39.7639
39.7739
39.767
39.7751
39.7799
39.7689
39.772
39.772
39.7732
