37.601
32.4988
32.46
33.0029
32.501
32.8729
32.2499
32.0108
32.459
32.7711
33.088
32.2759
33.118
32.32
32.28
32.3949
32.222
32.67
32.2621
32.994
32.068
32.661
32.948
32.4371
33.2761
32.1848
32.4259
32.6409
32.45
32.7702
32.232
32.7299
32.191
32.1951
32.4349
33.1249
32.4039
32.4929
32.824
32.1741
32.3331
32.238
32.45
32.639
33.0379
32.5968
32.4991
32.5451
32.5301
32.3288
32.635
32.7098
32.2189
32.547
32.2881
32.114
32.1169
32.4149
32.4068
32.675
32.5952
32.805
32.2139
32.202
32.3179
32.279
32.3551
32.3191
32.3281
33.0808
33.0129
32.4469
32.563
32.1701
32.48
32.5301
32.5642
32.31
32.429
32.6149
32.1989
32.7342
32.3181
32.1889
32.5789
32.7239
32.4669
32.645
32.6171
32.294
32.0399
32.4421
32.3291
31.9681
32.1529
32.268
32.037
32.7001
32.3708
32.5589
32.1219
32.577
32.4211
32.4111
32.5611
32.1829
32.2008
32.4161
32.078
32.4981
32.212
32.557
32.51
32.4769
32.5339
32.4249
32.5372
32.5179
32.166
32.4361
32.3889
33.1988
32.429
31.987
32.609
32.3279
32.1259
32.217
32.4218
32.2909
32.7289
32.5859
32.372
32.583
32.4218
32.515
32.4261
32.3951
33.0532
32.542
32.3281
32.3122
32.2461
32.5341
32.129
32.4562
32.249
32.357
32.66
32.465
32.285
32.408
33.1719
32.769
32.114
32.4001
32.547
32.459
32.4221
32.2661
32.3191
32.6779
32.511
32.486
32.7568
32.896
33.0281
32.4719
32.6581
32.2371
32.1181
32.1388
32.4559
32.3939
32.726
32.1121
32.2611
32.696
32.377
32.6271
32.4221
32.5148
32.2309
31.795
32.0501
32.5141
32.8631
32.3281
32.3241
32.537
32.4361
32.584
32.27
32.182
31.9681
32.187
32.3148
32.6459
32.409
32.3081
32.3241
32.268
32.3629
32.2909
32.8238
32.465
32.872
32.31
32.5811
32.4261
32.0981
32.7179
32.7141
32.6951
33.1349
32.311
32.6428
32.5799
32.4709
32.9399
32.089
32.5081
32.7551
32.4681
32.609
32.0959
32.0709
32.577
32.9351
32.7048
32.1739
32.6982
32.2821
32.469
32.51
32.3911
32.4321
32.1569
32.3429
32.239
32.336
32.8159
32.5439
32.1929
32.2828
32.5689
32.084
32.5272
32.1951
32.3751
31.9791
32.7241
32.4991
32.7511
32.9671
32.505
32.3589
32.275
32.5899
32.6488
32.1939
32.454
32.0592
32.156
32.5439
32.342
32.4581
32.0921
32.589
32.47
32.4121
31.9672
32.3911
32.4788
32.445
32.2452
32.5351
32.7601
32.2092
32.5251
32.5441
32.2161
32.3949
32.5439
32.3761
32.948
32.64
32.454
32.058
32.4869
32.495
33.0129
32.5079
32.4092
32.311
32.0649
32.4168
32.403
32.5968
32.568
32.4211
32.6788
32.6569
32.2149
32.4578
32.337
32.1939
32.696
32.676
32.3789
32.315
32.5201
32.2781
32.2871
32.1102
32.7652
32.8021
32.753
32.424
32.5339
32.6619
32.1429
32.6269
32.2571
32.424
32.3811
32.4209
32.342
32.423
32.9049
32.465
32.5451
32.675
32.119
32.4998
32.624
32.7468
32.254
32.295
32.1629
32.4759
32.5961
32.583
32.4399
32.2909
32.254
32.2621
32.8288
32.567
32.115
32.8879
32.532
32.5489
32.5689
32.3269
32.388
32.474
32.6872
32.3021
32.5651
32.0611
32.7148
32.511
32.4149
32.7761
32.656
32.4011
32.316
32.0342
32.8531
32.403
32.3839
32.6369
32.6049
32.572
32.5248
32.5069
32.804
32.613
32.1901
32.763
32.3951
32.3591
32.3451
32.146
32.568
32.5508
32.5439
32.542
32.4249
32.4371
32.5372
32.5069
32.336
32.2611
32.141
32.124
32.443
32.3288
32.4619
32.7251
32.4011
32.51
32.8841
32.1221
32.747
32.2869
31.955
32.5069
32.608
32.7921
32.45
32.635
32.65
32.8519
32.4969
32.496
32.4502
32.227
32.438
32.63
32.65
32.275
32.3441
32.284
32.8262
32.3021
32.4872
32.6841
32.5961
32.3882
32.3122
32.5141
32.2301
32.4771
32.4891
32.4049
32.1569
32.8028
32.3739
31.9479
32.264
32.5758
32.2769
32.2669
32.6688
32.716
32.3272
32.12
32.4559
32.594
32.6421
32.439
32.295
32.649
32.511
32.5701
32.675
32.213
32.7501
32.1071
32.48
32.4399
32.7449
32.959
32.341
32.366
32.4881
32.433
32.023
32.5091
32.4469
32.5119
32.5332
32.9912
32.074
32.1538
32.3489
32.1891
32.6312
32.9471
32.531
32.5229
32.5379
32.6061
32.2862
31.8329
32.414
32.155
31.94
32.4559
32.5842
32.2931
32.479
32.1631
32.675
32.5129
32.3818
32.1751
32.212
32.3448
32.2371
32.177
31.9669
32.7208
32.337
32.2778
32.613
32.4461
32.2599
32.357
32.2242
32.5561
32.67
32.3479
32.4321
32.6478
32.223
32.6922
32.568
32.8441
32.5489
32.903
32.5639
32.1221
32.4061
32.275
32.5432
32.6459
32.407
32.5582
32.5351
32.7539
32.449
32.0311
32.388
32.4781
32.4681
32.2361
32.2251
32.7051
32.6142
32.0861
32.712
32.7671
32.5899
32.7089
32.2709
32.057
32.531
32.7132
31.8701
32.15
32.1169
32.506
32.485
32.5072
32.5332
32.285
32.645
32.2602
32.136
32.5029
32.8269
32.5079
32.361
32.753
32.2878
32.8538
31.8909
32.1159
32.414
32.4008
32.115
32.2061
32.742
32.9459
32.8209
32.6118
32.0411
32.5811
33.0901
32.8391
32.2871
32.5382
32.438
32.7199
32.511
32.6262
32.304
32.887
32.66
32.5131
32.31
32.4209
32.536
32.212
32.4688
32.011
32.7072
32.2351
32.4221
32.366
32.4869
32.3689
32.192
32.65
32.5429
32.4459
32.4941
32.4061
32.5091
32.666
32.398
32.5329
32.3958
32.1379
32.4121
32.0959
32.002
32.2549
32.0849
32.8851
32.3849
32.3448
32.5348
32.773
32.4931
32.2812
32.938
32.578
32.2709
32.3999
32.7411
32.0761
32.8841
32.316
32.1629
32.419
32.8791
32.3792
32.3601
32.27
32.5971
32.5589
32.5201
32.4171
32.8851
32.5809
32.6178
32.609
32.5501
32.5072
32.258
32.0818
32.6939
32.1589
32.2471
32.6099
32.321
32.3682
32.8801
32.6672
32.4709
32.7408
32.4941
32.0971
32.0981
32.2878
32.367
32.0151
32.7442
32.3482
32.593
32.46
32.2912
32.5181
32.5701
32.2881
32.2711
32.2361
32.1531
32.2101
32.4771
32.428
32.6409
32.3939
32.228
32.6581
32.3689
32.1901
32.702
32.6309
32.6109
32.465
32.352
32.702
32.464
32.393
32.3341
32.0141
32.7771
32.2242
32.726
32.3329
32.9289
32.3582
32.294
32.239
32.181
32.15
32.279
32.362
32.4552
32.1779
33.0701
32.8391
32.419
32.645
32.4042
32.2649
32.2919
32.732
32.5902
32.5279
32.196
32.4881
32.383
32.685
32.3119
32.6769
32.3431
32.665
32.1789
32.449
32.124
32.429
32.794
32.4149
32.2418
32.3539
32.4399
32.4631
32.3398
32.285
32.3951
32.264
32.45
32.4931
32.378
32.511
32.4011
32.9211
32.196
32.1169
32.2678
32.506
32.665
32.6259
32.32
32.2418
32.3811
32.572
32.269
32.4612
32.4919
32.619
32.6462
32.7499
32.6519
32.4979
32.306
32.387
32.7709
32.5699
32.258
32.6481
32.625
32.455
32.5041
32.7511
32.5308
32.1641
32.5329
32.1369
32.6359
32.824
32.4299
32.295
32.2728
32.9311
32.7711
32.629
32.1939
32.593
32.3842
32.4121
32.8259
32.5
32.7561
32.129
32.2919
32.3422
32.558
32.49
32.546
32.351
32.361
32.505
32.594
32.578
32.546
32.562
32.335
32.3141
32.2359
32.5
32.691
32.289
32.6581
32.4919
32.8279
32.6729
32.5329
32.4688
32.7179
32.702
32.361
32.6939
32.299
32.702
32.449
32.7041
32.5592
32.2731
32.182
32.407
32.366
32.27
32.562
32.2971
32.9499
32.2261
32.356
32.3651
32.691
32.594
32.217
32.356
31.9581
32.6898
32.485
32.532
32.2101
32.3751
32.532
32.8119
32.243
32.454
32.4471
32.6569
32.7849
32.1431
32.691
32.336
32.253
32.423
32.337
32.449
32.4481
32.464
32.572
32.388
32.418
32.469
32.548
32.2919
32.7461
32.5451
32.6211
32.6641
32.4171
32.5968
32.0921
32.532
32.5549
32.223
32.3269
32.3219
32.619
32.7549
32.089
32.407
32.4862
32.192
32.536
32.3911
32.125
32.3949
32.2049
32.6531
32.619
32.2919
32.0489
32.0652
32.6741
32.7592
32.4509
32.3839
32.156
32.393
32.8109
32.2928
32.918
32.527
32.629
32.2669
32.439
32.48
32.212
32.932
32.1672
32.1259
32.613
32.1078
32.464
32.9101
32.4841
32.078
32.3131
32.2402
32.208
32.5379
32.48
32.4841
32.995
32.464
32.738
32.6571
32.6841
32.423
32.7201
32.6061
32.4991
32.6622
32.9249
31.9791
32.4891
32.516
32.6629
32.4149
32.2618
32.9111
32.577
32.4941
32.531
32.12
32.6281
32.3761
32.5739
32.9061
32.537
32.0771
32.305
32.423
32.542
32.573
32.604
32.5429
32.4349
32.4221
32.8281
32.7911
32.1491
32.4931
32.989
32.2499
32.6359
32.284
32.979
31.9712
32.4409
32.66
32.7921
32.0928
32.8779
32.429
32.0771
32.29
32.5789
32.8259
32.532
32.3989
32.166
32.3942
32.639
32.6409
32.1751
32.6591
32.6798
