41.9579
41.8181
41.2688
40.58
40.926
40.3521
40.911
40.839
40.447
40.7681
40.4799
40.6139
40.447
40.5612
40.705
40.303
40.5681
40.9451
40.5681
40.6542
40.571
40.4911
40.6549
40.4539
40.5819
40.5941
40.9298
40.5769
41.0478
40.628
40.0629
40.545
40.5018
41.0399
40.2598
40.946
40.59
40.8361
41.2679
40.9701
40.5462
40.7372
40.5829
40.838
40.8082
40.5931
40.962
40.6439
40.4119
40.7979
40.5779
40.561
40.432
40.5481
40.5431
40.271
40.6718
40.6809
41.0981
40.7119
40.9451
40.833
41.0008
40.483
40.5152
40.53
41.4419
40.7059
40.9708
40.415
40.3428
40.7081
40.385
40.7438
40.23
40.9491
40.951
40.7009
40.7791
40.7078
40.3779
40.508
40.5149
40.9009
40.9119
41.1298
40.705
40.8881
40.206
40.5262
40.911
40.7879
41.3239
40.678
40.473
40.8881
40.52
41.095
41.0569
40.7269
40.993
40.6251
40.292
40.6179
41.002
40.5591
40.499
40.715
40.8788
40.761
40.6411
40.8149
40.396
40.6411
40.632
40.4851
40.8101
40.992
40.4601
40.5848
40.796
40.6561
40.7791
40.3891
40.308
40.607
40.2989
40.3419
40.6768
40.1211
40.714
40.401
40.468
40.5591
40.375
40.8962
40.6661
40.8981
40.5281
40.462
40.7279
40.709
40.6721
40.359
40.1969
40.566
40.807
40.7341
40.957
41.2591
40.4739
40.9501
40.7221
40.5121
40.885
40.7569
40.9338
41.225
40.8399
40.575
41.116
40.334
40.302
40.638
40.648
40.612
40.6609
40.9019
40.6621
40.765
40.571
40.9551
40.4408
40.21
40.5989
40.755
40.437
40.622
40.4251
40.8981
40.592
40.7331
40.693
40.812
40.3981
40.669
40.9
40.5672
40.415
40.987
40.596
40.5731
40.6642
40.8092
40.8661
40.4599
40.442
40.381
40.7491
41.013
40.4489
40.3309
41.2741
40.5581
40.19
40.7839
41.2431
41.2681
40.7851
40.5002
40.669
40.9889
40.5359
40.488
40.74
40.8578
40.746
40.7231
40.8361
41.1611
40.715
40.5939
40.9169
41.044
40.7209
40.396
40.379
40.1881
40.3779
40.7259
40.555
41.0631
40.6642
40.53
40.8759
40.5481
41.0681
41.2729
40.5161
40.6132
40.925
40.8919
40.611
40.6489
41.028
40.976
40.5879
40.8089
40.113
41.079
40.879
40.457
40.4451
40.9379
40.9138
40.8568
40.9479
40.7419
40.6101
40.6051
40.5068
41.0659
40.5359
40.6609
40.7948
40.642
40.7121
40.3161
40.6291
40.2472
40.8051
40.7381
40.8041
40.904
40.9319
40.6311
40.8928
41.1179
40.56
40.694
41.096
40.5612
40.3571
40.735
40.612
40.5691
40.6618
40.5359
40.41
40.484
40.73
40.612
40.565
41.2591
40.9551
40.6899
40.3631
40.472
41.286
41.054
41.3761
40.848
40.637
40.9081
40.791
40.3268
40.6599
40.5488
40.446
41.0061
40.215
40.4561
40.3121
40.663
40.864
41.0981
40.8001
40.745
40.817
40.8821
40.7012
40.6282
40.6721
40.5931
40.6282
40.5171
40.6809
40.6849
40.2019
40.699
40.9319
40.8039
40.2429
40.6311
40.545
41.106
40.3941
40.6551
40.8981
40.9632
40.6871
40.797
41.0559
40.838
40.7579
40.925
40.9501
40.6661
40.7701
40.7288
40.7059
40.8189
40.592
40.2741
40.8771
40.6179
40.5631
40.7438
40.2899
40.4339
41.0769
41.3079
40.664
40.4
40.467
40.3202
40.6802
41.1329
40.7479
41.4159
40.89
40.535
40.767
40.555
40.957
41.105
40.7388
40.7438
40.6899
40.5681
40.36
40.791
40.4379
40.71
40.767
40.5428
40.3509
40.746
40.344
40.489
40.998
40.704
40.7641
40.2882
40.4341
40.5781
40.7732
40.1762
40.6771
40.3728
40.2861
40.5271
40.519
40.329
40.6711
40.725
40.633
40.889
40.863
40.41
40.925
40.4689
40.714
40.998
41.2431
40.9012
40.664
40.5109
40.482
40.5722
40.4871
40.7758
40.4899
40.971
40.755
40.8471
40.7951
40.5941
41.0428
40.586
40.772
40.6601
40.823
40.7259
41.1329
40.998
40.5002
41.059
40.6899
40.7941
40.8881
40.781
40.4561
40.2629
40.3049
40.4909
40.6408
40.4739
40.5018
40.71
40.8971
40.642
40.8919
40.457
40.5419
40.226
40.6671
40.637
40.6001
41.0819
40.7009
40.3039
40.601
40.539
40.786
40.8471
40.5612
40.772
40.4251
40.3221
40.647
40.832
40.4079
40.6859
40.52
40.458
40.585
41.25
40.6771
40.287
40.7019
40.9529
40.926
40.9172
41.012
40.52
40.9012
40.725
40.6952
40.906
40.576
40.735
40.6079
40.467
41.3082
41.0841
41.111
40.6761
41.0101
40.447
40.5531
40.637
40.915
40.6592
41.019
40.57
40.3371
40.2269
40.653
40.2792
40.8251
40.6339
41.162
40.8711
40.4441
40.4651
40.5772
40.519
40.2632
40.894
40.5879
40.252
40.446
40.8061
41.122
40.3759
40.5099
40.6969
40.369
40.8561
40.592
40.5531
40.8401
40.9191
40.7472
40.9451
41.41
40.6439
41.075
40.709
41.1241
40.895
40.9169
40.678
40.849
40.5719
40.838
40.441
41.0421
40.1819
40.4289
40.7441
40.628
40.879
40.622
40.6389
40.554
40.72
41.1749
40.7979
40.5219
40.3171
40.448
39.9771
40.5891
40.287
40.513
40.6229
40.659
40.7569
41.0452
40.849
40.956
40.5471
40.7002
40.5691
40.7832
40.6921
40.5028
40.992
40.5719
40.544
40.5889
40.731
40.4429
40.5529
40.303
41.3601
40.5462
40.488
40.205
40.8201
40.7832
41.0991
40.9172
40.7522
40.5681
40.544
40.621
40.504
40.1781
40.5641
40.525
40.6442
40.659
40.6439
40.786
40.267
40.5028
40.5738
40.705
40.5769
40.2379
40.6148
40.5331
40.699
40.915
40.4279
40.627
41.0168
40.7979
41.0509
40.7929
40.8118
40.879
40.4918
41.137
40.8959
40.7958
40.715
40.7469
40.5848
40.709
40.6032
40.658
40.6499
40.5569
41.2009
40.7081
40.678
40.6451
40.6542
40.4019
40.931
40.7522
40.8151
40.3671
41.007
40.766
40.7031
40.8049
40.7
40.5378
40.4789
40.7131
40.6389
40.9091
40.6971
40.6952
40.596
40.8459
40.8249
40.4999
40.381
40.9441
40.5161
40.5331
40.2801
40.8731
40.956
40.633
40.7681
40.628
40.931
40.838
40.482
40.6051
40.3011
40.5741
40.509
41.328
40.729
40.5691
40.4122
40.4022
41.07
40.5209
40.4789
40.962
40.1459
40.7619
40.6418
40.448
40.664
40.2851
40.3848
40.4088
40.436
40.4072
41.012
40.6082
40.6151
40.5021
40.5698
40.94
40.659
40.4899
40.4439
41.0318
40.9119
41.0891
41.028
40.606
40.4339
40.4339
40.803
40.8962
40.6201
40.8251
40.657
40.6659
40.7598
40.6408
40.3881
40.3299
40.591
40.766
40.6229
40.8139
40.345
40.73
40.6492
40.678
40.8249
40.6559
40.678
40.5679
40.7882
40.9551
41.007
40.9021
40.7062
41.2591
40.5731
40.797
41.2071
40.8981
40.5102
40.5781
40.6079
40.627
40.2782
40.7619
40.7779
40.415
41.065
40.5459
40.7901
40.4062
40.5769
40.5071
40.3161
40.693
40.4561
40.76
41.1711
40.7848
40.5719
40.329
40.483
40.6299
40.2529
40.5731
40.3371
40.3938
40.8599
40.2808
40.339
40.834
41.012
41.0099
40.2658
40.575
40.39
40.8061
40.947
40.9579
40.7281
40.5571
40.8492
41.0249
40.626
41.2252
40.7331
40.9582
40.448
40.8039
40.6458
40.7269
40.6349
40.446
40.524
40.6818
40.494
40.5619
40.3981
40.39
40.379
40.324
41.0149
40.7581
40.8752
40.7081
40.669
40.679
40.673
40.59
40.4711
41.0361
40.3121
40.411
40.5099
40.8461
40.58
40.72
40.7119
40.6539
40.9658
40.431
40.7321
40.9491
40.4661
40.4541
40.657
40.854
41.2352
40.483
40.8282
41.0149
40.6809
40.808
40.5891
40.6358
40.4689
40.8392
40.4301
40.4639
41.003
40.7391
40.7791
40.5841
40.6878
40.606
40.7701
40.4801
40.7851
40.7979
40.9579
41.0719
41.0931
40.5331
40.554
40.7989
40.8952
40.9629
40.7159
40.57
40.518
40.4868
40.921
40.6072
40.9069
40.976
40.6742
40.2281
40.4489
40.7701
40.5431
40.5061
40.628
40.854
41.0988
40.5118
40.6899
40.7948
41.0359
40.895
40.2679
40.8661
40.6201
40.7758
40.791
40.2589
40.7178
40.5869
40.6191
40.854
40.6129
40.571
41.115
41.0051
40.724
41.0988
40.7541
41.0941
40.4918
40.786
40.5359
40.6029
40.9191
40.731
40.3779
41.09
40.606
40.5841
40.6241
40.6721
40.448
40.9679
40.8561
40.777
40.4489
40.705
40.6492
40.4911
40.3669
40.379
40.602
41.0399
41.0819
40.827
40.834
40.411
40.746
40.5929
40.797
40.741
40.9169
40.7152
40.2021
40.2169
40.7078
40.8719
40.8249
40.477
40.6981
40.6599
40.6902
40.5409
40.7939
40.6461
41.1539
40.581
40.7801
40.3712
40.5331
40.9091
40.401
40.354
40.9129
41.038
40.39
40.303
40.8149
40.7331
40.5869
41.049
40.5958
40.5459
40.71
40.3528
40.6001
40.8041
40.6671
40.6199
41.0519
40.5419
40.7279
40.983
40.585
41.034
40.7691
40.7541
40.4441
40.581
40.56
40.4861
40.7581
40.6361
40.7178
40.2789
40.3378
40.6871
40.5951
40.024
41.24
40.7441
41.1172
40.6439
41.3051
