10.6239
5.13887
5.11503
5.11718
5.09691
5.13482
5.09882
5.12505
5.11694
5.10216
5.12695
5.14579
5.10693
5.126
5.08189
5.13506
5.14698
5.12815
5.13101
5.10907
5.10597
5.12195
5.14507
5.13792
5.12385
5.13887
5.12505
5.11408
5.15008
5.13411
5.13697
5.10812
5.12505
5.13983
5.11885
5.01585
3.97897
3.96085
3.96395
3.95703
3.96299
3.96395
3.95679
3.95298
3.94607
3.95012
3.95298
3.96419
3.95107
3.95799
3.95298
3.95894
3.95107
3.95107
3.95703
3.94797
3.95298
3.95417
3.95894
3.95703
3.95298
3.95203
3.95513
3.95489
3.95608
3.95298
3.95393
3.96085
3.95298
3.95513
3.96395
3.96514
3.94988
3.95083
3.95703
3.95298
3.95703
3.94893
3.96013
3.94607
3.96204
3.95513
3.95012
3.95894
3.96204
3.95989
3.95989
3.94797
3.94988
3.95679
3.96085
3.968
3.968
3.95417
3.95298
3.94893
3.94893
3.95298
3.94607
3.95393
3.95203
3.95083
3.95679
3.95298
3.94702
3.95799
3.95298
3.94893
3.95989
3.95918
3.95393
3.96085
3.95298
3.95799
3.95393
3.95393
3.95894
3.95012
3.95203
3.95799
3.95298
3.95107
3.94702
3.95298
3.95894
3.95298
3.95393
3.96395
3.96395
3.95298
3.95989
3.95012
3.96204
3.95584
3.95799
3.94988
3.95298
3.94797
3.95513
3.95703
3.95298
3.96419
3.95393
3.95513
3.95203
3.95513
3.95489
3.95894
3.95107
3.95513
3.96299
3.95107
3.96204
3.95513
3.95393
3.96085
3.95989
3.95393
3.94893
3.96109
3.95298
3.95703
3.95489
3.95679
3.95083
3.95489
3.95012
3.95298
3.95489
3.94702
3.95179
3.94583
3.94988
3.95298
3.94988
3.95584
3.96013
3.95203
3.95703
3.94797
3.95203
3.95107
3.95107
3.96514
3.95489
3.95489
3.95918
3.95012
3.968
3.95012
3.95107
3.95799
3.95584
3.94988
3.96299
3.97205
3.94988
3.95107
3.95703
3.94797
3.94893
3.95012
3.95298
3.95179
3.94702
3.95107
3.95608
3.95107
3.95107
3.94511
3.96204
3.95608
3.96299
3.95989
3.95203
3.94893
3.95417
3.95203
3.95203
3.96013
3.95513
3.95298
3.95012
3.94917
3.94702
3.95203
3.95513
3.95012
3.94893
3.94917
3.95894
3.95203
3.95894
3.94297
3.95083
3.95179
3.96585
3.94583
3.95393
3.95107
3.95179
3.95894
3.94893
3.95679
3.94988
3.95012
3.95012
3.95203
3.9649
3.95107
3.95799
3.95298
3.94511
3.95012
3.94797
3.95799
3.95393
3.95107
3.94702
3.94988
3.94797
3.95203
3.95107
3.95799
3.96204
3.95918
3.96109
3.94797
3.96299
3.95298
3.95703
3.95799
3.96585
3.95393
3.95298
3.94297
3.95417
3.95703
3.95513
3.95703
3.95989
3.95894
3.95799
3.95107
3.94797
3.96013
3.95298
3.95989
3.95393
3.96204
3.95203
3.95584
3.94821
3.95393
3.95107
3.95703
3.95989
3.94988
3.95513
3.95894
3.95393
3.95513
3.95799
3.95203
3.96299
3.95608
3.95107
3.95703
3.95203
3.96204
3.95608
3.96013
3.95203
3.96204
3.96919
3.95894
3.95107
3.94917
3.96013
3.94988
3.95823
3.95608
3.96204
3.96609
3.95203
3.95298
3.95179
3.95584
3.96085
3.95894
3.95012
3.96299
3.95823
3.95894
3.94893
3.95203
3.97611
3.95513
3.95298
3.94702
3.94988
3.95298
3.95298
3.95107
3.95513
3.97086
3.95298
3.94893
3.95799
3.95203
3.95489
3.95703
3.95608
3.94988
3.97015
3.95489
3.94988
3.9649
3.95179
3.95107
3.94607
3.95298
3.95894
3.968
3.95107
3.95703
3.95513
3.95393
3.95989
3.95489
3.95179
3.95203
3.95012
3.95894
3.96109
3.95012
3.95107
3.95799
3.96395
3.95513
3.95489
3.95083
3.95584
3.95489
3.95894
3.96085
3.95322
3.95203
3.95107
3.95107
3.95489
3.95608
3.95107
3.94702
3.96013
3.95703
3.95608
3.95894
3.9618
3.94702
3.95107
3.95584
3.94893
3.95107
3.95393
3.96395
3.95703
3.95417
3.96299
3.94511
3.95489
3.95298
3.95608
3.95298
3.94487
3.96204
3.95083
3.94988
3.96419
3.94702
3.95393
3.95203
3.96085
3.95799
3.96085
3.95799
3.95989
3.95489
3.95298
3.96085
3.95393
3.95107
3.95298
3.95679
3.94893
3.95107
3.95608
3.95608
3.96299
3.96085
3.96585
3.95298
3.94797
3.95393
3.95989
3.95489
3.95513
3.95513
3.95393
3.95393
3.94917
3.95513
3.95107
3.95608
3.94988
3.95393
3.95703
3.95703
3.96299
3.95393
3.95298
3.95703
3.95393
3.94797
3.95107
3.95203
3.95513
3.95918
3.95703
3.9649
3.95012
3.95012
3.94988
3.95679
3.94893
3.95417
3.95513
3.94392
3.94678
3.95203
3.95799
3.96419
3.95894
3.96299
3.96204
3.96204
3.96085
3.95703
3.95703
3.94797
3.95107
3.95608
3.95799
3.95489
3.95894
3.95513
3.95894
3.95703
3.95489
3.94702
3.95107
3.95894
3.95012
3.94702
3.94511
3.94917
3.96204
3.96299
3.95918
3.96013
3.95298
3.95298
3.95989
3.95417
3.94988
3.94821
3.95393
3.95799
3.95608
3.95489
3.96109
3.95203
3.95608
3.95203
3.94797
3.95298
3.94702
3.95393
3.94988
3.94917
3.95489
3.95393
3.95918
3.95608
3.95393
3.95393
3.95799
3.95393
3.94917
3.94607
3.96109
3.96204
3.95107
3.94893
3.95989
3.95179
3.95799
3.95989
3.95298
3.94797
3.95799
3.96109
3.95799
3.95608
3.95608
3.95393
3.95989
3.95012
3.96514
3.95608
3.95608
3.95894
3.95298
3.94702
3.95513
3.95393
3.94988
3.95203
3.95799
3.94988
3.95298
3.94797
3.94988
3.95608
3.95203
3.95298
3.95203
3.95012
3.95393
3.95203
3.95083
3.95393
3.95107
3.968
3.95393
3.95513
3.95107
3.95298
3.95489
3.95298
3.96299
3.95012
3.95513
3.94893
3.95203
3.95203
3.95608
3.95298
3.95703
3.95513
3.95799
3.95393
3.94702
3.95608
3.96204
3.95489
3.95894
3.95608
3.94797
3.96013
3.94988
3.96395
3.95417
3.95203
3.94797
3.95107
3.95203
3.95989
3.95989
3.94416
3.95203
3.96609
3.96395
3.94988
3.94988
3.94797
3.94893
3.95083
3.95298
3.95393
3.95584
3.95489
3.96109
3.95703
3.95513
3.95918
3.94702
3.96109
3.95203
3.9618
3.95584
3.95298
3.94607
3.95918
3.94702
3.94702
3.95083
3.95298
3.95012
3.95799
3.94821
3.96585
3.95298
3.95393
3.95989
3.94821
3.95203
3.95203
3.96514
3.94797
3.95918
3.95608
3.95393
3.95679
3.95894
3.94893
3.95203
3.95703
3.95894
3.95513
3.95393
3.94702
3.94797
3.94607
3.95107
3.95417
3.94988
3.94797
3.95203
3.95417
3.95393
3.94201
3.95083
3.95703
3.94297
3.95107
3.94988
3.94416
3.94797
3.95203
3.94988
3.95298
3.95393
3.95989
3.95608
3.95107
3.95608
3.94797
3.95918
3.94797
3.96395
3.95989
3.96109
3.95608
3.94988
3.95417
3.95393
3.96013
3.95799
3.95107
3.95012
3.96299
3.95012
3.95107
3.94607
3.94988
3.95608
3.95203
3.95203
3.968
3.95203
3.95799
3.95393
3.95107
3.95298
3.95107
3.95393
3.95298
3.95894
3.96085
3.95012
3.95417
3.95393
3.95799
3.95489
3.95298
3.95513
3.95703
3.95489
3.95107
3.96895
3.95608
3.95918
3.94797
3.95894
3.95393
3.95298
3.96705
3.96395
3.94893
3.95012
3.95584
3.94988
3.95918
3.95608
3.95799
3.95203
3.95489
3.95393
3.95107
3.96085
3.95203
3.94106
3.95298
3.96013
3.95107
3.95107
3.96013
3.95203
3.94607
3.94917
3.95703
3.94988
3.94797
3.94702
3.95012
3.95513
3.95513
3.94607
3.95298
3.95513
3.95513
3.94487
3.94201
3.95298
3.94511
3.96204
3.95203
3.95989
3.95203
3.95203
3.94988
3.94797
3.95012
3.95608
3.97205
3.95608
3.95799
3.96705
3.95489
3.95393
3.94797
3.95203
3.95894
3.95703
3.95298
3.94988
3.94893
3.94797
3.96109
3.95298
3.95298
3.95107
3.95799
3.95608
3.95417
3.95298
3.95679
3.95894
3.95799
3.95107
3.96705
3.94702
3.95608
3.95203
3.95894
3.95608
3.95298
3.95608
3.95918
3.95012
3.95298
3.94702
3.95489
3.94416
3.95298
3.94917
3.94893
3.95012
3.95298
3.95203
3.95703
3.94988
3.95203
3.95107
3.94988
3.95799
3.96013
3.95703
3.95203
3.96204
3.95298
3.95393
3.95608
3.95083
3.94702
3.95799
3.95298
3.95107
3.95107
3.94797
3.94297
3.96609
3.95799
3.95513
3.95393
3.95918
3.95513
3.95489
3.95203
3.95203
3.95513
3.95107
3.94893
3.96299
3.94988
3.95083
3.95298
3.94893
3.94797
3.94607
3.96204
3.95489
3.95799
3.95203
3.95298
3.95799
3.95107
3.94797
3.95203
3.95179
3.95298
3.95417
3.94988
3.95799
3.95298
3.95417
3.95107
3.95513
3.95799
3.96204
3.96419
3.95489
3.95584
3.96085
3.9618
3.95989
3.96395
3.94917
3.95489
3.95799
3.95608
3.96109
3.95393
3.96299
3.94988
3.95179
3.95393
3.95894
3.95513
3.9649
3.94797
3.95608
3.94797
3.94487
3.95989
3.94511
3.96204
3.95298
3.95393
3.96085
3.95393
3.95608
3.95799
3.95489
3.96514
3.95799
3.94821
3.95393
3.95298
3.95298
3.95179
3.95083
3.95393
3.95012
3.96204
3.94917
3.95203
3.94797
3.95608
3.95203
3.96585
3.96109
3.95298
3.95203
3.95584
3.94678
3.95298
3.95608
3.95393
3.95489
3.95393
3.96204
3.96705
3.95703
3.95703
3.95393
3.96109
3.94607
3.96681
3.94893
3.95417
3.95107
3.95298
3.95322
3.95298
3.96204
3.96109
3.95298
3.95083
3.95679
3.96299
3.96109
3.96085
3.95989
3.968
3.96013
3.94702
3.95393
3.95083
3.95298
3.95608
3.94702
3.94893
3.95298
3.95489
3.94988
3.96204
3.95417
3.95894
