10.3741
10.37
10.339
10.3362
10.34
10.314
10.3321
10.3331
10.33
10.3619
10.361
10.3641
10.354
10.319
10.361
10.3388
10.3219
10.2999
10.3781
10.3571
10.361
10.3559
10.3362
10.334
10.3359
10.3269
10.345
10.354
10.3281
10.3149
10.36
10.366
10.3638
10.37
10.3199
10.3641
10.3941
10.354
10.3471
10.3481
10.329
10.283
10.3149
10.3428
10.3478
10.355
10.2789
10.361
10.3352
10.314
10.3481
10.324
10.3278
10.3788
10.289
10.3619
10.3641
10.366
10.3269
10.313
10.36
10.36
10.3381
10.3528
10.3121
10.3581
10.3722
10.2758
10.3128
10.345
10.3359
10.3559
10.3221
10.3161
10.3071
10.355
10.3438
10.344
10.3481
10.3569
10.334
10.334
10.324
10.3421
10.3321
10.3459
10.3369
10.355
10.3459
10.3199
10.2861
10.2861
10.323
10.35
10.34
10.3071
10.3481
10.3509
10.293
10.308
10.406
10.375
10.3509
10.3269
10.3528
10.3829
10.3261
10.3631
10.354
10.323
10.3438
10.3579
10.3569
10.345
10.2959
10.3471
10.3152
10.3221
10.3381
10.2899
10.3638
10.3259
10.2742
10.3381
10.3271
10.34
10.3102
10.3531
10.329
10.3269
10.3381
10.334
10.365
10.355
10.3779
10.3788
10.3719
10.3002
10.3421
10.329
10.3371
10.3581
10.2921
10.335
10.3459
10.3641
10.3252
10.3021
10.35
10.3562
10.3431
10.335
10.355
10.3722
10.3259
10.3669
10.319
10.3679
10.339
10.3259
10.385
10.313
10.3369
10.3629
10.3462
10.329
10.365
10.324
10.359
10.3331
10.3221
10.3161
10.3309
10.3588
10.3219
10.1979
10.303
10.3071
10.303
10.294
10.3369
10.3109
10.371
10.33
10.3662
10.3121
10.3109
10.349
10.3419
10.376
10.2921
10.3412
10.3788
10.3359
10.344
10.3528
10.3481
10.3362
10.3359
10.3328
10.3259
10.3431
10.3071
10.36
10.3679
10.3812
10.366
10.3312
10.3581
10.366
10.34
10.318
10.359
10.355
10.3559
10.329
10.319
10.3421
10.3331
10.3459
10.37
10.325
10.35
10.3431
10.304
10.329
10.349
10.3271
10.3819
10.3452
10.3791
10.3321
10.308
10.334
10.3521
10.3669
10.3579
10.3681
10.314
10.308
10.354
10.3321
10.339
10.3469
10.3102
10.304
10.2911
10.329
10.33
10.3531
10.3459
10.34
10.3641
10.3159
10.3469
10.3459
10.359
10.3221
10.3271
10.325
10.3419
10.308
10.34
10.3521
10.3359
10.3841
10.3421
10.339
10.3581
10.366
10.3691
10.3202
10.3221
10.3259
10.3359
10.3309
10.3209
10.3371
10.3531
10.3779
10.3419
10.3178
10.3478
10.3478
10.37
10.3509
10.3481
10.354
10.329
10.3199
10.339
10.299
10.376
10.3319
10.2749
10.3281
10.3071
10.3459
10.2909
10.3168
10.35
10.361
10.3688
10.35
10.349
10.339
10.318
10.3669
10.3049
10.36
10.3462
10.376
10.3281
10.3202
10.339
10.359
10.3171
10.3421
10.3769
10.3688
10.3438
10.375
10.3819
10.3068
10.3488
10.3328
10.34
10.3159
10.3359
10.36
10.3209
10.3362
10.33
10.3562
10.354
10.3521
10.313
10.3161
10.3378
10.3359
10.376
10.334
10.3381
10.34
10.3621
10.3209
10.325
10.33
10.3168
10.334
10.3509
10.2952
10.376
10.359
10.3331
10.329
10.3309
10.3059
10.365
10.309
10.3061
10.3071
10.355
10.3509
10.3369
10.3018
10.3531
10.3412
10.329
10.365
10.3462
10.3559
10.361
10.3619
10.3569
10.355
10.3881
10.309
10.3459
10.3509
10.3571
10.3462
10.3359
10.3712
10.36
10.3419
10.34
10.3469
10.365
10.344
10.391
10.334
10.3519
10.3829
10.3281
10.402
10.299
10.3421
10.339
10.3412
10.361
10.323
10.3209
10.3271
10.3331
10.3679
10.3538
10.386
10.3459
10.3252
10.3281
10.335
10.3259
10.2999
10.3509
10.3021
10.3509
10.3068
10.36
10.3171
10.3459
10.3409
10.3118
10.36
10.3469
10.3719
10.3049
10.324
10.3509
10.3462
10.294
10.3011
10.365
10.3841
10.3271
10.3531
10.289
10.3478
10.3319
10.3261
10.361
10.3312
10.396
10.334
10.3929
10.2949
10.355
10.334
10.2839
10.2968
10.3378
10.3152
10.318
10.324
10.3641
10.361
10.3369
10.371
10.3359
10.3121
10.3209
10.3519
10.3841
10.303
10.38
10.354
10.3891
10.33
10.3121
10.3669
10.2959
10.3168
10.3352
10.3281
10.3509
10.3488
10.3788
10.3171
10.3698
10.3729
10.3102
10.3509
10.3672
10.3381
10.3378
10.3278
10.3359
10.3719
10.3149
10.34
10.366
10.3319
10.354
10.2799
10.3152
10.3769
10.344
10.3359
10.3178
10.3538
10.3319
10.359
10.335
10.3691
10.37
10.344
10.36
10.3579
10.325
10.3061
10.3331
10.3209
10.3631
10.355
10.334
10.392
10.3621
10.3419
10.3779
10.2909
10.354
10.3748
10.355
10.3581
10.345
10.3612
10.3219
10.33
10.397
10.345
10.2959
10.3219
10.375
10.355
10.349
10.329
10.3481
10.375
10.3631
10.366
10.3471
10.3199
10.376
10.3521
10.3741
10.334
10.3471
10.365
10.323
10.3562
10.365
10.283
10.3879
10.3481
10.34
10.36
10.355
10.325
10.2961
10.34
10.3819
10.325
10.3362
10.3519
10.3748
10.3538
10.3669
10.3922
10.3149
10.345
10.3478
10.319
10.3099
10.36
10.3791
10.3259
10.361
10.3099
10.3362
10.3691
10.3471
10.3641
10.3109
10.309
10.3269
10.3211
10.39
10.3462
10.335
10.3462
10.354
10.3459
10.308
10.3531
10.3462
10.36
10.3691
10.3431
10.345
10.3891
10.3309
10.3302
10.3121
10.3779
10.3312
10.318
10.3581
10.3691
10.366
10.339
10.3152
10.3531
10.3209
10.3362
10.3459
10.3369
10.3512
10.334
10.3271
10.3261
10.3509
10.35
10.3202
10.3199
10.365
10.3278
10.2959
10.33
10.3068
10.309
10.324
10.3261
10.3421
10.319
10.3719
10.329
10.3209
10.3559
10.344
10.323
10.3011
10.3261
10.3049
10.3698
10.2859
10.334
10.3788
10.349
10.3378
10.3321
10.3152
10.303
10.3531
10.313
10.33
10.36
10.334
10.335
10.3149
10.3149
10.3331
10.3469
10.36
10.319
10.3199
10.3872
10.303
10.3531
10.3779
10.365
10.278
10.335
10.3321
10.3621
10.3271
10.335
10.3171
10.361
10.3261
10.3669
10.319
10.345
10.324
10.35
10.313
10.3471
10.3469
10.3269
10.2849
10.3798
10.313
10.3409
10.335
10.3669
10.3168
10.359
10.3161
10.3321
10.339
10.309
10.349
10.303
10.3321
10.2999
10.319
10.365
10.3199
10.319
10.3841
10.309
10.3159
10.329
10.309
10.3331
10.325
10.288
10.334
10.33
10.3278
10.308
10.319
10.3731
10.371
10.3579
10.298
10.3531
10.366
10.3118
10.3471
10.3312
10.3471
10.324
10.354
10.3669
10.318
10.314
10.376
10.3362
10.3569
10.2952
10.349
10.3719
10.339
10.345
10.3261
10.3061
10.3149
10.3061
10.3629
10.3109
10.344
10.361
10.3481
10.3109
10.2859
10.3409
10.4029
10.3619
10.3252
10.3459
10.3178
10.3259
10.3378
10.3278
10.3118
10.361
10.34
10.36
10.376
10.365
10.3869
10.325
10.3471
10.345
10.3488
10.361
10.3559
10.3419
10.345
10.3159
10.3362
10.3481
10.3369
10.335
10.304
10.335
10.318
10.339
10.3488
10.3409
10.3831
10.3221
10.319
10.314
10.3471
10.3621
10.355
10.334
10.3528
10.3309
10.3481
10.3321
10.4179
10.3011
10.3199
10.323
10.3228
10.3679
10.359
10.3528
10.324
10.37
10.3211
10.3009
10.3688
10.3929
10.3362
10.344
10.3381
10.335
10.3228
10.3428
10.386
10.3161
10.359
10.3779
10.3252
10.3559
10.3521
10.3409
10.355
10.3168
10.3478
10.3261
10.3211
10.345
10.334
10.329
10.3199
10.3829
10.3538
10.366
10.3309
10.3478
10.3819
10.3321
10.3331
10.3588
10.386
10.38
10.344
10.3581
10.339
10.3111
10.3459
10.324
10.3381
10.3629
10.3469
10.3121
10.3452
10.3629
10.3202
10.3111
10.3419
10.36
10.3259
10.3559
10.2918
10.3588
10.355
10.2079
10.329
10.33
10.3381
10.3221
10.3209
10.361
10.3471
10.335
10.3381
10.325
10.325
10.3259
10.3402
10.375
10.3612
10.349
10.3421
10.359
10.3738
10.3438
10.345
10.3021
10.354
10.3521
10.2999
10.3512
10.3331
10.3478
10.3528
10.3579
10.349
10.3219
10.3528
10.33
10.33
10.3331
10.3412
10.299
10.3321
10.3099
10.33
10.39
10.3331
10.3559
10.3478
10.35
10.3528
10.3378
10.3519
10.33
10.3688
10.34
10.3431
10.3531
10.3149
10.3359
10.3261
10.3469
10.3312
10.289
10.3528
10.3729
10.3531
10.3371
10.3459
10.3059
10.365
10.3419
10.35
10.3478
10.376
10.391
10.344
10.339
10.3128
10.3569
10.36
10.3641
10.349
10.359
10.3409
10.3381
10.3431
10.33
10.344
10.3431
10.329
10.34
10.334
10.35
10.3528
10.3352
10.3569
10.391
10.3109
10.323
10.3378
10.3402
10.334
10.3469
10.3438
10.3378
10.3979
10.3621
10.3409
10.2892
10.3378
10.339
10.3121
10.288
10.33
10.386
10.325
10.3731
10.308
10.3319
10.3028
10.2918
10.335
10.3199
10.3319
10.2911
10.3261
10.3331
10.3259
10.3459
10.3559
10.3781
