135.489
119.678
120.102
120.356
120.78
121.118
121.4
121.398
121.506
121.707
121.507
121.393
121.601
121.64
121.374
121.32
121.303
121.366
120.926
120.775
120.727
120.862
120.666
120.602
120.418
120.557
120.43
120.36
120.067
119.877
119.925
119.885
119.834
119.659
119.533
119.401
119.536
119.375
119.152
119.196
118.827
118.546
118.72
118.791
118.691
118.264
118.347
118.537
118.409
118.31
118.214
117.879
117.952
117.879
117.74
117.5
117.581
117.67
117.664
117.4
117.535
117.41
117.37
117.342
117.203
117.167
117.262
117.153
117.049
116.928
116.751
116.871
116.714
116.552
116.843
116.594
116.211
116.243
116.035
115.74
115.534
115.436
115.612
115.353
115.466
115.411
115.365
115.358
115.317
115.475
115.521
115.51
115.421
115.419
115.316
115.492
115.445
115.469
115.428
115.322
