130.596
91.5129
91.872
92.03
92.3581
92.5329
92.695
92.9019
93.1339
93.245
93.2908
93.3962
93.3712
93.504
93.4899
93.4861
93.6091
93.5881
93.7331
93.76
93.698
93.8408
93.827
93.822
93.76
93.7209
93.8148
93.848
93.6849
93.8921
93.7421
93.771
93.761
93.786
93.899
94.0259
93.89
93.863
93.8091
93.7369
93.807
93.827
93.8368
93.8289
93.7679
93.822
93.833
93.7459
93.725
93.7159
93.8129
93.7419
93.749
93.75
93.714
93.878
93.776
93.843
93.822
93.781
93.7579
94.7471
93.72
93.6999
93.787
93.7059
93.817
93.8339
93.785
93.6611
93.7941
93.869
93.7281
93.8771
93.7588
93.9059
93.7459
93.734
93.8148
93.7099
93.8699
93.823
93.8878
93.859
93.8301
93.899
93.94
93.9901
93.879
93.9012
93.8258
93.8911
93.7521
93.7848
93.842
93.8089
93.7731
93.684
93.8299
93.864
