74.3432
69.0339
63.463
62.6762
63.0341
62.237
64.7531
66.4148
61.9712
61.9049
62.6709
62.727
62.2339
63.678
65.088
65.3298
65.1531
65.448
65.361
65.378
67.6579
67.5461
66.0241
65.207
65.474
65.0659
65.181
65.0978
64.9402
66.2041
67.5299
67.225
65.855
65.6569
65.7589
65.799
65.809
65.6829
64.929
67.358
67.5309
67.446
65.4721
65.0339
64.78
64.81
65.5
65.1019
65.376
66.0281
67.646
67.333
71.104
67.404
67.7841
67.179
67.2851
67.0121
68.5031
67.3041
67.3208
67.2541
75.1331
72.3209
72.062
72.6681
74.1808
74.475
72.181
72.5009
71.9221
72.1791
72.391
74.3461
74.383
74.3821
74.3749
75.716
75.5341
75.515
75.5091
75.0132
75.633
77.255
77.41
77.9729
78.047
78.7029
78.5861
77.9169
78.7439
81.7361
81.6569
78.301
77.728
77.7259
78.676
77.7171
77.739
80.6961
