79.339
72.2971
72.4049
72.386
72.5961
72.469
72.345
72.4311
72.463
72.3281
72.3929
72.4001
72.3431
72.3732
72.4239
72.4041
72.3648
72.34
72.52
72.386
72.4449
72.5498
72.3169
72.3939
72.4308
72.4108
72.3128
72.449
72.444
72.3708
72.3488
72.3431
72.494
72.468
72.3979
72.428
72.4261
72.448
72.3681
72.372
72.4649
72.278
72.4032
72.4161
72.4878
72.5441
72.4399
72.428
72.36
72.4111
72.438
72.428
72.438
72.36
72.407
72.3891
72.438
72.288
72.4061
72.3631
72.485
72.5479
72.355
72.3839
72.387
72.397
72.453
72.444
72.4082
72.5281
72.3898
72.397
72.3529
72.407
72.329
72.408
72.547
72.4051
72.3941
72.341
72.4092
72.3779
72.3979
72.531
72.3231
72.459
72.469
72.4342
72.2361
72.3779
72.3782
72.3081
72.252
72.3829
72.4511
72.449
72.557
72.3989
72.401
72.458
