11.8301
11.816
11.8339
11.816
11.8189
11.8911
11.848
11.8499
11.827
11.776
11.8711
11.7869
11.8339
11.812
11.847
11.8401
11.8041
11.8191
11.837
11.7881
11.8091
11.843
11.8582
11.822
11.8051
11.8151
11.8301
11.8241
11.852
11.838
11.838
11.8139
11.8468
11.7979
11.8918
11.8659
11.801
11.802
11.8279
11.8649
11.7688
11.8139
11.7638
11.852
11.8458
11.8079
11.7691
11.8148
11.8439
11.811
11.7679
11.8051
11.801
11.8229
11.8279
11.77
11.8349
11.8339
11.812
11.8539
11.832
11.8399
11.8091
11.8392
11.8229
11.8248
11.8389
11.8241
11.826
11.8232
11.832
11.8301
11.8241
11.8361
11.8301
11.8442
11.8101
11.8279
11.8089
11.8089
11.8561
11.822
11.796
11.8461
11.8501
11.8301
11.8511
11.868
11.8401
11.826
11.837
11.8301
11.822
11.8392
11.8341
11.837
11.7681
11.8179
11.822
11.821
11.8232
11.843
11.8341
11.832
11.822
11.8368
11.832
11.7869
11.8141
11.832
11.8752
11.776
11.827
11.843
11.8201
11.863
11.812
11.8198
11.8198
11.8029
11.806
11.8668
11.8449
11.8079
11.826
11.796
11.8399
11.822
11.822
11.8861
11.8661
11.8001
11.807
11.8411
11.806
11.8561
11.878
11.873
11.867
11.807
11.8089
11.8222
11.8399
11.8289
11.785
11.7998
11.8959
11.8411
11.816
11.8341
11.7719
11.817
11.7769
11.755
11.8511
11.796
11.817
11.816
11.8511
11.7869
11.8451
11.852
11.8458
11.817
11.8461
11.8589
11.7838
11.833
11.8382
11.8229
11.8458
11.8301
11.8611
11.797
11.822
11.8051
11.8351
11.8141
11.8229
11.8239
11.8179
11.7981
11.843
11.8148
11.8489
11.8589
11.8189
11.797
11.874
11.8148
11.8148
11.7688
11.8029
11.8721
11.832
11.8079
11.843
11.8232
11.7919
11.8158
11.7779
11.8158
11.812
11.843
11.7722
11.862
11.8201
11.8489
11.806
11.8408
11.8001
11.8299
11.8098
11.858
11.797
11.8542
11.8389
11.8339
11.7891
11.8361
11.79
11.8141
11.801
11.8279
11.827
11.811
11.7869
11.853
11.806
11.8151
11.822
11.8101
11.8511
11.8001
11.8139
11.8289
11.801
11.8668
11.8718
11.8248
11.8792
11.816
11.801
11.781
11.812
11.8289
11.8122
11.8351
11.8189
11.827
11.8151
11.8351
11.847
11.873
11.8458
11.8411
11.8399
11.8601
11.795
11.8201
11.893
11.8411
11.8179
11.7879
11.822
11.8399
11.8439
11.8811
11.8201
11.8389
11.807
11.8539
11.8649
11.8241
11.8461
11.833
11.8182
11.811
11.8251
11.7879
11.8308
11.832
11.822
11.8351
11.837
11.8871
11.8761
11.848
11.838
11.7998
11.816
11.8248
11.8308
11.8699
11.833
11.8001
11.806
11.8201
11.843
11.8079
11.8122
11.8089
11.8182
11.8749
11.806
11.8041
11.838
11.8361
11.863
11.816
11.8182
11.8361
11.8189
11.8408
11.8561
11.801
11.842
11.8301
11.795
11.8241
11.807
11.848
11.8959
11.8608
11.8351
11.848
11.8449
11.8082
11.802
11.8339
11.7741
11.8771
11.8291
11.8411
11.7819
11.806
11.8339
11.7991
11.843
11.8358
11.832
11.812
11.831
11.843
11.821
11.8489
11.8351
11.8141
11.8511
11.843
11.843
11.842
11.8082
11.807
11.833
11.7762
11.802
11.8022
11.7989
11.8039
11.8301
11.867
11.8251
11.8611
11.8198
11.8198
11.8401
11.8501
11.838
11.8182
11.8511
11.8129
11.8208
11.8089
11.8442
11.7879
11.8449
11.8461
11.8651
11.8179
11.827
11.8718
11.827
11.8151
11.843
11.8208
11.8139
11.7991
11.7981
11.8461
11.8349
11.8279
11.7981
11.8361
11.8539
11.8558
11.7631
11.7941
11.8272
11.857
11.8129
11.837
11.838
11.7898
11.8198
11.8101
11.8511
11.8082
11.8909
11.7912
11.8179
11.853
11.843
11.8291
11.812
11.8439
11.8551
11.8189
11.817
11.842
11.8101
11.802
11.8339
11.837
11.873
11.8539
11.8511
11.7991
11.802
11.8349
11.8449
11.826
11.8189
11.786
11.8568
11.8399
11.8189
11.826
11.8549
11.8542
11.8589
11.7941
11.8461
11.832
11.832
11.8599
11.8201
11.858
11.842
11.8129
11.837
11.8721
11.8382
11.852
11.7941
11.797
11.8592
11.8461
11.858
11.79
11.8482
11.806
11.8251
11.8039
11.8449
11.8048
11.853
11.8439
11.848
11.796
11.8501
11.826
11.8461
11.826
11.802
11.8499
11.8179
11.817
11.8392
11.848
11.812
11.8439
11.802
11.7881
11.8389
11.832
11.8051
11.8489
11.822
11.8089
11.8542
11.827
11.8489
11.8909
11.8251
11.8279
11.847
11.873
11.812
11.8709
11.7869
11.873
11.862
11.863
11.8139
11.8241
11.822
11.847
11.8358
11.8139
11.8411
11.8032
11.8449
11.8499
11.8558
11.8539
11.812
11.8358
11.8098
11.7998
11.8179
11.8082
11.8439
11.8401
11.8201
11.7831
11.857
11.8399
11.8909
11.8089
11.8182
11.8339
11.8349
11.806
11.8129
11.8401
11.843
11.8351
11.8141
11.8232
11.847
11.8301
11.806
11.8799
11.8279
11.847
11.833
11.888
11.822
11.812
11.831
11.7998
11.8148
11.878
11.807
11.8341
11.843
11.8411
11.8568
11.8399
11.8151
11.822
11.8129
11.8258
11.8649
11.8759
11.7891
11.874
11.8129
11.831
11.811
11.8189
11.862
11.8611
11.7991
11.822
11.8048
11.868
11.786
11.811
11.816
11.8599
11.852
11.8341
11.827
11.869
11.842
11.8082
11.8289
11.848
11.807
11.822
11.821
11.8251
11.863
11.8098
11.8711
11.837
11.8251
11.8761
11.785
11.822
11.826
11.838
11.842
11.8289
11.837
11.8499
11.8442
11.837
11.811
11.811
11.8239
11.816
11.8141
11.771
11.869
11.7831
11.838
11.842
11.8651
11.821
11.8191
11.8251
11.8489
11.8332
11.806
11.8248
11.852
11.821
11.79
11.8749
11.8029
11.802
11.8051
11.842
11.857
11.8001
11.796
11.8232
11.811
11.863
11.7981
11.822
11.8589
11.796
11.8549
11.8232
11.8771
11.8608
11.874
11.817
11.8551
11.8079
11.8451
11.802
11.7719
11.8501
11.8599
11.8411
11.7679
11.8928
11.821
11.8179
11.8032
11.833
11.8232
11.8139
11.8489
11.843
11.8139
11.869
11.8501
11.806
11.8351
11.8179
11.8291
11.8241
11.7879
11.8089
11.842
11.816
11.8089
11.8539
11.873
11.8718
11.8289
11.842
11.8558
11.8399
11.863
11.8201
11.873
11.8041
11.7979
11.8139
11.8561
11.884
11.78
11.8399
11.868
11.8399
11.7791
11.811
11.7941
11.837
11.863
11.806
11.7989
11.816
11.878
11.8451
11.8079
11.8582
11.831
11.8251
11.8349
11.822
11.827
11.8239
11.8029
11.754
11.811
11.76
11.832
11.8141
11.7571
11.8389
11.8482
11.8639
11.8032
11.853
11.8339
11.821
11.832
11.8511
11.8091
11.8361
11.8101
11.842
11.8279
11.8001
11.807
11.8492
11.8411
11.868
11.842
11.8768
11.8339
11.8108
11.8659
11.842
11.8201
11.796
11.8051
11.842
11.7948
11.826
11.8499
11.827
11.8859
11.8198
11.8248
11.8189
11.8191
11.831
11.848
11.8442
11.7979
11.852
11.8399
11.8639
11.853
11.8642
11.8611
11.8659
11.8539
11.8341
11.8771
11.833
11.8139
11.842
11.874
11.852
11.8482
11.8499
11.8189
11.868
11.812
11.8101
11.78
11.8179
11.888
11.821
11.848
11.8339
11.8151
11.8601
11.8341
11.775
11.812
11.827
11.8361
11.8389
11.822
11.8449
11.843
11.8139
11.8539
11.837
11.8022
11.8411
11.8229
11.7898
11.8139
11.8651
11.852
11.8821
11.848
11.8091
11.8141
11.821
11.833
11.8058
11.848
11.7981
11.827
11.8129
11.869
11.8361
11.832
11.8122
11.7929
11.8439
11.8201
11.8229
11.874
11.8339
11.8499
11.8182
11.8361
11.8251
11.8589
11.8401
11.8232
11.8461
11.832
11.832
11.8771
11.8408
11.8299
11.853
11.817
11.867
11.826
11.8198
11.8332
11.8411
11.8151
11.852
11.8551
11.853
11.842
11.832
11.8411
11.77
11.8499
11.8241
11.785
11.832
11.8489
11.832
11.8408
11.833
11.8361
11.822
11.8041
11.8139
11.801
11.858
11.816
11.832
11.832
11.8439
11.78
11.8089
11.8189
11.8291
11.842
11.8341
11.8289
11.7748
11.8089
11.8451
11.8492
11.8539
11.8232
11.833
11.817
11.8489
11.852
11.8821
11.7891
11.8299
11.832
11.8508
11.8289
11.8611
11.8639
11.827
11.8411
11.8401
11.843
11.883
11.807
11.842
11.8439
11.78
11.8639
11.8561
11.822
11.837
11.848
11.8191
11.8079
11.8299
11.8361
11.874
11.8642
11.822
11.766
11.7979
11.862
11.894
11.7559
11.8392
11.8279
11.7939
11.8482
11.838
11.8101
11.8401
11.827
11.7772
11.797
11.8651
11.8301
11.852
11.826
11.8032
11.8101
11.8279
11.831
11.847
11.795
11.8539
11.863
11.822
11.8361
11.862
11.862
11.791
11.837
11.8499
11.8291
11.7979
11.8001
11.8239
11.8289
11.8639
11.8499
11.8201
11.831
11.888
11.827
11.874
11.832
11.8792
11.785
11.79
11.7981
11.8279
11.8091
11.8592
11.826
11.8229
11.8542
11.8489
11.8258
11.801
11.755
11.7741
11.858
11.8189
11.888
11.8029
11.8492
11.8439
11.8339
11.8341
