20.1788
11.9181
11.8768
11.9119
11.8501
11.9021
11.9059
11.9369
11.8358
11.8868
11.8721
11.8649
11.8649
11.8692
11.853
11.862
11.905
11.8768
11.889
11.857
11.8539
11.8659
11.884
11.8999
11.8392
11.831
11.878
11.8952
11.904
11.8601
11.7941
11.8189
11.9021
11.868
11.955
11.842
11.837
11.8811
11.8651
11.8709
11.8659
11.8959
11.796
11.878
11.909
11.8749
11.9019
11.8611
11.8821
11.9061
11.884
11.8811
11.853
11.9112
11.842
11.883
11.8811
11.8799
11.8871
11.92
11.8759
11.883
11.905
11.8659
11.883
11.8432
11.837
11.826
11.857
11.8401
11.8539
11.8539
11.8661
11.924
11.8811
11.8442
11.8721
11.8411
11.935
11.8551
11.8701
11.874
11.8651
11.9009
11.8289
11.889
11.8892
11.8959
11.905
11.862
11.889
11.8611
11.879
11.8709
11.9071
11.8351
11.883
11.8492
11.8971
11.831
11.878
11.8771
11.8551
11.8859
11.9259
11.873
11.857
11.842
11.8079
11.9281
11.832
11.8382
11.8749
11.925
11.9009
11.8961
11.8201
11.9109
11.9231
11.904
11.9109
11.8952
11.8871
11.857
11.764
11.905
11.869
11.847
11.893
11.858
11.868
11.862
11.8349
11.8568
11.867
11.898
11.92
11.847
11.8651
11.8649
11.8608
11.8389
11.8699
11.8098
11.914
11.8899
11.898
11.843
11.925
11.8899
11.858
11.894
11.9119
11.909
11.8859
11.8868
11.847
11.8589
11.8799
11.869
11.8902
11.8721
11.8661
11.8868
11.8999
11.8861
11.904
11.862
11.8899
11.929
11.8489
11.807
11.9131
11.8661
11.8601
11.884
11.879
11.8659
11.899
11.894
11.889
11.8971
11.883
11.9162
11.8711
11.8859
11.9362
11.8699
11.8949
11.879
11.8408
11.8568
11.863
11.8749
11.8859
11.822
11.8749
11.8811
11.9259
11.8721
11.8561
11.9019
11.935
11.8349
11.8499
11.8651
11.8611
11.8561
11.8279
11.8902
11.9219
11.868
11.883
11.8611
11.8971
11.9181
11.93
11.8861
11.9131
11.873
11.883
11.8761
11.8511
11.9159
11.869
11.8749
11.8959
11.9181
11.862
11.8711
11.8611
11.8649
11.8618
11.9019
11.858
11.889
11.9221
11.843
11.852
11.9019
11.9061
11.898
11.9021
11.9209
11.8701
11.893
11.905
11.883
11.8959
11.8511
11.8928
11.8001
11.79
11.8639
11.8771
11.8752
11.888
11.903
11.8611
11.9011
11.961
11.9061
11.904
11.8721
11.8828
11.91
11.9081
11.9021
11.879
11.94
11.915
11.884
11.857
11.898
11.884
11.909
11.8542
11.843
11.863
11.8918
11.862
11.888
11.8961
11.8229
11.899
11.915
11.898
11.8999
11.873
11.8589
11.893
11.8189
11.8289
11.914
11.873
11.852
11.9109
11.9159
11.8742
11.869
11.858
11.8659
11.8551
11.8761
11.858
11.9081
11.868
11.879
11.894
11.8001
11.898
11.822
11.8899
11.8542
11.898
11.8711
11.91
11.8561
11.8949
11.847
11.8709
11.8251
11.9259
11.806
11.8639
11.9021
11.894
11.9262
11.8871
11.9009
11.863
11.8999
11.863
11.909
11.889
11.8549
11.879
11.8659
11.8752
11.92
11.879
11.838
11.8642
11.873
11.8999
11.8508
11.934
11.894
11.879
11.8589
11.8721
11.843
11.852
11.8871
11.889
11.827
11.889
11.9169
11.858
11.827
11.879
11.8592
11.8771
11.8999
11.92
11.8709
11.8639
11.9071
11.8761
11.858
11.888
11.8539
11.9081
11.862
11.873
11.848
11.91
11.8482
11.8711
11.879
11.8771
11.8451
11.899
11.884
11.8849
11.8592
11.879
11.8639
11.92
11.8802
11.8179
11.878
11.8818
11.904
11.8549
11.894
11.888
11.8971
11.8971
11.879
11.8861
11.909
11.879
11.8799
11.878
11.8051
11.9171
11.8771
11.8871
11.847
11.8511
11.863
11.8871
11.8771
11.8911
11.925
11.8661
11.8911
11.863
11.91
11.9028
11.8499
11.8761
11.873
11.8961
11.8959
11.858
11.9181
11.8561
11.8539
11.924
11.8699
11.9061
11.9209
11.8959
11.8911
11.8761
11.8921
11.888
11.8251
11.919
11.9262
11.884
11.878
11.899
11.873
11.8351
11.868
11.873
11.8792
11.873
11.8921
11.8699
11.847
11.8439
11.879
11.8659
11.914
11.8639
11.91
11.8668
11.905
11.9081
11.8651
11.8949
11.95
11.919
11.8389
11.8482
11.878
11.9169
11.838
11.801
11.925
11.884
11.8771
11.8401
11.868
11.9071
11.8868
11.862
11.898
11.8871
11.8611
11.8551
11.8439
11.9052
11.8721
11.91
11.8592
11.879
11.838
11.8101
11.8959
11.8639
11.9078
11.905
11.893
11.9061
11.8918
11.8899
11.904
11.8968
11.7989
11.9081
11.862
11.8771
11.8752
11.873
11.9061
11.888
11.867
11.8649
11.8339
11.8952
11.831
11.9469
11.909
11.8959
11.878
11.9319
11.9009
11.8701
11.833
11.8618
11.8608
11.8809
11.847
11.9019
11.8868
11.8208
11.8999
11.857
11.9472
11.857
11.9009
11.8089
11.8809
11.8201
11.9052
11.867
11.8899
11.852
11.858
11.853
11.8752
11.8821
11.8659
11.8299
11.858
11.905
11.8811
11.867
11.8911
11.91
11.904
11.8389
11.869
11.8279
11.8961
11.9019
11.9131
11.852
11.8361
11.8749
11.862
11.8499
11.9221
11.8721
11.8601
11.878
11.8182
11.888
11.8749
11.9069
11.884
11.8608
11.8871
11.8659
11.8809
11.893
11.9128
11.8392
11.8849
11.878
11.898
11.827
11.8771
11.8892
11.8639
11.8711
11.857
11.8961
11.8639
11.869
11.8461
11.8411
11.914
11.867
11.92
11.863
11.8999
11.8589
11.888
11.8711
11.934
11.8542
11.889
11.862
11.893
11.873
11.8661
11.8611
11.8701
11.8861
11.858
11.843
11.822
11.869
11.8849
11.8961
11.8999
11.8699
11.9052
11.8661
11.9119
11.862
11.8639
11.894
11.8771
11.868
11.8809
11.889
11.8918
11.9152
11.905
11.873
11.8279
11.8749
11.899
11.8511
11.8608
11.8668
11.8759
11.8301
11.857
11.899
11.9531
11.8639
11.8759
11.843
11.8699
11.883
11.894
11.884
11.8792
11.852
11.8799
11.8859
11.8752
11.9278
11.8709
11.8852
11.8771
11.8749
11.8449
11.8492
11.8549
11.867
11.8959
11.8511
11.8301
11.8961
11.9069
11.894
11.8499
11.8809
11.8458
11.9162
11.8871
11.8511
11.8449
11.863
11.8699
11.8339
11.8952
11.9009
11.8561
11.8799
11.8971
11.8909
11.8868
11.884
11.8461
11.8599
11.8291
11.807
11.8382
11.8659
11.945
11.878
11.8761
11.863
11.92
11.8899
11.8921
11.857
11.899
11.879
11.8952
11.852
11.8589
11.903
11.903
11.862
11.867
11.8661
11.8852
11.847
11.8799
11.9328
11.8952
11.8921
11.8899
11.9131
11.878
11.888
11.842
11.8511
11.8799
11.867
11.883
11.8549
11.8508
11.8639
11.94
11.847
11.8721
11.9181
11.8821
11.807
11.8408
11.9178
11.817
11.874
11.8761
11.8151
11.8642
11.8589
11.894
11.8389
11.8542
11.9309
11.8542
11.822
11.8361
11.8592
11.883
11.868
11.9002
11.888
11.883
11.8799
11.8868
11.8828
11.879
11.9259
11.8742
11.9109
11.8608
11.92
11.8639
11.8749
11.884
11.8639
11.919
11.8709
11.9128
11.8921
11.8639
11.9131
11.8561
11.8961
11.838
11.9059
11.8752
11.8699
11.8909
11.8411
11.8752
11.8921
11.888
11.8368
11.869
11.9061
11.8439
11.9159
11.883
11.9209
11.8868
11.8771
11.8639
11.9159
11.8401
11.8589
11.8818
11.9028
11.9059
11.9228
11.8921
11.8332
11.8608
11.8759
11.858
11.8918
11.8878
11.8809
11.889
11.8661
11.9069
11.8399
11.8902
11.945
11.9059
11.862
11.8859
11.8599
11.8759
11.9152
11.899
11.9011
11.8489
11.8389
11.894
11.8749
11.8449
11.8718
11.9102
11.9131
11.9228
11.874
11.8611
11.9231
11.8301
11.8811
11.822
11.915
11.8949
11.8442
11.8461
11.8959
11.9059
11.8542
11.874
11.904
11.884
11.848
11.8692
11.847
11.8709
11.8618
11.868
11.878
11.8771
11.8842
11.889
11.8279
11.903
11.8589
11.857
11.853
11.853
11.8949
11.868
11.8961
11.8921
11.8389
11.898
11.8482
11.8721
11.869
11.8911
11.889
11.8852
11.8611
11.8918
11.873
11.9159
11.8861
11.8871
11.8392
11.8949
11.8721
11.8818
11.8382
11.867
11.8821
11.8351
11.8809
11.857
11.9171
11.878
11.8752
11.8649
11.8368
11.8868
11.8959
11.888
11.8871
11.8752
11.8608
11.8639
11.867
11.8711
11.903
11.9081
11.8341
11.878
11.8871
11.8401
11.8141
11.8248
11.939
11.8608
11.8668
11.838
11.858
11.8961
11.878
11.903
11.879
11.853
11.884
11.883
11.8899
11.853
11.842
11.8711
11.879
11.827
11.8101
11.884
11.893
11.8818
11.8709
11.899
11.8811
11.8611
11.8809
11.9319
11.8852
11.8999
11.8792
11.833
11.8511
11.8141
11.888
11.898
11.8721
11.8661
11.8721
11.8849
11.879
11.867
11.852
11.862
11.878
11.9078
11.889
11.862
11.8799
11.8358
11.8749
11.842
11.9011
11.874
11.8909
11.8902
11.8761
11.8821
11.8899
11.863
11.8339
11.8561
11.867
11.898
11.894
11.8878
11.9338
11.8749
11.93
11.8761
11.888
11.867
11.8711
11.8921
11.8549
11.9002
11.898
11.884
