11.8999
11.853
11.8661
11.827
11.797
11.842
11.868
11.8141
11.8361
11.817
11.832
11.8761
11.868
11.833
11.8358
11.863
11.878
11.8902
11.879
11.833
11.868
11.8611
11.8392
11.848
11.7972
11.8079
11.8241
11.8282
11.8201
11.826
11.8301
11.843
11.802
11.8761
11.8351
11.8639
11.8182
11.8549
11.8489
11.8742
11.869
11.8442
11.8129
11.812
11.8141
11.8699
11.8201
11.816
11.8389
11.842
11.853
11.827
11.8349
11.837
11.863
11.807
11.8921
11.837
11.8649
11.8449
11.8101
11.821
11.8451
11.8341
11.801
11.791
11.8699
11.8201
11.827
11.8809
11.8592
11.816
11.8432
11.816
11.816
11.8518
11.821
11.812
11.8909
11.827
11.8279
11.8639
11.8229
11.8458
11.853
11.838
11.786
11.8151
11.812
11.8241
11.8229
11.827
11.857
11.8601
11.8711
11.8041
11.8179
11.847
11.8439
11.8818
11.8389
11.8492
11.8651
11.858
11.8101
11.8291
11.848
11.816
11.8279
11.8408
11.8032
11.8392
11.848
11.8291
11.8561
11.863
11.8198
11.8339
11.821
11.863
11.8811
11.785
11.827
11.8809
11.8239
11.8351
11.832
11.842
11.7769
11.8172
11.837
11.8041
11.8508
11.862
11.867
11.842
11.8561
11.8308
11.8029
11.8442
11.8351
11.837
11.7991
11.785
11.8568
11.8549
11.801
11.8539
11.8659
11.8489
11.8361
11.8191
11.8332
11.857
11.8229
11.8039
11.8339
11.8752
11.775
11.8129
11.832
11.8089
11.852
11.853
11.8191
11.7919
11.832
11.807
11.868
11.8339
11.8361
11.8539
11.8768
11.8248
11.8339
11.874
11.8289
11.8618
11.8589
11.8341
11.868
11.8451
11.853
11.842
11.816
11.8132
11.832
11.8091
11.833
11.826
11.811
11.821
11.862
11.8439
11.8301
11.9071
11.8451
11.832
11.7788
11.883
11.842
11.8301
11.8251
11.833
11.8489
11.8761
11.863
11.7919
11.8651
11.858
11.827
11.8129
11.811
11.8239
11.837
11.8351
11.8589
11.8039
11.8349
11.8079
11.8511
11.781
11.847
11.8721
11.817
11.8442
11.8051
11.838
11.8089
11.853
11.812
11.832
11.817
11.8151
11.8141
11.812
11.8392
11.832
11.8442
11.8251
11.8091
11.8639
11.878
11.8272
11.8539
11.7981
11.858
11.826
11.8501
11.7931
11.8449
11.8198
11.8558
11.8852
11.869
11.8818
11.7829
11.858
11.8639
11.8489
11.8449
11.7838
11.8251
11.822
11.8361
11.8279
11.8032
11.817
11.868
11.827
11.8251
11.852
11.812
11.8101
11.7998
11.8589
11.9171
11.862
11.8291
11.8189
11.8039
11.8601
11.8189
11.838
11.8361
11.7991
11.8811
11.842
11.8351
11.8542
11.8239
11.8568
11.817
11.863
11.8811
11.817
11.853
11.8279
11.802
11.8351
11.8151
11.826
11.838
11.8339
11.8451
11.838
11.863
11.8389
11.8542
11.838
11.8401
11.766
11.847
11.8048
11.781
11.7841
11.863
11.8351
11.848
11.796
11.8141
11.8501
11.8699
11.791
11.842
11.8201
11.78
11.7559
11.802
11.832
11.8389
11.8432
11.8558
11.862
11.852
11.8139
11.8458
11.8008
11.833
11.8511
11.8961
11.8229
11.833
11.806
11.8241
11.8721
11.7991
11.8539
11.8508
11.826
11.8089
11.843
11.8032
11.8511
11.831
11.8251
11.8639
11.879
11.8549
11.8308
11.8518
11.8308
11.852
11.796
11.8451
11.827
11.8711
11.8849
11.843
11.8661
11.8339
11.8599
11.7931
11.843
11.8411
11.838
11.826
11.848
11.873
11.842
11.847
11.8141
11.8551
11.8239
11.8241
11.869
11.848
11.831
11.811
11.8971
11.842
11.8551
11.7838
11.8229
11.8129
11.8549
11.822
11.8361
11.8341
11.8339
11.8461
11.8291
11.8411
11.817
11.816
11.8458
11.8599
11.8411
11.7981
11.8439
11.822
11.831
11.847
11.822
11.8399
11.843
11.848
11.8542
11.857
11.8599
11.8458
11.8389
11.8401
11.8561
11.811
11.8821
11.8141
11.827
11.8511
11.7781
11.8589
11.8258
11.8718
11.822
11.8661
11.8179
11.8308
11.8458
11.827
11.8279
11.852
11.806
11.8039
11.832
11.8101
11.8561
11.8339
11.8029
11.806
11.8248
11.822
11.8358
11.785
11.8349
11.8589
11.8051
11.811
11.8561
11.8122
11.8229
11.8241
11.8001
11.8461
11.8749
11.8532
11.8499
11.8289
11.8179
11.816
11.8542
11.8659
11.826
11.8639
11.7931
11.8361
11.8201
11.8039
11.786
11.826
11.8511
11.8079
11.7979
11.8382
11.884
11.796
11.852
11.853
11.8661
11.8392
11.8229
11.8141
11.831
11.831
11.8139
11.843
11.8818
11.7919
11.8291
11.822
11.843
11.817
11.8279
11.831
11.822
11.801
11.7779
11.802
11.8201
11.8301
11.838
11.8601
11.822
11.8301
11.8561
11.842
11.827
11.8651
11.802
11.811
11.8241
11.853
11.838
11.8539
11.807
11.838
11.8239
11.853
11.9071
11.8561
11.8601
11.8189
11.8179
11.8639
11.857
11.8439
11.8542
11.7888
11.7798
11.848
11.853
11.822
11.7769
11.806
11.8339
11.8241
11.8198
11.8139
11.8299
11.8551
11.838
11.842
11.832
11.776
11.837
11.843
11.832
11.838
11.8449
11.842
11.8399
11.869
11.8482
11.811
11.796
11.837
11.868
11.8239
11.795
11.8439
11.8551
11.852
11.8041
11.8191
11.847
11.826
11.8139
11.7981
11.8279
11.832
11.838
11.7891
11.7791
11.7929
11.9081
11.8139
11.848
11.838
11.8308
11.842
11.8351
11.853
11.8301
11.8191
11.8439
11.869
11.842
11.8608
11.8129
11.8551
11.8701
11.8189
11.8482
11.8299
11.8508
11.822
11.8539
11.8239
11.858
11.816
11.8301
11.8511
11.8239
11.837
11.8721
11.858
11.862
11.811
11.8339
11.8508
11.8449
11.889
11.8349
11.806
11.8079
11.8349
11.816
11.8489
11.831
11.8549
11.8289
11.862
11.847
11.7929
11.843
11.796
11.848
11.8551
11.838
11.7989
11.8039
11.857
11.8549
11.8442
11.842
11.802
11.8179
11.8761
11.7991
11.8229
11.867
11.8101
11.8241
11.8551
11.833
11.8258
11.811
11.842
11.8501
11.826
11.801
11.8599
11.8542
11.7891
11.8079
11.831
11.8608
11.8608
11.8608
11.8208
11.832
11.8339
11.8129
11.8511
11.8208
11.8289
11.8082
11.838
11.817
11.817
11.867
11.852
11.7841
11.8761
11.8761
11.807
11.8139
11.7869
11.833
11.785
11.827
11.8501
11.8489
11.8349
11.888
11.847
11.8229
11.8151
11.9059
11.8332
11.802
11.8029
11.831
11.807
11.8561
11.816
11.843
11.869
11.807
11.8501
11.8511
11.811
11.853
11.8761
11.8511
11.837
11.8051
11.8279
11.8511
11.8201
11.8091
11.832
11.8451
11.8611
11.806
11.8301
11.827
11.8051
11.8229
11.8082
11.8949
11.8358
11.8139
11.7939
11.848
11.8051
11.842
11.77
11.847
11.868
11.827
11.8082
11.8239
11.817
11.817
11.826
11.8189
11.8399
11.826
11.806
11.852
11.858
11.8241
11.8389
11.869
11.832
11.7941
11.8101
11.817
11.806
11.8849
11.7929
11.8041
11.8361
11.848
11.8558
11.8799
11.8611
11.8451
11.8489
11.857
11.807
11.847
11.8451
11.832
11.8451
11.831
11.833
11.796
11.852
11.8232
11.8339
11.869
11.8389
11.816
11.8251
11.838
11.843
11.8399
11.822
11.796
11.8241
11.863
11.8151
11.8461
11.7879
11.7919
11.8239
11.8229
11.837
11.8361
11.8809
11.869
11.8351
11.817
11.8151
11.847
11.842
11.8439
11.7919
11.852
11.8439
11.8191
11.843
11.8089
11.8561
11.843
11.7819
11.847
11.7989
11.8241
11.843
11.821
11.811
11.8389
11.879
11.775
11.8279
11.8518
11.7719
11.8282
11.8279
11.8608
11.79
11.8828
11.8649
11.8351
11.838
11.8608
11.8279
11.894
11.8191
11.833
11.826
11.812
11.8089
11.842
11.8849
11.8341
11.7831
11.8291
11.832
11.8639
11.8618
11.796
11.807
11.8582
11.7779
11.7888
11.838
11.827
11.857
11.8101
11.766
11.827
11.8439
11.8258
11.863
11.801
11.806
11.838
11.862
11.802
11.874
11.8618
11.8539
11.878
11.8792
11.7939
11.848
11.8401
11.8279
11.8291
11.867
11.8291
11.852
11.8241
11.806
11.8451
11.8949
11.8451
11.838
11.811
11.833
11.8158
11.858
11.853
11.811
11.837
11.873
11.766
11.8618
11.863
11.791
11.8561
11.863
11.8001
11.8022
11.831
11.8718
11.8201
11.8139
11.832
11.863
11.833
11.8339
11.8608
11.8022
11.8139
11.8399
11.8611
11.8921
11.802
11.8649
11.8291
11.8129
11.873
11.9181
11.9939
11.8868
11.8461
11.847
11.837
11.837
11.8141
11.8151
11.843
11.8332
11.8139
11.8349
11.847
11.776
11.816
11.868
11.8639
11.8332
11.816
11.842
11.8411
11.8401
11.8589
11.8351
11.8279
11.817
11.8201
11.8189
11.853
11.848
11.771
11.8399
11.8339
11.8539
11.8251
11.816
11.843
11.8289
11.8692
11.8539
11.816
11.8279
11.8501
11.8141
11.8558
11.8818
11.852
11.8351
11.8649
11.7712
11.8749
11.802
11.8489
11.8442
11.827
11.8241
11.812
11.873
11.8499
11.847
11.8601
11.8339
11.8339
11.8182
11.857
11.91
11.7972
11.9009
11.8308
11.8668
11.8279
11.8542
11.858
