283.854
261.473
263.768
265.674
264.066
264.482
261.967
261.801
260.966
261.27
260.594
260.528
260.448
260.281
260.312
259.903
259.934
259.897
259.511
259.359
258.73
258.983
258.902
254.008
257.939
254.712
254.737
254.952
254.431
254.63
254.58
254.55
254.786
254.756
254.416
254.509
254.613
254.4
254.505
254.608
254.528
254.52
254.787
254.692
254.393
254.827
254.611
254.589
254.629
254.747
254.622
254.578
254.762
254.532
254.574
254.619
254.696
254.567
254.806
254.59
254.613
254.783
254.724
254.426
254.637
254.586
254.673
254.539
254.618
254.716
254.62
254.627
254.586
254.736
254.835
254.615
254.792
254.867
254.779
254.608
254.623
254.609
254.649
254.568
254.591
254.67
254.573
254.594
254.755
254.658
254.637
254.494
254.898
254.604
254.741
254.763
254.563
254.596
254.82
254.662
