10.911
10.9391
10.7181
10.709
10.735
10.901
10.906
10.92
10.7119
10.699
10.7212
10.7129
10.7119
10.9038
10.695
10.7021
10.7081
10.7131
10.6859
10.6969
10.7172
10.9131
10.6909
10.7398
10.7028
10.725
10.704
10.8991
10.711
10.905
10.72
10.927
10.9239
10.6988
10.7019
10.7052
10.694
10.7119
10.8988
10.9119
10.6761
10.699
10.7062
10.8829
10.896
10.895
10.8991
10.6809
10.699
10.695
10.896
10.8578
10.89
10.891
10.8912
10.716
10.715
10.9301
10.725
10.9179
10.9069
10.6921
10.7231
10.72
10.694
10.8969
10.896
10.6928
10.8919
10.8862
10.709
10.906
10.9169
10.726
10.9079
10.8879
10.6962
10.8991
10.7069
10.7038
10.921
10.69
10.922
10.89
10.9119
10.6912
10.9329
10.7229
10.9189
10.8838
10.6938
10.689
10.7329
10.7179
10.6819
10.674
10.896
10.704
10.699
10.9079
10.901
10.73
10.9279
10.715
10.7379
10.921
10.9181
10.7019
10.7119
10.752
10.9179
10.7338
10.922
10.9241
10.69
10.9191
10.8941
10.8931
10.9122
10.704
10.6561
10.6831
10.8931
10.905
10.7331
10.8979
10.884
10.699
10.705
10.7398
10.9129
10.7119
10.71
10.92
10.7172
10.7172
10.9019
10.7241
10.6912
10.6909
10.906
10.741
10.71
10.7069
10.9038
10.9289
10.8161
10.828
10.9558
10.6878
10.7059
10.8912
10.7119
10.7138
10.875
10.694
10.8681
10.705
10.7059
10.684
10.705
10.7119
10.6759
10.8881
10.7231
10.906
10.916
10.92
10.915
10.905
10.921
10.9
10.891
10.8871
10.715
10.9019
10.9019
10.685
10.71
10.8759
10.8941
10.7241
10.9041
10.6821
10.71
10.7498
10.7079
10.8769
10.7262
10.7069
10.896
10.7219
10.6928
10.9339
10.88
10.721
10.6781
10.6869
10.9169
10.7069
10.7162
10.8891
10.9019
10.9189
10.9019
10.9119
10.7181
10.9069
10.7169
10.9091
10.6871
10.879
10.8972
10.8819
10.9179
10.9019
10.8922
10.7069
10.7088
10.7019
10.9358
10.8969
10.906
10.905
10.7491
10.7241
10.7
10.9081
10.6971
10.895
10.932
10.91
10.895
10.6821
10.9069
10.6919
10.8871
10.901
10.7179
10.6702
10.89
10.6599
10.9029
10.9251
10.8871
10.91
10.705
10.8938
10.9119
10.8941
10.726
10.9069
10.6771
10.886
10.9029
10.895
10.725
10.6981
10.9179
10.9119
10.7479
10.7129
10.6959
10.8981
10.886
10.9079
10.7169
10.927
10.905
10.7009
10.7129
10.7188
10.8819
10.9141
10.73
10.6928
10.711
10.9181
10.9131
10.932
10.7062
10.675
10.9091
10.9272
10.905
10.6921
10.6881
10.711
10.8829
10.8869
10.7212
10.8991
10.922
10.7231
10.9119
10.7131
10.69
10.7281
10.69
10.7012
10.8991
10.922
10.7059
10.8991
10.7169
10.721
10.694
10.9072
10.7181
10.7241
10.905
10.931
10.9069
10.9129
10.9222
10.6959
10.9129
10.73
10.6959
10.9222
10.7081
10.73
10.735
10.9191
10.7162
10.9019
10.9189
10.715
10.72
10.8981
10.9141
10.689
10.721
10.9348
10.922
10.9241
10.705
10.7009
10.6971
10.6881
10.669
10.8991
10.9229
10.886
10.7288
10.6869
10.927
10.7319
10.7272
10.7019
10.6959
10.6969
10.8891
10.7
10.7131
10.6959
10.6971
10.885
10.9069
10.9131
10.6909
10.72
10.9119
10.8922
10.896
10.6871
10.9029
10.922
10.7009
10.6909
10.715
10.9131
10.7129
10.9079
10.7069
10.915
10.9222
10.9189
10.9069
10.7
10.7219
10.689
10.7081
10.901
10.8969
10.715
10.71
10.7031
10.6912
10.8809
10.9172
10.725
10.9029
10.9029
10.9129
10.6921
10.699
10.7191
10.709
10.9031
10.9169
10.6561
10.731
10.689
10.7071
10.7429
10.895
10.7028
10.89
10.7079
10.916
10.7129
10.7079
10.9391
10.905
10.7012
10.7219
10.8812
10.89
10.9069
10.8809
10.709
10.6821
10.7069
10.6869
10.6819
10.7141
10.6878
10.895
10.7141
10.746
10.7131
10.6859
10.6649
10.9241
10.7079
10.8879
10.8778
10.9222
10.9169
10.9391
10.9141
10.6959
10.6969
10.9112
10.7188
10.7269
10.906
10.7129
10.8838
10.7238
10.926
10.8969
10.7031
10.9141
10.69
10.7059
10.695
10.7062
10.9279
10.726
10.8829
10.7238
10.7188
10.9229
10.7369
10.9379
10.7019
10.9169
10.721
10.9041
10.715
10.7
10.6969
10.7079
10.7012
10.7319
10.7088
10.891
10.9251
10.7071
10.721
10.6912
10.695
10.91
10.6802
10.6909
10.715
10.695
10.8891
10.9081
10.905
10.6909
10.8938
10.9079
10.7
10.715
10.9119
10.92
10.885
10.9129
10.6812
10.885
10.7112
10.8941
10.9019
10.9272
10.7141
10.911
10.7
10.7179
10.7112
10.689
10.699
10.9069
10.8888
10.9558
10.922
10.7
10.9439
10.6909
10.8769
10.726
10.6859
10.9069
10.7031
10.9081
10.9
10.7291
10.9329
10.8969
10.726
10.8969
10.891
10.905
10.705
10.8881
10.735
10.9251
10.891
10.704
10.7069
10.7
10.7059
10.911
10.7009
10.6871
10.9019
10.9069
10.7059
10.8991
10.916
10.895
10.7219
10.901
10.9239
10.9119
10.71
10.715
10.901
10.7031
10.6809
10.9239
10.906
10.7269
10.9031
10.8941
10.9501
10.695
10.8881
10.9069
10.7372
10.694
10.725
10.6912
10.7131
10.68
10.9141
10.7372
10.711
10.6931
10.709
10.915
10.7231
10.88
10.8988
10.7138
10.741
10.71
10.7071
10.92
10.679
10.7141
10.8941
10.7129
10.7071
10.7129
10.7229
10.895
10.7119
10.7059
10.7341
10.905
10.8929
10.7069
10.7222
10.735
10.9241
10.7269
10.704
10.8838
10.7
10.8979
10.715
10.9019
10.7291
10.8922
10.916
10.901
10.705
10.72
10.7422
10.91
10.711
10.6778
10.911
10.9119
10.8981
10.685
10.9072
10.9229
10.705
10.71
10.915
10.699
10.89
10.69
10.91
10.931
10.905
10.7188
10.6921
10.6971
10.6909
10.72
10.88
10.8922
10.901
10.6962
10.9191
10.9029
10.689
10.71
10.756
10.9141
10.7031
10.7179
10.751
10.896
10.9
10.7131
10.726
10.7138
10.9169
10.9
10.689
10.7329
10.921
10.9072
10.725
10.7131
10.8979
10.8838
10.8669
10.9198
10.7028
10.695
10.9119
10.7241
10.9098
10.9029
10.6952
10.901
10.6931
10.695
10.89
10.7
10.6599
10.9081
10.6919
10.8941
10.91
10.694
10.6931
10.7131
10.8991
10.726
10.901
10.9229
10.9119
10.92
10.71
10.9241
10.7222
10.9138
10.8938
10.8988
10.9191
10.8912
10.91
10.89
10.709
10.8991
10.9019
10.6978
10.91
10.7069
10.7279
10.9
10.9119
10.7141
10.8871
10.932
10.905
10.8831
10.9022
10.704
10.6959
10.9251
10.6981
10.7141
10.895
10.885
10.9229
10.8979
10.68
10.7119
10.7038
10.89
10.9191
10.92
10.9041
10.8609
10.931
10.9138
10.9169
10.9251
10.721
10.891
10.7181
10.922
10.9091
10.91
10.72
10.7009
10.895
10.726
10.9251
10.7
10.715
10.9251
10.7069
10.916
10.726
10.716
10.9069
10.731
10.7212
10.9298
10.704
10.7119
10.7169
10.7191
10.905
10.7291
10.8891
10.7059
10.89
10.7131
10.9189
10.716
10.9129
10.9229
10.9112
10.709
10.9379
10.6888
10.7141
10.921
10.8941
10.9231
10.725
10.704
10.6871
10.7281
10.9091
10.8941
10.7028
10.885
10.7031
10.7341
10.6831
10.704
10.7222
10.8981
10.9038
10.891
10.7119
10.7009
10.879
10.8879
10.684
10.7129
10.71
10.916
10.7141
10.7212
10.7191
10.9038
10.8991
10.9479
10.916
10.7069
10.9291
10.9019
10.9329
10.6862
10.9119
10.931
10.9189
10.73
10.6952
10.884
10.9169
10.88
10.7241
10.926
10.9031
10.6969
10.7079
10.731
10.685
10.9012
10.9129
10.9019
10.7141
10.895
10.7059
10.8919
10.8869
10.6931
10.7279
10.7179
10.7181
10.7121
10.885
10.8941
10.709
10.6699
10.9041
10.7138
10.915
10.6769
10.699
10.7319
10.9022
10.8941
10.716
10.695
10.9119
10.9062
10.9138
10.72
10.927
10.906
10.694
10.9069
10.906
10.9291
10.721
10.8998
10.9179
10.9031
10.7131
10.7059
10.8979
10.905
10.7272
10.8979
10.6959
10.885
10.9
10.7088
10.72
10.922
10.8981
10.7081
10.9031
10.9019
10.7219
10.6921
10.9031
10.9019
10.7009
10.689
10.906
10.7059
10.7141
10.9241
10.896
10.9088
10.7579
10.89
10.942
10.6969
10.922
10.901
10.911
10.6959
10.8922
10.694
10.6761
10.915
10.721
10.88
10.725
10.905
10.7141
10.901
10.9382
10.7129
10.8998
10.7009
10.705
10.664
10.9341
10.735
10.9169
10.726
10.901
10.7
10.6919
10.9031
10.9141
10.716
10.7198
10.71
10.6959
10.8831
10.7241
10.92
10.6852
10.9189
10.6978
10.7031
10.7131
10.694
10.6928
10.721
10.6919
10.7019
10.91
10.7241
10.8809
10.6921
10.8871
10.7031
10.6759
10.716
10.9069
10.89
10.901
10.9251
10.8881
10.71
10.6781
10.7281
10.875
10.6821
10.8712
10.704
10.9091
10.9169
10.6978
10.7021
10.705
10.704
10.6878
10.7272
10.716
10.936
10.8891
10.9282
10.704
10.9091
10.6871
10.715
10.896
10.7019
10.7081
