14.7431
9.95588
9.95898
9.95994
9.96494
9.94897
9.95803
9.95207
9.94897
9.94587
9.96089
9.95398
9.94205
9.94802
9.94897
9.93681
9.94706
9.93109
9.90105
9.90486
9.89389
9.86004
9.85789
9.85122
9.86791
9.85789
9.86886
9.86385
9.87101
9.86195
9.87792
9.85694
9.85813
9.86695
9.85694
9.86004
9.84693
9.85694
9.85503
9.86505
9.85599
9.86004
9.8629
9.86385
9.86195
9.85718
9.86409
9.86505
9.85217
9.86409
9.87411
9.85909
9.87411
9.86409
9.85408
9.88698
9.86314
9.84907
9.86099
9.85813
9.86505
9.86481
9.85098
9.866
9.84097
9.87387
9.86505
9.85289
9.866
9.85599
9.87315
9.866
9.8598
9.87101
9.88412
9.90915
9.90009
9.91511
9.89389
9.89008
9.88889
9.89199
9.8691
9.85694
9.85312
9.84907
9.87101
9.8722
9.86004
9.85599
9.87101
9.85003
9.84383
9.85193
9.86004
9.86385
9.86385
9.85098
9.866
9.84287
9.86099
9.84907
9.84406
9.85813
9.85312
9.86814
9.87411
9.84597
9.85694
9.88007
9.85599
9.85694
9.85599
9.8629
9.85503
9.84693
9.85789
9.85289
9.85789
9.86099
9.87315
9.86695
9.87601
9.86409
9.87101
9.84788
9.87291
9.86004
9.85193
9.86981
9.86886
9.85599
9.86195
9.85289
9.85599
9.87697
9.87291
9.87077
9.86791
9.86099
9.87101
9.86195
9.85599
9.86004
9.86004
9.85885
9.84478
9.866
9.866
9.85503
9.85003
9.85098
9.86886
9.87387
9.86195
9.87291
9.87482
9.86099
9.85694
9.84788
9.85193
9.85003
9.86004
9.85503
9.85813
9.86505
9.86218
9.85193
9.86195
9.85193
9.84907
9.87196
9.85909
9.86195
9.85193
9.87101
9.86505
9.8691
9.87697
9.85909
9.84788
9.86099
9.85503
9.87601
9.87005
9.85003
9.87697
9.85599
9.86814
9.92298
9.86099
9.87601
9.86791
9.85909
9.87005
9.85885
9.87101
9.86695
9.8598
9.86791
9.87387
9.866
9.84311
9.84812
9.8629
9.85289
9.84502
9.86099
9.86719
9.86505
9.86409
9.85909
9.85003
9.85718
9.85909
9.86099
9.85694
9.88412
9.85909
9.85909
9.86099
9.87101
9.85694
9.8629
9.85694
9.86195
9.88197
9.86719
9.85813
9.85909
9.87315
9.85289
9.85098
9.88102
9.85694
9.87315
9.86409
9.86099
9.84883
9.87887
9.84502
9.86505
9.85503
9.85312
9.85312
9.86099
9.87697
9.86505
9.85503
9.85503
9.85718
9.85599
9.86409
9.86409
9.86004
9.85289
9.87101
9.85503
9.8691
9.86099
9.85599
9.88102
9.866
9.866
9.87411
9.87005
9.86385
9.85193
9.86314
9.86099
9.86505
9.85503
9.85098
9.86505
9.86099
9.85599
9.86099
9.85599
9.86886
9.86981
9.86886
9.88007
9.87005
9.85909
9.8691
9.86791
9.87601
9.84907
9.866
9.85789
9.87005
9.86505
9.86409
9.84812
9.84716
9.86886
9.84597
9.84311
9.85622
9.84788
9.86505
9.88197
9.86791
9.86004
9.85098
9.8691
9.87196
9.85718
9.83906
9.85503
9.8412
9.86195
9.866
9.85193
9.86886
9.866
9.86099
9.87005
9.84192
9.85599
9.85503
9.87196
9.84502
9.85718
9.85098
9.866
9.8629
9.85503
9.866
9.85789
9.86314
9.85408
9.85909
9.86481
9.87196
9.86791
9.85694
9.85003
9.85885
9.85599
9.86099
9.85503
9.84097
9.87387
9.85694
9.866
9.84693
9.8691
9.86195
9.85813
9.84716
9.86409
9.86099
9.88102
9.86505
9.86195
9.88579
9.85789
9.8629
9.87601
9.8629
9.86099
9.86004
9.86004
9.87387
9.85789
9.86814
9.85694
9.85098
9.87506
9.85479
9.86886
9.86695
9.866
9.86099
9.87411
9.87005
9.88889
9.85718
9.85694
9.84693
9.87697
9.85003
9.86409
9.86409
9.85503
9.86004
9.86814
9.85789
9.86719
9.85503
9.87005
9.93896
9.89699
9.85479
9.87792
9.86481
9.866
9.85312
9.87196
9.87291
9.85813
9.84693
9.8629
9.87387
9.87196
9.86814
9.86409
9.86099
9.86505
9.87196
9.85003
9.84979
9.85885
9.84693
9.86195
9.85909
9.85599
9.8629
9.85003
9.866
9.86099
9.85003
9.87196
9.85503
9.85289
9.87983
9.8598
9.83787
9.86886
9.85289
9.86385
9.86385
9.85289
9.866
9.866
9.87506
9.86195
9.85718
9.86695
9.86719
9.86004
9.85217
9.8629
9.85193
9.85622
9.86505
9.86409
9.866
9.84621
9.86004
9.84311
9.866
9.86886
9.85193
9.84597
9.85813
9.87887
9.84097
9.8772
9.89413
9.88889
9.90486
9.89294
9.89294
9.89199
9.88603
9.89008
9.87411
9.85312
9.85909
9.86314
9.87911
9.8691
9.86505
9.87411
9.86505
9.84812
9.8691
9.87506
9.85312
9.86099
9.85384
9.8629
9.86099
9.85718
9.8691
9.85599
9.85599
9.85098
9.86099
9.85599
9.85289
9.87101
9.866
9.85694
9.86719
9.8691
9.87792
9.85885
9.86481
9.87697
9.86314
9.86195
9.86791
9.87601
9.86505
9.86505
9.84907
9.86719
9.85408
9.87101
9.84502
9.86004
9.85909
9.85503
9.866
9.85789
9.85503
9.85599
9.8691
9.85813
9.86505
9.87196
9.8598
9.85599
9.87601
9.85289
9.86981
9.86004
9.86814
9.86791
9.86791
9.85479
9.85193
9.85479
9.8629
9.87387
9.84883
9.866
9.86409
9.88102
9.88102
9.88197
9.86218
9.85503
9.84597
9.85503
9.85909
9.86195
9.85289
9.88102
9.85909
9.86099
9.85098
9.86099
9.88102
9.87601
9.85718
9.86409
9.86505
9.86195
9.86099
9.85909
9.85098
9.86695
9.87601
9.88197
9.85789
9.85503
9.85694
9.86385
9.86099
9.85599
9.87005
9.87697
9.86218
9.84097
9.85193
9.86004
9.85408
9.85718
9.85694
9.86195
9.86004
9.86099
9.84907
9.84597
9.87101
9.86195
9.87482
9.85599
9.86099
9.87697
9.84597
9.85003
9.84716
9.85813
9.85312
9.86505
9.8691
9.85599
9.84693
9.86314
9.86409
9.85813
9.87506
9.87291
9.86218
9.86195
9.87887
9.866
9.85694
9.86791
9.87506
9.86791
9.84883
9.866
9.85813
9.85789
9.84883
9.84287
9.85599
9.86004
9.85718
9.86505
9.87911
9.84812
9.84192
9.85408
9.866
9.86719
9.8691
9.84812
9.8691
9.87196
9.85694
9.8629
9.86719
9.85694
9.84788
9.86314
9.87506
9.86814
9.87005
9.86195
9.86099
9.86195
9.85718
9.85599
9.84192
9.86099
9.86886
9.83787
9.87005
9.86409
9.86004
9.86004
9.86886
9.85694
9.86004
9.85813
9.87101
9.87697
9.85193
9.86505
9.87315
9.86505
9.866
9.87196
9.87196
9.86981
9.84192
9.87291
9.85622
9.86695
9.87005
9.85503
9.866
9.87101
9.85217
9.88102
9.90295
9.86481
9.86099
9.85479
9.86695
9.87005
9.85813
9.8629
9.87101
9.86004
9.866
9.87005
9.86099
9.86195
9.87101
9.866
9.86004
9.85003
9.85599
9.84097
9.87482
9.86695
9.85408
9.87005
9.88102
9.85909
9.88388
9.85789
9.85599
9.86004
9.86695
9.86695
9.85193
9.86505
9.87005
9.85694
9.84693
9.86099
9.85408
9.85312
9.86695
9.85003
9.85289
9.86099
9.86409
9.86409
9.85599
9.85098
9.85193
9.87911
9.85599
9.866
9.86409
9.86195
9.86695
9.87315
9.85599
9.85599
9.84192
9.86981
9.86385
9.87005
9.88507
9.88007
9.87315
9.85408
9.86004
9.84597
9.86409
9.8629
9.86195
9.85622
9.84907
9.85193
9.88197
9.85813
9.86505
9.85384
9.87887
9.86195
9.86505
9.87196
9.86505
9.86195
9.87411
9.86505
9.86099
9.87101
9.86004
9.86004
9.85622
9.86695
9.85312
9.88007
9.87506
9.86886
9.86385
9.85885
9.84883
9.86791
9.86218
9.85813
9.86099
9.86099
9.86099
9.86695
9.86195
9.88698
9.86099
9.85098
9.86195
9.86695
9.87196
9.87005
9.85599
9.85193
9.85098
9.87005
9.84216
9.85599
9.87816
9.85193
9.866
9.8691
9.87315
9.86791
9.86195
9.8629
9.86004
9.85098
9.87506
9.85813
9.84907
9.85503
9.85599
9.86004
9.85813
9.87697
9.86791
9.86814
9.86004
9.87506
9.85384
9.866
9.866
9.84311
9.87315
9.86195
9.86791
9.86218
9.85193
9.87196
9.87911
9.87315
9.86791
9.83691
9.85098
9.85503
9.82785
9.85694
9.85098
9.84406
9.85909
9.84907
9.87101
9.86195
9.87101
9.85694
9.87101
9.85289
9.86695
9.86409
9.86505
9.85408
9.84621
9.87196
9.84502
9.87697
9.85503
9.86385
9.84788
9.85384
9.87196
9.87005
9.85289
9.85289
9.85694
9.87196
9.8629
9.86695
9.86314
9.86099
9.85885
9.85503
9.86099
9.866
9.87196
9.84907
9.86981
9.85503
9.86004
9.86099
9.8381
9.85503
9.85599
9.86385
9.86004
9.85909
9.86505
9.8691
9.8691
9.87315
9.85909
9.86814
9.86409
9.85694
9.87005
9.86409
9.8629
9.84907
9.85694
9.87887
9.866
9.85408
9.85813
9.86314
9.86409
9.87101
9.85694
9.86004
9.87315
9.85885
9.85408
9.87196
9.86791
9.85909
9.84716
9.866
9.86218
9.87506
9.86505
9.85718
9.87911
9.86195
9.85289
9.86099
9.86099
9.87196
9.86314
9.84812
9.85694
9.86695
9.86409
9.86505
9.85193
9.85909
9.85217
9.85503
9.86409
9.86195
9.8629
9.85599
9.85909
9.86099
9.866
9.86314
9.84693
9.84812
9.85408
9.86505
9.86218
9.85408
9.85789
9.87196
9.87315
9.86314
9.84907
9.84812
9.8691
9.85312
9.88102
9.86409
9.85599
9.85909
9.86099
9.86791
9.86314
9.866
9.85384
9.84502
9.86099
9.8629
9.86695
9.85813
9.85503
9.86004
9.86195
9.85217
9.85003
9.85599
9.866
9.86218
9.86886
9.85789
9.86695
9.85312
9.86314
9.85193
9.86886
9.85599
9.87911
9.84311
9.87506
9.87101
9.866
9.86099
9.85599
9.866
