4.44288293815836610178848786745220
4.43854206572245235662421691813506
4.43420119328653683510310656856745
4.42986032085062308993883561925031
4.42551944841470845659614496980794
4.42117857597879382325345432036556
4.41683770354288007808918337104842
4.41249683110696544474649272160605
4.40815595867105081140380207216367
4.40381508623513706623953112284653
4.39947421379922243289684047340415
4.39513334136330779955414982396178
4.39079246892739405438987887464464
4.38645159649147942104718822520226
4.38211072405556478770449757575989
4.37776985161965015436180692631751
4.37342897918373640919753597700037
4.36908810674782177585484532755800
4.36474723431190714251215467811562
4.36040636187599250916946402867325
4.35606548944007876400519307935610
4.35172461700416413066250242991373
4.34738374456824949731981178047135
4.34304287213233486397712113102898
4.33870199969642111881285018171184
4.33436112726050648547015953226946
4.33002025482459185212746888282709
4.32567938238867810696319793350995
4.32133850995276347362050728406757
4.31699763751684884027781663462520
4.31265676508093509511354568530805
4.30831589264502046177085503586568
4.30397502020910582842816438642330
4.29963414777319208326389343710616
4.29529327533727744992120278766379
4.29095240290136281657851213822141
4.28661153046544907141424118890427
4.28227065802953354989313083933666
4.27792978559361980472885989001952
4.27358891315770517138616924057715
4.26924804072179053804347859113477
4.26490716828587679287920764181763
4.26056629584996215953651699237525
4.25622542341404752619382634293288
4.25188455097813378102955539361574
4.24754367854221914768686474417336
4.24320280610630451434417409473099
4.23886193367038988100148344528861
4.23452106123447613583721249597147
4.23018018879856150249452184652910
4.22583931636264686915183119708672
4.22149844392673312398756024776958
4.21715757149081849064486959832720
4.21281669905490385730217894888483
4.20847582661899011213790799956769
4.20413495418307459061679765000008
4.19979408174716084545252670068294
4.19545320931124710028825575136580
4.19111233687533157876714540179819
4.18677146443941783360287445248105
4.18243059200350408843860350316390
4.17808971956758856691749315359630
4.17374884713167482175322220427915
4.16940797469576018841053155483678
4.16506710225984555506784090539441
4.16072622982393180990356995607726
4.15638535738801717656087930663489
4.15204448495210254321818865719251
4.14770361251618879805391770787537
4.14336274008027416471122705843300
4.13902186764435953136853640899062
4.13468099520844489802584575954825
4.13034012277253115286157481023110
4.12599925033661651951888416078873
4.12165837790070188617619351134636
4.11731750546478814101192256202921
4.11297663302887350766923191258684
4.10863576059295887432654126314446
4.10429488815704424098385061370209
4.09995401572112960764115996425971
4.09561314328521586247688901494257
4.09127227084930122913419836550020
4.08693139841338659579150771605782
4.08259052597747285062723676674068
4.07824965354155821728454611729831
4.07390878110564358394185546785593
4.06956790866972983877758451853879
4.06522703623381520543489386909641
4.06088616379790057209220321965404
4.05654529136198682692793227033690
4.05220441892607219358524162089452
4.04786354649015756024255097145215
4.04352267405424381507828002213500
4.03918180161832918173558937269263
4.03484092918241454839289872325025
4.03050005674649991505020807380788
4.02615918431058528170751742436551
4.02181831187467153654324647504836
4.01747743943875690320055582560599
4.01313656700284226985786517616361
4.00879569456692852469359422684647
4.00445482213101389135090357740410
4.00011394969509925800821292796172
3.99577307725918462466552227851935
3.99143220482327087950125132920220
3.98709133238735669024777052982245
3.98275045995144161281587003031746
3.97840958751552742356238923093770
3.97406871507961367839811828162055
3.96972784264369860096621778211556
3.96538697020778441171273698273581
3.96104609777186977837004633329343
3.95670522533595558911656553391367
3.95236435290004139986308473453391
3.94802348046412676652039408509154
3.94368260802821257726691328571178
3.93934173559229838801343248633202
3.93500086315638375467074183688965
3.93065999072046956541726103750989
3.92631911828455493207457038806751
3.92197824584864074282108958868776
3.91763737341272655356760878930800
3.91329650097681147613570828980301
3.90895562854089773097143734048586
3.90461475610498354171795654110610
3.90027388366906846428605604160111
3.89593301123315427503257524222136
3.89159213879723964168988459277898
3.88725126636132545243640379339922
3.88291039392541126318292299401946
3.87856952148949662984023234457709
3.87422864905358244058675154519733
3.86988777661766825133327074581757
3.86554690418175361799058009637520
3.86120603174583942873709929699544
3.85686515930992523948361849761568
3.85252428687401060614092784817331
3.84818341443809641688744704879355
3.84384254200218178354475639935117
3.83950166956626759429127559997141
3.83516079713035340503779480059166
3.83081992469443877169510415114928
3.82647905225852458244162335176952
3.82213817982261039318814255238976
3.81779730738669531575624205288477
3.81345643495078157059197110356763
3.80911556251486649316007060406264
3.80477469007895230390658980468288
3.80043381764303811465310900530312
3.79609294520712348131041835586075
3.79175207277120929205693755648099
3.78741120033529510280345675710123
3.78307032789938046946076610765886
3.77872945546346628020728530827910
3.77438858302755164686459465883672
3.77004771059163745761111385945696
3.76570683815572326835763306007721
3.76136596571980863501494241063483
3.75702509328389444576146161125507
3.75268422084798025650798081187531
3.74834334841206562316529016243294
3.74400247597615143391180936305318
3.73966160354023635647990886354819
3.73532073110432216722642806416843
3.73097985866840842206215711485129
3.72663898623249334463025661534630
3.72229811379657915537677581596654
3.71795724136066496612329501658678
3.71361636892475033278060436714441
3.70927549648883614352712356776465
3.70493462405292151018443291832227
3.70059375161700732093095211894251
3.69625287918109313167747131956276
3.69191200674517849833478067012038
3.68757113430926430908129987074062
3.68323026187335011982781907136086
3.67888938943743548648512842191849
3.67454851700152129723164762253873
3.67020764456560666388895697309636
3.66586677212969247463547617371660
3.66152589969377828538199537433684
3.65718502725786320795009487483185
3.65284415482194946278582392551471
3.64850328238603527353234312613495
3.64416240995012019610044262662996
3.63982153751420600684696182725020
3.63548066507829137350427117780782
3.63113979264237718425079037842806
3.62679892020646299499730957904831
3.62245804777054836165461892960593
3.61811717533463417240113813022617
3.61377630289871998314765733084641
3.60943543046280534980496668140404
3.60509455802689116055148588202428
3.60075368559097652720879523258191
3.59641281315506233795531443320215
3.59207194071914814870183363382239
3.58773106828323351535914298438001
3.58339019584731932610566218500026
3.57904932341140513685218138562050
3.57470845097549005942028088611551
3.57036757853957631425600993679836
3.56602670610366123682410943729337
3.56168583366774704757062863791361
3.55734496123183285831714783853386
3.55300408879591822497445718909148
3.54866321636000403572097638971172
3.54432234392408984646749559033196
3.53998147148817521312480494088959
3.53564059905226102387132414150983
3.53129972661634639052863349206746
3.52695885418043220127515269268770
3.52261798174451801202167189330794
3.51827710930860337867898124386556
3.51393623687268918942550044448581
3.50959536443677500017201964510605
3.50525449200086036682932899566367
3.50091361956494617757584819628391
3.49657274712903110014394769677892
3.49223187469311735497967674746178
3.48789100225720316572619594808202
3.48355012982128808829429544857703
3.47920925738537389904081464919727
3.47486838494946015387654369988013
3.47052751251354507644464320037514
3.46618664007763088719116240099538
3.46184576764171625384847175155301
3.45750489520580206459499095217325
3.45316402276988787534151015279349
3.44882315033397324199881950335111
3.44448227789805905274533870397136
3.44014140546214486349185790459160
3.43580053302623023014916725514922
3.43145966059031604089568645576946
3.42711878815440140755299580632709
3.42277791571848721829951500694733
3.41843704328257302904603420756757
3.41409617084665839570334355812520
3.40975529841074420644986275874544
3.40541442597483001719638195936568
3.40107355353891493976448145986069
3.39673268110300075051100066048093
3.39239180866708611716831001103856
3.38805093623117192791482921165880
3.38371006379525773866134841227904
3.37936919135934310531865776283666
3.37502831892342891606517696345691
3.37068744648751472681169616407715
3.36634657405160009346900551463477
3.36200570161568590421552471525501
3.35766482917977127087283406581264
3.35332395674385708161935326643288
3.34898308430794289236587246705312
3.34464221187202825902318181761075
3.34030133943611406976970101823099
3.33596046700019988051622021885123
3.33161959456428524717352956940886
3.32727872212837105792004877002910
3.32293784969245686866656797064934
3.31859697725654179123466747114435
3.31425610482062804607039652182721
3.30991523238471296863849602232222
3.30557435994879877938501522294246
3.30123348751288459013153442356270
3.29689261507696995678884377412032
3.29255174264105576753536297474056
3.28821087020514157828188217536081
3.28386999776922694493919152591843
3.27952912533331275568571072653867
3.27518825289739812234302007709630
3.27084738046148393308953927771654
3.26650650802556974383605847833678
3.26216563558965511049336782889441
3.25782476315374092123988702951465
3.25348389071782673198640623013489
3.24914301828191209864371558069251
3.24480214584599790939023478131276
3.24046127341008283195833428180777
3.23612040097416908679406333249062
3.23177952853825489754058253311086
3.22743865610233982010868203360587
3.22309778366642563085520123422612
3.21875691123051188569093028490897
3.21441603879459680825902978540398
3.21007516635868261900554898602422
3.20573429392276798566285833658185
3.20139342148685379640937753720209
3.19705254905093960715589673782233
3.19271167661502497381320608837996
3.18837080417911078455972528900020
3.18402993174319659530624448962044
3.17968905930728196196355384017807
3.17534818687136777271007304079831
3.17100731443545313936738239135593
3.16666644199953895011390159197617
3.16232556956362476086042079259641
3.15798469712770968342852029309142
3.15364382469179593826424934377428
3.14930295225588174901076854439452
3.14496207981996667157886804488953
3.14062120738405248232538724550977
3.13628033494813784898269659606740
3.13193946251222365972921579668764
3.12759859007630947047573499730788
3.12325771764039483713304434786551
3.11891684520448064787956354848575
3.11457597276856645862608274910599
3.11023510033265182528339209966362
3.10589422789673763602991130028386
3.10155335546082300268722065084148
3.09721248302490881343373985146172
3.09287161058899462418025905208196
3.08853073815307999083756840263959
3.08418986571716580158408760325983
3.07984899328125161233060680388007
3.07550812084533697898791615443770
3.07116724840942278973443535505794
3.06682637597350771230253485555295
3.06248550353759352304905405617319
3.05814463110167977788478310685605
3.05380375866576470045288260735106
3.04946288622985051119940180797130
3.04512201379393632194592100859154
3.04078114135802168860323035914917
3.03644026892210749934974955976941
3.03209939648619286600705891032703
3.02775852405027867675357811094727
3.02341765161436448750009731156752
3.01907677917844985415740666212514
3.01473590674253566490392586274538
3.01039503430662147565044506336562
3.00605416187070684230775441392325
3.00171328943479265305427361454349
2.99737241699887757562237311503850
2.99303154456296383045810216572136
2.98869067212704964120462136634160
2.98434979969113456377272086683661
2.98000892725522037451924006745685
2.97566805481930662935496911813971
2.97132718238339155192306861863472
2.96698630994747736266958781925496
2.96264543751156272932689716981258
2.95830456507564854007341637043282
2.95396369263973435081993557105307
2.94962282020381971747724492161069
2.94528194776790552822376412223093
2.94094107533199133897028332285117
2.93660020289607670562759267340880
2.93225933046016251637411187402904
2.92791845802424788303142122458667
2.92357758558833369377794042520691
2.91923671315241950452445962582715
2.91489584071650487118176897638477
2.91055496828059068192828817700502
2.90621409584467649267480737762526
2.90187322340876141524290687812027
2.89753235097284767007863592880312
2.89319147853693259264673542929813
2.88885060610101840339325462991837
2.88450973366510421413977383053862
2.88016886122918958079708318109624
2.87582798879327539154360238171648
2.87148711635736120229012158233672
2.86714624392144656894743093289435
2.86280537148553237969395013351459
2.85846449904961774635125948407222
2.85412362661370355709777868469246
2.84978275417778936784429788531270
2.84544188174187473450160723587032
2.84110100930596054524812643649057
2.83676013687004635599464563711081
2.83241926443413172265195498766843
2.82807839199821753339847418828867
2.82373751956230290005578353884630
2.81939664712638826671309288940392
2.81505577469047407745961209002417
2.81071490225455988820613129064441
2.80637402981864525486344064120203
2.80203315738273106560995984182227
2.79769228494681643226726919237990
2.79335141251090224301378839300014
2.78901054007498805376030759362038
2.78466966763907342041761694417801
2.78032879520315878707492629473563
2.77598792276724504191065534541849
2.77164705033133040856796469597612
2.76730617789541577522527404653374
2.76296530545950158597179324715398
2.75862443302358739671831244777422
2.75428356058767276337562179833185
2.74994268815175857412214099895209
2.74560181571584438486866019957233
2.74126094327992975152596955012996
2.73692007084401556227248875075020
2.73257919840810092892979810130782
2.72823832597218673967631730192807
2.72389745353627210633362665248569
2.71955658110035791708014585310593
2.71521570866444328373745520366356
2.71087483622852909448397440428380
2.70653396379261490523049360490404
2.70219309135670027188780295546167
2.69785221892078608263432215608191
2.69351134648487189338084135670215
2.68917047404895726003815070725977
2.68482960161304262669546005781740
2.68048872917712843744197925843764
2.67614785674121424818849845905788
2.67180698430529961484580780961551
2.66746611186938542559232701023575
2.66312523943347079224963636079337
2.65878436699755660299615556141362
2.65444349456164241374267476203386
2.65010262212572778039998411259148
2.64576174968981314705729346314911
2.64142087725389940189302251383197
2.63708000481798476855033186438959
2.63273913238207013520764121494722
2.62839825994615594595416041556746
2.62405738751024175670067961618770
2.61971651507432712335798896674532
2.61537564263841293410450816736557
2.61103477020249830076181751792319
2.60669389776658411150833671854343
2.60235302533066947816564606910106
2.59801215289475528891216526972130
2.59367128045884065556947462027892
2.58933040802292646631599382089917
2.58498953558701227706251302151941
2.58064866315109764371982237207703
2.57630779071518345446634157269727
2.57196691827926926521286077331752
2.56762604584335463187017012387514
2.56328517340743999852747947443277
2.55894430097152580927399867505301
2.55460342853561162002051787567325
2.55026255609969698667782722623087
2.54592168366378279742434642685112
2.54158081122786816408165577740874
2.53723993879195397482817497802898
2.53289906635603978557469417864922
2.52855819392012515223200352920685
2.52421732148421051888931287976447
2.51987644904829677372504193044733
2.51553557661238214038235128100496
2.51119470417646750703966063156258
2.50685383174055331778617983218282
2.50251295930463912853269903280307
2.49817208686872449519000838336069
2.49383121443281030593652758398093
2.48949034199689567259383693453856
2.48514946956098148334035613515880
2.48080859712506729408687533577904
2.47646772468915266074418468633667
2.47212685225323802740149403689429
2.46778597981732383814801323751453
2.46344510738140964889453243813477
2.45910423494549501555184178869240
2.45476336250958082629836098931264
2.45042249007366663704488018993288
2.44608161763775200370218954049051
2.44174074520183781444870874111075
2.43739987276592318110601809166837
2.43305900033000899185253729228862
2.42871812789409435850984664284624
2.42437725545818016925636584346648
2.42003638302226553591367519402411
2.41569551058635134666019439464435
2.41135463815043715740671359526459
2.40701376571452252406402294582222
2.40267289327860789072133229637984
2.39833202084269414555706134706270
2.39399114840677951221437069762032
2.38965027597086487887168004817795
2.38530940353495068961819924879819
2.38096853109903650036471844941843
2.37662765866312186702202779997606
2.37228678622720767776854700059630
2.36794591379129304442585635115393
2.36360504135537885517237555177417
2.35926416891946466591889475239441
2.35492329648355003257620410295203
2.35058242404763539923351345350966
2.34624155161172120998003265412990
2.34190067917580702072655185475014
2.33755980673989238738386120530777
2.33321893430397819813038040592801
2.32887806186806400887689960654825
2.32453718943214937553420895710588
2.32019631699623518628072815772612
2.31585544456032055293803750828374
2.31151457212440636368455670890398
2.30717369968849173034186605946161
2.30283282725257754108838526008185
2.29849195481666290774569461063948
2.29415108238074871849221381125972
2.28981020994483452923873301187996
2.28546933750891989589604236243758
2.28112846507300570664256156305782
2.27678759263709151738908076367807
2.27244672020117688404639011423569
2.26810584776526225070369946479332
2.26376497532934806145021866541356
2.25942410289343387219673786603380
2.25508323045751923885404721659143
2.25074235802160504960056641721167
2.24640148558569041625787576776929
2.24206061314977622700439496838953
2.23771974071386203775091416900977
2.23337886827794740440822351956740
2.22903799584203277106553287012503
2.22469712340611858181205207074527
2.22035625097020439255857127136551
2.21601537853428975921588062192313
2.21167450609837556996239982254338
2.20733363366246138070891902316362
2.20299276122654674736622837372124
2.19865188879063255811274757434148
2.19431101635471836885926677496172
2.18997014391880373551657612551935
2.18562927148288910217388547607698
2.18128839904697491292040467669722
2.17694752661106072366692387731746
2.17260665417514609032423322787508
2.16826578173923190107075242849533
2.16392490930331726772806177905295
2.15958403686740307847458097967319
2.15524316443148888922110018029343
2.15090229199557425587840953085106
2.14656141955965962253571888140868
2.14222054712374587737144793209154
2.13787967468783124402875728264917
2.13353880225191661068606663320679
2.12919792981600242143258583382703
2.12485705738008823217910503444728
2.12051618494417359883641438500490
2.11617531250825940958293358562514
2.11183444007234477624024293618277
2.10749356763643058698676213680301
2.10315269520051639773328133742325
2.09881182276460176439059068798088
2.09447095032868713104790003853850
2.09013007789277294179441923915874
2.08578920545685875254093843977898
2.08144833302094411919824779033661
2.07710746058502992994476699095685
2.07276658814911574069128619157709
2.06842571571320110734859554213472
2.06408484327728691809511474275496
2.05974397084137228475242409331258
2.05540309840545809549894329393283
2.05106222596954346215625264449045
2.04672135353362927290277184511069
2.04238048109771463956008119566832
2.03803960866180045030660039628856
2.03369873622588626105311959690880
2.02935786378997162771042894746643
2.02501699135405699436773829802405
2.02067611891814324920346734870691
2.01633524648222861586077669926453
2.01199437404631398251808604982216
2.00765350161039979326460525044240
2.00331262917448560401112445106264
1.99897175673857119271303872665158
1.99463088430265655937034807720920
1.99029001186674214807226235279813
1.98594913943082795881878155341838
1.98160826699491354752069582900731
1.97726739455899913622261010459624
1.97292652212308472492452438018518
1.96858564968717053567104358080542
1.96424477725125612437295785639435
1.95990390481534171307487213198328
1.95556303237942707973218148254091
1.95122215994351311252330560819246
1.94688128750759847918061495875008
1.94254041507168406788252923433902
1.93819954263576965658444350992795
1.93385867019985546733096271054819
1.92951779776394105603287698613713
1.92517692532802664473479126172606
1.92083605289211201139210061228368
1.91649518045619804418322473793523
1.91215430802028341084053408849286
1.90781343558436899954244836408179
1.90347256314845458824436263967073
1.89913169071254039899088184029097
1.89479081827662598769279611587990
1.89044994584071157639471039146883
1.88610907340479716509662466705777
1.88176820096888297584314386767801
1.87742732853296856454505814326694
1.87308645609705393120236749382457
1.86874558366113951990428176941350
1.86440471122522533065080097003374
1.86006383878931091935271524562268
1.85572296635339650805462952121161
1.85138209391748209675654379680054
1.84704122148156790750306299742078
1.84270034904565349620497727300972
1.83835947660973908490689154859865
1.83401860417382445156420089915628
1.82967773173791048435532502480783
1.82533685930199585101263437536545
1.82099598686608143971454865095438
1.81665511443016702841646292654332
1.81231424199425283916298212716356
1.80797336955833842786489640275249
1.80363249712242401656681067834143
1.79929162468650960526872495393036
1.79495075225059541601524415455060
1.79060987981468100471715843013953
1.78626900737876637137446778069716
1.78192813494285196007638205628609
1.77758726250693777082290125690633
1.77324639007102335952481553249527
1.76890551763510894822672980808420
1.76456464519919453692864408367313
1.76022377276328034767516328429338
1.75588290032736593637707755988231
1.75154202789145130303438691043993
1.74720115545553689173630118602887
1.74286028301962270248282038664911
1.73851941058370829118473466223804
1.73417853814779387988664893782698
1.72983766571187946858856321341591
1.72549679327596527933508241403615
1.72115592084005086803699668962508
1.71681504840413645673891096521402
1.71247417596822182339622031577164
1.70813330353230785618734444142319
1.70379243109639322284465379198082
1.69945155866047881154656806756975
1.69511068622456440024848234315868
1.69076981378865021099500154377893
1.68642894135273579969691581936786
1.68208806891682138839883009495679
1.67774719648090697710074437054573
1.67340632404499278784726357116597
1.66906545160907837654917784675490
1.66472457917316374320648719731253
1.66038370673724977599761132296408
1.65604283430133514265492067352170
1.65170196186542073135683494911063
1.64736108942950632005874922469957
1.64302021699359213080526842531981
1.63867934455767771950718270090874
1.63433847212176330820909697649768
1.62999759968584889691101125208661
1.62565672724993470765753045270685
1.62131585481402029635944472829578
1.61697498237810566301675407885341
1.61263410994219125171866835444234
1.60829323750627706246518755506258
1.60395236507036265116710183065152
1.59961149263444823986901610624045
1.59527062019853382857093038182938
1.59092974776261963931744958244963
1.58658887532670522801936385803856
1.58224800289079081672127813362749
1.57790713045487618337858748418512
1.57356625801896221616971160983667
1.56922538558304758282702096039429
1.56488451314713317152893523598323
1.56054364071121876023084951157216
1.55620276827530457097736871219240
1.55186189583939015967928298778133
1.54752102340347574838119726337027
1.54318015096756111503850661392789
1.53883927853164714782963073957944
1.53449840609573251448694009013707
1.53015753365981810318885436572600
1.52581666122390369189076864131493
1.52147578878798950263728784193518
1.51713491635207509133920211752411
1.51279404391616068004111639311304
1.50845317148024626874303066870198
1.50411229904433207948954986932222
1.49977142660841766819146414491115
1.49543055417250303484877349546878
1.49108968173658862355068777105771
1.48674880930067443429720697167795
1.48240793686476002299912124726688
1.47806706442884561170103552285582
1.47372619199293120040294979844475
1.46938531955701701114946899906499
1.46504444712110259985138327465393
1.46070357468518818855329755024286
1.45636270224927355521060690080049
1.45202182981335958800173102645203
1.44768095737744495465904037700966
1.44334008494153054336095465259859
1.43899921250561613206286892818753
1.43465834006970194280938812880777
1.43031746763378753151130240439670
1.42597659519787312021321667998563
1.42163572276195870891513095557457
1.41729485032604451966165015619481
1.41295397789013010836356443178374
1.40861310545421547502087378234137
1.40427223301830128576739298296161
1.39993136058238687446930725855054
1.39559048814647246317122153413948
1.39124961571055805187313580972841
1.38690874327464364057505008531734
1.38256787083872922927696436090628
1.37822699840281504002348356152652
1.37388612596690062872539783711545
1.36954525353098621742731211270439
1.36520438109507180612922638829332
1.36086350865915739483114066388225
1.35652263622324298353305493947119
1.35218176378732879427957414009143
1.34784089135141416093688349064905
1.34350001891549997168340269126929
1.33915914647958556038531696685823
1.33481827404367114908723124244716
1.33047740160775673778914551803609
1.32613652917184232649105979362503
1.32179565673592791519297406921396
1.31745478430001372593949326983420
1.31311391186409931464140754542314
1.30877303942818490334332182101207
1.30443216699227049204523609660100
1.30009129455635608074715037218994
1.29575042212044166944906464777887
1.29140954968452748019558384839911
1.28706867724861284685289319895674
1.28272780481269865759941239957698
1.27838693237678424630132667516591
1.27404605994086983500324095075484
1.26970518750495542370515522634378
1.26536431506904101240706950193271
1.26102344263312660110898377752164
1.25668257019721241185550297814189
1.25234169776129800055741725373082
1.24800082532538358925933152931975
1.24365995288946917796124580490869
1.23931908045355476666316008049762
1.23497820801764035536507435608655
1.23063733558172616611159355670679
1.22629646314581153276890290726442
1.22195559070989734351542210788466
1.21761471827398293221733638347359
1.21327384583806852091925065906253
1.20893297340215410962116493465146
1.20459210096623992036768413527170
1.20025122853032528702499348582933
1.19591035609441109777151268644957
1.19156948365849668647342696203850
1.18722861122258227517534123762744
1.18288773878666786387725551321637
1.17854686635075345257916978880530
1.17420599391483904128108406439424
1.16986512147892485202760326501448
1.16552424904301021868491261557210
1.16118337660709602943143181619234
1.15684250417118161813334609178128
1.15250163173526720683526036737021
1.14816075929935279553717464295914
1.14381988686343860628369384357939
1.13947901442752397294100319413701
1.13513814199160978368752239475725
1.13079726955569537238943667034619
1.12645639711978096109135094593512
1.12211552468386654979326522152405
1.11777465224795213849517949711299
1.11343377981203772719709377270192
1.10909290737612353794361297332216
1.10475203494020912664552724891109
1.10041116250429471534744152450003
1.09607029006838052609396072512027
1.09172941763246589275127007567789
1.08738854519655170349778927629814
1.08304767276063729219970355188707
1.07870680032472288090161782747600
1.07436592788880846960353210306494
1.07002505545289405830544637865387
1.06568418301697964700736065424280
1.06134331058106545775387985486304
1.05700243814515082441118920542067
1.05266156570923663515770840604091
1.04832069327332222385962268162984
1.04397982083740781256153695721878
1.03963894840149340126345123280771
1.03529807596557921200997043342795
1.03095720352966457866727978398558
1.02661633109375038941379898460582
1.02227545865783597811571326019475
1.01793458622192156681762753578369
1.01359371378600715551954181137262
1.00925284135009274422145608696155
1.00491196891417833292337036255049
1.00057109647826414366988956317073
0.99623022404234962134950137624401
0.99188935160643532107371811434859
0.98754847917052090977563238993753
0.98320760673460660949984912804211
0.97886673429869208717946094111539
0.97452586186277778690367767921998
0.97018498942686337560559195480892
0.96584411699094907532980869291350
0.96150324455503455300942050598678
0.95716237211912025273363724409137
0.95282149968320584143555151968030
0.94848062724729154115976825778489
0.94413975481137712986168253337382
0.93979888237546282958589927147841
0.93545800993954830726551108455169
0.93111713750363400698972782265628
0.92677626506771959569164209824521
0.92243539263180529541585883634980
0.91809452019589077309547064942308
0.91375364775997647281968738752767
0.90941277532406206152160166311660
0.90507190288814776124581840122119
0.90073103045223323892543021429447
0.89639015801631893864964695239905
0.89204928558040452735156122798799
0.88770841314449022707577796609257
0.88336754070857581577769224168151
0.87902666827266151550190897978609
0.87468579583674699318152079285937
0.87034492340083269290573753096396
0.86600405096491828160765180655289
0.86166317852900398133186854465748
0.85732230609308945901148035773076
0.85298143365717515873569709583535
0.84864056122126074743761137142428
0.84429968878534644716182810952887
0.83995881634943203586374238511780
0.83561794391351773558795912322239
0.83127707147760321326757093629567
0.82693619904168891299178767440026
0.82259532660577450169370194998919
0.81825445416986020141791868809378
0.81391358173394567909753050116706
0.80957270929803137882174723927164
0.80523183686211696752366151486058
0.80089096442620266724787825296517
0.79655009199028814492749006603844
0.79220921955437384465170680414303
0.78786834711845943335362107973197
0.78352747468254513307783781783655
0.77918660224663072177975209342549
0.77484572981071642150396883153007
0.77050485737480189918358064460335
0.76616398493888759890779738270794
0.76182311250297318760971165829687
0.75748224006705888733392839640146
0.75314136763114436501354020947474
0.74880049519523006473775694757933
0.74445962275931565343967122316826
0.74011875032340135316388796127285
0.73577787788748683084349977434613
0.73143700545157253056771651245072
0.72709613301565811926963078803965
0.72275526057974381899384752614424
0.71841438814382940769576180173317
0.71407351570791510741997853983776
0.70973264327200058509959035291104
0.70539177083608628482380709101562
0.70105089840017198454802382912021
0.69671002596425757324993810470914
0.69236915352834316195185238029808
0.68802828109242875065376665588701
0.68368740865651445037798339399160
0.67934653622060003907989766958053
0.67500566378468562778181194516947
0.67066479134877132750602868327405
0.66632391891285691620794295886299
0.66198304647694250490985723445192
0.65764217404102809361177151004085
0.65330130160511379333598824814544
0.64896042916919938203790252373437
0.64461955673328497073981679932331
0.64027868429737067046403353742789
0.63593781186145625916594781301683
0.63159693942554184786786208860576
0.62725606698962743656977636419469
0.62291519455371313629399310229928
0.61857432211779872499590737788822
0.61423344968188431369782165347715
0.60989257724597001342203839158174
0.60555170481005560212395266717067
0.60121083237414119082586694275960
0.59686995993822689055008368086419
0.59252908750231247925199795645312
0.58818821506639806795391223204206
0.58384734263048365665582650763099
0.57950647019456935638004324573558
0.57516559775865494508195752132451
0.57082472532274053378387179691344
0.56648385288682623350808853501803
0.56214298045091182221000281060697
0.55780210801499741091191708619590
0.55346123557908299961383136178483
0.54912036314316869933804809988942
0.54477949070725428803996237547835
0.54043861827133987674187665106729
0.53609774583542557646609338917187
0.53175687339951116516800766476081
0.52741600096359675386992194034974
0.52307512852768234257183621593867
0.51873425609176804229605295404326
0.51439338365585363099796722963220
0.51005251121993921969988150522113
0.50571163878402491942409824332572
0.50137076634811050812601251891465
0.49702989391219609682792679450358
0.49268902147628174104099230135034
0.48834814904036738525405780819710
0.48400727660445297395597208378604
0.47966640416853861816903759063280
0.47532553173262420687095186622173
0.47098465929670985108401737306849
0.46664378686079543978593164865742
0.46230291442488108399899715550418
0.45796204198896672821206266235095
0.45362116955305231691397693793988
0.44928029711713796112704244478664
0.44493942468122354982895672037557
0.44059855224530919404202222722233
0.43625767980939483825508773406909
0.43191680737348042695700200965803
0.42757593493756607117006751650479
0.42323506250165165987198179209372
0.41889419006573730408504729894048
0.41455331762982289278696157452941
0.41021244519390853700002708137617
0.40587157275799418121309258822293
0.40153070032207976991500686381187
0.39718982788616541412807237065863
0.39284895545025100282998664624756
0.38850808301433664704305215309432
0.38416721057842229125611765994108
0.37982633814250787995803193553002
0.37548546570659352417109744237678
0.37114459327067911287301171796571
0.36680372083476475708607722481247
0.36246284839885034578799150040140
0.35812197596293599000105700724816
0.35378110352702163421412251409492
0.34944023109110727842718802094168
0.34509935865519286712910229653062
0.34075848621927851134216780337738
0.33641761378336415555523331022414
0.33207674134744974425714758581307
0.32773586891153538847021309265983
0.32339499647562097717212736824877
0.31905412403970662138519287509553
0.31471325160379226559825838194229
0.31037237916787785430017265753122
0.30603150673196349851323816437798
0.30169063429604908721515243996691
0.29734976186013473142821794681367
0.29300888942422032013013222240261
0.28866801698830596434319772924937
0.28432714455239160855626323609613
0.27998627211647719725817751168506
0.27564539968056284147124301853182
0.27130452724464843017315729412076
0.26696365480873407438622280096752
0.26262278237281971859928830781428
0.25828190993690530730120258340321
0.25394103750099095151426809024997
0.24960016506507656797175798146782
0.24525929262916218442924787268566
0.24091842019324780088673776390351
0.23657754775733341734422765512136
0.23223667532141903380171754633921
0.22789580288550465025920743755705
0.22355493044959029447227294440381
0.21921405801367591092976283562166
0.21487318557776152738725272683951
0.21053231314184714384474261805735
0.20619144070593276030223250927520
0.20185056827001837675972240049305
0.19750969583410402097278790733981
0.19316882339818963743027779855765
0.18882795096227525388776768977550
0.18448707852636087034525758099335
0.18014620609044648680274747221119
0.17580533365453213101581297905796
0.17146446121861774747330287027580
0.16712358878270336393079276149365
0.16278271634678900814385826834041
0.15844184391087462460134815955826
0.15410097147496024105883805077610
0.14976009903904585751632794199395
0.14541922660313147397381783321180
0.14107835416721709043130772442964
0.13673748173130273464437323127640
0.13239660929538835110186312249425
0.12805573685947396755935301371210
0.12371486442355958401684290492994
0.11937399198764520047433279614779
0.11503311955173083080961049518010
0.11069224711581644726710038639794
0.10635137467990206372459027761579
0.10201050224398769405986797664809
0.09766962980807331051735786786594
0.09332875737215892697484775908379
0.08898788493624455731012545811609
0.08464701250033018764540315714839
0.08030614006441580410289304836624
0.07596526762850142056038293958409
0.07162439519258705089566063861639
0.06728352275667266735315052983424
0.06294265032075828381064042105209
0.05860177788484390720702421617716
0.05426090544892953060340801130224
0.04992003301301515399979180642731
0.04557916057710077045728169764516
0.04123828814118640079255939667746
0.03689741570527201725004928789531
0.03255654326935764064643308302038
0.02821567083344326057336992619184
0.02387479839752888396975372131692
0.01953392596161450736613751644200
0.01519305352570012729307435961346
0.01085218108978574895473467876172
0.00651130865387137061639499790999
0.00217043621795699271173618605246
0.00217043621795738562660349479927
0.00651130865387176439862404464520
0.01085218108978614273696372549693
0.01519305352570052107530340634867
0.01953392596161489941364308720040
0.02387479839752927601725929207532
0.02821567083344365609032244890386
0.03255654326935803616338560573240
0.03689741570527241276700181060733
0.04123828814118678937061801548225
0.04557916057710116597423422035718
0.04992003301301554257785042523210
0.05426090544892992612036053401425
0.05860177788484430272397673888918
0.06294265032075868626648684767133
0.06728352275667305593120914863903
0.07162439519258743947371925742118
0.07596526762850182301622936620333
0.08030614006441619268095166717103
0.08464701250033057622346177595318
0.08898788493624494588818407692088
0.09332875737215932943069418570303
0.09766962980807369909541648667073
0.10201050224398808263792659545288
0.10635137467990246618043670423503
0.11069224711581683584515900520273
0.11503311955173121938766911398488
0.11937399198764560293017922276704
0.12371486442355997259490152373473
0.12805573685947435613741163251689
0.13239660929538873967992174129904
0.13673748173130312322243185008119
0.14107835416721750676494195886335
0.14541922660313186255187645201659
0.14976009903904624609438656079874
0.15410097147496062963689666958089
0.15844184391087501317940677836305
0.16278271634678939672191688714520
0.16712358878270378026442699592735
0.17146446121861813605136148908059
0.17580533365453251959387159786274
0.18014620609044687538080609101598
0.18448707852636125892331619979814
0.18882795096227564246582630858029
0.19316882339819002600833641736244
0.19750969583410440955084652614460
0.20185056827001879309335663492675
0.20619144070593314888029112807999
0.21053231314184753242280123686214
0.21487318557776191596531134564430
0.21921405801367629950782145442645
0.22355493044959068305033156320860
0.22789580288550506659284167199075
0.23223667532141942237977616514399
0.23657754775733380592228627392615
0.24091842019324818946479638270830
0.24525929262916257300730649149045
0.24960016506507695654981660027261
0.25394103750099134009232670905476
0.25828190993690569587926120220800
0.26262278237282010717734692661907
0.26696365480873446296428141977231
0.27130452724464881875121591292555
0.27564539968056323004930163733661
0.27998627211647758583623613048985
0.28432714455239199713432185490092
0.28866801698830635292125634805416
0.29300888942422076421934207246522
0.29734976186013512000627656561846
0.30169063429604947579321105877170
0.30603150673196388709129678318277
0.31037237916787824287823127633601
0.31471325160379265417631700074708
0.31905412403970700996325149390032
0.32339499647562136575018598705356
0.32773586891153577704827171146462
0.33207674134745013283520620461786
0.33641761378336454413329192902893
0.34075848621927889992022642218217
0.34509935865519331121831214659323
0.34944023109110766700524663974647
0.35378110352702202279218113289971
0.35812197596293637857911562605295
0.36246284839885078987720135046402
0.36680372083476514566413584361726
0.37114459327067950145107033677050
0.37548546570659391274915606118157
0.37982633814250826853609055433481
0.38416721057842267983417627874587
0.38850808301433703562111077189911
0.39284895545025139140804526505235
0.39718982788616580270613098946342
0.40153070032208015849306548261666
0.40587157275799456979115120702772
0.41021244519390892557808570018096
0.41455331762982333687617142459203
0.41889419006573769266310591774527
0.42323506250165204845004041089851
0.42757593493756645974812613530958
0.43191680737348081553506062846282
0.43625767980939522683314635287388
0.44059855224530958262008084602712
0.44493942468122393840701533918036
0.44928029711713834970510106359143
0.45362116955305270549203555674467
0.45796204198896711679012128115573
0.46230291442488147257705577430897
0.46664378686079588387514149872004
0.47098465929671023966207599187328
0.47532553173262459544901048502652
0.47966640416853900674709620943759
0.48400727660445336253403070259083
0.48834814904036777383211642700189
0.49268902147628212961905092015513
0.49702989391219648540598541330837
0.50137076634811084119291990646161
0.50571163878402525249100563087268
0.51005251121993966378909135528374
0.51439338365585407508717707969481
0.51873425609176837536296034159022
0.52307512852768278666104606600129
0.52741600096359719795913179041236
0.53175687339951149823491505230777
0.53609774583542590953300077671884
0.54043861827134032083108650112990
0.54477949070725473212917222554097
0.54912036314316903240495548743638
0.55346123557908344370304121184745
0.55780210801499785500112693625852
0.56214298045091215527691019815393
0.56648385288682656657499592256499
0.57082472532274097787308164697606
0.57516559775865538917116737138713
0.57950647019456968944695063328254
0.58384734263048410074503635769361
0.58818821506639851204312208210467
0.59252908750231281231890534400009
0.59686995993822722361699106841115
0.60121083237414163491507679282222
0.60555170481005593519086005471763
0.60989257724597034648894577912870
0.61423344968188475778703150353977
0.61857432211779916908511722795083
0.62291519455371346936090048984624
0.62725606698962788065898621425731
0.63159693942554229195707193866838
0.63593781186145659223285520056379
0.64027868429737100353094092497486
0.64461955673328541482902664938592
0.64896042916919982612711237379699
0.65330130160511412640289563569240
0.65764217404102853770098136010347
0.66198304647694294899906708451454
0.66632391891285724927485034640995
0.67066479134877166057293607082102
0.67500566378468607187102179523208
0.67934653622060048316910751964315
0.68368740865651478344489078153856
0.68802828109242919474297650594963
0.69236915352834360604106223036069
0.69671002596425790631684549225611
0.70105089840017231761493121666717
0.70539177083608672891301694107824
0.70973264327200102918880020297365
0.71407351570791532946458346486907
0.71841438814382985178497165179579
0.72275526057974415206075491369120
0.72709613301565856335884063810227
0.73143700545157286363462389999768
0.73577787788748738595501208692440
0.74011875032340168623079534881981
0.74445962275931609752888107323088
0.74880049519523039780466433512629
0.75314136763114492012505252205301
0.75748224006705922040083578394842
0.76182311250297363169892150835949
0.76616398493888793197470477025490
0.77050485737480234327279049466597
0.77484572981071664354857375656138
0.77918660224663116586896194348810
0.78352747468254546614474520538351
0.78786834711845987744283092979458
0.79220921955437417771861419168999
0.79655009199028870003900237861671
0.80089096442620300031478564051213
0.80523183686211741161287136492319
0.80957270929803171188865462681861
0.81391358173394623420904281374533
0.81825445416986053448482607564074
0.82259532660577494578291180005181
0.82693619904168924605869506194722
0.83127707147760365735678078635829
0.83561794391351795763256404825370
0.83995881634943247995295223518042
0.84429968878534678022873549707583
0.84864056122126119152682122148690
0.85298143365717549180260448338231
0.85732230609309001412299267030903
0.86166317852900431439877593220444
0.86600405096491872569686165661551
0.87034492340083302597264491851092
0.87468579583674743727073064292199
0.87902666827266173754651390481740
0.88336754070857625986690209174412
0.88770841314449056014268535363954
0.89204928558040497144077107805060
0.89639015801631927171655433994601
0.90073103045223379403694252687274
0.90507190288814809431272578876815
0.90941277532406250561081151317921
0.91375364775997680588659477507463
0.91809452019589132820698296200135
0.92243539263180562848276622389676
0.92677626506772003978085194830783
0.93111713750363434005663521020324
0.93545800993954875135472093461431
0.93979888237546305163050419650972
0.94413975481137757395089238343644
0.94848062724729187422667564533185
0.95282149968320628552476136974292
0.95716237211912058580054463163833
0.96150324455503510812093281856505
0.96584411699094940839671608046046
0.97018498942686381969480180487153
0.97452586186277811997058506676694
0.97886673429869253126867079117801
0.98320760673460683154445405307342
0.98754847917052135386484224000014
0.99188935160643565414062550189556
0.99623022404235006543871122630662
1.00057109647826436571449448820204
1.00491196891417877701258021261310
1.00925284135009318831066593702417
1.01359371378600759960875166143524
1.01793458622192201090683738584630
1.02227545865783642220492311025737
1.02661633109375061145840390963713
1.03095720352966502275648963404819
1.03529807596557943405457535845926
1.03963894840149384535266108287033
1.04397982083740825665074680728139
1.04832069327332266794883253169246
1.05266156570923685720231333107222
1.05700243814515149054500398051459
1.06134331058106567979848477989435
1.06568418301698009109657050430542
1.07002505545289450239465622871649
1.07436592788880891369274195312755
1.07870680032472332499082767753862
1.08304767276063773628891340194969
1.08738854519655192554239420132944
1.09172941763246633684047992574051
1.09607029006838074813856565015158
1.10041116250429515943665137456264
1.10475203494020957073473709897371
1.10909290737612398203282282338478
1.11343377981203817128630362276454
1.11777465224795258258438934717560
1.12211552468386699388247507158667
1.12645639711978140518056079599774
1.13079726955569581647864652040880
1.13513814199161000573212731978856
1.13947901442752441703021304419963
1.14381988686343882832829876861069
1.14816075929935323962638449302176
1.15250163173526765092447021743283
1.15684250417118206222255594184389
1.16118337660709625147603674122365
1.16552424904301088481872739066603
1.16986512147892507407220819004579
1.17420599391483948537029391445685
1.17854686635075389666837963886792
1.18288773878666830796646536327899
1.18722861122258271926455108769005
1.19156948365849713056263681210112
1.19591035609441131981611761148088
1.20025122853032573111420333589194
1.20459210096624014241228906030301
1.20893297340215455371037478471408
1.21327384583806896500846050912514
1.21761471827398337630654623353621
1.22195559070989756556002703291597
1.22629646314581219890271768235834
1.23063733558172638815619848173810
1.23497820801764079945428420614917
1.23931908045355521075236993056023
1.24365995288946962205045565497130
1.24800082532538381130393645435106
1.25234169776129844464662710379343
1.25668257019721263390010790317319
1.26102344263312704519819362758426
1.26536431506904145649627935199533
1.26970518750495586779436507640639
1.27404605994087027909245080081746
1.27838693237678469039053652522853
1.28272780481269887964401732460828
1.28706867724861351298670797405066
1.29140954968452770224018877343042
1.29575042212044211353827449784148
1.30009129455635652483636022225255
1.30443216699227093613444594666362
1.30877303942818512538792674604338
1.31311391186409975873061739548575
1.31745478430001394798409819486551
1.32179565673592835928218391927658
1.32613652917184277058026964368764
1.33047740160775718187835536809871
1.33481827404367159317644109250978
1.33915914647958600447452681692084
1.34350001891550019372800761630060
1.34784089135141482707069826574298
1.35218176378732901632417906512273
1.35652263622324342762226478953380
1.36086350865915783892035051394487
1.36520438109507225021843623835593
1.36954525353098643947191703773569
1.37388612596690107281460768717807
1.37822699840281526206808848655783
1.38256787083872967336617421096889
1.38690874327464408466425993537996
1.39124961571055849596234565979103
1.39559048814647290726043138420209
1.39993136058238731855851710861316
1.40427223301830150781199790799292
1.40861310545421591911008363240398
1.41295397789013033040816935681505
1.41729485032604474170625508122612
1.42163572276195915300434080563718
1.42597659519787334225782160501694
1.43031746763378775355590732942801
1.43465834006970238689859797887038
1.43899921250561679819668370328145
1.44334008494153098745016450266121
1.44768095737744539874825022707228
1.45202182981335981004633595148334
1.45636270224927422134442167589441
1.46070357468518841059790247527417
1.46504444712110282189598819968523
1.46938531955701723319407392409630
1.47372619199293186653676457353868
1.47806706442884583374564044788713
1.48240793686476046708833109732950
1.48674880930067487838641682174057
1.49108968173658928968450254615163
1.49543055417250347893798334553139
1.49977142660841789023606906994246
1.50411229904433230153415479435353
1.50845317148024671283224051876459
1.51279404391616090208572131814435
1.51713491635207531338380704255542
1.52147578878798994672649769199779
1.52581666122390435802458341640886
1.53015753365981854727806421578862
1.53449840609573295857614994019968
1.53883927853164736987423566461075
1.54318015096756178117232138902182
1.54752102340347597042580218840158
1.55186189583939038172388791281264
1.55620276827530501506657856225502
1.56054364071121942636466428666608
1.56488451314713361561814508604584
1.56922538558304802691623081045691
1.57356625801896243821431653486798
1.57790713045487684951240225927904
1.58224800289079103876588305865880
1.58658887532670545006396878306987
1.59092974776261986136205450748093
1.59527062019853449470474515692331
1.59961149263444846191362103127176
1.60395236507036309525631168071413
1.60829323750627750655439740512520
1.61263410994219191785248312953627
1.61697498237810610710596392891603
1.62131585481402051840404965332709
1.62565672724993492970213537773816
1.62999759968584934100022110214923
1.63433847212176353025370190152898
1.63867934455767794155178762594005
1.64302021699359257489447827538243
1.64736108942950698619256399979349
1.65170196186542117544604479917325
1.65604283430133558674413052358432
1.66038370673724999804221624799538
1.66472457917316440934030197240645
1.66906545160907859859378277178621
1.67340632404499300989186849619728
1.67774719648090742118995422060834
1.68208806891682161044343501998810
1.68642894135273602174152074439917
1.69076981378865065508421139384154
1.69511068622456506638229711825261
1.69945155866047925563577791763237
1.70379243109639366693386364204343
1.70813330353230807823194936645450
1.71247417596822248953003509086557
1.71681504840413667878351589024533
1.72115592084005109008160161465639
1.72549679327596550137968733906746
1.72983766571188013472237798850983
1.73417853814779410193125386285828
1.73851941058370873527394451230066
1.74286028301962314657203023671173
1.74720115545553755787011596112279
1.75154202789145174712359676050255
1.75588290032736615842168248491362
1.76022377276328056971976820932468
1.76456464519919520306245885876706
1.76890551763510917027133473311551
1.77324639007102380361402538255788
1.77758726250693821491211110696895
1.78192813494285262621019683138002
1.78626900737876681546367763075978
1.79060987981468122676176335517084
1.79495075225059563805984907958191
1.79929162468651004935793480399298
1.80363249712242423861141560337273
1.80797336955833864990950132778380
1.81231424199425328325219197722618
1.81665511443016769455027770163724
1.82099598686608188380375850101700
1.82533685930199629510184422542807
1.82967773173791070639992994983913
1.83401860417382511769801567425020
1.83835947660973930695149647362996
1.84270034904565371824958219804103
1.84704122148156812954766792245209
1.85138209391748276289035857189447
1.85572296635339673009923444624292
1.86006383878931136344192509568529
1.86440471122522577474001082009636
1.86874558366114018603809654450743
1.87308645609705437529157734388718
1.87742732853296878658966306829825
1.88176820096888319788774879270932
1.88610907340479760918583451712038
1.89044994584071179843931531650014
1.89479081827662620973740104091121
1.89913169071254084308009169035358
1.90347256314845525437817741476465
1.90781343558436944363165821414441
1.91215430802028385492974393855548
1.91649518045619826622782966296654
1.92083605289211267752591538737761
1.92517692532802686677939618675737
1.92951779776394127807748191116843
1.93385867019985591142017256061081
1.93819954263577032271825828502188
1.94254041507168451197173908440163
1.94688128750759892326982480881270
1.95122215994351333456791053322377
1.95556303237942774586599625763483
1.95990390481534193511947705701459
1.96424477725125634641756278142566
1.96858564968717075771564850583673
1.97292652212308539105833915527910
1.97726739455899935826721502962755
1.98160826699491399160990567906993
1.98594913943082840290799140348099
1.99029001186674281420607712789206
1.99463088430265700345955792727182
1.99897175673857141475764365168288
2.00331262917448604810033430112526
2.00765350161040023735381510050502
2.01199437404631442660729589988478
2.01633524648222905994998654932715
2.02067611891814324920346734870691
2.02501699135405788254615799814928
2.02935786378997207179963879752904
2.03369873622588626105311959690880
2.03803960866180089439581024635118
2.04238048109771552773850089579355
2.04672135353362971699198169517331
2.05106222596954390624546249455307
2.05540309840545853958815314399544
2.05974397084137272884163394337520
2.06408484327728691809511474275496
2.06842571571320155143780539219733
2.07276658814911574069128619157709
2.07710746058503037403397684101947
2.08144833302094456328745764039923
2.08578920545685919663014828984160
2.09013007789277338588362908922136
2.09447095032868801922631973866373
2.09881182276460220847980053804349
2.10315269520051639773328133742325
2.10749356763643103107597198686562
2.11183444007234522032945278624538
2.11617531250825940958293358562514
2.12051618494417404292562423506752
2.12485705738008867626831488450989
2.12919792981600286552179568388965
2.13353880225191705477527648326941
2.13787967468783168811796713271178
2.14222054712374587737144793209154
2.14656141955966051071413858153392
2.15090229199557469996761938091367
2.15524316443148888922110018029343
2.15958403686740352256379082973581
2.16392490930331815590648147917818
2.16826578173923190107075242849533
2.17260665417514653441344307793770
2.17694752661106116775613372738007
2.18128839904697535700961452675983
2.18562927148288954626309532613959
2.18997014391880417960578597558197
2.19431101635471836885926677496172
2.19865188879063300220195742440410
2.20299276122654719145543822378386
2.20733363366246138070891902316362
2.21167450609837601405160967260599
2.21601537853429064739430032204837
2.22035625097020483664778112142812
2.22469712340611902590126192080788
2.22903799584203365924395257025026
2.23337886827794784849743336963002
2.23771974071386203775091416900977
2.24206061314977667109360481845215
2.24640148558569130443629546789452
2.25074235802160504960056641721167
2.25508323045751968294325706665404
2.25942410289343431628594771609642
2.26376497532934850553942851547617
2.26810584776526269479290931485593
2.27244672020117732813559996429831
2.27678759263709151738908076367807
2.28112846507300615073177141312044
2.28546933750892033998525221250020
2.28981020994483452923873301187996
2.29415108238074916258142366132233
2.29849195481666379592411431076471
2.30283282725257798517759511014447
2.30717369968849217443107590952422
2.31151457212440680777376655896660
2.31585544456032099702724735834636
2.32019631699623518628072815772612
2.32453718943214981962341880716849
2.32887806186806400887689960654825
2.33321893430397864221959025599062
2.33755980673989283147307105537038
2.34190067917580746481576170481276
2.34624155161172165406924250419252
2.35058242404763628741193315363489
2.35492329648355047666541395301465
2.35926416891946466591889475239441
2.36360504135537929926158540183678
2.36794591379129348851506620121654
2.37228678622720767776854700059630
2.37662765866312231111123765003867
2.38096853109903694445392829948105
2.38530940353495113370740909886081
2.38965027597086532296088989824057
2.39399114840677995630358054768294
2.39833202084269414555706134706270
2.40267289327860877889975199650507
2.40701376571452296815323279588483
2.41135463815043715740671359526459
2.41569551058635179074940424470697
2.42003638302226642409209489414934
2.42437725545818061334557569352910
2.42871812789409480259905649290886
2.43305900033000943594174714235123
2.43739987276592362519522794173099
2.44174074520183781444870874111075
2.44608161763775244779139939055312
2.45042249007366663704488018993288
2.45476336250958127038757083937526
2.45910423494549545964105163875502
2.46344510738141009298374228819739
2.46778597981732428223722308757715
2.47212685225323891557991373701952
2.47646772468915310483339453639928
2.48080859712506729408687533577904
2.48514946956098192742956598522142
2.48949034199689611668304678460117
2.49383121443281030593652758398093
2.49817208686872493927921823342331
2.50251295930463957262190888286568
2.50685383174055376187538968224544
2.51119470417646795112887048162520
2.51553557661238258447156113106757
2.51987644904829677372504193044733
2.52421732148421140706773257988971
2.52855819392012559632121337926947
2.53289906635603978557469417864922
2.53723993879195441891738482809160
2.54158081122786905226007547753397
2.54592168366378279742434642685112
2.55026255609969743076703707629349
2.55460342853561206410972772573587
2.55894430097152625336320852511562
2.56328517340744044261668932449538
2.56762604584335507595937997393776
2.57196691827926926521286077331752
2.57630779071518389855555142275989
2.58064866315109808780903222213965
2.58498953558701227706251302151941
2.58933040802292691040520367096178
2.59367128045884154374789432040416
2.59801215289475573300137511978392
2.60235302533066992225485591916367
2.60669389776658455559754656860605
2.61103477020249874485102736798581
2.61537564263841293410450816736557
2.61971651507432756744719881680794
2.62405738751024220078988946625032
2.62839825994615639004337026563007
2.63273913238207057929685106500983
2.63708000481798521263954171445221
2.64142087725389940189302251383197
2.64576174968981403523571316327434
2.65010262212572822448919396265410
2.65444349456164241374267476203386
2.65878436699755704708536541147623
2.66312523943347168042805606091861
2.66746611186938542559232701023575
2.67180698430530005893501765967812
2.67614785674121469227770830912050
2.68048872917712888153118910850026
2.68482960161304307078466990788002
2.68917047404895770412736055732239
2.69351134648487189338084135670215
2.69785221892078652672353200614452
2.70219309135670071597701280552428
2.70653396379261490523049360490404
2.71087483622852953857318425434642
2.71521570866444417191587490378879
2.71955658110035836116935570316855
2.72389745353627255042283650254831
2.72823832597218718376552715199068
2.73257919840810137301900795137044
2.73692007084401556227248875075020
2.74126094327993019561517940019257
2.74560181571584438486866019957233
2.74994268815175901821135084901471
2.75428356058767320746483164839447
2.75862443302358784080752229783684
2.76296530545950203006100309721660
2.76730617789541666340369374665897
2.77164705033133085265717454603873
2.77598792276724504191065534541849
2.78032879520315967525334599486087
2.78466966763907386450682679424062
2.78901054007498805376030759362038
2.79335141251090268710299824306276
2.79769228494681732044568889250513
2.80203315738273106560995984182227
2.80637402981864569895265049126465
2.81071490225456033229534114070702
2.81505577469047452154882194008678
2.81939664712638871080230273946654
2.82373751956230334414499338890892
2.82807839199821753339847418828867
2.83241926443413216674116483773105
2.83676013687004635599464563711081
2.84110100930596098933733628655318
2.84544188174187517859081708593294
2.84978275417778936784429788531270
2.85412362661370400118698853475507
2.85846449904961819044046933413483
2.86280537148553237969395013351459
2.86714624392144701303664078295697
2.87148711635736120229012158233672
2.87582798879327627972202208184171
2.88016886122919046897550288122147
2.88450973366510421413977383053862
2.88885060610101929157167433004361
2.89319147853693348082515512942336
2.89753235097284767007863592880312
2.90187322340876230342132657824550
2.90621409584467649267480737762526
2.91055496828059112601749802706763
2.91489584071650531527097882644739
2.91923671315241950452445962582715
2.92357758558833413786715027526952
2.92791845802424832712063107464928
2.93225933046016251637411187402904
2.93660020289607714971680252347142
2.94094107533199133897028332285117
2.94528194776790597231297397229355
2.94962282020382016156645477167331
2.95396369263973435081993557105307
2.95830456507564942825183607055806
2.96264543751156317341610701987520
2.96698630994747736266958781925496
2.97132718238339244010148831875995
2.97566805481930662935496911813971
2.98000892725522126269765976758208
2.98434979969113545195114056696184
2.98869067212704964120462136634160
2.99303154456296427454731201578397
2.99737241699887846380079281516373
3.00171328943479265305427361454349
3.00605416187070728639696426398586
3.01039503430662147565044506336562
3.01473590674253610899313571280800
3.01907677917845029824661651218776
3.02341765161436448750009731156752
3.02775852405027912084278796100989
3.03209939648619331009626876038965
3.03644026892210749934974955976941
3.04078114135802257678165005927440
3.04512201379393632194592100859154
3.04946288622985139937782150809653
3.05380375866576558863130230747629
3.05814463110167977788478310685605
3.06248550353759441122747375629842
3.06682637597350860048095455567818
3.07116724840942278973443535505794
3.07550812084533742307712600450031
3.07984899328125161233060680388007
3.08418986571716624567329745332245
3.08853073815308043492677825270221
3.09287161058899462418025905208196
3.09721248302490925752294970152434
3.10155335546082344677643050090410
3.10589422789673763602991130028386
3.11023510033265226937260194972623
3.11457597276856645862608274910599
3.11891684520448153605798324861098
3.12325771764039528122225419792812
3.12759859007630947047573499730788
3.13193946251222454790763549681287
3.13628033494813873716111629619263
3.14062120738405248232538724550977
3.14496207981996755975728774501476
3.14930295225588174901076854439452
3.15364382469179638235345919383690
3.15798469712771057160693999321666
3.16232556956362476086042079259641
3.16666644199953939420311144203879
3.17100731443545358345659224141855
3.17534818687136777271007304079831
3.17968905930728240605276369024068
3.18402993174319659530624448962044
3.18837080417911122864893513906281
3.19271167661502541790241593844257
3.19705254905093960715589673782233
3.20139342148685468458779723732732
3.20573429392276842975206818664446
3.21007516635868261900554898602422
3.21441603879459769643744948552921
3.21875691123051188569093028490897
3.22309778366642651903362093435135
3.22743865610234070828710173373111
3.23177952853825489754058253311086
3.23612040097416953088327318255324
3.24046127341008372013675398193300
3.24480214584599790939023478131276
3.24914301828191254273292543075513
3.25348389071782673198640623013489
3.25782476315374136532909687957726
3.26216563558965555458257767895702
3.26650650802556974383605847833678
3.27084738046148437717874912777916
3.27518825289739856643222992715891
3.27952912533331275568571072653867
3.28386999776922738902840137598105
3.28821087020514157828188217536081
3.29255174264105665571378267486580
3.29689261507697084496726347424556
3.30123348751288459013153442356270
3.30557435994879966756343492306769
3.30991523238471385681691572244745
3.31425610482062804607039652182721
3.31859697725654267941308717126958
3.32293784969245686866656797064934
3.32727872212837150200925862009171
3.33161959456428569126273941947147
3.33596046700019988051622021885123
3.34030133943611451385891086829361
3.34464221187202870311239166767336
3.34898308430794289236587246705312
3.35332395674385752570856311649550
3.35766482917977171496204391587526
3.36200570161568590421552471525501
3.36634657405160053755821536469739
3.37068744648751472681169616407715
3.37502831892342980424359666358214
3.37936919135934354940786761289928
3.38371006379525773866134841227904
3.38805093623117281609324891178403
3.39239180866708700534672971116379
3.39673268110300075051100066048093
3.40107355353891582794290115998592
3.40541442597483001719638195936568
3.40975529841074465053907260880806
3.41409617084665883979255340818781
3.41843704328257302904603420756757
3.42277791571848766238872485700995
3.42711878815440185164220565638971
3.43145966059031604089568645576946
3.43580053302623067423837710521184
3.44014140546214486349185790459160
3.44448227789805949683454855403397
3.44882315033397368608802935341373
3.45316402276988787534151015279349
3.45750489520580295277341065229848
3.46184576764171669793768160161562
3.46618664007763088719116240099538
3.47052751251354596462306290050037
3.47486838494946015387654369988013
3.47920925738537478721923434932251
3.48355012982128897647271514870226
3.48789100225720316572619594808202
3.49223187469311779906888659752440
3.49657274712903198832236739690416
3.50091361956494617757584819628391
3.50525449200086081091853884572629
3.50959536443677500017201964510605
3.51393623687268963351471029454842
3.51827710930860382276819109392818
3.52261798174451801202167189330794
3.52695885418043264536436254275031
3.53129972661634683461784334213007
3.53564059905226102387132414150983
3.53998147148817565721401479095221
3.54432234392408984646749559033196
3.54866321636000492389939608983696
3.55300408879591911315287688921671
3.55734496123183285831714783853386
3.56168583366774793574904833803885
3.56602670610366212500252913741861
3.57036757853957631425600993679836
3.57470845097549094759870058624074
3.57904932341140513685218138562050
3.58339019584731977019487203506287
3.58773106828323395944835283444263
3.59207194071914814870183363382239
3.59641281315506278204452428326476
3.60075368559097697129800508264452
3.60509455802689116055148588202428
3.60943543046280579389417653146666
3.61377630289871998314765733084641
3.61811717533463506057955783035140
3.62245804777054880574382877966855
3.62679892020646299499730957904831
3.63113979264237807242921007855330
3.63548066507829226168269087793306
3.63982153751420600684696182725020
3.64416240995012108427886232675519
3.64850328238603527353234312613495
3.65284415482194990687503377557732
3.65718502725786409612851457495708
3.66152589969377828538199537433684
3.66586677212969291872468602377921
3.67020764456560710797816682315897
3.67454851700152129723164762253873
3.67888938943743593057433827198111
3.68323026187335011982781907136086
3.68757113430926475317050972080324
3.69191200674517894242399052018300
3.69625287918109313167747131956276
3.70059375161700776502016196900513
3.70493462405292195427364276838489
3.70927549648883614352712356776465
3.71361636892475122095902406726964
3.71795724136066496612329501658678
3.72229811379658004355519551609177
3.72663898623249423280867631547153
3.73097985866840842206215711485129
3.73532073110432305540484776429366
3.73966160354023724465832856367342
3.74400247597615143391180936305318
3.74834334841206606725450001249555
3.75268422084798025650798081187531
3.75702509328389488985067146131769
3.76136596571980907910415226069745
3.76570683815572326835763306007721
3.77004771059163790170032370951958
3.77438858302755209095380450889934
3.77872945546346628020728530827910
3.78307032789938091354997595772147
3.78741120033529510280345675710123
3.79175207277121018023535725660622
3.79609294520712436948883805598598
3.80043381764303811465310900530312
3.80477469007895319208500950480811
3.80911556251486738133849030418787
3.81345643495078157059197110356763
3.81779730738669620393466175301000
3.82213817982261039318814255238976
3.82647905225852502653083320183214
3.83081992469443921578431400121190
3.83516079713035340503779480059166
3.83950166956626803838048545003403
3.84384254200218222763396624941379
3.84818341443809641688744704879355
3.85252428687401105023013769823592
3.85686515930992523948361849761568
3.86120603174583987282630914705805
3.86554690418175406207978994643781
3.86988777661766825133327074581757
3.87422864905358332876517124532256
3.87856952148949707392944219463971
3.88291039392541126318292299401946
3.88725126636132634061482349352445
3.89159213879724052986830429290421
3.89593301123315427503257524222136
3.90027388366906935246447574172635
3.90461475610498354171795654110610
3.90895562854089817506064719054848
3.91329650097681236431412798992824
3.91763737341272655356760878930800
3.92197824584864118691029943875037
3.92631911828455537616378023813013
3.93065999072046956541726103750989
3.93500086315638419875995168695226
3.93934173559229838801343248633202
3.94368260802821302135612313577440
3.94802348046412721060960393515415
3.95236435290004139986308473453391
3.95670522533595603320577538397629
3.96104609777187022245925618335605
3.96538697020778441171273698273581
3.96972784264369948914463748224080
3.97406871507961367839811828162055
3.97840958751552831174080893106293
3.98275045995144250099428973044269
3.98709133238735669024777052982245
3.99143220482327132359046117926482
3.99577307725918551284394197864458
4.00011394969509925800821292796172
4.00445482213101477952932327752933
4.00879569456692852469359422684647
4.01313656700284315803628487628885
4.01747743943875779137897552573122
4.02181831187467153654324647504836
4.02615918431058616988593712449074
4.03050005674650080322862777393311
4.03484092918241454839289872325025
4.03918180161832918173558937269263
4.04352267405424381507828002213500
4.04786354649015844842097067157738
4.05220441892607219358524162089452
4.05654529136198682692793227033690
4.06088616379790146027062291977927
4.06522703623381520543489386909641
4.06956790866972983877758451853879
4.07390878110564447212027516798116
4.07824965354155821728454611729831
4.08259052597747373880565646686591
4.08693139841338748396992741618305
4.09127227084930122913419836550020
4.09561314328521675065530871506780
4.09995401572113049581957966438495
4.10429488815704424098385061370209
4.10863576059295976250496096326970
4.11297663302887350766923191258684
4.11731750546478814101192256202921
4.12165837790070277435461321147159
4.12599925033661651951888416078873
4.13034012277253115286157481023110
4.13468099520844578620426545967348
4.13902186764435953136853640899062
4.14336274008027416471122705843300
4.14770361251618879805391770787537
4.15204448495210343139660835731775
4.15638535738801717656087930663489
4.16072622982393180990356995607726
4.16506710225984644324626060551964
4.16940797469576018841053155483678
4.17374884713167482175322220427915
4.17808971956758945509591285372153
4.18243059200350408843860350316390
4.18677146443941872178129415260628
4.19111233687533246694556510192342
4.19545320931124710028825575136580
4.19979408174716173363094640080817
4.20413495418307547879521735012531
4.20847582661899011213790799956769
4.21281669905490474548059864901006
4.21715757149081849064486959832720
4.22149844392673312398756024776958
4.22583931636264775733025089721195
4.23018018879856150249452184652910
4.23452106123447613583721249597147
4.23886193367039076917990314541385
4.24320280610630451434417409473099
4.24754367854221914768686474417336
4.25188455097813378102955539361574
4.25622542341404841437224604305811
4.26056629584996304771493669250049
4.26490716828587679287920764181763
4.26924804072179142622189829126000
4.27358891315770605956458894070238
4.27792978559361980472885989001952
4.28227065802953443807155053946190
4.28661153046544907141424118890427
4.29095240290136370475693183834665
4.29529327533727744992120278766379
4.29963414777319208326389343710616
4.30397502020910671660658408654854
4.30831589264502046177085503586568
4.31265676508093509511354568530805
4.31699763751684972845623633475043
4.32133850995276347362050728406757
4.32567938238867810696319793350995
4.33002025482459274030588858295232
4.33436112726050648547015953226946
4.33870199969642200699126988183707
4.34304287213233575215554083115421
4.34738374456824949731981178047135
4.35172461700416501884092213003896
4.35606548944007876400519307935610
4.36040636187599339734788372879848
4.36474723431190803069057437824085
4.36908810674782177585484532755800
4.37342897918373640919753597700037
4.37776985161965104254022662644275
4.38211072405556478770449757575989
4.38645159649147942104718822520226
4.39079246892739405438987887464464
4.39513334136330868773256952408701
4.39947421379922243289684047340415
4.40381508623513706623953112284653
4.40815595867105169958222177228890
4.41249683110696544474649272160605
4.41683770354288007808918337104842
4.42117857597879471143187402049080
4.42551944841470845659614496980794
4.42986032085062397811725531937554
4.43420119328653772328152626869269
4.43854206572245235662421691813506
4.44288293815836698996690756757744
