23.5009
23.217
23.1891
23.2089
23.222
23.2
23.2069
23.2
23.2139
23.2081
23.1931
23.191
23.206
23.2041
23.1979
23.2038
23.1779
23.205
23.201
23.1991
23.2351
23.2069
23.217
23.1941
23.1969
23.2079
23.2141
23.2
23.2179
23.2208
23.2041
23.1991
23.195
23.1941
23.1819
23.2029
23.21
23.2041
23.206
23.2022
23.2091
23.1831
23.2131
23.1891
23.2079
23.221
23.2098
23.201
23.21
23.222
23.2048
23.2131
23.1969
23.1991
23.196
23.21
23.1869
23.1872
23.2279
23.2182
23.211
23.2041
23.2
23.2189
23.191
23.206
23.2229
23.195
23.212
23.2079
23.1981
23.2
23.19
23.2151
23.2038
23.2038
23.2
23.1972
23.1831
23.1891
23.195
23.21
23.1979
23.2129
23.2089
23.2139
23.2
23.212
23.2031
23.2072
23.2151
23.2179
23.1972
23.195
23.2081
23.1929
23.1769
23.211
23.2148
23.1879
23.2251
23.18
23.2069
23.2081
23.2081
23.211
23.1948
23.2029
23.1881
23.2379
23.212
23.212
23.2089
23.2201
23.2069
23.21
23.2029
23.2091
23.2451
23.2019
23.2341
23.1919
23.241
23.2291
23.201
23.201
23.2198
23.2499
23.2081
23.2191
23.2179
23.2451
23.1929
23.1938
23.196
23.201
23.2069
23.1929
23.2141
23.2079
23.195
23.2611
23.17
23.212
23.186
23.232
23.201
23.2069
23.217
23.2098
23.2279
23.2201
23.21
23.1972
23.2069
23.221
23.21
23.19
23.2198
23.237
23.2029
23.206
23.2038
23.226
23.2441
23.1781
23.2081
23.226
23.211
23.1969
23.1848
23.2151
23.2041
23.2308
23.216
23.2089
23.201
23.217
23.181
23.1988
23.2019
23.1872
23.2
23.21
23.2081
23.1681
23.1941
23.201
23.253
23.201
23.222
23.1819
23.2499
23.2122
23.2069
23.2019
23.21
23.1972
23.1929
23.1919
23.1879
23.191
23.206
23.1969
23.2668
23.2029
23.2089
23.2489
23.2019
23.1929
23.1922
23.2739
23.1869
23.2131
23.2122
23.216
23.2031
23.21
23.2251
23.1771
23.258
23.222
23.257
23.1941
23.201
23.237
23.2489
23.191
23.185
23.2561
23.2131
23.2091
23.263
23.217
23.2561
23.211
23.2091
23.2201
23.2348
23.2482
23.2129
23.205
23.262
23.2172
23.2041
23.216
23.2208
23.2689
23.2031
23.221
23.1988
23.2491
23.1979
23.2098
23.2041
23.2029
23.2608
23.2091
23.201
23.196
23.196
23.2489
23.2151
23.1969
23.232
23.262
23.2108
23.248
23.2041
23.253
23.211
23.2139
23.2689
23.196
23.268
23.221
23.196
23.1919
23.298
23.2201
23.1998
23.2029
23.242
23.2441
23.216
23.2
23.248
23.2551
23.226
23.2
23.1969
23.2611
23.2558
23.2041
23.2091
23.248
23.2592
23.21
23.1972
23.263
23.2079
23.1998
23.201
23.1881
23.278
23.2241
23.2599
23.2031
23.2141
23.2038
23.226
23.211
23.2069
23.2289
23.2019
23.248
23.1972
23.252
23.2751
23.2098
23.2151
23.248
23.2499
23.1948
23.253
23.1988
23.2561
23.2511
23.2019
23.2191
23.242
23.19
23.201
23.206
23.258
23.2391
23.221
23.2599
23.2279
23.262
23.268
23.222
23.257
23.2241
23.2081
23.2589
23.2291
23.2661
23.2081
23.2689
23.1988
23.2608
23.258
23.2029
23.1988
23.2701
23.2708
23.2038
23.268
23.2289
23.2499
23.2601
23.21
23.257
23.252
23.2489
23.2038
23.2511
23.247
23.1941
23.2458
23.243
23.268
23.21
23.2408
23.196
23.257
23.247
23.1912
23.2689
23.253
23.2592
23.211
23.1919
23.2601
23.252
23.19
23.2441
23.2701
23.2
23.2642
23.185
23.278
23.2811
23.2151
23.2749
23.252
23.2019
23.268
23.2022
23.2592
23.2639
23.2711
23.212
23.2599
23.2179
23.262
23.2649
23.242
23.253
23.2611
23.1812
23.268
23.2658
23.2251
23.2019
23.252
23.2511
23.1881
23.278
23.2649
23.2451
23.3109
23.2069
23.2692
23.2491
23.272
23.2141
23.284
23.2661
23.241
23.206
23.2689
23.241
23.252
23.1941
23.2689
23.279
23.21
23.2658
23.237
23.277
23.2711
23.2611
23.2329
23.2549
23.2069
23.279
23.247
23.2141
23.252
23.212
23.2689
23.2761
23.267
23.2179
23.2689
23.263
23.284
23.2239
23.253
23.2759
23.2849
23.2499
23.1242
23.268
23.2561
23.2861
23.237
23.257
23.1931
23.273
23.2561
23.2501
23.277
23.252
23.243
23.2589
23.2501
23.2339
23.2639
23.284
23.2611
23.2339
23.2911
23.2749
23.2708
23.227
23.2561
23.2759
23.2561
23.267
23.2618
23.263
23.278
23.2508
23.262
23.2761
23.2689
23.2532
