45.4221
43.91
43.906
43.9072
43.9091
43.8929
43.916
43.932
43.9
43.89
43.92
43.906
43.8979
43.9451
43.9179
43.9131
43.9019
43.9091
43.905
43.921
43.906
43.8879
43.9179
43.8981
43.916
43.891
43.905
43.875
43.8991
43.9
43.9141
43.9029
43.8941
43.8919
43.8981
43.889
43.9072
43.9019
43.91
43.889
43.8979
43.8881
43.8929
43.8788
43.8972
43.884
43.8738
43.8762
43.8809
43.8709
43.885
43.9119
43.88
43.9029
43.879
43.8759
43.8821
43.9141
43.8871
43.884
43.8991
43.8819
43.9031
43.8929
43.889
43.9031
43.8979
43.885
43.8771
43.875
43.8859
43.8762
43.8819
43.8881
43.8929
43.8881
43.884
43.8819
43.891
43.8812
43.8731
43.8831
43.9079
43.884
43.896
43.8731
43.9041
43.874
43.891
43.8929
43.8802
43.889
43.8831
43.874
43.88
43.879
43.895
43.8869
43.88
43.896
43.9
43.8819
43.8859
43.8881
43.869
43.885
43.8879
43.9041
43.891
43.8809
43.8721
43.8759
43.9179
43.8771
43.8828
43.8881
43.8828
43.8879
43.88
43.9041
43.8941
43.906
43.8941
43.9019
43.891
43.8759
43.9
43.896
43.8809
43.8812
43.8862
43.8919
43.9079
43.906
43.88
43.8869
43.8838
43.87
43.8881
43.8981
43.8921
43.889
43.8919
43.8869
43.874
43.8771
43.8621
43.8819
43.88
43.8662
43.8449
43.8709
43.88
43.8669
43.884
43.8859
43.8581
43.8769
43.8869
43.8921
43.865
43.8809
43.8719
43.8631
43.8621
43.8578
43.8702
43.8788
43.8931
43.8869
43.874
43.864
43.8609
43.8731
43.875
43.8621
43.8619
43.848
43.8609
43.8602
43.8721
43.88
43.8731
43.859
43.87
43.8781
43.8671
43.8688
43.875
43.874
43.8619
43.87
43.865
43.8869
43.901
43.8552
43.8738
43.869
43.8621
43.8809
43.874
43.853
43.865
43.8581
43.8731
43.864
43.8681
43.8731
43.8609
43.8702
43.8719
43.8759
43.8859
43.8731
43.8681
43.874
43.8671
43.8769
43.8721
43.889
43.8662
43.9239
43.874
43.8581
43.8631
43.8681
43.865
43.8609
43.8731
43.859
43.8628
43.8399
43.849
43.8669
43.8511
43.8678
43.8712
43.8788
43.8631
43.8678
43.8669
43.8621
43.8712
43.8519
43.8521
43.875
43.8769
43.8569
43.8631
43.844
43.8318
43.8619
43.8421
43.829
43.859
43.8459
43.8731
43.87
43.8738
43.8762
43.8962
43.875
43.8662
43.8688
43.8678
43.8669
43.875
43.8731
43.865
43.8569
43.865
43.8588
43.8321
43.8311
43.8271
43.8371
43.8511
43.8628
43.854
43.8569
43.865
43.855
43.8619
43.8678
43.854
43.8621
43.8678
43.875
43.8721
43.889
43.8759
43.885
43.8678
43.8602
43.8659
43.8671
43.87
43.8528
43.87
43.8571
43.855
43.853
43.8728
43.8552
43.875
43.8631
43.88
43.8781
43.8771
43.8738
43.8731
43.8681
43.88
43.8662
43.8669
43.8859
43.869
43.89
43.865
43.8378
43.8719
43.8411
43.8349
43.844
43.8581
43.8831
43.8681
43.8871
43.8669
43.884
43.87
43.8759
43.88
43.875
43.8612
43.8631
43.8659
43.8731
43.885
43.8681
43.8702
43.8511
43.8309
43.8402
43.865
43.869
43.9079
43.869
43.8659
43.855
43.8621
43.853
43.8371
43.8511
43.8769
43.8478
43.8831
43.87
43.879
43.879
43.8638
43.8669
43.88
43.8571
43.87
43.859
43.8449
43.844
43.8471
43.8299
43.8671
43.869
43.8659
43.8569
43.8621
43.874
43.8671
43.874
43.879
43.8671
43.8619
43.8821
43.869
43.865
43.86
43.874
43.87
43.884
43.8519
43.8509
43.8511
43.8609
43.8581
43.8859
43.8781
43.8859
43.8721
43.869
43.8628
43.891
43.86
43.8731
43.8659
43.8559
43.8521
43.87
43.859
43.859
43.855
43.8459
43.8471
43.8681
43.865
43.8681
43.8612
43.843
43.8671
43.8678
43.8981
43.8631
43.864
43.8631
43.8561
43.8628
43.8759
43.875
43.8578
43.88
43.8621
43.8721
43.8828
43.87
43.859
43.8681
43.865
43.8499
43.86
43.8421
43.8571
43.865
43.855
43.8609
43.885
43.8681
43.8678
43.8771
43.865
43.869
43.864
43.8759
43.869
43.87
43.8709
43.86
43.915
43.859
43.874
43.8571
43.8621
43.8509
43.8781
43.864
43.8581
43.8659
43.874
43.8471
43.906
43.854
43.8771
43.8619
43.853
43.86
43.864
43.8559
43.8631
43.8511
43.8619
43.8759
43.8509
43.865
43.8621
43.848
43.859
43.8671
43.8631
43.864
43.86
43.8659
43.8721
43.8709
43.8809
43.8712
43.8769
43.854
43.8631
43.859
43.8659
43.8621
43.8809
43.8571
43.8859
43.8771
43.8621
43.88
43.869
43.879
43.8781
43.8681
43.8678
43.864
43.8919
43.8731
43.8631
43.864
43.8702
43.8712
43.86
43.8511
43.855
43.869
43.8859
43.8499
43.8612
43.869
43.8492
43.8569
43.87
43.88
43.8561
43.864
43.849
43.8559
43.859
43.8449
43.8571
43.8519
43.8721
43.854
43.8621
43.86
43.865
43.855
43.8702
43.8712
43.864
43.86
43.8731
43.8559
43.8631
43.869
43.86
43.8569
43.869
43.8621
43.8559
43.875
43.865
43.86
43.88
43.8669
43.8731
43.8628
43.8688
43.865
43.8609
43.8671
43.859
43.8888
43.864
43.849
43.8521
43.8452
43.885
43.8838
43.879
43.875
43.87
43.864
43.8719
43.8731
43.8559
43.859
43.8571
43.8559
43.8769
43.8671
43.8581
43.843
43.855
43.8552
43.8659
43.86
43.8719
43.875
43.8669
43.8759
43.89
43.8931
43.8821
43.8869
43.865
43.8731
43.874
43.8669
43.875
43.8609
43.889
43.8731
43.8669
43.8929
43.8731
43.865
43.854
43.8728
43.8752
43.8919
43.8759
43.8828
43.884
43.8781
43.8619
43.8728
43.879
43.8659
43.8828
43.865
43.88
43.865
43.9069
43.8681
43.874
43.8569
43.8681
43.8721
43.8559
43.848
43.8759
43.8709
43.8652
43.927
43.87
43.8809
43.8552
43.8631
43.8662
43.8719
43.884
43.859
43.8619
43.8612
43.854
43.875
43.8581
43.8728
43.8728
43.932
43.8502
43.8321
43.854
43.8609
43.8681
43.8762
43.864
43.853
43.844
43.8769
43.855
43.8499
43.8402
43.854
43.8459
43.843
43.854
43.87
43.8502
43.8581
43.8452
43.8569
43.859
43.8671
43.8561
43.8609
43.8519
43.849
43.8411
43.855
43.8459
43.843
43.8571
43.8631
43.8521
43.8619
43.8502
43.865
43.8709
43.8621
43.8449
43.853
43.8652
43.859
43.8561
43.8521
43.8671
43.8881
43.8571
43.8631
43.8509
43.8652
43.864
43.8521
43.86
43.8728
43.8499
43.8669
43.844
43.8569
43.879
43.8478
43.854
43.8581
43.874
43.8759
43.8681
43.8409
43.8602
43.874
43.884
43.8571
43.8521
43.8652
43.859
43.8662
43.8628
43.8662
43.8569
43.875
43.8418
43.86
43.8929
43.854
43.8819
43.885
43.8459
43.8609
43.879
43.8809
43.896
43.86
43.8578
43.8612
43.8788
43.8721
43.8719
43.8712
43.8628
43.8662
43.87
43.8569
43.875
43.8631
43.865
43.865
43.8571
43.8759
43.8681
43.848
43.8671
43.859
43.8678
43.8652
43.844
43.839
43.8521
43.864
43.853
43.874
43.86
43.864
43.8752
43.88
43.8621
43.869
43.8669
43.8831
43.859
43.8569
43.853
43.869
43.8521
43.869
43.8671
43.885
43.8669
43.8762
43.874
43.8819
43.8809
43.8781
43.875
43.8712
43.8881
43.8759
43.8712
43.8709
43.884
43.875
43.8688
43.8859
43.8731
43.8719
43.884
43.8712
43.8831
43.869
43.875
43.8869
43.8681
43.8361
43.843
43.86
43.8731
43.849
43.87
43.8452
43.8659
43.8709
43.864
43.8631
43.848
43.8619
43.859
43.875
43.8731
43.8581
43.8609
43.8659
43.8571
43.8499
43.864
43.8452
43.8559
43.854
43.859
43.869
43.8368
43.8569
43.8471
43.8612
43.833
43.844
43.8702
43.8669
43.8659
43.859
43.8612
43.859
43.8762
43.8838
43.8731
43.8721
43.8659
43.8452
43.865
43.8581
43.8461
43.828
43.8581
43.8581
43.8619
43.8809
43.957
43.8721
43.8628
43.8581
43.869
43.8628
43.8671
43.8759
43.8659
43.869
43.8709
43.8731
43.8621
43.8759
43.87
43.8571
43.8471
43.859
43.839
43.8409
43.848
43.8371
43.8709
43.8671
43.859
43.869
43.8328
43.8659
43.8619
43.8521
43.864
43.8659
43.853
43.855
43.853
43.8659
43.8602
43.8669
43.8521
43.8759
43.8609
43.848
43.8681
43.865
43.8619
43.8461
43.8578
43.8511
43.8569
43.87
43.86
43.8559
43.854
43.8521
43.854
43.8578
43.8731
43.8631
43.8609
43.8459
43.8662
43.848
43.86
43.8309
43.829
43.8499
43.8478
43.843
43.86
43.859
43.8559
43.8628
43.854
43.88
43.8671
43.854
43.849
43.855
43.865
43.8499
43.859
43.8671
43.8509
43.8628
43.849
43.8619
43.848
43.8719
43.869
43.8449
43.848
43.8421
43.8459
43.8561
43.853
43.8581
43.8552
43.8578
43.864
43.8499
43.865
43.854
43.865
43.875
43.8728
43.8762
43.869
43.855
43.854
43.8411
43.844
43.8242
43.844
43.844
43.843
43.8609
43.8769
43.8612
43.8688
43.8519
43.8561
43.8759
43.8762
43.8609
43.8609
43.8719
43.8499
43.8671
43.865
43.865
