16.4139
16.341
16.3341
16.3522
16.367
16.3779
16.3639
16.3801
16.351
16.3491
16.345
16.3369
16.3572
16.362
16.3929
16.3589
16.3569
16.371
16.355
16.3581
16.3341
16.382
16.3572
16.3491
16.3622
16.3481
16.361
16.341
16.3281
16.3529
16.3529
16.361
16.3541
16.35
16.3631
16.3229
16.3438
16.3591
16.3431
16.3329
16.3591
16.3622
16.3529
16.3751
16.341
16.3579
16.3622
16.345
16.3362
16.3438
16.3529
16.366
16.341
16.3651
16.3651
16.3321
16.3479
16.355
16.3538
16.345
16.3481
16.3381
16.3641
16.3679
16.362
16.3429
16.3479
16.356
16.3591
16.3281
16.3701
16.3531
16.3341
16.3481
16.372
16.371
16.3522
16.35
16.345
16.346
16.336
16.3572
16.3331
16.3579
16.3338
16.3751
16.3631
16.376
16.3519
16.3929
16.36
16.3531
16.35
16.3419
16.3779
16.3388
16.3429
16.3372
16.3538
16.355
16.366
16.3589
16.3338
16.35
16.3469
16.346
16.325
16.3181
16.3391
16.3639
16.36
16.361
16.36
16.3841
16.362
16.3479
16.3438
16.336
16.3231
16.341
16.3941
16.346
16.3541
16.3271
16.3341
16.34
16.335
16.335
16.3269
16.3391
16.3369
16.3639
16.3701
16.346
16.3469
16.34
16.362
16.3212
16.341
16.3069
16.3741
16.3469
16.35
16.3529
16.3741
16.3269
16.3639
16.3281
16.3531
16.3529
16.3341
16.361
16.3751
16.3438
16.3281
16.3701
16.3171
16.3279
16.3572
16.3369
16.3889
16.341
16.325
16.351
16.3369
16.371
16.33
16.3531
16.351
16.3422
16.3581
16.3891
16.3829
16.3648
16.376
16.3591
16.356
16.3321
16.3469
16.3701
16.3319
16.3438
16.3338
16.3469
16.3391
16.3679
16.3569
16.3481
16.3519
16.3372
16.3629
16.36
16.3438
16.3419
16.3279
16.3488
16.3369
16.366
16.346
16.36
16.3548
16.345
16.377
16.3622
16.34
16.3448
16.355
16.3641
16.3479
16.3541
16.3679
16.3591
16.3178
16.35
16.3891
16.3629
16.366
16.3338
16.362
16.3319
16.3779
16.3548
16.372
16.3429
16.335
16.3541
16.3522
16.345
16.3629
16.3519
16.3488
16.3579
16.3469
16.3651
16.346
16.3729
16.3338
16.34
16.3422
16.3729
16.3591
16.3529
16.3529
16.355
16.36
16.3321
16.351
16.3579
16.3591
16.35
16.382
16.35
16.3341
16.351
16.3572
16.3269
16.3579
16.35
16.324
16.3798
16.3419
16.3529
16.3631
16.3312
16.3281
16.3569
16.3679
16.3472
16.371
16.3729
16.3422
16.3538
16.372
16.336
16.3381
16.356
16.3579
16.331
16.3548
16.345
16.376
16.341
16.3579
16.3319
16.3438
16.3391
16.3691
16.3491
16.3269
16.3591
16.3491
16.3531
16.351
16.346
16.3572
16.3531
16.3498
16.341
16.3472
16.377
16.3651
16.3569
16.3591
16.361
16.335
16.376
16.3622
16.3591
16.3391
16.3751
16.3651
16.3479
16.3388
16.366
16.3472
16.3291
16.35
16.4001
16.356
16.345
16.35
16.356
16.3679
16.3541
16.366
16.3422
16.3341
16.3651
16.3949
16.361
16.3541
16.372
16.356
16.356
16.3701
16.36
16.3431
16.3419
16.3362
16.346
16.3691
16.376
16.3369
16.3629
16.3729
16.3438
16.3341
16.3569
16.35
16.3162
16.324
16.3631
16.3519
16.3581
16.3398
16.3641
16.3541
16.351
16.3739
16.3679
16.3488
16.3341
16.3529
16.362
16.3522
16.3851
16.3431
16.346
16.3672
16.3391
16.3419
16.3579
16.346
16.3479
16.351
16.381
16.3221
16.3419
16.3589
16.33
16.3579
16.345
16.345
16.3369
16.3682
16.3682
16.376
16.3481
16.3791
16.33
16.3338
16.392
16.3388
16.361
16.3789
16.3388
16.3569
16.351
16.366
16.367
16.3431
16.3879
16.3469
16.351
16.3629
16.331
16.355
16.3629
16.35
16.3281
16.362
16.3362
16.346
16.35
16.36
16.325
16.3779
16.3801
16.33
16.34
16.3372
16.3159
16.3479
16.3689
16.3789
16.336
16.351
16.356
16.3569
16.36
16.3531
16.3631
16.3631
16.3372
16.3682
16.366
16.345
16.3312
16.3729
16.3529
16.3898
16.3529
16.3319
16.33
16.3369
16.345
16.3782
16.3569
16.3679
16.355
16.3839
16.3519
16.3741
16.3419
16.3519
16.3479
16.356
16.345
16.3648
16.3591
16.36
16.356
16.392
16.3271
16.3579
16.3529
16.3469
16.3488
16.3181
16.341
16.3331
16.3481
16.3591
16.3379
16.33
16.324
16.3388
16.355
16.345
16.3529
16.34
16.3901
16.3701
16.33
16.3772
16.356
16.3469
16.3481
16.3498
16.3438
16.3591
16.3641
16.3622
16.382
16.3491
16.3541
16.372
16.3541
16.3319
16.3651
