15.111
13.9809
13.6211
13.9401
13.6671
14.595
14.0479
13.6971
13.5739
13.602
13.9451
13.5069
13.608
14.116
13.6521
13.901
13.8199
13.947
13.823
13.5691
13.8612
13.7589
14.478
13.798
13.612
13.5751
13.9639
14.142
13.8421
13.6549
14.045
13.6161
14.0989
13.9019
13.6271
13.3879
14.313
14.0522
13.86
13.6328
14.2782
14.0159
13.8831
13.7348
13.731
14.003
14.0421
14.189
14.2379
14.1909
13.7792
13.696
14.339
13.6101
13.8049
13.658
14.1201
14.102
14.1151
13.8249
13.984
13.684
13.5109
13.7601
13.689
13.7241
14.5841
13.8152
13.936
13.6402
13.7398
14.2012
13.7069
14.039
13.3951
13.8478
13.9701
13.6998
13.5391
13.86
13.7451
13.8278
13.948
13.4881
13.6459
14.2262
13.9642
13.9301
13.8009
13.711
13.675
13.7591
14.106
13.7558
13.9511
13.5691
13.5279
14.1411
14.2028
13.6971
13.5481
13.9449
13.6201
14.519
14.158
14.0729
13.7279
13.618
13.53
13.7269
13.525
14.1251
13.6509
13.828
13.6149
14.286
14.358
13.7892
13.833
13.5891
14.0579
13.7131
14.261
13.8271
13.8631
13.9668
13.984
13.7882
14.009
13.763
13.8502
13.3691
13.7949
13.726
13.299
13.7589
13.941
14.4548
14.394
13.8581
14.2069
13.4442
13.772
13.8121
13.6909
13.7761
14.0309
13.782
13.8419
13.891
13.598
13.768
14.1711
13.823
13.8161
13.6459
13.7711
14.267
13.5901
13.6578
13.988
13.993
13.6299
14.5531
13.7591
14.291
13.9349
13.788
13.4771
13.577
13.278
13.824
13.8249
13.73
14.2598
14.209
13.773
13.6411
14.009
13.6359
13.972
13.9771
13.8168
13.5901
13.6089
13.634
13.6461
13.8998
14.1022
13.8321
13.469
13.5481
14.4038
13.423
13.5128
13.6371
13.778
13.5291
13.86
14.087
13.5949
13.895
14.0641
13.4859
14.4799
13.4301
14.076
13.602
13.562
14.065
14.4031
13.8888
13.8471
13.7022
13.6421
14.0162
14.55
13.8519
13.797
14.0669
13.865
14.014
14.1351
14.632
13.8052
13.52
13.761
13.7281
13.917
14.034
14.308
14.1051
13.762
13.593
14.601
13.6731
13.809
13.763
13.7811
13.7
13.8879
13.67
13.4521
13.8049
13.957
13.9041
14.4711
13.746
14.0231
13.5779
13.7539
13.8562
13.5169
13.968
13.871
13.545
13.658
14.271
14.3902
13.5152
13.6881
14.0319
13.4871
13.639
13.6869
13.761
14.1139
14.1971
13.7908
13.6871
14.118
13.8118
13.828
13.835
14.0171
13.634
13.9639
13.545
13.9771
13.972
13.7432
14.293
13.562
14.03
13.7839
13.9189
13.7992
13.8099
13.6449
14.276
14.612
14.3161
14.0018
13.994
13.4571
13.9949
14.0951
14.1079
13.8929
13.864
13.746
13.561
13.9289
14.142
13.505
14.3261
13.598
13.5179
14.76
14.014
14.0569
13.4811
13.8428
13.566
13.5241
13.8221
13.5651
14.369
13.696
13.447
13.999
13.885
13.804
13.783
14.0378
13.541
13.973
13.9461
13.881
14.1041
13.793
13.5708
14.2212
14.7772
13.9339
13.6058
13.829
13.6561
14.626
13.6409
14.0741
14.174
13.751
13.6812
14.0738
13.7141
13.617
14.5309
14.3881
13.9279
13.418
13.633
13.659
13.958
13.67
14.432
13.9451
13.6378
13.8612
13.999
13.8378
13.53
13.8042
13.5288
13.6271
13.525
13.412
13.9511
14.256
14.1559
13.936
13.5288
13.8938
13.8991
13.9101
14.0409
13.9921
13.9668
13.8791
13.4449
13.6702
13.9861
13.706
13.869
13.9651
14.0159
14.07
14.189
13.664
13.8249
13.941
13.5369
14.4219
13.711
14.091
13.788
13.6061
13.613
13.8841
13.8178
13.3722
13.9749
13.659
14.019
13.833
14.2019
13.8271
14.0722
13.8781
14.0929
14.1511
13.9668
13.8741
14.097
14.0691
14.0221
13.4149
13.7541
14.1449
13.942
14.034
13.4659
14.055
13.828
13.649
13.9339
14.1301
13.6001
13.881
13.8469
13.7839
13.8681
13.602
14.123
14.3881
13.571
14.1568
13.881
13.694
13.8052
14.4
13.7351
14.5941
13.5338
13.6211
13.7179
13.397
13.8922
13.8009
13.5441
14.9341
13.747
14.0891
13.9749
13.592
13.4909
13.7599
14.2121
13.679
14.1449
13.8659
14.627
13.7169
13.3121
13.7908
14.066
13.7401
13.597
13.926
13.9809
14.405
13.721
13.5109
13.9949
13.4101
13.89
13.7291
13.5081
13.6411
13.351
13.4909
14.483
13.674
13.4029
14.1671
13.6929
13.6321
13.901
13.7329
13.643
14.034
14.1518
13.8881
13.5279
14.0471
13.6218
13.67
13.742
13.9482
13.7062
13.654
13.994
14.1282
14.677
14.184
13.9489
13.7482
14.154
13.793
14.0672
14.1459
13.6971
13.5648
13.6781
13.5648
13.6261
13.732
13.4811
13.484
13.669
13.9751
13.8929
13.8521
13.6378
14.0531
14.1959
14.3559
14.2581
13.979
14.0891
14.23
13.736
13.864
13.5942
13.9251
13.658
13.7918
14.209
13.8638
13.6771
14.1399
14.8351
13.6981
13.8121
13.2868
13.7751
13.818
14.0169
13.525
13.7379
14.524
14.1461
14.1828
13.473
14.106
13.7711
14.0071
13.6578
13.9241
13.849
13.458
14.02
13.9458
13.454
13.9291
13.7269
13.9129
14.2372
13.932
13.5961
13.6058
13.8271
13.7169
13.9251
13.9589
14.3061
13.381
13.473
13.798
13.6859
13.7191
13.7351
13.828
13.891
13.612
13.593
13.494
13.519
14.3518
13.674
13.823
13.5479
14.034
14.184
13.8919
14.133
13.4079
13.6521
13.4768
14.183
13.612
13.9232
13.407
13.7479
13.7548
13.7172
13.5109
14.066
13.536
13.6821
13.922
13.854
13.242
13.937
14.1261
13.6979
13.715
13.483
13.7291
13.67
14.4081
13.9499
13.6399
13.834
13.659
14.271
14.2159
13.603
13.8309
14.1129
13.634
14.215
13.9639
13.9902
13.8371
13.7279
13.5221
13.9618
13.72
13.5581
13.6008
13.762
13.7191
13.7439
14.255
13.8862
13.6089
14.035
13.643
13.9389
14.7281
14.0648
13.9191
13.711
13.7548
13.8371
13.8149
14.226
14.003
14.0469
13.6621
13.7999
14.1721
13.3851
14.605
13.5911
13.644
13.6061
13.608
13.6499
13.8242
13.9461
13.6809
14.1141
13.494
13.685
13.7479
14.4029
13.567
13.916
14.0221
13.916
13.7558
13.7761
13.7591
14.2369
13.7939
13.9041
14.1208
13.6921
13.7188
14.2901
13.6089
13.4261
14.2119
14.255
13.5701
13.859
13.5689
13.7691
13.8509
13.659
13.823
13.87
13.8919
13.7842
13.4931
13.6302
13.9399
14.0281
14.457
13.896
14.2119
14.4792
13.9649
13.5801
14.019
13.6859
14.185
13.6919
13.7959
13.7942
14.142
13.967
13.875
14.3268
13.8712
14.21
14.029
13.7801
14.184
13.603
13.808
13.7711
13.5319
14.1242
13.9089
13.5679
13.974
13.6242
13.943
13.6981
14.3979
13.895
13.89
13.623
13.746
13.6139
14.365
13.715
13.5851
13.7608
13.7751
13.8459
13.643
13.994
13.8099
13.654
13.88
13.828
14.1389
13.67
14.2679
13.8621
13.8669
13.9611
14.2841
13.4518
13.773
13.629
14.111
14.267
14.1611
13.8381
13.582
13.7708
13.7081
13.895
14.0648
13.6669
13.726
13.5491
14.1408
13.5641
13.9859
13.8631
13.9079
13.6459
14.4191
13.6318
13.9999
13.7682
13.6809
13.4189
13.8309
14.0941
13.818
13.757
13.8021
13.6771
13.885
13.8631
13.5891
13.536
13.917
13.5689
14.5822
14.1468
14.5171
14.3111
13.7889
13.8938
13.6111
13.4828
13.9961
13.716
13.5918
13.3421
13.7599
13.88
13.6719
13.8042
13.6719
13.4859
14.235
13.5419
13.8762
13.9558
14.4961
14.1349
13.768
14.257
13.5441
13.664
13.931
13.8741
13.9399
14.549
13.6261
14.648
13.7029
13.746
13.983
14.426
13.8428
13.963
13.746
14.1969
13.4132
13.628
13.535
14.544
14.0879
13.7181
14.1249
14.1671
13.7529
14.3499
13.891
13.4039
13.557
13.978
13.808
14.1909
14.1401
14.219
13.608
13.814
13.51
14.0741
13.9458
13.634
13.943
13.8161
13.473
13.7479
13.9289
13.819
14.426
13.9019
14.055
13.7641
13.6409
13.7219
13.943
14.261
13.418
13.706
13.8609
13.8519
14.0181
13.9101
14.148
14.0109
14.226
13.8831
14.3309
13.4721
13.6399
13.849
13.803
13.9918
13.8531
14.194
13.8619
13.8211
13.6402
14.158
13.438
14.0738
14.4811
13.9909
14.1091
13.8099
13.952
13.8528
13.8061
13.2108
13.4742
13.4041
13.624
13.7291
13.9852
13.5889
14.1211
14.184
13.5112
13.5591
14.1809
13.6662
14.1139
13.3171
13.8049
13.6459
13.989
13.634
14.7071
13.9441
14.0989
13.768
14.282
13.829
13.911
14.3931
14.4749
13.993
13.6671
13.9589
13.6089
13.629
13.6869
14.0471
13.9651
14.034
13.6189
13.8359
13.5989
13.9041
14.3371
13.6931
13.7389
14.116
13.628
13.8619
14.178
13.6659
13.6061
14.8368
13.577
14.1139
13.7551
14.0369
13.571
14.3881
13.869
14.1559
13.9079
13.8502
13.5169
14.0021
13.8671
14.0998
14.4181
13.6731
13.4909
13.833
13.778
14.5268
13.535
13.2921
13.6962
13.5431
13.7911
13.804
14.0111
13.5992
14.0691
13.8869
14.1919
13.7441
