30.724
31.179
31.142
30.957
30.9072
30.7829
30.741
31.2202
30.8051
30.822
30.7059
30.895
30.8509
30.731
31.244
30.7698
30.9069
31.157
30.8921
30.71
30.6189
30.7732
30.6079
30.6389
30.88
30.606
31.0731
31.4879
30.8371
30.8111
30.9389
30.9639
30.7178
31.3048
30.8099
30.7219
31.3809
30.73
30.6849
31.0841
30.9322
31.0211
30.7591
31.0681
31.0431
30.874
31.337
30.807
31.255
30.8139
30.669
30.7448
30.7939
30.5851
30.6971
30.637
30.9138
30.9439
30.4348
31.2209
30.5948
31.2619
30.652
31.4651
30.941
30.3879
30.7159
31.0051
30.7779
30.7961
30.998
30.7121
30.7939
30.6079
30.5729
30.364
31.204
31.26
30.6058
30.9179
30.7219
31.055
30.56
30.432
30.689
30.6978
30.751
30.9081
31.162
30.7209
31.286
30.942
30.7789
30.709
30.808
31.039
30.7131
31.0211
31.0361
30.5262
30.8669
31.0931
30.8788
30.452
31.0628
30.946
30.9451
30.5691
30.8142
30.9
30.6489
31.1692
30.9501
30.489
31.0779
30.931
31.1971
30.9401
30.8368
31.2679
30.998
30.3571
30.8762
31.121
30.7548
31.034
31.3451
31.2099
30.5872
31.0011
30.776
30.6289
30.6911
30.8049
30.9839
30.761
31.1339
30.6771
31.1501
30.6389
30.9169
31.1639
31.3361
30.8208
30.802
30.58
30.834
31.3182
31.0831
30.7839
30.7851
31.131
30.6568
31.0681
31.213
30.947
31.255
30.4971
31.106
30.8158
31.0509
31.08
30.8349
30.9229
30.7479
30.565
30.992
30.8259
30.714
30.6759
30.6611
30.6861
30.695
30.628
30.6029
31.013
30.9849
30.5989
31.029
30.7992
31.172
30.5271
30.6728
30.9989
30.587
30.9062
30.884
30.9882
31.028
30.7651
30.5851
31.038
30.9951
30.607
30.8459
30.9761
30.6139
30.7529
30.8728
30.6509
30.8518
31.27
30.725
31.0969
31.302
31.0009
31.0149
30.4949
30.6098
30.9811
30.6239
30.6129
31.3969
30.6349
30.7722
31.1799
30.627
30.6921
31.0521
31.106
30.827
30.607
31.0299
31.0812
31.2009
31.009
30.8928
30.7369
31.199
30.4651
30.746
30.761
31.2161
30.9591
31.014
31.3509
31.04
30.802
30.5719
31.1189
31.2259
31.0202
30.952
30.7221
31.2061
30.7982
30.9691
31.04
30.901
30.941
31.3771
30.745
31.4102
30.735
30.6492
30.69
30.5991
30.9491
30.699
31.359
30.9398
30.7951
30.8261
30.6702
30.7441
30.859
30.916
30.8042
30.6652
30.8251
30.4739
31.1239
30.812
31.1301
30.8568
31.018
31.0049
31.2309
30.941
30.988
30.5879
30.555
31.3001
30.2141
30.7269
30.5619
30.978
30.736
31.2631
30.8731
30.8678
30.853
30.8471
31.3141
30.864
31.2419
31.3451
30.8051
30.6041
31.141
30.5252
30.7741
30.869
30.622
30.7169
30.8571
30.592
30.3049
31.055
30.617
30.9448
31.4379
31.0831
30.684
30.5879
31.158
30.6749
30.9789
30.9329
31.076
31.0521
30.5271
31.11
30.689
30.7488
30.935
30.38
31.085
30.607
30.5929
30.5488
30.776
31.0471
31.0168
31.1759
31.0121
30.8969
30.7
30.772
30.7159
30.9551
31.0659
30.7019
31.065
31.1329
30.926
30.967
31.1151
30.7901
30.9062
30.798
31.1518
31.127
31.132
30.6721
30.4241
30.901
30.746
30.863
30.828
30.617
31.0869
31.0249
30.9231
30.9222
30.5121
30.8599
31.0121
31.2362
30.714
30.9808
31.0509
31.0209
31.126
30.834
30.55
31.0831
30.8762
30.746
31.184
31.004
30.679
30.8139
31.1272
30.6299
31.136
30.9951
30.745
30.72
30.745
31.6741
30.793
30.9548
30.7841
30.967
30.9138
30.8061
31.1081
31.0349
30.8869
30.8869
30.5278
30.7429
31.4739
30.6618
30.69
31.3971
30.6559
30.9069
30.875
30.8831
30.942
31.0411
31.1379
31.3039
31.0979
30.735
30.7651
31.0688
30.777
30.668
30.745
31.3392
31.0321
30.854
30.6518
30.8349
30.628
30.756
31.2979
30.9498
30.7949
31.297
31.0121
30.6981
30.7748
30.9501
30.8089
30.715
31.0102
30.652
30.9961
30.777
31.09
30.8902
30.802
30.6518
31.0061
30.6461
30.7801
30.9
30.8409
30.5459
30.664
30.762
30.8678
30.9141
30.8301
31.1811
30.808
30.8149
31.0318
31.0271
31.1441
31.0841
30.952
30.597
30.7231
30.6962
30.8061
30.6842
30.7999
31.0569
31.3349
30.9539
31.1909
31.2972
30.7701
30.9169
30.7589
30.9858
31.126
30.7021
30.7682
31.0421
30.8619
30.6799
30.839
30.611
30.8299
30.9291
30.9122
30.906
31.101
30.597
30.8731
30.7631
30.705
30.7519
30.906
30.7341
30.8428
30.899
30.973
31.075
31.1651
30.772
31.013
30.7631
30.817
30.8499
30.679
30.9739
30.7159
30.6802
31.4059
30.6821
31.033
31.1098
30.463
30.843
30.586
30.9329
31.1949
30.869
30.7829
31.0431
30.5591
31.0731
30.905
31.106
30.668
31.044
31.224
30.817
30.9811
30.9432
30.8599
30.9389
30.8521
31.2378
30.889
30.7331
30.71
30.6959
31.1739
30.668
30.494
30.561
30.7031
30.6761
30.884
30.695
31.0352
31.4941
31.1069
30.457
30.812
31.002
31.09
30.9112
31.044
30.7388
30.561
31.1332
30.643
30.7779
30.7639
30.901
31.1961
30.6752
30.8111
30.8721
30.6871
30.6849
30.9279
30.9041
30.8499
30.834
30.731
30.652
31.2438
30.643
30.6702
30.627
30.8261
31.0402
30.679
30.8409
31.2209
30.7319
30.8561
31.266
30.9279
30.7109
30.6358
30.6611
30.704
30.968
30.618
30.8721
30.4599
30.853
30.6139
31.3289
30.71
31.0349
30.9379
30.6461
30.7841
30.91
30.5638
30.5259
30.54
31.184
31.049
30.8421
30.9231
30.9391
31.1871
30.6749
30.5972
30.724
30.5929
31.193
30.9169
30.9851
30.6408
30.484
30.7348
31.059
30.8051
30.8051
30.951
30.535
30.5481
30.6578
31.342
30.6802
30.8511
30.8559
30.8819
30.772
30.6001
30.5061
30.8971
31.0819
30.7519
30.7648
31.0621
30.8449
31.0678
30.8938
30.8621
31.0931
30.925
30.967
30.4971
30.8528
30.894
31.214
30.9229
31.064
30.797
30.838
30.6249
31.023
30.9801
30.6611
31.281
31.2221
30.9939
30.6768
31.0678
30.6311
31.193
30.5951
30.915
30.5228
30.952
30.9091
31.1172
31.055
30.6139
30.8149
31.095
30.875
30.6859
30.7572
30.767
31.0819
30.7639
30.705
30.978
30.7541
30.92
30.9391
30.931
30.843
31.4231
31.0321
31.0822
30.787
30.87
30.8092
30.8812
31.0659
30.941
31.0159
30.791
31.4121
30.9691
30.5369
30.8349
31.569
30.7982
30.9269
30.5481
31.044
30.8549
30.802
31.6699
31.2049
31.162
30.7131
30.781
30.551
31.2982
30.8599
30.478
30.937
31.054
30.8831
30.931
30.7019
31.086
30.9291
30.834
30.6609
30.8669
30.9069
30.8111
31.039
30.947
30.76
31.1341
30.674
30.602
30.196
30.7391
31.1332
31.096
30.8919
31.2819
30.9289
30.9219
30.7751
30.9842
30.7531
30.719
30.8542
31.0869
30.7379
31.353
30.9272
31.0528
31.1229
30.89
30.761
30.9539
30.591
30.9851
30.5121
30.787
30.9379
30.5409
31.2362
30.719
31.0152
30.76
30.7832
30.8299
31.1069
30.704
30.885
30.3202
30.8971
30.544
30.7348
31.208
30.9861
31.0271
31.059
30.4511
31.0981
30.699
30.544
30.5529
30.9401
30.8731
30.72
30.849
30.7848
30.8568
31.0769
31.0678
31.2319
30.6139
30.8149
31.163
30.8349
30.839
30.9961
30.8361
30.9281
31.148
30.668
31.517
30.6349
30.7269
30.844
30.7941
30.93
30.9119
30.833
31.0929
30.4749
31.24
31.1692
30.7112
31.117
30.8468
30.993
30.5719
30.684
30.7701
31.044
30.782
30.6711
30.5521
30.437
30.921
30.679
31.013
30.524
30.8409
30.879
31.023
30.725
31.5249
30.7779
30.628
31.23
31.018
30.951
31.0109
31.147
31.2591
30.9389
31.4209
30.8201
30.74
30.7961
31.0731
30.504
30.7591
30.9939
30.5741
30.9851
31.0359
31.0631
30.7481
30.8931
30.8871
30.782
30.9489
31.2819
30.8158
30.6928
31.147
30.7369
30.9711
30.4282
30.473
30.9031
30.7221
30.539
30.7639
30.4711
30.5209
30.8049
31.0149
30.8869
30.787
30.647
30.5722
30.854
30.8249
30.8621
30.8611
30.8142
31.0581
31.3821
31.2562
30.786
30.3581
30.993
31.302
30.4582
30.4801
31.0891
31.3251
30.7541
30.853
30.9289
30.642
30.946
31.1069
30.863
31.0199
30.55
30.8249
30.8931
31.0409
30.7839
31.0469
30.9112
30.793
31.1508
30.838
30.735
30.9989
30.9999
30.6499
30.8778
30.7629
30.7641
30.2658
30.961
31.055
31.1871
31.0309
31.188
30.6802
30.957
31.0218
31.117
30.663
30.8869
31.0719
30.334
31.158
31.023
30.695
30.9219
30.843
30.725
30.637
30.6578
30.8001
30.705
30.793
30.53
30.7682
30.525
30.8492
31.0321
30.884
31.276
31.6491
30.833
30.777
30.6232
30.304
30.6468
30.793
30.7858
31.0011
30.525
30.8769
31.0559
30.673
30.757
30.982
31.0681
31.0061
30.807
30.863
31.1141
30.9291
31.0731
30.9141
30.7989
30.88
30.8402
30.7109
30.5569
30.499
30.4992
31.2591
