9.06897
8.79788
8.80098
8.80289
8.80408
8.80003
8.80885
8.80003
8.80313
8.79502
8.81481
8.82101
8.80289
8.80289
8.80384
8.811
8.79908
8.80003
8.8129
8.81481
8.80194
8.8141
8.81505
8.80599
8.80289
8.80098
8.81386
8.80003
8.80599
8.80694
8.80885
8.80289
8.811
8.80313
8.82006
8.80194
8.80003
8.79693
8.81004
8.80408
8.816
8.816
8.81481
8.81195
8.80313
8.80909
8.80504
8.80909
8.81195
8.80504
8.79693
8.80098
8.80408
8.80718
8.8048
8.80289
8.81219
8.80814
8.80909
8.79908
8.80814
8.80289
8.80599
8.81314
8.80313
8.816
8.81195
8.81219
8.81004
8.80504
8.81195
8.79884
8.80885
8.81886
8.80885
8.80504
8.79598
8.80003
8.81505
8.8141
8.80599
8.79407
8.80003
8.79478
8.816
8.80599
8.80814
8.79908
8.80599
8.80909
8.81505
8.81386
8.80408
8.80599
8.80194
8.79812
8.80122
8.80313
8.816
8.81505
8.80194
8.81696
8.80289
8.80599
8.80003
8.82292
8.80909
8.80408
8.80504
8.80885
8.80194
8.80289
8.79884
8.80599
8.80313
8.80909
8.80623
8.80599
8.80504
8.80885
8.80194
8.80408
8.80599
8.80289
8.80504
8.80408
8.80909
8.81004
8.80218
8.80194
8.80599
8.80814
8.80098
8.80694
8.80885
8.80289
8.80504
8.8079
8.8079
8.80814
8.81386
8.79812
8.79908
8.8141
8.82101
8.80694
8.80003
8.81195
8.8048
8.80885
8.80814
8.816
8.80384
8.80694
8.80003
8.81195
8.80909
8.79908
8.80313
8.80384
8.80098
8.80218
8.80313
8.80599
8.8079
8.82006
8.80885
8.80885
8.8129
8.80194
8.80504
8.811
8.80289
8.81195
8.81505
8.80694
8.8079
8.80289
8.81386
8.80098
8.811
8.79908
8.81195
8.80194
8.80694
8.80313
8.81219
8.80909
8.811
8.79693
8.8079
8.811
8.80194
8.81386
8.80909
8.8079
8.81004
8.811
8.81791
8.80504
8.8079
8.80289
8.80814
8.80408
8.80694
8.80694
8.79812
8.80289
8.80003
8.81195
8.80313
8.80599
8.80694
8.80504
8.80098
8.8079
8.816
8.8079
8.79383
8.80504
8.80194
8.80384
8.80694
8.80384
8.8129
8.8079
8.80694
8.80504
8.80194
8.80313
8.80504
8.80003
8.80098
8.81195
8.80098
8.79884
8.80218
8.8079
8.81195
8.82292
8.811
8.80909
8.80599
8.80599
8.80909
8.80694
8.80289
8.811
8.80098
8.80599
8.80599
8.80599
8.81505
8.81791
8.80194
8.80003
8.81314
8.80718
8.82196
8.79979
8.80599
8.811
8.79383
8.80194
8.81004
8.79788
8.79598
8.80814
8.80098
8.80599
8.816
8.80599
8.80504
8.81004
8.80694
8.80003
8.80504
8.81314
8.80814
8.80694
8.79884
8.80885
8.81886
8.81791
8.79812
8.80408
8.80814
8.8079
8.80694
8.79502
8.80098
8.80599
8.80885
8.80098
8.79884
8.80194
8.80885
8.80003
8.80313
8.80098
8.8079
8.8191
8.81004
8.80694
8.80003
8.80194
8.80313
8.80504
8.79884
8.80194
8.80194
8.79884
8.80313
8.82006
8.8141
8.8141
8.81886
8.811
8.816
8.80885
8.811
8.79812
8.811
8.80098
8.79979
8.79884
8.80599
8.80218
8.79598
8.80384
8.81195
8.80599
8.80122
8.80194
8.8079
8.8129
8.811
8.811
8.79407
8.81004
8.80504
8.80504
8.8079
8.80909
8.8141
8.79288
8.811
8.81195
8.79598
8.82101
8.8191
8.8129
8.8079
8.80289
8.81195
8.80003
8.79598
8.80194
8.81505
8.80194
8.80098
8.80098
8.80408
8.79979
8.81004
8.80599
8.80098
8.79812
8.80194
8.816
8.8191
8.80408
8.80885
8.816
8.80408
8.81195
8.80504
8.79717
8.80098
8.79788
8.80003
8.80599
8.79788
8.8079
8.80289
8.80694
8.80218
8.80504
8.80694
8.8191
8.80504
8.80098
8.8129
8.8079
8.80384
8.79598
8.81314
8.81219
8.8079
8.79598
8.81386
8.81004
8.79288
8.80694
8.79884
8.80003
8.80289
8.81004
8.80504
8.80599
8.80003
8.81004
8.8098
8.80599
8.80313
8.81386
8.82483
8.80694
8.81314
8.79908
8.8048
8.81004
8.80909
8.79693
8.80408
8.80504
8.8079
8.82697
8.80218
8.80313
8.80408
8.81314
8.80909
8.80003
8.80194
8.81386
8.80194
8.811
8.80599
8.80694
8.80718
8.80218
8.8079
8.80504
8.80504
8.80194
8.8048
8.80408
8.80408
8.811
8.81004
8.80098
8.80694
8.80814
8.80313
8.81195
8.79598
8.80599
8.79598
8.80313
8.81195
8.80003
8.80194
8.80718
8.79812
8.80694
8.81195
8.82196
8.80599
8.81886
8.82101
8.81195
8.80885
8.80694
8.816
8.81696
8.80909
8.80408
8.80289
8.79717
8.79908
8.79693
8.81386
8.81386
8.80504
8.816
8.79884
8.80003
8.8172
8.81004
8.79598
8.80408
8.80504
8.80408
8.80694
8.81791
8.80599
8.80098
8.80504
8.80003
8.80384
8.8129
8.82006
8.80909
8.80885
8.82888
8.80289
8.80694
8.79788
8.80194
8.81314
8.80098
8.80098
8.79478
8.79908
8.80408
8.81195
8.80289
8.8079
8.80599
8.82101
8.811
8.8079
8.80909
8.80909
8.8079
8.81004
8.80408
8.80885
8.80218
8.80194
8.81004
8.80313
8.80885
8.8098
8.80289
8.79502
8.80814
8.80504
8.79908
8.80003
8.8141
8.80218
8.81314
8.80909
8.80003
8.8048
8.811
8.80408
8.80313
8.79979
8.79693
8.79502
8.8098
8.80599
8.80003
8.80384
8.80694
8.80885
8.80599
8.80313
8.80289
8.79693
8.80289
8.80003
8.8141
8.80694
8.80694
8.81791
8.81791
8.80885
8.79693
8.80694
8.8129
8.81505
8.79383
8.80384
8.80599
8.80289
8.81195
8.8079
8.80504
8.8172
8.80218
8.80814
8.80289
8.80694
8.80599
8.80408
8.811
8.80194
8.79192
8.79407
8.81505
8.79788
8.8141
8.81219
8.80694
8.81195
8.82196
8.82292
8.80599
8.80003
8.81505
8.80694
8.80504
8.80218
8.80814
8.80003
8.80289
8.79884
8.81505
8.80718
8.8141
8.81386
8.80504
8.81004
8.80504
8.81004
8.79788
8.79693
8.79908
8.80313
8.79908
8.80384
8.80098
8.80814
8.81314
8.8079
8.81314
8.80218
8.79812
8.80909
8.811
8.79502
8.79884
8.81505
8.81004
8.8129
8.80289
8.81195
8.8191
8.80384
8.80599
8.80194
8.81195
8.80408
8.82006
8.80814
8.80909
8.8191
8.80599
8.80599
8.79979
8.80098
8.80504
8.80599
8.80599
8.79598
8.80885
8.80694
8.79812
8.8098
8.80384
8.79884
8.79598
8.79717
8.80003
8.80599
8.80408
8.80408
8.80194
8.80289
8.816
8.80194
8.80408
8.79908
8.81219
8.80313
8.80408
8.80313
8.80098
8.80384
8.8191
8.8191
8.81195
8.80194
8.80718
8.79812
8.80408
8.80408
8.80504
8.80003
8.811
8.82292
8.80408
8.80504
8.79979
8.8129
8.816
8.80718
8.81004
8.80599
8.8172
8.8129
8.80599
8.8129
8.80718
8.80408
8.79908
8.80504
8.8048
8.81386
8.811
8.79788
8.79908
8.80384
8.81505
8.79502
8.8048
8.79788
8.80408
8.80599
8.811
8.80218
8.8141
8.80408
8.8079
8.80098
8.80599
8.79598
8.81219
8.80003
8.80194
8.80289
8.80289
8.80003
8.81195
8.8098
8.80885
8.81314
8.80599
8.80408
8.811
8.81791
8.81314
8.8222
8.81314
8.81314
8.80003
8.80694
8.81004
8.8129
8.8191
8.80218
8.80289
8.79884
8.80814
8.80694
8.79812
8.65602
8.79884
8.80289
8.81004
8.81004
8.81004
8.80408
8.81791
8.80384
8.8079
8.81314
8.81505
8.80194
8.81004
8.79598
8.80384
8.80313
8.80313
8.79693
8.81886
8.80289
8.80599
8.79598
8.80218
8.80003
8.8191
8.79788
8.80504
8.79788
8.8129
8.80408
8.80909
8.81195
8.81696
8.80289
8.8079
8.80098
8.79908
8.80909
8.80599
8.80098
8.80289
8.79598
8.816
8.80098
8.81004
8.80408
8.80909
8.80289
8.80289
8.8141
8.80909
8.81195
8.8079
8.79788
8.82196
8.8141
8.79622
8.80599
8.81004
8.80003
8.80814
8.80694
8.80289
8.80408
8.80504
8.80909
8.80098
8.80384
8.80599
8.8079
8.80289
8.80885
8.81195
8.81505
8.80623
8.81481
8.80718
8.81004
8.81004
8.80694
8.8079
8.79788
8.81195
8.80218
8.80599
8.816
8.81481
8.80098
8.81386
8.80885
8.80599
8.80313
8.81195
8.80384
8.80098
8.80718
8.82006
8.80718
8.8079
8.82006
8.80504
8.80599
8.79908
8.80003
8.80289
8.80384
8.81004
8.8129
8.65889
8.80504
8.80003
8.811
8.81195
8.80003
8.80599
8.79908
8.80003
8.811
8.80599
8.79598
8.80694
8.81696
8.80194
8.8079
8.80504
8.811
8.80599
8.79717
8.80003
8.80313
8.811
8.80194
8.80599
8.80504
8.80194
8.80289
8.80003
8.80003
8.80313
8.81791
8.80194
8.79383
8.811
8.80814
8.80814
8.80504
8.80623
8.81004
8.8048
8.80098
8.80313
8.80599
8.8129
8.8079
8.80599
8.80218
8.81004
8.80313
8.80408
8.816
8.80599
8.81505
8.8129
8.82006
8.8141
8.80599
8.80599
8.79884
8.8129
8.81004
8.80408
8.80289
8.80194
8.79598
8.811
8.8079
8.80909
8.80098
8.80098
8.80384
8.80694
8.80885
8.80909
8.80408
8.80909
8.80408
8.816
8.80599
8.80098
8.80003
8.8141
8.811
8.80718
8.80098
8.81219
8.82196
8.81004
8.80003
8.80909
8.80218
8.811
8.816
8.80909
8.79598
8.80885
8.81004
8.81386
8.80623
8.79693
8.81791
8.80694
8.80194
8.81004
8.80694
8.811
8.80504
8.80909
8.80623
8.8129
8.80218
8.80909
8.79812
8.8191
8.811
8.8129
8.81195
8.80289
8.81219
8.79598
8.81886
8.79884
8.81004
8.81195
8.80408
8.81886
8.80599
8.82101
8.80599
8.81791
