14.4331
13.1359
13.139
13.149
13.1378
13.1371
13.133
13.1369
13.1428
13.1271
13.1249
13.1271
13.1381
13.123
13.1299
13.1261
13.1359
13.1228
13.1409
13.135
13.1521
13.14
13.1299
13.1259
13.1299
13.149
13.135
13.1221
13.1328
13.1299
13.1319
13.135
13.1788
13.133
13.139
13.1412
13.1319
13.1431
13.1321
13.149
13.1328
13.1378
13.139
13.1311
13.1381
13.1369
13.1569
13.1218
13.1311
13.1259
13.129
13.1361
13.1462
13.135
13.1249
13.134
13.1381
13.129
13.1381
13.1311
13.1352
13.1462
13.1269
13.1409
13.1519
13.1409
13.129
13.1309
13.1359
13.1321
13.1412
13.1519
13.1221
13.149
13.1249
13.1421
13.128
13.139
13.133
13.1261
13.135
13.1221
13.1361
13.1371
13.1299
13.123
13.1412
13.128
13.1321
13.134
13.139
13.1218
13.1369
13.1309
13.1211
13.1412
13.1328
13.1269
13.1421
13.1569
13.139
13.128
13.1402
13.1428
13.119
13.1218
13.1369
13.1469
13.1538
13.1502
13.1199
13.1381
13.1421
13.1359
13.1199
13.1352
13.123
13.14
13.1438
13.149
13.15
13.1459
13.1261
13.144
13.1359
13.1259
13.1199
13.135
13.134
13.129
13.1371
13.14
13.129
13.144
13.1578
13.1428
13.1369
13.1369
13.1321
13.1361
13.14
13.135
13.1328
13.1259
13.1481
13.154
13.1299
13.154
13.128
13.1209
13.145
13.1528
13.144
13.1412
13.139
13.1412
13.1431
13.133
13.124
13.1369
13.1299
13.1481
13.1168
13.139
13.1359
13.145
13.1531
13.134
13.1319
13.149
13.144
13.1421
13.134
13.1299
13.1311
13.134
13.128
13.155
13.139
13.123
13.1202
13.1381
13.1409
13.129
13.15
13.1531
13.149
13.1421
13.1431
13.14
13.1409
13.144
13.149
13.1311
13.1462
13.1531
13.1309
13.1259
13.1209
13.1431
13.1531
13.1321
13.1531
13.1431
13.1299
13.1309
13.128
13.1311
13.1242
13.1271
13.1359
13.1421
13.1359
13.14
13.149
13.1209
13.159
13.1452
13.1431
13.1431
13.129
13.1299
13.135
13.1168
13.124
13.139
13.134
13.1428
13.1371
13.144
13.1412
13.1271
13.1521
13.134
13.128
13.1512
13.1211
13.16
13.1309
13.1471
13.1469
13.128
13.128
13.1271
13.1249
13.128
13.14
13.1261
13.144
13.133
13.129
13.1269
13.1328
13.1361
13.1299
13.1321
13.1269
13.1509
13.1269
13.1409
13.135
13.1378
13.134
13.1509
13.1218
13.1199
13.1431
13.1481
13.1319
13.1381
13.135
13.1328
13.1261
13.128
13.1419
13.1402
13.1371
13.15
13.1381
13.1309
13.1249
13.123
13.133
13.139
13.129
13.1249
13.149
13.155
13.1609
13.134
13.1509
13.1321
13.1378
13.1259
13.1221
13.1249
13.1481
13.1381
13.133
13.133
13.139
13.129
13.1359
13.14
13.1369
13.14
13.1509
13.1621
13.134
13.1409
13.135
13.1371
13.154
13.1521
13.1369
13.139
13.113
13.1211
13.139
13.1371
13.14
13.15
13.124
13.139
13.129
13.135
13.1361
13.1381
13.1359
13.1302
13.1359
13.14
13.1359
13.1359
13.1409
13.1278
13.14
13.1378
13.135
13.1178
13.1381
13.1428
13.1371
13.1381
13.128
13.133
13.1519
13.1428
13.1421
13.1311
13.1452
13.133
13.128
13.1171
13.135
13.1481
13.129
13.1371
13.1378
13.1431
13.134
13.1469
13.1481
13.1328
13.1562
13.1428
13.123
13.1271
13.129
13.1359
13.1381
13.1271
13.124
13.1381
13.1371
13.1559
13.1259
13.1462
13.1378
13.1521
13.1321
13.1609
13.1469
13.155
13.1381
13.1311
13.1521
13.145
13.1409
13.1359
13.139
13.1412
13.128
13.1371
13.1509
13.134
13.1419
13.145
13.114
13.1359
13.1559
13.128
13.145
13.1509
13.1259
13.124
13.1321
13.1381
13.1199
13.144
13.128
13.134
13.1319
13.1149
13.1578
13.1431
13.1412
13.1381
13.1261
13.129
13.1369
13.1459
13.134
13.1269
13.1249
13.1299
13.1221
13.1428
13.134
13.1299
13.1299
13.1409
13.133
13.1381
13.1218
13.1381
13.14
13.1328
13.1381
13.1309
13.1381
13.154
13.14
13.1431
13.145
13.1328
13.1371
13.128
13.1488
13.128
13.1309
13.1249
13.1469
13.133
13.123
13.1378
13.1319
13.128
13.123
13.1269
13.128
13.14
13.145
13.14
13.139
13.1588
13.129
13.16
13.128
13.1381
13.1462
13.1311
13.1381
13.1361
13.1381
13.1431
13.1221
13.1321
13.135
13.14
13.133
13.1328
13.124
13.1311
13.14
13.129
13.1359
13.133
13.1509
13.1378
13.1469
13.1299
13.1531
13.1519
13.128
13.1378
13.1309
13.155
13.1409
13.124
