0.04321391507983207702636718750000
0.04334675893187522888183593750000
0.04348002374172210693359375000000
0.04361368343234062194824218750000
0.04374776035547256469726562500000
0.04388224333524703979492187500000
0.04401714354753494262695312500000
0.04415246844291687011718750000000
0.04428819939494132995605468750000
0.04442434385418891906738281250000
0.04456092044711112976074218750000
0.04469790682196617126464843750000
0.04483531415462493896484375000000
0.04497314244508743286132812500000
0.04511139541864395141601562500000
0.04525008425116539001464843750000
0.04538918659090995788574218750000
0.04552871733903884887695312500000
0.04566869139671325683593750000000
0.04580908268690109252929687500000
0.04594990238547325134277343750000
0.04609115794301033020019531250000
0.04623284935951232910156250000000
0.04637498408555984497070312500000
0.04651754721999168395996093750000
0.04666054621338844299316406250000
0.04680399969220161437988281250000
0.04694787785410881042480468750000
0.04709220305085182189941406250000
0.04723696783185005187988281250000
0.04738217964768409729003906250000
0.04752784967422485351562500000000
0.04767395555973052978515625000000
0.04782051220536231994628906250000
0.04796753078699111938476562500000
0.04811498895287513732910156250000
0.04826289787888526916503906250000
0.04841126501560211181640625000000
0.04856008663773536682128906250000
0.04870937764644622802734375000000
0.04885911568999290466308593750000
0.04900931194424629211425781250000
0.04915998503565788269042968750000
0.04931110888719558715820312500000
0.04946269840002059936523437500000
0.04961474984884262084960937500000
0.04976727440953254699707031250000
0.04992027580738067626953125000000
0.05007373541593551635742187500000
0.05022766813635826110839843750000
0.05038208514451980590820312500000
0.05053696781396865844726562500000
0.05069232359528541564941406250000
0.05084815621376037597656250000000
0.05100446939468383789062500000000
0.05116127431392669677734375000000
0.05131855234503746032714843750000
0.05147631093859672546386718750000
0.05163456872105598449707031250000
0.05179329961538314819335937500000
0.05195251852273941040039062500000
0.05211222544312477111816406250000
0.05227242410182952880859375000000
0.05243312940001487731933593750000
0.05259431153535842895507812500000
0.05275599285960197448730468750000
0.05291818454861640930175781250000
0.05308086052536964416503906250000
0.05324403941631317138671875000000
0.05340771749615669250488281250000
0.05357189849019050598144531250000
0.05373659729957580566406250000000
0.05390179157257080078125000000000
0.05406748875975608825683593750000
0.05423371121287345886230468750000
0.05440043285489082336425781250000
0.05456766858696937561035156250000
0.05473541468381881713867187500000
0.05490367859601974487304687500000
0.05507247149944305419921875000000
0.05524177104234695434570312500000
0.05541158840060234069824218750000
0.05558194592595100402832031250000
0.05575281009078025817871093750000
0.05592419952154159545898437500000
0.05609611794352531433105468750000
0.05626856535673141479492187500000
0.05644155293703079223632812500000
0.05661506205797195434570312500000
0.05678910389542579650878906250000
0.05696369335055351257324218750000
0.05713880434632301330566406250000
0.05731445550918579101562500000000
0.05749064683914184570312500000000
0.05766738206148147583007812500000
0.05784467235207557678222656250000
0.05802249163389205932617187500000
0.05820085853338241577148437500000
0.05837979167699813842773437500000
0.05855925753712654113769531250000
0.05873927474021911621093750000000
0.05891984701156616210937500000000
0.05910097062587738037109375000000
0.05928267166018486022949218750000
0.05946491286158561706542968750000
0.05964771285653114318847656250000
0.05983109027147293090820312500000
0.06001501902937889099121093750000
0.06019951403141021728515625000000
0.06038457155227661132812500000000
0.06057020276784896850585937500000
0.06075641512870788574218750000000
0.06094319000840187072753906250000
0.06113053485751152038574218750000
0.06131847202777862548828125000000
0.06150697171688079833984375000000
0.06169605255126953125000000000000
0.06188571453094482421875000000000
0.06207595765590667724609375000000
0.06226680055260658264160156250000
0.06245821714401245117187500000000
0.06265021860599517822265625000000
0.06284283101558685302734375000000
0.06303601711988449096679687500000
0.06322979182004928588867187500000
0.06342417001724243164062500000000
0.06361914426088333129882812500000
0.06381472945213317871093750000000
0.06401090323925018310546875000000
0.06420768052339553833007812500000
0.06440507620573043823242187500000
0.06460306793451309204101562500000
0.06480166316032409667968750000000
0.06500087678432464599609375000000
0.06520069390535354614257812500000
0.06540114432573318481445312500000
0.06560219824314117431640625000000
0.06580386310815811157226562500000
0.06600616872310638427734375000000
0.06620907783508300781250000000000
0.06641261279582977294921875000000
0.06661677360534667968750000000000
0.06682156026363372802734375000000
0.06702699512243270874023437500000
0.06723304092884063720703125000000
0.06743972748517990112304687500000
0.06764706224203109741210937500000
0.06785501539707183837890625000000
0.06806360930204391479492187500000
0.06827284395694732666015625000000
0.06848271936178207397460937500000
0.06869326531887054443359375000000
0.06890442967414855957031250000000
0.06911624968051910400390625000000
0.06932874023914337158203125000000
0.06954186409711837768554687500000
0.06975564360618591308593750000000
0.06997008621692657470703125000000
0.07018517702817916870117187500000
0.07040095329284667968750000000000
0.07061737030744552612304687500000
0.07083445787429809570312500000000
0.07105223089456558227539062500000
0.07127065211534500122070312500000
0.07148974388837814331054687500000
0.07170951366424560546875000000000
0.07192996144294738769531250000000
0.07215109467506408691406250000000
0.07237289845943450927734375000000
0.07259538024663925170898437500000
0.07281856238842010498046875000000
0.07304241508245468139648437500000
0.07326696068048477172851562500000
0.07349219173192977905273437500000
0.07371811568737030029296875000000
0.07394474744796752929687500000000
0.07417206466197967529296875000000
0.07440007477998733520507812500000
0.07462880760431289672851562500000
0.07485822588205337524414062500000
0.07508835196495056152343750000000
0.07531917840242385864257812500000
0.07555072009563446044921875000000
0.07578299194574356079101562500000
0.07601595669984817504882812500000
0.07624963670969009399414062500000
0.07648405432701110839843750000000
0.07671917974948883056640625000000
0.07695502042770385742187500000000
0.07719159126281738281250000000000
0.07742888480424880981445312500000
0.07766693085432052612304687500000
0.07790568470954895019531250000000
0.07814517617225646972656250000000
0.07838542014360427856445312500000
0.07862638682126998901367187500000
0.07886809855699539184570312500000
0.07911054790019989013671875000000
0.07935374230146408081054687500000
0.07959770411252975463867187500000
0.07984239608049392700195312500000
0.08008784055709838867187500000000
0.08033405989408493041992187500000
0.08058101683855056762695312500000
0.08082872629165649414062500000000
0.08107720315456390380859375000000
0.08132644742727279663085937500000
0.08157647401094436645507812500000
0.08182724565267562866210937500000
0.08207879215478897094726562500000
0.08233113586902618408203125000000
0.08258423209190368652343750000000
0.08283810317516326904296875000000
0.08309275656938552856445312500000
0.08334819227457046508789062500000
0.08360443264245986938476562500000
0.08386144787073135375976562500000
0.08411924540996551513671875000000
0.08437785506248474121093750000000
0.08463724702596664428710937500000
0.08489742875099182128906250000000
0.08515841513872146606445312500000
0.08542019873857498168945312500000
0.08568281680345535278320312500000
0.08594620972871780395507812500000
0.08621042221784591674804687500000
0.08647546172142028808593750000000
0.08674129843711853027343750000000
0.08700795471668243408203125000000
0.08727542310953140258789062500000
0.08754371851682662963867187500000
0.08781285583972930908203125000000
0.08808280527591705322265625000000
0.08835358172655105590820312500000
0.08862521499395370483398437500000
0.08889766037464141845703125000000
0.08917094022035598754882812500000
0.08944506198167800903320312500000
0.08972002565860748291015625000000
0.08999585360288619995117187500000
0.09027251601219177246093750000000
0.09055002033710479736328125000000
0.09082840383052825927734375000000
0.09110762178897857666015625000000
0.09138769656419754028320312500000
0.09166863560676574707031250000000
0.09195043146610260009765625000000
0.09223312139511108398437500000000
0.09251666069030761718750000000000
0.09280106425285339355468750000000
0.09308636933565139770507812500000
0.09337252378463745117187500000000
0.09365956485271453857421875000000
0.09394748508930206298828125000000
0.09423629194498062133789062500000
0.09452600777149200439453125000000
0.09481658786535263061523437500000
0.09510806947946548461914062500000
0.09540046006441116333007812500000
0.09569373726844787597656250000000
0.09598790854215621948242187500000
0.09628298878669738769531250000000
0.09657897055149078369140625000000
0.09687589108943939208984375000000
0.09717369824647903442382812500000
0.09747242182493209838867187500000
0.09777208417654037475585937500000
0.09807264804840087890625000000000
0.09837413579225540161132812500000
0.09867654740810394287109375000000
0.09897989034652709960937500000000
0.09928419440984725952148437500000
0.09958939999341964721679687500000
0.09989555180072784423828125000000
0.10020266473293304443359375000000
0.10051070153713226318359375000000
0.10081968456506729125976562500000
0.10112961381673812866210937500000
0.10144049674272537231445312500000
0.10175236314535140991210937500000
0.10206516087055206298828125000000
0.10237891972064971923828125000000
0.10269366949796676635742187500000
0.10300936549901962280273437500000
0.10332602262496948242187500000000
0.10364366322755813598632812500000
0.10396227240562438964843750000000
0.10428189486265182495117187500000
0.10460246354341506958007812500000
0.10492402315139770507812500000000
0.10524660348892211914062500000000
0.10557013750076293945312500000000
0.10589467734098434448242187500000
0.10622020810842514038085937500000
0.10654674470424652099609375000000
0.10687430202960968017578125000000
0.10720285028219223022460937500000
0.10753240436315536499023437500000
0.10786299407482147216796875000000
0.10819457471370697021484375000000
0.10852718353271484375000000000000
0.10886080563068389892578125000000
0.10919545590877532958984375000000
0.10953116416931152343750000000000
0.10986787080764770507812500000000
0.11020562052726745605468750000000
0.11054442822933197021484375000000
0.11088425666093826293945312500000
0.11122512817382812500000000000000
0.11156705021858215332031250000000
0.11191001534461975097656250000000
0.11225406825542449951171875000000
0.11259914934635162353515625000000
0.11294529587030410766601562500000
0.11329253017902374267578125000000
0.11364080011844635009765625000000
0.11399015039205551147460937500000
0.11434056609869003295898437500000
0.11469206213951110839843750000000
0.11504466831684112548828125000000
0.11539832502603530883789062500000
0.11575307697057723999023437500000
0.11610893905162811279296875000000
0.11646587401628494262695312500000
0.11682390421628952026367187500000
0.11718303710222244262695312500000
0.11754326522350311279296875000000
0.11790464073419570922851562500000
0.11826708912849426269531250000000
0.11863065510988235473632812500000
0.11899536848068237304687500000000
0.11936117708683013916015625000000
0.11972810328006744384765625000000
0.12009616196155548095703125000000
0.12046535313129425048828125000000
0.12083570659160614013671875000000
0.12120717018842697143554687500000
0.12157977372407913208007812500000
0.12195355445146560668945312500000
0.12232845276594161987304687500000
0.12270450592041015625000000000000
0.12308171391487121582031250000000
0.12346008419990539550781250000000
0.12383963912725448608398437500000
0.12422034144401550292968750000000
0.12460220605134963989257812500000
0.12498527765274047851562500000000
0.12536950409412384033203125000000
0.12575489282608032226562500000000
0.12614148855209350585937500000000
0.12652926146984100341796875000000
0.12691825628280639648437500000000
0.12730841338634490966796875000000
0.12769977748394012451171875000000
0.12809236347675323486328125000000
0.12848614156246185302734375000000
0.12888112664222717285156250000000
0.12927731871604919433593750000000
0.12967473268508911132812500000000
0.13007339835166931152343750000000
0.13047325611114501953125000000000
0.13087435066699981689453125000000
0.13127669692039489746093750000000
0.13168026506900787353515625000000
0.13208505511283874511718750000000
0.13249111175537109375000000000000
0.13289840519428253173828125000000
0.13330698013305664062500000000000
0.13371677696704864501953125000000
0.13412784039974212646484375000000
0.13454020023345947265625000000000
0.13495378196239471435546875000000
0.13536864519119262695312500000000
0.13578478991985321044921875000000
0.13620223104953765869140625000000
0.13662093877792358398437500000000
0.13704092800617218017578125000000
0.13746221363544464111328125000000
0.13788479566574096679687500000000
0.13830868899822235107421875000000
0.13873386383056640625000000000000
0.13916034996509552001953125000000
0.13958816230297088623046875000000
0.14001728594303131103515625000000
0.14044772088527679443359375000000
0.14087946712970733642578125000000
0.14131256937980651855468750000000
0.14174699783325195312500000000000
0.14218275249004364013671875000000
0.14261983335018157958984375000000
0.14305828511714935302734375000000
0.14349807798862457275390625000000
0.14393919706344604492187500000000
0.14438168704509735107421875000000
0.14482554793357849121093750000000
0.14527077972888946533203125000000
0.14571735262870788574218750000000
0.14616531133651733398437500000000
0.14661465585231781005859375000000
0.14706538617610931396484375000000
0.14751748740673065185546875000000
0.14797097444534301757812500000000
0.14842586219310760498046875000000
0.14888216555118560791015625000000
0.14933983981609344482421875000000
0.14979892969131469726562500000000
0.15025945007801055908203125000000
0.15072138607501983642578125000000
0.15118472278118133544921875000000
0.15164947509765625000000000000000
0.15211568772792816162109375000000
0.15258331596851348876953125000000
0.15305237472057342529296875000000
0.15352287888526916503906250000000
0.15399484336376190185546875000000
0.15446826815605163574218750000000
0.15494312345981597900390625000000
0.15541942417621612548828125000000
0.15589722990989685058593750000000
0.15637649595737457275390625000000
0.15685720741748809814453125000000
0.15733940899372100830078125000000
0.15782310068607330322265625000000
0.15830829739570617675781250000000
0.15879495441913604736328125000000
0.15928310155868530273437500000000
0.15977278351783752441406250000000
0.16026395559310913085937500000000
0.16075663268566131591796875000000
0.16125081479549407958984375000000
0.16174653172492980957031250000000
0.16224378347396850585937500000000
0.16274254024028778076171875000000
0.16324283182621002197265625000000
0.16374467313289642333984375000000
0.16424806416034698486328125000000
0.16475297510623931884765625000000
0.16525945067405700683593750000000
0.16576749086380004882812500000000
0.16627711057662963867187500000000
0.16678826510906219482421875000000
0.16730098426342010498046875000000
0.16781531274318695068359375000000
0.16833122074604034423828125000000
0.16884867846965789794921875000000
0.16936774551868438720703125000000
0.16988842189311981201171875000000
0.17041069269180297851562500000000
0.17093455791473388671875000000000
0.17146003246307373046875000000000
0.17198714613914489746093750000000
0.17251586914062500000000000000000
0.17304620146751403808593750000000
0.17357817292213439941406250000000
0.17411178350448608398437500000000
0.17464704811573028564453125000000
0.17518393695354461669921875000000
0.17572246491909027099609375000000
0.17626267671585083007812500000000
0.17680455744266510009765625000000
0.17734807729721069335937500000000
0.17789326608180999755859375000000
0.17844015359878540039062500000000
0.17898871004581451416015625000000
0.17953895032405853271484375000000
0.18009087443351745605468750000000
0.18064451217651367187500000000000
0.18119986355304718017578125000000
0.18175688385963439941406250000000
0.18231563270092010498046875000000
0.18287611007690429687500000000000
0.18343831598758697509765625000000
0.18400222063064575195312500000000
0.18456786870956420898437500000000
0.18513527512550354003906250000000
0.18570442497730255126953125000000
0.18627530336380004882812500000000
0.18684792518615722656250000000000
0.18742235004901885986328125000000
0.18799853324890136718750000000000
0.18857645988464355468750000000000
0.18915615975856781005859375000000
0.18973767757415771484375000000000
0.19032096862792968750000000000000
0.19090603291988372802734375000000
0.19149290025234222412109375000000
0.19208160042762756347656250000000
0.19267210364341735839843750000000
0.19326439499855041503906250000000
0.19385851919651031494140625000000
0.19445449113845825195312500000000
0.19505228102207183837890625000000
0.19565190374851226806640625000000
0.19625335931777954101562500000000
0.19685667753219604492187500000000
0.19746187329292297363281250000000
0.19806888699531555175781250000000
0.19867777824401855468750000000000
0.19928856194019317626953125000000
0.19990122318267822265625000000000
0.20051573216915130615234375000000
0.20113214850425720214843750000000
0.20175047218799591064453125000000
0.20237070322036743164062500000000
0.20299281179904937744140625000000
0.20361684262752532958984375000000
0.20424279570579528808593750000000
0.20487070083618164062500000000000
0.20550048351287841796875000000000
0.20613221824169158935546875000000
0.20676591992378234863281250000000
0.20740157365798950195312500000000
0.20803914964199066162109375000000
0.20867867767810821533203125000000
0.20932020246982574462890625000000
0.20996370911598205566406250000000
0.21060916781425476074218750000000
0.21125659346580505371093750000000
0.21190604567527770996093750000000
0.21255749464035034179687500000000
0.21321092545986175537109375000000
0.21386636793613433837890625000000
0.21452383697032928466796875000000
0.21518333256244659423828125000000
0.21584483981132507324218750000000
0.21650835871696472167968750000000
0.21717396378517150878906250000000
0.21784161031246185302734375000000
0.21851128339767456054687500000000
0.21918301284313201904296875000000
0.21985682845115661621093750000000
0.22053271532058715820312500000000
0.22121065855026245117187500000000
0.22189068794250488281250000000000
0.22257283329963684082031250000000
0.22325707972049713134765625000000
0.22394339740276336669921875000000
0.22463181614875793457031250000000
0.22532239556312561035156250000000
0.22601509094238281250000000000000
0.22670988738536834716796875000000
0.22740681469440460205078125000000
0.22810591757297515869140625000000
0.22880716621875762939453125000000
0.22951054573059082031250000000000
0.23021608591079711914062500000000
0.23092383146286010742187500000000
0.23163373768329620361328125000000
0.23234581947326660156250000000000
0.23306007683277130126953125000000
0.23377655446529388427734375000000
0.23449523746967315673828125000000
0.23521609604358673095703125000000
0.23593918979167938232421875000000
0.23666451871395111083984375000000
0.23739208281040191650390625000000
0.23812185227870941162109375000000
0.23885385692119598388671875000000
0.23958815634250640869140625000000
0.24032470583915710449218750000000
0.24106349050998687744140625000000
0.24180455505847930908203125000000
0.24254791438579559326171875000000
0.24329356849193572998046875000000
0.24404147267341613769531250000000
0.24479168653488159179687500000000
0.24554423987865447998046875000000
0.24629910290241241455078125000000
0.24705624580383300781250000000000
0.24781572818756103515625000000000
0.24857757985591888427734375000000
0.24934175610542297363281250000000
0.25010827183723449707031250000000
0.25087711215019226074218750000000
0.25164839625358581542968750000000
0.25242200493812561035156250000000
0.25319796800613403320312500000000
0.25397634506225585937500000000000
0.25475713610649108886718750000000
0.25554031133651733398437500000000
0.25632587075233459472656250000000
0.25711384415626525878906250000000
0.25790426135063171386718750000000
0.25869712233543395996093750000000
0.25949239730834960937500000000000
0.26029011607170104980468750000000
0.26109030842781066894531250000000
0.26189294457435607910156250000000
0.26269805431365966796875000000000
0.26350560784339904785156250000000
0.26431569457054138183593750000000
0.26512825489044189453125000000000
0.26594328880310058593750000000000
0.26676082611083984375000000000000
0.26758092641830444335937500000000
0.26840353012084960937500000000000
0.26922863721847534179687500000000
0.27005627751350402832031250000000
0.27088648080825805664062500000000
0.27171924710273742675781250000000
0.27255454659461975097656250000000
0.27339240908622741699218750000000
0.27423289418220520019531250000000
0.27507594227790832519531250000000
0.27592155337333679199218750000000
0.27676978707313537597656250000000
0.27762061357498168945312500000000
0.27847409248352050781250000000000
0.27933016419410705566406250000000
0.28018885850906372070312500000000
0.28105023503303527832031250000000
0.28191423416137695312500000000000
0.28278088569641113281250000000000
0.28365015983581542968750000000000
0.28452217578887939453125000000000
0.28539687395095825195312500000000
0.28627422451972961425781250000000
0.28715425729751586914062500000000
0.28803703188896179199218750000000
0.28892251849174499511718750000000
0.28981071710586547851562500000000
0.29070162773132324218750000000000
0.29159530997276306152343750000000
0.29249173402786254882812500000000
0.29339089989662170410156250000000
0.29429280757904052734375000000000
0.29519754648208618164062500000000
0.29610505700111389160156250000000
0.29701530933380126953125000000000
0.29792836308479309082031250000000
0.29884427785873413085937500000000
0.29976299405097961425781250000000
0.30068448185920715332031250000000
0.30160883069038391113281250000000
0.30253604054450988769531250000000
0.30346611142158508300781250000000
0.30439901351928710937500000000000
0.30533474683761596679687500000000
0.30627343058586120605468750000000
0.30721497535705566406250000000000
0.30815941095352172851562500000000
0.30910670757293701171875000000000
0.31005698442459106445312500000000
0.31101018190383911132812500000000
0.31196627020835876464843750000000
0.31292527914047241210937500000000
0.31388729810714721679687500000000
0.31485223770141601562500000000000
0.31582012772560119628906250000000
0.31679099798202514648437500000000
0.31776490807533264160156250000000
0.31874176859855651855468750000000
0.31972163915634155273437500000000
0.32070448994636535644531250000000
0.32169041037559509277343750000000
0.32267937064170837402343750000000
0.32367131114006042480468750000000
0.32466632127761840820312500000000
0.32566443085670471191406250000000
0.32666558027267456054687500000000
0.32766979932785034179687500000000
0.32867708802223205566406250000000
0.32968753576278686523437500000000
0.33070105314254760742187500000000
0.33171766996383666992187500000000
0.33273741602897644042968750000000
0.33376032114028930664062500000000
0.33478638529777526855468750000000
0.33581554889678955078125000000000
0.33684790134429931640625000000000
0.33788344264030456542968750000000
0.33892217278480529785156250000000
0.33996406197547912597656250000000
0.34100914001464843750000000000000
0.34205749630928039550781250000000
0.34310907125473022460937500000000
0.34416380524635314941406250000000
0.34522181749343872070312500000000
0.34628310799598693847656250000000
0.34734767675399780273437500000000
0.34841546416282653808593750000000
0.34948652982711791992187500000000
0.35056093335151672363281250000000
0.35163864493370056152343750000000
0.35271960496902465820312500000000
0.35380390286445617675781250000000
0.35489159822463989257812500000000
0.35598260164260864257812500000000
0.35707694292068481445312500000000
0.35817465186119079589843750000000
0.35927575826644897460937500000000
0.36038026213645935058593750000000
0.36148810386657714843750000000000
0.36259937286376953125000000000000
0.36371406912803649902343750000000
0.36483222246170043945312500000000
0.36595374345779418945312500000000
0.36707875132560729980468750000000
0.36820721626281738281250000000000
0.36933916807174682617187500000000
0.37047457695007324218750000000000
0.37161347270011901855468750000000
0.37275588512420654296875000000000
0.37390178442001342773437500000000
0.37505123019218444824218750000000
0.37620422244071960449218750000000
0.37736073136329650878906250000000
0.37852081656455993652343750000000
0.37968444824218750000000000000000
0.38085165619850158691406250000000
0.38202247023582458496093750000000
0.38319686055183410644531250000000
0.38437488675117492675781250000000
0.38555651903152465820312500000000
0.38674178719520568847656250000000
0.38793069124221801757812500000000
0.38912326097488403320312500000000
0.39031949639320373535156250000000
0.39151942729949951171875000000000
0.39272302389144897460937500000000
0.39393031597137451171875000000000
0.39514133334159851074218750000000
0.39635604619979858398437500000000
0.39757451415061950683593750000000
0.39879673719406127929687500000000
0.40002271533012390136718750000000
0.40125244855880737304687500000000
0.40248596668243408203125000000000
0.40372326970100402832031250000000
0.40496438741683959960937500000000
0.40620931982994079589843750000000
0.40745809674263000488281250000000
0.40871068835258483886718750000000
0.40996712446212768554687500000000
0.41122743487358093261718750000000
0.41249164938926696777343750000000
0.41375970840454101562500000000000
0.41503167152404785156250000000000
0.41630756855010986328125000000000
0.41758736968040466308593750000000
0.41887110471725463867187500000000
0.42015877366065979003906250000000
0.42145043611526489257812500000000
0.42274603247642517089843750000000
0.42404562234878540039062500000000
0.42534923553466796875000000000000
0.42665681242942810058593750000000
0.42796844244003295898437500000000
0.42928409576416015625000000000000
0.43060377240180969238281250000000
0.43192753195762634277343750000000
0.43325534462928771972656250000000
0.43458727002143859863281250000000
0.43592324852943420410156250000000
0.43726336956024169921875000000000
0.43860757350921630859375000000000
0.43995594978332519531250000000000
0.44130843877792358398437500000000
0.44266510009765625000000000000000
0.44402593374252319335937500000000
0.44539093971252441406250000000000
0.44676014780998229980468750000000
0.44813358783721923828125000000000
0.44951122999191284179687500000000
0.45089310407638549804687500000000
0.45227921009063720703125000000000
0.45366960763931274414062500000000
0.45506426692008972167968750000000
0.45646321773529052734375000000000
0.45786646008491516113281250000000
0.45927402377128601074218750000000
0.46068590879440307617187500000000
0.46210214495658874511718750000000
0.46352273225784301757812500000000
0.46494767069816589355468750000000
0.46637701988220214843750000000000
0.46781075000762939453125000000000
0.46924886107444763183593750000000
0.47069141268730163574218750000000
0.47213840484619140625000000000000
0.47358983755111694335937500000000
0.47504574060440063476562500000000
0.47650611400604248046875000000000
0.47797098755836486816406250000000
0.47944036126136779785156250000000
0.48091423511505126953125000000000
0.48239263892173767089843750000000
0.48387560248374938964843750000000
0.48536312580108642578125000000000
0.48685520887374877929687500000000
0.48835191130638122558593750000000
0.48985317349433898925781250000000
0.49135908484458923339843750000000
0.49286958575248718261718750000000
0.49438476562500000000000000000000
0.49590459465980529785156250000000
0.49742910265922546386718750000000
0.49895825982093811035156250000000
0.50049215555191040039062500000000
0.50203073024749755859375000000000
0.50357407331466674804687500000000
0.50512218475341796875000000000000
0.50667500495910644531250000000000
0.50823259353637695312500000000000
0.50979501008987426757812500000000
0.51136219501495361328125000000000
0.51293420791625976562500000000000
0.51451104879379272460937500000000
0.51609277725219726562500000000000
0.51767933368682861328125000000000
0.51927077770233154296875000000000
0.52086710929870605468750000000000
0.52246832847595214843750000000000
0.52407449483871459960937500000000
0.52568560838699340820312500000000
0.52730166912078857421875000000000
0.52892267704010009765625000000000
0.53054863214492797851562500000000
0.53217965364456176757812500000000
0.53381568193435668945312500000000
0.53545671701431274414062500000000
0.53710281848907470703125000000000
0.53875392675399780273437500000000
0.54041016101837158203125000000000
0.54207152128219604492187500000000
0.54373788833618164062500000000000
0.54540944099426269531250000000000
0.54708611965179443359375000000000
0.54876798391342163085937500000000
0.55045497417449951171875000000000
0.55214720964431762695312500000000
0.55384457111358642578125000000000
0.55554717779159545898437500000000
0.55725502967834472656250000000000
0.55896812677383422851562500000000
0.56068652868270874023437500000000
0.56241017580032348632812500000000
0.56413912773132324218750000000000
0.56587338447570800781250000000000
0.56761300563812255859375000000000
0.56935793161392211914062500000000
0.57110822200775146484375000000000
0.57286393642425537109375000000000
0.57462501525878906250000000000000
0.57639151811599731445312500000000
0.57816344499588012695312500000000
0.57994079589843750000000000000000
0.58172363042831420898437500000000
0.58351194858551025390625000000000
0.58530575037002563476562500000000
0.58710509538650512695312500000000
0.58890998363494873046875000000000
0.59072041511535644531250000000000
0.59253638982772827148437500000000
0.59435790777206420898437500000000
0.59618508815765380859375000000000
0.59801787137985229492187500000000
0.59985625743865966796875000000000
0.60170036554336547851562500000000
0.60355007648468017578125000000000
0.60540550947189331054687500000000
0.60726660490036010742187500000000
0.60913348197937011718750000000000
0.61100602149963378906250000000000
0.61288440227508544921875000000000
0.61476850509643554687500000000000
0.61665838956832885742187500000000
0.61855411529541015625000000000000
0.62045568227767944335937500000000
0.62236303091049194335937500000000
0.62427634000778198242187500000000
0.62619543075561523437500000000000
0.62812048196792602539062500000000
0.63005143404006958007812500000000
0.63198834657669067382812500000000
0.63393115997314453125000000000000
0.63587999343872070312500000000000
0.63783478736877441406250000000000
0.63979560136795043945312500000000
0.64176243543624877929687500000000
0.64373534917831420898437500000000
0.64571428298950195312500000000000
0.64769935607910156250000000000000
0.64969050884246826171875000000000
0.65168774127960205078125000000000
0.65369117259979248046875000000000
0.65570068359375000000000000000000
0.65771645307540893554687500000000
0.65973836183547973632812500000000
0.66176652908325195312500000000000
0.66380089521408081054687500000000
0.66584157943725585937500000000000
0.66788846254348754882812500000000
0.66994166374206542968750000000000
0.67200118303298950195312500000000
0.67406708002090454101562500000000
0.67613923549652099609375000000000
0.67821782827377319335937500000000
0.68030279874801635742187500000000
0.68239414691925048828125000000000
0.68449193239212036132812500000000
0.68659621477127075195312500000000
0.68870693445205688476562500000000
0.69082415103912353515625000000000
0.69294786453247070312500000000000
0.69507807493209838867187500000000
0.69721490144729614257812500000000
0.69935822486877441406250000000000
0.70150816440582275390625000000000
0.70366472005844116210937500000000
0.70582795143127441406250000000000
0.70799779891967773437500000000000
0.71017426252365112304687500000000
0.71235746145248413085937500000000
0.71454739570617675781250000000000
0.71674406528472900390625000000000
0.71894747018814086914062500000000
0.72115761041641235351562500000000
0.72337460517883300781250000000000
0.72559833526611328125000000000000
0.72782897949218750000000000000000
0.73006647825241088867187500000000
0.73231083154678344726562500000000
0.73456203937530517578125000000000
0.73682022094726562500000000000000
0.73908531665802001953125000000000
0.74135744571685791015625000000000
0.74363648891448974609375000000000
0.74592256546020507812500000000000
0.74821567535400390625000000000000
0.75051581859588623046875000000000
0.75282299518585205078125000000000
0.75513732433319091796875000000000
0.75745874643325805664062500000000
0.75978732109069824218750000000000
0.76212304830551147460937500000000
0.76446592807769775390625000000000
0.76681602001190185546875000000000
0.76917338371276855468750000000000
0.77153795957565307617187500000000
0.77390980720520019531250000000000
0.77628892660140991210937500000000
0.77867537736892700195312500000000
0.78106915950775146484375000000000
0.78347027301788330078125000000000
0.78587883710861206054687500000000
0.78829473257064819335937500000000
0.79071807861328125000000000000000
0.79314893484115600585937500000000
0.79558718204498291015625000000000
0.79803293943405151367187500000000
0.80048626661300659179687500000000
0.80294710397720336914062500000000
0.80541551113128662109375000000000
0.80789148807525634765625000000000
0.81037509441375732421875000000000
0.81286633014678955078125000000000
0.81536519527435302734375000000000
0.81787180900573730468750000000000
0.82038605213165283203125000000000
0.82290810346603393554687500000000
0.82543784379959106445312500000000
0.82797539234161376953125000000000
0.83052074909210205078125000000000
0.83307391405105590820312500000000
0.83563494682312011718750000000000
0.83820378780364990234375000000000
0.84078061580657958984375000000000
0.84336531162261962890625000000000
0.84595793485641479492187500000000
0.84855860471725463867187500000000
0.85116720199584960937500000000000
0.85378384590148925781250000000000
0.85640853643417358398437500000000
0.85904127359390258789062500000000
0.86168211698532104492187500000000
0.86433106660842895507812500000000
0.86698818206787109375000000000000
0.86965346336364746093750000000000
0.87232691049575805664062500000000
0.87500858306884765625000000000000
0.87769854068756103515625000000000
0.88039672374725341796875000000000
0.88310325145721435546875000000000
0.88581806421279907226562500000000
0.88854122161865234375000000000000
0.89127272367477416992187500000000
0.89401268959045410156250000000000
0.89676100015640258789062500000000
0.89951783418655395507812500000000
0.90228307247161865234375000000000
0.90505689382553100585937500000000
0.90783917903900146484375000000000
0.91063004732131958007812500000000
0.91342949867248535156250000000000
0.91623753309249877929687500000000
0.91905421018600463867187500000000
0.92187952995300292968750000000000
0.92471355199813842773437500000000
0.92755627632141113281250000000000
0.93040776252746582031250000000000
0.93326801061630249023437500000000
0.93613702058792114257812500000000
0.93901485204696655273437500000000
0.94190156459808349609375000000000
0.94479715824127197265625000000000
0.94770163297653198242187500000000
0.95061498880386352539062500000000
0.95353734493255615234375000000000
0.95646870136260986328125000000000
0.95940905809402465820312500000000
0.96235847473144531250000000000000
0.96531689167022705078125000000000
0.96828448772430419921875000000000
0.97126114368438720703125000000000
0.97424697875976562500000000000000
0.97724199295043945312500000000000
0.98024618625640869140625000000000
0.98325961828231811523437500000000
0.98628234863281250000000000000000
0.98931437730789184570312500000000
0.99235570430755615234375000000000
0.99540638923645019531250000000000
0.99846643209457397460937500000000
1.00153589248657226562500000000000
1.00461483001708984375000000000000
1.00770318508148193359375000000000
1.01080095767974853515625000000000
1.01390838623046875000000000000000
1.01702535152435302734375000000000
1.02015185356140136718750000000000
1.02328789234161376953125000000000
1.02643370628356933593750000000000
1.02958917617797851562500000000000
1.03275430202484130859375000000000
1.03592920303344726562500000000000
1.03911375999450683593750000000000
1.04230821132659912109375000000000
1.04551243782043457031250000000000
1.04872655868530273437500000000000
1.05195045471191406250000000000000
1.05518436431884765625000000000000
1.05842816829681396484375000000000
1.06168198585510253906250000000000
1.06494581699371337890625000000000
1.06821966171264648437500000000000
1.07150352001190185546875000000000
1.07479751110076904296875000000000
1.07810163497924804687500000000000
1.08141589164733886718750000000000
1.08474040031433105468750000000000
1.08807504177093505859375000000000
1.09141993522644042968750000000000
1.09477519989013671875000000000000
1.09814071655273437500000000000000
1.10151660442352294921875000000000
1.10490286350250244140625000000000
1.10829949378967285156250000000000
1.11170661449432373046875000000000
1.11512422561645507812500000000000
1.11855232715606689453125000000000
1.12199091911315917968750000000000
1.12544012069702148437500000000000
1.12889993190765380859375000000000
1.13237035274505615234375000000000
1.13585150241851806640625000000000
1.13934326171875000000000000000000
1.14284586906433105468750000000000
1.14635908603668212890625000000000
1.14988327026367187500000000000000
1.15341818332672119140625000000000
1.15696406364440917968750000000000
1.16052067279815673828125000000000
1.16408836841583251953125000000000
1.16766703128814697265625000000000
1.17125654220581054687500000000000
1.17485725879669189453125000000000
1.17846894264221191406250000000000
1.18209183216094970703125000000000
1.18572568893432617187500000000000
1.18937087059020996093750000000000
1.19302725791931152343750000000000
1.19669473171234130859375000000000
1.20037364959716796875000000000000
1.20406377315521240234375000000000
1.20776534080505371093750000000000
1.21147811412811279296875000000000
1.21520245075225830078125000000000
1.21893823146820068359375000000000
1.22268545627593994140625000000000
1.22644424438476562500000000000000
1.23021447658538818359375000000000
1.23399639129638671875000000000000
1.23778986930847167968750000000000
1.24159514904022216796875000000000
1.24541199207305908203125000000000
1.24924063682556152343750000000000
1.25308096408843994140625000000000
1.25693321228027343750000000000000
1.26079726219177246093750000000000
1.26467311382293701171875000000000
1.26856100559234619140625000000000
1.27246069908142089843750000000000
1.27637255191802978515625000000000
1.28029632568359375000000000000000
1.28423213958740234375000000000000
1.28818011283874511718750000000000
1.29214024543762207031250000000000
1.29611241817474365234375000000000
1.30009698867797851562500000000000
1.30409371852874755859375000000000
1.30810272693634033203125000000000
1.31212401390075683593750000000000
1.31615769863128662109375000000000
1.32020378112792968750000000000000
1.32426238059997558593750000000000
1.32833337783813476562500000000000
1.33241689205169677734375000000000
1.33651304244995117187500000000000
1.34062170982360839843750000000000
1.34474301338195800781250000000000
1.34887695312500000000000000000000
1.35302364826202392578125000000000
1.35718309879302978515625000000000
1.36135530471801757812500000000000
1.36554038524627685546875000000000
1.36973822116851806640625000000000
1.37394905090332031250000000000000
1.37817287445068359375000000000000
1.38240957260131835937500000000000
1.38665938377380371093750000000000
1.39092218875885009765625000000000
1.39519810676574707031250000000000
1.39948725700378417968750000000000
1.40378952026367187500000000000000
1.40810501575469970703125000000000
1.41243374347686767578125000000000
1.41677582263946533203125000000000
1.42113125324249267578125000000000
1.42550003528594970703125000000000
1.42988228797912597656250000000000
1.43427801132202148437500000000000
1.43868720531463623046875000000000
1.44310998916625976562500000000000
1.44754636287689208984375000000000
1.45199632644653320312500000000000
1.45645999908447265625000000000000
1.46093750000000000000000000000000
1.46542859077453613281250000000000
1.46993362903594970703125000000000
1.47445249557495117187500000000000
1.47898519039154052734375000000000
1.48353183269500732421875000000000
1.48809254169464111328125000000000
1.49266719818115234375000000000000
1.49725592136383056640625000000000
1.50185871124267578125000000000000
1.50647568702697753906250000000000
1.51110684871673583984375000000000
1.51575219631195068359375000000000
1.52041196823120117187500000000000
1.52508592605590820312500000000000
1.52977430820465087890625000000000
1.53447711467742919921875000000000
1.53919434547424316406250000000000
1.54392611980438232421875000000000
1.54867243766784667968750000000000
1.55343329906463623046875000000000
1.55820882320404052734375000000000
1.56299912929534912109375000000000
1.56780397891998291015625000000000
1.57262372970581054687500000000000
1.57745826244354248046875000000000
1.58230757713317871093750000000000
1.58717191219329833984375000000000
1.59205114841461181640625000000000
1.59694540500640869140625000000000
1.60185468196868896484375000000000
1.60677909851074218750000000000000
1.61171865463256835937500000000000
1.61667335033416748046875000000000
1.62164318561553955078125000000000
1.62662851810455322265625000000000
1.63162899017333984375000000000000
1.63664495944976806640625000000000
1.64167630672454833984375000000000
1.64672303199768066406250000000000
1.65178537368774414062500000000000
1.65686321258544921875000000000000
1.66195678710937500000000000000000
1.66706585884094238281250000000000
1.67219078540802001953125000000000
1.67733132839202880859375000000000
1.68248772621154785156250000000000
1.68765997886657714843750000000000
1.69284820556640625000000000000000
1.69805228710174560546875000000000
1.70327246189117431640625000000000
1.70850861072540283203125000000000
1.71376085281372070312500000000000
1.71902918815612792968750000000000
1.72431385517120361328125000000000
1.72961461544036865234375000000000
1.73493182659149169921875000000000
1.74026525020599365234375000000000
1.74561512470245361328125000000000
1.75098145008087158203125000000000
1.75636434555053710937500000000000
1.76176369190216064453125000000000
1.76717972755432128906250000000000
1.77261233329772949218750000000000
1.77806162834167480468750000000000
1.78352773189544677734375000000000
1.78901052474975585937500000000000
1.79451036453247070312500000000000
1.80002689361572265625000000000000
1.80556058883666992187500000000000
1.81111121177673339843750000000000
1.81667888164520263671875000000000
1.82226359844207763671875000000000
1.82786560058593750000000000000000
1.83348476886749267578125000000000
1.83912122249603271484375000000000
1.84477496147155761718750000000000
1.85044610500335693359375000000000
1.85613477230072021484375000000000
1.86184084415435791015625000000000
1.86756443977355957031250000000000
1.87330567836761474609375000000000
1.87906455993652343750000000000000
1.88484108448028564453125000000000
1.89063549041748046875000000000000
1.89644765853881835937500000000000
1.90227758884429931640625000000000
1.90812551975250244140625000000000
1.91399145126342773437500000000000
1.91987538337707519531250000000000
1.92577743530273437500000000000000
1.93169760704040527343750000000000
1.93763601779937744140625000000000
1.94359266757965087890625000000000
1.94956755638122558593750000000000
1.95556092262268066406250000000000
1.96157264709472656250000000000000
1.96760284900665283203125000000000
1.97365164756774902343750000000000
1.97971904277801513671875000000000
1.98580503463745117187500000000000
1.99190974235534667968750000000000
1.99803316593170166015625000000000
2.00417542457580566406250000000000
2.01033663749694824218750000000000
2.01651692390441894531250000000000
2.02271604537963867187500000000000
2.02893400192260742187500000000000
2.03517150878906250000000000000000
2.04142785072326660156250000000000
2.04770350456237792968750000000000
2.05399870872497558593750000000000
2.06031298637390136718750000000000
2.06664681434631347656250000000000
2.07299995422363281250000000000000
2.07937264442443847656250000000000
2.08576512336730957031250000000000
2.09217715263366699218750000000000
2.09860873222351074218750000000000
2.10506033897399902343750000000000
2.11153173446655273437500000000000
2.11802291870117187500000000000000
2.12453413009643554687500000000000
2.13106513023376464843750000000000
2.13761639595031738281250000000000
2.14418792724609375000000000000000
2.15077948570251464843750000000000
2.15739130973815917968750000000000
2.16402363777160644531250000000000
2.17067623138427734375000000000000
2.17734932899475097656250000000000
2.18404269218444824218750000000000
2.19075679779052734375000000000000
2.19749164581298828125000000000000
2.20424723625183105468750000000000
2.21102333068847656250000000000000
2.21782040596008300781250000000000
2.22463846206665039062500000000000
2.23147726058959960937500000000000
2.23833727836608886718750000000000
2.24521827697753906250000000000000
2.25212049484252929687500000000000
2.25904393196105957031250000000000
2.26598858833312988281250000000000
2.27295470237731933593750000000000
2.27994227409362792968750000000000
2.28695106506347656250000000000000
2.29398155212402343750000000000000
2.30103373527526855468750000000000
2.30810761451721191406250000000000
2.31520295143127441406250000000000
2.32232046127319335937500000000000
2.32945966720581054687500000000000
2.33662080764770507812500000000000
2.34380388259887695312500000000000
2.35100913047790527343750000000000
2.35823655128479003906250000000000
2.36548638343811035156250000000000
2.37275815010070800781250000000000
2.38005256652832031250000000000000
2.38736915588378906250000000000000
2.39470839500427246093750000000000
2.40207004547119140625000000000000
2.40945458412170410156250000000000
2.41686153411865234375000000000000
2.42429137229919433593750000000000
2.43174409866333007812500000000000
2.43921971321105957031250000000000
2.44671845436096191406250000000000
2.45424008369445800781250000000000
2.46178483963012695312500000000000
2.46935272216796875000000000000000
2.47694396972656250000000000000000
2.48455858230590820312500000000000
2.49219655990600585937500000000000
2.49985790252685546875000000000000
2.50754284858703613281250000000000
2.51525163650512695312500000000000
2.52298378944396972656250000000000
2.53074002265930175781250000000000
2.53851985931396484375000000000000
2.54632377624511718750000000000000
2.55415153503417968750000000000000
2.56200361251831054687500000000000
2.56987953186035156250000000000000
2.57777976989746093750000000000000
2.58570432662963867187500000000000
2.59365320205688476562500000000000
2.60162663459777832031250000000000
2.60962438583374023437500000000000
2.61764693260192871093750000000000
2.62569403648376464843750000000000
2.63376593589782714843750000000000
2.64186263084411621093750000000000
2.64998412132263183593750000000000
2.65813064575195312500000000000000
2.66630220413208007812500000000000
2.67449879646301269531250000000000
2.68272066116333007812500000000000
2.69096779823303222656250000000000
2.69924044609069824218750000000000
2.70753836631774902343750000000000
2.71586179733276367187500000000000
2.72421073913574218750000000000000
2.73258566856384277343750000000000
2.74098610877990722656250000000000
2.74941205978393554687500000000000
2.75786447525024414062500000000000
2.76634287834167480468750000000000
2.77484679222106933593750000000000
2.78337693214416503906250000000000
2.79193377494812011718750000000000
2.80051684379577636718750000000000
2.80912590026855468750000000000000
2.81776165962219238281250000000000
2.82642412185668945312500000000000
2.83511304855346679687500000000000
2.84382867813110351562500000000000
2.85257077217102050781250000000000
2.86134028434753417968750000000000
2.87013673782348632812500000000000
2.87895989418029785156250000000000
2.88781023025512695312500000000000
2.89668798446655273437500000000000
2.90559315681457519531250000000000
2.91452527046203613281250000000000
2.92348480224609375000000000000000
2.93247222900390625000000000000000
2.94148731231689453125000000000000
2.95052981376647949218750000000000
2.95960021018981933593750000000000
2.96869850158691406250000000000000
2.97782516479492187500000000000000
2.98697924613952636718750000000000
2.99616169929504394531250000000000
3.00537252426147460937500000000000
3.01461172103881835937500000000000
3.02387905120849609375000000000000
3.03317475318908691406250000000000
3.04249954223632812500000000000000
3.05185270309448242187500000000000
3.06123447418212890625000000000000
3.07064509391784667968750000000000
3.08008503913879394531250000000000
3.08955383300781250000000000000000
3.09905147552490234375000000000000
3.10857844352722167968750000000000
3.11813497543334960937500000000000
3.12772083282470703125000000000000
3.13733577728271484375000000000000
3.14698028564453125000000000000000
3.15665483474731445312500000000000
3.16635918617248535156250000000000
3.17609286308288574218750000000000
3.18585658073425292968750000000000
3.19565081596374511718750000000000
3.20547485351562500000000000000000
3.21532893180847167968750000000000
3.22521328926086425781250000000000
3.23512816429138183593750000000000
3.24507379531860351562500000000000
3.25504946708679199218750000000000
3.26505589485168457031250000000000
3.27509355545043945312500000000000
3.28516197204589843750000000000000
3.29526090621948242187500000000000
3.30539083480834960937500000000000
3.31555247306823730468750000000000
3.32574510574340820312500000000000
3.33596897125244140625000000000000
3.34622406959533691406250000000000
3.35651111602783203125000000000000
3.36682987213134765625000000000000
3.37717986106872558593750000000000
3.38756179809570312500000000000000
3.39797592163085937500000000000000
3.40842199325561523437500000000000
3.41890001296997070312500000000000
3.42940998077392578125000000000000
3.43995285034179687500000000000000
3.45052814483642578125000000000000
3.46113538742065429687500000000000
3.47177529335021972656250000000000
3.48244833946228027343750000000000
3.49315428733825683593750000000000
3.50389266014099121093750000000000
3.51466393470764160156250000000000
3.52546882629394531250000000000000
3.53630709648132324218750000000000
3.54717803001403808593750000000000
3.55808258056640625000000000000000
3.56902098655700683593750000000000
3.57999300956726074218750000000000
3.59099817276000976562500000000000
3.60203742980957031250000000000000
3.61311078071594238281250000000000
3.62421846389770507812500000000000
3.63535976409912109375000000000000
3.64653515815734863281250000000000
3.65774559974670410156250000000000
3.66899037361145019531250000000000
3.68026924133300781250000000000000
3.69158267974853515625000000000000
3.70293164253234863281250000000000
3.71431517601013183593750000000000
3.72573351860046386718750000000000
3.73718690872192382812500000000000
3.74867582321166992187500000000000
3.76020026206970214843750000000000
3.77175951004028320312500000000000
3.78335428237915039062500000000000
3.79498529434204101562500000000000
3.80665183067321777343750000000000
3.81835389137268066406250000000000
3.83009195327758789062500000000000
3.84186673164367675781250000000000
3.85367751121520996093750000000000
3.86552405357360839843750000000000
3.87740707397460937500000000000000
3.88932728767395019531250000000000
3.90128397941589355468750000000000
3.91327691078186035156250000000000
3.92530679702758789062500000000000
3.93737411499023437500000000000000
3.94947862625122070312500000000000
3.96161961555480957031250000000000
3.97379827499389648437500000000000
3.98601460456848144531250000000000
3.99826860427856445312500000000000
4.01055955886840820312500000000000
4.02288866043090820312500000000000
4.03525590896606445312500000000000
4.04766130447387695312500000000000
4.06010437011718750000000000000000
4.07258558273315429687500000000000
4.08510541915893554687500000000000
4.09766387939453125000000000000000
4.11026096343994140625000000000000
4.12289619445800781250000000000000
4.13557100296020507812500000000000
4.14828491210937500000000000000000
4.16103696823120117187500000000000
4.17382860183715820312500000000000
4.18665981292724609375000000000000
4.19953060150146484375000000000000
4.21244049072265625000000000000000
4.22538995742797851562500000000000
4.23837995529174804687500000000000
4.25140953063964843750000000000000
4.26447916030883789062500000000000
4.27758836746215820312500000000000
4.29073858261108398437500000000000
4.30392932891845703125000000000000
4.31716012954711914062500000000000
4.33043193817138671875000000000000
4.34374427795410156250000000000000
4.35709810256958007812500000000000
4.37049245834350585937500000000000
4.38392782211303710937500000000000
4.39740514755249023437500000000000
4.41092395782470703125000000000000
4.42448329925537109375000000000000
4.43808460235595703125000000000000
4.45172834396362304687500000000000
4.46541404724121093750000000000000
4.47914123535156250000000000000000
4.49291086196899414062500000000000
4.50672292709350585937500000000000
4.52057790756225585937500000000000
4.53447437286376953125000000000000
4.54841423034667968750000000000000
4.56239700317382812500000000000000
4.57642269134521484375000000000000
4.59049129486083984375000000000000
4.60460281372070312500000000000000
4.61875867843627929687500000000000
4.63295793533325195312500000000000
4.64720010757446289062500000000000
4.66148614883422851562500000000000
4.67581653594970703125000000000000
4.69019126892089843750000000000000
4.70460939407348632812500000000000
4.71907186508178710937500000000000
4.73357915878295898437500000000000
4.74813175201416015625000000000000
4.76272773742675781250000000000000
4.77736902236938476562500000000000
4.79205560684204101562500000000000
4.80678749084472656250000000000000
4.82156419754028320312500000000000
4.83638620376586914062500000000000
4.85125446319580078125000000000000
4.86616849899291992187500000000000
4.88112783432006835937500000000000
4.89613294601440429687500000000000
4.91118478775024414062500000000000
4.92628288269042968750000000000000
4.94142675399780273437500000000000
4.95661735534667968750000000000000
4.97185516357421875000000000000000
4.98713970184326171875000000000000
5.00247097015380859375000000000000
5.01784896850585937500000000000000
5.03327512741088867187500000000000
5.04874849319458007812500000000000
5.06426906585693359375000000000000
5.07983684539794921875000000000000
5.09545373916625976562500000000000
5.11111831665039062500000000000000
5.12683057785034179687500000000000
5.14259099960327148437500000000000
5.15840053558349609375000000000000
5.17425870895385742187500000000000
5.19016504287719726562500000000000
5.20612001419067382812500000000000
5.22212505340576171875000000000000
5.23817873001098632812500000000000
5.25428152084350585937500000000000
5.27043390274047851562500000000000
5.28663635253906250000000000000000
5.30288887023925781250000000000000
5.31919050216674804687500000000000
5.33554220199584960937500000000000
5.35194492340087890625000000000000
5.36839818954467773437500000000000
5.38490152359008789062500000000000
5.40145540237426757812500000000000
5.41806030273437500000000000000000
5.43471670150756835937500000000000
5.45142364501953125000000000000000
5.46818208694458007812500000000000
5.48499250411987304687500000000000
5.50185489654541015625000000000000
5.51876831054687500000000000000000
5.53573369979858398437500000000000
5.55275154113769531250000000000000
5.56982231140136718750000000000000
5.58694458007812500000000000000000
5.60411930084228515625000000000000
5.62134790420532226562500000000000
5.63862895965576171875000000000000
5.65596294403076171875000000000000
5.67334985733032226562500000000000
5.69079113006591796875000000000000
5.70828580856323242187500000000000
5.72583389282226562500000000000000
5.74343585968017578125000000000000
5.76109266281127929687500000000000
5.77880334854125976562500000000000
5.79656791687011718750000000000000
5.81438732147216796875000000000000
5.83226203918457031250000000000000
5.85019207000732421875000000000000
5.86817598342895507812500000000000
5.88621568679809570312500000000000
5.90431118011474609375000000000000
5.92246246337890625000000000000000
5.94066905975341796875000000000000
5.95893096923828125000000000000000
5.97725009918212890625000000000000
5.99562597274780273437500000000000
6.01405715942382812500000000000000
6.03254508972167968750000000000000
6.05109024047851562500000000000000
6.06969308853149414062500000000000
6.08835172653198242187500000000000
6.10706806182861328125000000000000
6.12584257125854492187500000000000
6.14467477798461914062500000000000
6.16356420516967773437500000000000
6.18251180648803710937500000000000
6.20151853561401367187500000000000
6.22058343887329101562500000000000
6.23970603942871093750000000000000
6.25888776779174804687500000000000
6.27812910079956054687500000000000
6.29742956161499023437500000000000
6.31678867340087890625000000000000
6.33620691299438476562500000000000
6.35568618774414062500000000000000
6.37522506713867187500000000000000
6.39482307434082031250000000000000
6.41448163986206054687500000000000
6.43420124053955078125000000000000
6.45398139953613281250000000000000
6.47382164001464843750000000000000
6.49372291564941406250000000000000
6.51368618011474609375000000000000
6.53371095657348632812500000000000
6.55379629135131835937500000000000
6.57394313812255859375000000000000
6.59415340423583984375000000000000
6.61442518234252929687500000000000
6.63475894927978515625000000000000
6.65515470504760742187500000000000
6.67561435699462890625000000000000
6.69613647460937500000000000000000
6.71672153472900390625000000000000
6.73736953735351562500000000000000
6.75808143615722656250000000000000
6.77885770797729492187500000000000
6.79969644546508789062500000000000
6.82059955596923828125000000000000
6.84156751632690429687500000000000
6.86260032653808593750000000000000
6.88369655609130859375000000000000
6.90485811233520507812500000000000
6.92608499526977539062500000000000
6.94737768173217773437500000000000
6.96873474121093750000000000000000
6.99015760421752929687500000000000
7.01164674758911132812500000000000
7.03320217132568359375000000000000
7.05482292175292968750000000000000
7.07651042938232421875000000000000
7.09826517105102539062500000000000
7.12008714675903320312500000000000
7.14197492599487304687500000000000
7.16393041610717773437500000000000
7.18595409393310546875000000000000
7.20804500579833984375000000000000
7.23020362854003906250000000000000
7.25242996215820312500000000000000
7.27472591400146484375000000000000
7.29709005355834960937500000000000
7.31952190399169921875000000000000
7.34202289581298828125000000000000
7.36459445953369140625000000000000
7.38723468780517578125000000000000
7.40994405746459960937500000000000
7.43272304534912109375000000000000
7.45557212829589843750000000000000
7.47849321365356445312500000000000
7.50148296356201171875000000000000
7.52454328536987304687500000000000
7.54767656326293945312500000000000
7.57087898254394531250000000000000
7.59415245056152343750000000000000
7.61749792098999023437500000000000
7.64091491699218750000000000000000
7.66440582275390625000000000000000
7.68796730041503906250000000000000
7.71160078048706054687500000000000
7.73530912399291992187500000000000
7.75908851623535156250000000000000
7.78294086456298828125000000000000
7.80686616897583007812500000000000
7.83086538314819335937500000000000
7.85494041442871093750000000000000
7.87908744812011718750000000000000
7.90330839157104492187500000000000
7.92760610580444335937500000000000
7.95197677612304687500000000000000
7.97642183303833007812500000000000
8.00094223022460937500000000000000
8.02553844451904296875000000000000
8.05021190643310546875000000000000
8.07495880126953125000000000000000
8.09978199005126953125000000000000
8.12468338012695312500000000000000
8.14966011047363281250000000000000
8.17471313476562500000000000000000
8.19984340667724609375000000000000
8.22504997253417968750000000000000
8.25033664703369140625000000000000
8.27569961547851562500000000000000
8.30113983154296875000000000000000
8.32666015625000000000000000000000
8.35225772857666015625000000000000
8.37793350219726562500000000000000
8.40368843078613281250000000000000
8.42952251434326171875000000000000
8.45543766021728515625000000000000
8.48143100738525390625000000000000
8.50750350952148437500000000000000
8.53365898132324218750000000000000
8.55989170074462890625000000000000
8.58620643615722656250000000000000
8.61260128021240234375000000000000
8.63907718658447265625000000000000
8.66563701629638671875000000000000
8.69227600097656250000000000000000
8.71899700164794921875000000000000
8.74580192565917968750000000000000
8.77268791198730468750000000000000
8.79965591430664062500000000000000
8.82670783996582031250000000000000
8.85384178161621093750000000000000
8.88106155395507812500000000000000
8.90836334228515625000000000000000
8.93574810028076171875000000000000
8.96321964263916015625000000000000
8.99077415466308593750000000000000
9.01841259002685546875000000000000
9.04613590240478515625000000000000
9.07394504547119140625000000000000
9.10184192657470703125000000000000
9.12982177734375000000000000000000
9.15788841247558593750000000000000
9.18604278564453125000000000000000
9.21428108215332031250000000000000
9.24260711669921875000000000000000
9.27101993560791015625000000000000
9.29952049255371093750000000000000
9.32811069488525390625000000000000
9.35678577423095703125000000000000
9.38554954528808593750000000000000
9.41440486907958984375000000000000
9.44334506988525390625000000000000
9.47237491607666015625000000000000
9.50149440765380859375000000000000
9.53070354461669921875000000000000
9.56000423431396484375000000000000
9.58939266204833984375000000000000
9.61887168884277343750000000000000
9.64844322204589843750000000000000
9.67810344696044921875000000000000
9.70785522460937500000000000000000
9.73769855499267578125000000000000
9.76763343811035156250000000000000
9.79766273498535156250000000000000
9.82778167724609375000000000000000
9.85799312591552734375000000000000
9.88829994201660156250000000000000
9.91869831085205078125000000000000
9.94918918609619140625000000000000
9.97977447509765625000000000000000
10.01045322418212890625000000000000
10.04122924804687500000000000000000
10.07209682464599609375000000000000
10.10305976867675781250000000000000
10.13411998748779296875000000000000
10.16527366638183593750000000000000
10.19652271270751953125000000000000
10.22786808013916015625000000000000
10.25930976867675781250000000000000
10.29085063934326171875000000000000
10.32248592376708984375000000000000
10.35421848297119140625000000000000
10.38605117797851562500000000000000
10.41797828674316406250000000000000
10.45000457763671875000000000000000
10.48212909698486328125000000000000
10.51435279846191406250000000000000
10.54667758941650390625000000000000
10.57909965515136718750000000000000
10.61162090301513671875000000000000
10.64424419403076171875000000000000
10.67696571350097656250000000000000
10.70978832244873046875000000000000
10.74271106719970703125000000000000
10.77573585510253906250000000000000
10.80886459350585937500000000000000
10.84209156036376953125000000000000
10.87542152404785156250000000000000
10.90885639190673828125000000000000
10.94239139556884765625000000000000
10.97603034973144531250000000000000
11.00977134704589843750000000000000
11.04361724853515625000000000000000
11.07756900787353515625000000000000
11.11162281036376953125000000000000
11.14578151702880859375000000000000
11.18004703521728515625000000000000
11.21441555023193359375000000000000
11.24888992309570312500000000000000
11.28347110748291015625000000000000
11.31815719604492187500000000000000
11.35295391082763671875000000000000
11.38785362243652343750000000000000
11.42286109924316406250000000000000
11.45797920227050781250000000000000
11.49320220947265625000000000000000
11.52853393554687500000000000000000
11.56397438049316406250000000000000
11.59952259063720703125000000000000
11.63518428802490234375000000000000
11.67095184326171875000000000000000
11.70683002471923828125000000000000
11.74282073974609375000000000000000
11.77891921997070312500000000000000
11.81512928009033203125000000000000
11.85144996643066406250000000000000
11.88788318634033203125000000000000
11.92443084716796875000000000000000
11.96108818054199218750000000000000
11.99785709381103515625000000000000
12.03474330902099609375000000000000
12.07173919677734375000000000000000
12.10884952545166015625000000000000
12.14607334136962890625000000000000
12.18341159820556640625000000000000
12.22086811065673828125000000000000
12.25843620300292968750000000000000
12.29612064361572265625000000000000
12.33392238616943359375000000000000
12.37183856964111328125000000000000
12.40987110137939453125000000000000
12.44802093505859375000000000000000
12.48628711700439453125000000000000
12.52467441558837890625000000000000
12.56317710876464843750000000000000
12.60179710388183593750000000000000
12.64054012298583984375000000000000
12.67939853668212890625000000000000
12.71837615966796875000000000000000
12.75747394561767578125000000000000
12.79669189453125000000000000000000
12.83603382110595703125000000000000
12.87549304962158203125000000000000
12.91507434844970703125000000000000
12.95477962493896484375000000000000
12.99460411071777343750000000000000
13.03455066680908203125000000000000
13.07462024688720703125000000000000
13.11481380462646484375000000000000
13.15513324737548828125000000000000
13.19557380676269531250000000000000
13.23613834381103515625000000000000
13.27683067321777343750000000000000
13.31764507293701171875000000000000
13.35858535766601562500000000000000
13.39965152740478515625000000000000
13.44084358215332031250000000000000
13.48216533660888671875000000000000
13.52361106872558593750000000000000
13.56518363952636718750000000000000
13.60688781738281250000000000000000
13.64871692657470703125000000000000
13.69067478179931640625000000000000
13.73276233673095703125000000000000
13.77497768402099609375000000000000
13.81732749938964843750000000000000
13.85980319976806640625000000000000
13.90240955352783203125000000000000
13.94515037536621093750000000000000
13.98801994323730468750000000000000
14.03102016448974609375000000000000
14.07415390014648437500000000000000
14.11741924285888671875000000000000
14.16082096099853515625000000000000
14.20435333251953125000000000000000
14.24801921844482421875000000000000
14.29182243347167968750000000000000
14.33575725555419921875000000000000
14.37982654571533203125000000000000
14.42403221130371093750000000000000
14.46837329864501953125000000000000
14.51285457611083984375000000000000
14.55746841430664062500000000000000
14.60221958160400390625000000000000
14.64711189270019531250000000000000
14.69213962554931640625000000000000
14.73730468750000000000000000000000
14.78260898590087890625000000000000
14.82805252075195312500000000000000
14.87363910675048828125000000000000
14.91936206817626953125000000000000
14.96522617340087890625000000000000
15.01123428344726562500000000000000
15.05738067626953125000000000000000
15.10366916656494140625000000000000
15.15009975433349609375000000000000
15.19667243957519531250000000000000
15.24339199066162109375000000000000
15.29025268554687500000000000000000
15.33725643157958984375000000000000
15.38440895080566406250000000000000
15.43170166015625000000000000000000
15.47914123535156250000000000000000
15.52672576904296875000000000000000
15.57445621490478515625000000000000
15.62233829498291015625000000000000
15.67036247253417968750000000000000
15.71853542327880859375000000000000
15.76686000823974609375000000000000
15.81532859802246093750000000000000
15.86394691467285156250000000000000
15.91271495819091796875000000000000
15.96163177490234375000000000000000
16.01070404052734375000000000000000
16.05992317199707031250000000000000
16.10929298400878906250000000000000
16.15881919860839843750000000000000
16.20849227905273437500000000000000
16.25831985473632812500000000000000
16.30830001831054687500000000000000
16.35843276977539062500000000000000
16.40872383117675781250000000000000
16.45916748046875000000000000000000
16.50976371765136718750000000000000
16.56052207946777343750000000000000
16.61142921447753906250000000000000
16.66249465942382812500000000000000
16.71371841430664062500000000000000
16.76509857177734375000000000000000
16.81663894653320312500000000000000
16.86833572387695312500000000000000
16.92019081115722656250000000000000
16.97220993041992187500000000000000
17.02438545227050781250000000000000
17.07671928405761718750000000000000
17.12921524047851562500000000000000
17.18187332153320312500000000000000
17.23469543457031250000000000000000
17.28767776489257812500000000000000
17.34082221984863281250000000000000
17.39413261413574218750000000000000
17.44760513305664062500000000000000
17.50124168395996093750000000000000
17.55504226684570312500000000000000
17.60900878906250000000000000000000
17.66314506530761718750000000000000
17.71744346618652343750000000000000
17.77190780639648437500000000000000
17.82654571533203125000000000000000
17.88134574890136718750000000000000
17.93631553649902343750000000000000
17.99145317077636718750000000000000
18.04676246643066406250000000000000
18.10224342346191406250000000000000
18.15789222717285156250000000000000
18.21371269226074218750000000000000
18.26970672607421875000000000000000
18.32587051391601562500000000000000
18.38220596313476562500000000000000
18.43871498107910156250000000000000
18.49539756774902343750000000000000
18.55225944519042968750000000000000
18.60929107666015625000000000000000
18.66649818420410156250000000000000
18.72388648986816406250000000000000
18.78144454956054687500000000000000
18.83918190002441406250000000000000
18.89709472656250000000000000000000
18.95518684387207031250000000000000
19.01346206665039062500000000000000
19.07191276550292968750000000000000
19.13054084777832031250000000000000
19.18935585021972656250000000000000
19.24834632873535156250000000000000
19.30751800537109375000000000000000
19.36687088012695312500000000000000
19.42640686035156250000000000000000
19.48612976074218750000000000000000
19.54603385925292968750000000000000
19.60611915588378906250000000000000
19.66639709472656250000000000000000
19.72685241699218750000000000000000
19.78749465942382812500000000000000
19.84832382202148437500000000000000
19.90933990478515625000000000000000
19.97054862976074218750000000000000
20.03194046020507812500000000000000
20.09352111816406250000000000000000
20.15529632568359375000000000000000
20.21725654602050781250000000000000
20.27940559387207031250000000000000
20.34174728393554687500000000000000
20.40427970886230468750000000000000
20.46701049804687500000000000000000
20.52992820739746093750000000000000
20.59303855895996093750000000000000
20.65634918212890625000000000000000
20.71985054016113281250000000000000
20.78354454040527343750000000000000
20.84743690490722656250000000000000
20.91152381896972656250000000000000
20.97581291198730468750000000000000
21.04029464721679687500000000000000
21.10497474670410156250000000000000
21.16985893249511718750000000000000
21.23493766784667968750000000000000
21.30021667480468750000000000000000
21.36569595336914062500000000000000
21.43137741088867187500000000000000
21.49726486206054687500000000000000
21.56334877014160156250000000000000
21.62963867187500000000000000000000
21.69613456726074218750000000000000
21.76283073425292968750000000000000
21.82973289489746093750000000000000
21.89683914184570312500000000000000
21.96415328979492187500000000000000
22.03167915344238281250000000000000
22.09940719604492187500000000000000
22.16734313964843750000000000000000
22.23549270629882812500000000000000
22.30384826660156250000000000000000
22.37241172790527343750000000000000
22.44118881225585937500000000000000
22.51017570495605468750000000000000
22.57937812805175781250000000000000
22.64879035949707031250000000000000
22.71841621398925781250000000000000
22.78825950622558593750000000000000
22.85831451416015625000000000000000
22.92858314514160156250000000000000
22.99906730651855468750000000000000
23.06977081298828125000000000000000
23.14069557189941406250000000000000
