23.1879
23.1359
23.138
23.2041
23.8099
23.9458
22.9781
23.2842
23.7551
23.2491
24.122
22.4431
23.735
23.339
23.0091
23.654
23.478
24.291
23.6001
22.9909
23.129
23.231
23.6549
22.8729
23.9351
23.3049
23.3529
23.6259
23.145
23.566
23.056
23.272
22.8431
23.617
23.504
23.895
23.422
23.4969
23.2699
23.448
23.6449
23.402
23.4749
23.6399
23.319
24.029
23.8969
23.6411
22.9511
23.3309
23.243
23.8099
23.452
23.3631
23.875
24.286
23.6111
23.273
23.885
23.576
23.4289
23.129
23.4122
23.515
23.8299
24.0202
23.87
22.7869
23.4761
23.3788
23.149
23.6049
23.2742
23.9949
23.4749
23.2298
23.494
23.8221
23.1919
23.191
23.411
23.52
23.3049
23.3479
23.2129
23.319
23.402
23.067
23.556
23.349
23.3369
22.7921
23.4931
23.6111
23.35
23.392
23.1431
23.1411
23.1609
23.864
23.562
23.685
23.6151
23.5929
23.715
23.6268
23.093
23.6242
23.351
22.784
24.205
23.0441
24.158
23.8869
23.747
23.6301
22.7041
22.7249
23.0818
22.856
23.3591
23.5519
23.556
23.4542
23.3269
23.623
23.6421
23.216
23.5231
22.8548
23.308
23.5801
23.5779
23.1819
23.3119
23.7789
23.675
23.9558
23.6039
23.051
23.1791
23.2689
23.458
24.0738
23.097
23.448
23.8109
23.5229
23.782
22.7931
23.694
23.7949
23.3779
23.643
23.1371
23.8721
23.942
23.3779
23.242
23.3901
23.0699
22.809
23.1979
23.483
23.391
23.6142
23.71
24.2579
23.7141
23.2501
24.2641
23.3059
22.9909
23.6089
23.4051
23.859
23.737
23.241
24.4601
23.608
23.402
23.9599
23.0689
23.6859
23.4878
23.6912
24.051
23.6549
23.387
23.2
23.1819
23.8409
23.299
23.525
23.9751
23.9921
24.1861
23.0989
23.4461
22.8748
23.7441
23.16
23.694
23.397
22.8949
24.1339
23.5231
23.6499
23.0992
23.098
23.335
23.782
24.157
23.3841
23.3939
23.3419
23.9232
23.0961
23.5908
23.3512
23.422
23.5231
23.5171
23.3841
23.1891
23.515
23.1099
23.6762
23.2921
23.6199
23.8628
23.0229
23.6161
23.4599
24.1568
23.0272
23.5951
23.387
22.953
23.746
23.0329
23.237
23.526
23.603
23.8891
23.5898
23.5682
23.025
23.49
23.313
23.5541
23.4921
23.205
23.8991
23.438
23.7701
23.634
23.4931
22.845
23.3881
23.8011
23.1369
22.9909
22.985
23.9072
23.314
23.3059
23.9091
23.72
23.937
23.2852
22.922
24.334
23.7551
23.7291
23.2899
23.0181
23.7989
23.3572
22.8181
24.0922
23.0491
23.8369
23.5789
23.1581
23.3922
23.1509
23.2191
23.3021
24.087
23.0889
23.119
23.896
23.7031
23.2511
23.9272
23.5219
23.8092
23.7041
23.705
23.632
24.0719
23.7398
24.3702
23.453
23.726
23.5732
23.159
23.458
23.999
23.2141
23.3388
23.854
23.2759
23.411
23.5701
23.881
23.1969
23.9182
24.2372
23.531
23.6211
23.505
23.4392
23.4601
23.1311
23.4821
23.3681
23.525
23.7141
23.72
23.4251
23.499
23.6211
23.5708
23.7429
23.0749
23.5829
23.505
24.3349
22.943
23.3269
23.8411
23.186
23.87
23.407
24.03
23.8919
23.685
23.757
22.892
23.277
23.6349
23.067
23.5529
23.7129
23.6881
23.3729
23.5729
23.3452
23.36
23.49
22.933
23.0389
23.581
23.104
22.8338
23.247
23.983
23.845
23.283
23.114
23.977
24.029
23.715
23.0641
23.2971
23.4091
23.632
23.4668
23.6299
24.142
24.0428
23.675
23.7429
23.895
22.9352
23.4509
23.4692
23.5
23.9961
23.2811
24.1101
24.3449
23.3102
24.0619
23.8421
22.918
23.5889
23.617
23.6421
24.251
23.3631
23.4101
23.2408
23.273
23.4082
23.4778
23.7749
23.638
23.6008
23.432
23.531
23.7322
23.695
23.355
23.7739
23.0789
24.2169
23.1452
23.7629
23.066
23.0742
23.5901
23.6621
23.6812
24.0262
23.1149
23.459
23.5209
23.2301
23.627
24.0841
24.282
24.0231
23.576
23.9789
23.8509
23.1638
23.8142
23.881
22.9731
23.5901
23.746
22.9671
23.247
23.4189
23.478
23.576
23.3979
23.5841
23.401
23.232
23.4718
23.9191
23.3359
22.82
23.5319
24.195
23.782
23.454
23.452
23.4489
23.4392
23.109
23.0799
23.6549
23.1869
24.1859
23.834
23.5641
23.577
23.2739
22.6898
24.0569
23.829
23.134
23.551
23.8459
23.1938
23.4568
23.5639
23.9429
23.5052
23.643
23.0861
23.3519
23.6061
23.7401
23.9189
23.3209
23.6061
23.376
23.5829
24.3609
23.6988
23.917
23.4091
23.5641
23.7732
