13.8121
13.7949
13.7479
13.7
13.7239
13.7501
13.768
13.7761
13.7999
13.8109
13.814
13.7451
13.8011
13.7808
13.8259
13.7899
13.7548
13.824
13.7579
13.7761
13.756
13.813
13.7999
13.7739
13.783
13.777
13.7849
13.763
13.751
13.761
13.7801
13.7391
13.792
13.746
13.7939
13.7639
13.7949
13.7908
13.7908
13.711
13.7279
13.7968
13.773
13.747
13.756
13.7658
13.7501
13.783
13.804
13.787
13.763
13.7708
13.7889
13.8049
13.7939
13.7639
13.777
13.7811
13.792
13.788
13.7539
13.7842
13.835
13.7551
13.7961
13.763
13.7911
13.777
13.8171
13.7668
13.793
13.7691
13.7401
13.8068
13.7911
13.7639
13.7661
13.7882
13.762
13.793
13.7589
13.8118
13.746
13.777
13.7479
13.818
13.8021
13.798
13.7379
13.803
13.7651
13.7789
13.741
13.8102
13.7792
13.7951
13.752
13.7939
13.7582
13.792
13.7799
13.741
13.783
13.7708
13.757
13.768
13.7799
13.7141
13.7849
13.788
13.8061
13.7901
13.777
13.7379
13.792
13.788
13.7641
13.7401
13.768
13.7739
13.7429
13.7899
13.7699
13.7761
13.767
13.7889
13.7839
13.7639
13.8059
13.73
13.787
13.7858
13.7918
13.772
13.7632
13.767
13.7808
13.7649
13.7999
13.8049
13.761
13.793
13.7601
13.7758
13.792
13.797
13.747
13.7961
13.7138
13.73
13.7558
13.756
13.7851
13.7811
13.732
13.7641
13.8319
13.7701
13.7451
13.7351
13.7579
13.7172
13.798
13.7801
13.7448
13.7949
13.8161
13.7589
13.7789
13.7961
13.773
13.7949
13.809
13.7689
13.761
13.787
13.7999
13.7818
13.8018
13.783
13.787
13.8042
13.8011
13.8102
13.7999
13.7858
13.8071
13.6931
13.7751
13.7799
13.751
13.772
13.7479
13.8021
13.7758
13.8011
13.7191
13.7901
13.7291
13.7351
13.757
13.7639
13.7939
13.772
13.7999
13.7711
13.808
13.7911
13.773
13.797
13.8209
13.767
13.772
13.8018
13.8261
13.7858
13.8059
13.8121
13.7889
13.7658
13.7899
13.756
13.7711
13.7069
13.7968
13.8001
13.762
13.7949
13.7699
13.8061
13.7968
13.8042
13.787
13.787
13.8049
13.7541
13.756
13.7191
13.828
13.7579
13.792
13.788
13.797
13.8049
13.8221
13.845
13.742
13.768
13.803
13.824
13.7329
13.7699
13.7682
13.833
13.809
13.7861
13.7479
13.777
13.768
13.7739
13.7842
13.7942
13.7589
13.787
13.7489
13.747
13.809
13.767
13.7961
13.7522
13.772
13.809
13.7849
13.8309
13.7448
13.7451
13.7329
13.777
13.803
13.72
13.7949
13.8071
13.7839
13.6869
13.757
13.7799
13.7639
13.7799
13.747
13.7789
13.7949
13.8168
13.746
13.7348
13.7551
13.762
13.768
13.7751
13.7851
13.684
13.792
13.813
13.8159
13.824
13.737
13.7882
13.787
13.7429
13.809
13.793
13.7389
13.7589
13.752
13.741
13.763
13.741
13.814
13.7892
13.767
13.7701
13.8061
13.761
13.772
13.8071
13.7322
13.7699
13.7901
13.757
13.7999
13.7961
13.7639
13.7529
13.7339
13.809
13.7641
13.7661
13.7589
13.7801
13.818
13.782
13.8202
13.7661
13.7639
13.7639
13.7908
13.772
13.757
13.7992
13.787
13.7808
13.8059
13.721
13.7901
13.7479
13.7632
13.7908
13.7961
13.747
13.813
13.7529
13.799
13.8001
13.7749
13.7708
13.773
13.787
13.8302
13.788
13.7951
13.7601
13.762
13.7789
13.7918
13.7701
13.756
13.756
13.8509
13.7661
13.8071
13.788
13.757
13.7229
13.772
13.7801
13.7889
13.782
13.773
13.7861
13.7539
13.746
13.7951
13.7389
13.747
13.768
13.7959
13.7682
13.726
13.799
13.7851
13.7341
13.7799
13.7558
13.7799
13.7789
13.757
13.787
13.782
13.849
13.787
13.7959
13.8149
13.793
13.8009
13.7329
13.7811
13.6821
13.7811
13.8061
13.823
13.814
13.7889
13.778
13.736
13.756
13.7849
13.756
13.756
13.767
13.7761
13.8059
13.7579
13.7792
13.7529
13.797
13.7558
13.7579
13.7782
13.7548
13.7699
13.7529
13.772
13.808
13.7689
13.788
13.799
13.773
13.7398
13.768
13.809
13.7661
13.7761
13.833
13.797
13.813
13.854
13.7758
13.7968
13.732
13.7541
13.8001
13.798
13.751
13.813
13.787
13.8142
13.783
13.7429
13.773
13.7949
13.737
13.7579
13.798
13.7842
13.8221
13.7951
13.7758
13.761
13.751
13.772
13.803
13.7761
13.809
13.8071
13.7532
13.7129
13.819
13.7589
13.808
13.7701
13.763
13.7949
13.7551
13.8299
13.7949
13.7529
13.7689
13.797
13.7801
13.6921
13.7639
13.7651
13.8001
13.7591
13.7331
13.7589
13.782
13.7661
13.804
13.84
13.752
13.8092
13.803
13.792
13.7751
13.7541
13.7529
13.768
13.742
13.8042
13.778
13.788
13.7711
13.7541
13.787
13.7842
13.828
13.8021
13.818
13.8099
13.7529
13.7858
13.773
13.8361
13.772
13.773
13.6881
13.7892
13.736
13.7682
13.792
13.804
13.7911
13.756
13.783
13.798
13.762
13.778
13.7951
13.7529
13.6831
13.823
13.792
13.7582
13.8149
13.8049
13.8171
13.7641
13.829
13.7861
13.7839
13.7789
13.767
13.757
13.7589
13.7782
13.799
13.7691
13.8209
13.773
13.752
13.792
13.732
13.7558
13.7808
13.746
13.763
13.767
13.7582
13.803
13.845
13.8209
13.7491
13.8381
13.762
13.761
13.7711
13.7789
13.7751
13.747
13.7269
13.8011
13.788
13.7889
13.7889
13.7849
13.819
13.778
13.788
13.772
13.778
13.741
13.767
13.8202
13.788
13.808
13.8218
13.782
13.8221
13.782
13.756
13.756
13.7761
13.783
13.746
13.824
13.7661
13.7908
13.8052
13.7792
13.752
13.8102
13.7818
13.747
13.736
13.793
13.772
13.7699
13.8109
13.7451
13.7599
13.7911
13.7541
13.7839
13.7382
13.7391
13.7792
13.6931
13.8109
13.7739
13.7889
13.772
13.788
13.7711
13.7739
13.7641
13.8068
13.7839
13.752
13.706
13.8412
13.72
13.7949
13.7742
13.7742
13.7551
13.788
13.787
13.768
13.799
13.768
13.7832
13.7751
13.7422
13.756
13.8109
13.7162
13.819
13.793
13.7632
13.7551
13.7811
13.787
13.8261
13.7799
13.757
13.746
13.7739
13.8202
13.762
13.7429
13.7892
13.6509
13.7699
13.768
13.783
13.7579
13.788
13.7999
13.7949
13.7851
13.8011
13.787
13.7239
13.788
13.7351
13.7641
13.7892
13.813
13.777
13.7801
13.7479
13.7599
13.7911
13.7589
13.803
13.7639
13.7899
13.7901
13.7868
13.8149
13.742
13.7649
13.8149
13.761
13.8071
13.8319
13.8218
13.8021
13.7329
13.7711
13.7579
13.768
13.834
13.813
13.8309
13.7858
13.7889
13.7269
13.7961
13.8271
13.7699
13.757
13.783
13.804
13.736
13.799
13.725
13.7601
13.767
13.762
13.788
13.829
13.8011
13.7658
13.762
13.731
13.8059
13.792
13.797
13.6669
13.7799
13.778
13.7811
13.71
13.7439
13.751
13.8259
13.7858
13.8311
13.773
13.7811
13.792
13.7701
13.7651
13.7751
13.7811
13.7551
13.804
13.7641
13.8121
13.8049
13.803
13.777
13.7789
13.746
13.761
13.7699
13.7811
13.8011
13.8009
13.7441
13.7768
13.8302
13.737
13.7691
13.747
13.721
13.751
13.787
13.7479
13.7711
13.8021
13.777
13.8021
13.8011
13.777
13.8018
13.7582
13.7742
13.7219
13.792
13.8121
13.7579
13.767
13.7959
13.7968
13.8059
13.7639
13.7401
13.7889
13.736
13.772
13.8381
13.84
13.7739
13.773
13.761
13.778
13.782
13.7992
13.7658
13.778
13.8071
13.792
13.7808
13.6521
13.762
13.757
13.8049
13.8319
13.7229
13.7861
13.7691
13.8052
13.7661
13.7751
13.787
13.7382
13.797
13.763
13.798
13.773
13.7491
13.7689
13.7992
13.7749
13.788
13.7761
13.773
13.7961
13.768
13.7732
13.7851
13.7541
13.7899
13.741
13.8278
13.7751
13.7749
13.793
13.7579
13.7641
13.7811
13.787
13.7482
13.777
13.8209
13.768
13.783
13.8102
13.788
13.7939
13.772
13.783
13.8001
13.792
13.7391
13.8078
13.8102
13.8402
13.7551
13.762
13.7479
13.8118
13.7429
13.793
13.8061
13.767
13.742
13.689
13.7749
13.808
13.7591
13.7861
13.7591
13.7479
13.7939
13.787
13.7768
13.763
13.7701
13.788
13.8478
13.7179
13.787
13.7939
13.721
13.8009
13.7899
13.7761
13.8049
13.792
13.7651
13.752
13.7839
13.742
13.777
13.7851
13.7839
13.7608
13.7761
13.7851
13.778
13.7939
13.799
13.7889
13.7269
13.7918
13.7808
13.7908
13.7651
13.7599
13.768
13.7739
13.7699
13.792
13.7298
13.773
13.7868
13.803
13.7882
13.8021
13.7861
13.7501
13.7758
13.7532
13.8199
13.726
13.767
13.762
13.7839
13.6991
13.787
13.778
13.8142
13.7801
13.7608
13.715
13.726
13.767
13.808
13.7751
13.834
13.7911
13.8021
13.7351
13.783
13.752
13.7651
13.7839
13.792
13.706
13.8021
13.7649
13.763
13.814
13.808
13.7782
13.8049
13.7918
13.7479
13.798
13.788
13.8161
13.819
13.7739
13.839
13.788
13.799
13.778
13.7579
13.7908
13.767
13.7799
13.756
13.797
13.7639
13.793
13.7818
13.7949
