0.491142
0.28491
0.279903
0.280142
0.280142
0.27895
0.27895
0.277996
0.27585
0.259876
0.260115
0.259876
0.260115
0.260115
0.260115
0.260115
0.260115
0.260115
0.260115
0.260115
0.260115
0.261068
0.260115
0.261068
0.260115
0.260115
0.261068
0.260115
0.259876
0.261068
0.259876
0.261068
0.259876
0.259876
0.26083
0.260115
0.259876
0.261068
0.260115
0.259876
0.261068
0.259876
0.261068
0.259876
0.259876
0.259876
0.261068
0.259876
0.259876
0.26083
0.259876
0.259876
0.26083
0.259876
0.259876
0.26083
0.259876
0.259876
0.260115
0.259876
0.26083
0.272989
0.260115
0.259876
0.259876
0.259876
0.259876
0.259876
0.260115
0.260115
0.261068
0.260115
0.260115
0.260115
0.260115
0.261068
0.260115
0.260115
0.259876
0.259876
0.259876
0.259876
0.259876
0.260115
0.261068
0.259876
0.260115
0.260115
0.260115
0.260115
0.260115
0.260115
0.260115
0.262976
0.259876
0.259876
0.259876
0.259876
0.260115
0.261068
0.260115
0.260115
0.260115
0.261068
0.260115
0.260115
0.260115
0.260115
0.260115
0.260115
0.259876
0.261068
0.259876
0.259876
0.259876
0.259876
0.259876
0.260115
0.260115
0.260115
0.260115
0.260115
0.261068
0.260115
0.260115
0.261068
0.260115
0.262022
0.261068
0.262022
0.262022
0.259876
0.259876
0.259876
0.26083
0.259876
0.264168
0.260115
0.260115
0.261068
0.260115
0.261068
0.260115
0.259876
0.259876
0.259876
0.259876
0.259876
0.26083
0.259876
0.259876
0.26083
0.259876
0.259876
0.259876
0.261068
0.259876
0.260115
0.260115
0.261068
0.260115
0.261068
0.260115
0.260115
0.261068
0.260115
0.260115
0.261068
0.260115
0.260115
0.261068
0.260115
0.260115
0.262022
0.260115
0.260115
0.261068
0.260115
0.260115
0.261068
0.260115
0.259876
0.259876
0.26083
0.259876
0.259876
0.259876
0.26083
0.259876
0.26083
0.259876
0.259876
0.259876
0.260115
0.261068
0.260115
0.260115
0.260115
0.260115
0.260115
0.260115
0.260115
0.261068
0.260115
0.260115
0.259876
0.260115
0.259876
0.259876
0.259876
0.259876
0.259876
0.260115
0.260115
0.260115
0.260115
0.260115
0.261068
0.260115
0.260115
0.259876
0.259876
0.259876
0.259876
0.259876
0.259876
0.259876
0.260115
0.260115
0.260115
0.260115
0.261068
0.260115
0.260115
0.260115
0.259876
0.259876
0.259876
0.259876
0.259876
0.260115
0.260115
0.260115
0.260115
0.260115
0.259876
0.259876
0.26083
0.259876
0.259876
0.259876
0.259876
0.259876
0.260115
0.260115
0.261068
0.261784
0.262022
0.262022
0.260115
0.260115
0.261068
0.260115
0.260115
0.261068
0.260115
0.261068
0.260115
0.261068
0.261068
0.259876
0.260115
0.260115
0.261068
0.260115
0.260115
0.261068
0.260115
0.260115
0.261068
0.260115
0.260115
0.261068
0.260115
0.260115
0.261068
0.260115
0.261068
0.260115
0.261068
0.260115
0.260115
0.261068
0.260115
0.260115
0.261068
0.260115
0.260115
0.261068
0.260115
0.259876
0.260115
0.259876
0.261068
0.259876
0.260115
0.261068
0.260115
0.259876
0.259876
0.259876
0.26083
0.259876
0.259876
0.263929
0.260115
0.260115
0.261068
0.260115
0.260115
0.261068
0.260115
0.260115
0.259876
0.261068
0.260115
0.260115
0.259876
0.261068
0.259876
0.259876
0.259876
0.259876
0.259876
0.261068
0.259876
0.259876
0.260115
0.260115
0.261068
0.260115
0.260115
0.260115
0.260115
0.260115
0.260115
0.259876
0.259876
0.259876
0.259876
0.26083
0.26083
0.259876
0.259876
0.259876
0.259876
0.260115
0.259876
0.260115
0.260115
0.260115
0.260115
0.260115
0.260115
0.260115
0.260115
0.259876
0.259876
0.26083
0.259876
0.259876
0.259876
0.259876
0.260115
0.259876
0.259161
0.260115
0.260115
0.261068
0.260115
0.259876
0.259876
0.259876
0.259876
0.259876
0.259876
0.259876
0.259876
0.260115
0.26083
0.259876
0.259876
0.260115
0.261068
0.260115
0.260115
0.260115
0.261068
0.260115
0.260115
0.263929
0.260115
0.260115
0.260115
0.261068
0.260115
0.260115
0.260115
0.260115
0.259876
0.261068
0.260115
0.259876
0.259876
0.259876
0.26083
0.259876
0.259876
0.259876
0.260115
0.260115
0.260115
0.261068
0.261068
0.260115
0.261068
0.260115
0.260115
0.260115
0.260115
0.260115
0.259876
0.259876
0.26083
0.259876
0.259876
0.259876
0.259876
0.260115
0.260115
0.260115
0.260115
0.260115
0.260115
0.260115
0.260115
0.260115
0.261068
0.260115
0.260115
0.259876
0.259876
0.26083
0.259876
0.259876
0.259876
0.259876
0.260115
0.259876
0.260115
0.261068
0.260115
0.260115
0.260115
0.260115
0.260115
0.260115
0.261068
0.260115
0.259876
0.261068
0.259876
0.259876
0.259876
0.259876
0.259876
0.260115
0.261068
0.260115
0.260115
0.260115
0.260115
0.260115
0.260115
0.261068
0.260115
0.260115
0.260115
0.261068
0.260115
0.259876
0.259876
0.259876
0.259876
0.259876
0.259876
0.259876
0.26083
0.259876
0.259876
