20.9742
15.3391
15.2991
15.341
15.3151
15.326
15.3401
15.3098
15.3611
15.348
15.337
15.3198
15.336
15.3289
15.327
15.3279
15.3301
15.372
15.3749
15.291
15.3871
15.341
15.3491
15.3232
15.332
15.305
15.2962
15.3072
15.342
15.31
15.3379
15.29
15.3148
15.3
15.291
15.3289
15.3558
15.3461
15.2922
15.3332
15.3661
15.3661
15.3632
15.2311
15.305
15.332
15.3639
15.3379
15.2981
15.4622
15.419
15.2931
15.348
15.3332
15.3739
15.2838
15.322
15.3618
15.3019
15.326
15.31
15.3208
15.327
15.3701
15.3592
15.274
15.3372
15.311
15.3322
15.353
15.3069
15.341
15.3189
15.317
15.3811
15.3608
15.3379
15.3639
15.3022
15.321
15.2912
15.3251
15.311
15.286
15.3139
15.3279
15.3189
15.342
15.367
15.3179
15.3022
15.3689
15.3401
15.3601
15.31
15.3241
15.332
15.327
15.3461
15.362
15.3461
15.3451
15.3751
15.403
15.2988
15.3029
15.3279
15.2831
15.26
15.3129
15.3201
15.322
15.3379
15.2879
15.312
15.2571
15.3491
15.347
15.337
15.373
15.3351
15.363
15.2969
15.331
15.3391
15.3532
15.3191
15.3182
15.316
15.3151
15.373
15.398
15.3151
15.2981
15.265
15.3198
15.3201
15.3301
15.353
15.317
15.357
15.3201
15.3191
15.332
15.3029
15.3439
15.378
15.3091
15.218
15.3351
15.286
15.4099
15.3151
15.2988
15.3461
15.3601
15.3241
15.2829
15.296
15.4099
15.3461
15.3871
15.3098
15.3039
15.31
15.3689
15.265
15.3141
15.3098
15.3239
15.3351
15.3251
15.3432
15.4109
15.331
15.3241
15.2922
15.3401
15.317
15.3608
15.322
15.255
15.2991
15.3241
15.29
15.3799
15.352
15.301
15.3408
15.2981
15.3389
15.3799
15.2879
15.3329
15.326
15.352
15.3151
15.2638
15.2769
15.3589
15.3658
15.326
15.3449
15.352
15.3179
15.3081
15.3461
15.327
15.341
15.3251
15.311
15.27
15.286
15.3091
15.2981
15.3072
15.2841
15.341
15.2929
15.321
15.316
15.362
15.311
15.3642
15.3251
15.3279
15.3599
15.331
15.4011
15.2459
15.3549
15.362
15.2781
15.3961
15.378
15.3282
15.2731
15.2249
15.343
15.295
15.2712
15.337
15.2998
15.3489
15.301
15.4102
15.3179
15.3069
15.3379
15.3449
15.3558
15.2581
15.3811
15.388
15.3241
15.3241
15.3511
15.3689
15.3251
15.3868
15.3289
15.367
15.3201
15.3759
15.2729
15.347
15.3182
15.2969
15.3539
15.3279
15.3251
15.3389
15.3399
15.285
15.3291
15.3611
15.3651
15.3511
15.3098
15.2721
15.3129
15.2709
15.3561
15.3649
15.26
15.3611
15.3649
15.3019
15.316
15.3301
15.3461
15.347
15.409
15.342
15.3151
15.305
15.3399
15.3239
15.3239
15.281
15.3079
15.3248
15.3298
15.2919
15.3389
15.3599
15.3048
15.326
15.3351
15.2709
15.348
15.3298
15.3098
15.312
15.2969
15.352
15.3129
15.2979
15.3241
15.347
15.3449
15.2738
15.3019
15.4252
15.3232
15.276
15.3019
15.3542
15.312
15.305
15.3131
15.2612
15.2631
15.321
15.3449
15.3279
15.316
15.3511
15.362
15.311
15.3348
15.3151
15.3449
15.336
15.336
15.3289
15.3711
15.3542
15.3441
15.3131
15.295
15.3711
15.301
15.249
15.3451
15.3041
15.3308
15.3401
15.343
15.3899
15.342
15.3031
15.317
15.3129
15.3198
15.357
15.3701
15.3341
15.3751
15.409
15.2919
15.3661
15.3341
15.3441
15.322
15.312
15.3091
15.3282
15.25
15.2979
15.3599
15.3029
15.3069
15.2991
15.3558
15.311
15.305
15.3332
15.29
15.2969
15.332
15.403
15.3561
15.373
15.3198
15.2991
15.326
15.3241
15.3291
15.3081
15.343
15.3899
15.3699
15.3191
15.3341
15.2919
15.322
15.3182
15.3849
15.3539
15.269
15.317
15.3251
15.316
15.388
15.363
15.2838
15.3649
15.322
15.2881
15.3291
15.3232
15.3351
15.3329
15.4459
15.332
15.3232
15.3241
15.368
15.3511
15.332
15.3348
15.332
15.3811
15.342
15.2452
15.347
15.3658
15.3639
15.3689
15.2762
15.3279
15.3029
15.311
15.306
15.3239
15.259
15.2791
15.3508
15.3069
15.3739
15.3382
15.3191
15.3301
15.285
15.305
15.3201
15.3022
15.296
15.3689
15.2428
15.3191
15.2409
15.3508
15.3019
15.342
15.3489
15.2941
15.285
15.3089
15.3029
15.326
15.2869
15.3379
15.3561
15.3599
15.3639
15.255
15.274
15.3339
15.3191
15.3811
15.3439
15.3329
15.3942
15.3041
15.348
15.316
15.306
15.2919
15.3658
15.439
15.3301
15.3351
15.3079
15.269
15.336
15.316
15.3401
15.2929
15.2378
15.3298
15.332
15.3072
15.2791
15.362
15.2829
15.2481
15.3131
15.353
15.336
15.305
15.306
15.3379
15.3048
15.2659
15.3329
15.4119
15.2969
15.3759
15.372
15.3129
15.384
15.388
15.3501
15.3489
15.321
15.327
15.327
15.357
15.3289
15.3389
15.332
15.31
15.3739
15.3491
15.3811
15.413
15.3041
15.312
15.348
15.276
15.2912
15.3
15.347
15.2819
15.3019
15.3191
15.3291
15.331
15.2659
15.3449
15.317
15.3601
15.3151
15.357
15.3561
15.358
15.3191
15.363
15.3601
15.2991
15.3689
15.285
15.3568
15.312
15.2619
15.2988
15.317
15.28
15.3759
15.2969
15.295
15.312
15.295
15.358
15.3661
15.3699
15.352
15.2669
15.3131
15.327
15.3549
15.2581
15.3701
15.326
15.3089
15.393
15.3639
15.347
15.3091
15.316
15.3258
15.3201
15.295
15.3551
15.3818
15.358
15.3081
15.3232
15.3329
15.3408
15.348
15.2879
15.3179
15.3239
15.3069
15.3291
15.3441
15.3031
15.332
15.2988
15.2619
15.3761
15.3272
15.3289
15.3191
15.316
15.29
15.3339
15.3329
15.3139
15.312
15.29
15.3451
15.331
15.3308
15.3389
15.2819
15.317
15.3251
15.2998
15.3289
15.281
15.2931
15.3642
15.2881
15.3589
15.357
15.3811
15.274
15.3511
15.2149
15.322
15.275
15.322
15.317
15.3539
15.3339
15.337
15.3329
15.3179
15.332
15.3391
15.347
15.393
15.249
15.3239
15.4021
15.327
15.311
15.296
15.3341
15.3041
15.3701
15.2841
15.3139
15.3739
15.3308
15.2879
15.3239
15.326
15.3151
15.3601
15.2922
15.286
15.363
15.332
15.3649
15.3599
15.2931
15.3069
15.3091
15.317
15.3532
15.2631
15.317
15.341
15.326
15.3351
15.3589
15.3031
15.4002
15.3141
15.2819
15.321
15.2841
15.3511
15.322
15.341
15.3332
15.3041
15.255
15.353
15.2879
15.3749
15.3301
15.264
15.3761
15.31
15.3172
15.311
15.3208
15.3339
15.3239
15.3041
15.3201
15.342
15.312
15.3232
15.29
15.316
15.2931
15.409
15.2738
15.291
15.2378
15.3248
15.306
15.3401
15.3282
15.2881
15.3191
15.3301
15.326
15.3041
15.3201
15.285
15.2519
15.306
15.3461
15.3201
15.2819
15.3668
15.3389
15.336
15.2931
15.3642
15.301
15.3508
15.3239
15.3141
15.2991
15.28
15.363
15.322
15.3139
15.2969
15.3322
15.326
15.321
15.3229
15.3439
15.368
15.312
15.3391
15.3131
15.326
15.2872
15.301
15.291
15.347
15.306
15.3182
15.3301
15.3341
15.3711
15.322
15.3511
15.2519
15.3599
15.3239
15.343
15.306
15.2919
15.3251
15.357
15.2929
15.3039
15.3229
15.4119
15.2829
15.343
15.3558
15.363
15.2941
15.3139
15.3189
15.3179
15.311
15.3081
15.342
15.3401
15.3201
15.2922
15.3391
15.2731
15.331
15.3751
15.3348
15.3949
15.3701
15.3501
15.3561
15.3668
15.2919
15.291
15.3191
15.2421
15.275
15.3201
15.343
15.332
15.3601
15.2771
15.3701
15.296
15.3131
15.3561
15.3561
15.3289
15.2979
15.4159
15.394
15.337
15.2941
15.3151
15.3382
15.3871
15.3131
15.2869
15.291
15.3501
15.3461
15.342
15.2571
15.2709
15.3749
15.3599
15.3039
15.388
15.3151
15.3279
15.295
15.311
15.327
15.296
15.2512
15.399
15.388
15.2872
15.331
15.2848
15.31
15.3279
15.2729
15.3599
15.2769
15.341
15.429
15.3091
15.2872
15.3041
15.398
15.2979
15.332
15.286
15.2628
15.3401
15.3301
15.2681
15.3129
15.2659
15.3
15.327
15.358
15.384
15.291
15.3601
15.414
15.311
15.3201
15.3031
15.326
15.3549
15.394
15.3289
15.3351
15.3582
15.332
15.327
15.269
15.3399
15.3749
15.352
15.2941
15.342
15.2941
15.3182
15.2581
15.3301
15.3482
15.229
15.2819
15.3
15.2988
15.274
15.327
15.321
15.3239
15.3408
15.2709
15.27
15.336
15.3139
15.3399
15.286
15.3158
15.3069
15.311
15.3182
15.342
15.413
15.3711
15.2731
15.363
15.311
15.347
15.332
15.3229
15.3539
15.3089
15.2929
15.29
15.31
15.3332
15.29
15.301
15.3408
15.3401
15.352
15.3048
15.331
15.3151
15.332
15.3232
15.342
15.3358
15.281
15.2829
15.326
15.363
15.3942
15.321
15.347
15.347
15.321
15.373
15.2941
15.3461
15.3098
15.305
15.312
15.3611
15.322
15.3599
15.3489
15.3558
15.2919
15.3649
15.3301
15.332
15.2729
15.358
15.3301
15.3649
15.3952
15.341
15.352
15.3251
15.3251
15.2922
15.3651
15.326
15.312
15.3489
15.3298
15.3549
15.3301
15.285
