38.8989
38.5501
38.5201
38.6102
38.5551
38.1761
37.674
37.9801
37.8821
37.6811
37.5872
38.0771
37.8861
37.9131
37.5581
37.8289
37.5869
37.358
37.791
37.7111
37.6441
37.755
38.157
37.8571
37.688
37.9059
37.8699
37.8008
37.735
37.7209
37.581
37.6651
37.5531
37.755
37.9591
37.4401
38.0442
38.4171
37.411
37.832
37.7622
37.874
37.7328
37.782
37.7989
37.652
38.1219
37.7719
37.5659
37.5788
37.5569
37.6079
37.601
37.5412
37.868
37.6599
37.9629
37.9589
38.1238
37.6489
37.848
37.7691
37.787
37.8861
38.0251
37.606
37.5209
37.6999
37.766
37.801
37.4701
38.2061
37.5121
37.601
37.6651
37.3621
38.095
38.043
37.6761
37.4751
37.421
38.132
37.6081
37.641
37.874
37.6151
37.5612
37.796
37.4389
37.4448
37.7629
37.8368
37.5571
38.034
37.4858
37.858
37.811
37.6248
37.6811
37.616
37.7882
37.5571
37.5941
37.6561
37.9369
37.8051
37.7989
37.467
38.0981
37.4501
37.8881
37.6639
37.4
37.5521
37.467
37.745
37.461
37.6439
37.6201
37.9269
37.231
37.6911
37.9109
37.529
37.848
38.1391
37.555
37.622
37.78
37.766
37.7369
37.3759
37.7939
37.7328
37.812
37.6389
37.5099
37.703
37.74
37.698
37.734
37.6539
37.7269
38.079
37.462
37.7231
37.585
38.0569
37.7569
37.704
38.0311
37.7262
37.3662
37.653
37.74
37.245
37.698
37.317
37.657
37.76
37.7579
37.858
37.3938
37.961
37.6072
37.9891
37.8699
37.8571
37.569
38.2679
38.075
37.8971
37.9739
37.94
37.7419
37.8571
37.519
37.303
38.0511
37.7002
37.7741
37.9741
37.6251
37.7471
37.6601
37.7212
37.8621
37.971
37.492
37.9291
37.6239
37.6668
37.8201
37.993
37.576
37.7212
37.6091
37.5361
37.977
37.961
37.688
37.6079
37.617
37.895
37.6179
37.7059
37.792
37.591
38.116
37.7052
37.7262
37.6711
37.8311
37.9691
37.7061
37.771
37.895
37.9491
37.7159
37.6081
37.848
38.0311
37.8492
37.684
37.7359
37.7469
37.699
37.683
37.7121
37.833
37.647
37.534
37.255
37.4811
37.5321
37.4472
37.9779
37.739
38.008
37.8129
37.6022
37.848
37.3881
37.7131
37.719
37.591
37.8201
37.852
37.796
37.9121
37.77
37.8499
37.617
37.739
37.405
37.6401
38.1231
37.7581
38.26
37.6909
37.95
37.5769
37.879
37.7481
37.622
37.7669
37.684
37.3931
37.7688
37.7719
37.8938
37.843
37.7781
37.698
37.9229
37.7629
37.8611
37.822
37.868
37.6711
37.75
37.93
37.4691
37.4429
37.744
37.7171
37.6501
37.698
37.9741
37.5059
37.7898
38.07
37.8928
37.6198
37.847
37.7569
37.926
37.3862
37.468
37.8859
37.5628
37.3149
37.662
37.8311
37.534
37.7409
37.9851
37.5199
37.9119
37.761
37.8051
37.6749
37.9992
37.7271
38.0292
38.013
38.012
37.6899
37.7071
37.631
37.4708
37.694
37.7021
37.73
37.642
37.6902
37.6792
37.6949
38.002
37.874
37.498
37.6031
37.8301
37.4162
37.5991
37.394
38.1489
38.0759
37.6441
37.8339
37.7481
37.569
37.4942
37.673
37.6749
37.802
37.8592
37.5919
37.7419
37.7738
37.873
37.6511
37.7159
37.9739
37.627
37.6332
37.7281
37.709
37.5531
37.586
37.704
37.7691
37.575
37.6351
37.519
38.048
37.5769
38.0528
38.197
37.883
37.8561
37.8132
37.5481
37.642
37.6649
37.4341
37.709
37.843
37.91
37.5309
37.3571
37.72
37.6329
37.6871
37.4711
37.7879
38.0499
37.8232
37.782
37.3571
37.8871
37.601
37.6859
37.8799
37.7011
37.9629
37.6072
37.6129
37.7641
37.921
37.7841
37.7901
37.6492
37.915
37.6339
37.756
38.1372
37.6852
37.5991
38.049
37.7779
37.5791
37.9679
37.8029
37.9879
37.8311
37.7491
37.992
37.7271
37.8301
38.0459
37.4639
37.735
37.6308
38.1601
38.0759
37.6229
37.8571
37.7769
37.6029
38.0268
37.782
37.7781
37.791
37.8571
37.6492
37.8671
37.5838
37.8821
37.8129
37.57
37.9231
37.3802
37.7381
37.4632
37.626
37.7789
37.395
37.9581
37.8151
37.7131
37.5369
37.7588
37.77
37.642
37.539
38.0201
37.806
37.4901
37.729
37.6511
37.6041
37.6391
37.7901
37.5571
37.7831
37.663
37.8568
37.816
37.8129
37.7171
37.8051
37.523
37.533
37.7619
37.6599
37.514
38.038
38.188
38.1939
37.678
37.3511
37.873
37.8039
37.4179
38.059
37.9179
37.931
37.5321
38.1298
37.6379
38.0092
37.746
37.6639
37.8852
37.8029
37.384
37.648
38.053
37.3299
37.94
38.0018
37.756
38.0309
37.8189
37.571
37.6899
37.477
37.739
37.6599
37.5869
38.537
37.4629
37.601
37.8401
37.5242
37.714
37.951
37.5252
38.126
37.885
37.93
37.8828
38.0199
37.5059
37.6029
37.5619
37.636
37.7212
37.533
38.008
37.8101
37.7841
37.6091
37.586
37.739
37.7121
37.724
37.9169
37.8211
37.8821
37.704
37.7991
37.899
37.847
37.6329
37.611
37.7328
38.018
37.76
37.7569
37.8408
37.73
37.9281
37.5419
37.4649
37.662
37.7631
37.832
37.966
37.339
37.4739
37.689
37.735
37.4441
37.9591
37.71
37.8928
37.8311
37.3631
37.5931
37.91
37.6461
37.689
37.765
37.6401
37.7541
37.7891
37.467
37.9341
37.5199
38.017
37.5061
37.4811
37.4472
37.5991
37.4792
37.5681
37.9221
37.519
37.7378
37.6329
37.771
37.652
37.642
37.499
37.7319
37.518
37.9779
37.595
37.771
37.8799
38.1138
37.5941
37.6949
37.4842
37.8909
37.8149
37.4901
37.904
37.565
37.5259
37.647
37.5431
37.8361
37.73
37.874
37.7541
37.6942
38.0239
37.8869
37.6608
37.905
37.9081
38.0368
37.6899
37.478
37.657
37.693
37.7491
37.5361
37.344
37.8211
38.054
37.586
37.4589
37.5988
37.7779
37.6749
37.8048
37.7059
37.621
38.0912
37.6711
37.5791
37.591
37.6341
37.9491
37.6279
37.4792
37.6
37.7579
37.6949
37.9019
37.7479
37.6561
38.054
38.0001
37.7691
37.6389
37.8249
37.442
38.193
37.9381
37.6799
37.554
37.895
37.601
37.4429
37.642
37.847
37.755
38.0211
37.6961
37.6511
37.739
38.054
38.003
37.746
37.59
37.7021
37.663
37.585
37.657
37.776
37.7059
37.9231
37.6639
37.406
37.9219
37.6909
37.7822
37.7321
37.7619
37.7629
37.7231
37.6511
37.909
37.4589
37.6241
37.672
37.585
37.823
37.863
37.6792
37.401
37.9319
37.6348
38.039
37.5922
37.8959
37.442
37.847
37.745
37.581
37.6031
37.77
37.622
37.6492
37.8091
37.7591
37.6801
37.595
37.7069
37.456
37.641
37.5731
37.8981
37.956
37.4742
37.704
37.678
38.017
37.616
37.8911
38.034
37.868
38.096
37.333
38.3029
37.823
37.838
37.6909
37.75
37.7021
37.6182
37.529
37.7939
38.064
37.5841
37.59
37.6379
37.641
37.9171
37.837
37.5051
37.9121
37.8351
37.6511
37.679
37.5092
38.0881
37.91
37.729
37.658
37.858
37.89
37.921
37.7271
38.008
37.9682
37.689
37.9269
38.2199
38.0809
37.8389
37.6399
37.6999
37.7831
37.859
37.7409
37.6379
38.1842
37.991
37.648
37.6561
37.7791
37.776
37.6241
37.668
37.9081
38.0011
37.7522
38.003
37.962
37.684
37.6132
37.9801
38.0311
37.7581
37.5111
37.581
37.8511
37.842
37.5218
37.883
37.679
37.4899
37.7579
37.6461
37.672
37.611
37.822
37.6129
37.7162
37.5922
37.549
37.7231
37.6461
37.544
37.7691
37.468
37.678
37.6921
37.5481
38.0778
37.6551
37.6401
37.2941
37.9291
37.674
37.5679
38.0449
37.349
37.694
37.833
37.7359
37.946
37.8549
37.729
37.4372
37.838
37.8571
37.755
37.7729
37.7238
37.8671
37.555
37.5919
37.7359
37.9589
37.447
37.8871
38.1091
37.7469
37.5571
37.591
37.9989
37.4889
37.7898
37.6101
37.5252
37.94
37.462
37.7669
37.545
37.807
37.5049
37.926
37.3759
37.822
37.529
37.797
37.8041
37.6589
37.8041
37.8509
37.642
37.4231
38.0261
37.7061
37.555
37.652
37.7932
37.7231
37.329
38.0471
37.678
37.612
37.8389
37.9272
37.8699
37.9689
37.8509
37.8759
37.6289
37.725
37.621
37.5531
37.714
37.8039
38.028
37.6961
37.7691
38.0769
37.7181
37.9331
37.7631
37.4038
37.817
37.6081
37.6091
37.848
37.6089
37.9748
37.591
37.746
37.585
37.6399
37.6749
37.8108
37.5569
37.708
37.7932
37.874
37.3499
37.4808
37.5559
37.6029
38.033
37.9491
38.1
37.652
37.7021
37.5011
37.8401
37.8311
37.7789
37.7259
37.8189
37.7228
37.791
37.6132
37.5869
37.9779
37.4031
37.5669
37.436
37.7681
37.441
37.8509
37.56
37.89
37.751
37.765
37.5459
37.349
37.6511
37.5071
37.631
37.667
37.4949
37.787
37.745
37.9989
37.8308
37.9519
37.8718
37.869
37.7679
37.5688
37.7491
37.843
37.344
38.074
37.885
37.622
38.121
37.78
37.4241
37.5891
38.1541
37.596
37.9841
37.9961
37.873
37.436
37.575
37.838
38.053
37.518
37.6139
37.859
37.7381
37.8139
37.935
38.1539
37.642
37.91
37.7541
