13.5341
13.4721
13.509
13.447
13.4201
13.4981
13.5431
13.514
13.4211
13.4962
13.407
13.5012
13.478
13.4621
13.515
13.485
13.469
13.4909
13.5078
13.428
13.51
13.514
13.5322
13.5059
13.4459
13.5179
13.4411
13.4871
13.4912
13.484
13.5121
13.4909
13.4799
13.4811
13.4881
13.4971
13.4821
13.454
13.479
13.4869
13.4449
13.4609
13.4299
13.4811
13.4881
13.5012
13.5491
13.4389
13.468
13.443
13.4711
13.4881
13.49
13.484
13.463
13.4628
13.4759
13.4881
13.4661
13.495
13.494
13.5069
13.4981
13.4809
13.5229
13.5212
13.495
13.4401
13.4921
13.4912
13.478
13.5219
13.515
13.51
13.5112
13.4799
13.484
13.473
13.478
13.5121
13.541
13.4511
13.485
13.4609
13.4509
13.4749
13.489
13.4869
13.4761
13.4861
13.474
13.4962
13.464
13.4659
13.4742
13.4959
13.499
13.5069
13.4909
13.4771
13.5121
13.5081
13.5059
13.5
13.499
13.4621
13.4959
13.4392
13.473
13.413
13.505
13.4799
13.525
13.478
13.499
13.478
13.504
13.5312
13.4559
13.4859
13.4659
13.5009
13.485
13.4459
13.4468
13.5
13.515
13.5438
13.5009
13.4332
13.5019
13.4559
13.489
13.4449
13.4768
13.5078
13.4959
13.515
13.4561
13.485
13.5109
13.514
13.4599
13.5012
13.5181
13.4971
13.51
13.4931
13.489
13.5319
13.5021
13.4611
13.3979
13.4468
13.5269
13.4499
13.4871
13.473
13.5229
13.5062
13.4521
13.5291
13.4521
13.4649
13.4709
13.494
13.4809
13.5009
13.5071
13.4799
13.5
13.5081
13.483
13.499
13.4339
13.514
13.51
13.4711
13.422
13.474
13.4399
13.4752
13.4699
13.4861
13.4962
13.4881
13.504
13.4959
13.5159
13.489
13.4971
13.4721
13.4642
13.494
13.5269
13.4568
13.5109
13.5071
13.515
13.4702
13.4978
13.4659
13.4678
13.504
13.4709
13.485
13.473
13.4821
13.5159
13.4201
13.5241
13.485
13.5009
13.5031
13.5059
13.5031
13.5
13.49
13.458
13.4988
13.53
13.5999
13.4718
13.5031
13.4761
13.51
13.4971
13.483
13.504
13.5159
13.4859
13.4981
13.4511
13.5131
13.5059
13.5128
13.4342
13.458
13.5081
13.5059
13.51
13.453
13.5119
13.4981
13.4978
13.495
13.514
13.4761
13.504
13.4921
13.473
13.5031
13.4852
13.485
13.515
13.4161
13.4921
13.4671
13.464
13.5279
13.473
13.515
13.495
13.4699
13.4821
13.526
13.4912
13.453
13.4811
13.494
13.443
13.4962
13.5
13.483
13.485
13.4881
13.5109
13.5162
13.4768
13.51
13.5031
13.483
13.4881
13.4981
13.4861
13.443
13.5071
13.4809
13.4771
13.4509
13.51
13.499
13.4699
13.4809
13.49
13.5281
13.4611
13.4969
13.4451
13.442
13.469
13.4299
13.483
13.4542
13.4461
13.489
13.4909
13.4909
13.4952
13.5078
13.4881
13.5
13.489
13.4079
13.525
13.4289
13.4869
13.4351
13.4861
13.5019
13.4358
13.4821
13.484
13.4859
13.4799
13.5031
13.4819
13.4599
13.5121
13.4821
13.499
13.4492
13.4919
13.4919
13.51
13.494
13.5009
13.5262
13.5009
13.4711
13.474
13.4561
13.5231
13.447
13.4771
13.5181
13.5059
13.4401
13.479
13.479
13.448
13.4571
13.483
13.4878
13.4928
13.4871
13.4661
13.468
13.4311
13.489
13.4718
13.4668
13.5119
13.474
13.4339
13.473
13.4442
13.4959
13.438
13.4919
13.5059
13.5031
13.514
13.4809
13.4811
13.4881
13.433
13.5281
13.454
13.4571
13.494
13.468
13.4711
13.4869
13.4969
13.495
13.494
13.5
13.5059
13.4609
13.4771
13.494
13.478
13.4511
13.52
13.4828
13.5319
13.4871
13.4711
13.5131
13.4549
13.515
13.4711
13.49
13.4749
13.478
13.4871
13.5128
13.4599
13.5181
13.4749
13.4671
13.474
13.4909
13.4881
13.5121
13.5171
13.458
13.4921
13.4909
13.442
13.4981
13.4771
13.4661
13.5159
13.4401
13.5
13.4768
13.4919
13.505
13.505
13.458
13.5019
13.4959
13.5131
13.4771
13.474
13.4201
13.4859
13.5009
13.4749
13.4909
13.4292
13.495
13.505
13.4881
13.4401
13.4971
13.474
13.473
13.4811
13.4959
13.5059
13.418
13.474
13.5059
13.4342
13.4871
13.4699
13.4971
13.4859
13.5019
13.509
13.433
13.453
13.4821
13.495
13.505
13.5121
13.479
13.4742
13.505
13.4871
13.5181
13.468
13.483
13.4981
13.5119
13.5179
13.4981
13.53
13.4969
13.4301
13.448
13.5171
13.4771
13.499
13.499
13.4611
13.4311
13.514
13.449
13.5128
13.4652
13.4759
13.4859
13.5012
13.473
13.4799
13.4549
13.449
13.509
13.469
13.495
13.4969
13.4552
13.499
13.454
13.4871
13.464
13.5269
13.4661
13.5071
13.5019
13.5119
13.4459
13.5078
13.4959
13.505
13.4671
13.447
13.49
13.49
13.5169
13.4702
13.49
13.4912
13.4561
13.474
13.489
13.474
13.4768
13.5138
13.5379
13.473
13.4618
13.5179
13.5128
13.4909
13.483
13.4799
13.474
13.5
13.483
13.4881
13.4919
13.4861
13.5279
13.473
13.4339
13.4301
13.473
13.4311
13.479
13.4802
13.454
13.4411
13.4659
13.5109
13.4759
13.4518
13.4869
13.5159
13.499
13.49
13.474
13.479
13.4709
13.4559
13.52
13.4921
13.483
13.509
13.464
13.4821
13.484
13.4799
13.4871
13.484
13.49
13.494
13.458
13.4978
13.5119
13.4702
13.5159
13.52
13.4919
13.4659
13.4869
13.4878
13.4881
13.4749
13.5081
13.474
13.4711
13.5121
13.478
13.5219
13.4611
13.4671
13.4971
13.4871
13.4749
13.5038
13.485
13.5159
13.474
13.504
13.4821
13.484
13.4561
13.5109
13.4809
13.5021
13.5181
13.5159
13.515
13.4978
13.5078
13.4919
13.4852
13.483
13.483
13.4952
13.4609
13.4649
13.4821
13.4761
13.448
13.5062
13.4809
13.5021
13.4771
13.5119
13.5009
13.515
13.4389
13.4761
13.468
13.504
13.463
13.494
13.4969
13.4931
13.5078
13.4501
13.4959
13.4919
13.4771
13.495
13.5102
13.4649
13.4969
13.4869
13.4308
13.4881
13.4981
13.4759
13.4518
13.4959
13.519
13.4861
13.4981
13.5021
13.4909
13.4981
13.495
13.4439
13.5
13.4759
13.442
13.4861
13.5031
13.489
13.5131
13.442
13.5081
13.4461
13.485
13.4161
13.4859
13.4871
13.4311
13.495
13.5031
13.433
13.478
13.5
13.4511
13.479
13.5021
13.4881
13.4881
13.4661
13.5109
13.4611
13.4411
13.4921
13.4799
13.5062
13.5159
13.483
13.4802
13.515
13.484
13.5169
13.4671
13.4811
13.484
13.4709
13.4969
13.474
13.4881
13.5009
13.4921
13.479
13.494
13.4559
13.4969
13.5171
13.4711
13.531
13.4461
13.468
13.4799
13.4659
13.5078
13.474
13.4599
13.5021
13.5069
13.4819
13.4602
13.485
13.5071
13.464
13.449
13.468
13.5169
13.5078
13.5279
13.5138
13.4859
13.4752
13.4931
13.51
13.4439
13.4869
13.4089
13.5131
13.5071
13.49
13.51
13.4761
13.485
13.4652
13.5219
13.4702
13.4611
13.5078
13.4568
13.4659
13.5002
13.5
13.4599
13.4988
13.469
13.458
13.4799
13.514
13.4859
13.525
13.483
13.4749
13.4962
13.4649
13.484
13.4921
13.392
13.5031
13.495
13.495
13.485
13.504
13.4621
13.4909
13.4988
13.495
13.4969
13.4289
13.489
13.4869
13.4752
13.438
13.4709
13.5009
13.4881
13.4971
13.4971
13.4339
13.4399
13.4931
13.478
13.483
13.464
13.49
13.5021
13.4749
13.499
13.4821
13.499
13.4349
13.4859
13.49
13.4308
13.4852
13.4399
13.495
13.428
13.4881
13.5131
13.4861
13.5
13.5059
13.5012
13.53
13.499
13.519
13.4721
13.515
13.52
13.4928
13.4978
13.427
13.4728
13.4709
13.515
13.468
13.469
13.5131
13.4859
13.4828
13.5
13.449
13.5128
13.4029
13.5
13.494
13.5038
13.5078
13.4158
13.458
13.5059
13.474
13.4809
13.5119
13.4971
13.448
13.509
13.5188
13.504
13.509
13.4909
13.4969
13.4661
13.448
13.4859
13.514
13.479
13.4599
13.489
13.4952
13.4759
13.4919
13.4749
13.454
13.4599
13.4931
13.437
13.473
13.5381
13.519
13.4668
13.4449
13.4852
13.4859
13.4819
13.495
13.4761
13.4981
13.474
13.453
13.4859
13.4821
13.4881
13.509
13.489
13.484
13.479
13.4399
13.4881
13.5081
13.4401
13.5109
13.4659
13.4461
13.4649
13.479
13.4869
13.51
13.4299
13.504
13.5229
13.5002
13.4671
13.483
13.49
13.4349
13.514
13.4621
13.5112
13.5019
13.4468
13.521
13.51
13.4361
13.4861
13.4299
13.525
13.5329
13.4349
13.4099
13.479
13.463
13.494
13.4759
13.4878
13.4928
13.5038
13.4768
13.5078
13.5088
13.4618
13.4799
13.483
13.5109
13.509
13.5119
13.438
13.4919
13.473
13.53
13.485
13.479
13.489
13.4439
13.509
13.5121
13.4649
13.4549
13.4799
13.4768
13.5038
13.4678
13.5119
13.4702
13.4959
13.5078
13.4988
13.4878
13.4909
13.4661
13.5291
13.478
13.515
13.5012
13.474
13.468
13.4971
13.437
13.5379
13.489
13.4921
13.4959
13.495
13.478
13.4971
13.483
13.5078
13.4971
13.4761
13.4859
13.5081
13.4721
13.4802
13.5291
13.5181
13.4521
13.469
