16.4971
16.084
16.0749
16.0742
16.067
16.0689
16.0501
16.0592
16.0658
16.0701
16.0711
16.0661
16.082
16.068
16.082
16.0799
16.083
16.072
16.0792
16.048
16.0711
16.0599
16.0549
16.0539
16.0749
16.0329
16.0549
16.072
16.0501
16.0561
16.0649
16.073
16.0601
16.0689
16.0561
16.084
16.0871
16.089
16.073
16.0618
16.083
16.057
16.0708
16.0601
16.0611
16.0611
16.077
16.0799
16.072
16.0639
16.0809
16.0692
16.0861
16.073
16.0582
16.0558
16.0761
16.0661
16.084
16.0642
16.0661
16.0539
16.047
16.052
16.0608
16.073
16.0699
16.0439
16.0718
16.0708
16.0739
16.0699
16.0789
16.0749
16.077
16.082
16.0871
16.0708
16.0429
16.0632
16.063
16.0449
16.0589
16.0849
16.0649
16.057
16.063
16.0999
16.0692
16.0561
16.073
16.0611
16.058
16.0739
16.0801
16.0799
16.083
16.072
16.1071
16.0561
16.0611
16.0658
16.0611
16.0549
16.089
16.063
16.068
16.053
16.0878
16.0611
15.9199
16.0999
16.073
16.057
16.0661
16.0718
16.0661
16.0611
16.0918
16.0661
16.063
16.0761
16.0449
16.0749
16.077
16.072
16.0501
16.088
16.0711
16.0639
16.0542
16.0921
16.0849
16.067
16.0749
16.0608
16.0699
16.0868
16.084
16.0549
16.0601
16.0491
16.1002
16.0842
16.062
16.0851
16.0761
16.0708
16.0799
16.067
16.0708
16.077
16.0649
16.0711
16.0811
16.0718
16.083
16.0871
16.082
16.0639
16.063
16.083
16.062
16.0701
16.089
16.0661
16.083
16.0851
16.0692
16.0692
16.077
16.0658
16.0651
16.0742
16.0918
16.0818
16.0789
16.082
16.0789
16.094
16.0801
16.073
16.067
16.068
16.063
16.072
16.0711
16.0718
16.0692
16.0849
16.0549
16.0859
16.0549
16.062
16.067
16.067
16.047
16.072
16.063
16.0949
16.099
16.0792
16.0689
16.0639
16.0551
16.0739
16.0689
16.0501
16.068
16.0758
16.0651
16.057
16.0789
16.062
16.0482
16.082
16.067
16.0699
16.0851
16.072
16.0761
16.068
16.0601
16.063
16.0871
16.0749
16.0608
16.0651
16.0811
16.0909
16.058
16.0751
16.0549
16.073
16.0792
16.0789
16.0611
16.0458
16.047
16.062
16.063
16.078
16.0611
16.0551
16.0649
16.0632
16.0639
16.0701
16.0711
16.0649
16.068
16.089
16.063
16.0711
16.0758
16.0658
16.077
16.0911
16.068
16.0589
16.0849
16.0639
16.0589
16.0739
16.0511
16.0758
16.0429
16.1011
16.0689
16.077
16.0661
16.0499
16.073
16.0651
16.053
16.0849
16.0611
16.0921
16.068
16.0742
16.058
16.0639
16.0711
16.053
16.077
16.0608
16.077
16.1109
16.0699
16.0651
16.0761
16.0661
16.068
16.0601
16.063
16.068
16.083
16.073
16.0999
16.082
16.0589
16.0849
16.0549
16.0899
16.072
16.093
16.083
16.0739
16.0799
16.0611
16.072
16.083
16.0801
16.0692
16.0849
16.053
16.0708
16.0749
16.0909
16.0632
16.0661
16.041
16.072
16.046
16.0758
16.0699
16.0758
16.0711
16.084
16.0851
16.0801
16.0871
16.0921
16.0711
16.0799
16.0592
16.067
16.0699
16.067
16.0611
16.0661
16.052
16.0649
16.0639
16.0749
16.0871
16.0789
16.0761
16.0711
16.0749
16.082
16.083
16.0611
16.057
16.0799
16.0768
16.063
16.0749
16.094
16.063
16.0511
16.0651
16.0711
16.052
16.078
16.0592
16.088
16.0701
16.062
16.0799
16.0589
16.063
16.0818
16.0668
16.0551
16.073
16.0809
16.053
16.073
16.0561
16.048
16.073
16.0499
16.041
16.072
16.0708
16.072
16.089
16.0611
16.062
16.068
16.0501
16.0599
16.077
16.0968
16.0699
16.0651
16.073
16.0868
16.052
16.0682
16.0639
16.078
16.078
16.0632
16.0761
16.053
16.062
16.068
16.067
16.057
16.062
16.062
16.057
16.0789
16.0911
16.0902
16.0959
16.0761
16.083
16.084
16.0658
16.0789
16.0511
16.0611
16.0949
16.0921
16.053
16.0701
16.073
16.0449
16.0561
16.0639
16.0642
16.0949
16.0818
16.0561
16.0601
16.082
16.0749
16.0511
16.084
16.0501
16.0711
16.058
16.1068
16.072
16.0592
16.0549
16.058
16.0699
16.078
16.0539
16.0792
16.0689
16.0751
16.077
16.067
16.093
16.0551
16.0789
16.104
16.068
16.0508
16.0489
16.058
16.041
16.0851
16.0861
16.0701
16.0999
16.0611
16.0661
16.0689
16.0732
16.083
16.0542
16.083
16.0749
16.0589
16.0661
16.048
16.0639
16.0429
16.058
16.077
16.062
16.0799
16.0651
16.0701
16.078
16.0749
16.0699
16.0699
16.0589
16.0649
16.0792
16.062
16.0701
16.0809
