8.97002
7.72095
7.70712
7.71999
7.71689
7.72595
7.72095
7.70617
7.70497
7.71594
7.70617
7.71189
7.70998
7.70617
7.70688
7.71809
7.72405
7.69997
7.71618
7.70402
7.70998
7.71189
7.70497
7.70688
7.70092
7.71308
7.70211
7.69615
7.71689
7.72619
7.70998
7.71809
7.71403
7.71999
7.70903
7.70903
7.71308
7.70187
7.70402
7.71189
7.70688
7.71308
7.70593
7.73096
7.70593
7.70307
7.71785
7.71308
7.69186
7.71093
7.71618
7.72595
7.71189
7.71117
7.7219
7.69591
7.70903
7.69997
7.71999
7.70783
7.70783
7.71403
7.70092
7.70688
7.71403
7.70402
7.70712
7.70092
7.70998
7.71403
7.72095
7.70998
7.73001
7.7219
7.69997
7.70617
7.70998
7.70617
7.71809
7.71093
7.70807
7.69806
7.71093
7.70211
7.70378
7.70807
7.71308
7.70998
7.71618
7.72214
7.725
7.70593
7.69901
7.70092
7.72405
7.71093
7.70521
7.71713
7.725
7.725
7.689
7.69281
7.71308
7.70402
7.71499
7.70807
7.72095
7.71999
7.70617
7.71999
7.71499
7.70807
7.70998
7.70617
7.70712
7.71308
7.70998
7.71499
7.70497
7.70307
7.71499
7.69091
7.71904
7.70283
7.69591
7.70211
7.70593
7.70187
7.71093
7.69091
7.69305
7.70998
7.70307
7.71523
7.70712
7.72119
7.70998
7.71499
7.70807
7.71117
7.71117
7.71189
7.71213
7.71189
7.71213
7.71284
7.70497
7.70879
7.73096
7.70402
7.70688
7.70879
7.69997
7.70521
7.70593
7.70617
7.70903
7.71093
7.70903
7.71403
7.7219
7.71093
7.71189
7.71689
7.71308
7.70903
7.71499
7.71403
7.70307
7.70807
7.70521
7.70712
7.70307
7.71093
7.71093
7.71499
7.7002
7.71213
7.71499
7.70903
7.71594
7.70307
7.70211
7.71213
7.71213
7.73191
7.72405
7.70497
7.70593
7.70497
7.70497
7.71499
7.70998
7.70998
7.71093
7.71689
7.71785
7.71189
7.70712
7.70903
7.70807
7.71308
7.71284
7.70402
7.70593
7.72095
7.70092
7.70402
7.70712
7.71403
7.71499
7.69997
7.69091
7.69901
7.71284
7.71403
7.71713
7.71809
7.69997
7.70402
7.70998
7.70593
7.70807
7.70187
7.72095
7.71213
7.69711
7.70998
7.70211
7.72786
7.72905
7.70211
7.71499
7.70903
7.71904
7.70497
7.71499
7.70402
7.70092
7.70998
7.70593
7.70688
7.71093
7.70402
7.70617
7.70617
7.70593
7.69901
7.71403
7.70307
7.70807
7.71284
7.71093
7.70593
7.71499
7.71904
7.70688
7.70211
7.70712
7.69711
7.70116
7.69997
7.70903
7.72214
7.70617
7.71189
7.71093
7.70402
7.70998
7.70688
7.70211
7.70688
7.70521
7.71403
7.70879
7.69806
7.71189
7.71308
7.71499
7.69997
7.6921
7.70807
7.70092
7.71499
7.71809
7.70092
7.71403
7.72405
7.70903
7.70998
7.71618
7.70497
7.70617
7.70998
7.70211
7.71022
7.70903
7.71284
7.72119
7.72214
7.72095
7.72309
7.71093
7.71308
7.70307
7.71809
7.70807
7.70807
7.70593
7.70402
7.71689
7.71308
7.71093
7.70402
7.70617
7.71093
7.70187
7.70307
7.70688
7.71999
7.70807
7.69901
7.70187
7.71904
7.70998
7.71379
7.71308
7.70617
7.69997
7.71308
7.70688
7.71022
7.71713
7.71785
7.71403
7.71499
7.72405
7.69901
7.70283
7.71189
7.71403
7.70497
7.71117
7.71689
7.70497
7.70712
7.70402
7.71308
7.71689
7.71403
7.70783
7.71713
7.72119
7.71093
7.71499
7.70998
7.70998
7.70998
7.70116
7.69806
7.70307
7.71999
7.71713
7.71618
7.71499
7.70879
7.70998
7.71785
7.71284
7.70593
7.70593
7.70688
7.71213
7.70593
7.71308
7.70307
7.70807
7.71189
7.70903
7.71189
7.70903
7.71403
7.71713
7.70998
7.69997
7.71904
7.71189
7.69901
7.71809
7.7188
7.71403
7.70283
7.69591
7.70497
7.71594
7.70903
7.70807
7.71499
7.71904
7.7219
7.70998
7.71213
7.70521
7.7002
7.7188
7.70998
7.71308
7.70307
7.70116
7.71403
7.72905
7.71713
7.70116
7.70402
7.69615
7.6921
7.71117
7.70998
7.70617
7.71213
7.70998
7.70998
7.70903
7.7219
7.69591
7.71284
7.71618
7.71713
7.71308
7.70903
7.70497
7.70211
7.69186
7.71093
7.69997
7.71213
7.70807
7.71689
7.70688
7.71093
7.71403
7.70593
7.69687
7.71093
7.71594
7.70807
7.70402
7.71904
7.70903
7.71284
7.71284
7.70617
7.71308
7.72405
7.70783
7.69901
7.70617
7.71117
7.71117
7.72595
7.69901
7.71809
7.71189
7.71689
7.70497
7.69496
7.70307
7.70402
7.7219
7.70402
7.69997
7.70402
7.70521
7.70378
7.70617
7.70402
7.70998
7.70307
7.7219
7.70307
7.71904
7.70807
7.70903
7.71618
7.70998
7.70903
7.73001
7.69806
7.70521
7.72309
7.72285
7.69997
7.72119
7.71594
7.70402
7.71189
7.71999
7.70688
7.71809
7.70903
