10.7319
9.866
9.85312
9.84716
9.86004
9.85193
9.85193
9.86099
9.85694
9.86099
9.86791
9.85193
9.84812
9.84597
9.85003
9.8958
9.8598
9.85789
9.84907
9.84883
9.85003
9.84001
9.85599
9.86719
9.86195
9.86409
9.84597
9.84907
9.88102
9.86099
9.85098
9.85479
9.87101
9.86314
9.84406
9.86505
9.87506
9.86195
9.866
9.85384
9.86004
9.835
9.84192
9.85909
9.85217
9.84812
9.85217
9.85599
9.86695
9.92393
9.86004
9.86218
9.87816
9.84502
9.84716
9.85599
9.84907
9.85694
9.87911
9.85003
9.86505
9.85289
9.85003
9.86505
9.84693
9.83906
9.85885
9.84788
9.85193
9.85909
9.84216
9.85312
9.85909
9.85098
9.85384
9.85289
9.87196
9.84621
9.85098
9.85789
9.84311
9.89509
9.84621
9.85813
9.85217
9.85599
9.86099
9.8691
9.84621
9.85503
9.85813
9.87387
9.835
9.86099
9.86099
9.86791
9.86314
9.87005
9.85384
9.87887
9.84502
9.85003
9.85408
9.84907
9.85813
9.83381
9.84788
9.85503
9.85312
9.87387
9.84287
9.85885
9.84907
9.85503
9.85503
9.8629
9.85909
9.866
9.85003
9.85289
9.84287
9.84907
9.84311
9.87101
9.87601
9.85718
9.88412
9.8412
9.85193
9.84097
9.84883
9.85289
9.85193
9.85384
9.84383
9.85503
9.85503
9.88579
9.85384
9.84693
9.85003
9.84406
9.86409
9.85193
9.84597
9.85503
9.85503
9.85694
9.85217
9.87196
9.85408
9.85503
9.84287
9.85312
9.86695
9.88007
9.85599
9.84502
9.85885
9.87697
9.84216
9.8772
9.85312
9.85503
9.86409
9.84883
9.85098
9.85098
9.84788
9.84812
9.85098
9.87411
9.85885
9.84001
9.87911
9.85813
9.85122
9.84001
9.86814
9.85003
9.85003
9.86814
9.85909
9.86004
9.87601
9.86099
9.85193
9.87887
9.83906
9.85599
9.87005
9.86195
9.86505
9.84406
9.86505
9.8362
9.84883
9.84883
9.84788
9.84788
9.84192
9.84001
9.85885
9.86695
9.85193
9.85312
9.84502
9.87005
9.84693
9.86195
9.84001
9.86099
9.88507
9.84311
9.86314
9.84883
9.86099
9.86886
9.85408
9.84812
9.84311
9.84001
9.86195
9.84383
9.83
9.85408
9.84883
9.86695
9.86099
9.87005
9.84693
9.85789
9.85098
9.84383
9.86409
9.85789
9.85694
9.86505
9.8381
9.85503
9.86695
9.84907
9.84788
9.85813
9.85122
9.85503
9.85289
9.85599
9.84597
9.84979
9.88698
9.84788
9.85193
9.86695
9.88102
9.85003
9.85384
9.86195
9.87005
9.85909
9.84812
9.85289
9.84597
9.86695
9.8691
9.85503
9.85098
9.84502
9.86314
9.86695
9.84693
9.86314
9.89294
9.88197
9.86505
9.86409
9.85289
9.85789
9.8691
9.85813
9.84192
9.8381
9.84311
9.84812
9.84716
9.84716
9.85599
9.85098
9.84192
9.8629
9.89485
9.85003
9.86886
9.88197
9.8598
9.84693
9.85289
9.84097
9.85289
9.86409
9.86409
9.84907
9.84192
9.85599
9.85312
9.86195
9.87315
9.8691
9.85503
9.84597
9.85622
9.85098
9.84979
9.8691
9.84788
9.85217
9.84597
9.86505
9.86099
9.86218
9.85599
9.85003
9.84907
9.866
9.85789
9.84406
9.85909
9.86409
9.85503
9.87411
9.84883
9.8381
9.85789
9.85909
9.85479
9.86099
9.85312
9.84907
9.84693
9.85003
9.85813
9.85384
9.86099
9.85003
9.86409
9.85003
9.866
9.84907
9.86314
9.86004
9.86505
9.84621
9.84311
9.85217
9.88388
9.86195
9.86099
9.85098
9.86385
9.86195
9.85599
9.86314
9.85599
9.86695
9.86195
9.86385
9.87816
9.85289
9.84788
9.84597
9.84097
9.85885
9.87911
9.84907
9.84693
9.84502
9.85694
9.85098
9.84192
9.86814
9.84788
9.85718
9.86814
9.84812
9.85193
9.85789
9.85599
9.85909
9.86814
9.84192
9.86004
9.85909
9.84597
9.85909
9.87196
9.85909
9.85885
9.86385
9.87506
9.84907
9.85885
9.85718
9.87601
9.84502
9.85098
9.84097
9.87101
9.85289
9.85718
9.84097
9.86791
9.86004
9.87887
9.84097
9.84478
9.85312
9.86505
9.84788
9.86409
9.86314
9.85098
9.85408
9.85289
9.86814
9.84001
9.84287
9.84502
9.84693
9.85885
9.84597
9.85312
9.86099
9.85312
9.8381
9.87196
9.85193
9.85718
9.84502
9.84192
9.86695
9.86099
9.85384
9.866
9.84788
9.86004
9.866
9.85885
9.85408
9.85909
9.85289
9.87387
9.84693
9.84406
9.84216
9.86695
9.85909
9.85503
9.87005
9.85503
9.84383
9.866
9.84907
9.86195
9.85909
9.86314
9.85098
9.85193
9.8629
9.84406
9.84907
9.84812
9.866
9.84621
9.84216
9.86099
9.87196
9.87697
9.84406
9.85503
9.84788
9.85289
9.87601
9.85694
9.84693
9.84597
9.84907
9.84001
9.86099
9.84406
9.84693
9.86314
9.84001
9.84097
9.85599
9.85694
9.83286
9.84812
9.85312
9.84597
9.85312
9.84502
9.89604
9.85885
9.85503
9.88603
9.85599
9.85503
9.85193
9.85193
9.86218
9.84716
9.85312
9.87506
9.85718
9.87911
9.85384
9.85885
9.84192
9.85193
9.85003
9.86695
9.85289
9.84406
9.84693
9.86409
9.8629
9.85694
9.85599
9.85599
9.84907
9.85098
9.85503
9.85408
9.85098
9.85694
9.85408
9.85909
9.84883
9.84693
9.85599
9.85599
9.84001
9.86505
9.89008
9.84907
9.85122
9.84812
9.84406
9.83381
9.85098
9.83977
9.85503
9.85599
9.85909
9.84812
9.84406
9.85408
9.85122
9.85003
9.85312
9.86791
9.85193
9.84716
9.84693
9.87005
9.89795
9.87506
9.87101
9.85789
9.86195
9.85694
9.88102
9.85003
9.866
9.85003
9.87911
9.85789
9.85718
9.87101
9.88102
9.86195
9.85003
9.85193
9.84597
9.85098
9.85312
9.86004
9.86385
9.86195
9.84907
9.84693
9.84001
9.85003
9.84216
9.84406
9.84788
9.87411
9.85098
9.8629
9.84097
9.87077
9.86195
9.85909
9.8629
9.85289
9.84693
9.85503
9.86099
9.85503
9.86314
9.86481
9.85193
9.85098
9.84406
9.84287
9.85003
9.84812
9.8989
9.85384
9.86505
9.86099
9.86791
9.85384
9.84597
9.87196
9.84883
9.8629
9.86004
9.85622
9.85694
9.85503
9.85789
9.84192
9.85003
9.85694
9.85289
9.86004
9.87506
9.87601
9.85694
9.85098
9.86505
9.84788
9.84502
9.84502
9.85503
9.86099
9.84311
9.84883
9.84907
9.85503
9.87601
9.84502
9.85289
9.85193
9.85789
9.85885
9.85193
9.8629
9.85789
9.86004
9.87101
9.85909
9.87315
9.86099
9.83906
9.86004
9.84597
9.84597
9.86695
9.85694
9.84883
9.85813
9.866
9.85193
9.89199
9.85193
9.85384
9.87506
9.86004
9.84502
9.86218
9.8691
9.866
9.85503
9.84597
9.85694
9.8381
9.8598
9.85312
9.85813
9.85909
9.85789
9.84693
9.85098
9.84406
9.84406
9.86004
9.85289
9.86004
9.85885
9.84907
9.85885
9.84812
9.83906
9.86218
9.87315
9.86004
9.85003
9.85384
9.85599
9.85193
9.86791
9.86886
9.85503
9.86195
9.85622
9.85098
9.84406
9.85217
9.85909
9.85885
9.86004
9.84716
9.86505
9.88102
9.86195
9.85098
9.86314
9.85217
9.84788
9.84907
9.86409
9.85909
9.86195
9.84001
9.84812
9.84287
9.86409
9.85813
9.84097
9.86004
9.85217
9.9051
9.8691
9.86814
9.85789
9.85694
9.84597
9.835
9.85003
9.84693
9.8691
9.86505
9.87506
9.85885
9.85503
9.87697
9.87101
9.86195
9.85694
9.84287
9.87887
9.8629
9.84979
9.85599
9.85909
9.8629
9.87482
9.84192
9.87196
9.87506
9.86886
9.85312
9.85289
9.866
9.86004
9.85909
9.87482
9.85217
9.86195
9.85122
9.84693
9.84788
9.85384
9.86385
9.835
9.84502
9.86385
9.85408
9.85718
9.85599
9.85789
9.86099
9.89389
9.84788
9.87911
9.85479
9.85217
9.84597
9.84287
9.8629
9.85384
9.86814
9.87792
9.87101
9.85003
9.85098
9.84693
9.85312
9.8722
9.88293
9.85217
9.85503
9.85789
9.85503
9.85789
9.87291
9.84597
9.85479
9.85694
9.85694
9.85885
9.84406
9.86385
9.84406
9.85289
9.85289
9.83906
9.85193
9.85599
9.87005
9.85193
9.866
9.86218
9.87101
9.85503
9.85789
9.85694
9.85813
9.8691
9.85193
9.89389
9.83906
9.86695
9.85098
9.85599
9.85503
9.85479
9.85408
9.86314
9.8629
9.85384
9.85599
9.85193
9.85503
9.85694
9.90295
9.85694
9.84597
9.85289
9.83596
9.87101
9.85909
9.866
9.84907
9.8691
9.84716
9.86099
9.87601
9.84812
9.86195
9.8691
9.87315
9.84907
9.85503
9.84907
9.85718
9.85909
9.8629
9.85003
9.86505
9.84287
9.85217
9.85694
9.86218
9.87482
9.8722
9.85408
9.85909
9.87005
9.85408
9.86195
9.87697
9.84502
9.84812
9.85098
9.86481
9.85599
9.87792
9.86099
9.84693
9.86218
9.89604
9.85193
9.84097
9.84693
9.84001
9.84097
9.85503
9.85003
9.88102
9.8629
9.87387
9.85098
9.85122
9.87792
9.84883
9.86505
9.84979
9.86218
9.85384
9.85503
9.86314
9.87506
9.85098
9.86409
9.88197
9.8362
9.85003
9.86385
9.84383
9.85789
9.85312
9.85885
9.85885
9.85599
9.85003
9.85718
9.85289
9.86099
9.84001
9.84406
9.87411
9.88007
9.85479
9.86791
9.85289
9.85384
9.84907
9.85885
9.86099
9.84693
9.86481
9.86505
9.85098
9.85408
9.86099
9.84001
9.86004
9.85599
9.86099
9.86195
9.87816
9.85122
9.86791
9.85599
9.85098
9.86195
9.86385
9.86409
9.84788
9.85599
9.85193
9.85122
9.84716
9.84812
9.85789
9.85098
9.84097
9.87005
9.84812
9.88102
9.84597
9.84979
9.86195
9.85789
9.85885
9.86195
9.85813
9.85694
9.85813
9.85599
9.85599
9.87506
9.84812
9.86218
9.835
9.85003
9.87291
