2.18511
0.205994
0.197887
0.197887
0.197887
0.198841
0.198841
0.198841
0.197887
0.198841
0.197887
0.197887
0.198841
0.198841
0.198841
0.198841
0.197887
0.198841
0.197887
0.197887
0.197887
0.197887
0.198841
0.198841
0.19908
0.197887
0.197887
0.30899
0.19908
0.19908
0.19908
0.19908
0.197887
0.197887
0.197887
0.197887
0.197887
0.2141
0.19908
0.19908
0.198126
0.19908
0.197887
0.198841
0.198841
0.198841
0.19908
0.19908
0.19908
0.198126
0.198126
0.19908
0.19908
0.198841
0.198841
0.198841
0.272036
0.19908
0.19908
0.200033
0.200033
0.200033
0.19908
0.198841
0.200987
0.202179
0.200987
0.200987
0.19908
0.19908
0.198841
0.199795
0.19908
0.19908
0.200033
0.198841
0.200033
0.200033
0.200033
0.198841
0.212908
0.203848
0.198841
0.19908
0.200033
0.200987
0.200033
0.200033
0.200033
0.198841
0.198841
0.19908
0.19908
0.200033
0.199795
0.200033
0.200033
0.19908
0.198841
0.19908
0.19908
0.19908
0.198841
0.19908
0.200033
0.200033
0.199795
0.200033
0.200033
0.199795
0.200033
0.200033
0.200033
0.200033
0.200033
0.200987
0.200033
0.199795
0.200033
0.200033
0.201225
0.200033
0.200033
0.199795
0.200987
0.200033
0.200987
0.200033
0.201941
0.200987
0.201941
0.200987
0.20504
0.19908
0.205994
0.204086
0.200033
0.19908
0.198841
0.200033
0.200033
0.199795
0.200033
0.200033
0.199795
0.200033
0.19908
0.198841
0.200033
0.200033
0.200033
0.200033
0.200033
0.19908
0.200033
0.19908
0.200033
0.199795
0.200033
0.200033
0.199795
0.19908
0.200033
0.200033
0.200987
0.200033
0.200033
0.200033
0.19908
0.200033
0.200033
0.200033
0.200033
0.200033
0.200033
0.19908
0.200033
0.200033
0.200033
0.200987
0.200033
0.19908
0.200033
0.200033
0.200033
0.199795
0.200033
0.200033
0.201225
0.19908
0.200033
0.199795
0.200033
0.19908
0.199795
0.200033
0.19908
0.200033
0.200033
0.200987
0.200033
0.200033
0.200033
0.200033
0.199795
0.200033
0.200033
0.199795
0.200033
0.200987
0.200033
0.200033
0.200033
0.198841
0.20504
0.200033
0.200033
0.200033
0.200987
0.200033
0.19908
0.19908
0.199795
0.200033
0.200033
0.199795
0.200033
0.200033
0.200033
0.200033
0.200033
0.200033
0.200033
0.200033
0.199795
0.200033
0.200033
0.200033
0.200033
0.200033
0.19908
0.200033
0.200033
0.200033
0.198841
0.19908
0.200033
0.199795
0.200033
0.200033
0.199795
0.200033
0.200987
0.200033
0.200033
0.19908
0.200987
0.200987
0.202179
0.200987
0.20504
0.198841
0.200033
0.19908
0.199795
0.200033
0.200033
0.200033
0.198841
0.200033
0.200033
0.200033
0.200033
0.200033
0.19908
0.198841
0.19908
0.19908
0.200033
0.199795
0.19908
0.19908
0.19908
0.199795
0.19908
0.19908
0.19908
0.199795
0.200033
0.200033
0.200033
0.199795
0.200033
0.200033
0.199795
0.200033
0.200033
0.200033
0.198841
0.19908
0.19908
0.198841
0.199795
0.19908
0.19908
0.198841
0.200033
0.200033
0.200033
0.199795
0.200033
0.200033
0.200033
0.198841
0.19908
0.200987
0.199795
0.200033
0.19908
0.198841
0.201941
0.201225
0.201941
0.200987
0.19908
0.199795
0.200033
0.199795
0.200033
0.200033
0.200033
0.200033
0.200033
0.200033
0.200033
0.200033
0.198841
0.200033
0.200033
0.200033
0.200033
0.200033
0.200987
0.200033
0.200033
0.199795
0.200987
0.200033
0.200033
0.200033
0.200033
0.200987
0.200033
0.198841
0.200033
0.200033
0.201225
0.200033
0.200033
0.199795
0.200033
0.200987
0.200033
0.200033
0.199795
0.200033
0.200987
0.199795
0.19908
0.200033
0.200987
0.200033
0.200033
0.19908
0.200033
0.200033
0.200033
0.200033
0.19908
0.200033
0.200987
0.199795
0.200033
0.200033
0.201941
0.200987
0.201941
0.201225
0.20504
0.19908
0.200033
0.198841
0.19908
0.19908
0.200033
0.199795
0.200033
0.200033
0.199795
0.200033
0.200033
0.199795
0.19908
0.19908
0.200033
0.200987
0.200033
0.200033
0.200033
0.200033
0.200033
0.199795
0.19908
0.200033
0.199795
0.200033
0.200033
0.200033
0.200033
0.200033
0.200033
0.198841
0.19908
0.19908
0.200033
0.200033
0.19908
0.200033
0.199795
0.200033
0.200033
0.199795
0.19908
0.19908
0.200033
0.200033
0.200033
0.200033
0.200033
0.200033
0.200033
0.199795
0.200033
0.200987
0.200033
0.200987
0.200033
0.200033
0.200987
0.199795
0.200987
0.200987
0.200033
0.200033
0.199795
0.200033
0.200033
0.198841
0.198841
0.19908
0.20504
0.200033
0.200033
0.200033
0.198841
0.200033
0.200033
0.200033
0.199795
0.19908
0.200033
0.199795
0.19908
0.19908
0.199795
0.200033
0.200033
0.200033
0.199795
0.200033
0.200033
0.19908
0.200033
0.200033
0.200033
0.198841
0.19908
0.19908
0.19908
0.200033
0.200033
0.200033
0.200033
0.19908
0.200033
0.200033
0.198841
0.19908
0.200033
0.199795
0.19908
0.19908
0.200033
0.199795
0.200033
0.19908
0.19908
0.199795
0.200033
0.200033
0.19908
0.198841
0.199795
0.198841
0.200033
0.19908
0.200033
0.198841
0.198841
0.200033
0.19908
0.19908
0.19908
0.19908
0.200033
0.198841
0.198841
0.200033
0.200033
0.19908
0.19908
0.198841
0.198841
0.198841
0.200033
0.19908
0.200033
0.19908
0.19908
0.200033
0.198841
0.198841
0.200033
0.200033
0.19908
0.200033
0.198841
0.198841
0.19908
0.200033
0.19908
0.19908
0.19908
0.200033
0.198841
0.198841
0.200033
0.19908
0.19908
0.19908
0.19908
0.19908
0.19908
0.19908
0.200033
0.198841
0.198841
0.19908
0.202894
0.19908
0.19908
0.19908
0.19908
0.19908
0.19908
0.200033
0.200987
0.200033
0.201941
0.200987
0.19908
0.200033
0.198841
0.200033
0.19908
0.19908
0.200033
0.19908
0.200033
0.199795
0.198841
0.200033
0.19908
0.200033
0.200033
0.198841
0.198841
0.200033
0.200033
0.19908
0.200033
0.198841
0.200033
0.200033
0.19908
0.19908
0.200033
0.19908
0.199795
0.200033
0.19908
0.19908
0.200033
0.200033
0.198841
0.200033
0.19908
0.200033
0.19908
0.200033
0.198841
0.199795
0.19908
0.200033
0.19908
0.19908
0.200033
0.198841
0.200033
0.19908
0.19908
0.200033
0.200987
0.200033
0.200033
0.19908
0.19908
0.200033
0.198841
0.19908
0.200987
0.200033
0.200987
0.200987
0.200033
0.198841
0.198841
0.198841
0.200033
0.19908
0.19908
0.200033
0.19908
0.19908
0.198841
0.198841
0.198841
0.200033
0.19908
0.19908
0.200033
0.19908
0.199795
0.198841
0.198841
0.200033
0.19908
0.200033
0.19908
0.200033
0.198841
0.198841
0.200033
0.19908
0.200033
0.19908
0.19908
0.199795
0.198841
0.200033
0.19908
0.200033
0.19908
0.19908
0.198841
0.198841
0.198841
0.200033
0.19908
0.200033
0.19908
0.19908
0.200987
0.200033
0.19908
0.19908
0.198841
0.200033
0.19908
0.200033
0.19908
0.200033
0.199795
0.19908
0.19908
0.200033
0.19908
0.200033
0.200033
0.200033
0.19908
0.19908
0.200033
0.198841
0.198841
0.200033
0.19908
0.200033
0.200033
0.19908
0.198841
0.199795
0.200033
0.19908
0.200033
0.19908
0.200033
0.200033
0.200033
0.19908
0.200033
0.198841
0.198841
0.199795
0.19908
0.19908
0.200033
0.200987
0.198841
0.200033
0.19908
0.200033
0.19908
0.19908
0.200033
0.198841
0.200033
0.19908
0.200033
0.19908
0.200033
0.198841
0.199795
0.19908
0.19908
0.200033
0.200987
0.200033
0.19908
0.19908
0.19908
0.200033
0.198841
0.198841
0.199795
0.19908
0.200033
0.200033
0.200033
0.200987
0.200987
0.201941
0.199795
0.198841
0.19908
0.200033
0.19908
0.19908
0.19908
0.19908
0.200033
0.200033
0.19908
0.19908
0.19908
0.19908
0.198841
0.200033
0.19908
0.19908
0.19908
0.200033
0.19908
0.19908
0.199795
0.198841
0.200033
0.19908
0.200033
0.19908
0.19908
0.198841
0.200033
0.19908
0.19908
0.19908
0.19908
0.200033
0.19908
0.198841
0.198841
0.198841
0.202894
0.198841
0.198841
0.198841
0.200033
0.19908
0.19908
0.19908
0.19908
0.198841
0.199795
0.19908
0.19908
0.19908
0.200033
0.19908
0.198841
0.198841
0.199795
0.200033
0.200987
0.200987
0.200987
0.200987
0.200033
0.200033
0.199795
0.19908
0.200033
0.200033
0.199795
0.200033
0.19908
0.200033
0.199795
0.200033
0.200033
0.19908
0.200033
0.200033
0.200033
0.19908
0.200033
0.200033
0.200033
0.200033
0.200033
0.200033
0.200033
0.200033
0.200033
0.19908
0.198841
0.200033
0.200033
0.200033
0.200033
0.198841
0.200033
0.200033
0.200033
0.199795
0.198841
0.19908
0.200033
0.19908
0.200033
0.200033
0.200987
0.19908
0.200033
0.198841
0.200033
0.19908
0.200033
0.200033
0.198841
0.199795
0.200987
0.200987
0.198841
0.200033
0.19908
0.200033
0.200987
0.200987
0.200987
0.200987
0.200033
0.19908
0.19908
0.200033
0.19908
0.200033
0.19908
0.19908
0.200033
0.19908
0.199795
0.198841
0.200033
0.19908
0.19908
0.200033
0.19908
0.198841
0.199795
0.200033
0.200033
0.200033
0.198841
0.198841
0.200033
0.200033
0.19908
0.19908
0.19908
0.199795
0.198841
0.200033
0.19908
0.19908
0.200033
0.200033
0.200033
0.19908
0.200033
0.200033
0.200987
0.19908
0.19908
0.200033
0.198841
0.200033
0.19908
0.200033
0.200033
0.19908
0.199795
0.19908
0.19908
0.19908
0.200033
0.19908
0.200033
0.198841
0.199795
0.19908
0.200987
0.200033
0.200987
0.200987
0.198841
0.199795
0.198841
0.19908
0.19908
0.19908
0.19908
0.200033
0.198841
0.198841
0.19908
0.200033
0.19908
0.19908
0.19908
0.200033
0.199795
0.198841
0.19908
0.200033
0.200033
0.198841
0.200033
0.19908
0.19908
0.19908
0.19908
0.19908
0.200033
0.19908
0.199795
0.200033
0.19908
0.19908
0.19908
0.199795
