25.0881
25.46
23.9921
24.9691
24.442
25.6312
25.3639
24.6432
25.043
25.466
25.058
24.7762
24.6301
24.924
24.471
25.9659
24.3402
24.9591
24.754
25.8019
24.3061
24.5638
23.891
24.4348
24.2331
24.7831
24.7171
25.9562
24.7722
24.7431
25.599
24.246
24.3418
25.4211
24.5612
25.527
24.533
24.9619
24.231
24.6232
24.3921
24.122
24.4699
25.3961
24.5469
24.735
24.5559
24.318
23.953
25.3439
25.218
24.878
24.9929
25.1038
24.344
23.8001
25.331
24.1549
24.5938
24.745
24.7972
24.8208
25.233
24.5018
24.8861
25.717
24.785
24.2212
24.0419
25.1501
24.9481
24.9178
24.3261
24.5981
25.0289
24.7359
23.983
24.5421
24.744
24.9121
25.6479
25.032
24.5841
24.586
25.367
24.6501
24.8959
24.9701
24.724
24.92
24.626
24.7021
24.802
25.8119
24.5399
24.672
24.7521
24.9741
25.1539
24.6949
24.606
24.1911
24.658
24.8141
25.305
24.8148
25.2211
24.1051
24.0381
25.0189
24.317
25.4459
24.8282
24.4911
24.559
24.5259
24.4861
23.968
25.8372
25.074
24.02
24.976
24.4961
24.1809
24.3092
24.781
24.9481
25.2302
24.4062
24.93
23.4449
24.704
25.1532
24.5919
25.3491
24.0061
23.8111
24.6179
24.8859
24.529
24.642
25.219
25.3141
24.74
24.7431
24.5118
24.677
25.66
24.1389
25.4481
25.697
25.4951
24.5979
23.4051
24.421
24.2491
24.8241
24.6758
25.1479
25.0919
25.192
24.4951
24.7941
23.386
24.282
25.445
24.75
24.8709
25.5451
24.7281
25.8
25.3
25.3539
24.9691
25.8708
25.0371
25.6848
24.9009
25.279
24.771
24.724
24.7459
25.393
23.8919
24.631
25.46
24.9071
25.4109
24.4949
25.229
25.3029
25.5661
24.519
24.9839
25.0819
24.58
23.9811
24.37
24.7669
24.8139
25.3479
24.0772
26.2299
24.6689
25.027
25.2831
25.346
25.202
24.4789
24.739
24.734
25.7459
25.579
23.756
24.873
24.271
24.5569
24.672
24.3981
24.9641
25.3339
24.328
24.559
24.6601
24.425
24.8029
25.501
24.528
25.0101
25.645
25.2349
24.7111
25.208
25.666
24.579
24.9908
24.6489
24.9739
24.7669
25.203
24.7929
23.325
25.3348
25.79
24.195
25.0669
24.436
24.7118
24.9689
25.26
25.368
24.8439
24.466
25.079
24.8129
25.1589
24.6079
24.437
24.7262
25.0669
23.5929
24.0018
24.2701
24.7819
23.9439
24.4949
25.0459
24.549
25.2299
25.856
25.6181
24.539
24.6031
25.239
24.0219
24.7612
25.2368
24.1818
25.0649
24.729
25.456
25.636
24.05
24.2131
25.0671
24.364
24.4172
25.1
24.297
25.2271
24.5559
25.5432
25.203
23.994
24.4949
25.1322
24.9951
24.106
24.8308
25.208
24.493
24.9109
25.2409
24.7319
24.4329
24.163
24.507
25.4688
23.767
25.0149
25.8839
24.8649
25.255
24.997
24.466
25.1789
25.0869
24.9732
24.7409
24.3709
24.8311
24.4451
24.2641
25.151
24.3731
25.007
24.5681
24.8902
24.061
24.6239
25.3558
25.6541
25.007
24.5991
24.3871
24.632
24.7359
24.956
25.022
25.4879
25.594
24.056
25.187
25.3329
24.718
24.502
25.079
24.3311
24.785
25.0049
25.439
25.0411
25.414
24.6949
25.105
24.8871
25.3339
24.8239
26.2389
25.6131
25.239
24.8399
24.6611
24.4958
24.6811
25.1911
24.8451
24.3502
25.537
25.1942
23.967
25.1091
25.1579
24.7471
23.6919
25.5461
24.1899
24.6489
24.2841
24.5979
24.8299
24.5161
24.261
25.8989
25.3239
24.735
24.451
24.986
25.677
24.2281
25.027
24.087
24.739
24.539
24.1702
24.9641
23.7432
24.492
25.708
24.6489
25.3658
24.3928
25.2321
25.084
24.8489
24.575
24.255
25.387
25.1489
24.3311
24.905
25.2819
24.3361
24.0879
25.9089
23.771
25.146
24.9109
23.7899
24.3089
24.3659
24.7719
25.3901
24.981
24.9588
25.4121
25.125
25.4979
24.353
24.0579
24.9169
24.0381
24.2281
24.857
24.2891
24.3139
25.2349
24.7459
24.1039
25.1281
24.9221
23.514
24.5841
26.294
24.9479
24.9772
24.4379
24.3251
24.5371
24.282
24.2162
24.4532
24.673
24.941
24.7321
24.683
24.5869
25.131
23.958
25.7502
25.507
23.8211
25.106
24.7841
24.3642
25.3742
24.3061
25.388
24.128
25.593
23.689
24.8811
25.0871
24.533
24.0531
23.952
24.9398
23.627
24.9891
24.5931
25.135
24.4279
25.2738
25.0211
25.7118
25.9261
24.843
23.67
24.7819
25.0199
25.0421
25.0618
24.456
24.4741
24.153
24.4229
24.9441
25.809
25.049
25.3899
