8.45909
7.87401
7.86781
7.87187
7.88093
7.86304
7.864
7.86185
7.87306
7.8721
7.87997
7.87377
7.87115
7.86209
7.87187
7.87592
7.87711
7.86519
7.8721
7.86996
7.8702
7.86304
7.88093
7.87187
7.87807
7.87401
7.86901
7.87497
7.864
7.87282
7.87401
7.87902
7.86495
7.8721
7.88307
7.87497
7.87497
7.85613
7.86901
7.86304
7.87115
7.85804
7.86686
7.87282
7.8752
7.87091
7.87711
7.87306
7.86901
7.85899
7.86591
7.87187
7.864
7.8671
7.86901
7.88903
7.87902
7.88093
7.8609
7.86996
7.87997
7.86591
7.87687
7.87807
7.86805
7.87187
7.87711
7.87687
7.86996
7.88188
7.88593
7.88999
7.88498
7.87497
7.85708
7.86614
7.87711
7.87091
7.86901
7.87616
7.86996
7.88808
7.85995
7.86686
7.86996
7.86996
7.85494
7.87115
7.8752
7.88188
7.864
7.86996
7.87807
7.88212
7.85899
7.87997
7.87306
7.87902
7.87497
7.86614
7.87401
7.87115
7.86901
7.87497
7.86686
7.86901
7.86901
7.87592
7.87282
7.86781
7.8671
7.86614
7.8671
7.86901
7.85899
7.86209
7.86805
7.87091
7.8721
7.88307
7.87497
7.8578
7.87902
7.86304
7.8702
7.864
7.85995
7.87401
7.86591
7.88093
7.87306
7.86614
7.87592
7.88713
7.87187
7.8671
7.87497
7.87687
7.87115
7.864
7.88116
7.87711
7.87306
7.87807
7.8721
7.87187
7.87497
7.86686
7.87687
7.8752
7.86304
7.86901
7.86304
7.87616
7.87497
7.87807
7.87401
7.87401
7.86781
7.87306
7.87091
7.86805
7.88593
7.86209
7.87997
7.87807
7.8671
7.87711
7.87401
7.86805
7.87902
7.87401
7.88093
7.87902
7.87401
7.86304
7.86591
7.87807
7.88498
7.88999
7.88116
7.87592
7.87306
7.87711
7.86591
7.87997
7.88403
7.87902
7.87401
7.87401
7.87592
7.86805
7.88093
7.864
7.87282
7.86901
7.87187
7.86996
7.8671
7.87497
7.87687
7.86781
7.86996
7.8609
7.87282
7.86996
7.86614
7.87711
7.86901
7.86901
7.86614
7.8671
7.86495
7.8752
7.86805
7.87115
7.87306
7.86495
7.86805
7.87115
7.87902
7.85899
7.86996
7.86805
7.87592
7.87902
7.8702
7.88713
7.87401
7.88498
7.86901
7.86304
7.87997
7.8721
7.86901
7.86686
7.86996
7.88713
7.87401
7.8721
7.8752
7.86805
7.87091
7.87401
7.88116
7.87497
7.88116
7.86614
7.86686
7.87091
7.87497
7.88498
7.87592
7.864
7.86996
7.89595
7.87807
7.87616
7.87187
7.864
7.86614
7.86805
7.88307
7.87783
7.87592
7.8671
7.86901
7.87187
7.8721
7.87687
7.87711
7.87187
7.86686
7.86519
7.87497
7.88498
7.87997
7.86996
7.87711
7.88212
7.8721
7.88879
7.86304
7.87306
7.87711
7.87401
7.86495
7.86686
7.86996
7.8671
7.86519
7.87306
7.8671
7.88188
7.8721
7.86591
7.87401
7.86996
7.86018
7.87306
7.86614
7.88116
7.87687
7.86495
7.86901
7.86495
7.86805
7.87091
7.87401
7.85589
7.88403
7.88093
7.86901
7.87091
7.86877
7.86901
7.86686
7.87306
7.86185
7.87807
7.86901
7.86901
7.87282
7.86996
7.86686
7.864
7.87306
7.87306
7.85804
7.86805
7.88689
7.87902
7.8702
7.8721
7.88021
7.8671
7.85995
7.87592
7.86805
7.86209
7.87902
7.87687
7.87282
7.87997
7.87091
7.88307
7.87783
7.85995
7.87902
7.86996
7.87687
7.87091
7.86805
7.8671
7.88403
7.87306
7.86614
7.87115
7.87997
7.87401
7.87401
7.87902
7.87306
7.87187
7.87807
7.86901
7.87377
7.88093
7.85804
7.87902
7.87807
7.88808
7.86185
7.87997
7.86591
7.86304
7.87401
7.87306
7.87902
7.8721
7.87616
7.87282
7.87902
7.88188
7.87401
7.88689
7.87401
7.86805
7.90095
7.86996
7.87401
7.87592
7.86996
7.85398
7.86185
7.86495
7.87807
7.88593
7.87878
7.8702
7.88403
7.87401
7.88379
7.86996
7.864
7.864
7.87902
7.86781
7.87997
7.87401
7.86805
7.86018
7.8609
7.88188
7.86996
7.87306
7.86805
7.87902
7.86519
7.87902
7.86901
7.87306
7.87306
7.85899
7.85804
7.8752
7.86805
7.87187
7.864
7.86614
7.87902
7.88307
7.88093
7.87997
7.87187
7.86901
7.87187
7.88617
7.88283
7.86805
7.86281
7.87997
7.86304
7.88593
7.86805
7.86209
7.88093
7.87091
7.864
7.87091
7.87997
7.86996
7.86805
7.86901
7.87497
7.86614
7.8671
7.87187
7.88307
7.87807
7.87497
7.86901
7.88212
7.88212
7.8609
7.87497
7.864
7.87091
7.86114
7.88093
7.864
7.88593
7.86591
7.8671
7.864
7.87687
7.86901
7.86281
7.88093
7.86591
7.86996
7.87783
7.87902
7.88403
7.87711
7.88593
7.88593
7.88808
7.8671
7.86805
7.87616
7.86805
7.88307
7.86805
7.86996
7.87401
7.87497
7.87187
7.87592
7.88212
