31.9099
31.532
32.0599
31.637
31.3859
31.7528
31.2581
31.076
31.3358
30.7591
30.818
30.5951
31.0688
30.6821
30.791
30.906
30.8151
31.2521
31.0421
30.9839
30.7279
30.973
30.767
30.947
31.0161
31.3511
30.9088
31.3699
30.93
30.8361
30.9849
30.7791
30.9582
30.7121
30.7879
30.7181
30.8001
30.946
31.0788
31.74
30.6492
31.0161
30.9601
31.1081
31.018
31.023
30.9651
30.993
31.1081
30.8001
30.9169
31.0462
30.884
30.9069
30.8831
30.8609
31.023
30.843
30.5529
30.8869
30.8769
31.1038
31.2641
30.6559
30.7169
30.8509
31.116
30.5982
30.6571
30.9811
30.9081
31.137
30.9381
30.637
31.234
30.792
31.358
30.8449
31.179
30.91
30.6149
30.839
30.3578
30.8881
31.199
30.7069
30.798
30.7121
30.8509
31.126
31.0891
30.9098
31.1711
30.91
30.8208
31.148
30.571
30.9169
30.8869
30.8909
31.564
30.7341
31.0848
30.973
30.8168
30.93
31.215
30.941
30.483
30.5412
30.8859
30.9069
30.6759
31.1649
30.9849
31.106
31.1
31.544
31.6331
30.9682
30.755
31.0059
31.1339
31.3518
31.2171
31.157
31.0152
31.224
31.0409
30.7951
30.766
31.1589
30.9691
30.776
31.0781
30.803
30.7059
30.993
31.034
30.8149
30.874
31.3692
30.7829
30.911
30.8211
30.7889
30.586
30.6621
30.6401
30.8921
31.467
31.287
30.827
31.0681
30.787
30.6659
30.714
31.1341
30.8599
31.0919
30.7019
30.8309
31.121
30.5929
31.1959
30.76
31.2309
31.2221
30.6761
30.9122
30.6141
30.8871
30.5831
31.23
30.757
30.8609
31.0941
31.0571
30.9541
30.6129
30.9861
30.863
31.189
31.1861
30.745
30.53
31.1491
31.028
31.09
30.9279
30.6771
30.843
30.8802
30.767
31.193
30.864
31.023
31.3909
31.5719
30.905
30.9861
30.7679
30.8721
30.8881
30.8568
30.8321
30.808
31.0268
30.6261
30.9682
31.002
31.2512
30.632
31.0111
31.8968
30.9391
30.683
30.9851
30.709
31.0869
31.045
31.0349
30.556
30.7279
31.0609
30.529
31.1761
31.1899
30.9291
31.2278
30.5281
30.8151
30.8142
30.8571
31.256
30.714
30.8721
31.1759
30.9129
31.1708
31.0569
30.6699
31.1401
30.8011
30.6861
30.8831
30.7279
30.838
30.7059
30.623
31.3299
31.22
30.7901
31.0891
31.9262
30.813
30.8409
31.2049
31.004
30.6871
31.1491
30.8192
30.925
31.1761
30.7348
31.3561
30.5951
30.812
30.6799
30.8392
30.8981
30.6971
31.0152
30.7431
30.8111
30.8712
31.354
31.0609
31.0791
30.8909
30.972
30.55
31.204
31.044
30.4348
30.5629
30.839
30.9908
31.5399
31.0059
31.0678
30.7779
30.741
30.9241
30.4961
30.7841
30.7701
31.112
31.2982
31.049
31.1549
31.157
30.8712
30.8321
30.9689
30.931
30.9939
31.0149
30.6389
30.6902
30.9119
31.0681
30.812
30.75
31.045
30.746
30.8061
31.069
31.1811
30.695
31.0061
30.8201
31.25
30.973
31.0428
31.239
30.9691
30.895
30.911
30.6599
31.0781
31.08
30.941
31.0268
30.695
31.069
30.6308
30.72
31.0302
31.2219
31.492
31.0061
30.8561
30.7891
30.9641
31.018
30.8712
31.116
31.1561
30.8681
30.9181
31.0302
31.0681
30.75
30.699
31.116
31.055
31.5509
31.1038
30.9329
30.946
30.8809
31.1699
31.1029
31.1129
31.008
30.6461
30.9441
31.04
30.7751
30.9579
30.9639
31.0009
30.6039
30.9961
31.1561
31.2002
30.9131
31.0249
30.8449
30.9799
30.5839
31.2879
31.0299
30.8371
30.8418
31.1079
30.864
31.2288
30.632
30.894
31.296
30.88
31.1849
30.884
30.9989
31.3299
30.936
31.255
31.0829
31.167
30.757
30.807
30.8402
30.725
30.7729
30.9029
30.5889
31.0628
30.69
30.941
30.807
30.9141
31.1701
31.0221
31.3342
30.9401
30.8099
30.6029
31.2631
31.1482
31.266
30.69
31.2049
31.0709
31.1079
30.8111
31.157
31.1029
30.7651
30.767
30.6101
30.6771
30.966
31.7378
31.215
31.05
30.622
30.9889
31.209
30.7159
30.761
31.044
31.05
31.1689
30.9389
30.663
30.8921
30.8762
30.6871
30.673
31.1029
30.7488
30.858
30.858
31.1661
31.1141
31.0321
30.6401
31.3051
30.946
31.251
30.983
30.6511
31.0891
30.7059
30.8089
30.8988
30.443
30.7479
30.8979
30.9229
30.786
31.2781
30.853
30.823
30.7641
30.8411
31.0462
31.1339
30.8731
30.8759
30.879
31.0121
30.658
30.9341
30.828
31.039
30.6292
31.0371
31.1592
30.9181
30.9379
31.1599
30.7109
30.7751
30.8371
31.2719
30.561
30.9782
30.7941
30.894
31.239
30.8368
31.1899
30.6022
31.1489
30.416
31.0278
31.1351
30.6511
31.146
30.73
30.9
30.6342
30.6599
31.0209
30.642
31.41
31.11
30.9749
30.704
31.8511
30.8678
30.6759
31.2879
30.761
31.0941
30.9591
31.0321
30.8371
30.7229
31.2338
30.756
30.8611
31.2061
31.0581
30.637
30.797
31.4879
30.8149
30.5328
30.565
30.57
30.9021
30.7209
31.177
31.389
31.148
30.7052
31.244
31.4751
30.7832
30.9031
30.8261
30.688
30.7391
30.767
31.1379
30.8568
30.798
30.688
30.797
30.4971
30.4232
31.1921
31.1432
30.6871
31.0049
30.844
30.9949
30.895
31.3189
31.2059
30.772
30.9339
31.0042
30.587
30.9241
30.6821
31.5111
30.977
30.7541
30.9241
30.921
30.967
31.076
30.8321
31.1961
30.9751
30.771
30.7322
31.0421
31.286
30.9968
30.5219
30.7651
30.9391
31.0891
31.2319
31.0318
30.6671
30.555
30.694
30.8359
30.7171
31.3981
30.6079
31.1151
30.8411
30.8061
30.5791
30.8728
31.3301
31.2681
30.926
30.8602
31.2021
31.1041
31.131
30.8969
31.1489
31.096
30.7901
30.8568
31.1189
31.234
30.643
30.9889
30.972
30.8831
30.9629
31.4801
31.147
31.0268
30.6659
31.3339
30.926
31.4291
31.147
30.724
30.9711
30.7341
31.337
30.725
31.2068
31.2378
31.1139
30.8299
30.8979
30.9291
30.925
31.415
31.0051
30.895
30.776
31.0891
30.8321
30.6668
30.803
30.76
30.956
30.6602
30.736
30.8099
30.6549
30.539
31.1439
31.064
31.158
30.4699
30.782
30.709
30.5839
30.69
31.2319
30.8912
30.817
31.44
31.0218
31.101
31.2188
31.3151
30.992
31.2829
30.9248
30.4551
30.9
31.1439
30.8518
31.2099
30.8721
30.8082
30.7701
31.148
30.8709
31.2281
31.121
31.091
31.2619
31.0922
31.5681
30.7829
31.327
31.003
30.901
31.0569
30.9989
30.7879
30.9591
31.0621
30.7751
30.5629
30.762
31.1701
30.7631
31.0812
30.936
30.6048
31.1639
30.6029
30.163
31.096
30.54
30.714
30.699
31.0981
31.0872
31.101
31.0452
30.951
31.4481
30.5099
31.0991
31.162
30.4601
30.947
31.2159
31.1968
30.7989
31.0071
31.085
30.673
31.1279
30.6699
30.9238
30.7839
30.555
30.7009
30.7751
31.0321
31.07
30.539
30.7519
31.0919
31.0199
30.829
30.8721
30.6511
30.802
31.2588
31.1949
31.085
31.0102
30.6151
31.0891
30.8161
30.931
31.287
31.1019
30.822
30.9918
30.6289
31.1821
30.678
31.323
30.5741
30.5669
30.458
31.1029
30.7269
30.5619
30.843
30.58
30.6082
30.494
30.973
30.6602
30.5572
30.9932
31.4319
30.5431
30.555
30.8459
31.054
30.7801
30.9331
31.256
31.0071
30.8781
30.5841
30.925
31.059
30.8599
31.44
31.152
30.6821
31.158
30.7479
30.8261
31.1961
31.1089
30.8089
31.0271
30.8249
30.6919
30.9889
30.8249
30.561
31.333
31.1761
30.9541
30.684
30.9119
31.3258
31.076
31.265
30.9138
30.632
31.111
31.111
30.5452
31.101
30.997
30.865
30.7732
31.146
31.0299
30.8201
30.895
30.9658
31.0709
31.081
30.735
31.1229
30.5841
30.6821
30.736
30.901
30.7651
30.514
30.8399
30.7689
31.157
30.8599
31.0459
30.75
30.709
31.41
31.008
30.7832
31.2791
30.5991
30.899
30.612
30.8661
31.023
30.982
30.89
30.7589
31.2159
30.905
30.7491
30.9558
31.266
30.6401
31.054
30.839
30.7009
30.9141
30.8621
30.787
31.713
31.0478
30.793
31.1391
30.884
31.414
30.8459
30.591
31.0919
31.3771
31.0819
31.3311
31.136
30.843
31.3821
31.105
31.4839
31.091
31.1539
31.038
30.9341
30.9141
31.3148
31.0991
31.2381
30.782
30.9188
30.916
30.6449
30.7798
30.829
31.1999
30.7219
31.0762
31.0781
30.7491
31.2371
30.7658
30.8089
30.725
31.0121
30.4542
31.183
30.7939
30.869
30.74
31.0619
30.648
30.6211
30.7808
30.664
30.9398
30.5979
30.834
31.0011
30.7391
30.6928
31.0631
30.9601
31.173
30.7851
30.947
30.617
30.8352
30.602
30.828
30.642
31.1649
30.7839
30.6072
31.4341
31.1341
31.126
30.8778
30.967
30.8921
30.7901
30.5018
30.5979
31.0869
31.0838
31.002
30.8669
30.91
31.0018
30.7939
30.726
31.0569
30.8459
31.3098
30.946
30.8111
30.992
31.0512
30.6921
31.539
30.916
30.8142
30.874
30.6551
31.0171
31.3091
30.9072
30.422
30.8831
30.956
31.0192
30.659
31.213
31.244
30.7128
31.4429
30.772
30.658
31.04
30.7651
31.117
30.7281
