46.006
40.6899
40.6349
40.6361
39.87
39.968
39.7148
39.7949
39.3429
39.9692
39.4552
39.5911
39.7799
39.6788
39.7151
39.896
39.5751
39.711
39.804
39.7768
39.499
39.407
39.6371
39.3691
39.5832
39.695
39.2332
39.7379
39.314
39.3291
39.314
39.3941
39.51
39.731
39.5288
39.3169
39.701
39.6528
39.4881
39.6149
40.1032
39.645
39.3169
39.917
39.5179
39.808
39.4671
39.5339
40.024
39.638
39.51
39.5081
39.6738
39.3651
39.629
39.52
39.712
39.9432
39.696
39.8202
39.6991
39.664
39.5081
39.638
39.2818
39.8209
39.782
39.5892
39.361
39.598
39.8309
39.6841
39.768
39.396
39.6149
39.34
39.319
39.2179
39.3221
39.592
39.618
39.5632
39.5379
39.1948
39.866
39.6199
39.608
39.917
39.1722
39.9151
39.4309
39.4979
39.2859
39.566
39.772
39.475
39.6099
39.506
39.752
39.2201
39.465
39.6519
39.3651
39.6051
39.623
39.3629
39.469
39.809
39.221
39.561
39.7611
39.5281
39.6671
39.8982
39.4909
39.4139
39.6869
39.417
39.5288
40.2069
39.5601
39.6252
39.5231
39.398
39.4349
39.351
39.3369
39.6259
40.2079
39.299
39.5529
39.3479
39.83
39.4869
39.855
39.501
39.4831
39.649
39.439
39.3429
39.9079
39.309
39.521
39.5989
39.3701
39.556
39.427
39.1881
39.839
39.547
39.5081
39.4831
39.3932
39.4061
39.4869
39.4731
39.8259
39.8731
39.5532
39.6969
39.3112
39.6569
39.201
39.3031
39.3081
39.7398
39.7069
39.3898
39.463
39.5861
39.5498
39.6769
39.2129
39.618
39.85
39.459
39.474
39.6681
39.305
39.489
39.573
39.1989
39.547
39.4318
39.676
39.5119
39.5658
39.463
39.428
39.7201
39.3221
39.5021
39.428
39.5849
39.4061
39.1822
39.7379
39.2749
40.1459
39.885
39.341
39.551
39.5432
39.711
39.31
39.773
39.3722
39.341
39.8428
39.8149
39.5958
39.6979
39.465
39.521
39.6979
39.4211
39.587
39.562
39.5689
39.675
39.644
39.712
39.2671
39.4502
39.391
39.6059
40.0019
39.634
39.4959
39.813
39.464
39.4931
39.7239
39.443
39.669
39.4909
39.4671
39.3491
39.5269
39.6361
39.706
39.7899
39.5892
39.5081
39.6478
39.35
39.3832
39.418
39.2001
39.5701
39.6202
39.778
39.366
39.5
39.7
40.072
39.5749
39.5579
39.2389
39.6421
39.8209
39.5648
39.3429
39.763
39.768
39.5732
39.5401
39.2931
39.8209
40.0801
39.501
40.045
39.71
39.2709
39.674
39.69
39.259
39.855
39.928
39.67
39.9561
39.3901
39.7198
39.6829
39.912
39.5579
39.768
39.7701
39.757
39.789
39.8581
39.845
39.8669
39.515
39.7711
39.6171
39.4492
39.4621
39.53
39.9089
39.422
39.6209
39.6841
39.7799
39.6302
39.561
39.69
39.2659
39.5379
39.5019
39.602
39.3391
39.6099
39.7408
39.8319
39.659
39.4421
39.3412
39.2189
39.5761
39.696
39.4869
39.521
39.618
39.6829
39.5639
39.886
39.4661
39.3481
39.5641
39.2699
39.4299
39.624
39.6311
39.5379
39.5079
39.4819
39.819
39.722
39.871
39.752
39.737
39.649
39.7601
39.618
39.2969
39.983
39.49
39.5579
39.6302
39.1741
39.68
39.531
39.9191
39.345
39.5439
39.4619
39.479
39.3541
39.803
40.113
39.5629
39.669
39.537
39.7081
39.5582
39.6731
39.5851
39.839
39.499
39.268
39.9661
39.8331
39.731
39.5858
39.448
40.0071
39.506
40.041
39.484
39.552
39.7568
39.253
39.3991
39.8641
39.921
39.5789
40.061
39.6891
39.325
39.4661
39.813
39.655
39.408
39.695
39.3109
39.7642
39.506
39.53
39.7801
39.439
39.6709
39.578
39.8121
39.9668
39.887
39.705
39.4189
39.4859
40.1921
39.494
39.4492
39.6769
39.372
39.681
39.3801
39.49
39.326
39.7339
39.242
39.691
39.5999
39.6888
39.3839
39.1419
39.789
39.6771
39.649
39.6042
39.7
39.6762
39.7689
39.3019
39.4258
39.5279
39.7151
39.36
39.5012
39.643
39.927
39.5899
39.1178
39.3689
39.6609
39.3419
39.552
39.1719
39.7029
39.362
39.448
39.52
39.854
39.974
39.7
39.4559
39.417
39.217
39.325
39.7201
39.232
40.0589
39.526
39.5391
39.964
39.443
40.0941
39.9179
39.9339
39.6841
39.3329
39.3689
39.5041
39.659
39.3882
40.0071
39.7911
39.6218
39.6399
39.6221
39.5639
39.53
39.454
39.3882
39.47
39.5191
39.6519
39.4001
39.6531
39.726
39.556
39.7241
39.7191
39.4061
39.4661
39.475
39.3598
39.6049
39.515
39.8829
39.5789
39.8121
39.7129
39.5191
39.1788
39.449
39.5491
39.6531
39.603
39.6671
39.3651
39.3291
39.799
39.9151
39.7601
39.84
39.3829
39.341
39.3419
39.593
39.5381
39.598
39.324
39.5219
39.6729
39.566
39.3469
39.5839
39.5522
39.582
39.6111
39.5372
39.943
39.588
39.573
39.4299
39.4249
39.556
39.2289
39.4659
39.211
39.48
39.108
39.2489
39.9401
39.6509
39.386
39.4979
39.4769
39.324
39.6991
39.427
39.824
39.2799
39.7742
39.9702
39.9709
39.4709
39.691
39.362
40.2021
39.685
39.434
39.6211
39.8219
39.489
39.3441
39.6581
39.7031
39.747
39.439
39.7892
39.6051
39.5319
39.85
39.746
39.5219
39.283
39.6149
39.5629
39.4561
40.0808
39.438
39.4111
39.2931
39.3159
39.712
39.5069
39.4089
39.696
39.6399
39.583
39.5839
39.319
39.5761
39.6681
39.5882
39.3231
39.1121
39.8271
39.4449
39.4809
39.3291
39.5019
39.638
39.4881
39.598
39.8471
39.5541
39.788
39.5658
39.654
39.6152
39.5861
39.6678
39.789
39.5441
39.9251
39.783
39.7439
40.1149
39.835
39.2001
39.835
39.51
39.6891
39.4368
39.3469
39.5098
39.66
39.422
39.6271
39.3021
39.7928
39.398
39.6659
39.5331
39.372
39.8979
39.8278
39.6399
39.567
39.2299
39.6919
39.784
39.6571
39.3779
40.174
39.6879
39.474
39.866
39.4349
39.3741
39.963
39.6471
39.628
39.5091
39.7148
39.7809
39.588
39.4781
39.747
39.4559
39.613
39.7968
39.428
39.5582
39.762
39.5012
39.5041
39.711
39.681
39.5799
39.335
39.475
39.7849
39.2668
40.014
39.7501
39.8161
39.6709
39.871
39.5381
39.4661
39.294
39.3159
39.639
39.7971
39.71
39.6941
39.567
39.613
39.552
39.8991
39.4421
39.9668
39.8979
39.3538
39.52
39.5691
39.299
39.9299
39.412
39.638
39.3181
39.3858
39.4299
39.4309
39.6669
39.3229
39.5689
39.8719
39.9561
39.5708
39.5451
39.5041
39.7222
39.4781
39.6161
39.6972
39.7432
39.4781
39.844
39.546
39.772
39.3929
39.4809
39.701
39.516
39.2549
39.7191
39.5181
39.4561
39.525
39.7029
39.561
39.371
39.6059
39.7661
39.7391
39.221
39.7072
39.505
39.4461
39.6721
39.8941
39.634
39.5968
39.407
39.8228
39.798
39.7301
39.7248
39.4659
39.7799
39.6259
39.398
39.325
39.5119
39.268
39.4831
39.664
40.2949
39.6192
40.0381
39.7351
39.427
39.48
39.7432
39.377
39.5329
39.645
39.5951
39.4292
39.9301
39.7861
39.844
39.8209
39.8271
39.458
39.808
39.659
39.5188
39.187
39.485
39.475
39.5489
39.4619
39.608
39.5911
39.6731
39.65
39.613
39.5951
39.794
39.3491
39.412
39.398
39.7322
39.7711
39.644
39.32
39.546
39.7151
39.495
39.396
39.3879
39.5
39.4211
39.881
39.752
39.9022
39.721
39.541
39.495
39.721
39.2659
39.7608
39.444
39.4511
39.484
39.5818
39.6221
39.5911
39.6891
39.3639
39.6819
39.3982
39.4912
39.4139
39.8829
39.7649
39.29
39.649
39.259
39.408
39.7801
39.911
39.5889
39.49
39.6681
39.465
39.448
39.4962
39.403
39.3169
39.5279
39.7279
39.794
39.9482
39.7761
39.681
39.4361
39.557
39.3639
39.737
39.2911
39.4371
39.4979
39.86
39.5651
39.4661
39.6359
39.4299
39.134
39.284
39.6719
39.505
39.7561
39.3481
39.6199
39.593
39.6039
39.5141
39.7079
39.396
39.5701
39.5508
39.866
39.5648
39.5949
39.8939
39.5041
39.8121
39.274
39.675
39.289
39.4819
39.4311
39.257
39.767
39.2931
39.7758
39.746
39.5401
39.9621
39.7439
39.3388
39.5279
39.516
39.628
39.227
39.4111
39.5091
39.5529
39.675
39.7239
39.5482
39.7351
39.6011
39.675
39.7589
39.526
39.5131
39.536
39.7849
39.8862
39.927
39.5169
39.8219
39.8579
39.6872
39.2771
39.5432
39.6891
39.47
39.8171
39.8149
39.3388
39.567
39.561
39.4499
39.331
39.3362
39.3529
39.3651
39.366
39.598
39.793
39.624
39.644
39.412
39.619
39.459
39.4621
39.819
39.489
39.4351
39.614
39.4859
39.525
39.3031
39.824
39.5989
39.531
39.4142
39.6161
39.4709
39.6259
39.602
39.5269
39.8629
39.16
39.454
39.835
39.819
39.53
39.274
39.573
39.387
39.676
39.721
39.5789
39.5231
39.4499
39.676
39.2768
39.789
39.537
39.4371
39.5441
39.7391
39.5551
39.68
39.777
39.732
39.5939
39.9518
39.6709
39.2618
39.1319
39.4681
39.8531
39.5989
39.469
39.6461
39.1629
39.566
39.5989
39.309
39.7332
