4.49491
4.40812
4.41098
4.41003
4.41408
4.41098
4.43983
4.40502
4.42314
4.41289
4.40192
4.42004
4.41599
4.40907
4.42481
4.426
4.40884
4.44913
4.421
4.39405
4.40097
4.43697
4.40884
4.43006
4.40097
4.43697
4.40693
4.40907
4.40598
4.43387
4.41504
4.42505
4.44913
4.41194
4.41694
4.39906
4.41599
4.41909
4.39692
4.40192
4.41194
4.39906
4.4229
4.41599
4.41289
4.39501
4.40812
4.41408
4.41408
4.40812
4.4241
4.42386
4.41098
4.41003
4.40407
4.43816
4.40001
4.40693
4.41313
4.40598
4.43077
4.4291
4.41003
4.40001
4.44889
4.40621
4.4241
4.41909
4.44293
4.41003
4.40884
4.426
4.40812
4.41718
4.44818
4.42004
4.40788
4.41408
4.40288
4.44388
4.41694
4.40407
4.42505
4.40288
4.40097
4.421
4.426
4.41003
4.40407
4.42004
4.39787
4.41408
4.41599
4.41599
4.40621
4.41504
4.41003
4.40383
4.40502
4.41504
4.40001
4.40693
4.421
4.42004
4.4291
4.40717
4.40001
4.43196
4.40884
4.41504
4.40693
4.40288
4.41003
4.41194
4.39382
4.40407
4.41909
4.42386
4.41098
4.42004
4.41599
4.41194
4.40979
4.41313
4.41909
4.42481
4.41098
4.40001
4.426
4.40598
4.41694
4.42719
4.40717
4.421
4.41098
4.44007
4.41408
4.40907
4.41098
4.42386
4.41504
4.39191
4.41694
4.40598
4.40812
4.41194
4.40288
4.40311
4.41098
4.40383
4.39191
4.4291
4.40502
4.41718
4.41313
4.42004
4.41599
4.41098
4.41694
4.40788
4.426
4.40884
4.40598
4.40907
4.40478
4.40001
4.42004
4.41813
4.40383
4.41098
4.421
4.41289
4.40407
4.40121
4.41098
4.3931
4.4148
4.43506
4.40693
4.4229
4.39906
4.42505
4.40788
4.41813
4.39715
4.41599
4.42719
4.41504
4.41694
4.41384
4.42004
4.40288
4.41408
4.43006
4.40001
4.4179
4.42195
4.39715
4.41504
4.41599
4.41289
4.4241
4.44317
4.41194
4.39811
4.4229
4.41408
4.41885
4.40311
4.40717
4.41408
4.39286
4.39
4.40502
4.41694
4.42791
4.40598
4.43482
4.41313
4.43482
4.41599
4.41909
4.38905
4.41694
4.40788
4.42004
4.40598
4.41694
4.41408
4.41408
4.40502
4.41909
4.41003
4.41194
4.42195
4.43506
4.40407
4.41813
4.41504
4.40693
4.4179
4.41217
4.41003
4.40598
4.40383
4.40598
4.39596
4.41408
4.41313
4.40288
4.43101
4.41003
4.426
4.41694
4.41003
4.41098
4.4229
4.40001
4.40812
4.40693
4.421
4.40311
4.426
4.41599
4.41313
4.41909
4.41813
4.42195
4.41885
4.41504
4.41003
4.41718
4.41504
4.42195
4.41599
4.41504
4.40884
4.41194
4.40598
4.41909
4.4148
4.40097
4.43292
4.41003
4.40383
4.40216
4.40288
4.41599
4.40311
4.41504
4.43387
4.40407
4.40693
4.421
4.42505
4.40407
4.40884
4.41694
4.40502
4.40907
4.40097
4.44388
4.40407
4.43387
4.40812
4.40788
4.41003
4.40884
4.41313
4.40097
4.40502
4.40097
4.41599
4.39787
4.41909
4.39405
4.41098
4.40001
4.41504
4.4291
4.40097
4.4241
4.426
4.45604
4.43697
4.40598
4.41003
4.39095
4.41003
4.41289
4.41098
4.41694
4.41289
4.426
4.40001
4.41384
4.41599
4.40502
4.41408
4.40001
4.40097
4.40598
4.41885
4.4179
4.40216
4.40693
4.40001
4.40812
4.41098
4.41003
4.4241
4.40907
4.41098
4.41194
4.42386
4.41194
4.41408
4.40192
4.40979
4.41313
4.41718
4.41003
4.40502
4.40693
4.41694
4.41504
4.41098
4.39906
4.39692
4.42004
4.421
4.40812
4.4148
4.42004
4.41813
4.40502
4.39596
4.38404
4.41885
4.41408
4.42815
4.42195
4.41885
4.4241
4.41194
4.42386
4.4241
4.42004
4.40812
4.40717
4.40311
4.40311
4.40192
4.421
4.38595
4.40216
4.4198
4.41003
4.41694
4.40598
4.40884
4.41813
4.40383
4.41194
4.40812
4.41408
4.40788
4.41313
4.4179
4.40502
4.41098
4.3931
4.40097
4.40598
4.41313
4.41694
4.41599
4.41289
4.42195
4.41504
4.41504
4.40979
4.39906
4.40192
4.40502
4.41504
4.40502
4.41289
4.40407
4.40311
4.40192
4.40502
4.40001
4.40598
4.41098
4.41408
4.41909
4.40407
4.44293
4.40288
4.40001
4.421
4.43292
4.41504
4.40001
4.40311
4.42195
4.40598
4.43697
4.40311
4.41194
4.40598
4.41504
4.41694
4.40693
4.40311
4.42815
4.40693
4.40288
4.42195
4.40502
4.42004
4.39501
4.40907
4.41003
4.42696
4.41384
4.41813
4.40097
4.40001
4.41289
4.43101
4.40407
4.40407
4.40001
4.40311
4.4179
4.41098
4.42791
4.40812
4.40693
4.40192
4.41098
4.41003
4.40502
4.40621
4.40598
4.43196
4.41289
4.40788
4.41599
4.40192
4.40788
4.40001
4.41694
4.40693
4.40598
4.40979
4.42505
4.41408
