4.74787
4.69804
4.67992
4.68206
4.68993
4.69208
4.673
4.68302
4.67992
4.68302
4.67896
4.67896
4.67706
4.68087
4.67801
4.68802
4.67801
4.69613
4.67086
4.673
4.68588
4.673
4.68802
4.68016
4.67205
4.67587
4.67205
4.66895
4.67801
4.69398
4.66609
4.67086
4.66704
4.67896
4.67491
4.68111
4.67896
4.66704
4.67396
4.68111
4.66514
4.67396
4.67801
4.69089
4.68302
4.67491
4.67801
4.68087
4.66108
4.673
4.68707
4.67396
4.67682
4.68302
4.668
4.68397
4.67181
4.67014
4.66394
4.69184
4.66299
4.66204
4.66704
4.68898
4.68302
4.67896
4.67992
4.68707
4.67587
4.66895
4.67896
4.68588
4.68111
4.66919
4.66609
4.66204
4.70018
4.67014
4.67587
4.68993
4.6699
4.66895
4.66394
4.68206
4.6699
4.65894
4.69804
4.67086
4.69112
4.67706
4.67491
4.69017
4.6761
4.68493
4.68898
4.7009
4.68206
4.66609
4.66299
4.67491
4.67992
4.67801
4.67587
4.67992
4.68397
4.68016
4.69708
4.69995
4.69589
4.66704
4.68588
4.68802
4.67896
4.69303
4.68779
4.66514
4.67515
4.673
4.68516
4.66585
4.6711
4.68183
4.6742
4.68707
4.68493
4.68016
4.67896
4.6711
4.68898
4.69303
4.69089
4.66704
4.66299
4.668
4.68302
4.67896
4.68707
4.68206
4.67992
4.673
4.67682
4.66704
4.673
4.68612
4.66394
4.68707
4.69398
4.67014
4.67801
4.68111
4.67896
4.67682
4.68302
4.66895
4.6649
4.6711
4.66084
4.67491
4.69613
4.67515
4.68087
4.68016
4.6792
4.67515
4.673
4.66895
4.70901
4.69589
4.68302
4.68206
4.68898
4.66299
4.68898
4.67491
4.67014
4.67491
4.68302
4.68206
4.6711
4.69589
4.6699
4.67801
4.71711
4.68302
4.67396
4.65012
4.69494
4.67205
4.69303
4.668
4.67587
4.67205
4.68302
4.6742
4.68111
4.67801
4.67014
4.68802
4.65798
4.68397
4.7009
4.66895
4.69184
4.6711
4.67515
4.673
4.66609
4.65584
4.69112
4.68802
4.66919
4.69017
4.66919
4.69804
4.68493
4.68397
4.67801
4.67515
4.69112
4.68206
4.68588
4.67706
4.68397
4.66895
4.70304
4.6649
4.67491
4.67396
4.67801
4.67706
4.66108
4.6742
4.67801
4.67205
4.668
4.67706
4.6649
4.66609
4.66919
4.6761
4.68493
4.67896
4.69208
4.66704
4.7009
4.66609
4.67992
4.66394
4.68183
4.67706
4.6761
4.67014
4.68087
4.67706
4.67396
4.66895
4.67491
4.6742
4.66704
4.67491
4.67205
4.69089
4.68302
4.68183
4.68683
4.67992
4.69112
4.6699
4.68993
4.6742
4.69494
4.69398
4.67014
4.69184
4.67491
4.67396
4.6761
4.68707
4.66418
4.69112
4.67896
4.68278
4.66895
4.67515
4.68683
4.70209
4.67801
4.68278
4.65894
4.68707
4.70114
4.66895
4.6761
4.67086
4.67801
4.67706
4.68397
4.69804
4.65989
4.68802
4.67491
4.67801
4.67205
4.65608
4.67896
4.673
4.68707
4.67992
4.68588
4.68111
4.66394
4.67706
4.68898
4.68516
4.66394
4.67396
4.67396
4.668
4.66895
4.68087
4.67896
4.67706
4.673
4.66299
4.66585
4.668
4.68397
4.67801
4.68397
4.67801
4.66609
4.67801
4.6699
4.673
4.69398
4.68779
4.67014
4.66108
4.67587
4.68612
4.69518
4.66514
4.6699
4.67491
4.6649
4.67396
4.67992
4.68016
4.67706
4.67706
4.67682
4.67706
4.66514
4.68802
4.68206
4.6792
4.6711
4.67706
4.704
4.6761
4.66609
4.69804
4.68707
4.6649
4.68588
4.68206
4.67992
4.6711
4.66108
4.68111
4.68278
4.68302
4.67706
4.67587
4.67896
4.68397
4.668
4.6711
4.6699
4.67086
4.69518
4.67706
4.6761
4.69494
4.68493
4.66704
4.68683
4.67515
4.67706
4.68087
4.68397
4.673
4.67587
4.67515
4.68302
4.67706
4.68087
4.6761
4.68302
4.69208
4.67801
4.68302
4.67205
4.67706
4.6699
4.67706
4.69398
4.67801
4.68707
4.67706
4.66609
4.70591
4.69017
4.67205
4.67587
4.68421
4.66585
4.6792
4.67515
4.67587
4.67086
4.68016
4.68707
4.68493
4.6761
4.67277
4.68302
4.69518
4.68898
4.69804
4.66299
4.6761
4.69303
4.65798
4.68707
4.67491
4.67396
4.673
4.68206
4.67491
4.68493
4.68206
4.67181
4.67801
4.68993
4.67396
4.68302
4.67682
4.69398
4.67205
4.67491
4.67896
4.68206
4.66895
4.6761
4.68278
4.668
4.68111
4.68898
4.67491
4.67491
4.67896
4.68612
4.67515
4.66895
4.68802
4.6792
4.67014
4.68397
4.6742
4.69279
4.70805
4.68397
4.67896
4.68493
4.66895
4.668
4.69899
4.68302
4.68516
4.67181
4.66394
4.66704
4.67491
4.668
4.68183
4.673
4.69398
4.6711
4.69398
4.67205
4.68087
4.6711
4.67205
4.66919
4.69089
4.65798
4.66585
4.68898
4.65918
